-0.373748 -0.077902 -0.725415 0.204888 -0.235289 0.265995 -0.741104 0.399103 0.649656 0.097542
-0.391948 -0.005650 -1.017703 -0.219389 0.708842 -0.038531 -0.565770 0.485361 0.207420 -0.557919
0.511023 -0.141381 -1.067744 -0.445249 0.585471 -0.251820 -0.795682 -0.035812 -0.183543 -0.908202
-0.146268 -0.155601 -1.089997 -0.707783 0.917554 0.380505 -0.231192 0.350564 0.438905 -1.069812
-1.137072 -0.605911 -0.745228 -0.211969 -0.168562 -0.868080 -0.775619 -0.387669 0.210827 -0.838462
-0.696148 0.134680 -0.465143 -0.065184 0.867176 -0.439898 0.535604 0.113215 -0.245919 -0.637713
-0.205270 -0.146349 -1.180161 -1.171623 0.936995 -0.558495 -0.125767 0.256806 0.042571 -0.645499
0.037396 -0.081940 -1.519719 -0.561290 0.273815 0.320882 -0.472937 0.149290 1.351220 -0.211346
-0.439615 -0.597741 -0.055643 -1.201708 0.245661 -1.041506 -0.745746 -0.053281 0.365484 0.052667
-0.999400 -0.603079 -1.202600 -0.581872 -0.146493 -0.284321 0.172486 -0.882312 0.521106 -0.501343
-0.908405 -0.001988 -0.433643 -1.102074 0.473883 -0.247667 -0.259830 -0.114398 0.258815 -0.479208
0.196344 -0.732661 -1.275340 -0.835948 -0.119775 0.081445 -0.438037 -0.098793 -0.224032 -1.111258
-0.736803 -0.366999 -1.179166 -1.223017 0.870860 -0.204094 -0.094588 0.070389 0.051540 -0.294466
-0.289627 -0.362891 -1.461395 -0.648694 0.628148 0.150670 -0.640929 0.638575 0.708132 -0.331696
0.608494 -1.080488 -1.875857 0.035736 -0.041857 -0.562949 -0.425636 -0.154357 0.180169 -0.824117
0.043436 -0.863311 -0.795654 0.500402 -0.037854 -0.170915 -0.044752 0.700180 -0.006112 0.060874
-0.213006 0.363933 -2.086737 -0.678150 0.141913 -0.138598 -0.927941 0.232102 0.659703 -0.443483
-0.610132 -1.142495 -0.879892 -0.418860 0.575631 0.442283 -0.117295 0.527448 -0.496349 -0.441019
0.595581 -0.930918 -1.421055 -0.434350 -0.012668 0.109038 -0.342920 -0.095780 0.569380 -0.080354
0.561379 -0.785765 -1.253696 0.017545 0.222281 -0.808641 0.125380 -0.567957 -0.251543 -0.572527
-0.393646 -0.760191 -1.398485 -0.123105 0.581119 -0.864007 0.305101 0.372547 0.298776 -0.510060
0.344982 -0.389582 -1.504691 -0.627439 0.334096 -0.760944 -0.308243 -0.721934 0.495773 -0.386071
-0.077135 -0.128549 -0.745040 -0.213761 0.148925 -0.927879 0.253368 -0.294306 -0.276101 -0.498031
-0.067583 -0.170300 -0.719831 0.231509 0.027488 -0.272318 -0.325403 -0.853427 -0.525367 -0.542731
-0.457298 -0.402021 -1.221802 -0.434565 0.482756 -0.199639 -0.316833 -0.374348 -0.338320 -1.037061
-0.226998 -0.562539 -1.130504 -0.982634 -0.131453 -0.257617 -0.280681 0.889502 1.096149 0.015924
0.016860 -0.636598 -1.273533 -0.617343 -0.250401 -0.288916 -0.007165 -0.564586 0.373038 -1.002212
-0.046518 -0.507090 -0.522306 -0.146319 0.505588 -0.142295 -0.495354 -0.572612 0.660910 -1.148021
-0.050879 -0.528337 -0.795874 -0.133023 0.182708 -0.009642 -0.149091 0.190651 -0.136918 -0.251163
0.028556 -0.885687 -1.184037 -0.425381 -0.056120 0.365425 -0.160947 -0.599158 0.319422 -0.714736
-0.211895 -0.433524 -1.264527 -0.924802 0.389242 -0.178783 -0.254878 0.165799 0.392831 -0.440225
0.266284 -0.998804 -1.559777 0.157971 -0.205351 -0.393030 0.124835 -0.522013 0.000684 -1.311811
-0.752540 -0.846899 -1.189065 -0.241418 -0.430253 -0.667817 -0.449287 -0.149876 0.597850 -0.238720
-0.872840 0.162975 -1.107815 -1.209816 0.779296 -0.579968 -0.128341 -0.127422 0.292483 -0.236907
-0.164065 0.477210 -1.561931 -0.715481 0.023149 -0.224171 -0.347200 0.274347 0.262145 -0.515005
-0.237395 -0.480975 -0.897366 0.167562 -0.333796 -0.284909 0.295241 0.483565 0.758956 -0.714669
0.327670 -0.508282 -1.238984 0.312273 0.306373 0.140163 -0.819477 -0.348191 -0.118849 -0.258177
-0.281118 -0.881716 -1.104039 -0.485478 0.235206 -0.234824 0.187514 0.239541 -0.299459 -0.345850
-0.255733 -0.460932 -0.277878 -0.173223 0.699561 0.185954 0.042756 -0.699140 -0.626235 -0.415495
-0.880382 -0.409586 -1.005556 -1.265885 0.985419 -0.099486 -0.271818 0.082793 0.629180 -0.804985
0.233441 -0.632517 -0.993402 -0.401112 0.416021 -0.573334 -0.630424 -0.553813 0.002555 -0.452727
-0.004787 -0.151682 -1.181965 -0.273054 0.450723 0.456143 -0.654536 1.047970 0.885746 -0.079860
0.575239 -0.724190 -0.992349 -0.113157 0.415771 -0.927179 0.251860 -1.312959 -0.070200 -0.413278
0.219114 -0.237768 -0.753032 -0.414747 -0.567436 -0.682693 0.179033 0.134579 0.062799 -0.682480
-0.346826 -0.654608 -1.322732 -1.054708 -0.154095 0.046351 -0.150647 0.161746 0.432092 -0.534995
0.437089 -0.774849 -1.138517 -0.433985 0.622698 0.210519 -0.012339 -0.535995 -0.467505 -0.484405
-0.310784 -0.911093 -0.164972 0.227883 0.252804 -0.592454 0.092396 0.326661 0.150088 -0.692474
-0.051636 -0.937764 -0.442472 0.694013 0.701402 -0.264946 -0.268440 -0.609815 0.161387 -0.749380
0.167353 0.206375 -0.513601 -0.772384 0.701428 0.641758 -0.588735 -0.889502 0.313558 0.002690
-0.132694 -0.762383 -0.356315 -0.965926 1.099762 0.008823 0.048331 -0.676650 0.063460 -0.420017
-0.464070 -1.886155 -0.998529 -0.045775 -0.298905 -0.581728 0.029940 -0.250736 0.333532 -0.854640
-0.726646 -1.062606 -0.449206 -0.471250 0.714120 -0.259351 -0.067491 1.265289 0.776146 -0.348754
-0.194839 -0.491069 -2.162030 -0.588215 0.054817 -0.187691 0.419333 0.110381 -0.351353 -0.730998
0.389587 -0.440704 -1.645215 0.080615 0.552656 -0.010300 -0.299702 -0.082186 -0.190345 -1.053440
0.006042 -0.985242 -1.268619 0.491562 0.071631 -0.116066 0.074456 0.611360 0.535612 -0.216965
-0.122344 -0.563270 -0.875327 -0.689616 0.215651 -0.884594 -0.188127 0.391738 0.676502 -0.017026
0.383750 0.179280 -1.371768 -0.284084 -0.108036 -0.065744 -0.603134 0.207123 0.231862 0.015893
0.467575 -0.580694 -1.936081 -0.444303 0.477794 -0.433227 -0.360956 -0.972289 0.673190 -1.004185
-0.740038 0.001371 -0.722701 -0.266516 0.387830 -0.624952 0.334518 -0.623698 -0.322588 -0.859798
-0.587025 -0.417811 -1.219671 -0.604668 0.881761 -0.093879 -0.135042 -0.247679 -0.480477 -0.306231
0.262367 -1.226116 -0.928119 -0.235432 0.381676 -0.925092 -0.278822 -0.056345 -0.420315 -0.485402
-0.040899 -0.657866 -0.950599 -0.151263 0.871112 -0.387193 -0.506887 -0.014694 0.028255 -0.928354
-0.093269 -0.000570 -1.436655 -0.834288 0.260462 -0.288377 -0.360195 0.347825 0.466962 -0.947472
0.470490 -1.121786 -0.988521 -0.353400 0.862238 -0.177365 -0.185928 -0.855112 0.262065 -0.711937
0.346113 -0.257298 -0.975407 -0.573348 0.191276 -0.459479 -0.603515 -0.510830 -0.063877 -0.620162
0.160806 -0.264396 -1.768641 -0.796359 -0.057652 -0.930492 -0.673148 0.600355 0.495190 -0.408146
0.404485 -0.498736 -1.021857 -0.541649 0.426255 -0.405722 -0.934988 0.944657 0.788112 -0.071454
0.208585 -0.773798 -1.013059 -0.455873 0.844638 0.740357 -0.244385 -0.152398 0.152370 -0.458222
-0.843131 -0.179365 -0.788691 -0.553285 0.525072 -0.089299 -0.364976 -0.426447 -0.124022 -1.056256
0.344059 -0.580167 -1.447570 -0.522490 1.105120 0.527212 -0.872085 0.375737 0.130828 -0.279079
-1.137072 -0.605911 -0.745228 -0.211969 -0.168562 -0.868080 -0.775619 -0.387669 0.210827 -0.838462
-0.118562 -0.522701 -0.663270 -0.737563 0.401864 0.501362 -0.810686 0.304704 -0.148115 -0.574426
0.048572 -1.153863 -0.466078 0.251955 1.054416 0.242232 -0.574171 -0.314942 -0.470262 0.034501
-0.302350 0.469872 -0.507956 -1.078389 -0.227859 -0.074898 -0.216445 -0.675963 -0.950907 -0.670521
-0.607364 -0.405944 0.017567 -0.288976 -0.031894 -0.506823 -0.009955 0.169665 -0.289303 -0.327480
0.368471 -0.845661 -1.192678 -0.732068 0.540189 0.239855 -0.989072 -0.514195 0.099589 -0.751580
0.139393 -0.173450 -1.767204 -0.477971 -0.198510 -0.044405 -0.802424 -0.519901 -0.317063 -0.830340
-0.352719 -0.580158 -1.305411 -0.896058 0.891066 -0.095119 -0.171456 0.214743 0.670407 -0.368585
-0.612488 0.160320 -1.152272 -0.763785 0.467336 0.117527 -0.167352 0.762046 0.872731 -0.581182
-0.196634 0.562873 -0.913605 -0.110810 0.641494 0.044858 -0.327453 1.072828 0.526269 -0.371589
-0.617096 -0.136148 -0.962271 -0.262928 0.455958 -0.185631 -0.283976 0.945823 0.481404 -0.911960
0.230652 -1.036724 -0.024166 -0.655183 0.591614 -0.294293 -0.731357 -0.204925 -0.620318 -0.769808
-0.600502 -0.001093 -0.540445 0.508883 -0.372807 0.312137 -0.957300 0.550174 0.289127 0.238444
-0.620036 -0.349122 -1.721547 -0.933695 0.384432 -0.448380 0.806479 0.234736 -0.402997 -1.040701
0.015312 -0.062345 -0.469613 -0.822345 0.332058 0.042231 -0.328476 -0.243798 -0.374402 -0.967479
-0.354633 0.263931 -1.394775 -0.252435 0.626594 0.018169 -0.365977 0.797684 0.107426 -0.625028
-0.371726 0.241780 -1.005251 -1.259247 0.999640 -0.090416 -0.208344 0.841880 0.115095 -0.184527
0.371645 -0.404870 -0.523414 0.033757 0.625481 -0.276184 -0.134836 0.081658 -0.245836 -0.223380
-0.569753 -0.362356 -1.208165 -0.435575 0.754340 0.196678 0.030732 1.141373 0.820211 -0.361233
-0.427223 0.464535 -1.356579 -0.817907 0.522095 -0.426489 -0.017611 0.604022 0.568266 -0.338072
0.278563 -0.629676 -1.103114 -0.125559 0.514080 -0.922940 -0.401516 0.529474 -0.187128 -0.606626
-0.227832 -0.640623 -2.211265 -0.875000 -0.046399 -0.360816 0.376368 0.122812 0.131918 -1.034204
-0.087944 0.214582 -1.542688 -0.773654 0.478768 0.565362 -0.578242 0.663952 0.661915 -0.547123
-0.011333 -0.822657 -0.295939 -0.013332 -0.236267 -0.561322 0.443879 0.006522 -0.397150 -0.027242
-0.515045 -0.772288 -1.222884 0.076899 0.570163 -0.681556 0.681049 0.303094 -0.343908 -0.852477
-1.063847 -0.714939 -0.615401 -1.179807 0.862470 -0.609066 0.098400 -0.169666 -0.736097 -0.256251
0.280127 -0.095939 -0.993848 0.271341 0.615481 0.069039 -0.354266 0.798708 0.242226 -0.279151
-0.284159 -0.076391 -1.106505 -0.979024 0.420044 -0.241418 -0.490196 0.160342 0.330263 -0.326988
-0.389480 -0.468245 -0.947348 -0.097096 0.179088 -0.318982 -0.449688 0.363032 0.528499 -0.268918
-0.016639 -0.289674 -0.827324 -0.991849 1.059973 -0.304033 -0.537672 0.729532 0.041809 -0.441028
0.354357 -0.872467 -1.323082 -0.319904 0.067037 -0.567096 -0.472068 -0.950857 0.358052 -0.517482
-0.083328 0.492412 -1.573842 -0.921533 0.503939 -0.003295 -0.010443 -0.024589 -0.068648 -0.286873
0.097365 0.174383 0.073890 0.164436 0.207242 -0.276367 -0.330003 -0.573102 0.762543 -0.310972
-0.432062 -0.752627 -0.653500 0.096972 -0.332536 -0.121416 0.333872 -0.296628 -0.156730 -0.864373
-0.415601 0.036875 -1.054006 0.007818 0.120366 0.011964 -0.045184 0.765328 -0.006910 -0.277254
-0.682142 -0.012948 -1.130863 -0.716320 0.327012 0.294503 0.448997 0.113720 -0.226117 -0.381418
-0.081500 0.019915 -0.365177 -0.142546 0.505397 -0.024098 0.165911 0.474552 0.228481 -0.062240
-0.112834 -0.367830 -1.442134 0.120298 -0.005162 0.148810 -0.793793 0.619180 0.089392 -0.465861
0.017003 -0.260871 -1.093892 -0.220378 0.487085 0.223139 -0.457031 0.490573 0.225687 -0.942684
0.105280 -0.634091 -0.835401 -0.137792 0.816348 -0.096953 -0.743481 0.765469 0.041396 -0.159922
-0.551634 0.367878 -0.986197 -0.203786 0.315047 0.097841 -0.020072 0.639709 -0.011694 -0.221262
-0.212538 -0.301231 -0.527216 -0.374554 0.301121 -0.746445 -0.071167 -0.101133 0.334694 -0.654149
-0.219570 -0.308160 -1.125391 -0.206681 0.322843 -0.483471 -0.096201 -0.163284 -0.158232 -0.329658
-0.347218 -0.621631 -0.741782 0.080358 0.116495 -1.189578 0.866807 -0.244383 -0.382731 -0.907693
0.502421 -0.168043 -1.051879 -0.857523 0.153756 -0.351138 -0.874516 -0.100274 0.522829 0.149122
1.149055 -0.289417 -1.755973 -0.245094 -0.052255 0.328134 -0.737397 0.460790 1.053123 0.352303
0.987817 -0.503781 -1.754621 -0.264449 0.116378 0.108605 -0.817393 0.033229 0.429552 -0.551608
0.697127 -0.186166 -1.694665 -0.394137 -0.051120 0.192602 -0.873156 0.420762 0.622424 0.034905
1.051397 -0.276105 -1.398976 -0.090103 -0.236003 0.544284 -0.480027 0.588156 0.286071 0.668946
0.936059 -0.066598 -1.444511 -0.392857 0.069492 0.395381 -1.070412 0.442756 0.895454 0.191136
1.094127 -0.485659 -1.604965 -0.501226 -0.300392 0.713488 -0.777155 0.382936 0.363540 0.247642
0.974127 -0.144549 -1.549215 -0.481840 -0.090713 0.414158 -0.835745 0.531637 0.652945 0.342833
0.908753 -0.135611 -1.622792 -0.360697 0.018399 0.207279 -0.810246 0.572219 0.851464 0.227103
0.677863 -0.576089 -1.185988 -0.335452 -0.733012 0.096485 -0.611344 -0.092789 -0.044998 0.141733
0.590908 -0.303869 -1.217259 -0.383556 -0.388064 -0.102526 -0.779489 -0.146140 0.066462 -0.308956
0.765788 -0.122002 -1.273390 -0.468339 -0.248780 0.051834 -0.638044 -0.431346 0.003314 0.407625
0.928560 -0.506636 -1.583618 -0.369745 -0.349080 0.347619 -0.577550 0.145922 0.316834 0.219449
0.734326 -0.615600 -1.516564 -0.614423 -0.441086 0.106539 -1.218216 -0.058464 0.397245 0.177752
0.394944 -0.247935 -0.948627 -0.559648 0.054336 0.248438 -0.776764 0.067206 0.302118 0.232831
1.136485 -0.401318 -1.409756 -0.265248 0.106116 0.280233 -1.167332 0.499597 0.672956 -0.040311
1.400705 -0.522420 -1.378580 0.119607 -0.267363 0.549963 -0.363964 0.073924 0.906842 0.323586
0.580550 -0.096947 -1.612268 -0.908904 -0.466475 0.363460 -0.789344 0.041263 0.089643 0.392198
0.868584 -0.332880 -1.305910 -0.320708 -0.263399 0.209764 -0.850862 0.358066 0.579492 0.044545
0.868441 -0.078425 -1.656526 -0.449246 -0.122803 0.216748 -0.903038 0.441840 0.756783 0.226742
1.069612 -0.303226 -1.403646 -0.387013 -0.121846 0.527418 -0.779318 0.518850 0.676152 0.257365
0.891062 -0.422585 -1.375431 -0.548388 -0.314668 0.264471 -1.120990 0.241599 0.524493 0.042297
0.789400 -0.198757 -1.395060 -0.499366 -0.245216 0.249768 -0.986262 0.363563 0.564940 0.007183
0.833539 -0.089868 -1.629113 -0.544012 -0.145025 0.391962 -0.835866 0.399127 0.565814 0.210520
0.940152 -0.249424 -1.412185 -0.450338 0.054319 0.322580 -0.663946 0.786607 0.842377 0.265766
1.099472 -0.465479 -1.450983 -0.318833 -0.223817 0.345551 -1.231076 0.041489 0.560096 -0.193995
0.948499 -0.355045 -1.526548 -0.038909 -0.312992 0.517737 -0.898073 0.305868 0.659483 0.245188
0.943882 -0.399760 -1.616073 -0.161055 -0.007311 0.543758 -0.626546 0.635620 1.012971 0.263317
1.258765 -0.288918 -1.371943 -0.074377 0.093177 0.374969 -0.951673 0.471416 1.120866 0.178102
0.387686 -1.259927 -1.485058 0.254322 -0.617259 -0.345552 -0.485864 -0.598053 0.063717 0.078026
0.941562 -0.139582 -1.404603 -0.337558 0.039008 0.281291 -0.947829 0.574326 0.858142 0.064871
