0.478595 -0.809868 -1.473454 0.368394 -0.220575 0.008008 -0.036206 -0.637382 0.695116 -1.297956
0.366521 -1.166606 -1.245665 0.193634 0.550178 -0.211418 -0.953709 0.044361 0.638935 -0.833183
-0.810327 -0.375806 -0.698089 -0.254822 -0.667765 -1.074658 0.369857 0.219002 0.094689 -0.740897
-0.815682 0.699560 -1.410120 -0.974980 0.965294 0.059632 -0.022641 0.571356 0.794797 -0.400089
0.161592 -1.096332 -0.184775 0.219847 0.046289 0.122142 -0.129382 -1.078032 -0.107729 -0.278599
0.659197 -0.717269 -0.782029 -0.662348 -0.675015 -0.876973 -0.561476 -0.266102 -0.430601 -0.839542
0.065908 -0.081244 -0.707929 -0.531913 0.247335 0.410644 -0.405590 0.479931 0.468463 -0.485522
0.156743 -0.315447 -0.924220 -0.530747 0.620963 -0.002476 -0.701029 0.157077 0.810858 -0.588006
-0.410526 -0.981671 -1.279302 0.103295 -0.379797 -0.490811 -0.427896 0.196899 0.761120 -1.036364
0.080257 0.240020 -1.625090 -0.561917 0.367136 -0.145335 -0.224145 0.783334 0.266978 -0.874024
0.008598 -0.453479 -0.932933 -0.233842 0.677984 -0.111486 0.255325 -0.160310 -0.548227 0.074833
-0.281855 -0.162718 -1.403755 -1.171816 0.309284 -0.065232 0.038585 -0.316997 -0.776726 -0.222126
-0.181738 -0.200144 -0.662460 -0.188188 -0.041329 -0.209796 0.161270 0.628306 0.650776 -0.597988
-0.366021 0.146191 -1.211937 0.048818 0.935649 -0.266872 -0.127553 -0.671568 -0.403905 -0.758549
-0.140101 -0.323206 -0.606186 -0.148463 -0.130699 -0.985503 0.720817 0.030331 0.108991 -0.330273
-0.153592 0.355021 -0.591079 -1.008530 0.523763 -0.073829 -0.619552 -0.611075 0.449297 0.139768
0.450097 -0.518001 -0.801573 -0.070996 0.436271 -0.902722 -0.358619 -0.034586 -0.569497 -1.062729
0.033689 -0.793737 -0.788794 -0.222368 0.921956 -0.317268 -0.251528 0.130945 -0.131732 -0.592380
-0.019727 -0.771824 -0.182581 0.475352 -0.260635 -0.117393 -0.614498 0.226995 0.361350 0.218704
-0.024131 -0.745486 0.212113 -0.524424 -0.195767 -1.077182 -0.696701 -0.517650 0.402892 -0.555789
0.053957 -0.523102 -1.103158 -0.423869 0.399751 -0.430158 -0.683184 0.259265 1.356025 -0.761546
-0.817760 -0.185298 -1.280823 -0.760902 0.644234 -0.200528 0.522026 -0.045771 -0.517083 -0.948344
0.803880 -1.229469 -1.356619 -0.092151 -0.064470 -0.947559 -0.334855 -0.038805 0.501556 -0.829399
0.103310 -0.404871 -0.608762 -0.258648 0.792459 -0.401103 -0.272990 -0.844361 -0.676125 -0.821341
-0.520094 -0.808606 -1.155480 -0.145315 0.312071 -0.348794 -0.411414 0.584327 -0.072661 -0.974473
0.465499 -0.969195 -1.202670 0.306982 -0.236260 -0.876578 0.198311 -0.195612 -0.090025 -0.728092
0.380936 -0.030119 -2.094091 -0.405986 0.251912 -0.250777 -0.081472 0.124699 -0.564316 -0.756487
-0.306839 -0.475554 0.761903 -0.250965 0.374177 -0.062627 -0.495303 -0.826004 -0.684929 -0.375978
0.268677 -0.394069 -0.529005 0.036080 0.754121 -0.464401 -0.452676 -0.999404 -0.548455 -0.715510
-0.640364 -0.470729 -0.689689 -0.013448 0.406407 0.148279 0.384368 0.392925 0.568844 -0.719500
0.115104 -0.216408 -1.284984 -0.720832 -0.101276 -0.193261 -0.393231 -0.026206 1.084481 0.004751
0.923841 -0.806059 -0.718374 -0.280076 0.197808 -0.747103 -0.743794 -1.148421 -0.350458 -0.793263
-0.116937 -1.352087 -1.141914 -0.397121 0.172881 -0.707430 -0.379804 -0.377615 0.426434 -0.677891
-0.221634 -0.466068 -0.797148 0.135546 0.330140 0.188716 -0.263407 0.173970 -0.086106 -0.525507
-0.200022 -1.018576 -1.302714 -0.266537 0.563176 0.115621 0.276050 -0.810999 0.614443 -0.711935
-0.437903 -1.144380 -1.521268 -0.309828 0.373871 0.180602 0.139947 -0.996035 0.704989 -0.842674
-0.103938 -0.420846 -1.038007 -1.255115 0.098424 0.391519 0.046845 -0.355932 0.765691 -0.732854
-0.949820 -0.361194 -1.096102 -0.757548 0.111075 0.119081 -0.380593 0.087771 0.153087 -0.031021
-0.112246 -0.485028 -0.595260 -0.641808 -0.430680 -0.692170 -0.450721 -0.053704 0.268105 -0.389486
-0.062219 -0.152063 -1.430435 -0.423528 0.290759 -0.208644 -0.419701 0.900543 -0.098275 -0.653332
-0.329589 -0.200235 -0.982689 -0.999291 -0.190602 0.169151 -0.342088 -0.165576 0.256112 -0.232161
0.215825 -1.194507 -1.446201 -0.095846 0.096466 -0.031346 0.254727 -0.273655 0.131488 -0.568338
0.303344 -0.309117 -1.428198 -0.625440 0.362734 0.060212 -0.672114 -0.758550 0.438862 -0.283883
-0.184023 -0.585181 -1.015279 -0.577082 -0.580881 0.803803 -0.152707 -0.493878 0.246872 -0.466934
-0.179728 -0.748309 -1.163476 -0.409611 -0.097030 0.226221 0.123400 -0.632757 1.001742 -0.570414
0.169702 -0.585292 -1.625283 -0.806295 0.340618 0.219572 -0.110823 -0.133908 0.595214 -0.419659
0.230683 -1.127479 -1.467591 -0.125894 0.699336 -0.460088 -0.096499 -0.214123 0.122057 -0.624048
-0.532442 -0.383463 -1.060545 -0.582619 0.079215 -0.162247 -0.038747 0.080592 0.821596 -0.595013
-0.743425 0.139727 -1.189236 -1.367063 0.711920 0.027624 0.043575 -0.297876 0.412205 -0.228985
-0.092406 -0.340987 -1.870569 -0.909628 -0.629032 -0.106795 0.040665 -0.624954 0.097045 -0.976224
-0.378082 -0.244697 -1.215588 -0.216873 -0.145109 -0.361033 -0.944007 0.362068 0.140817 -0.269823
0.368466 -0.817697 -0.719029 -0.373038 0.916922 -0.971907 0.206049 -0.752976 0.005575 -0.935371
0.125899 -0.928059 -1.641372 -0.088483 0.129727 -0.151235 0.077214 -0.278070 -0.003472 -0.774599
0.157414 -1.099946 -1.124085 -0.085566 0.760688 -0.161515 -0.050965 -0.359465 0.409927 -0.520363
-0.234729 -0.919494 -1.543468 -0.367974 0.083466 -0.174337 -0.376413 0.685177 0.397050 -0.818641
-0.161772 -0.119545 -1.601757 -0.883741 0.024253 0.048700 -0.421410 0.095932 0.826010 -0.565704
0.543695 -0.932608 -1.259432 -0.001482 0.177615 -0.814178 -0.059569 -0.096469 -0.001828 -0.608548
-0.227503 -0.582195 -1.545045 -0.770412 0.033535 0.476716 -0.453794 -0.709661 0.597139 -0.470424
-0.745731 -0.319520 -0.827912 -0.719388 0.837309 0.331486 -0.857093 -0.015359 0.241345 -0.290567
0.254053 -0.500140 -1.091886 -0.411335 0.414818 -0.253951 -0.467832 -0.687719 0.062064 -0.426657
-0.295529 -0.473388 -0.589389 -0.034416 0.827585 -0.490960 0.034797 -0.529255 -0.512853 -0.236517
-0.187393 0.270374 -0.801576 -0.640401 0.771839 -0.345034 -0.245275 0.363362 -0.073063 -0.609587
-0.723306 0.587137 -1.375560 -0.768701 1.012863 0.323647 0.172864 0.397307 0.669560 -0.701926
-0.015022 -0.855389 -0.775537 -0.523397 0.395791 -0.489126 -0.383946 0.838745 0.335666 -0.846409
-0.844947 -0.319994 -1.034694 -1.102700 0.210324 0.115221 -0.330822 0.404331 0.699768 -0.776003
0.126358 -1.229797 -0.805095 0.110035 -0.169279 -0.502825 -0.008989 0.098071 -0.020000 -0.632207
-0.813341 0.001356 -1.693170 -0.915181 0.284482 -0.254732 0.479870 -0.008041 0.015262 -0.606024
-0.423203 -0.383123 -1.140782 -0.750256 -0.046168 -0.218827 -0.452745 0.817497 0.465076 -0.872261
-0.143281 -0.763363 -0.998304 0.049079 0.474385 -0.322284 -0.300507 0.258141 0.615782 -0.273035
-0.383964 -0.170717 -1.444680 -0.753304 0.937632 -0.347805 -0.000408 0.641540 0.168247 -0.894070
-0.392639 -0.556409 -0.912539 0.098395 0.236794 -0.467493 0.734556 0.183750 -0.171707 -0.807009
-0.580975 -0.737403 -0.703655 0.153709 0.357106 -0.464886 -0.140014 0.179329 -0.195850 -0.386659
-0.197879 -1.039076 -0.241624 -0.572468 0.338478 0.536541 -0.429692 -1.099121 0.207789 -0.400564
-0.992766 -0.154247 -0.663016 -0.685063 0.505801 -0.840962 0.289356 -0.113631 -0.037388 -0.428373
0.104143 -0.168113 -0.111243 -0.047117 0.785943 -0.596460 -0.111958 -0.412698 -0.114680 0.363426
-0.249579 -0.827332 -0.336998 0.631649 0.638755 -0.220587 -0.266530 0.069258 -0.213506 -0.004952
-0.573108 -0.047766 -0.827044 -0.149840 -0.392650 -0.359437 -0.565988 0.342167 0.528851 -0.855106
-0.408121 -0.151080 -1.410654 -0.459472 -0.744995 0.225988 -1.277618 -0.381434 0.584071 -1.003920
-0.212654 0.478358 -1.483016 -0.815507 0.758907 -0.089275 -0.042361 0.726991 0.875113 -0.658351
0.223262 0.255716 -0.907626 -0.021373 0.735686 0.053304 0.216520 0.646058 0.451806 -0.590524
-0.461833 -0.716264 -0.916758 -0.037423 -0.175303 -0.123313 0.023044 0.089458 -0.182795 -0.815403
0.561013 -1.076810 -1.334859 0.138678 0.245002 -0.110535 0.025162 -0.420020 -0.317999 -0.430917
0.112357 -0.831814 -0.759171 -0.570710 0.891969 -0.044645 0.205797 -0.484174 0.087884 -0.577642
-0.241924 -0.935721 -0.434845 0.123753 0.551422 0.070782 -0.107064 -0.481260 -0.007232 -0.653447
0.235073 -1.022378 0.051200 -0.227846 0.293355 0.211189 -0.210627 -0.280494 0.429346 0.026513
-0.149666 0.331388 -0.455832 -0.247001 0.901098 -0.384223 0.123358 0.734043 0.111810 -0.789155
0.370384 -0.845528 -0.295599 -0.379034 1.072289 -0.241046 -0.519167 -0.186218 -0.266865 0.495255
-0.011961 0.146920 -1.126399 -0.777900 0.605716 0.419457 -0.102765 0.537451 0.525063 -0.193686
0.148507 -0.963868 -0.168368 -0.575479 0.907548 -0.200357 -0.308954 -0.299304 0.629893 -0.386939
-0.447536 -0.210300 -0.462100 -0.264756 0.463956 -0.243647 -0.008543 0.505145 0.421971 -0.654757
0.448369 0.285273 -1.694829 -0.142990 0.433513 -0.426694 -0.304705 0.663684 -0.236565 -0.633465
-0.382376 0.148945 -0.412675 -0.468169 0.324082 0.329645 -0.176620 0.432166 0.365298 -0.336267
-0.195610 -0.518577 -1.326337 -0.473988 0.867164 0.128578 0.410071 0.450991 -0.148698 -0.481594
-0.219073 -0.647583 -1.345585 -0.697163 0.328205 -0.744871 0.800263 0.487247 -0.240312 -0.803130
-0.349316 -0.076780 -1.904164 -0.499243 0.715479 0.172404 -0.532026 0.286876 -0.174301 -0.801926
0.273985 -0.715497 -1.667285 -0.563735 -0.019666 -0.668568 0.234377 0.125493 0.155212 -0.123633
-0.138742 0.299017 -1.406966 -0.663930 0.943261 0.363848 -0.367824 0.445744 0.357988 -0.423013
-0.002816 -0.544589 -0.616613 -0.368176 0.588403 -0.162833 -0.025288 0.578691 0.389098 -0.615218
-0.205278 -0.151668 -0.706531 -0.646600 0.316879 0.556611 -0.134894 0.655429 0.470714 -0.256867
-0.010562 -1.428956 -1.049784 0.004395 0.413945 -0.486915 -0.664329 0.753077 0.568671 -0.260085
0.400204 -0.562829 -0.925693 -0.532426 0.586586 0.042241 -0.422589 -0.126362 -0.211603 -0.430346
0.476997 -0.217900 -1.237166 -0.639094 0.411059 -0.262130 -0.101176 -0.531312 0.406880 0.079778
-0.030463 -1.116572 -0.988887 0.021801 -0.118324 -0.531656 0.133049 -0.004427 0.201727 -0.547391
-0.803255 -1.217563 -0.583708 -0.202026 0.407279 -0.619292 0.539567 0.325157 -0.880634 -0.283893
-0.015243 0.315215 -1.016489 -0.465136 0.665677 -0.226989 -0.087704 0.003835 -0.391603 -0.678372
-0.392639 -0.556409 -0.912539 0.098395 0.236794 -0.467493 0.734556 0.183750 -0.171707 -0.807009
-0.377060 -0.766697 -0.491920 -0.144874 -0.191370 -0.996105 -0.377691 0.136362 0.797150 -0.378447
-0.209681 -0.563406 -0.970309 -0.187881 0.644865 -0.009396 -0.433769 0.798517 -0.293035 -0.731889
0.008981 -0.308317 -0.890232 -0.637060 0.466225 0.532577 -1.050968 0.736636 0.048667 -0.851175
-0.112951 -0.055646 -1.412578 -0.204897 -0.189587 0.089615 -0.856426 0.919318 -0.128205 -0.713272
-0.914462 -0.644169 -0.750862 -0.283104 0.112390 -0.310670 0.689731 0.435436 -0.253461 -0.802926
0.215903 0.384856 -1.554877 -0.825398 0.214135 0.447904 -0.126529 0.657814 -0.135701 -0.301029
-0.193436 -0.169140 -0.896635 0.662378 0.254586 -0.705444 -0.016659 0.055789 -0.740639 -0.425591
0.210016 0.299514 -1.314596 -0.460936 0.642290 -0.286533 -0.234690 0.943771 0.474022 -0.520471
0.374858 -0.521782 -0.056422 0.066043 -0.009674 -0.255225 0.396905 -0.716435 -0.581019 0.279447
-0.160980 -0.033093 -1.231594 -0.876132 0.476576 -0.213480 -0.486766 0.906279 0.098256 -0.432873
-0.618363 -0.810357 -0.611289 -0.373994 0.265659 -0.812462 -0.646123 0.259554 -0.215895 -0.507384
-0.312594 -0.745186 -1.825841 -0.285342 -0.453602 -0.136625 -0.701415 0.475023 -0.047504 -0.213634
-0.784567 -0.642451 -1.482282 -0.434465 -0.342958 0.469034 -0.596820 0.034935 -0.716405 -0.547561
0.402661 -0.251148 -1.555626 0.018215 0.183880 -1.202870 0.182784 0.825987 -0.047196 -0.764754
-0.142497 0.212170 -1.499482 -0.724283 0.262119 -0.192247 -0.129635 0.537922 0.521167 -1.082785
-0.290266 0.385182 -1.450610 -0.918310 0.221366 0.697466 -0.329213 0.833367 0.745348 0.012361
1.200811 -0.214954 -1.530682 -0.155742 -0.097069 0.578729 -0.730434 0.664674 1.015926 0.515022
0.182371 -0.437515 -1.736079 -0.464512 0.231224 0.916858 -0.867239 0.671405 0.543190 0.162750
0.789504 -0.271004 -1.255720 -0.351048 -0.149749 0.300718 -1.043208 0.395482 0.628139 -0.021013
0.760805 -0.201213 -1.524179 -0.467570 -0.193712 0.249079 -0.832241 0.278460 0.448568 0.133616
0.720348 -0.108056 -1.441764 -0.577787 -0.152898 0.299778 -0.949726 0.550216 0.552800 0.088616
0.998471 -0.301024 -1.335474 -0.319234 -0.133129 0.353833 -0.775136 0.262654 0.657586 0.015453
0.444080 -0.346771 -0.448245 -0.264233 -0.548761 -0.178189 -0.808224 -0.206491 0.403975 -0.341852
1.205791 -0.196462 -1.629664 -0.234322 0.045603 0.423551 -0.871731 0.526447 1.136217 0.180578
1.124204 -0.043045 -1.547002 -0.393219 0.156736 0.449130 -0.717932 0.791201 1.051582 0.282264
0.982902 -0.426829 -1.523537 -0.382714 0.053754 0.002651 -0.641670 0.665945 0.528431 0.049062
0.856679 -0.391248 -1.794715 -0.148063 -0.452534 0.387386 -0.673441 -0.067552 0.720401 0.568295
0.855604 -0.160493 -1.598864 -0.298660 -0.331067 0.265316 -0.890712 0.577006 0.612948 -0.006136
1.217385 -0.360304 -1.520371 -0.217490 -0.108911 0.442309 -0.712144 0.071460 0.819764 0.126226
0.885156 -0.301932 -1.343965 -0.432187 -0.389744 0.319767 -1.039100 0.263343 0.510964 0.120645
0.940813 -0.243850 -1.669582 -0.327054 -0.181988 0.271257 -0.725795 0.409675 0.701368 0.386069
0.684477 -0.429579 -1.339504 -0.391054 -0.472742 0.075649 -0.915786 0.209467 0.357387 0.033173
0.938974 -0.331317 -1.583654 -0.355403 -0.552245 0.241632 -0.791276 0.196039 0.403780 0.416229
0.953631 -0.455283 -1.552711 -0.227626 -0.402684 0.180682 -0.898190 0.041537 0.634515 0.226417
0.906747 -0.194658 -1.454283 -0.305725 -0.147566 0.326251 -0.935012 0.427123 0.713663 0.159073
0.988317 -0.150903 -1.524490 -0.403168 -0.115608 0.504392 -0.873550 0.602506 0.764519 0.282272
0.923421 -0.212523 -1.481849 -0.523128 -0.268547 0.269504 -0.815712 0.139869 0.405710 0.143470
0.784361 -0.093743 -1.670650 -0.464332 -0.007581 0.424032 -0.728015 0.663780 0.583367 0.471848
0.342036 -1.605901 -1.308369 -0.061682 -0.279251 -0.428464 0.052188 -0.726076 0.436558 -0.349949
0.725947 -0.604822 -1.501818 -0.333206 0.072999 0.220497 -0.498880 0.320893 0.714607 0.241473
