-0.261929 -0.204481 -1.596393 -0.638371 0.839635 0.426657 -0.183164 0.780885 0.839181 -0.360527
-0.261929 -0.204481 -1.596393 -0.638371 0.839635 0.426657 -0.183164 0.780885 0.839181 -0.360527
-0.245310 -0.083181 -1.481736 -1.058192 0.929755 0.765482 0.043719 0.441064 0.602398 -0.339863
0.107925 -0.582177 -0.896548 -0.070591 0.763390 -0.425665 -0.850605 1.063913 0.516427 -0.638437
0.139647 -0.663810 -0.785985 -0.251356 0.487807 -0.066473 0.225226 0.102435 -0.071622 -0.412376
-0.584112 -0.733187 -0.231674 0.284594 -0.421825 -0.262754 0.082667 0.362987 0.465341 -0.412509
-0.345725 0.011780 -0.694776 -0.268295 0.559821 0.097036 0.045663 1.060156 0.782099 -0.862881
-0.512129 0.054492 -1.500683 -0.937066 0.751399 0.365957 0.054686 0.443684 0.080197 -0.635163
-0.610644 -0.046723 -1.087067 -0.379796 0.465918 -0.105877 0.282826 0.971039 0.156036 -0.263263
0.009403 0.019818 -0.705450 -0.047278 0.128402 -0.072601 0.366744 0.275400 0.051001 -0.308430
0.085951 0.005270 -0.532302 0.062759 0.641640 0.293023 -0.709389 0.485250 -0.165277 0.253175
-0.803089 -0.266629 -1.435511 -0.600613 0.398891 -0.374318 0.305423 0.641500 0.386335 -0.897681
-0.196964 -0.015347 -0.920955 -0.542055 0.307595 0.156052 -0.120916 0.139139 0.242389 -0.513520
-0.297558 -0.613135 -1.371565 -0.566912 0.817446 -0.166549 -0.203953 -0.208120 -0.127604 -0.695755
-0.696552 -0.080581 -0.880911 -0.461937 0.686492 -0.733610 -0.170978 0.609921 0.194480 -1.016542
-0.193114 -0.281230 -1.364325 -0.484435 0.671337 -0.011951 0.324693 0.555021 0.074233 -0.333370
-0.601743 -1.148107 -0.743640 -0.188629 0.294304 -0.012430 0.130961 -0.354164 0.313066 -0.777427
-0.555948 -0.225095 -0.800097 -0.260162 0.286412 -0.217331 0.217637 0.577331 -0.013820 -0.291821
-0.175560 -0.596190 -1.103554 -0.380267 -0.039302 -0.419292 -0.586078 0.615951 0.801802 -0.755927
-0.776884 -0.106091 -1.224380 -0.861280 -0.632353 0.011955 0.508733 0.520220 0.317780 -0.503999
-0.467437 0.080751 -1.359824 -1.143407 0.256006 0.578797 -0.583895 1.095395 0.529776 -0.735122
-0.447673 0.707850 -1.239571 -0.624636 0.717023 0.111708 -0.288556 0.981972 0.589253 -0.307920
-0.988527 -0.565201 -0.806380 -0.192732 0.082852 -0.542302 0.419943 -0.165084 0.144033 -0.837647
-0.024887 -0.769839 -0.808000 -0.526585 0.722232 -1.257807 0.540587 0.228223 -0.486978 -0.360331
0.605717 -0.885785 -1.400076 -0.662768 0.406484 -0.310301 0.091851 -0.395708 0.802275 -0.571852
-0.176906 -0.472914 -1.003639 0.429952 -0.010801 0.277352 -0.457121 0.006204 -0.388914 -0.630346
-0.218266 -2.184545 -0.576837 0.661175 -0.034072 -1.004787 0.565476 0.028315 0.361264 -0.553493
0.055614 -1.176492 -0.472346 -0.127636 0.404573 -0.852632 -0.025139 -0.893465 0.195827 -0.329339
-0.544654 -0.689152 -0.767792 -0.010454 -0.442726 -0.473326 -0.437654 0.391974 0.655386 -0.372744
-0.342479 -0.727417 -1.015727 -0.025881 0.459509 -0.456420 0.233418 0.532704 0.497203 -0.292236
-0.128495 -0.757842 -1.440099 -0.559725 0.130672 0.122580 0.005270 -0.963608 0.562332 -0.627164
0.149126 -0.599791 -0.745774 -0.499888 0.255239 0.103998 -0.089720 -0.967755 0.085180 -0.663180
-0.773201 0.059511 -0.417027 -0.819099 0.069110 -0.477378 -0.184070 -0.929193 -0.349685 -0.115703
0.249124 0.221589 -1.357653 -0.348607 0.614886 -0.263360 -0.525371 -0.053635 -0.474380 -0.122769
-1.119494 -0.327680 -0.941401 -0.537167 0.650789 -0.008047 1.034068 0.481873 0.245759 -0.997825
-0.035906 -0.859900 -0.364046 -0.266806 -0.656715 -0.098903 -0.478946 -0.313161 0.669412 -0.514469
-0.050175 -1.127814 -0.646416 0.113041 -0.618870 -0.433359 -0.175161 0.485374 0.711058 -0.499962
0.300804 0.091784 -1.014502 -0.427505 0.386475 0.409565 -0.227488 0.033632 0.273126 -0.525966
-0.032699 -0.405564 -0.933830 -0.402502 0.882045 0.008517 -0.260074 0.572744 0.647075 0.052379
-0.052428 -0.049873 -1.521891 -0.702572 0.330579 0.462035 -0.746100 0.551637 1.367073 -0.314159
-0.307580 -1.007198 -0.197609 -0.604461 0.334744 0.346690 -0.079862 0.259276 -0.159286 -0.479178
-0.346013 -0.490205 -1.277918 -0.321905 0.030374 -0.101896 0.190619 0.124935 -0.001379 -0.623323
-0.220098 -0.403107 -1.256854 -0.364446 0.539794 0.119635 0.161889 0.578179 0.614783 -0.002299
-0.129038 0.204097 -0.805032 -0.768026 0.084437 -0.424968 -0.816447 0.167199 0.152613 -0.621652
-0.129885 0.382533 -1.233880 -0.510345 0.810192 -0.052613 -0.241238 0.805547 0.876424 -0.248232
-0.461301 -0.100786 -1.219403 -0.450291 0.783615 -0.428181 -0.223373 1.206517 0.662346 -0.666813
0.308197 0.628073 -1.736837 -0.818574 0.150080 0.346290 -0.412008 0.440168 0.547068 0.016463
0.080244 -0.563446 -0.941634 -0.327279 0.097958 -0.211743 -0.264498 -0.798190 0.717014 -0.417677
-0.858303 -0.090388 -1.127782 -1.374965 0.722668 -0.334207 -0.087896 -0.282083 0.047446 -0.253528
-0.441530 -0.744979 -1.027612 -0.903176 0.631478 -0.463575 -0.376511 0.340255 0.331840 0.207407
-0.770542 -0.259198 -1.315273 -0.548820 0.405402 -0.509001 0.056187 0.396138 -0.055789 -0.772897
0.446698 -0.408008 -0.844722 0.115324 0.279560 -0.499670 -0.479119 -0.538499 -0.804529 -1.059380
0.060145 0.042857 -2.018506 -0.430871 0.393400 -0.305367 -0.314819 -0.496197 -0.132898 -0.969869
0.386911 -0.710325 -1.021534 -0.454425 0.167427 -0.693219 -0.429569 -0.838693 0.176695 -0.634519
0.546614 -0.380807 -1.418544 0.029454 0.404340 0.328136 -0.640933 -1.093763 0.318282 -0.532735
-0.580664 -0.166592 -1.608039 -0.453963 0.236789 -0.373549 0.001785 0.118805 0.478405 -1.312084
-0.037588 -0.957207 -0.613600 -0.475007 0.501777 -0.304426 -1.422013 0.141409 0.839950 -0.748013
-0.706158 0.066398 -0.692466 -0.597857 0.478252 -0.792566 0.565812 0.492400 -0.121771 -0.515873
-0.095895 -0.750073 -1.450337 -0.563216 0.341761 -0.062383 -0.577872 -0.551975 0.515436 -0.332490
0.218015 -0.766818 -0.875003 -0.396209 0.291553 -0.028162 -0.329181 -0.832467 0.615767 -0.341519
-0.387398 0.288463 -1.670810 -1.153729 0.901369 -0.022177 -0.391474 0.962890 0.007179 -0.308850
-0.342021 -0.096857 -1.359432 -0.920686 0.530885 0.127657 0.082424 -0.674910 -0.098393 -0.877762
0.451558 -0.479988 -1.269572 -0.515378 0.720792 -0.593613 -0.149555 -1.219182 -0.072836 -0.884680
1.411361 -0.644214 -1.405406 0.287762 0.246839 0.003625 -0.110077 -0.206333 0.300556 -1.000010
0.013364 -0.360333 -1.050970 -0.296852 0.260970 0.454724 0.088614 1.043298 0.726891 -0.272913
-0.683022 -0.486744 -0.531379 -0.511441 0.235768 -0.619295 -0.329117 0.115899 0.681019 -0.474025
-0.448011 -1.472432 -0.422256 0.112240 -0.087953 -0.428305 0.035532 -0.132549 -0.935113 -0.512227
0.074445 -0.049415 -1.916345 -0.334578 -0.013519 0.172797 -0.247719 0.807762 -0.260557 -0.310445
-0.157582 0.317336 -1.430916 -0.239052 -0.629568 -0.130837 -0.624957 -0.264020 0.240946 -0.478761
0.302588 -0.467043 -1.727061 -0.817398 0.664798 0.076155 0.155548 0.090817 -0.328418 -0.446947
-0.500961 0.375203 -0.761018 0.172336 0.004432 -0.413613 0.189695 0.363562 0.001012 -0.347416
0.052580 -0.180949 -1.355957 0.033584 0.378061 -0.778115 0.462217 -0.147168 -1.063052 -0.952799
-0.229212 -0.463498 -0.425970 -0.386349 0.153037 0.231627 -0.070513 0.996786 0.443985 -0.677701
0.164696 -0.562363 -1.082427 -0.039599 0.106796 -0.096898 -0.342629 -0.276405 0.774047 -0.548631
-0.204903 -0.526777 -1.917302 -1.028478 -0.140317 -0.349368 0.117086 -0.168291 0.051445 -0.938503
0.137083 -1.142172 -1.445889 -0.232401 -0.452459 -0.811827 0.630765 -0.343772 -0.275174 -1.239697
-0.559294 -0.037596 -1.711072 -0.148054 -0.116264 -0.560065 0.646452 0.441715 0.140890 -0.871907
0.311697 -0.665734 -1.054941 -0.012178 -0.035910 -0.521013 -0.661728 -0.299031 -0.147624 -0.248062
0.076407 0.131318 -1.805699 -0.378017 -0.599988 -0.285635 0.042331 -0.586939 -0.140073 -0.717585
-0.771721 0.373388 -1.348637 -1.279731 0.960664 -0.180113 0.010829 0.639116 0.427870 -0.103571
0.081867 0.487495 -1.600381 -0.798612 0.461812 0.188953 -0.290287 0.606907 0.542872 -0.215060
0.077156 -0.603502 0.006666 -0.457725 -0.026384 0.240645 -0.268361 -0.702867 -0.093371 0.328205
-0.349530 -0.498224 -0.081291 -0.340118 -0.002311 0.586940 -0.071078 -0.148528 -0.137134 -0.221197
-0.054678 -0.844292 -0.182023 -0.041134 0.585527 0.337017 -0.621021 -1.196123 -0.676009 0.220722
-1.125549 0.216208 -1.236706 -0.817426 0.540688 -0.413268 0.451536 0.055118 -0.132798 -0.767497
-0.318180 0.121369 -1.429242 -0.617466 -0.142936 -0.072515 -0.275571 0.433013 0.678700 -0.240506
-0.073941 -1.000404 -0.352256 -0.300826 0.300489 -0.634652 0.052969 -0.451332 0.696141 -0.307835
0.470539 -0.492717 -0.420099 -0.480854 0.253827 -0.245165 -0.201794 -0.987472 0.196396 -0.123467
-0.590033 0.017812 -0.583163 -0.290313 0.349515 0.482956 -0.143016 0.175623 0.376809 -0.657739
-0.538974 -0.039370 -1.100984 -0.393387 0.611497 0.193603 0.067675 0.570095 0.576496 -0.603794
-0.527188 -0.176613 -0.968835 -0.297413 0.260398 0.338020 0.137055 0.423321 0.279847 -0.857707
-0.299846 0.076307 -0.729967 -0.055390 0.507427 -0.691449 0.030419 0.271756 -0.536219 -0.529644
0.750078 -0.366012 -1.685930 -0.356937 -0.250229 0.647880 -0.756173 0.087060 0.491213 0.093648
0.618899 -0.371885 -1.656153 -0.563463 -0.146028 -0.171100 -0.992192 0.474836 0.645628 0.118025
1.133332 -0.096204 -1.570445 -0.250069 -0.143186 0.377896 -0.713727 0.754200 0.716499 0.214153
1.066144 -0.392780 -1.764660 -0.140645 -0.134387 0.163093 -0.690071 0.100733 0.797647 0.157542
1.038689 -0.019768 -1.533768 -0.392398 -0.049445 0.192334 -0.903438 0.109971 0.804875 -0.004390
1.042677 -0.303018 -1.530869 -0.249516 -0.214356 0.486695 -0.834919 0.486132 0.801329 0.395378
0.954170 -0.293110 -1.639257 -0.426084 -0.272278 0.221711 -0.423487 0.353316 0.497220 0.437597
0.548714 -0.658690 -1.488169 -0.068529 -0.700557 -0.001696 -0.256829 -0.047737 -0.291437 -0.021860
0.828209 -0.341680 -1.204453 -0.383436 -0.175946 0.304621 -1.135500 0.389654 0.454872 -0.032254
0.597133 -0.453053 -1.286313 -0.519311 -0.589195 0.184903 -0.913937 -0.094600 -0.114449 -0.072597
0.861117 -0.422023 -1.172619 -0.377749 -0.320154 0.193030 -1.110111 0.053074 0.472477 -0.167765
0.732228 -1.028920 -0.985903 -0.390351 -0.040193 -0.310184 -1.066837 -0.014227 -0.273927 -0.108161
1.265976 -0.180895 -1.363643 -0.181884 0.095623 0.000932 -0.687483 0.147741 0.257252 -0.211641
1.235540 -0.247505 -1.398587 -0.225745 0.275086 0.145011 -1.049130 1.005361 0.643941 0.139857
0.852637 0.045996 -1.675451 -0.543233 -0.068300 0.427636 -0.707373 0.136136 0.372928 0.234732
0.567287 -0.432696 -1.081969 -0.262070 -0.642517 -0.070155 -1.179278 -0.110591 0.139222 -0.121891
0.777206 -0.222461 -1.258909 -0.403989 -0.282591 0.215869 -1.137428 0.284809 0.507513 -0.023182
0.940336 -0.197468 -1.404091 -0.468749 -0.227086 0.409996 -0.862833 0.404607 0.535984 0.184577
0.713348 -0.298510 -1.309996 -0.429016 -0.310758 0.170208 -0.961195 0.250346 0.428020 -0.030509
0.742209 -0.441143 -1.243108 -0.104752 -0.480387 0.050019 -1.113785 -0.110273 0.322807 -0.276420
0.833126 -0.185358 -1.604590 -0.411445 -0.103735 0.366616 -1.225600 0.182940 0.703275 0.143752
0.639977 -0.346886 -1.283257 -0.377635 -0.409856 0.352568 -0.743842 0.290540 0.199826 0.027543
0.829332 -0.228832 -1.360934 -0.492468 -0.232727 0.282617 -1.031768 0.416016 0.617185 0.118537
1.270415 -0.178266 -1.338206 -0.183210 -0.137372 0.568474 -0.708850 0.815135 0.965624 0.623149
0.931825 -0.401318 -1.727321 -0.150394 -0.178307 0.212488 -0.723900 0.215984 0.829772 0.428464
0.998068 -0.139516 -1.433344 -0.362813 0.242280 -0.214295 -1.008593 0.432129 0.570997 -0.237513
0.417765 -0.326867 -1.532108 -0.653253 0.335709 0.123209 -0.064141 0.587002 0.657231 -0.482581
1.067925 -0.421308 -1.704068 -0.061554 -0.137402 0.280863 -0.549428 0.392611 0.874014 0.505395
1.071212 -0.222308 -1.370500 -0.175369 -0.073525 0.415006 -0.913419 0.463741 0.810755 0.197376
0.809426 -0.471801 -1.270589 -0.354224 -0.414360 0.398463 -0.825090 0.405527 0.490061 0.158291
0.824906 -0.893078 -1.696605 0.034007 -0.632242 0.417849 -0.342475 -0.460227 0.038098 -0.976780
1.036603 -0.169677 -1.574297 -0.241625 -0.217270 0.294776 -0.903020 0.448373 0.909761 0.247113
0.957138 -0.489999 -1.470183 -0.606563 -0.427461 0.157644 -0.830460 0.186188 0.373891 0.174708
0.851250 -0.294283 -1.778910 -0.471906 -0.309986 0.207841 -0.514898 0.230386 0.414614 0.378067
0.913500 -0.600170 -1.478732 0.010449 -0.153806 0.439770 0.029690 0.404492 0.653233 0.252457
1.021164 -0.401789 -1.407809 -0.508488 -0.244098 0.431610 -1.363624 -0.160527 0.647975 0.049086
0.967529 -0.340526 -1.237665 -0.349520 -0.334902 0.419509 -1.133374 0.265122 0.442140 0.007472
1.224710 -0.350119 -1.434531 -0.106531 -0.086566 0.493056 -0.781869 0.597985 1.013521 0.356766
0.751308 -0.148862 -1.411816 -0.477376 -0.215493 0.356839 -0.907838 0.420643 0.482189 0.086460
0.697677 -0.146964 -1.385356 -0.556974 -0.226157 0.325429 -0.924225 0.405661 0.339725 0.140379
1.327581 -0.652616 -1.537323 -0.016709 -0.085372 0.398341 -0.686891 0.383397 0.625667 0.606974
0.812659 -0.182936 -1.688758 -0.365732 -0.070224 0.377038 -0.667024 0.267005 0.581891 0.314084
0.839395 -0.527682 -1.433995 -0.347728 -0.231612 0.310045 -1.072036 0.414333 0.207450 -0.083771
