-0.383064 -0.811978 -1.867405 -0.485802 0.212460 -0.641876 -0.211430 0.473163 -0.310821 -0.510386
-0.881345 0.510626 -1.059414 -0.546524 0.323061 -0.167594 0.127426 0.533717 0.400539 -0.686173
0.043616 0.139644 -1.629366 -1.137613 0.895498 -0.061453 0.477301 0.211006 -0.224367 -0.360558
-0.241520 -1.055696 0.285670 0.198929 -0.172094 -0.414764 0.437302 -0.840417 -0.913281 -0.677225
-0.281668 0.046462 -0.297318 -0.242204 0.260594 -0.195160 0.516545 0.003439 -0.055640 -0.373175
-0.052019 -0.492553 -0.957720 -0.264235 0.038750 -0.398561 0.028555 0.099424 -0.153849 -0.765291
0.042135 -0.276915 -0.853526 -0.323600 0.706581 -0.302522 -0.033644 0.005667 0.483085 -0.864410
0.094203 0.269944 -0.579216 -0.103634 0.371936 0.054739 -0.335365 0.665607 0.818951 -0.785595
-0.213692 -0.166338 -0.861672 -0.289119 1.004762 -0.648272 -0.123031 0.557758 0.288294 -0.886552
-0.403865 0.238722 -1.168882 -0.197702 0.719200 -0.134486 -0.495115 0.736616 -0.516042 -0.302336
-0.079405 -0.464952 -0.776863 -0.486249 0.835412 0.113007 -0.314096 -0.074556 0.114079 -0.245611
-0.559185 -0.360883 -1.857666 -0.805130 0.733744 -0.096946 -0.160878 0.528439 0.940620 -0.763320
-0.577528 -0.913172 -0.545778 -0.214426 0.427432 0.301993 0.203463 -0.182409 0.244135 -0.396729
-0.000176 -0.797909 -0.776309 0.073009 0.692753 -0.149174 0.074271 0.023285 -0.509883 -0.468495
-0.422115 -0.013608 -0.560690 -0.441072 0.812077 -0.347878 -0.141182 0.572516 0.423423 -0.319505
0.014343 -0.863637 -1.829086 -0.628176 0.285678 -0.356160 0.052893 0.144638 -0.389254 -1.440159
-0.819834 -0.332143 -1.279822 -0.577553 0.404457 -0.898558 0.611331 0.433652 -0.241578 -0.820028
0.146823 -0.860869 -0.867706 0.174091 0.861775 -0.388643 0.245739 -0.253460 -0.579049 -1.127341
-0.553761 -0.008254 -0.453485 0.001922 0.637908 0.122123 0.109877 0.721509 0.598416 -0.195471
-0.067227 0.067571 -0.699972 -0.125998 0.739594 -0.062663 -0.644953 0.537504 -0.123762 -0.844453
-0.304329 -0.783339 -0.327666 0.187886 0.510935 -0.873801 -0.643292 0.987364 0.133514 -0.425946
-0.449026 -0.341762 -1.174170 -0.135956 0.804810 -0.190167 -0.265660 0.529756 -0.102108 -0.460154
-0.494393 0.016589 -1.635949 -0.647582 0.146846 0.162436 -0.079313 0.284779 0.763801 -0.355544
0.082945 0.129608 -0.745392 0.409836 0.455288 -0.138890 0.186423 -0.552723 -0.704161 -0.757650
-0.505994 0.353639 -1.014064 -0.405497 0.757862 0.076086 0.234889 0.623098 0.069770 -0.595287
-0.106128 0.459513 -1.252080 -0.741307 0.468412 0.079877 0.236135 0.829648 0.487230 -0.294578
-0.446443 -0.343308 -0.741695 -0.328493 -0.022101 -0.225690 0.237080 0.432195 0.103992 -0.464090
-0.709374 0.250884 -0.730372 -0.770875 0.682358 -0.176353 0.508967 0.023604 0.278381 -0.842700
0.598016 -1.006133 -1.100342 -0.362805 0.422906 0.058622 -0.312898 -0.797104 -0.111227 -0.222559
0.105253 -0.578617 -0.934679 -0.597112 0.693428 -0.677758 -0.496990 -0.073429 -0.229370 -0.056089
-0.335565 -0.161616 -0.896726 -0.763143 1.006138 -0.003028 0.401941 0.121165 0.355727 -0.629319
-0.222628 -0.353789 -0.612420 -0.362564 0.192381 -0.074632 0.127092 0.023276 0.091455 -0.384119
-0.701170 -0.011419 -1.249912 -0.539898 0.384149 -0.440136 0.523761 0.551396 0.095786 -0.950302
-0.144820 -0.282343 -1.053049 -0.314491 0.261779 -0.113839 -0.403078 -1.253822 -0.453625 -0.667785
-0.464895 -0.692024 -1.150032 -0.799273 0.382611 0.184043 0.206546 -0.372575 0.317789 -0.784028
-0.020457 0.366174 -1.101078 -0.769855 0.284723 0.620499 -0.309328 0.920717 0.470731 -0.152812
-0.585643 -0.237054 -1.175881 -0.847743 -0.249718 0.156708 0.043900 -0.205812 0.798276 -0.618594
-0.068928 -0.923791 -1.234439 -0.558644 0.580723 0.239131 -0.095717 -1.133179 0.675977 -0.553113
0.015722 -1.052006 -1.583145 -0.354673 0.213689 0.255186 -0.302876 -0.319788 0.694093 -0.556106
-0.473318 -0.452126 -1.064855 -0.419933 -0.028610 -0.570345 0.063757 0.370475 0.338551 -0.904330
-0.820876 -0.748378 -1.864725 -0.615800 0.065457 -0.054976 0.089248 0.627131 -0.076000 -1.152297
-0.186734 -0.707144 -0.713237 -0.407483 0.261542 -0.560776 0.342604 -0.088676 0.000754 -0.523204
-0.940952 -0.324528 -0.626010 -0.349010 0.375826 -0.393902 0.894461 0.432886 -0.047317 -0.715790
-0.130149 -0.566059 -1.157621 -0.499045 0.478057 0.232653 -0.341009 -0.705727 0.639337 -0.496478
-0.092858 -0.502180 -0.363019 0.118003 1.131388 0.217525 -0.512264 -1.105677 -0.441250 -0.234128
-0.380383 -0.846874 -1.028218 -0.809686 0.115490 0.319621 -0.275899 -0.926175 0.664419 -0.544676
0.020219 -0.482693 -0.863740 -0.839018 0.003272 0.602870 -0.371337 -0.720637 0.614866 -0.673385
-0.466996 -0.181425 -1.032321 -0.635324 0.002122 -0.932693 -0.532353 0.186559 0.218111 -0.345405
-0.172464 0.172309 -0.895245 -1.167600 0.582764 -0.113993 -0.296584 -0.372828 -0.542736 0.162021
-0.192139 0.012515 -0.393294 -0.864731 0.343672 -0.400343 -0.569670 -0.439395 -0.223691 0.169490
-0.307535 0.242733 -0.286935 -0.864338 1.221405 0.329667 -0.437383 -0.247414 0.577723 0.361138
0.001988 -1.037601 0.121032 -0.314340 -0.178195 -0.000551 -0.032329 -0.771146 -0.018166 0.316139
0.003958 -1.724027 -0.112689 0.002184 0.041679 -0.150836 0.180888 -0.075306 -0.271860 -0.050305
0.381964 -0.352424 0.165832 -0.198615 0.696299 -0.053578 -0.219216 -0.483091 0.317444 -0.417985
0.051590 -0.345720 -0.187999 -0.438627 1.123324 0.115775 -0.645508 -0.006461 -0.468387 0.261328
0.023036 0.525087 -0.950718 -1.298205 1.002268 0.314753 -0.497203 0.319900 0.793506 0.108304
0.003919 -0.730926 -0.318480 -0.781984 0.929867 -0.268821 -0.189822 -0.798359 -0.366926 -0.467231
-0.607323 0.045588 -1.452055 -0.912852 0.353890 0.121164 0.386442 0.625107 -0.079808 -0.626311
-0.153294 -0.390913 -0.519707 -0.886173 0.767656 -0.232208 -0.484720 -0.212132 0.368830 -0.150274
0.046349 -1.160554 -1.140013 -0.465417 0.400922 -0.062028 0.930860 -0.649364 0.253205 -0.669916
-0.536211 0.251330 -1.189466 -0.720074 0.360143 -0.216402 0.280733 0.295774 0.071847 -0.059357
-0.261992 -0.018538 -1.161938 -1.013987 0.472166 -0.098304 -0.552065 0.018222 0.964643 -0.209092
-0.067346 -0.980087 -0.089963 0.000226 -0.249903 -1.052058 -0.998544 0.311045 -0.394284 -0.947030
-0.568929 0.480670 0.108866 -0.612423 0.060199 -0.850284 0.388504 -0.463196 -0.413438 -1.022490
0.340453 -1.863296 -1.380341 0.271917 0.472265 -0.221033 -0.305824 -0.269497 0.218464 -0.645596
0.069809 -0.099637 -1.252331 -0.870352 0.254186 0.223664 -0.816951 -0.519007 0.590158 -0.136432
0.309101 -0.837899 -0.958708 0.091609 0.145923 0.234902 0.300822 -0.658055 -0.310658 -0.273030
0.218047 0.424799 -1.823446 -0.167577 -0.380270 -0.807977 -0.346187 0.478026 -0.194849 -1.163274
0.383884 -0.065755 -1.407320 -0.390250 0.298799 0.283454 -0.203502 -0.532043 -0.071923 -0.646985
-0.705363 -0.186276 -0.223528 -0.868466 1.272007 -0.067602 -0.371463 0.362890 0.863421 -0.024695
-0.189755 -0.072167 -1.298987 -1.006170 0.023590 0.703327 -0.747949 0.385622 0.708114 -0.506430
-0.474263 -0.637512 -0.846771 -0.256330 0.129891 -0.026969 -0.648727 -0.122364 0.216126 0.146632
-0.280566 -0.133230 -0.889147 -0.498179 0.087610 -0.311002 -0.339513 0.574950 0.635876 -0.078349
-0.454083 -0.102740 -1.219413 -0.721202 0.269257 0.252995 0.107823 -0.467201 0.237887 -0.585454
-0.090550 -0.930077 -1.351121 -0.265409 0.341520 0.154815 -0.154768 0.143735 0.991728 -0.932973
0.033721 -0.869608 -1.131876 0.162099 1.154533 0.078506 -0.202888 -0.769223 -0.041462 -0.451924
-0.098961 -0.116918 -1.088930 -0.787086 -0.448390 -0.401255 -0.162356 -0.390956 -0.128299 -0.914750
0.260907 -0.775799 -1.913043 -0.591652 0.094828 0.002672 0.098000 0.199950 0.557761 -1.194775
-0.431493 -0.259935 -1.360871 -0.502426 0.570263 0.704881 -1.026641 -1.374774 0.265442 -0.455228
0.008600 -0.539797 -1.150763 -0.291999 0.214382 -0.144893 -0.575357 -0.297435 -0.700725 -0.638170
0.107710 -1.399510 -1.202618 -0.150560 0.200388 -0.106127 -0.096888 -0.211488 0.231660 -1.120472
-0.876871 -0.153455 -0.241147 -1.099558 0.676766 -0.021599 -0.135491 -0.202062 0.291222 -0.206141
0.580327 -0.998358 -1.628990 -0.042014 0.089847 -0.538652 -0.180939 -0.196649 0.388344 -1.097542
-0.525021 -0.353590 -1.207696 -0.574998 -0.130745 0.315645 -0.162123 -0.120334 0.500645 -0.874292
-0.289401 -0.335053 -1.808530 -0.631112 0.035718 0.213559 0.156669 0.022980 0.245592 -0.682309
-0.343048 -0.434499 -0.591616 -0.470628 0.968241 -0.052325 0.395195 -0.195101 0.279605 -0.501507
0.238324 -0.387863 -1.236514 -0.221033 0.734085 -0.020306 -0.648411 -0.350217 0.751974 -0.349949
-0.857410 -0.082904 -0.727322 -1.083804 0.956365 -0.575600 -0.405657 0.161837 0.087434 -0.189912
-0.865071 0.293361 -0.575344 -1.208895 0.612108 0.105550 -0.374581 -0.305865 -0.346561 -0.251322
0.177776 -0.257415 -1.117730 -0.670511 0.447927 0.024567 -0.436618 -0.479497 0.814539 0.134622
-0.451158 -0.655811 -0.670075 -0.553619 0.743219 0.567259 -0.432108 -0.730803 0.152873 -0.686069
-0.207704 -0.117257 -0.869120 -0.574922 0.646161 -0.164035 -0.230374 -0.012747 -0.057730 0.024979
0.305773 -1.257883 -1.100864 -0.126258 0.244593 0.129816 -0.295081 0.002774 0.550895 -0.105060
0.555047 -1.422777 -1.263933 0.060590 0.624943 0.163209 -0.294791 -0.525414 -0.019854 -1.255008
0.176282 -0.356845 -1.057267 -0.234961 0.317923 -0.277281 -0.569546 -0.862835 0.146310 -0.368834
-0.209049 0.118676 -1.182255 -0.620723 1.088697 0.100464 -0.462824 0.678860 -0.736401 -0.038106
-0.171363 -0.472177 -1.902790 -1.005968 0.604448 -0.480321 -0.897685 0.094128 0.276359 -0.769917
0.720625 -0.173988 -1.490959 -0.604979 0.013487 0.556800 -0.322314 0.260120 0.395119 0.764919
0.975423 -1.367018 -1.695179 -0.092076 -0.098857 0.460448 -0.171538 -0.455709 0.695911 -0.001023
0.985825 -0.034473 -1.409188 -0.513314 -0.067924 0.496367 -0.755792 0.711652 0.676735 0.368165
1.020514 -0.732408 -1.678025 -0.256227 -0.369346 0.681957 -0.713708 0.472784 0.631533 0.477913
0.897208 -0.023540 -1.621185 -0.296983 -0.116283 0.386839 -0.921871 0.554880 0.908569 0.173921
0.712463 -0.347714 -1.718152 -0.720154 -0.128759 0.218530 -0.634366 -0.058043 0.464824 0.145422
0.676504 -0.374993 -1.202032 -0.368016 -0.527346 0.116427 -1.040722 -0.021595 0.157947 -0.002460
0.781318 -0.512852 -1.480255 -0.361724 -0.304202 0.086653 -0.785850 0.566739 0.445335 0.487641
0.917551 -0.133614 -1.208104 -0.315410 0.294464 0.124449 -1.219255 0.870861 0.562436 -0.053914
1.011050 -0.174761 -1.363988 -0.394223 -0.228341 0.548419 -0.870335 0.654594 0.622867 0.412375
0.514446 -0.408601 -1.026217 -0.198647 0.182409 -0.031105 -1.416999 -0.429235 0.698170 -0.015519
0.037665 -0.936734 -1.077983 0.105219 -0.606966 0.197301 -0.755453 0.214717 0.691615 -0.344657
0.348306 -0.034600 -1.647954 0.144420 0.600425 0.209459 -0.319234 -0.152853 -0.591769 -0.797053
1.204267 -0.315599 -1.410536 -0.261246 0.028077 0.495180 -0.882469 0.299493 0.859839 0.015075
0.809103 -0.090544 -1.443905 -0.452520 -0.063800 0.301713 -0.942482 0.529717 0.615098 0.063778
0.806915 -0.333761 -1.358874 -0.595363 -0.375076 0.209273 -1.092567 0.499023 0.628652 0.004597
0.236505 -0.622597 -1.354893 -0.560292 -0.984101 -0.100497 -0.835792 0.159926 -0.115942 0.062061
0.904950 -0.403075 -1.587038 -0.416829 -0.582991 0.161384 -0.590427 -0.298070 0.210474 0.280078
0.784079 -0.426073 -1.483537 -0.529797 -0.543943 0.191474 -1.009505 0.173299 0.383756 0.203599
0.646156 -0.385253 -1.270402 -0.354599 -0.499116 -0.032111 -1.116297 0.031852 0.313160 -0.055485
0.675124 -0.382071 -1.322386 -0.406630 -0.454786 -0.004588 -1.014136 0.177809 0.432767 -0.005551
0.895378 -0.281886 -1.389022 -0.462903 -0.308892 0.262153 -1.018947 0.321708 0.535474 0.106305
1.116453 -0.225983 -1.085752 0.083581 -0.125571 0.378270 -0.965071 -0.068502 1.073575 0.176752
0.877906 -0.271580 -1.334861 -0.442066 -0.299904 0.318108 -1.012208 0.354835 0.584021 0.089596
1.007655 -0.152450 -1.578095 -0.447987 -0.233130 0.375477 -0.831195 0.333908 0.635339 0.333662
0.897734 -1.172747 -1.731172 0.339038 -0.306682 -0.200238 0.281213 0.355559 0.651188 -0.369549
1.101469 -0.019560 -1.189576 -0.374973 -0.016734 0.502014 -1.238568 0.363208 0.862105 0.016106
1.216639 -0.534182 -1.531753 0.064153 -0.167885 0.462887 -0.686587 0.520910 0.882929 0.686615
0.928438 -0.394042 -1.469117 -0.389595 -0.461161 0.229862 -0.866826 0.082533 0.459130 0.165191
1.156915 -0.382753 -1.608879 -0.145537 -0.248268 0.468458 -0.553951 0.523674 0.832209 0.655293
