-0.131497 -0.641752 -1.181668 -0.059956 -0.433488 -0.508216 -0.271844 0.590676 0.488783 -0.613900
-0.442929 -0.241747 -1.458614 -0.732429 0.573878 0.483104 0.222363 0.247184 0.202200 -0.428068
-0.377680 -0.850377 -1.021360 -0.157969 -0.253876 -0.024943 -0.220462 -0.459121 -0.123155 -1.494066
-0.228180 0.033120 -1.638982 -0.778706 0.127067 -0.450415 -0.089817 0.465959 -0.159156 -0.691592
-0.409661 0.656988 -0.410654 0.173380 0.826831 0.084259 -0.523507 0.287640 0.365550 -0.459091
-0.335240 -0.332615 -0.764142 -0.751208 -0.397289 -0.869178 0.056346 0.415105 0.402518 -0.621090
0.480040 -1.057934 -1.120151 0.090640 -0.160506 -0.621245 -0.028325 -0.339561 0.793221 -1.141279
-0.008066 -0.935560 -0.574811 0.056039 -0.188655 -0.588271 -0.288444 -0.006080 -0.093417 -0.187132
0.356693 -0.549632 -1.514996 -0.317418 -0.134421 -0.150813 -0.455934 -0.214244 -0.297558 -0.830678
0.345366 -0.567311 -0.933992 -0.059347 0.138867 -0.554443 -0.402973 -0.034970 -0.292157 -0.633780
0.519597 0.591432 -1.087394 -0.383167 -0.244881 -0.140127 -0.703193 -0.024421 0.289096 -0.393284
0.550312 -0.852769 -0.917952 0.427480 0.200089 -0.586586 -0.581408 -0.546385 0.226410 -0.623038
-0.587347 -0.388843 -1.306113 -0.216660 -0.119340 -0.342922 -0.117519 0.247113 -0.074106 -0.940327
-0.737878 0.006190 -1.040799 -0.748890 -0.298676 -0.891049 0.117507 0.180671 -0.273623 -0.671807
0.144409 -0.713889 -1.508628 -0.041057 0.620008 0.064074 -0.648983 0.570406 0.840310 -0.461345
0.300662 -0.556066 -1.586755 0.273670 0.162718 -0.752794 -0.421187 -0.259690 0.622251 -0.770328
-0.407858 -0.602919 -1.175327 -0.942013 -0.480649 -0.179538 -0.161645 -0.019093 1.137990 -0.552630
-0.907884 -0.131327 -1.009459 -1.013843 -0.336346 0.412168 0.300661 -0.231832 0.528383 -0.405769
-0.327166 -0.548531 -1.075079 -0.368813 -0.484459 0.448028 0.092153 0.493641 1.203403 -0.323273
-0.363038 -0.706979 -0.988928 -0.852162 -0.027793 0.113729 -0.133608 0.406338 1.511078 -0.167272
-0.137132 -0.274462 -0.997482 -0.807871 0.079589 0.607951 -0.890414 0.123004 1.505349 -0.727716
0.434053 -0.591275 -1.155818 -0.122277 0.094607 -0.632378 -0.322659 0.132394 0.448334 -0.963687
-0.473166 -0.382624 -0.653042 -1.077897 0.232706 0.004391 0.404529 -0.712328 -0.220202 -0.412609
0.454677 -0.331666 -1.479414 -0.159069 0.375280 -0.166720 -0.916053 -0.025245 0.117833 -0.613772
-0.854039 -0.854112 -1.209650 -0.412495 0.327732 -0.374067 -0.122565 -0.073871 0.920418 -0.791395
-0.058221 -0.401554 -1.527274 -0.615578 -0.197664 0.120227 -0.249140 -0.488923 0.426679 -1.002262
-0.250211 -0.734381 -0.061017 -0.278210 0.839642 -0.126121 -0.374399 -0.133423 0.713459 0.019499
-0.439095 -0.345732 -1.060774 -0.786729 0.063533 -0.235462 -0.403181 0.084530 0.292590 -0.335130
0.115055 -0.646960 -1.013583 -0.276686 0.487078 -0.603015 -0.751035 0.352448 0.332505 -0.613245
0.502661 -0.699338 -1.547331 -0.214505 0.043047 -0.689049 -0.186856 -0.176821 0.535348 -0.486317
-0.144313 -0.421114 -1.362476 -0.424357 0.297867 0.106958 -0.293304 -0.644469 -0.367677 -0.718603
-0.258236 0.361324 -0.288924 -0.410498 0.838285 0.210788 -0.586681 0.538050 0.670249 -0.307820
-0.238124 -0.458514 -0.450017 0.127057 0.742668 -0.944878 -0.017023 0.584598 -0.804421 -0.489155
0.594031 -0.399874 -0.993944 0.244523 0.555707 -0.111478 -0.596028 -0.789796 0.186597 -0.625716
0.034538 -0.625802 -0.950151 -0.350868 0.386431 -1.181662 0.125591 0.103330 -0.706965 -0.974229
-0.638551 -0.469766 -0.946783 -0.043808 0.747160 0.090849 -0.076422 0.872355 -0.034699 -0.419005
0.101204 0.229999 -1.507066 -0.534299 0.291474 -0.508052 -0.572822 -0.133709 -0.115102 -0.104690
-0.381425 -0.611701 -0.682922 -0.198098 0.508704 -0.462130 0.215980 -0.024941 0.328740 -0.725690
0.395494 -0.836312 -1.357925 -0.095198 -0.089344 -0.171683 -0.529310 -0.451945 0.632763 -0.963914
-0.020773 -0.984135 -1.351992 -0.426660 0.778340 -0.216365 -0.120443 -0.567047 -0.179923 -0.034125
-0.184716 -0.959354 -1.138400 -0.342990 0.307245 -0.412133 -0.572099 -0.190063 0.922123 -0.631184
0.132446 -1.365424 -1.513261 -0.024526 -0.215865 -0.491947 0.020994 0.492307 0.167208 -0.359295
-0.296616 -1.359191 -1.529275 -0.270448 0.530237 -0.040784 -0.643702 0.150464 0.032153 -0.279348
-0.291810 -0.534169 -1.402698 -0.424548 0.251423 -0.573748 0.328400 -0.371328 -0.916507 -1.091872
-0.452360 -0.703381 -1.347722 -0.191934 0.205391 0.390603 -0.542570 -0.973527 0.438195 -0.220401
0.021491 -0.835109 -1.442391 0.012793 0.398860 0.263822 -0.224720 -0.706191 1.029059 -0.832783
0.082906 -0.846497 -0.707404 -0.320833 0.462951 -0.541992 -0.191512 -0.740637 0.716985 -0.232142
-0.345431 -0.489272 -0.808670 -0.060906 0.352304 -0.446165 -0.695365 0.594915 0.102303 -0.435424
-0.124577 -0.838000 -1.223727 -0.228633 0.255783 -0.299706 -0.080262 0.462969 0.061003 -0.557871
0.020751 -0.735742 -1.301514 -0.282292 0.497027 -0.940751 0.010308 -0.322537 -0.911048 -1.254955
-0.239124 -0.408223 -0.897452 -0.425711 0.197926 -0.127047 0.203540 0.078431 0.346155 -1.091982
0.335399 -0.543314 -0.788831 -0.698187 0.306105 -0.000173 -0.620292 0.534276 1.081898 -0.675191
-0.487244 -0.315516 -0.841980 -0.957459 0.627065 0.105068 0.118356 -0.210370 -0.150184 -0.440407
-0.045605 -0.144119 -1.137766 -0.910515 0.073508 0.108741 -0.805829 0.072628 -0.212948 -0.439753
-0.006326 -0.655504 -1.339322 0.129274 0.659975 0.233647 0.037984 -0.570802 -0.920896 -0.147514
0.247217 -0.979279 -1.842462 -0.254319 0.455062 0.035757 -0.026922 -0.688032 0.771901 -0.764193
-0.145729 -1.002068 -1.093221 0.107798 0.542681 -0.472927 -0.335066 -0.162919 0.780048 -1.216621
-0.480301 -0.888324 -0.607393 -0.191444 0.729382 -0.101124 -0.081615 0.170100 0.608671 -0.405023
0.355225 -0.671453 -1.417302 0.051153 0.391455 0.249581 -0.688791 -0.502902 0.549907 -0.206013
-0.158783 -0.665853 -0.319305 0.096091 -0.475393 -0.114259 0.009416 0.059647 0.721850 -0.638980
0.414210 -0.946116 -0.855035 0.052605 0.123386 -0.708782 0.062108 -0.030193 0.287902 -0.544060
-0.506002 -0.260856 -1.080084 -0.385383 0.985620 0.620203 0.052075 -0.756042 -0.356657 -0.943114
0.069887 -0.514030 -1.218391 -0.513251 -0.460810 -0.430632 -0.528141 0.552010 0.101605 -0.066724
-0.700620 -0.047240 -1.443940 -1.361310 0.321508 -0.612544 0.223183 -0.623562 -0.101400 -0.534093
-0.646798 -0.108022 -1.718273 -0.770415 0.686639 0.370668 -0.986728 0.710467 -0.200613 -0.090538
-0.255113 -0.160468 -1.734182 -0.310498 -0.072478 -0.065388 -0.495418 0.326273 -0.427112 -0.666965
0.362754 -0.290044 -1.305413 -0.075154 -0.392944 -0.265816 -0.663279 0.708528 0.637793 -0.604220
-0.200496 -0.602861 -0.890404 -0.344566 0.607310 0.236903 -0.451287 -1.168713 0.029317 -0.744323
1.310525 -0.146804 -1.198032 -0.276462 0.172270 0.502661 -1.433535 0.624727 0.934700 0.280382
1.091366 -0.092504 -1.534594 -0.282959 0.157185 0.234477 -0.755373 0.800979 1.165314 0.250632
0.948023 -0.256457 -1.610330 -0.493454 -0.302942 0.474843 -0.763833 0.208343 0.599141 0.362754
0.874867 -0.128954 -1.379430 -0.368659 0.172586 0.545906 -1.070722 0.689282 0.743957 0.378867
0.995836 -0.181776 -1.669626 -0.515348 -0.154848 0.477654 -0.634523 0.322349 0.576715 0.325799
0.694482 -0.253327 -1.231533 -0.363701 -0.327295 0.152712 -1.101967 0.207235 0.411361 -0.072120
0.685960 -0.231666 -1.502103 -0.783359 0.114184 0.332652 -0.805457 -0.599022 0.308776 0.210944
0.799939 -0.267374 -1.569679 -0.195232 0.054016 0.302523 -0.859515 -0.076943 0.620080 -0.570183
1.335798 -0.248151 -1.586691 -0.074338 -0.568872 0.327941 -0.981602 0.197328 0.826615 0.081636
0.813726 -0.245473 -1.960004 -0.512081 -0.132452 0.220260 -0.336568 0.036788 0.481745 0.034372
1.231641 -0.371044 -1.485593 -0.209867 -0.307040 0.463445 -0.827378 0.020451 0.707977 0.208649
1.277076 -0.374815 -1.079770 -0.161440 -0.438294 0.601000 -1.017631 0.076701 0.570801 0.400269
0.857267 -0.473342 -1.260411 -0.450307 -0.361952 0.487369 -0.935611 0.576881 0.468679 0.391263
1.099642 -0.303522 -1.087279 -0.325783 -0.313394 0.336910 -0.985816 0.400451 0.515532 0.202911
0.708229 -0.221014 -1.145969 -0.499328 -0.040964 0.440544 -0.787144 0.693979 0.836592 -0.002442
1.305178 -0.239691 -0.653614 -0.254045 0.775154 -0.058837 -1.408077 0.822217 0.871881 0.220999
1.119214 -0.343115 -1.717412 -0.212997 -0.245268 0.297334 -0.574630 0.355921 0.830904 0.546940
0.977558 -0.183731 -1.646931 -0.497477 -0.137794 0.325037 -0.757918 0.440657 0.678248 0.286244
0.614548 -0.748983 -1.447617 -0.302372 -0.284258 0.177908 -0.842751 0.142967 0.083471 -0.219724
