-0.451523 0.336639 -0.456764 0.173885 0.881773 -0.039323 0.302898 -0.244048 0.165562 -0.473614
-0.306435 -0.609901 -0.527684 -0.508478 1.107761 -0.558662 0.060337 -0.034802 -0.094616 -0.482795
-0.196594 -0.826518 -1.182955 0.007916 0.132103 -0.092205 0.129778 0.555413 1.250568 -0.110666
-0.007754 -0.171554 -1.063588 -0.325010 0.132061 -0.041295 -0.226492 0.169555 0.145823 -0.683773
-0.657962 -0.728636 -0.794678 -0.077103 0.690285 -0.345089 0.097228 0.830326 -0.142648 -0.565888
0.004379 -0.923572 -1.181300 0.031857 0.807113 -0.609651 -0.757051 0.341477 -0.610482 0.068424
-0.312363 -0.702015 -1.335588 0.061741 0.301532 -0.003003 -0.012817 0.472775 0.411880 -0.356250
-0.366373 -0.229028 -0.935098 -0.157198 0.419632 0.180338 0.647229 0.477602 -0.401860 -0.819573
-0.120358 -0.256075 -1.483004 -0.492942 -0.109134 -1.074355 0.422545 0.155582 -0.278894 -0.588814
-0.358331 0.085885 -1.172454 -0.197456 0.778211 0.285705 -0.086592 0.998025 0.713250 -0.318332
-0.365916 -0.729945 -1.121881 0.139872 0.109251 -0.592731 0.122008 0.576757 0.448236 -1.217360
-0.718294 0.772277 -1.507541 -0.512876 0.673627 -0.200588 -0.482986 0.612148 0.606057 -0.493423
-0.330029 -0.097763 -1.607391 -0.965387 0.580522 0.076091 -0.416352 -0.529512 -0.146468 -0.588944
-0.470584 0.054546 -1.678699 -0.780639 0.284314 0.094088 -0.015773 -0.123741 0.890168 -0.532724
-0.310246 -0.555145 -0.894079 -0.216636 0.803913 -0.865262 0.207419 0.383820 0.062945 -0.849165
0.179605 -0.266213 -0.992239 -0.188698 -0.081670 -0.834114 0.261394 0.130633 -0.204070 -0.425653
-0.832957 0.495369 -1.006513 -0.690768 0.506146 0.077658 0.469953 0.295195 0.140854 -0.357931
-0.995607 -0.090181 -1.150255 -0.524425 0.507884 -0.175668 0.484243 -0.176960 0.463868 -0.620674
-0.502019 -0.052895 -1.465702 -0.079542 -0.270083 0.340460 -0.270495 0.363717 0.069642 -0.810524
-0.720200 -0.550645 -0.562118 -0.168475 0.405619 -0.569484 -0.902413 0.940511 0.058080 -0.079507
-0.363371 -0.495154 -1.028436 -0.099964 0.738660 0.355091 0.136191 1.296989 0.133622 -0.274428
0.263018 -0.613693 0.283024 0.080027 0.272011 -0.306468 -1.097308 -0.839770 -0.029619 0.194160
-1.155508 -0.587992 -0.416888 0.102175 -0.060881 -0.238222 0.404596 0.363936 0.205060 -0.698243
0.449389 -0.904475 -0.834725 -0.455868 0.401527 -0.376762 -0.614965 -0.355395 0.409851 -0.026417
-0.280478 -0.970944 -0.873604 0.204917 0.147077 -0.692200 0.900803 -0.234279 0.445464 -1.158587
-0.086910 -0.835824 -1.789582 -0.452578 0.474742 -0.425479 -0.239959 0.296741 0.039913 -0.662343
-0.403563 -0.804181 -0.605672 0.045359 0.627004 -0.124279 -0.322614 0.713713 0.089021 -0.151095
-0.392969 -0.209119 -1.755845 -0.319425 0.901135 -0.246166 -0.411430 0.578345 -0.206599 -0.547547
0.003468 -0.485799 -0.367296 -0.459101 0.324731 0.053563 -0.331025 -0.085419 0.412824 -0.481871
-0.227310 -0.558175 -0.828463 0.289131 0.574298 0.014816 0.334562 -0.267920 0.117276 -0.853847
-0.730723 -0.994605 -0.934599 0.341782 0.433747 -0.511314 0.053164 1.031501 -0.256780 -0.900601
-0.229795 -0.230156 -1.417783 -0.748067 -0.011288 -0.385738 -0.360267 -0.360575 0.930304 -0.519879
-0.320884 -0.251855 -1.614347 -0.286179 0.789329 -0.085724 -0.516131 1.068302 -0.129962 -0.658079
-0.033749 -0.027313 -0.718597 -0.353082 0.326100 0.180212 0.009761 -0.237806 -0.223995 -0.544254
-0.021504 -0.228372 -0.877424 -0.451636 0.610535 -0.104902 -0.888977 -0.383317 0.349564 -0.347947
-0.500720 -0.192341 -1.469163 -0.116622 0.457584 -0.621639 -0.048421 0.423964 -0.220854 -1.131686
-0.656430 -0.629885 -0.906536 -0.363287 -0.152585 -0.311089 -0.060117 0.047419 0.233468 -0.575442
-0.013552 -0.218748 -1.033243 -0.562161 0.788794 -0.984564 -0.341877 0.623098 0.032368 -0.106233
-0.502595 0.067996 -1.502963 -0.762924 0.757969 -0.177761 0.196977 0.499452 0.141461 -0.399330
-0.847892 -0.672077 -0.987010 -0.087025 0.084059 0.272611 -0.331111 0.783940 1.155859 -0.831796
0.233342 -0.407663 -1.248608 0.116308 -0.022742 -0.841461 -0.190230 -0.210752 -0.041285 -0.418180
0.384120 -0.034651 -1.806824 -0.813359 -0.037169 -0.302982 -0.349110 -0.262489 0.007013 -0.909705
-0.216806 -0.352602 -1.917615 -1.102360 0.501113 -0.257788 -0.592953 0.398335 0.663364 -0.537707
-0.591894 0.437906 -0.914300 0.002096 0.408711 -0.208710 0.413416 0.971272 0.261858 -0.338381
-0.269723 -0.086432 -1.078607 -0.223678 0.880374 0.282802 0.285803 0.389775 0.760934 -0.124773
-0.612266 -0.158946 -1.142802 -0.915079 0.254139 -0.143946 0.024450 0.018733 0.384279 -1.166126
0.148446 -0.129699 -0.663487 0.029564 -0.089361 -0.912380 -0.088967 0.765283 0.283354 -0.790782
0.131861 -1.134259 -1.027567 -0.080006 0.055949 -0.796766 -0.443021 1.140869 -0.422684 0.361723
-0.224727 0.097931 -0.858143 0.131332 0.043177 -0.252412 0.386832 0.501193 -0.337649 -0.318752
-1.046009 0.750366 -0.986276 -1.015520 0.811943 -0.645034 0.160908 -0.639460 -0.912814 -0.821146
-0.547346 -0.552053 -1.122168 -0.391448 0.217388 0.201739 -0.865732 -0.569065 0.716878 -0.342473
-0.102373 -0.173127 -1.310660 -1.092969 0.344024 -0.146231 -0.472039 -0.027707 0.319313 -0.129011
-0.018997 -0.154669 -1.420844 -0.482546 0.192911 -0.245612 0.007971 0.152389 1.005176 -0.864808
-0.330342 0.296220 -1.752329 -1.165085 0.797583 0.089780 -0.334233 0.456625 0.865410 -0.485948
0.078034 -0.190713 -0.883614 -0.072897 0.276407 -0.103171 0.092568 0.242198 1.021400 -0.891116
0.457575 -0.525677 -0.942190 0.444302 0.648315 -0.647099 -0.083802 0.343055 -0.002831 -0.607055
0.279440 -1.072710 -1.319896 -0.275262 0.852853 -0.155057 0.309175 -1.424314 0.209086 -0.576522
-0.012141 -0.042542 -1.197484 -0.476266 -0.214739 0.004424 -0.635047 0.167374 0.378674 -0.364078
0.053278 -0.331934 -0.964991 -0.588549 0.473402 -0.576164 -0.433918 0.493813 0.454936 -0.399092
-0.235005 -0.237650 -1.048217 -0.507592 0.224514 -0.601670 -0.960247 0.118889 -0.085445 -1.348628
0.484605 -1.126983 -0.771003 0.094283 -0.272905 -0.784243 -0.462004 -0.998909 0.458626 -0.142322
0.202887 -0.697067 -1.346382 0.043087 -0.087335 -0.632234 -0.529283 -0.418034 0.330209 -1.184931
0.244789 -0.028266 -1.504737 -1.125106 0.712591 -0.082367 -0.102264 -0.059579 0.719428 -0.446632
-0.618461 -0.129718 -1.227062 -0.545629 0.340441 -0.457459 -0.768595 0.348446 0.107902 -0.306262
0.093021 -1.065293 -1.312310 -0.314248 0.096731 -0.248593 -0.461947 -0.722627 0.590526 -0.771155
0.112950 -0.821632 -1.108166 -0.102101 0.715633 0.052797 -0.810243 -0.502712 0.116723 0.327432
-0.234716 -0.769923 -0.980160 -0.277273 -0.305592 0.252477 -0.241778 0.521572 0.419801 -0.146118
-0.466942 -1.081136 -0.646251 -0.127645 0.199529 0.078237 0.326066 -0.568727 0.040771 -0.102564
-0.289569 0.344589 -0.771919 -0.496568 0.215405 -0.265778 -0.407145 -0.402912 -0.126387 -0.426367
-0.251329 -0.734589 -1.219035 -0.441771 0.632830 -0.405395 -0.183151 -0.401669 1.026499 -0.681548
0.441652 -0.303477 -1.297451 0.017482 -0.410575 0.081797 -0.943846 -0.418636 0.035175 -0.441209
-0.181043 -0.254221 -1.190737 -0.472490 1.440152 -0.134073 -0.121291 -0.560558 0.256020 -0.640702
0.040245 0.395508 -1.535470 -0.842525 -0.085177 -0.344861 -0.956000 -0.390547 -0.192670 -0.713773
-0.054452 -0.835273 -0.490697 0.167979 -0.350651 -1.010929 -0.710148 0.257655 0.561948 -0.286506
0.298491 -0.177482 -0.946365 -0.416849 1.193322 -0.378392 -0.203364 -0.164912 -0.414094 -0.193771
-0.269532 -0.530630 -0.917827 -0.070081 0.271292 -0.595685 0.088060 0.885224 0.471729 -0.306798
0.764851 -1.164974 -0.420817 0.351028 0.060943 -0.292565 -0.429612 -0.452680 -0.372473 0.423305
-0.407908 0.041781 -1.443818 -0.765700 0.842620 0.235695 -0.267447 0.821553 0.172750 -0.683141
0.755956 -0.570128 -1.251675 0.119893 0.482753 0.289235 -1.024822 0.918551 -0.109297 0.452076
-0.835789 0.012744 -0.721305 -0.698842 1.131058 -0.102622 -0.386696 0.579447 0.214393 -0.533385
-0.803743 0.236299 -1.381710 -0.619002 0.433144 -0.410352 0.739221 0.291457 -0.276633 -0.766913
-0.952767 -0.226197 -1.253457 -0.698522 0.575462 0.086805 0.450509 0.742117 0.112863 -1.202369
-0.416284 -0.249743 -1.325935 -0.753743 0.882050 -0.097838 0.204626 0.145490 -0.076588 -0.038780
-1.160059 -0.745104 -0.010449 -0.744133 0.336188 -0.006898 0.402312 0.532301 0.789719 -1.109764
-0.115986 -0.657697 -1.447723 -0.337589 0.498825 -0.245081 -0.331583 -0.174332 -0.369302 -1.317278
-0.280643 -0.037696 -1.005007 -0.226245 0.200108 -0.115910 -0.995536 0.338118 0.545345 -0.809656
-0.215026 -0.686632 -1.059123 -0.255447 0.219754 0.187806 0.119862 -0.098620 0.094425 0.019300
-0.903990 -0.286685 -0.157498 -0.737233 -0.139815 -0.260211 0.100964 -0.398567 0.155347 -0.787649
-0.889866 -0.322721 -0.577076 -1.064353 0.684870 -0.071991 -0.434210 0.466754 -0.104171 -1.063095
0.564095 -0.680113 -1.482252 -0.100662 0.403936 -0.733458 0.322416 -0.521868 0.217692 -0.407123
0.340577 -1.081342 -0.954575 -0.156361 0.125646 -0.132634 0.523901 -0.294385 0.186629 -0.434980
0.456543 -0.711361 -1.091622 -0.428257 0.793819 -0.530756 -0.375099 0.571863 -0.193935 -0.801985
-0.115520 -0.080193 -1.518355 -0.789661 0.508092 -0.229932 0.329372 0.116848 -0.190959 -0.645987
0.546879 -0.613660 -1.336688 -0.043050 0.279719 -0.058792 -0.257488 0.435165 0.067781 -0.261005
-0.095062 0.122536 -1.105124 0.050325 0.095863 0.069740 0.216824 0.544795 -0.271539 -0.122194
-0.261544 0.260527 -0.722398 -0.385984 0.410291 0.296326 -0.093679 0.091619 0.063459 -0.494178
-0.260367 0.147390 -0.405193 0.082682 0.557935 -0.049632 0.286664 -0.135756 -0.267741 -0.435388
0.397651 0.124414 -1.356126 -0.782671 -0.597129 0.094493 -0.501521 -0.383899 0.535401 -0.809056
-0.180267 -0.779033 -0.432016 -0.462830 0.783351 0.038397 -1.012492 -0.275736 0.266424 -0.113041
-0.399824 -0.399799 -1.167664 -0.227629 0.562280 -0.666217 -0.943072 0.447467 0.658506 -0.677589
-0.067892 -0.358864 -0.089853 -0.272209 0.585177 0.017503 -0.861380 -0.216066 -0.358666 -0.161083
0.281001 0.131555 -1.754251 -0.271454 -0.145392 -0.095059 -0.242757 0.416531 0.087684 -0.538144
-0.302342 0.283040 -1.403449 -0.630233 -0.024696 0.195782 0.278552 0.524339 -0.025045 -0.471206
0.180664 -0.820804 -1.304114 -0.800303 0.118754 -0.161342 -0.147217 0.082975 0.074017 -0.233796
-0.622693 0.163014 -1.580991 -0.763242 0.832481 -0.408089 0.799889 0.288371 -0.233148 -0.468840
-0.229862 0.639071 -1.049561 -0.088014 0.106261 -0.059834 0.063658 0.786521 0.014392 -0.210469
-0.270687 0.689069 -1.008870 -0.266388 0.218148 0.103820 -0.122128 0.773081 0.140648 -0.118657
-0.579919 0.267006 -1.501407 -0.938412 0.259646 -0.650735 -0.255962 0.491201 0.407086 -0.688158
-0.363374 0.234982 -0.731806 -0.697846 0.872079 -0.186887 0.146573 0.340541 0.258083 -0.489621
-0.180661 0.161247 -0.707042 -0.333960 0.721543 0.015618 -0.304496 0.726998 0.626526 -0.708412
-0.623916 0.218599 -1.479818 -0.194116 0.721016 0.343236 -0.036684 0.202738 0.493681 -0.503806
-0.133254 0.599962 -1.037412 0.012305 0.356333 0.020267 0.008191 1.152399 0.323780 -0.352656
-0.053749 -0.225663 -1.269096 -0.538001 -0.256595 0.417722 -0.332003 0.656106 0.472759 -0.394853
0.577972 -0.412203 -1.166042 -0.353394 -0.548317 -0.023649 -1.063042 0.071325 0.206721 -0.051443
1.195020 -0.485039 -1.461300 -0.076992 -0.322395 0.630743 -0.626405 0.404636 0.717499 0.615222
1.056207 -0.205675 -1.537694 -0.434268 -0.078077 0.444094 -0.649814 0.459306 0.654125 0.343980
1.204335 -0.358674 -1.513965 -0.252450 -0.213458 0.502626 -0.665182 0.450559 0.789288 0.460321
0.810370 -0.725677 -1.417835 -0.554249 0.739715 0.853331 -0.995216 -0.160465 0.553814 -0.751441
0.904158 -0.054194 -1.291760 -0.458085 0.141713 0.350075 -0.877489 0.327460 0.832715 0.063108
0.648822 -0.343915 -1.250681 -0.283861 -0.229553 0.083725 -0.953324 0.329949 0.454164 0.006001
0.786419 -0.438255 -1.302373 -0.405945 -0.358071 0.312235 -0.998066 0.169356 0.384939 0.000300
1.025194 -0.358304 -1.496097 0.060193 -0.152858 0.108223 -0.600003 0.144820 0.330041 -0.156819
0.794160 -0.728029 -1.663036 0.044038 -0.962741 -0.134453 -0.190136 0.024010 -0.096611 -0.212165
0.920231 -0.222446 -1.605430 -0.151601 -0.119088 0.265258 -0.542283 -0.292323 0.440743 0.250865
0.662082 -0.545081 -1.718263 -0.398658 -0.480032 0.245337 -0.934373 0.256343 0.402274 0.417091
1.063658 -0.521127 -1.504107 0.113596 -0.341670 0.409129 -0.747476 0.363453 0.997119 0.588139
1.160297 -0.773321 -0.949172 -0.263653 -0.205779 0.245482 -1.454474 0.583436 0.790113 0.043389
0.293302 -0.680929 -1.420186 -0.620375 0.092132 0.320638 -0.189026 0.303668 -0.024127 0.347712
1.035824 -1.045024 -1.754939 0.001562 -0.773237 -0.123677 -0.447913 -0.324773 0.429127 -0.282017
1.228890 -0.411635 -0.927308 -0.145448 0.052557 0.264069 -0.997840 0.430405 1.006876 0.280364
-0.444866 -0.272938 -1.034483 -0.780783 0.397089 -0.593686 -0.714613 -0.110098 0.559207 -0.266487
1.203013 -0.258197 -1.488236 -0.288527 -0.253405 0.314860 -0.869943 0.088308 0.809160 0.141764
0.872005 -0.226209 -1.722511 -0.430799 -0.322709 0.161555 -0.764411 0.248141 0.594116 0.308594
