0.083488 -0.507746 -1.632819 -0.723860 0.338232 -0.108965 -0.633116 0.504971 0.266820 -0.732255
0.058525 -0.332091 -1.690211 -0.540342 0.316546 -0.197972 -0.326788 0.344422 0.426675 -0.893188
-0.055198 -0.258354 -1.234828 -0.407862 0.096583 -0.371088 -0.583394 0.235855 0.490046 -1.081209
-0.497334 -0.141454 -0.604385 -1.200877 1.003588 0.106314 -0.163301 0.316885 0.503601 -0.168970
-0.101619 -0.325582 -0.885156 -0.599602 0.849274 0.053270 -0.508046 0.656284 0.139172 -0.061692
0.221630 -0.365841 -1.416333 -0.507994 0.181725 -0.136552 -0.714213 0.279110 0.724904 -0.994286
-0.727730 -0.302271 -0.917941 -0.296917 0.642249 -0.097879 -0.021924 0.543776 0.506422 -0.421441
0.034966 0.398534 -1.498832 -0.332033 0.357195 -0.635329 -0.209216 0.928779 0.033114 -0.569866
0.198130 -0.121613 -0.948844 -0.233261 0.430219 -0.461051 -0.574653 0.398081 0.736236 -0.692672
-0.214182 -0.142928 -1.536931 -0.543846 0.373801 -0.068480 -0.120378 0.747524 0.330204 -0.959497
0.229365 -0.701205 -1.474618 -0.611187 0.577654 0.106016 -0.431382 -0.616111 -0.210597 -0.119730
-0.339328 -0.923655 -0.832984 -0.175145 0.970354 -0.143787 0.229434 -0.003882 0.048075 -0.531135
-0.639315 -0.279014 -0.735072 -0.439423 0.451045 0.276099 -0.251291 0.333568 0.466709 -0.434763
-0.715960 -0.271347 -0.813385 -0.065298 0.387875 -0.109386 -0.101924 0.505152 0.718497 -0.569713
-0.624137 -0.836638 -0.055867 0.007076 0.491531 -0.399503 0.502349 -0.657496 -0.516012 -0.605498
-0.432943 0.945231 -0.518895 -0.415515 0.937294 -0.247459 -0.207953 0.107018 0.375285 -0.977604
0.104975 -0.654302 -0.526466 0.320120 0.912942 -0.229229 -0.354078 0.096465 -0.189503 -0.384010
-0.849978 -0.502277 -0.614490 -0.537421 0.598007 0.023317 0.349490 0.055179 0.471362 -0.400285
-0.436008 -0.842552 -0.684881 -0.702931 0.292576 -0.214412 -0.369110 0.658491 0.064450 -0.273675
-0.340832 -0.318867 -0.677564 0.304605 0.209075 -0.172447 -0.019861 0.458512 -0.508588 -0.301618
0.155166 0.200114 -0.922650 -0.427815 0.514203 0.246683 -0.533671 -0.019539 0.453119 0.091621
0.377783 -0.268905 -0.986888 -0.451964 0.044709 0.398818 -0.554110 0.207935 0.614831 -0.689837
-0.407902 -0.304279 -0.893931 0.075837 0.377016 0.032206 -0.031708 0.547727 0.298104 -0.770642
0.264150 0.010619 -1.086794 0.270138 0.577114 -0.468926 -1.001554 0.595225 0.205395 -0.194813
-0.621281 -0.344922 -0.979017 0.076280 0.292938 -0.199631 -0.243628 0.942382 0.428208 -0.253608
-1.005027 -1.081057 -1.460522 -0.280733 -0.719698 -0.161525 -0.468902 0.309879 0.475008 -0.455775
-0.488225 -0.698348 -0.859432 0.344160 -0.090861 0.228425 -0.527828 0.353977 0.366269 -0.321487
-0.738496 0.076823 -0.939152 -0.595864 0.750288 0.183376 -0.175276 0.246079 0.436730 -0.857147
-0.702469 -0.620443 -0.417582 -0.215193 0.812195 -0.371069 0.995461 0.013460 -0.020800 -0.500858
0.248737 -0.769715 -0.862109 -0.515159 0.640462 -0.610273 -0.089856 -0.201489 0.239210 0.151606
0.517327 -0.020245 -0.938067 -0.259422 0.481439 -0.111825 -0.025535 -0.979028 0.190055 -0.444059
0.238146 -0.781143 -0.865067 0.015518 0.872753 0.126486 -0.235294 -0.571635 -0.146715 -0.107259
-0.003107 -0.172138 -0.976358 -0.029269 0.877638 -0.127656 0.101523 -0.029564 0.380420 -0.901595
-0.181177 -1.036390 -0.700508 0.057083 0.624882 0.100962 -0.517024 -0.484600 -0.514702 -0.402016
0.022436 -0.801989 -0.392234 -0.089137 0.588265 0.071866 -0.349902 0.532082 0.594036 -0.574520
-0.246926 -0.610330 -2.067862 -0.287275 0.435411 -0.002715 -0.472655 0.843539 -0.016243 -0.965766
-0.185720 0.274470 -1.466770 -0.682705 1.088620 0.098838 -0.061948 -0.213114 -0.490350 -0.318406
-0.259353 -0.461209 -0.281538 -0.196533 0.982094 0.306183 -0.366763 -0.026959 -0.029516 -0.050087
0.451830 -0.216785 -1.486916 -0.253953 0.294798 -0.007367 -0.892194 -0.275141 -0.068849 0.178001
-0.104637 -0.091220 -0.649792 -0.340103 0.276590 0.341655 -0.321335 0.385404 0.315269 -0.063852
-0.223717 -0.203830 -0.383988 -0.073064 -0.133160 0.452336 -0.091368 0.393017 0.398095 -0.218965
-0.290402 0.793827 -1.081567 -0.648437 0.689955 -0.187468 -0.245702 0.710769 0.283034 -0.543429
-0.740900 -0.708330 -0.467084 -0.805255 0.177667 -0.331398 -0.135295 -0.320383 -0.118278 -0.211636
-0.307646 0.157505 -1.667721 -0.718245 0.444187 -0.171072 0.018663 1.021045 0.574629 -0.291408
-0.020069 0.502341 -1.762946 -0.547932 0.413863 0.154034 -0.482230 1.038441 0.766678 -0.249285
-0.509211 -0.155466 -0.567939 -0.191060 0.392958 -0.671193 0.418249 0.419896 0.297722 -0.755989
-0.175493 -0.528804 -1.288789 -0.317247 -0.104778 0.108266 -0.228180 -0.308404 0.349527 -0.136443
-0.418861 -0.854241 -0.941892 -0.172871 0.652648 -0.515451 -0.489862 -0.175657 0.026065 -0.397386
0.329217 -0.323104 -1.691489 -0.793848 0.335395 0.146407 0.326024 -0.401859 0.296204 -0.564520
0.199082 -0.858842 -1.096724 -0.359675 0.945059 -0.616315 0.058704 -0.079065 0.330256 -1.279051
-0.450724 -0.637159 -0.498517 -0.545499 1.004155 0.013997 -0.036167 -0.015226 0.947621 -0.222398
-0.356698 -0.920271 -0.962886 0.488200 0.876761 -0.107388 -0.019138 0.519345 -0.728865 -0.819930
-0.513561 -0.079000 -1.494663 -0.495770 0.704366 0.173233 0.115696 0.277555 0.137503 -0.418011
0.071187 -0.557369 -1.655076 -1.085756 0.433046 0.139253 0.044119 -0.259793 0.217499 -0.418324
0.184507 -0.800432 -1.382378 0.081606 0.560858 -0.309165 0.112520 -0.201746 -0.022628 -0.675274
-0.111886 0.003579 -0.858380 -0.591111 1.085918 0.328570 0.076023 -0.201493 0.064220 -0.749965
-0.924589 0.562591 -0.840797 -0.297136 0.842630 -0.107717 0.810392 0.180103 0.063947 -0.645652
0.214530 -0.058867 -1.052976 0.129096 0.636057 0.141197 -0.519127 1.204074 -0.041254 -0.097017
-0.181536 -0.010844 -1.472973 -0.628708 0.512176 0.025045 0.011094 0.441283 -0.806139 -0.865239
-0.146544 -0.071755 -0.497583 -0.547959 1.106784 -0.092826 0.003592 0.358741 0.554594 0.243581
-0.455125 0.183413 -1.106891 -0.733364 1.031774 -0.382603 0.126920 0.273861 0.304700 -0.609461
-0.631757 -0.165426 -1.396803 -0.644987 0.743428 0.034872 -0.464695 0.405264 0.528796 -0.372877
-0.418967 0.216258 -0.922379 -0.824634 0.863341 -0.318610 -0.057429 0.611398 0.605185 -0.366012
0.352742 -1.001404 -1.143386 0.028819 0.173574 -1.117587 -0.017640 0.711014 -0.101990 -0.669054
-0.362407 -1.129775 -1.154800 -0.415734 0.095443 -0.054396 -0.335324 -0.315853 0.259165 -0.357683
-0.561862 0.089884 -0.841040 -1.094492 0.599121 -0.303031 -0.560622 -0.250643 0.253306 -0.228154
-0.453671 0.136274 -0.116785 0.236396 0.780148 -0.316805 0.299021 0.192652 0.135799 -0.186817
-0.403582 -0.002799 -0.494624 -0.569337 1.078352 -0.303890 0.377649 0.564376 0.277081 -0.250487
0.512116 -0.647710 0.207270 -0.473348 0.574402 -0.440841 -0.474216 -0.142118 0.288986 -0.381091
0.604772 -0.917790 -0.923759 -0.128768 0.212742 -0.093531 -1.078637 0.166545 0.151608 -0.347194
0.345796 -0.313810 -0.702990 0.159705 0.235144 -0.214322 -0.975762 0.334580 0.179525 -0.533143
0.372770 0.069400 -1.146569 -0.605360 -0.058368 0.886045 -0.161098 0.571501 0.656725 0.013395
-0.696688 0.025060 -1.181160 -0.557863 0.345496 -0.225189 0.205169 0.798041 0.449263 -0.559148
-0.039958 -0.256178 -0.785889 -0.423633 0.281761 -0.396625 0.008711 0.466394 1.026285 -0.753271
-0.246024 -0.299942 -0.753738 -0.035490 0.375468 0.116501 -0.103643 0.954695 0.275444 -0.357238
-0.815261 -0.786809 -0.835421 -0.322661 0.719118 0.215264 0.133581 0.823044 0.988604 -0.625556
-0.293197 -0.562395 -1.060296 -0.496441 0.075865 -0.895200 -0.563452 -0.064412 -0.249920 0.008185
-0.738416 0.402779 -1.634033 -1.114630 0.712609 0.198672 0.116571 -0.045136 -0.354109 -0.397179
-0.588273 -0.350399 -0.345156 -0.277871 0.092383 0.447990 0.042349 0.403796 0.053078 -0.490017
-0.990200 -0.044458 -1.152842 -0.558672 1.184905 -0.223382 0.381272 0.624717 0.160708 -0.955831
-0.389444 -0.216097 -0.781637 -0.928482 0.586636 0.440414 -0.426227 -0.323923 -0.467733 -0.963669
-0.462002 -0.859729 -0.219076 0.371994 0.084498 -0.546946 0.055679 -0.485531 -0.199352 -0.513307
-0.317247 0.022937 -1.194166 -0.336033 0.024437 -0.305024 -0.039515 0.508747 0.044302 -0.293156
-0.459816 0.404397 -1.385587 -0.876930 0.771543 -0.113241 -0.156635 0.741089 0.383077 -0.543048
-0.637376 0.498599 -1.151399 -0.135646 0.126767 0.306936 -0.153255 1.102015 0.387598 -0.799603
0.109922 -0.271420 -0.828667 0.203625 -0.048898 -0.551702 -0.567067 -0.124115 0.161289 -0.550986
0.202570 -0.031176 -0.551641 -0.581378 0.520683 -0.431249 0.137025 -0.732542 -0.927882 -0.761172
-0.323619 0.867505 -1.684718 -1.288852 0.792433 0.733516 -0.817125 0.932184 1.572886 -0.344932
-0.459829 -1.023603 -0.423854 -0.496166 0.560094 -0.407245 -0.198319 0.146802 -0.273594 -0.399927
0.076500 -0.135513 -0.770439 -0.372211 0.186465 -0.326084 0.166717 0.689648 0.540264 -0.120255
-0.716294 -0.931759 -0.847291 -0.848074 0.219458 0.257583 -0.351616 0.523526 -0.080259 -1.019860
-0.198256 -0.943244 -0.130120 0.154334 0.822121 -0.522718 -0.334930 0.781323 -0.025677 -0.265088
0.123138 -1.055315 -1.819005 -0.210647 0.553001 0.009251 -0.308151 -0.306821 0.464066 -0.812414
1.034319 0.081807 -1.141502 -0.457704 0.424908 0.164824 -0.805241 0.450332 -0.140881 0.096926
0.339728 -0.457515 -1.079298 0.103800 0.377615 -0.242766 -0.803627 -0.567110 0.220887 -1.020896
-0.406620 0.327672 -1.305334 -0.877200 0.795542 0.183880 -0.329585 0.868469 0.999484 -0.469579
0.618538 -0.294186 -1.549297 -0.883260 0.120697 -0.185771 -0.327372 -1.067982 0.331636 -0.250752
0.134696 -0.862220 -1.045483 -0.592754 1.043073 -0.345891 -0.141141 -0.082072 0.068175 -0.940140
0.252830 -0.449478 -1.091027 -0.178642 -0.098143 -0.314442 -0.520959 -0.194200 0.836373 -0.234364
-0.041601 -0.537540 -2.069900 -0.851560 0.669196 0.124259 -0.124208 -0.323276 -0.104476 -0.782816
0.114200 -0.934802 -0.041154 -1.135022 0.374445 -0.341519 -0.655925 -0.246750 0.179749 0.396913
0.400130 -0.799823 -1.373750 -0.481477 0.436005 -0.355512 -0.710243 -0.470657 0.847672 -0.311528
0.083109 -1.066142 -1.131473 -0.072915 0.625609 0.049803 0.430349 -0.671434 0.568589 -0.780223
0.436325 -1.086633 -0.964526 0.251970 -0.050880 0.054222 -0.211940 -0.373292 0.684880 -0.025383
-0.653024 -1.191939 -0.660404 -0.602197 0.413677 -0.047274 0.248417 -0.485265 -0.153604 -0.409667
-0.029399 -0.448121 -1.126218 -0.307615 0.468750 0.225226 0.375598 0.209199 -0.052724 -0.588816
-0.171151 -0.268994 -0.900637 -0.430146 0.003364 0.296605 -0.140547 -0.767632 -0.068236 -0.591779
-0.235101 -1.036249 -1.028388 -0.648417 0.090664 0.008873 0.344420 -0.550718 -0.098683 -0.565901
0.010793 -0.245806 -1.367237 -1.140706 0.391559 -0.057912 -0.060946 -0.384455 -0.467654 -0.486203
-0.202993 0.619001 -1.082626 -1.043489 0.977154 0.858522 -0.438387 0.724291 0.702699 -0.936486
0.235121 0.113440 -0.526163 -0.872035 0.942490 0.183006 -0.515424 0.447752 0.250997 -0.027452
0.464813 -0.747330 -1.020984 -0.735908 0.544482 -0.610604 -0.999620 -0.944799 -0.450764 -0.286714
0.233461 -0.778763 -0.627190 -0.574028 0.869722 0.397972 -0.595424 -0.095884 -0.073124 0.059706
0.376487 -0.761167 0.187378 0.000277 0.751255 0.161662 -0.528950 -0.935341 -0.821445 0.135021
0.441214 -0.727314 -0.420596 0.013932 0.435520 0.227200 -0.024762 -1.147233 -0.349600 -0.056215
-0.153424 -1.091077 -0.712848 -0.296904 0.732042 -0.044516 -0.232630 -0.226093 0.302495 -0.024673
0.030689 -0.998188 -0.893121 0.527882 0.131356 0.002472 0.296868 0.281428 0.236527 -0.154633
-0.406005 -1.139731 -0.878565 0.265961 0.319673 -0.242853 0.750444 -0.276253 -0.351468 -0.186387
-0.142187 0.087826 -1.539272 -0.822351 0.287862 -0.083149 -0.271654 0.809004 0.510599 -0.347473
-0.260744 -0.720891 -0.574091 0.269092 0.154169 -0.247709 0.067622 -0.694644 0.436553 -0.605657
-0.191465 -0.679990 -0.864375 -0.223107 0.234657 -0.511818 -0.985651 0.055040 0.701624 -0.534363
-0.001884 -0.309107 -1.312177 -0.265418 0.168055 -0.335393 -0.134232 -0.147612 0.477237 -0.825698
0.291089 -0.971431 -1.582334 -0.696448 -0.041654 0.042152 -1.118881 -0.294213 1.168994 -0.772230
0.025113 -0.164866 -1.172664 -0.563345 0.204503 -0.241456 -0.669867 0.007675 0.905105 -0.396261
-0.284087 -0.623914 -0.702854 -0.287991 0.730540 0.222391 0.292591 0.073147 0.118038 -0.481333
0.094412 -1.249304 -1.381525 -0.111168 0.631738 -0.419355 -0.107695 0.239370 0.627973 -0.741656
-0.107374 -0.331157 -1.178942 -1.097824 0.619339 -0.499316 0.195942 -0.045473 0.254422 0.148392
-1.379793 -0.014242 -1.275684 -0.429569 -0.055026 -0.312127 0.164128 0.202927 0.041766 -1.079275
0.160763 -0.398994 -1.376695 -0.444959 0.502564 -0.358659 -0.367638 0.123703 0.544157 -0.400327
-0.308303 -0.604366 -1.852250 -0.165834 0.580658 0.284616 -0.129687 -0.082820 -0.253030 -0.588914
0.087250 0.011942 -1.426003 -0.559232 0.406004 -0.199385 -0.233966 0.055775 -0.030746 -0.770067
-0.373943 -0.067894 -0.751725 -0.594530 0.970536 0.108486 -0.842543 0.095050 0.444341 -0.050364
-0.083888 -0.966979 -2.117969 -0.584058 0.285974 0.208612 -0.286294 -0.476584 1.222962 -0.990187
0.491423 -1.301457 -1.435814 -0.424151 0.374713 -0.474826 0.322067 -0.116957 0.023801 -0.731730
-0.260674 -0.423834 -1.111842 -0.708149 0.637749 -0.239933 0.323871 -0.168837 -0.425865 -1.282064
0.298503 -0.591635 -1.583812 -0.620560 0.164979 0.360414 -0.695155 -0.413655 0.637585 -0.508412
-0.286361 -1.031435 -0.667138 -0.190763 0.600414 -0.615999 -0.368252 -0.432275 -0.538261 -0.308246
0.335849 -0.805337 -1.404915 -0.442606 0.482834 -0.049264 -0.284044 0.929249 0.580480 -0.565827
-0.100556 -0.166768 -1.292695 -0.210204 0.387871 -0.296973 -0.581485 1.033331 0.370538 -0.859932
0.260273 -0.324931 -0.929673 -0.053942 0.230547 -0.118490 -0.756444 -0.983680 0.418031 -0.490086
-0.615309 0.483844 -1.785073 -1.433092 0.617677 0.558648 -0.887558 0.841402 1.406512 -0.728089
-0.115017 -0.488215 -0.630539 -0.099516 0.018000 0.302441 0.123248 -0.548477 0.667364 -0.663242
-1.150683 -0.829491 -0.562190 -0.663778 0.600823 -0.402096 0.422074 0.009625 -0.023921 -0.351167
-0.535986 -0.229337 -1.304172 -0.631192 0.479082 0.051765 -0.718033 0.178497 -0.330625 -0.273197
-0.005361 -0.431675 -0.340821 -0.319283 0.513885 -0.210193 0.070348 0.104667 0.419571 -0.060796
-0.481933 -0.645855 -1.152619 -0.283791 0.590717 0.192441 -0.095163 -0.073564 -0.571079 -1.027362
-0.474353 -1.017477 -1.780290 -0.389146 0.380314 0.012907 0.303769 -0.047163 -0.196879 -0.907980
-0.311140 -1.333029 -0.746079 0.418679 0.560969 -0.433864 -0.161683 0.626842 -0.068147 -0.535076
-0.062923 -0.255523 -1.191405 -0.183150 -0.025281 -0.216043 -0.205766 -0.163326 -0.895087 -0.898612
0.161533 -0.746502 -1.337122 -0.741888 0.313429 0.342050 -0.184689 -0.247932 0.306924 -0.471457
0.076360 -1.184643 -1.050722 0.200179 -0.581919 -0.481118 -0.578056 0.465150 0.583683 -0.964435
0.929344 0.063241 -1.428422 -0.534022 -0.039069 0.381851 -1.158149 0.293485 0.617899 -0.024654
0.506288 -0.577697 -0.985202 -0.181770 0.025042 0.297479 -0.623584 0.463276 0.508164 0.070082
0.609975 -0.717324 -0.340263 -0.248880 0.656126 0.341461 -0.678161 1.023776 1.128167 -0.140412
0.560704 -0.205981 -1.461140 -0.150374 -0.055296 0.316911 -0.558427 0.393142 0.782687 -0.085278
0.084418 -0.532134 -1.423452 -0.742351 -0.006840 -0.152454 -0.724945 0.530180 0.423312 -0.398208
0.595277 -0.449705 -1.314337 -0.603968 -0.137759 0.437889 -0.819975 0.101158 0.119726 0.220184
0.440827 -0.480504 -1.035902 -0.088139 -0.319687 0.017999 -1.067035 0.065229 0.422155 0.176536
0.508486 -0.497270 -1.419566 -0.695291 -0.016016 0.353325 -0.593784 0.646676 0.071427 0.065005
0.965461 -0.480086 -1.333696 -0.306748 0.179767 0.603363 -1.139822 0.829502 0.298478 0.107751
0.746776 -0.269843 -1.289554 -0.312742 -0.339688 0.171248 -1.062632 0.135780 0.424752 -0.059429
0.725219 -0.271347 -1.304827 -0.410944 -0.340843 0.118095 -1.021514 0.248180 0.460870 0.012019
0.594164 -0.357737 -1.472068 -0.435349 -0.412017 0.105267 -0.803650 0.228299 0.334659 0.066659
0.895561 -0.299772 -1.427465 -0.372843 -0.173277 0.403105 -0.790306 0.392743 0.446960 0.429562
0.988604 -0.075028 -1.596594 -0.069028 -0.090589 0.471372 -0.886636 0.600533 0.577650 -0.043579
0.742184 -0.438633 -1.737292 0.075665 -0.219986 0.137583 -0.800049 0.396558 0.945320 -0.239844
0.809569 -0.239231 -1.357245 -0.407225 -0.221353 0.332832 -0.918695 0.290478 0.668532 -0.021512
0.967467 -0.599402 -1.551106 -0.053452 0.116234 0.153121 -1.021675 -0.171854 0.593291 -0.171522
0.682346 -0.233406 -1.273865 -0.379527 -0.220978 0.068563 -1.106805 0.302807 0.466026 -0.059177
0.662367 -0.310230 -1.213006 -0.341269 -0.266527 0.055396 -1.118099 0.199143 0.450500 -0.098938
1.018445 -0.939764 -1.221675 -0.001927 -0.452523 0.399288 -0.626787 -0.082492 0.315317 -0.360431
0.791384 -0.219687 -1.678144 -0.369909 -0.057591 0.131262 -0.854347 0.303483 0.788071 0.111931
0.953289 -0.367569 -1.510137 -0.374681 -0.558496 0.347155 -0.880626 0.125102 0.401754 0.282305
1.286828 -0.498671 -1.600410 0.020890 -0.245072 0.435922 -0.644572 0.454199 0.954728 0.597024
0.924400 -0.204259 -1.593847 -0.373171 -0.358509 0.616116 -0.910534 0.456897 0.666190 0.362566
1.106156 -0.429698 -1.676877 -0.461326 -0.263426 0.371095 -1.044901 0.034789 0.381642 -0.007840
0.485730 -0.131341 -1.482069 -0.691974 -0.050228 0.238652 -0.913399 0.383051 0.669154 0.154665
0.707827 -0.733729 -2.293664 -0.425617 -0.179379 0.309651 -0.234570 -0.531489 0.084878 -0.450730
1.205892 -0.182322 -1.363009 -0.376094 0.292927 0.376218 -1.249462 1.060737 0.751396 0.456289
1.077709 -0.835920 -1.900821 0.300370 -0.195838 -0.272481 0.006765 -0.657776 0.220933 -0.607098
0.950635 -0.346146 -1.520424 -0.401441 -0.359051 0.239145 -0.920843 0.352448 0.466793 0.288904
0.893697 -0.747457 -1.341974 0.008634 0.125315 0.184258 -0.304993 0.598355 1.090410 0.385389
0.941860 -0.392378 -1.569553 -0.417592 -0.333463 0.624186 -0.807955 0.190047 0.610047 0.244216
0.845596 -0.343440 -1.705984 -0.375514 -0.422599 0.409155 -0.873136 0.311535 0.655878 0.439540
0.990502 -0.153717 -1.431728 -0.431103 0.097134 0.437423 -0.818979 0.837758 0.844804 0.452267
0.850424 -0.131486 -1.597939 -0.461005 -0.084595 0.340301 -0.887819 0.523712 0.714166 0.184092
0.566050 -0.800184 -0.609148 -0.459718 0.273427 -0.000914 -0.031693 0.680563 0.803367 0.276290
0.948368 -0.938620 -1.617108 -0.297601 -0.306923 0.406656 -0.854298 -0.164339 0.488227 0.131953
1.008757 -0.325129 -1.509188 -0.407688 -0.398794 0.548924 -0.791832 0.250537 0.417660 0.371165
1.170325 -0.310091 -1.272600 -0.082299 -0.080260 0.499952 -0.976278 0.519468 1.023956 0.171656
0.706431 -0.141370 -1.387119 -0.559657 -0.223609 0.256016 -0.975185 0.322859 0.409288 0.022474
0.896030 -0.078685 -1.537171 -0.448681 -0.022826 0.300361 -0.894737 0.557052 0.765113 0.149088
1.096712 -0.615263 -1.446809 -0.081558 -0.181911 0.510726 -0.558862 0.553682 0.602964 0.796843
