-0.241148 0.514839 -1.401565 -0.616095 0.891283 -0.142815 0.007256 0.948910 0.262179 -0.374186
-0.181307 -0.804251 -1.227912 -0.542013 0.525236 0.290481 -0.041519 -1.265953 0.589239 -0.876674
-0.248099 -0.237326 -1.316486 -0.883411 0.095412 -0.011743 -0.120065 0.115763 0.864893 -0.554536
0.632611 -0.765404 -1.336819 -0.203578 -0.118687 -0.638282 -0.083106 -0.430303 0.622783 -0.422932
-0.388442 -0.452545 -0.412728 0.064611 0.136895 -1.003142 -0.246284 0.129555 0.709195 -0.806529
0.310960 -0.558837 -0.894826 -0.382446 -0.370424 -0.172470 -0.429602 0.080115 0.049563 -0.669475
0.497440 -0.153200 -1.319744 -0.157931 0.573771 -0.559146 -0.609359 -0.290078 0.084615 0.018988
0.067592 -0.496461 -0.993968 -0.225092 -0.014610 -0.013197 -0.602916 -0.207221 0.265891 -0.769464
0.178556 -0.685558 -1.344207 -0.655831 0.320853 0.053728 -0.156423 -0.558712 0.769121 -0.500946
-0.545719 -0.097090 -0.290738 -0.435616 -0.355242 -0.604488 0.253135 -0.535232 -0.206425 -0.987378
-0.366704 -0.136901 -1.044172 -1.140795 1.037271 -0.635700 -0.475771 0.167795 -0.258645 -0.457662
0.320058 -0.723170 -0.793251 0.178142 0.588011 -0.864107 -0.409284 -0.482232 -0.000828 -0.746618
-0.827178 -0.246313 -1.125240 -1.071017 1.054479 -0.414835 0.154997 -0.009030 0.642942 -0.329511
0.092971 0.052151 -1.424480 -0.647721 0.304684 0.282308 -0.446725 0.083693 1.039107 0.033280
-0.291547 -0.221531 -0.832073 -0.846236 0.520031 -0.445065 -0.308781 0.149763 0.693842 -0.057846
-0.289786 -0.168653 -0.781383 -0.752190 0.734561 -0.413102 -0.242031 0.070334 0.873979 -0.035545
0.680353 -1.535395 -1.256605 0.265903 0.160351 -0.794841 0.248592 -0.498059 0.545324 -0.636115
-0.177675 -0.400462 -0.378950 -0.887715 0.470613 -0.022740 -0.188632 -0.590035 0.741645 -0.286863
-0.227008 -0.343412 -0.746741 -0.192716 0.224337 -0.140410 -0.154643 0.316419 0.495621 -0.905316
-1.011508 0.186229 -1.070584 -0.887749 0.423467 -0.272088 0.282426 -0.362919 0.132207 -0.681213
-0.430151 -0.711978 -0.448276 0.011316 -0.130443 -0.364981 -0.906345 -0.299467 -0.028522 -0.069476
-0.227514 -0.113414 -0.049578 -0.535257 0.693132 0.013589 -0.022336 -0.096848 0.312886 -0.415862
-0.919810 -0.430917 -0.323861 -0.312265 0.881613 -0.526251 0.032170 0.784077 0.412649 -0.199517
-1.250734 -0.090526 -0.730203 -0.687829 -0.009097 0.016515 0.184431 -0.144723 0.187594 -0.238491
0.169560 -0.228769 -0.412819 -0.490789 0.674029 -0.586586 -0.334176 -0.326905 0.197263 -0.007047
0.079255 -0.420768 -0.733300 -0.976677 -0.162286 -0.523553 -0.111680 -0.590796 -0.052263 -0.646357
0.054097 -0.598217 -0.410558 -0.413658 0.590735 0.094839 -1.060562 -0.014290 -0.305056 -0.138408
-0.142425 -0.567220 -1.027373 -0.293337 0.911820 -0.130244 -0.931614 0.047060 0.373269 -0.496289
-0.402626 -0.443317 -1.006040 -0.519420 0.126984 -0.183828 0.617647 0.281395 -0.053406 -0.889162
-0.460981 -0.030263 -0.360921 0.322861 -0.008794 -0.481634 0.064734 1.107025 0.631923 -0.638438
-0.443916 -0.235424 -1.195270 -0.303147 0.812811 -0.377117 -0.364693 0.124718 -0.764443 -0.636361
-0.272488 -1.272884 -0.938542 0.613482 -0.355989 -0.663850 -0.925415 0.684411 0.428405 -1.084159
0.280282 0.239056 -0.644993 -0.518146 0.706004 -0.086320 -0.022467 0.305113 0.359563 -0.741745
-0.354784 -0.656026 -1.397580 -1.076935 0.978664 -0.232157 0.335595 0.448007 0.346017 -0.694674
0.130239 -0.455098 -1.328692 -0.302896 0.257361 -0.178995 -0.508679 -0.148688 0.096974 -0.707526
-0.895154 0.497196 -0.544798 -0.057225 -0.332882 -0.367490 -0.007175 -0.044883 0.237361 -1.001772
-0.362722 0.342886 -0.699470 -0.573319 -0.382200 -0.782693 -0.208210 0.608416 -0.190792 -1.133279
-0.235371 0.211846 -0.961907 -0.655875 -0.033726 0.426887 0.145880 0.991269 0.170304 -0.488759
-0.458695 1.170521 -1.222245 -0.451608 0.344800 -0.158390 -0.288814 0.777126 0.214079 -0.684524
-0.412779 -0.478935 -1.028728 0.052087 -0.551293 -0.117017 0.210650 0.154390 0.161262 -0.496292
-1.253127 -0.455248 -1.155613 -0.377655 -0.222223 0.034354 0.937464 -0.127500 -0.132737 -1.067584
-0.565035 0.155153 -0.930708 -0.234805 -0.357359 -0.051134 0.422129 0.380863 0.474112 -1.025972
-0.498246 0.417403 -1.082062 -0.119088 0.155774 0.002396 0.202289 0.865616 0.553534 -0.296233
0.566322 -0.467023 -0.905228 -0.776596 0.141400 -1.138764 0.055241 -0.232408 -0.442228 -0.456027
-0.264394 -0.026942 -0.865288 -0.632345 0.320339 0.284677 -0.697087 0.634349 0.246693 -0.493609
-0.940996 0.970700 -1.561027 -0.604352 0.252999 -0.571927 0.044238 0.724880 0.225509 -0.616121
-0.335042 0.577993 -1.137891 -1.025577 0.439418 0.375609 0.449529 0.407888 0.077891 -0.143053
-0.387338 -0.514189 0.139812 0.065542 0.521516 0.029998 0.024019 -0.079047 0.174164 0.005373
-0.436704 -0.756545 -0.497194 -0.525820 -0.254046 -0.045712 -0.245257 0.830831 0.723040 0.178643
-0.254118 -0.944514 -1.031371 -0.160980 -0.061488 -0.309236 -0.532906 -0.093052 -0.020102 -0.363244
-0.341055 0.787196 -0.906326 -0.417783 0.761773 0.009202 0.052437 0.386801 0.249685 -0.669152
-0.828304 0.381754 -0.940457 -0.266246 0.408388 -0.241074 0.368968 0.735454 0.089674 -0.458640
-0.730408 0.683858 -1.104464 -0.672949 0.753979 -0.188844 0.288714 0.623064 0.277074 -0.725522
-0.769259 -0.045973 -0.525123 -0.402559 0.115998 -0.157825 -0.074053 0.478404 0.552606 -0.333136
-0.866435 -0.531342 -1.282788 -0.576237 -0.051819 -0.641473 0.518234 0.411538 0.100167 -0.667487
0.453591 -0.879273 -0.832030 -0.722851 0.345366 0.046800 -0.891243 -0.516996 0.649293 -0.312114
0.054106 0.084638 -0.915514 -0.634246 0.766851 0.024483 -0.757092 0.098323 0.431992 -0.446659
-0.041885 0.129402 -1.154922 -0.827579 1.182987 0.295861 -0.877001 0.070070 1.162121 -0.268710
-0.864410 -0.036003 -1.367785 -0.068310 -0.451815 -0.990161 -0.238336 0.179513 0.114462 -1.382382
-0.039808 -0.636497 -0.948798 -0.041219 0.379286 -0.510851 -0.082935 0.711170 -0.492633 -0.350365
-0.575577 -0.217304 -1.260501 -0.223205 0.152543 -0.414841 -0.323288 -1.056975 0.060585 -0.671110
0.247241 -0.027494 -1.473993 -0.581295 0.775454 -0.001811 -0.503188 0.556713 0.041190 -0.532814
-0.295412 -0.400912 -1.372598 -0.316524 0.431707 0.081250 -0.573110 0.201362 0.672677 -0.298226
0.223647 0.239924 -0.716628 -0.966781 0.665977 0.449203 -0.108007 -0.170064 0.435843 -0.079717
-0.233734 0.575001 -0.538767 -0.281233 0.312960 0.219116 -0.203937 0.114663 -0.179601 -0.539327
-0.635521 -1.528606 0.172469 -0.292882 0.368697 -0.628851 0.253996 0.045919 0.245137 0.203575
-0.344072 -0.735309 -0.595437 -0.052949 0.428558 -0.771751 -0.192541 0.629286 -0.537084 -0.427807
-0.027179 -0.221995 -0.677314 -0.337482 1.053907 -0.046949 -0.493975 0.719115 0.317697 -0.900113
0.157549 -0.679877 -1.183677 -0.442969 0.859904 -0.990989 -0.104610 0.744064 -0.416022 -0.904223
-0.011557 0.021550 -1.151608 -0.434567 0.978180 -0.252333 0.230104 0.994012 -0.274554 -0.690014
-0.876577 -0.442674 -0.737745 -0.167652 0.160114 -0.377273 0.741231 0.466282 -0.081183 -0.924928
-0.384321 0.299026 -0.810881 -0.373195 0.640876 -0.279586 0.029325 0.703676 0.616404 -0.715140
-0.330130 -1.133984 -0.264153 -0.572425 0.367333 -0.144129 -0.750260 0.025877 0.001746 -0.229477
-0.788354 0.071324 -1.295056 -0.801729 0.772546 0.119467 0.500237 0.660999 -0.066371 -0.664946
-0.191182 0.343669 -0.418251 -0.057484 0.459126 -0.022259 0.011532 0.358827 -0.024136 -0.567985
-0.497736 0.322890 -1.496716 -0.897107 0.627489 -0.333794 0.244056 0.695164 0.362171 -0.595654
0.114748 -0.129852 -0.823725 -0.231110 -0.016536 0.746536 -0.230301 0.615443 0.256770 0.060530
0.012120 -0.510092 -0.716848 -0.033770 0.489585 0.256660 -0.121772 0.501928 0.367419 -0.006511
-0.001732 0.296119 -0.676271 -0.400013 0.842083 -0.071316 -0.370879 0.432482 -0.063312 -0.006296
0.558812 -0.000684 -0.185184 -0.352106 1.211770 0.429040 -0.689782 0.627788 0.398907 -0.410876
0.274607 -0.235859 -0.763986 -0.899497 0.481225 0.467630 -0.161670 0.103726 0.044781 0.475918
-0.363446 -0.989502 -1.943952 -0.494674 0.140877 -0.219637 -0.690310 -0.143376 0.303925 -0.843442
0.608440 -0.760743 -1.431533 -0.076804 0.083141 -0.204190 -0.578870 0.635518 0.808608 -1.051860
-0.077166 0.011142 -1.639533 -0.623120 0.594290 -0.199104 -0.461830 1.069157 0.237990 -0.347743
0.026097 -1.264112 -0.875987 -0.711884 0.135300 -0.331920 0.049988 -0.035546 0.108760 -0.000989
-0.458739 0.062544 -0.778578 -0.536919 0.168245 0.254793 0.515889 -0.058327 0.103667 -0.866603
-0.149923 -0.402190 -1.114819 -0.210618 0.487056 0.367805 -0.799725 0.120921 -0.461176 -0.415878
-0.143022 0.091680 -0.911505 -0.789088 0.436783 -0.391339 0.374871 -0.316479 -0.288365 -0.633323
0.130215 -0.689059 -0.109497 -0.491721 1.083001 -0.538461 0.169681 -1.085894 -0.755130 -0.048117
-0.150343 -0.178464 -1.197178 -0.354417 0.441728 0.089939 -0.688377 0.038409 -0.515990 -0.552066
0.270663 -0.248766 -1.365372 -0.339076 0.797302 -0.289638 -0.163781 0.008015 -0.141356 -0.832778
0.206094 -0.251632 -0.990123 -0.277964 0.157084 0.120137 -0.495503 0.434886 0.263268 0.177937
-0.418556 -0.462294 -1.649990 -0.502338 0.377612 -0.399958 -0.363072 1.113269 -0.305869 -0.279500
-0.106139 0.508901 -1.423229 -1.302186 0.898717 0.122732 -0.850059 0.502456 0.696125 -0.596761
0.694295 -0.120811 -1.727997 -0.697810 0.492433 0.250839 -0.752830 0.030609 0.794657 -0.127747
0.348405 -0.755856 -1.064454 -0.513105 0.301879 -0.413212 -0.159362 -0.231811 0.280385 -0.706121
0.449847 0.378570 -1.574919 -1.190994 0.882484 0.127446 -0.589947 0.569623 1.115235 -0.119211
0.096829 0.224612 -0.646690 -0.528767 0.535479 -0.073260 -0.314011 0.246853 0.834276 -0.152863
0.295090 -0.807656 0.021915 0.526748 0.520009 -0.195118 -0.790824 -0.594670 0.155831 -0.594695
-0.002327 -0.301899 -1.511999 -0.257488 0.541472 -0.024140 -0.192324 0.386456 -0.192025 -0.877752
0.568217 -0.861902 -1.176707 0.260933 -0.231433 -1.211885 -0.286425 0.363580 0.580099 -0.431550
0.699764 -0.541655 -1.128606 -0.448680 0.154054 -0.596574 -0.066424 -0.320011 -0.444816 -0.401053
-0.444741 -0.501237 -1.565408 -0.649696 0.494138 -0.019148 -0.287843 0.610288 -0.130440 -0.527365
0.386434 -1.424127 -1.330273 0.031673 -0.155569 -0.763052 0.371541 -0.393409 0.236305 -1.510357
0.104148 0.084185 -1.567567 -0.435678 0.678003 -0.267720 -0.592970 0.633109 0.801279 -0.832580
-0.234306 0.049126 -0.526358 -0.445343 0.749854 0.031572 0.142512 0.321968 0.271268 -0.583310
-0.094443 -0.953464 -0.996620 -0.354404 0.166797 -0.878676 0.302551 -0.711187 0.182363 -1.225102
0.525267 0.002866 -1.425555 -0.506213 0.507216 0.021757 -0.622774 -0.361168 0.495789 -0.785783
0.009463 -0.701208 -1.533737 -0.821392 0.755972 0.080536 -0.817896 0.221088 0.548394 -0.104404
-0.331009 -0.643239 -0.795267 0.438914 0.234148 -0.452804 -0.745225 0.141448 0.074624 -0.682730
-0.358505 -0.103723 -0.821142 -0.572797 0.585489 -0.060415 -0.359199 0.629035 0.809581 -0.786314
-0.001313 -0.295860 -1.297299 -1.397344 0.536849 0.497557 -0.610476 0.207613 -0.060855 0.015702
0.075926 -0.804222 -1.462273 -0.803220 0.556990 0.103635 -0.791507 0.307921 -0.044914 -0.652972
0.154489 -0.661870 -1.190026 -0.232750 0.508632 0.056717 -0.378181 0.303269 -0.421118 -0.428290
-0.208446 -0.253490 -0.985877 -0.499710 0.393975 -0.353224 0.169235 0.024895 0.706932 -0.327921
0.579655 -0.676672 -1.479901 0.318455 0.492143 0.061508 -0.562793 -0.404493 0.570519 -0.439147
0.322083 -0.675862 -1.578188 -0.481420 0.331683 -0.436586 -0.138679 -0.855957 0.992292 -1.302440
-0.057236 -0.234090 -0.904798 -0.520291 -0.072659 -0.035211 -0.617496 0.344987 0.562035 0.144745
-0.105928 -0.810650 -0.713497 -0.569526 -0.542193 -0.507919 -0.556903 0.148452 0.966276 0.518334
-0.998940 -0.875465 -0.660875 -0.410116 0.860385 -0.084163 0.055244 0.856340 0.664592 -0.950739
0.289961 -1.001400 -0.043057 0.316180 0.667757 -0.270232 -0.493931 -0.443244 -0.338660 0.592908
-0.098610 -0.625238 -1.014825 -0.971639 0.037911 0.462373 -0.013257 -1.135620 0.103564 -0.219888
0.114182 -0.626643 0.609987 -0.252504 0.160880 -1.034501 -0.921320 -0.295957 -0.101882 -0.073200
-0.586461 -0.404245 -1.562051 -0.334247 -0.275533 -0.268282 0.112734 -1.005126 -0.500604 -1.016136
0.506656 -0.651629 -1.570525 0.052118 0.628133 -0.343570 -0.573980 -0.053706 0.784457 -0.664699
0.433099 -0.724902 -1.503764 -0.271977 0.293511 -0.448674 -0.297182 -0.220974 0.559494 -0.332313
0.189477 -1.468422 0.285879 0.226774 0.483156 -0.271209 -0.559460 -0.964688 0.012954 -0.207432
-0.058074 -0.327181 -1.421503 -0.563829 0.618932 -0.091278 -0.432962 0.164672 0.395566 -0.639408
-0.284065 -1.378769 -0.542048 0.054302 0.402545 -1.528936 -0.453355 0.564718 0.215966 -0.496939
-0.391774 -0.489617 -1.069977 -0.892788 1.188686 0.059734 -0.154013 -0.133872 0.530485 -0.382129
0.836381 -0.088806 -0.958810 -0.081857 -0.272068 -1.037167 -0.178887 -0.253119 0.230893 -0.509819
-0.813030 -0.858237 -1.186821 -0.796291 -0.203507 0.055543 -0.019633 -0.311740 -0.164712 -0.309196
-0.477254 0.012928 -0.876536 -1.134152 0.424296 -0.165963 -0.135575 -0.421932 0.294960 0.012834
-0.852546 -0.153183 -0.796156 -0.833356 0.534901 -0.188446 0.004858 -0.410609 0.722215 -0.525256
-0.234571 -0.196752 -1.031172 -0.891121 0.649565 -0.163140 -0.404768 -0.030220 1.035553 -0.254325
-0.314223 -0.610304 -0.332482 0.072637 0.945206 -0.550045 -0.677564 -0.243782 -0.001233 -0.590081
-0.285499 0.395628 -1.314255 -0.757750 1.130684 0.098122 -0.277099 0.382323 0.637683 -0.845001
0.087431 -0.494641 -0.875844 -0.083036 0.476911 -0.291567 -1.253631 0.742071 0.413073 0.193881
0.583838 -0.832996 -1.085563 0.414790 0.714037 -0.319323 -0.699616 0.342974 0.322303 -0.064891
-0.259027 -0.704281 -0.811657 -0.329602 0.042555 -0.076293 -0.430450 0.019300 -0.055691 -0.280285
0.293854 -0.767779 -1.174715 -0.435953 0.553021 -0.214414 -0.695664 -0.379297 0.491844 -1.196667
-0.024445 -1.135778 -0.848427 -0.532149 0.240066 -0.532879 -0.507991 -0.174083 0.448517 -0.456729
-0.121994 -0.825945 -1.399654 -0.787079 -0.067874 -0.166087 -0.098325 0.058441 0.030921 -0.090017
-0.002216 -0.230412 -0.935578 -0.039604 0.246584 0.260414 -0.741456 -0.801021 -0.203997 -0.234179
0.513459 -0.550669 -1.359538 -0.603171 1.336896 -0.496549 -1.087654 -0.063146 0.125296 -0.613754
0.741179 -1.475882 -1.107789 -0.034190 0.256920 -1.001651 -1.117932 0.474900 0.356816 -0.549068
-0.511247 -0.389878 -1.145555 -0.013744 0.552312 0.096756 -0.206096 0.034388 -0.166049 -0.994279
0.071587 -0.702514 -1.264392 -0.271247 0.195240 -0.310836 -0.185863 -0.227924 0.427287 -0.659426
-0.221486 -0.552799 -0.986003 -0.515157 1.106660 -0.029981 -0.850553 -0.085591 0.535366 -0.337247
1.125059 -0.367355 -1.767715 -0.329972 0.018207 0.519883 -0.604488 0.477647 0.778571 0.268568
0.601752 -0.648919 -0.575540 -0.194289 0.013928 0.436479 -1.091569 0.342952 0.389780 -0.040230
0.875011 -0.383637 -1.385166 -0.341124 -0.198515 0.066333 -1.193856 0.249775 0.329801 -0.389626
0.756929 -0.446506 -1.303227 -0.394472 -0.091807 0.145684 -1.058397 0.568263 -0.140288 0.048412
0.852591 -0.384952 -1.695813 -0.347703 -0.205385 0.180882 -0.826414 0.296057 0.551839 -0.004160
0.600211 -0.202393 -1.387654 -0.329137 -0.364317 -0.059103 -1.086226 0.034458 0.364505 -0.076589
0.633175 -0.265117 -1.259478 -0.318992 -0.429269 -0.009779 -1.148933 -0.049054 0.297491 -0.127408
0.693111 -0.280168 -1.266860 -0.308247 -0.395266 0.061469 -1.115776 0.004205 0.343331 -0.121142
1.038721 -0.374997 -1.286264 -0.306420 -0.252567 0.462006 -1.004606 0.487338 0.622720 0.081040
1.027465 -0.221563 -1.314374 -0.283998 -0.217983 0.502217 -0.853370 0.402099 0.635214 0.171204
0.962652 -0.237537 -1.403095 -0.380879 -0.244852 0.404617 -0.945939 0.356992 0.618644 0.163084
1.013442 -0.110757 -1.561744 -0.145055 -0.146784 -0.194635 -0.606810 -0.029213 1.010553 -0.206790
0.782795 0.018668 -1.398698 -0.291342 0.423751 0.195316 -0.834717 1.034261 1.003080 -0.070279
1.094187 -0.579701 -1.460406 -0.062794 -0.285630 0.420083 -0.723118 0.189222 0.808741 0.269510
1.053192 -0.475074 -1.702795 -0.238124 -0.293690 0.192999 -0.745520 -0.127337 0.849632 0.233835
1.131662 -0.145882 -1.788750 -0.186676 0.104976 0.305112 -0.553405 0.711934 1.122506 0.195007
1.290512 -0.486571 -1.576776 -0.139603 -0.200398 0.477903 -0.588110 0.085174 0.818796 0.322927
0.467875 -0.039144 -1.143137 -0.584157 0.074990 -0.562950 -0.194929 0.325560 0.091913 0.240994
0.627592 -0.309486 -1.354978 -0.514213 -0.363307 0.056427 -0.943454 0.231769 0.624925 -0.007772
0.990308 -0.298945 -1.427432 -0.560663 -0.219401 0.279448 -1.082784 0.396642 0.721780 0.043402
0.991471 -1.113930 -1.434205 0.317943 -0.001856 -0.164939 -0.405795 -0.992459 -0.185561 -0.352862
0.894286 -0.310369 -1.258327 -0.502874 -0.284796 0.415844 -1.008434 0.469359 0.493807 0.194195
1.108410 -1.061554 -1.325675 0.177710 0.409923 -0.047786 -0.695663 -0.168563 1.040560 -0.286746
0.739040 -0.204635 -1.117354 -0.367502 -0.533881 0.287964 -1.105085 -0.086382 0.240763 -0.134896
1.074687 -0.198014 -1.698510 -0.220409 -0.039162 0.360332 -0.722050 0.546506 0.951892 0.402538
0.308245 -0.784774 -1.600784 -0.171580 -0.131921 0.562795 -0.262539 -0.047901 0.355050 0.101312
1.048612 -0.546353 -1.736274 -0.136124 -0.198806 0.452634 -0.414950 0.348947 0.828969 0.335356
1.006732 -0.140395 -1.503159 -0.502755 -0.125027 0.569602 -0.815940 0.511401 0.657414 0.249041
0.986830 -0.122045 -1.611613 -0.407672 -0.090079 0.481104 -0.854033 0.434941 0.744998 0.215391
0.903936 -0.244250 -1.505899 -0.292143 -0.116793 0.274118 -0.980081 0.384536 0.764190 0.107504
0.884070 -0.100757 -1.533020 -0.344534 -0.022740 0.316200 -0.905664 0.821803 0.925087 0.257415
1.035638 -0.372530 -1.469808 -0.304752 -0.214490 0.486838 -0.854539 0.393351 0.759235 0.284928
0.703874 -0.085981 -1.544815 -0.489254 -0.073589 0.208553 -0.926451 0.660662 0.678636 0.204481
1.030967 -0.264014 -1.599650 -0.330650 -0.058187 0.402529 -0.921884 0.671331 0.670929 0.421703
0.800812 -0.625618 -1.813568 -0.324667 -0.584557 0.246572 -0.537899 -0.173994 0.282185 0.033007
0.723480 -0.214812 -1.414307 -0.519622 -0.444381 0.443587 -0.879545 0.164815 0.263961 0.211879
1.027819 -0.240411 -1.310689 -0.160602 0.021258 0.590803 -1.011104 0.548782 1.004103 0.085139
0.861602 -0.370924 -1.184563 -0.061785 0.074637 0.525558 -0.701601 0.565713 0.312563 0.141301
1.028712 -0.268910 -1.394149 -0.167673 -0.089026 0.287203 -1.348573 0.390106 0.455517 0.544544
0.511671 0.100212 -1.467824 -0.212177 -0.302153 0.276461 -1.068230 0.366287 0.236007 -0.832339
0.999951 -0.255719 -1.777340 -0.183085 -0.341129 0.065793 -0.768068 -0.038975 0.688392 0.063786
1.013686 -0.217663 -1.688865 -0.266052 -0.061349 0.346511 -0.787238 0.499468 0.916266 0.299870
1.034457 -0.318421 -1.502852 -0.320183 -0.264177 0.421468 -0.909041 0.286100 0.714470 0.177396
1.085262 -0.160469 -1.363619 -0.239852 0.036203 0.140187 -1.149024 0.280308 0.461280 -0.103298
0.963116 -0.245187 -1.346331 -0.390733 -0.303380 0.311686 -1.078770 0.341422 0.620739 0.102713
0.659030 -0.360904 -1.357446 -0.437888 -0.496166 0.011330 -1.029452 0.055316 0.316866 -0.042983
0.797348 -0.321746 -1.317770 -0.434062 -0.340004 0.209215 -1.014810 0.240046 0.482528 -0.021003
