-0.026521 -0.148039 -1.087104 -0.773364 0.501651 0.356498 -0.528252 -1.178512 0.428234 -0.230761
-0.176644 -0.503801 -1.113623 -0.360376 0.571874 -0.020756 0.680155 0.497724 0.328857 0.040068
-0.647292 0.680483 -1.227341 -0.336568 1.030671 -0.321681 0.135000 0.512107 0.458534 -0.935971
-0.112684 0.254475 -1.426534 -0.193165 -0.516219 -0.588877 -0.404671 -0.319226 0.039975 -0.137014
-0.236489 0.487991 -1.472670 -0.429336 0.545235 0.072008 -0.306742 1.242506 0.488042 -0.130810
-0.381972 0.389168 -1.517958 -0.923302 0.464430 0.589302 -0.483931 1.254145 0.801493 -0.306692
-0.825562 0.338079 -1.570541 -1.060828 0.782463 -0.341701 -0.027552 -0.068934 -0.094495 -0.958630
-0.302316 -0.698188 -0.947979 -0.359665 0.792769 -0.367766 -0.347606 0.586844 -0.200319 -0.833421
0.327169 -1.001831 0.025418 0.149616 1.484980 -0.361569 0.207460 -0.340163 -0.150507 -0.794154
0.121588 -0.783948 -1.823212 -0.489700 -0.259879 -0.783913 -0.086721 0.542490 0.311090 -1.402846
-0.302538 -0.206507 -1.720554 -0.527244 0.208900 -0.468334 0.695720 0.460725 -0.039585 0.282580
0.414886 -0.710505 -0.642321 -0.456735 0.834105 -0.078930 0.063421 -0.300898 0.414722 -0.459062
-0.136479 0.030154 -0.653541 0.035014 -0.076909 0.079631 -0.933229 0.567168 0.569796 0.069388
-0.530821 0.117434 -1.536048 -1.151724 -0.194451 -0.135472 -0.660859 0.462265 1.043959 -0.500233
0.112017 -0.289520 -1.401972 0.163251 -0.453001 -0.025646 0.346474 -0.034529 -0.242105 -0.427459
-0.644233 0.013769 -1.261514 -0.443824 0.667861 -0.118891 0.497557 0.671876 0.108897 -0.339566
-0.041738 0.451557 -0.516142 -0.419712 0.835421 -0.544697 -0.399531 -0.021077 0.315211 -0.090157
-0.306371 -1.563665 -0.237499 -0.038890 0.720029 -1.548934 0.174538 0.037736 -0.660306 -0.731452
-0.909887 -0.146290 -0.503745 -0.380519 0.325439 -0.338469 0.029277 0.611235 0.444436 -0.601277
-0.186670 0.106100 -0.978239 -0.059183 1.427398 -0.112341 -0.275101 0.015211 0.237332 -0.450177
0.212093 -0.758478 -0.383438 -0.247678 0.563288 -0.025001 -0.356848 -0.327250 0.096422 -0.864359
-0.126014 -0.490433 -0.039929 0.256680 0.444902 0.293043 -0.038578 -0.273194 -0.823204 0.284306
-0.903330 0.600931 -0.971848 -0.576676 0.873035 -0.113763 0.668793 0.150666 0.126966 -0.373925
0.317313 -0.841831 -0.314113 -0.733512 0.085368 0.601509 -0.674151 -0.403024 -0.583089 -0.183519
0.344665 -0.744546 -0.217699 -0.072431 0.506711 0.686683 -0.607589 -1.072194 -0.275487 0.161846
-0.410139 -0.497771 -1.431933 -0.653149 0.174778 -0.189410 0.012671 0.382579 0.645812 -0.448520
-0.739929 0.056450 -0.276283 -0.277038 0.497751 -0.563087 0.252666 -0.518079 -0.105004 -0.656684
-0.327249 -0.366713 -1.518611 -0.835943 0.361224 -0.775942 1.048794 -0.533897 -0.366880 -0.929901
0.035909 -0.901183 -0.944547 -0.120225 0.654087 -0.285399 -0.022678 0.783694 0.208328 -0.619321
-0.278297 0.557483 -1.308514 -0.783673 0.961852 -0.187954 -0.256089 0.016592 -0.134498 -0.389218
-0.598361 0.118191 -0.298012 -0.391366 0.833616 -0.083398 0.273416 0.083961 0.434070 -0.206815
-0.139497 -0.135304 -0.681377 -0.187593 0.933335 -0.319451 -0.285643 0.457802 -0.237896 -0.436932
0.654062 -0.146622 -1.083408 0.267030 -0.052058 -0.686098 -0.059829 0.129255 0.527855 -0.022521
-0.370466 -0.493229 -1.443419 -0.433892 0.237632 0.063859 -0.156756 0.610996 -0.209032 -0.673053
0.056023 -0.422227 -1.226276 -0.132728 0.800514 -0.714500 0.406048 0.432203 -0.428102 -0.798780
-0.578133 -0.290382 -0.358367 -0.282997 0.250581 -0.330887 0.193227 0.167754 0.095772 -0.291755
-0.541478 0.580571 -1.571731 -0.429240 -0.413036 0.157549 -0.183665 0.085924 0.004425 -0.355692
-0.526622 0.400302 -0.726510 -0.056581 0.419585 0.314909 0.183704 1.083556 0.614772 -0.496256
-0.457783 -1.024441 -0.665730 0.003070 0.630029 0.228720 -0.386107 -0.248698 0.714872 -0.174932
-0.011262 -0.381612 -1.032695 -0.422176 0.758116 0.022598 -0.292640 0.141615 -0.488031 -0.684603
0.334473 -1.107239 -1.092583 0.288636 0.299263 -0.265218 -0.042429 -0.521397 -0.315681 -0.816919
-1.114688 -0.117000 -0.945003 -0.471806 0.172400 -0.034752 -0.018177 -0.013758 0.461599 -0.054181
-0.374544 0.178507 -1.419610 -1.015626 0.712577 -0.244092 -0.080806 -0.083049 -0.168090 -0.598058
-0.556942 -0.660476 -1.096214 -0.340477 0.729168 -0.531331 0.718355 -0.725540 -0.473229 -0.730028
-0.224431 -0.649674 -1.240273 -0.424300 1.099944 -0.158257 -0.209289 -0.176099 -0.027961 -0.521796
0.104500 -0.888176 -1.268649 -0.392658 0.639750 -0.501489 -0.343534 0.535825 -0.312470 -0.830829
-0.011662 -0.988228 0.370446 0.060550 0.560302 0.016351 -0.359240 -0.175641 -0.459840 0.590217
-0.106194 -0.682071 -0.327502 -0.185962 1.504947 -0.104722 -0.608851 -0.153149 -0.822841 -0.731566
-0.153296 0.838044 -0.595511 -0.243910 0.682999 0.049316 -0.080479 0.580571 0.422282 -0.416916
-0.515809 0.491154 -1.300119 -0.779408 0.815616 -0.139992 0.428766 0.415077 0.210258 -0.736215
-0.183434 0.143630 -1.901456 -0.707442 0.146589 0.258693 -0.219014 0.872666 0.329446 -0.627262
-0.770741 -0.060273 -1.144513 -0.499430 0.054424 -0.078276 -0.286113 0.317841 0.243384 -0.006248
-0.640294 0.532315 -1.321428 -1.000634 0.757342 -0.094496 0.263961 0.793771 0.462886 -0.484499
-0.598314 0.212950 -0.952886 -0.298306 0.413474 0.367498 -0.307222 0.725709 0.515179 -0.303662
-0.353889 0.628541 -1.033904 -0.079983 0.272338 -0.089021 -0.000844 0.976354 0.262273 -0.380847
-0.541500 0.143049 -0.698062 -0.091930 0.094579 -0.176045 -0.121626 0.700007 0.395319 -0.402890
-0.144015 0.147265 -1.340585 -0.868347 -0.079900 0.253335 0.358956 0.483924 0.541548 -0.293532
-0.268853 0.295754 -1.280322 -1.304303 0.607496 -0.201884 -0.257015 0.365831 0.990444 -0.267007
-0.844599 0.618829 -1.322214 -0.542460 0.204307 -0.250783 0.032732 0.712259 0.179512 -0.553451
-0.011701 -0.421347 -1.134871 -0.479779 0.518847 0.143744 -0.680593 0.985542 0.209207 -0.338077
-0.170103 -0.440403 -1.395697 -0.874253 0.065582 0.156971 -0.776104 0.135919 -0.299146 -0.654435
0.343511 -1.270449 -0.793172 -0.169741 0.464091 -0.133322 -0.093491 -0.044511 0.047269 -0.395558
-0.574650 -0.285792 -1.445797 -0.715488 0.349059 -0.161500 -0.061763 0.686264 0.120234 -0.919696
-0.230095 -0.037286 -1.734246 -0.823853 -0.572712 -0.133281 -0.468857 0.377535 -0.139309 -0.875537
-0.238051 -0.926936 -0.430901 -0.789275 1.381112 0.455321 -0.419497 -0.828086 0.164467 -0.253928
-0.118948 -0.224851 -0.286883 -0.051896 0.286332 0.405145 -0.628356 0.766637 0.928223 0.095278
-0.434998 -0.035958 -0.342712 -0.212323 0.628666 -0.045778 -0.019640 0.339683 0.547379 -0.460118
0.450663 -0.862712 0.254557 -0.166743 0.477960 -0.177095 -0.679255 -0.719527 0.350924 0.001585
0.280187 -0.008574 -0.430123 -0.307517 1.192096 0.028543 -0.176422 0.424917 0.218820 -0.402676
0.401848 -0.664079 -0.760710 -0.350524 0.731811 -0.174673 -0.290471 0.721417 -0.086317 0.097274
0.043222 -0.277041 -0.629883 -0.309479 0.599012 0.116873 -0.071988 0.984209 0.461329 -0.034229
-0.588205 -0.131759 -0.589736 -0.956678 0.599842 0.153172 -0.058850 0.398746 0.364863 -0.244007
0.163987 -0.283115 -0.642647 0.430498 0.281358 0.059696 -0.675748 -0.200038 -0.608220 -0.317722
-0.706925 -0.314321 -1.567701 -0.609304 -1.070235 0.038352 -1.246076 -0.171931 0.423678 -0.316496
-0.242156 0.425681 -1.311461 -0.074852 0.311806 0.220911 -0.351332 0.805821 0.027047 -0.467254
-0.523739 0.217431 -1.458013 -0.381066 0.363536 -0.575156 0.552626 0.779998 0.318343 -0.795229
-0.111573 0.882369 -1.399617 -1.051396 0.675437 0.315223 0.071463 0.366360 0.324918 -0.186611
-0.371011 -0.256942 -1.259192 -0.740028 0.581062 0.009998 -0.115410 -0.207170 0.004858 -0.337760
-0.066224 -0.748095 -0.382673 -0.365916 0.616780 0.635002 -0.115953 -1.157345 0.079544 0.024909
0.070236 -0.200056 -1.374553 -0.738797 -0.175181 -0.111852 0.138798 0.325574 0.019015 -0.041810
-0.230597 -0.666080 -1.258501 -0.393715 0.225066 -0.134787 -1.209069 0.868114 0.150227 0.152791
-0.053344 -0.925075 -0.772554 -0.306839 0.242348 -0.241036 -0.200416 -1.057359 0.083385 -0.398016
0.187284 -0.333974 -1.159565 -0.379330 0.714626 0.174441 -0.110626 -0.204768 -0.074895 -0.774073
0.219239 -0.782072 -1.185937 -0.282507 0.113679 -0.025621 -0.287088 -0.148934 0.740525 -0.748371
-0.010063 0.170340 -0.980436 -0.504140 0.467593 0.300656 -0.170967 -0.397020 0.626447 -0.303684
0.000451 -1.024098 -0.724859 -0.237763 0.464139 -0.025511 0.219701 -0.914895 0.299070 -0.864967
-1.060718 -0.386306 -1.883489 -0.903291 0.734514 -0.221225 -0.256061 0.492612 -0.622274 -1.216284
-0.566228 0.094318 -1.158468 -0.629871 0.272956 0.129268 -0.109874 0.570471 0.361927 -0.406185
-0.557508 -0.131441 -1.194472 -0.344402 0.836771 -0.212478 -0.387911 1.127795 0.429644 -0.262276
0.189037 0.092614 -1.241057 -0.906828 0.209802 0.337852 -0.577770 0.553844 0.946511 -0.187191
-0.303234 0.018568 -1.265967 -0.564584 0.873789 -0.138893 0.142294 0.868364 0.350738 -0.575542
-0.053112 -1.407952 -0.818083 -0.154274 0.974026 -0.359775 -0.306042 0.240569 -0.068887 -0.675515
-0.517889 0.064511 -0.973148 -0.850090 0.487271 -0.090588 0.099630 0.266807 0.810418 -0.483410
-0.151116 -0.419578 -0.787643 -0.289470 0.221556 -0.014918 -0.334069 0.456976 0.563937 -0.431554
-0.099358 -0.729102 -0.653540 -0.519358 0.575367 -0.004308 -0.103356 0.666291 0.477896 0.034968
-0.180509 -0.385532 -1.408659 -0.300275 0.640067 -0.136071 -0.603087 -0.352361 0.122605 -0.531809
-0.333759 -0.074435 -0.819622 -0.762449 0.389278 0.317393 -0.073550 0.004297 0.692350 -0.151586
-0.806695 -0.331630 -0.786582 -0.384467 0.740926 0.320828 -0.448907 1.087649 0.375592 -0.318588
0.024427 0.441640 -0.773595 -0.263957 0.889919 -0.465125 -0.698899 0.372455 -0.252857 -0.356499
-0.520489 -0.136195 -0.337143 -0.868631 1.030726 -0.132486 0.002708 -0.300570 0.511749 -0.224590
0.086720 -0.482333 -0.903937 -0.952255 0.741509 0.151339 -0.399084 0.450770 0.579517 -0.584653
0.069522 -1.034951 -1.228248 -0.100967 0.464028 0.203918 -0.185830 -0.396619 -0.003938 -0.469422
-0.463284 -0.613669 -0.802967 -0.254057 0.587969 0.393413 0.243438 0.194906 -0.010004 -0.271836
-0.090172 -0.879723 -1.476756 -0.697640 -0.043108 0.359572 -0.067573 -0.150889 0.095835 -0.644263
-0.299914 -1.611988 -0.303229 -0.128867 0.358807 -0.364819 -0.311266 0.092467 -0.712170 -0.597965
-0.501522 -0.151243 -0.493769 -0.509268 0.453055 -0.184781 -0.014113 0.171201 0.673009 -0.407626
-0.376629 -0.608942 -1.071303 -0.419536 0.056794 -0.222915 -0.835293 -0.232038 0.178307 -0.432224
-0.048666 -0.768744 -0.877768 0.030129 0.628665 -0.601339 0.280786 -0.354761 0.301307 -1.100276
-0.465981 -1.109556 -0.789523 0.182762 0.883743 -0.090635 -0.261150 0.334070 -0.077971 -0.434557
0.361121 -0.588436 -0.903149 0.157175 0.542058 -0.758987 -0.038805 -0.185292 0.606895 -0.709752
-0.258096 -0.913260 -0.232441 -0.097905 0.357122 -0.030460 -0.674792 0.199659 -0.201329 0.035373
0.083836 0.153531 -0.988871 -0.703797 0.814825 0.112131 -0.423136 0.169218 0.876274 -0.373600
0.044160 -1.272967 -0.578134 -0.070216 -0.029483 -0.980434 0.075199 -0.614373 -0.378845 -1.308825
0.460372 -0.445402 -1.300984 -0.081824 -0.219117 -0.180019 -0.873195 -0.533792 0.366555 -1.225142
0.458136 -0.678697 -0.966662 -0.007711 0.546406 -0.288903 -0.724138 -0.135639 0.353044 -0.630544
0.124964 -0.387745 -0.926785 -0.496083 0.530652 0.222347 -1.110781 0.324946 0.230013 -0.311117
0.155518 -0.899243 -0.992416 0.213241 0.963930 -0.664008 0.066437 -0.499639 0.447947 -0.965174
0.220905 -1.110573 -1.226402 -0.580198 -0.332246 -0.261845 -0.822723 -0.249670 0.625857 -0.553310
-0.964166 -0.336012 -0.516008 -0.031348 1.002523 -0.039754 -0.415209 -0.022709 -0.007113 -0.517686
0.685305 -0.742764 -1.537857 -0.424800 0.577111 0.129488 -0.741959 0.091103 0.865221 -0.729326
-0.478657 -0.349187 -0.999165 -0.575201 0.443127 -0.049476 -0.282028 -0.043120 0.344661 -0.416030
-0.396574 -0.794949 -0.988417 0.145483 0.609411 -0.339659 -0.299388 0.475665 -0.418055 -0.854374
0.121816 -0.964284 -0.936640 -0.117314 0.309339 -0.712423 0.679117 0.013993 0.319175 -1.379792
-0.133821 -0.759656 -0.773682 -0.161157 0.717372 0.024600 -0.170136 -0.590013 0.443492 -0.460714
0.007507 -0.547286 -1.324854 -0.830728 0.839861 -0.124298 -0.237590 -0.191856 0.387854 -0.264405
-0.526595 -0.908952 -1.117788 -0.056394 0.785275 -0.387375 0.304096 0.273510 -0.095037 -0.878933
0.497709 -1.101269 -1.198920 -0.309560 0.891810 -0.630854 -0.032674 -0.411709 0.040197 -1.171742
-0.432604 -0.522541 -1.085663 -0.857085 0.024522 -0.604380 -0.290186 0.007633 -0.159487 -0.365345
-0.614781 -0.300504 -1.696238 -0.927769 -0.003823 -0.049406 -0.621373 0.133658 -0.248363 -0.720682
0.017905 -0.275736 -0.369851 -0.512882 1.136752 0.333971 -0.807852 0.344953 0.482679 0.109367
0.411550 -1.553648 -1.041908 0.276087 0.484557 -0.699754 0.001806 0.007650 0.472355 -0.722327
-0.187646 -1.031553 -0.976160 -0.412181 0.668986 -0.406293 0.214873 -0.141158 0.171110 -0.221092
0.136134 -0.753153 -1.595214 -0.564885 0.617417 0.037679 -0.252962 -0.539407 0.547717 -0.897406
-0.418092 0.370823 -1.005508 -0.433807 0.622210 -0.109016 0.131224 0.236643 -0.267174 -1.508964
0.000949 0.215845 -0.730811 -0.535160 0.583200 0.110032 -0.632072 0.450593 0.485472 -0.029229
0.212849 -0.004995 -0.939996 0.003753 -0.321643 -0.524960 -0.811404 0.318958 0.239142 -0.339796
-0.624619 -0.070753 -0.673925 -0.240977 0.228194 -0.391528 -0.306510 -0.408355 -0.177725 -0.281035
0.241772 -0.861909 -1.676469 -0.182353 -0.004806 -0.174311 -0.694136 -0.031633 0.452527 -0.361601
0.658281 -0.851351 -1.249570 0.188582 0.680382 -0.242868 -0.414116 -0.279058 -0.158718 -0.142131
-0.194008 -0.396800 -1.636596 -0.813939 0.337971 0.373832 -0.471128 0.288901 1.173374 -0.149215
-0.171841 -0.916618 -0.695249 -0.362290 0.097878 -0.090922 -0.680856 -0.577178 -0.074891 -0.306457
0.052614 -0.133737 -1.356494 -0.760699 0.355066 0.452105 -0.547397 -0.538213 0.200205 -0.320930
0.031958 -0.521106 -1.488357 -0.570044 0.126731 0.224116 -0.119200 -1.170508 0.102577 -0.487733
0.433387 -0.865971 -1.592874 -0.855008 0.159895 0.173553 0.011276 -0.838024 -0.718121 -0.361688
0.329101 -0.326624 -1.395393 -0.223230 0.051245 -0.185580 -0.514880 0.109380 0.278903 -1.306681
0.514498 -0.700304 -0.802903 -0.332517 0.247807 0.497245 -0.867363 -0.541869 -0.569467 0.823689
-1.051589 -0.374269 -0.844957 -0.427526 0.274065 -0.503584 0.485402 -0.450723 0.216207 -0.846541
-0.110992 -0.501116 -1.259816 0.061745 0.171596 0.255218 -0.287216 0.550248 -0.480111 -0.381520
-0.244781 0.285383 -1.284390 -0.413960 0.192918 -0.033647 0.204430 0.217102 -0.419908 0.003157
-0.103865 -0.447038 -0.822764 -0.931683 0.470717 0.645974 -0.692929 0.620222 -0.082308 -0.447658
-0.040415 0.274336 -1.076206 -0.850580 0.550229 0.505873 -0.083460 1.088706 0.734174 -0.187505
-0.441953 -0.303293 -1.209613 -0.100514 -0.005001 -0.114954 -0.404357 0.264771 -0.284311 -0.582730
-0.327372 0.102496 -0.707888 -0.694035 0.896637 0.019728 -0.244541 0.975209 0.448933 -0.093219
0.370500 -0.407684 -0.737841 -0.379899 0.722816 0.398438 -0.522303 0.710640 1.144583 -0.309825
0.097517 -0.340514 -1.136117 -0.447762 0.495304 0.085054 -0.182281 0.335183 0.872808 -0.183570
-0.121053 -1.232853 -0.927625 0.119101 0.204763 -0.510895 -0.560123 -0.209878 0.025840 -0.706685
1.046686 -0.288869 -1.461086 -0.288383 -0.081781 0.478671 -0.934181 0.670488 0.736883 0.148291
0.804232 -0.434241 -1.237812 -0.196884 -0.037806 0.245442 -0.772355 -0.184346 0.209519 0.340609
0.637681 -0.741814 -1.181248 -0.359867 -0.268168 0.466263 -0.766409 0.174758 -0.130355 -0.234967
1.226050 -0.039428 -1.572975 -0.328600 -0.212976 -0.002558 -0.834340 0.949746 0.752222 0.081616
1.075300 -0.304563 -1.654707 -0.295737 -0.144883 0.576106 -0.695449 0.542786 0.783418 0.459276
1.084423 -0.230215 -1.430446 -0.445490 -0.230269 0.743995 -0.615634 0.191340 0.335366 0.428791
0.740896 -0.116739 -1.604156 -0.484555 0.026459 0.260454 -0.824877 0.464467 0.508554 0.017930
1.069151 -0.473142 -1.168976 -0.323091 0.459218 0.153601 -0.534041 0.798867 0.639457 -0.193305
0.818273 -0.183311 -1.524449 -0.375850 -0.311675 0.349882 -0.890313 0.262788 0.452124 0.255163
0.988040 -0.765500 -1.544568 -0.160731 -0.767114 -0.103556 -0.617667 -0.254584 0.540921 0.195407
0.861179 -0.417877 -1.443509 -0.265584 -0.098322 0.256772 -0.632310 0.297492 0.292794 0.112161
0.666997 -0.527177 -1.315533 -0.347410 -0.467616 0.029326 -1.174430 -0.172665 0.290530 -0.185105
0.844043 -0.284214 -1.377619 -0.369796 -0.261614 0.277652 -0.976562 0.298264 0.572716 0.055885
0.939868 -0.312759 -1.275492 -0.399578 -0.307470 0.487818 -0.930953 0.381828 0.466697 0.209064
0.879353 -0.443146 -1.426226 -0.477810 -0.525173 0.320308 -0.951041 0.235995 0.339211 0.063511
1.102517 -0.438365 -1.685249 -0.131624 -0.186230 0.193889 -0.720293 0.316301 0.909744 0.181772
1.110705 -0.379037 -1.326357 -0.397951 -0.223915 0.631220 -0.949437 0.544825 0.662622 0.355595
0.900322 -0.330492 -1.627118 -0.334365 -0.207790 0.385643 -0.697777 0.217689 0.600164 0.583478
1.026406 -0.301668 -1.405281 -0.482676 -0.411925 0.501366 -0.828527 0.105246 0.382496 0.230830
1.095281 -0.376453 -1.581297 -0.366633 -0.198069 0.285493 -0.867122 0.091152 0.491037 0.190396
0.758202 -0.216189 -1.073135 -0.252347 -0.077028 0.241952 -1.136212 0.002825 -0.149380 0.323758
1.076558 -0.214476 -1.572966 -0.259825 -0.113410 0.360160 -0.723884 0.609231 0.882127 0.442494
0.884581 -0.112479 -1.130865 -0.474729 -0.224963 0.514474 -0.812979 0.383909 0.455642 0.175120
0.914462 -0.316751 -1.454515 -0.291591 -0.396813 0.452029 -0.637085 0.353461 0.423380 0.407278
1.035049 -0.388667 -1.460566 -0.327754 -0.175319 0.348408 -0.860150 0.166580 0.641874 -0.060989
0.889177 -0.248162 -1.528687 -0.425687 -0.238079 0.294426 -0.918845 0.300643 0.610867 0.166448
0.752157 -0.241472 -1.287407 -0.469018 -0.263312 0.232838 -0.991070 0.319453 0.474849 -0.018631
1.023633 -0.258310 -1.682225 -0.175195 -0.176412 0.346538 -0.770107 0.562098 0.657421 0.223912
