0.073405 -0.387144 -1.140045 -0.250424 -0.056590 -0.172049 -0.977321 -0.096936 1.258952 -0.101680
-0.091824 -0.733765 -1.024453 -0.051631 -0.435719 -0.681073 0.155370 -0.317285 -0.431691 -1.230246
0.310881 -0.512876 -0.393791 0.396151 -0.418704 -0.760177 -0.320490 0.045439 0.048230 -0.286666
-0.322766 -0.774934 -1.425896 -0.292763 0.671627 -0.537624 -0.602152 0.698307 -0.281727 -0.307759
0.253116 -0.110239 -1.417224 0.025197 0.196215 -0.772980 -0.458293 0.262604 0.317324 -0.150206
0.617804 -1.115655 -1.365730 -0.364872 0.046400 -0.231028 -0.464660 -0.181078 -0.172349 -0.425845
0.374134 -0.858573 -1.465792 0.096400 -0.307710 -0.840789 0.250464 0.780344 0.595301 -0.387456
-0.488629 -0.113761 -1.260417 -0.583884 -0.216999 -0.453120 0.294751 0.272635 0.544373 -1.147084
-0.348869 -0.812143 -0.893964 -0.187693 0.511032 0.039129 -0.712400 0.054922 0.123981 -0.867430
-1.216562 -0.102634 -1.466707 -0.838377 0.116027 -0.677204 -0.305205 -0.077985 0.270658 -0.638613
-0.850240 -0.546586 -1.305070 -0.321651 -0.505782 -0.330196 0.110222 -0.106006 0.825038 -0.868158
0.276185 -0.898660 -0.991851 -0.254355 -0.471823 -0.314153 -0.828240 -0.655548 0.516608 -0.708433
0.234785 -0.108391 -1.407445 -0.849208 -0.191750 -0.467456 -0.214982 -0.064719 0.391165 -0.337916
-0.699372 -0.130860 -1.266498 -0.746291 0.010665 -0.829241 -0.611211 -0.082170 0.199443 -1.121510
0.057743 -1.048383 -1.683138 -0.281945 -0.331367 0.120093 -0.713512 -0.408460 0.447589 -0.858140
0.033620 -0.497932 -0.844282 -0.850264 0.825518 -0.496269 -0.644117 -0.413090 0.476269 0.016094
0.073448 0.267564 -1.590168 -0.602604 0.600138 -0.015350 -0.685028 0.551156 0.696844 -0.509680
0.147343 -1.187908 -0.502017 0.046597 0.181521 -0.069563 -0.133240 -0.408002 0.710919 -0.221417
0.395398 0.362108 -0.437830 0.176692 0.923440 -0.318675 -0.637874 -0.659094 0.062880 -0.076597
0.766799 -0.932438 -1.347828 -0.473226 -0.046370 -0.534312 0.225141 -0.783924 0.634576 -0.714945
-0.135632 0.139404 -1.477677 -0.874000 0.298251 0.087104 -0.640480 -0.515647 0.312004 -0.395153
-0.078068 0.237939 -1.645386 -0.679120 0.336065 0.031222 -0.350912 0.147230 0.884944 -0.327609
0.095283 -0.589104 -1.405116 -0.782526 0.199640 -0.098337 -0.565031 -0.491430 -0.078514 -0.076480
-0.228180 -0.454447 -1.335808 -0.643276 0.175816 -0.096873 -0.587732 0.071532 0.985350 -0.267652
-0.141718 -0.712733 -0.794488 -0.279934 0.455323 -1.136144 -0.170821 -0.695676 0.131721 -0.427805
-0.004078 -0.690350 -1.399841 -0.816864 0.141753 0.423502 -0.385047 -1.097717 0.234993 -0.108333
-0.255081 -0.264208 -0.777871 -0.521388 0.081091 -0.657163 -0.681801 0.292969 0.972771 -0.353170
-0.446041 -0.397134 -1.014620 -0.586312 0.181119 -0.599369 -0.707162 0.407927 0.685877 -0.527749
0.211261 -0.467018 -0.613878 -0.210751 0.126190 -0.458347 -0.518468 0.393820 0.265806 -0.189914
0.229247 0.061608 -1.273702 0.111753 0.560905 -0.423791 -0.089652 0.089900 -0.100700 -1.010693
-1.074834 -0.053555 -0.365088 -1.215763 0.424158 0.362911 0.546606 -0.028276 0.936763 -0.696878
-0.193945 -0.602581 -1.329591 -0.440183 -0.189657 -0.667716 0.032360 0.756601 0.476447 -0.291610
-0.966629 0.021579 -0.443507 -1.207152 0.197499 0.345785 0.554939 -0.250415 1.037523 -0.845414
-0.805130 0.238217 -0.844383 -0.942185 0.218694 0.340422 0.117394 -0.484932 0.219795 -0.752755
-0.840534 -0.095315 -0.798516 -0.858481 0.405065 -0.182658 0.441089 -0.312042 0.326565 -0.479732
-0.330984 -0.317048 -0.788137 -0.300837 0.793599 0.205014 -0.733038 -0.070260 -0.462097 -0.354502
0.546091 -1.154466 -1.696756 -0.026498 0.498437 -0.266684 -0.164002 -0.241651 0.308184 -1.249141
-0.645192 0.316191 -1.395784 -0.628535 0.481816 -0.055937 -0.161576 0.257762 -0.045609 -0.543249
-0.219771 -0.299499 -0.762070 0.569540 -0.438417 -1.016264 -0.268386 -0.209289 0.357040 -0.769718
-0.611516 -0.125189 -0.691903 -0.267394 0.044521 -0.024748 -0.389953 0.455518 -0.576402 -0.884363
-0.413109 -0.072454 -1.616443 -0.640771 -0.409391 -0.776448 -0.185966 -0.749545 -0.229535 -1.153713
0.095032 -0.609516 -1.018493 -0.612062 0.619748 -0.269410 -0.383477 0.114857 0.817431 -0.400666
0.145560 -0.183530 -0.797475 0.181703 0.215197 -0.336081 -0.722395 0.024733 0.931467 -0.628008
-0.072982 -0.305448 -1.677669 -0.456140 0.716531 -0.160170 0.549585 -0.076076 0.317376 -0.777676
-0.182576 -0.771765 -1.541787 -0.494980 0.295310 0.314167 -0.168032 -0.634200 0.031589 -0.854600
-0.357890 -0.779902 -1.149599 -0.504538 0.738863 0.016562 0.238653 -0.345437 -0.226235 -0.615751
-0.146256 0.542057 -1.354293 -0.598820 0.086300 -0.142813 0.140281 0.603440 -0.200792 -0.342997
-0.200131 -1.173509 -1.433008 -0.219773 0.016015 -0.736916 0.429655 -0.351975 0.396958 -0.958809
0.062836 -0.834262 -1.712995 -0.514109 0.328922 0.189808 -0.375906 -0.337828 0.708753 -0.578600
-0.006940 -0.616927 -1.471100 -0.677238 -0.121840 0.248020 0.274363 -0.808135 -0.018268 -0.718966
-0.000238 0.090545 -1.152290 -0.364207 0.138829 0.439250 -0.680369 -1.531338 -0.064546 -0.424767
0.331528 -0.805655 -1.652044 -0.131598 -0.399609 0.286122 -0.141503 -0.747546 0.292968 -1.229223
-0.207447 0.270013 -0.679193 -0.127493 0.534235 -0.527413 -0.484775 0.734995 0.044265 -0.625616
0.180061 -0.719748 -0.777125 -0.696090 0.502462 -0.232828 -0.726287 -0.645265 0.935506 -0.136941
-0.118678 -0.395036 -1.005370 -1.000827 0.567923 -0.305499 -0.154032 0.203859 0.812302 -0.508065
-0.839354 -0.462544 -0.973169 -1.191072 0.546490 0.231206 -0.180763 -0.666755 -0.264480 -0.404570
-0.319017 -0.878730 -0.567010 0.263508 0.559098 -0.471123 -0.420566 -0.845139 0.631467 -0.739391
-0.436019 -0.247266 -0.978447 -0.663434 -0.075468 0.130975 -0.242495 0.325611 0.348443 0.224998
-0.734170 -0.906484 -0.477487 -0.255225 0.358492 -0.639650 -0.470352 -0.035179 -0.022675 -0.383044
-0.104329 -1.347790 -0.803303 0.228098 -0.211000 -0.610127 0.294770 -0.634513 0.553604 -0.923484
0.006968 -0.690918 -0.460897 -0.292780 0.662257 -0.184585 -0.294364 -0.611638 0.556394 0.456053
0.428058 -0.616060 -2.133614 -0.421617 0.286984 0.351674 -0.420145 0.140013 0.583646 -1.354941
-0.144693 -0.228857 -1.142451 -0.403820 -0.087710 -0.267155 -0.633461 -0.358427 -0.072324 -0.689247
-0.104422 -0.516520 -0.842336 -0.463055 -0.018431 -0.020210 -0.370385 0.102507 0.484742 -0.473732
-0.523789 -0.644658 -1.126093 0.068659 0.089371 -0.520783 0.004685 0.541118 0.504095 -0.519247
0.138944 -0.266770 -1.097997 -0.785414 0.249956 0.634411 -0.689360 0.355036 -0.173018 -0.440268
-0.644408 -0.588678 -1.391015 0.170096 -0.874799 -0.418637 -0.898273 0.118320 0.380071 -0.874927
-0.153569 -0.252779 -1.409230 -0.554409 0.687459 0.647279 -0.106319 0.533748 1.179561 -0.769352
-0.338910 -0.114051 -1.245947 -0.296125 -0.206337 0.426413 -0.754509 0.207676 -0.630406 -0.756327
-0.061402 -1.075876 -0.275032 -0.508683 -0.227555 -0.722566 -0.376533 -0.038008 -0.519913 0.156757
-0.111888 -0.129790 -1.298671 -0.757523 0.580367 -0.207601 -0.228761 0.668497 1.286975 -0.314416
-0.278225 -0.424044 -1.419814 -0.738226 -0.056793 -0.372944 -0.361857 -0.277111 0.529022 -1.175331
-0.084673 -0.619216 -1.453596 -0.750413 0.594574 0.139636 -0.294780 0.898671 0.690854 -0.658240
0.430636 -1.004977 -1.230816 -0.210041 0.215629 -0.186902 -0.973575 -0.442521 -0.111318 -0.570028
0.277646 -1.214794 -0.921677 -0.181016 0.943878 0.012143 -0.536942 -0.292980 0.372443 -0.472511
0.190012 -0.874932 -1.036144 -0.461490 1.295158 0.134918 -0.493047 0.000440 -0.126553 -0.691911
0.322986 -0.553063 -1.073406 -0.720614 0.393695 -0.230291 -0.183481 -1.527166 -0.310867 -0.272726
0.168345 -0.591004 -0.842953 -0.606754 0.310548 -0.773818 -0.670302 -0.150041 0.662196 -0.050101
0.353986 -0.701585 -0.814831 -0.513654 0.347077 0.093364 -0.510212 -0.692186 1.021646 -0.398326
0.037264 -0.582768 -1.250527 -0.108374 0.049934 -0.018470 -0.813380 0.422302 0.254448 -0.130272
0.175682 -0.791756 -1.395827 0.524433 -0.368224 0.328020 -0.595027 0.457231 0.250187 -0.931899
-0.417484 -0.741307 -0.778526 -0.176495 0.003019 0.205343 0.150175 0.336647 -0.137361 -0.787108
0.200417 -0.425748 -0.403088 -0.052701 0.355819 -0.473775 -0.861486 0.492784 0.197869 0.343468
-0.289613 -0.399385 -1.963295 -0.773846 0.340885 0.286273 -0.320694 0.874905 0.483045 -0.686521
-0.001130 -0.560154 -1.240830 -0.362295 -0.184266 0.490283 -0.373619 -0.747253 0.642005 -0.714390
-0.366472 -0.016958 -0.912859 -0.477780 0.233046 -0.173275 0.141985 -0.613339 -0.762405 -0.480342
-0.533581 -0.269345 -1.523078 -0.817376 0.143792 0.141811 -0.367214 0.581574 1.183019 -0.517643
-0.008147 -1.367285 -0.731358 -0.155014 0.159465 -1.155858 -0.717079 -0.237134 -0.232115 -0.451977
-0.388775 -0.318681 -1.165670 -0.290848 0.160419 -0.471568 -1.120927 -0.336495 0.409683 -0.402191
0.592711 -1.465183 -2.094957 0.418531 0.078825 -0.312879 0.050338 -0.129055 -0.253604 -1.368992
0.427083 -1.198234 -0.684317 -0.274522 0.443618 -0.520458 -0.531497 -0.039744 -0.241592 -0.136566
0.562944 -0.587574 -0.938263 -0.691177 0.305136 -0.629129 -1.019435 -0.191550 0.585382 -0.675384
-0.431646 -0.076907 -1.275674 -0.185316 0.301061 0.287188 0.188678 0.384508 -0.227054 -0.208034
-0.591244 -0.139940 -0.791226 -0.955028 0.531476 -0.057885 0.165208 0.230200 -0.366291 -0.216646
-0.184124 -0.559051 -0.811690 -0.459764 -0.052565 -0.107384 -0.086091 -0.054930 1.041698 -0.702265
0.496361 -0.920815 -1.195045 -0.018417 0.522721 -0.196380 -0.773957 -0.224776 0.016438 -0.115097
-0.388186 -0.910137 -0.946697 -0.168986 -0.362334 -0.093609 -0.334400 -0.170044 0.651976 -1.004680
0.368319 -0.893212 -0.634874 0.258567 1.173896 -0.213960 -0.340407 -0.973131 -0.631574 0.802625
0.583158 -1.017751 -0.662727 0.372225 0.215812 -0.001104 -0.742690 -0.807721 -0.248850 -0.421055
0.175447 -0.201145 -1.271571 -0.488686 0.620154 -0.200425 0.444249 -1.206720 0.456459 -0.650450
0.502565 -1.175665 -0.897742 -0.017488 -0.202742 -0.652047 0.233002 -0.283392 0.005392 0.357420
-0.333500 -0.808923 -0.807580 -0.141980 0.037084 -0.751027 0.346900 -0.613016 -0.512648 -0.592536
-0.514083 -0.548899 -1.113690 0.030679 0.859737 -0.268625 0.551649 0.002062 -0.639531 -0.781703
-0.142560 -1.056130 -0.125299 -0.387344 0.626824 -0.817014 -0.090665 -0.481031 0.091905 -0.704645
-0.043384 -0.632851 -1.122998 -0.297532 0.366308 0.098613 -0.430743 0.925474 -0.218379 -0.238882
-0.086587 -0.770612 -0.086289 -0.137538 0.617182 -0.084391 -0.227178 0.119684 0.088355 -0.853128
-0.341333 -0.215494 -0.988198 -0.801366 0.746399 -0.783235 -0.062633 0.051574 -0.576030 -0.779639
-0.550795 -0.126749 -1.262368 -0.756008 -0.115169 -0.085788 -0.032014 -0.047703 0.635107 -0.747633
-0.860737 -0.984807 -0.343666 -0.420001 1.237688 -0.256545 -0.159941 0.949331 0.091696 -0.668290
0.059572 -0.212430 0.079902 -1.083597 0.340303 0.155198 -0.250690 -0.447125 0.055766 0.394472
0.346380 -0.075860 -0.659406 -0.475132 0.314829 -0.514565 -0.388695 0.311967 -0.584436 -0.262702
-0.272317 -0.992010 -0.518237 -0.067526 -0.081059 -0.157049 -0.228444 0.034949 0.733418 -0.570496
-0.387894 -0.251209 -0.918218 -0.963346 0.764357 0.051652 -0.329102 0.491352 0.904108 -0.152769
0.093935 -0.633090 -0.662159 -0.059358 0.777914 0.258815 -0.166579 0.115354 0.260090 -0.125501
-0.363622 -0.623729 -1.644885 -0.681198 0.032844 -0.307525 -0.123383 1.339976 0.617035 -0.415197
0.141136 -0.292691 -0.527494 -0.328989 1.026134 -0.417374 -0.039580 -0.203545 0.205016 -0.884773
0.134787 -0.916938 -1.210890 0.089800 0.080695 0.072040 -0.201971 0.607238 -0.469289 0.083004
0.093788 -0.494013 -1.328619 0.156361 0.063414 -0.254519 -0.046027 0.508910 0.375339 -0.845288
-0.178589 -0.095513 -0.754227 -0.389748 0.644166 -0.069354 -0.204814 0.637138 -0.071139 -0.701364
-0.550269 -0.437386 -1.381710 -1.070645 0.782592 0.272316 -0.334329 0.744689 0.161608 -0.116158
0.030032 -0.250726 -1.113036 -0.112925 0.978433 -0.308812 0.188304 0.888861 0.295103 -0.172971
-0.023162 0.186866 -1.147672 -0.563435 0.522392 0.204704 -0.042242 0.452716 0.403037 -0.873466
-0.399771 -0.165729 -1.358886 -1.178484 0.435593 0.148692 0.332779 -0.705799 -0.751255 -0.384774
0.000252 -0.905678 -0.756070 -0.030171 0.334783 -0.344917 -0.007879 0.434198 1.037589 -0.532175
0.149277 -0.142008 0.019895 0.265103 0.136423 0.112018 0.196323 0.110350 -0.158374 -0.055652
-0.438858 -0.784414 -1.549985 -0.410005 1.113839 0.159295 -0.377869 0.669787 0.038014 -1.005024
-0.233347 -0.426617 -0.409000 0.023697 0.637777 0.027311 0.019549 0.546955 -0.212790 0.044452
-0.442342 0.040009 -0.697338 -0.081508 0.057515 -0.017700 -0.263953 0.333355 0.066538 -0.153234
0.073773 -0.162558 -1.082996 -0.596336 0.497210 0.186271 -0.091104 0.291576 0.254271 -0.649077
-0.196743 -0.759073 -1.291070 -0.446049 0.460801 -0.519464 -0.905447 0.895836 0.240842 -0.272707
-0.165333 -1.138215 -1.173019 -0.357727 0.320273 0.007452 -0.504134 0.857204 0.121207 -0.118577
-0.290244 -0.627494 -0.929310 -0.133141 -0.012814 -0.636596 1.128456 -0.076601 0.041714 -1.390232
-0.193861 -0.019694 -0.999467 -0.457080 1.123627 0.011840 -0.004555 -0.383150 0.367327 -1.146000
-0.098392 0.294302 -1.642241 -0.427060 -0.432919 -0.287907 -0.396330 0.751196 -0.311323 -0.522013
-0.498111 0.763452 -1.371253 -0.343637 0.025790 -0.211819 -0.273441 0.836620 -0.360291 -0.890695
0.002605 -0.383631 -1.395638 0.128213 0.233355 0.121104 -0.103430 0.590193 -1.048904 -0.748987
0.133762 -1.143153 -1.666224 -0.319723 -0.291168 -0.396333 -0.014729 -0.094092 0.675237 -0.041235
-0.072677 -0.071765 -1.452925 -0.464854 0.860846 0.212863 -0.778665 0.477188 -0.770421 -0.222743
-0.117276 -0.359963 -1.155566 -0.284618 0.601891 0.209141 -0.238446 0.342853 0.611918 -0.558056
0.729822 -0.432229 -1.318530 -0.831859 0.798231 -0.116817 -0.471186 0.601902 1.013101 -0.634997
0.185715 -0.414331 -1.390475 -0.221769 0.186908 -0.231587 -0.394908 -0.482944 0.485425 -0.961175
0.014898 -1.199185 -0.193398 -0.122568 0.546257 -0.947525 0.829858 -0.480357 -0.282578 -0.525864
-0.345398 0.286575 -1.340845 -0.231706 0.534014 -0.050918 -0.486205 0.717248 0.436885 -0.753336
-0.121419 -1.144064 -0.872941 0.130047 0.507377 -0.077446 -0.253696 -0.149500 0.266873 -0.748509
-0.428169 -0.537200 -1.270381 -0.658196 0.062339 -0.367796 0.142808 -0.019247 0.777671 -0.773892
0.101773 0.175147 -1.809138 -0.820628 0.209576 0.625756 -1.194003 0.533559 0.792539 -0.936698
-0.735421 -0.037822 -0.846495 -0.273607 -0.117033 -0.283488 -0.635957 0.092364 0.619946 -0.734210
0.055476 0.552933 -0.889156 -0.270870 0.325704 0.504914 0.124551 0.839140 0.145485 0.301516
-0.636999 -0.341993 -1.593608 -0.630438 0.421477 -0.427235 -0.027001 0.679474 0.302555 -0.726624
-0.714885 -0.811645 -0.821475 0.075524 0.447392 -0.035403 0.138370 0.729841 -0.081794 -0.882285
-0.489094 -0.061490 -1.517330 -0.637447 -0.033314 -0.243877 0.118688 -0.560388 -0.465503 -0.311789
-0.197456 -0.131744 -1.137818 -0.558564 0.454422 0.137505 -0.355614 -0.274628 0.002047 -1.113053
-0.337487 -0.288170 -1.118032 -0.775632 0.762059 -0.504112 0.666265 0.565501 -0.145727 -0.533873
-0.278567 -0.181034 -1.434693 -0.792632 0.651950 0.072354 0.274375 -0.114715 0.042768 -0.634402
-0.349793 0.067335 -1.002546 -0.828390 0.265838 0.751210 -0.861184 0.441906 0.845308 -0.426012
-0.313458 -0.031655 -0.789185 -0.548148 0.011643 -0.141752 -0.778923 0.857866 0.680160 0.029782
-0.044593 -0.109649 -1.475426 -0.308229 0.350800 0.246951 -0.627813 1.222467 0.326794 -0.464709
-1.196607 -0.306332 -0.329770 -0.760158 1.231630 -0.225227 0.811058 -0.088564 -0.101535 -0.944406
0.239817 -0.454710 -1.374346 -0.602679 -0.535600 -0.173420 -0.305406 0.403226 0.196479 -0.710939
0.009469 -0.259607 -1.173649 -0.294103 0.538740 0.045371 0.166679 -0.696693 -1.225533 -0.912899
0.068686 -0.773708 -0.862315 -0.039704 0.321389 -0.167399 -0.728283 0.629206 0.429000 -0.221342
0.381355 -0.447132 -1.621326 -0.523753 0.645437 0.194220 -0.315522 0.081336 0.430603 -0.827264
-0.673887 -0.053805 -0.791887 -0.384389 1.151024 0.186417 -0.493038 0.504834 0.132669 -0.478188
-0.357871 0.495379 -1.463358 -0.876390 0.956551 0.087449 -0.239141 0.537587 0.147497 -0.155639
-0.268068 -0.927374 -0.523648 -0.281826 1.242468 -0.573314 -0.445749 0.445426 -0.374550 -0.922933
-0.316525 -1.138266 -0.303371 0.779087 -0.007248 -0.453781 -0.161655 0.043933 -0.815857 0.430674
0.174591 -0.309721 -1.087481 -0.704685 0.980396 -0.153322 -1.201449 0.331994 0.773664 -0.468538
0.378500 0.150610 -1.706824 -1.226672 0.549434 -0.158874 -0.340123 0.470007 0.621334 -0.026743
-0.113503 -0.622050 -1.204876 -0.678547 -0.134025 -0.463538 -0.897158 0.226553 0.333199 -0.409585
-0.339975 0.043853 -1.050290 -0.531189 0.900991 -0.155641 -0.024817 0.111415 0.806894 -0.382714
-0.025143 0.304044 -1.779282 -0.796919 0.634335 0.086423 0.154987 0.560319 0.567334 -1.107337
-0.215345 -1.105873 -0.868379 -0.226032 0.650878 -0.874019 0.544957 0.238767 0.246130 -0.595612
-0.315173 -0.852030 -1.692561 -0.036198 0.434157 -0.710935 0.328421 -0.401704 -0.786966 -1.671802
-0.207721 0.139877 -0.693561 -0.387908 1.217335 0.109341 -0.136213 0.378142 0.466648 -0.429738
-0.053872 -0.853208 -1.183958 -0.410487 -0.467293 0.319528 -0.605447 -0.331959 -0.832920 -0.143106
-0.170950 -1.431971 0.205235 -0.206392 0.534058 -1.263196 -0.243806 -0.286596 -0.403965 0.381308
0.902739 -0.095918 -1.598798 -0.318532 -0.024696 0.338051 -0.915376 0.610099 0.890936 0.227427
0.837689 -0.239630 -1.523119 -0.390832 -0.081667 0.326976 -0.845799 0.506980 0.670009 0.345636
0.750023 -0.291390 -1.374617 -0.414835 -0.320742 0.207870 -0.966988 0.197276 0.415453 0.072748
0.817402 -0.498619 -1.475427 -0.367744 -0.620559 0.147783 -0.652181 -0.087683 0.191653 0.262422
1.053329 -0.351147 -1.500717 -0.167940 -0.018223 0.530086 -0.778097 0.619405 0.971304 0.284336
0.921273 -0.176754 -1.581011 -0.543701 -0.193601 0.467946 -0.563908 0.465311 0.485968 0.546420
1.116708 -0.253109 -1.221148 -0.186288 0.086462 0.367648 -0.945440 0.634042 1.051275 0.013532
0.887385 -0.316938 -1.320826 -0.417696 -0.291433 0.288306 -0.993724 0.368663 0.676329 0.032820
0.861218 -0.157378 -1.478544 -0.391920 -0.255471 0.258179 -1.048231 0.261653 0.543073 0.110919
0.804607 -0.167646 -1.342424 -0.399955 -0.211890 0.418787 -1.038901 0.451558 0.581267 0.157246
0.742599 -0.177932 -1.373503 -0.449511 -0.240192 0.185059 -1.123110 0.147003 0.457898 -0.057142
1.123539 -0.015552 -1.205551 -0.330874 0.176434 0.331301 -1.246566 0.520232 0.962044 -0.068098
0.808295 -0.187507 -1.607188 -0.499933 -0.172322 0.227649 -0.811075 0.391474 0.537590 0.224601
0.755571 -0.175714 -1.427562 -0.360628 -0.168344 0.084347 -1.086126 0.301036 0.589319 -0.023761
0.781505 -0.062161 -1.558546 -0.584988 -0.255001 0.344884 -0.809247 0.366396 0.415656 0.300768
1.126698 -0.490470 -1.619470 -0.168884 -0.357038 0.545559 -0.701591 0.299727 0.769868 0.545135
1.371821 -0.634772 -1.829011 -0.214219 -0.254805 0.009120 -0.402105 0.498864 0.896090 0.514428
0.870414 -0.316306 -1.788429 -0.489482 -0.382835 0.216305 -0.680176 0.206412 0.463349 0.334563
1.379233 -0.318243 -1.656055 -0.427974 -0.002895 0.343712 -0.779387 0.402653 0.739516 0.265997
0.922131 -0.253047 -1.556335 -0.318137 -0.472756 0.270928 -1.081653 0.294084 0.445191 0.310780
-0.008043 -0.815986 -0.925207 -0.063426 0.307565 -0.503880 -0.982296 0.488583 -0.027695 -0.031533
0.068385 -0.470154 -1.011491 -1.200530 0.153099 -0.407488 -0.786704 -0.096739 0.562467 -0.190247
1.058621 -0.475871 -1.505086 -0.139028 -0.174849 0.396560 -0.807633 0.557269 0.645243 0.429481
0.897899 -0.586664 -1.385190 0.017267 0.191910 0.144900 -0.951454 -0.816922 0.227043 -0.403410
0.726143 -0.461104 -1.149930 -0.302284 0.023032 0.142765 -0.759734 0.696530 0.842650 0.502915
0.974121 -0.290703 -1.447907 -0.378676 -0.356005 0.431289 -0.872875 0.287911 0.528518 0.275648
0.682943 -0.354572 -1.290023 -0.508501 -0.470140 0.183560 -0.954599 0.208833 0.272532 0.045749
0.856263 -0.112726 -1.591522 -0.554934 -0.118046 0.314784 -0.809906 0.458493 0.587531 0.199509
1.143143 -0.262223 -1.466237 -0.249225 -0.160230 0.447577 -0.890269 0.431662 0.901633 0.230043
0.827900 -0.406650 -1.463394 -0.507638 -0.598583 0.273889 -0.721175 0.062784 0.139318 0.279444
1.054984 -0.295840 -1.288308 -0.256978 -0.216919 0.505962 -0.975526 0.477860 0.725399 0.244415
1.028516 -0.233930 -1.449337 -0.278776 -0.171315 0.443905 -0.922679 0.599769 0.822066 0.323222
0.938904 0.023945 -1.507298 -0.459539 0.050216 0.430709 -0.998393 0.681104 0.852368 0.127203
