0.305643 -0.728111 -1.193672 -0.044586 -0.016783 -0.221131 -1.028844 0.533005 0.096357 -1.046331
-0.142479 0.069987 -1.651944 -0.415578 0.262092 -0.799684 0.344024 0.332274 -0.025171 -0.685429
-0.575046 -0.003628 -1.484034 -0.405035 0.482260 -0.626613 0.206885 -0.037293 -0.953132 -1.026138
0.200024 -0.227847 -1.311177 -0.255261 -0.653453 -0.543589 -0.026280 -0.053963 -0.105999 -0.224721
-0.517621 0.372859 -1.567395 -0.779908 1.111893 -0.517343 -0.068106 1.291552 0.368780 -0.590081
-0.877836 0.131094 -1.030802 -0.489846 0.336730 0.153695 -0.127124 0.585310 0.525151 -0.561775
-0.353782 0.735506 -1.643124 -0.873795 0.653009 -0.126801 0.012632 0.826280 0.532966 -0.480168
0.524436 -0.591027 -0.490735 0.266891 0.939315 -0.756187 -0.032278 -0.817974 -0.900435 -0.235132
0.100336 -0.775517 -0.269842 0.127562 1.057562 -0.570999 -0.355495 -0.187765 -1.066854 -0.628475
-0.274153 0.051682 -1.445645 -0.900239 0.086224 0.058353 -0.401736 0.429282 0.281980 -0.969579
-0.283336 -0.100151 -1.160031 -0.376926 0.599787 -0.600760 -0.053476 0.725458 -0.001581 -0.682270
0.143318 -0.116044 -1.518879 -0.019009 -0.237583 -0.344103 0.095201 -0.335593 -0.418499 -0.494687
-0.472080 0.401103 -1.229941 -0.512758 0.562087 -0.143295 0.003597 1.109006 0.934137 -0.157386
-0.326514 0.202201 -1.614910 -0.701529 0.309983 -0.124194 -0.435340 0.785580 0.817547 -0.504431
-0.590336 0.152155 -1.657135 -0.806689 0.771899 0.180577 0.063351 0.709744 0.683138 -0.349711
-0.594916 -0.330298 -1.117836 -0.275495 0.075711 -0.206990 -0.219956 -0.178336 0.377632 -0.784542
0.170284 -0.151423 -1.228547 -0.436691 0.436825 0.107283 -0.292666 0.669822 0.407311 -0.451354
-0.089800 -1.091891 -0.758588 -0.668056 1.140538 -0.139702 -0.255790 -0.033302 0.066631 -0.391821
0.120938 0.315832 -0.935815 -0.515381 1.043748 -0.079104 -0.487603 0.009834 -0.821883 -0.439277
-0.496432 0.052280 -0.316377 -0.543812 0.777157 -0.216560 -0.130139 0.134653 -0.160339 -0.356223
0.133219 -0.098959 -1.026760 -0.167858 -0.178504 0.137950 0.038109 0.734129 0.603795 0.306035
-0.453873 -0.184159 -0.853859 -0.871618 0.787117 0.231569 -0.235191 0.043548 0.605955 -0.098748
-0.298280 -0.128979 -1.733305 -0.472966 -0.373948 -0.036220 -0.989109 0.811650 0.963069 -1.207920
0.323835 -0.047423 -1.262465 -0.289177 0.268811 -0.665433 0.259520 -0.332636 -0.145252 -0.695755
0.325917 -0.130742 -1.329271 -1.002994 0.399512 0.275512 -0.631780 -0.067370 0.514144 -0.476674
-0.193999 -0.793428 -0.406054 0.063555 1.086247 -0.709611 -0.123651 -0.151436 0.089430 -0.312527
0.255561 0.306657 -0.914386 -1.058110 0.342284 -0.408412 -0.121149 -0.906163 -0.213351 0.289965
0.388641 -0.351962 -1.166300 -0.763186 0.720287 -0.099422 -0.424391 0.144120 0.362912 -0.587397
-0.405267 -0.427142 -0.494867 -0.173174 1.101053 0.067580 -0.168266 0.574182 0.622346 -0.193073
0.116347 -1.344458 -0.780920 -0.053712 0.743478 -0.514286 -0.521433 -0.799436 0.020393 0.121218
0.216537 -0.409251 -0.618932 0.117065 0.836069 -0.062016 -0.184583 -0.213734 0.238045 -0.417838
-0.346159 0.310683 -1.842876 -0.727126 0.323806 0.287995 -0.303140 -0.063651 -0.136059 -0.549044
0.062210 -0.199583 -0.447565 -0.151209 0.807124 -0.370141 -0.512444 0.324292 0.676963 -0.649878
-0.112743 -0.437110 -1.498486 -0.313424 0.267364 -0.023614 -0.295536 0.588346 0.368796 -0.775935
-0.675735 0.222358 -0.685984 -0.656857 1.441717 0.746530 -0.449726 0.006167 0.585463 -0.070476
0.013947 -0.283066 -1.044202 -0.271253 0.749966 -0.565253 -0.559246 0.686476 -0.063842 -0.646305
-0.379236 0.131097 -0.622056 -1.095603 0.623755 -0.139219 -0.329006 0.030932 -0.183391 -0.093859
-0.488685 -0.101727 -1.205747 -1.260576 0.755058 -0.175252 -0.219909 -0.162243 -0.241780 -0.344283
-0.546582 -0.886846 -1.212335 0.052480 0.144491 -0.143238 -0.257333 0.708887 -0.186388 -0.795804
-0.026471 -0.585488 -0.228018 -0.477160 1.099899 -0.384479 -0.034861 -0.162646 -0.344401 -0.151073
-0.411807 -0.845809 -0.662295 -0.148938 0.115664 -1.220244 0.255994 0.386933 0.028658 -1.222466
-0.317643 0.293854 -1.115642 -1.053635 1.187243 -0.521899 -0.171635 0.372766 0.591922 -0.749647
-0.219003 0.220237 -0.501453 -0.286468 0.564662 -0.035183 0.085691 0.510715 0.357993 -0.580227
-0.996953 0.272565 -0.862383 -0.717152 0.441855 -0.499336 0.437489 0.258334 0.222401 -0.655801
-0.461989 0.296710 -0.938376 -0.635657 0.746056 -0.314154 0.218066 0.512238 0.179734 -0.642318
0.122609 0.151135 -1.694374 -0.404200 0.282090 0.367131 -0.715061 1.272645 0.109652 -0.093375
0.556757 -0.932002 -1.661469 -0.067334 -0.323149 -0.646233 -0.114430 1.063189 0.628439 -0.614698
-0.213970 -0.527629 -0.320290 -1.008609 0.808183 -0.420319 -0.794977 -0.013184 -0.015218 -0.453296
-0.004923 -1.176929 -0.863006 -0.540563 0.888789 -0.152721 0.231399 -0.286671 0.431229 -0.721225
-0.501583 -0.295852 -0.767559 -0.671329 0.881325 -0.113043 -0.460887 -0.285189 -0.577014 -0.182320
-0.188030 -0.363648 -1.413142 -0.598665 0.747488 0.176904 -0.345473 -0.263288 -0.300376 -0.840840
0.049235 0.030941 -1.741278 -0.697950 0.117626 -0.010427 -0.179228 0.589430 0.299146 -0.607510
-0.439797 0.390543 -1.255271 -0.585181 1.093779 -0.284822 -0.179990 1.032960 0.664350 -0.278360
-0.147039 -1.070119 -0.351738 0.302494 0.552139 -0.677966 -0.238753 0.443929 -0.588573 -0.770004
0.288969 0.157711 -1.535674 -0.762021 0.649256 0.084067 -0.276705 0.645872 0.725635 -0.682866
0.786116 -0.832688 0.166131 -0.287862 0.938721 0.046315 -0.272042 -0.790123 -0.148662 -0.174161
-0.534096 -0.159671 -0.613922 -0.729266 0.835014 -0.563817 -0.321731 0.023076 0.430524 -0.406224
0.780331 -1.049706 -0.032538 -0.508968 1.153423 -0.252111 -0.342794 -0.349171 0.494631 -0.101531
-0.191483 -0.576612 -1.657572 -0.254980 -0.154803 -0.408867 0.077033 0.170490 -0.205061 -1.321146
-0.505926 0.782245 -0.535001 -1.136950 1.100340 -0.384993 -0.120270 -0.277729 0.035812 -0.805566
-0.235165 -0.103294 -1.311588 0.035882 0.030518 0.262694 0.337920 0.055597 0.231710 -0.779332
-1.094464 -0.021442 -0.082930 -0.485385 0.303137 -0.584247 0.679870 -0.017342 0.081782 -0.622862
-0.208388 -0.324472 -1.721353 -0.686820 0.137757 -0.197104 0.417125 -0.157945 0.888441 -0.706240
-0.638520 -0.265502 -0.823308 -0.245607 -0.287968 -0.624052 -0.085785 0.521558 -0.262188 -0.896498
-0.267801 -0.834172 0.190900 -0.071800 0.296339 -0.626731 -0.213995 -0.482494 0.190581 -0.321663
0.008807 -0.264110 -1.021150 -0.606109 0.662069 0.291116 -0.660801 0.289634 0.310157 -0.566200
-1.190369 -0.253511 -0.323828 -0.519618 0.566261 -0.205322 0.283047 0.083862 0.222453 -0.484578
-0.621318 -0.252978 0.118203 0.098648 0.364070 -0.076317 0.229425 -0.156214 0.324266 -0.119903
0.490970 -1.293169 -1.156888 0.048658 -0.192368 -0.609950 -0.102767 -0.389282 0.776478 -0.946721
-0.220643 -0.474257 -0.900534 -0.068470 0.366870 -0.114588 -0.187217 0.442388 -0.712220 -0.520226
0.704381 -0.129989 -1.292170 -0.769219 0.789274 -0.087164 -0.298573 -0.506610 0.091769 -0.778317
-0.634714 -1.140340 -0.757869 -0.424226 1.213926 -0.843587 0.468921 0.223282 0.078592 -0.551913
0.714192 -0.383777 -0.524983 -0.205534 1.227058 0.480026 -0.712109 -0.759211 -0.596332 -0.550233
-0.025442 -0.743633 -1.095814 -0.799374 0.745136 -0.282997 -0.840359 -0.276131 -0.075417 -0.854291
0.259352 -0.482090 -0.472606 -0.241038 0.275224 0.587118 -0.134053 -0.387239 -0.207434 -0.191915
-0.266240 -1.063249 -0.832164 -0.189770 0.460720 -0.505338 0.518329 -0.625388 -0.116077 -0.598349
-0.296833 -0.504233 -0.450249 -0.349844 0.499306 -0.477147 -0.279637 0.275462 0.654409 -0.311034
0.355852 -0.764950 -1.873539 -0.336726 0.185186 -0.143087 0.203895 -0.344765 0.676595 -1.272181
-0.868587 -0.748149 -1.209849 -0.870707 0.809853 -0.469968 -0.138232 0.119319 0.136243 -1.099816
-0.102984 -0.507711 -1.123312 -0.864290 0.451494 -0.537109 0.105914 -0.092388 0.472421 -0.884038
-0.671995 -0.616187 -1.371012 0.486318 -0.368546 -0.506711 -0.850292 0.243132 -0.213954 -1.553792
0.160070 -0.751158 -1.049199 -0.064786 0.476674 0.009086 -0.944178 0.594716 0.318523 -0.413559
-0.072174 -0.478009 -1.116860 0.019615 0.122537 -0.043091 -0.108099 0.460241 -0.615102 -0.499615
-0.412479 0.083594 -1.496657 -0.849287 0.433856 -0.652355 -0.205698 0.722919 0.037078 -0.486031
-0.453623 -0.371529 -0.525392 -0.899482 0.709005 0.193557 0.246084 -0.046210 0.062009 -0.423222
-0.100809 -0.378548 -0.962557 0.009995 -0.313324 -0.785642 -0.429753 0.127486 0.524258 -1.146538
-0.331502 -0.157142 -1.218674 -0.357630 -0.158335 -0.790738 -0.252719 0.305968 0.390237 -0.542061
-0.084388 -0.225686 -1.255930 -0.660229 0.679252 -0.610515 0.004905 0.237472 -0.038408 -0.666826
0.421385 -1.273973 -0.677647 0.611730 -0.379371 -0.833722 -0.035966 -0.808833 0.461847 -0.691024
-0.611565 -0.454259 -0.480890 -0.324888 0.915617 0.416124 -0.012940 0.105936 -0.035609 -0.207322
-0.381526 -0.277037 -0.492606 0.220986 0.137512 -0.869217 0.190245 -0.403404 -0.422270 -0.429618
0.102062 -0.634046 -0.974798 -0.511099 1.162315 0.153829 0.306626 -0.231347 1.049728 -0.987137
-0.636892 0.302296 -1.062875 -0.951574 0.614515 -0.119763 0.004083 0.342344 0.831119 -0.236510
-0.054492 -1.090750 -0.454077 0.548395 -0.184696 -0.554156 -0.818270 0.278697 0.331935 -0.530675
-0.821456 0.473199 -1.236046 -0.790770 0.765033 -0.306793 -0.163908 0.565695 0.701653 -0.334452
-1.438932 -0.240908 -1.136126 -0.973368 0.498447 -0.613102 0.678075 0.274589 -0.074925 -0.487722
-1.062376 0.348963 -0.959586 -0.545119 0.473077 -0.106436 0.413948 0.366249 0.433013 -0.634462
-0.562869 -0.894065 -0.429796 -0.086416 0.499868 -0.246748 0.070320 0.137306 -0.024897 -0.928381
0.544617 -0.898321 -1.433533 0.087872 -0.215499 -1.120809 0.307284 -0.828126 -0.676590 -1.252471
0.401289 -0.888829 -1.134185 -0.412238 -0.042244 -0.173009 -0.157975 -0.449168 0.503902 -0.272248
0.501719 -0.679597 -0.656478 -0.039011 0.838571 -0.119600 -0.159703 -0.593421 0.931874 -0.951386
-0.840519 -0.866982 -1.375812 -0.615637 0.088325 0.218002 -0.717137 -0.343486 -0.750844 -0.716077
0.733766 0.261020 -0.566531 -0.664100 0.241913 0.320473 0.007879 -0.449436 0.158917 0.023084
-0.254489 -1.015146 -0.049908 -0.454686 0.651875 0.651239 -1.042927 -0.941322 0.023416 -0.426161
-0.594754 0.354914 -1.103603 -0.308814 0.239809 0.083718 0.015198 0.201684 0.507114 -0.671945
0.142121 -0.447610 -0.913390 -0.028476 0.235625 0.037066 -0.711979 0.291467 0.693801 -0.221796
0.437878 -0.119780 -2.052999 -0.788485 0.613152 -0.357635 -0.882367 -0.296152 0.255171 -0.317706
0.286969 -0.461072 -0.389011 -0.003119 0.347900 -1.284088 -0.143225 -0.215230 0.535267 -0.469158
0.173210 -0.030444 -0.542432 -0.736649 0.973416 0.033578 -0.470665 -1.018370 -0.364325 -0.856170
0.033718 -0.609215 0.503093 -0.350830 -0.786717 -0.386919 -0.406168 0.195599 0.292167 0.986456
-0.035848 -0.403562 -0.169684 -0.862762 0.411263 -0.239994 -0.051641 -0.962747 0.149969 -0.074209
0.168196 -0.563481 -0.993073 -0.430332 -0.114779 -0.357189 -0.624840 -0.145510 0.659071 -0.194588
-0.163981 -0.837513 -1.131312 -0.853274 0.154968 -0.041339 0.367020 0.064290 0.721264 -0.598849
0.090728 -0.590783 -1.320315 -0.679415 0.082897 0.103289 0.225152 -1.001543 0.437632 -0.872149
-0.904080 -0.254970 -0.583076 -0.617811 -0.030739 -0.176239 0.035863 -0.516615 -0.422257 -0.085977
0.149181 -0.605594 -1.372954 -0.443994 0.061967 -0.112078 -0.457405 0.113946 1.523868 -0.638910
0.008143 -0.134219 -0.342849 -0.035395 0.356878 -0.107732 -0.104624 -0.383837 -0.476849 -0.139863
-0.502109 0.008184 -0.787876 -0.580543 0.758051 -0.373934 -0.611316 -0.244558 -0.073989 -0.114412
0.303120 -0.857285 -0.971888 -0.119436 -0.030658 -0.143457 -0.621873 -0.626153 0.249115 -0.666723
0.123713 -0.379431 -0.829521 -0.629122 0.173258 -0.189585 -0.836134 -0.584394 0.339277 -0.325069
-0.612807 -0.279868 -0.725462 -1.095179 0.222935 -0.231138 -0.200758 -0.385295 0.027818 -0.357644
-0.224214 0.019852 -1.007296 -0.932311 0.358933 0.146027 -0.509582 -0.211498 1.095603 -0.271278
-1.090810 0.043771 -0.263054 -0.368163 1.390852 -0.052990 0.607863 -0.334945 -0.474572 -0.115458
0.097503 0.023174 -0.627019 -0.436575 0.302155 -0.256498 -0.160529 -0.091434 0.424040 0.167453
-0.464514 0.424017 -1.157057 -0.706327 0.813233 0.829413 0.068155 -0.453756 -0.351723 -0.132262
-0.563864 -0.414339 -0.855439 -0.391224 0.010846 0.449680 -0.346064 -1.110033 0.301588 -0.078213
0.061657 -0.831407 -0.672600 -0.441324 0.296238 -0.911210 -0.462249 -0.050718 0.904463 -0.168350
0.117151 -0.186938 -1.118056 -0.638253 0.724804 -0.110516 -0.089478 0.229347 0.189752 -0.367703
0.009960 -0.548227 -1.180527 -1.057533 0.064161 -0.246993 -0.560368 -0.411976 0.169571 -0.364122
0.255617 -0.811081 -0.983265 0.359705 -0.033881 0.276699 -0.487112 -0.004705 0.177888 -0.341194
-0.565081 -0.339515 -1.817214 -1.157239 0.210860 0.195535 -1.046186 0.562819 1.393296 -0.436675
-0.432789 -0.268450 -1.492513 -0.687575 0.346471 -0.175424 0.111023 -0.152926 0.309444 -1.344342
0.068197 -1.407928 -0.302519 0.222484 0.129537 -0.029194 0.079685 -0.749830 0.003148 -0.178868
0.178850 -0.887511 -1.518011 -0.754183 0.369495 -0.415623 -0.273797 -0.679990 0.487032 -0.900789
0.044964 -0.744318 -1.413061 -0.410596 0.145082 -0.018061 -0.683098 -0.245610 0.035330 -1.064332
0.232234 -0.536255 -0.313624 0.124179 0.496235 -1.144737 -0.389690 -0.439422 -0.486571 -0.616993
0.255561 -0.713497 -1.326744 -0.720874 0.120933 0.082077 -0.506872 -0.149200 0.082829 -0.726733
-0.758837 0.084443 -1.471600 -0.569186 0.814886 -0.147573 0.493434 0.426227 -0.478549 -0.690069
0.152744 -0.821896 -1.214697 -0.315012 0.425531 -0.130335 -0.217576 0.170376 0.044807 -0.734181
1.016434 -0.029991 -1.653489 -0.350891 -0.068965 0.374790 -0.821189 0.344834 0.710206 0.008028
0.628965 -0.384604 -1.340913 -0.629946 -0.633791 0.127194 -0.812744 0.108277 0.055447 0.132550
1.238479 -0.253955 -1.519904 -0.244848 -0.088445 0.568279 -0.791487 0.821685 0.948486 0.505258
1.054871 -0.253714 -1.426939 -0.106284 -0.034716 0.383112 -0.826505 0.758204 1.017330 0.457120
1.130232 -0.275322 -1.759128 -0.170477 -0.018752 0.281987 -0.426638 0.698029 1.074354 0.582959
0.702992 -0.164133 -1.631481 -0.460565 -0.120488 0.243368 -0.801246 0.385382 0.535917 0.257722
0.920117 -0.249313 -1.061160 -0.223294 0.278976 0.164055 -1.042672 0.686121 1.054035 0.123804
1.084269 -0.473943 -1.621185 -0.192806 -0.305282 0.492620 -0.675278 0.034054 0.693761 0.390249
0.924355 -0.329117 -1.335734 -0.249739 0.124145 0.302896 -0.907393 0.279159 0.604221 -0.075168
0.930254 -0.218479 -1.126375 -0.368162 -0.102747 0.272355 -1.089575 0.211664 0.689122 -0.203278
0.914735 -0.193088 -1.335199 -0.441715 -0.153663 0.439439 -0.959195 0.533446 0.641887 0.119976
0.866718 -0.150805 -1.296335 -0.438081 -0.196075 0.341953 -0.887974 0.241000 0.440551 0.068671
1.140039 -0.493031 -1.376971 -0.236156 -0.321059 0.621501 -0.671209 0.308923 0.565188 0.418696
0.896708 -0.478416 -1.283809 -0.543571 -0.441085 0.409755 -0.866384 0.273081 0.264122 0.207124
0.783479 -0.245216 -1.376556 -0.413096 -0.328822 0.241295 -0.964380 0.264069 0.466479 0.075495
1.434212 -0.274048 -0.978868 0.113186 -0.129668 0.559193 -0.947510 0.661119 1.205244 0.240588
1.152876 -0.060139 -1.532417 -0.400338 -0.120529 0.200188 -0.831669 0.645887 0.782040 0.270645
0.962755 -0.297404 -1.372805 -0.466807 -0.335479 0.409694 -0.916844 0.257415 0.448036 0.166198
1.093780 -0.120925 -1.466724 -0.370172 -0.135697 0.334714 -0.889943 0.276107 0.753309 0.179712
1.028810 -0.096469 -1.388719 -0.279693 0.129929 0.419858 -0.914955 0.892928 1.095145 0.211225
0.736315 -0.217559 -1.178314 -0.342950 -0.379351 0.074445 -1.172571 0.054536 0.368859 -0.084707
1.120417 -0.372391 -1.405987 -0.440103 -0.512279 0.316436 -0.696115 0.003381 0.428814 0.229511
1.082011 -0.261899 -1.175922 -0.207572 -0.163213 0.648032 -1.120784 0.518971 0.846829 0.135252
0.882711 -0.608730 -1.223376 -0.015839 -0.208458 0.434952 -0.797341 0.077876 1.040152 0.331787
0.752301 -0.460447 -1.287998 -0.341662 -0.507026 0.215220 -0.642966 -0.013936 0.180797 0.067318
1.243263 -0.503110 -0.894366 -0.257808 0.284205 0.230375 -0.707125 0.596514 0.834887 0.522404
0.801058 -0.219580 -1.700872 -0.487852 -0.153534 0.261775 -0.411448 0.320054 0.428366 0.612611
0.924979 -0.299313 -1.741791 -0.342735 -0.213723 0.350381 -0.649783 0.515376 0.730752 0.488414
0.926778 -0.153885 -1.301045 -0.472939 -0.188851 0.356805 -1.160372 0.407667 0.708946 -0.009650
0.999307 -0.255129 -1.363828 -0.326157 -0.151306 0.425005 -0.946234 0.532258 0.770341 0.169738
0.708705 -0.092163 -1.530878 -0.401092 -0.027620 0.187498 -0.913557 0.713622 0.763515 0.231493
