-0.009372 -0.306140 -0.518118 -0.038325 0.754712 -0.255914 -0.093516 0.312875 -0.144060 0.077801
-0.278713 -0.462870 -0.814981 -0.339469 1.010255 -0.068402 -0.209732 0.422293 0.172288 -0.506986
0.040544 -0.805849 -0.037133 0.336643 -0.260702 -0.266402 -0.806848 0.342674 -0.102533 -0.206101
0.391253 -0.007937 -1.391237 -0.350942 0.233034 0.318510 -0.691404 0.120858 0.714937 -0.456562
-0.302027 0.074083 -1.490768 -0.526877 0.463272 0.053068 -0.489293 0.975000 0.984388 -0.667678
-0.105158 -0.818267 -1.567697 0.060932 0.014231 -0.920896 0.089236 0.129592 -0.100732 -1.181920
-0.125803 -1.037687 -0.270763 -0.579940 -0.492465 0.012974 0.188007 0.004445 0.018287 0.135562
0.328773 -1.004842 -1.172682 -0.734665 0.920387 -0.822116 0.724216 -0.257470 0.211924 -0.592808
-0.658313 0.554098 -1.530344 -0.932899 0.347419 0.104598 0.033339 1.144284 0.551141 -0.411588
-0.207041 -0.353922 -1.195311 -0.428103 0.775741 -0.469865 0.708060 0.106359 0.233831 -0.491532
-0.487751 -0.111571 -1.327485 -0.518275 0.352100 -0.467146 0.240554 0.507050 -0.088686 -1.306381
-0.324259 0.138363 -1.003064 -0.550372 0.321615 0.795315 0.296403 -1.278926 -0.082356 -0.216932
-0.174059 0.678372 -1.109457 -0.524680 0.569798 0.766724 -0.549962 0.113621 0.844308 -0.889494
-0.394479 1.396536 -1.028752 -0.190998 0.580075 0.006529 -0.226747 0.827129 0.246799 -0.589692
0.185543 -0.551298 0.729195 -0.533004 1.088821 0.410555 -0.070905 -0.166380 0.302363 0.150299
-0.315266 -0.388179 -1.487191 -0.467077 0.268126 -0.388691 -0.218649 0.743740 -0.167506 -1.000705
-0.841766 0.826426 -1.172977 -0.192325 0.385574 -0.542020 0.023409 0.709717 0.095473 -0.666116
0.033528 0.073191 -0.778849 -0.374091 0.904343 0.221350 0.537590 0.405858 -0.112001 -0.286104
-0.143788 0.120867 -1.624068 -0.594609 0.514407 -0.358964 -0.174357 0.682337 0.362571 -0.306465
-0.382882 -0.602865 -0.720207 -1.021148 0.504152 -0.011726 0.458299 0.313484 -0.180807 -0.634115
-0.679144 -0.653374 -0.440879 -0.076942 0.799287 0.049557 0.184234 0.274817 -0.227641 0.028733
-0.929348 -0.190685 -1.419968 -0.317529 0.793401 -0.288505 -0.463484 0.752903 0.539993 -0.847278
-0.275214 -0.012160 -1.242543 -0.658072 1.163520 -0.182401 0.878362 0.160553 -0.860922 -0.841259
-0.410044 -0.161390 -1.794668 -0.687770 -0.178385 -0.192196 -0.520469 0.580049 0.235595 -1.142752
-0.367670 -0.241649 -1.279898 -0.753512 -0.139072 -0.439014 0.024655 -0.978680 0.464633 -0.606797
-0.272451 -0.079884 -0.538974 -0.992443 1.048385 0.234671 0.002306 -0.126299 0.215915 -0.241160
-0.419567 -0.310595 -0.033694 -0.531837 0.174618 -0.038829 -0.446396 0.072440 0.552195 -0.196791
-0.542303 0.178574 -1.006976 -0.275040 0.495142 -0.199021 0.168989 0.879366 0.319262 -0.625697
0.334119 -0.846075 -1.139051 -0.199580 0.036409 -0.435658 -0.223588 -0.459429 0.056719 -0.384967
-0.515118 -0.126646 -0.870529 -0.104243 0.678525 0.071867 0.211292 0.685144 0.069635 -0.764330
-0.384785 -0.314909 -1.501718 -0.787578 0.249100 0.047198 -0.216150 -0.405206 0.357056 -0.561696
0.377068 -0.977423 0.307160 -0.229184 0.543541 -0.003700 -0.050282 -0.326882 0.246876 0.041175
-0.160281 -0.513009 -0.123240 -0.761926 0.715347 0.328283 -0.902667 0.016622 0.255983 -0.030613
0.016386 -0.386329 0.190326 -0.630234 0.994234 0.163863 -0.330840 -0.373083 -0.023341 0.177733
-0.284501 -0.377710 -0.509554 -0.675253 0.830651 -0.405098 -0.426210 0.245284 0.406012 -0.173390
-0.238191 -0.038266 -0.535569 -0.657334 0.713628 0.469115 -0.302172 0.322276 0.466069 -0.690988
-0.250650 -0.505699 -0.011366 -0.487643 0.659415 0.276851 -0.082244 -0.162750 0.309213 -0.034530
-0.153619 0.101902 -0.542926 -0.049095 0.461758 0.162376 -0.191765 0.241764 0.090792 0.358301
-0.305871 -0.228904 -1.362716 -0.384358 0.355883 -0.184654 -0.349385 1.138704 0.067499 -0.708097
0.139965 -0.543250 -0.880383 -0.072101 0.445187 -0.229214 0.040828 0.323189 -0.297164 -0.058893
-0.546972 0.499359 -0.468768 -0.346553 1.548681 0.042315 0.567074 0.203193 0.286400 -0.695146
-0.536573 -0.074157 -1.021601 -0.736964 0.436536 0.401814 -0.550514 1.110760 0.553775 0.018448
-0.637892 0.463851 -1.156221 -1.027653 0.401784 -0.089295 -0.234310 0.134231 0.138432 -0.376404
-0.243533 -0.024145 -0.511256 -0.092476 0.392950 -0.030146 0.215610 0.379403 0.562131 -0.149156
-0.248684 -0.056332 -0.190385 0.273981 0.560832 0.215033 0.492758 0.167026 -0.096921 -0.314810
-0.381071 0.132030 -0.814613 -0.448145 0.449030 0.736299 -0.401248 1.279728 1.026512 -0.369603
0.134476 -0.210169 -0.192351 -0.006239 1.405890 -0.421551 0.023451 0.293548 -0.338744 -0.399821
-0.359624 -0.531891 -0.811381 -0.542218 0.821005 -0.795975 -0.269114 0.199870 0.522197 -0.859823
-0.328518 -0.108620 -0.011294 -0.032192 0.918308 -0.101486 0.116273 0.346662 0.469228 -0.232568
-0.303996 0.157751 -0.892321 -0.808672 0.433295 0.883796 -0.156351 1.456122 0.924118 -0.140304
-0.412143 0.151674 -0.822963 -0.765547 0.700101 0.445311 -0.064860 1.186202 0.814104 -0.414537
-0.149922 -0.279309 -1.302770 -0.625484 -0.054273 -0.070979 0.592136 0.403434 -0.159063 -0.777118
0.316349 -0.429360 -0.318940 -0.211204 0.854468 0.406833 -0.367502 -1.565845 0.222664 -0.252306
0.023630 -0.560034 -0.672049 -0.554919 0.880025 0.347941 -0.143974 -1.304814 0.434269 -0.760382
-0.424678 0.182015 -1.024402 -0.775923 0.350094 0.230928 -0.958514 -0.392139 0.875665 -0.951536
-0.142668 -0.720338 -1.075266 -0.784823 0.655255 -0.253216 -0.019370 -0.011648 0.730882 -0.944417
0.004670 -0.406006 -0.162012 -1.043679 0.998076 0.656222 -0.576704 -1.160433 -0.458610 -0.068270
-0.054580 -0.435742 -1.110969 -1.047786 1.005524 -0.299634 -0.542395 0.262587 1.291941 -0.284616
-0.508919 -0.593152 -1.239530 -0.031327 -0.699844 -0.405134 -0.185483 0.797006 0.196435 -0.744390
0.305640 -0.705746 -0.754940 -0.081128 0.086949 -0.381000 -0.839526 -0.718496 0.729923 -0.384321
-0.042259 -0.567380 -0.565853 0.186531 0.485868 -0.926784 0.606758 0.022001 -0.065093 -1.167998
0.155797 -1.165336 0.068453 0.557596 0.030113 -0.467941 -0.552784 -0.596541 -0.432268 -0.561213
0.277304 -0.115409 -1.834841 -0.945955 0.532100 0.278703 -0.267930 -0.220795 -0.472640 -0.761291
0.388286 -0.941728 -1.286777 -0.095627 -0.432112 -0.154880 -0.106947 -0.940433 0.568238 -0.867287
0.218525 0.081795 -1.472749 -0.603239 0.236968 -0.845863 0.122371 -0.116972 0.392379 -0.801542
-0.382822 0.080748 -1.421979 -0.611800 0.103547 -0.285167 -0.190446 0.608764 0.683341 -0.326616
-0.403179 -0.184879 -1.134606 -0.869515 -0.323984 -0.050524 0.391921 -0.306846 0.260649 -0.787612
-0.905267 -0.076677 -1.110937 -0.705478 0.522966 -0.577705 0.900961 0.240051 0.106532 -0.509281
-0.223983 -0.160508 -1.083161 -0.034123 0.282717 -0.431382 0.193783 -0.106838 0.404298 -0.106200
-0.428090 -0.542007 -1.105843 -0.622479 0.716356 -0.145081 0.120034 0.077302 0.519816 -0.252137
0.296715 -0.992351 -1.447851 -0.452244 0.233211 0.163374 0.267984 -0.920775 0.514339 -0.903028
-0.362368 0.004572 -0.844266 -0.048925 0.564257 -0.403683 -0.786903 -0.573574 0.353722 -1.241581
0.307587 -1.143577 -0.862718 0.048166 0.341825 0.025299 -0.444935 -0.203862 0.583116 -0.992608
-0.286754 -0.487151 -1.015006 -0.655873 0.325951 0.007745 -0.298998 0.196821 0.887657 -0.945809
0.193384 -0.814546 -0.703306 -1.014345 0.503428 0.242150 -0.214857 -1.144357 -0.162638 -0.023077
0.342344 -0.780623 -1.177432 -0.027715 -0.089118 -0.237247 0.042567 -0.859905 0.471213 -1.379098
-0.417642 -0.352198 -0.719632 -0.676538 0.539432 0.051120 0.082663 -0.655465 0.395384 -0.318141
-0.714373 0.088395 -0.955486 -0.752935 -0.064022 0.318302 0.289848 -0.322203 0.801750 -0.522788
-0.026768 -0.900585 -1.773341 -0.119001 -0.150191 -0.696761 -0.376984 -0.122896 0.514400 -1.125242
-0.448949 -0.239094 -1.337329 -0.894602 0.324177 0.140878 -0.531801 0.426781 1.186633 -0.261880
-0.014469 -0.506238 -1.432015 -0.595231 0.253312 -0.150435 -0.436124 0.184320 0.468308 -0.698768
-0.521216 0.637545 -1.332875 -0.839128 0.619851 0.233536 0.169095 0.553051 0.536653 -0.216699
0.196670 -0.730484 -0.574981 -0.264490 -0.113228 -0.015225 -0.689523 -1.222178 -0.292005 0.339612
-0.171150 -0.200678 -1.646426 -0.234444 -0.524044 0.083592 -0.081038 0.458976 0.914178 -1.041415
0.194669 -1.404051 -0.730257 -0.293024 0.578103 -0.057819 -0.378588 -0.951988 -0.010696 0.213493
0.389097 -1.699450 -1.012032 -0.133816 0.676039 -0.139553 -0.368628 -0.938539 0.319817 -0.267827
-0.068109 -1.194422 -0.857992 -0.116552 -0.202409 -0.373596 -0.191457 -0.731407 0.384111 0.373947
0.795201 -0.556682 -1.552710 -0.135972 0.086085 -0.051975 -0.880210 -0.106074 0.232849 -0.427461
0.261727 -0.964449 -1.375484 -0.171468 0.699413 -0.293689 -0.345475 -0.120677 0.592742 -0.598012
-0.175113 -0.777073 -1.535973 -0.629238 -0.103128 0.057835 -0.123666 -0.593001 1.032817 -0.868164
-0.044939 -0.786956 -1.414445 -0.517346 0.530456 0.109769 -0.216715 -0.528274 1.311407 -0.912534
-0.203345 -0.445542 -1.348222 -0.918603 0.705318 -0.215268 0.627669 0.030782 0.048263 -0.409894
-0.676034 0.395922 -1.489082 -0.457423 0.647705 -0.247269 -0.085745 0.231501 0.581092 -0.761714
0.037977 -0.393253 -1.155212 -0.438264 0.305692 -0.099622 -0.109565 -0.779708 -0.095321 -0.355063
0.185063 -0.027779 -0.655419 -0.321592 0.376283 0.042018 0.161798 -0.493489 -0.409121 0.040391
-0.108006 -1.569022 -0.873177 0.549800 0.168560 -0.546226 -0.564560 -0.524326 0.416867 -1.075865
-0.259669 -0.810988 -0.908266 -0.560756 -0.241864 0.273187 0.076692 -0.562494 -0.272156 -0.583280
-0.140815 -0.673072 -1.494583 -0.138927 0.650756 0.092802 -0.422362 -0.443256 0.298999 -0.654852
-0.321311 -0.055604 -1.593450 -0.720006 0.765118 0.018465 0.244871 -0.300533 0.374490 -0.515237
-0.469024 -0.576905 -0.993759 -0.676670 0.786552 -0.331260 -0.132092 -0.294927 0.051274 -0.074504
-0.251573 -0.333458 -1.023972 -0.901602 1.091283 0.171364 -0.322241 -0.293679 -0.444898 -0.087847
-0.081986 -0.656470 -1.217391 -0.981064 0.197383 0.486059 0.018660 -0.833734 -0.232528 -0.444223
-0.240037 -0.763776 -1.746219 -0.855753 -0.113736 0.129345 -0.177107 -0.284519 -0.133192 -0.363667
0.339902 -0.463190 -0.376354 -0.247232 0.869701 0.152789 0.048878 -0.489574 0.013199 -0.327544
-0.128383 0.386944 -1.813561 -0.565749 0.319445 -0.121336 -0.275728 0.470201 0.791459 -0.715201
0.080262 -0.851182 -1.720722 -0.159581 0.354582 -0.040514 0.089623 -0.292859 1.300924 -0.601123
-0.134791 -0.130841 -1.739896 -0.735671 0.289687 -0.122490 0.047916 0.205365 0.225230 -0.722683
-0.632295 -0.646739 -1.133981 -0.898768 -0.351982 -0.498541 -0.061284 0.150831 0.371191 -0.975900
-0.050098 -0.215830 -0.858600 -0.541651 0.270488 -0.183633 -0.093558 0.086722 0.479359 -0.391906
0.059354 -0.222382 -0.907775 -0.198935 -0.443984 0.256913 -0.543116 -0.625585 -0.237799 -0.290755
0.294531 -0.972880 -1.493886 0.025428 -0.470722 -0.484608 0.765196 -0.459213 -0.094018 -1.387419
0.291426 -0.947526 -0.909343 0.498987 -0.547994 -1.081204 0.434349 -0.298143 0.030835 -1.488512
-0.353479 -0.481709 -1.652077 -0.851757 -0.208859 0.049689 -0.404974 -0.421181 0.500700 -0.349844
-0.630911 0.406507 -0.949099 -0.515397 0.228330 0.453734 -0.392353 -0.762502 -0.127082 -0.735247
-0.303808 -0.663247 -1.368801 -0.012720 0.324367 -0.514167 0.445088 -0.882444 -0.197903 -1.009502
0.358197 -1.345985 -0.544025 0.104047 -0.127173 -0.208394 -0.512759 0.285497 0.218484 0.036159
0.343747 -0.867703 -0.625976 -0.240923 0.328472 -0.078491 -0.204499 0.021891 0.164969 -0.205180
-0.052798 -0.406444 -1.001733 -0.308065 0.429528 0.454266 -0.486088 -0.154199 0.922458 -0.036234
-0.508599 -0.756753 -1.043959 -0.731335 -0.350049 -0.081966 0.042733 0.064104 0.487936 -0.542591
-0.517330 -0.551131 -1.030483 -0.676536 0.125473 -0.140103 0.186086 -0.509481 1.005964 -0.655308
-0.513018 -0.315277 -1.631304 -0.655342 0.232381 -0.450789 -0.297700 -0.145060 0.455806 -0.637717
-0.504418 -0.561563 -1.248955 -0.570829 0.682759 -0.154763 0.221110 0.351930 0.184206 -0.704142
0.218525 0.081795 -1.472749 -0.603239 0.236968 -0.845863 0.122371 -0.116972 0.392379 -0.801542
-0.064324 0.074121 -1.730775 -0.921972 0.215225 -0.013401 -0.569537 0.082344 0.491329 -0.781413
0.030646 0.610408 -0.558004 -0.563202 0.705563 0.510948 -0.441326 -0.267821 0.203662 -0.795594
-0.203918 -0.671725 -1.022561 -0.577645 1.156051 -0.212485 -0.460378 0.899135 0.417582 -0.142929
-0.417745 -0.640634 -0.898847 -0.487831 0.579751 -0.032957 -0.714072 0.799222 0.796091 -0.614718
0.242468 -0.621945 -1.390778 -0.848376 0.720545 0.131934 -0.716248 0.578726 0.116053 -0.288374
-1.078588 -0.166636 -0.570240 -0.667484 0.539461 -0.179693 0.065575 0.269701 0.160308 -0.261604
-0.416095 -0.143432 -0.575234 0.470795 1.147822 -0.088915 -0.080363 0.732423 0.042130 0.001285
0.436594 -0.189201 -1.227817 -0.208653 0.065400 -0.444624 -0.187696 0.887558 0.368013 0.318648
-0.249010 -0.871081 -0.406290 -0.127220 0.470774 -0.494030 -0.124020 -0.744811 -0.410537 -0.347717
0.152294 -0.728893 -1.044211 -0.022212 0.773092 -0.119822 -0.421330 0.527306 0.753385 -0.076545
-0.828802 -0.480275 -0.972727 -0.091385 0.618211 0.065045 -0.232404 0.118124 -0.851356 -0.683297
0.414944 -1.437011 0.059779 0.297127 0.766507 -0.087571 -0.382116 -1.003293 -0.164684 0.192779
-0.553128 0.405454 -0.267054 -0.082811 1.224796 -0.249072 0.219085 0.571204 0.168198 -0.275418
0.088801 -0.876056 -0.210376 0.183207 0.559327 -0.128521 -0.141232 -0.363185 -0.389165 0.065192
-0.070196 -0.658255 -0.435537 -0.299847 0.827483 -0.140906 0.201218 -0.383853 -0.366001 -0.097713
-0.322974 -0.460313 0.049005 -0.166558 0.826826 -0.423326 -0.021835 0.150842 0.251725 -0.360051
-0.762027 0.310764 -0.477174 -0.815526 1.389406 -0.145145 0.396884 0.160680 0.071576 -0.430695
-0.738281 -0.015800 -0.926782 -0.578387 0.119808 0.037803 -0.565276 1.050137 0.551330 -0.203626
-0.050098 -0.215830 -0.858600 -0.541651 0.270488 -0.183633 -0.093558 0.086722 0.479359 -0.391906
-0.088964 -0.578209 -0.825482 -1.035383 0.875248 -0.182603 -0.242236 0.703436 0.750183 -0.058771
0.094349 -0.975564 -0.743567 -0.861359 0.150163 -0.299124 0.069763 0.386932 0.198908 -0.196557
-0.407531 -0.586270 -0.996788 -0.104177 0.345699 0.074429 0.668003 -0.973993 -0.590169 -0.708634
0.007975 0.354143 -0.679069 -0.443855 0.304285 0.467452 -0.550829 0.430945 0.235071 -0.543118
-0.398639 0.230039 0.011938 -0.175827 1.487253 -0.362683 0.211367 0.424108 0.274912 -0.685943
-0.756736 -0.818532 -1.190985 -0.861344 0.689571 -0.119447 0.045419 0.458805 0.504006 -0.325495
-0.213930 0.499888 -1.832255 -1.024243 0.835629 0.273818 -0.682910 0.591390 0.447835 -0.613716
-0.477316 0.103566 -0.690826 -0.367395 0.620839 0.132713 0.250422 0.223802 0.034736 -0.722315
-0.068534 -0.466902 -0.341692 -0.693431 0.355968 -0.156259 0.191563 -1.177336 -0.195135 -0.467403
-0.351618 0.270427 -0.881165 -0.622233 0.392486 0.615710 -0.495305 0.686451 0.663942 -0.407178
-0.057416 -0.391116 -0.507308 -0.887613 0.951515 0.169572 -0.223275 -0.560056 -0.013273 -0.216043
-0.127110 -0.683576 -0.602468 -0.454070 -0.360091 -0.799095 -0.562304 0.537886 0.820062 -0.376935
0.750814 -0.416963 -1.177695 -0.465502 0.334924 -0.099344 -0.870249 0.721436 0.235104 -0.177122
0.660358 -1.115119 -1.438774 0.228543 -0.317812 -0.196120 -0.528409 -0.406789 0.124009 -0.339647
1.056390 -0.187595 -1.321672 -0.228188 0.003590 0.447628 -0.823087 0.924818 0.958344 0.422945
0.873113 -0.150151 -1.524958 -0.236332 0.177994 0.123066 -0.930643 0.534632 0.425975 0.109927
-0.017519 -1.110121 -1.058898 -0.568673 0.004786 0.348694 -0.588522 -0.499821 0.195976 -0.396625
1.051371 -0.253935 -1.309584 -0.296352 0.183366 0.452502 -0.729829 0.867077 0.977761 0.172458
0.831619 -0.307453 -1.505362 -0.167720 0.250196 0.150201 -0.608204 0.583739 0.563016 0.094789
0.889916 -0.724577 -1.444461 -0.229574 -0.442572 0.403407 -0.734182 0.266493 0.611872 0.237028
0.706677 -0.532824 -1.237740 -0.325227 -0.226602 0.312541 -0.802601 0.289276 0.032456 -0.313146
1.082720 -0.223946 -1.096188 -0.395506 -0.312963 0.642649 -0.918825 0.496680 0.571649 0.354012
0.759306 -0.702270 -1.411620 -0.358315 0.270346 -0.234382 -0.510877 0.584867 0.685026 -0.133559
0.885925 -0.299185 -1.398843 -0.348904 -0.281108 0.421732 -0.928906 0.481647 0.532744 0.298678
0.851485 -0.328571 -1.700195 -0.323597 0.102240 0.101744 -0.825189 0.913348 0.320760 0.083181
0.936185 -0.268380 -1.487650 -0.541301 -0.457778 0.554368 -0.883487 0.363260 0.427732 0.339652
1.299020 -0.098160 -1.655364 -0.481686 0.082059 0.572140 -0.776108 0.239844 0.738843 0.372488
0.881059 -0.327546 -1.649887 -0.401503 -0.257083 0.284317 -0.743724 0.197411 0.504898 0.246388
1.153730 -0.488624 -1.664886 -0.210670 -0.605108 0.319051 -0.721176 0.046093 0.396557 0.470037
0.618097 -0.301436 -1.560931 -0.692955 -0.116951 0.188616 -0.985962 0.397617 0.920105 0.250041
0.908982 -0.255912 -1.684138 -0.468766 -0.579288 0.430532 -0.756548 0.177588 0.368240 0.528418
0.907902 -0.070478 -1.331711 -0.227155 -0.221554 0.671085 -0.981002 0.145475 0.417064 0.075189
1.155206 -0.768335 -1.329621 0.229067 0.127703 0.490815 -0.749691 -0.005655 1.100564 0.189128
1.119430 -0.181866 -1.402903 -0.199930 -0.051594 0.474726 -0.828157 0.889450 1.000829 0.466264
0.988767 -0.261789 -1.443867 -0.291000 -0.338162 0.428174 -0.955415 0.276176 0.557575 0.319938
1.161730 -0.401123 -1.478556 -0.322670 -0.011833 0.284364 -0.667253 0.434158 0.865489 0.375715
0.800688 -0.108419 -1.623490 -0.488795 -0.054539 0.303454 -0.675568 0.551610 0.599605 0.337142
1.048254 -0.136481 -1.595450 -0.415766 -0.077503 0.464460 -0.698347 0.553234 0.755526 0.387006
0.679634 -0.118263 -1.527279 -0.546826 -0.293479 0.218764 -0.877725 0.218289 0.376715 0.074303
0.861473 0.046812 -1.438352 -0.369045 0.192505 0.373121 -0.915954 0.577137 0.817205 -0.094292
0.643726 -0.399227 -1.222045 -0.220171 -0.596118 -0.079445 -1.070433 -0.041931 0.178405 -0.249395
0.712514 -0.325908 -1.320029 -0.417777 -0.404126 0.120355 -1.058227 0.171939 0.389407 0.008035
0.922791 -0.707091 -1.410145 -0.338644 -0.510205 -0.000835 -1.290642 -0.373890 0.534056 0.215526
-0.308562 -0.461289 -0.832073 -0.084506 0.182379 0.016394 -0.457899 -0.141432 -0.678860 0.367103
