-0.334773 -0.732399 -1.436135 -0.405190 0.099888 -0.258158 -0.473294 0.550995 1.097525 -0.732961
0.263974 -0.888566 -0.394284 -0.345631 0.501005 -0.065321 -0.646054 -0.752814 -0.844915 -0.321482
-0.004285 -0.817664 -0.317966 0.095856 -0.198738 -0.591794 -0.850278 -0.147939 0.379387 -0.306408
-0.729106 0.562920 -1.522038 -0.887492 1.031528 0.219772 -0.081054 0.605863 0.613783 -0.455138
-0.482275 -0.011981 -0.843306 -0.881890 0.385960 0.088171 -0.382628 -0.202315 -0.017961 0.273449
-0.255576 -1.040130 -0.754174 0.532454 -0.142639 -0.760126 -0.496217 0.179364 -0.484164 -0.172915
0.111702 -0.911198 0.355384 -0.836058 -0.279904 -0.619086 -0.967701 -0.518260 0.060277 0.896997
-0.633190 0.074658 -0.065834 -0.494848 0.629010 -0.690111 -0.002961 -0.108166 -0.388261 -0.398114
-0.199579 -0.419864 -0.126405 0.784983 -0.557485 -1.013584 -0.579533 -0.781623 -0.352756 -0.708781
0.265403 -0.505249 -0.456100 -0.200977 0.642060 -0.267245 -0.325741 -0.503663 -0.489656 -0.072939
0.419118 -0.459038 -0.825610 -0.459419 0.487022 -0.831890 -0.343160 -0.254379 -0.342607 -0.398953
-0.410165 -0.497277 -1.366740 -1.136030 0.384549 -0.328561 -0.202220 -0.105359 0.969259 -0.252156
0.269309 -0.600859 0.386388 0.126497 -0.575659 -1.196487 0.115350 0.105771 -0.107545 -0.302831
0.312720 -1.025481 -0.107241 -0.223126 -0.062838 0.205591 -0.415675 -1.211786 -0.037430 -0.417640
-0.098808 -0.348024 -1.501176 -0.953728 -0.429845 -0.680748 -0.117701 -0.173263 0.554264 -0.273025
-0.006069 -0.985213 -0.874233 0.060382 0.673749 0.307856 -0.553547 0.639662 0.249195 -0.652031
0.140839 -0.398493 -1.555054 -1.042571 0.140164 0.389104 -0.615730 -0.000219 0.665342 -0.211930
-0.135815 -0.704872 -1.297713 -0.427793 0.473074 0.570093 -0.559490 -0.938851 -0.040969 -0.191356
-0.858271 -0.444250 -1.550608 -0.236962 0.537323 -0.101313 0.346564 -0.153671 -0.718623 -0.558514
0.131646 -0.932801 -0.939334 -0.683685 0.322159 -0.255038 -0.594608 -0.349630 0.653704 -0.086458
0.775555 -0.890264 -0.323440 -0.261763 -0.523201 -0.977064 -1.039994 -0.598980 0.056477 0.031198
-0.647416 -0.067475 -0.928053 -0.515256 0.257902 0.284175 -0.187662 -0.371001 0.409560 -0.390149
-0.172232 -0.365032 -1.691338 -0.862091 0.299555 -0.690837 -0.048660 0.085263 -0.350412 -0.977155
-0.223221 -0.533997 -1.088685 -0.827908 0.416966 0.330997 0.032064 -0.914532 0.312172 -0.399683
0.188560 -0.435836 -0.916203 -0.326362 0.285888 0.039344 -0.788299 -0.045581 0.763160 -0.100004
0.021757 -0.653108 -1.603313 -0.724784 0.159181 0.142224 0.231111 -0.558748 0.578726 -0.663949
0.043413 -0.439137 -1.503143 -0.387271 0.453121 -0.081069 0.113143 -0.353744 0.895426 -0.542023
-0.530225 -0.164406 -0.882841 -1.198217 0.837639 -0.424750 0.100079 0.084500 0.682703 -0.189241
0.329878 -0.104542 -1.513051 -0.676655 0.614490 -0.251735 -0.430725 0.350393 0.514505 -0.724394
0.012658 0.118772 -1.684043 -0.927102 0.390844 -0.598190 0.237621 0.406092 0.021163 -0.637133
-0.508700 -0.517442 -1.163714 -0.686897 0.353766 0.547758 -0.056762 0.187772 0.799642 -0.583366
0.133383 -0.632622 -1.088141 -0.475483 0.118106 -0.108151 0.274425 0.007486 -0.247418 -0.688574
-0.561782 -0.557530 -1.295524 -0.916220 -0.415308 0.249123 0.343212 -0.387766 0.659751 -0.546769
-0.150548 -0.545473 -1.328159 -0.307216 0.636220 -0.353185 -0.848024 0.417079 -0.173123 -1.112250
-0.354696 -0.715040 -1.129582 -0.726806 0.300961 -0.729346 -0.293660 -0.228284 -0.317021 -0.343487
0.351319 -0.516532 -0.983326 -0.232467 -0.044949 -0.178873 -0.314496 -0.261814 0.509541 -0.235802
-0.352926 -0.792691 -1.405484 0.045656 -0.192336 -0.791584 0.308031 0.461257 -0.218657 -1.091008
0.353007 -1.385463 -1.452339 0.003615 0.427066 -0.799138 -0.632890 -0.046151 -0.243356 -1.194097
-0.644948 -0.317453 -1.288948 -0.126123 0.592838 -0.172189 0.189291 -0.070975 0.308342 -1.067483
-0.532561 -0.354856 -0.960698 -1.253796 0.350758 -0.485877 -0.002021 -0.687684 -0.123204 -0.889427
0.398456 -1.004224 -0.521565 -0.282662 0.651419 -0.386814 -0.415838 0.160730 0.642006 -0.268284
0.006479 -0.055148 -1.512299 -0.733868 0.269546 0.485709 -0.567788 0.159344 1.131130 -0.252030
0.155177 -0.437416 -1.398525 -0.600331 0.605781 -0.226559 -0.041226 -0.133352 0.486120 -0.637072
-0.916581 -0.413861 -1.448534 -0.238378 0.035893 -0.126679 0.625139 0.058119 -0.186537 -0.818196
-0.975406 -0.907335 -0.118955 -0.224329 -0.060845 0.242000 -0.720076 -0.125362 0.245648 -0.015241
-0.495428 -0.642480 -0.103834 0.327884 0.118779 -0.466523 0.068426 0.443583 0.274871 -0.500316
-0.358105 -0.734720 -0.952705 -0.566845 0.187658 -0.588989 0.337771 0.059451 -0.274364 -0.488103
0.019432 -0.309723 -1.320132 -0.463301 -0.344756 -0.099787 -0.323791 -0.045947 1.245466 -0.735712
0.130891 -0.201016 -0.940486 -0.161819 -0.056284 -1.306250 -0.049697 -0.009755 -0.016888 -0.535141
-0.574219 0.261345 -1.426932 -0.216358 -0.539500 -0.089285 -0.752849 -1.313221 -0.116411 -0.494242
0.061731 -0.599064 -1.015620 0.247368 -0.148609 -0.053354 -0.974124 -0.209902 0.245938 -0.852272
-0.235779 0.557099 -1.488273 -0.960092 0.775925 0.059988 -0.362038 0.964721 0.596952 -0.414045
-0.014460 -0.048551 -1.823466 -0.737286 0.382173 0.112840 -0.456074 1.004308 0.395311 -0.681501
-0.163985 -0.394829 -1.008229 -0.225660 0.605752 -0.275437 0.121923 0.369874 -0.480561 -1.039929
-0.671954 0.298263 -1.594029 -1.163058 0.356231 -0.715771 -0.074423 0.178466 0.120586 -0.848674
-0.615465 0.124714 -0.479842 0.016389 0.186964 -0.499287 0.509382 0.280734 -0.124205 -0.329152
-0.271993 0.688040 -0.951981 -0.858332 0.364210 0.402894 -0.564976 0.792175 0.640748 -0.481164
0.201591 -0.139673 -0.468731 -0.215836 0.031346 0.446743 -0.038535 0.480297 0.096308 0.057376
-0.634791 -0.098621 -0.193266 -0.259904 0.716300 -0.152104 0.193879 -0.038477 0.273816 -0.509980
-0.516663 0.130461 -0.957246 -1.553503 0.895918 -0.019461 -0.599789 -0.551169 0.335016 -0.009838
-0.446190 -0.116152 -0.652240 -0.103897 0.892394 -0.089836 -0.389571 0.528320 0.099232 -0.629294
-0.423392 0.472877 -1.119278 -0.558320 0.691280 -0.201498 -0.463518 0.751086 0.498434 -0.473135
-0.071246 -0.046873 -1.282279 -0.086504 0.845235 -0.221694 -1.019599 0.238371 0.158957 -0.647710
-0.411261 -0.076455 -0.920766 -0.126475 -0.360496 0.091570 0.075990 0.560484 0.167537 -0.214636
-0.493418 1.121664 -1.663108 -0.958896 -0.012444 0.066936 -0.239354 0.015578 0.117699 -0.600816
0.425423 -0.519797 -1.110544 0.013475 0.114828 -0.557567 -0.363921 0.845932 -0.152520 -1.127952
-0.249679 -0.402509 -0.948222 -0.313784 0.468344 -0.370678 -0.066878 0.059188 0.039221 -0.678427
-0.734529 -0.471278 -0.167429 -0.718554 0.467414 0.145477 0.524201 -0.380572 0.052218 -0.390238
0.796114 -0.799215 -1.664526 -0.984764 0.556018 -0.346364 -0.835452 -0.773689 0.691096 -0.414594
0.438644 -0.628849 -0.081341 -0.604575 1.127105 0.277051 -0.083537 -0.393088 -0.133490 0.146319
-0.612368 0.870654 -1.332808 -0.829177 0.434634 0.204033 0.019745 0.165989 0.280916 -0.372735
0.207581 -0.438631 -1.608080 -0.874215 0.512666 -0.014902 -0.037172 0.014859 0.613414 -0.399128
-0.061707 0.211370 -0.551233 -0.983336 0.735171 0.335144 -0.263023 0.475887 0.065569 0.660766
-0.059071 0.302601 -1.178326 -0.808450 0.914649 0.448439 -0.578206 0.883862 0.917944 -0.230759
-0.911150 0.348280 -1.007075 -0.820312 0.512425 -0.182306 0.441695 0.562664 -0.167578 -0.378215
-0.153049 -0.019380 -0.325259 -0.357861 0.253875 0.011666 0.094242 -0.000161 0.645378 -0.545495
-0.016079 -0.936933 -0.702917 -0.152676 0.437232 -0.915239 0.430054 0.227726 0.008265 -0.183696
0.153345 -1.367388 -1.072783 0.405923 0.095601 -1.223627 -0.261179 0.038040 -0.586369 -1.075433
-0.611346 -0.136380 -0.039263 -0.236804 0.732284 -0.472783 0.119317 0.129435 0.400346 -0.277283
-0.284119 -0.392967 -1.202492 -0.623374 1.190078 0.247632 0.170521 0.305396 -0.439521 -0.135217
-0.496436 0.338261 -0.315982 -0.576057 0.883191 -0.138033 0.231861 0.026852 0.310685 -0.403161
-0.050844 -0.612365 -1.143034 -0.356639 0.728181 -0.054318 -0.866630 -0.219548 -0.189291 0.259994
-0.354696 -0.715040 -1.129582 -0.726806 0.300961 -0.729346 -0.293660 -0.228284 -0.317021 -0.343487
-0.247662 -0.369641 -0.677911 -0.394179 0.381583 -0.436699 -0.548636 0.365546 0.312891 -0.229456
0.314392 -0.637433 -0.520495 0.340823 0.198101 0.073742 -0.248651 0.176827 0.039682 -0.239683
-0.249298 0.104992 -0.973400 -1.087779 0.632627 0.554811 -0.310627 0.654151 0.383394 -0.231116
0.066006 -1.247027 -1.015522 -0.452568 0.391121 -0.485530 -0.419470 -0.449265 0.598582 -0.372509
-0.489479 0.060902 -0.706882 -1.046405 1.048549 0.023671 -0.322440 0.781512 0.658003 -0.070430
0.008914 0.177767 -1.279046 -0.997518 0.341786 -0.982181 0.430768 -0.208234 -0.008616 -1.425847
-0.381693 -0.116881 -0.518533 -0.973237 0.976843 0.289014 -0.118916 0.758392 0.673548 -0.032686
-0.629526 -0.939191 -0.902737 -0.131844 0.241327 -0.284016 -0.248744 0.819168 -0.325815 -0.820823
-0.189201 -1.143310 -1.419086 0.144023 -0.037387 -0.442961 0.157475 0.385226 0.196130 -0.660794
-0.103732 -0.036288 -1.391392 -0.526529 0.321467 0.124214 -0.282359 -0.067179 0.420415 -0.693931
-0.173945 -0.038288 -1.110773 -0.337768 0.794987 -0.292973 -0.122055 0.366219 -0.297585 -0.897909
0.140365 -1.007992 -0.828901 -0.534470 0.488782 -0.027864 -0.571504 0.020301 0.470524 -0.349403
-0.313910 -0.215849 -0.596941 0.005402 0.708298 -0.141133 -0.016744 -0.174758 0.522522 -0.917941
0.738107 -0.488285 -1.336010 -0.238212 0.179691 0.032529 -0.973225 -0.032343 0.964342 -0.792381
0.277863 0.068271 -1.495900 -0.765489 0.502616 0.221220 -0.674446 0.091513 1.001914 0.084812
0.035902 -0.269906 -0.905528 -0.644672 0.427510 0.039879 -0.324701 -0.406050 0.024441 0.005030
-0.145809 0.060511 -0.553923 -0.780225 0.525980 -0.172360 -0.359307 -1.516492 -0.518920 -0.336393
0.344088 -0.781817 -0.265382 -0.037674 0.197598 -0.759521 -0.163793 -0.018568 0.316057 -0.044207
-0.171391 0.192793 -0.951204 -0.249459 0.294055 -0.056621 -0.243309 -0.111288 0.936428 -0.383476
-0.134084 0.272497 -1.442226 -0.277951 0.398625 -0.193203 -0.467639 0.124624 1.087010 -0.301530
-0.296760 0.389308 -0.685217 -0.722279 -0.077007 -0.170775 -0.222294 -0.558647 -0.026346 -0.461188
-0.628431 0.121154 -0.657408 -0.470739 0.082784 0.161802 -0.543319 -0.819863 -0.295091 0.133327
1.080414 -0.988383 -1.229789 -0.298092 0.487369 0.298336 -0.616778 -0.135330 0.293834 -0.733486
0.187777 -0.312435 -1.234438 -0.587810 -0.402836 -0.167899 -0.877053 0.053730 -0.201819 -0.639544
-0.052938 -1.521214 -0.760861 -0.074543 -0.487822 -0.441351 -1.290196 -0.080801 0.617828 -0.383378
-0.127289 0.252123 -0.247421 -0.432328 0.983634 0.378724 -0.369422 -0.225120 -0.558048 -0.051981
0.670813 -1.173657 -0.960398 -0.336929 -0.008371 0.076780 -0.993653 0.360281 -0.060788 0.035671
0.717222 -1.001076 -0.819327 -0.610187 0.531234 -0.447483 -0.473376 -0.694101 0.083541 -0.909430
0.134111 -0.140552 -1.117804 -0.772368 -0.507065 -0.552315 -0.978118 -0.042087 0.479446 -0.180633
-0.295723 -1.262534 -0.512649 -0.339498 0.342008 -0.638388 0.078854 -0.193208 0.618319 -0.505154
0.111561 -0.467701 -0.806373 -0.287491 0.015791 0.272296 -0.351035 -0.956406 0.732898 -0.419192
-0.398620 -0.461751 -0.563668 -0.923924 0.424978 0.238749 -0.791731 -0.671137 0.727532 0.274727
-0.381610 -1.229961 -0.393212 0.046559 0.010789 -0.856923 -0.506944 0.138251 0.180799 -0.686375
-0.021126 -0.469783 -1.376171 -0.664676 0.331261 -0.528661 -0.379430 -0.017001 0.563298 -1.291402
-0.548350 -0.881041 -1.047605 -0.190533 0.159394 -0.799761 -0.512518 -0.288327 0.333862 -1.176324
-0.143996 -0.594750 -1.471565 -0.604173 0.513483 0.059400 -0.242389 -0.143842 1.082063 -0.558913
0.346655 -0.210369 -1.248223 -0.976367 0.239579 0.301521 -0.501712 -0.125792 0.348355 -0.443771
-0.064577 -0.106567 -1.253270 -0.781915 0.551322 0.169121 -0.392848 0.230772 1.074526 -0.800045
0.361694 -0.187647 -1.568913 -0.156755 0.273325 0.309692 -0.204233 -0.276379 -0.237352 -0.658648
-0.207220 0.058194 -0.524564 -0.344413 0.043144 -0.230682 0.083206 -0.302207 -0.182624 -0.455747
0.644325 -0.035673 -1.672484 -0.910841 0.477177 0.616603 -0.231223 0.010937 0.075110 -0.708121
0.221611 -0.247850 -1.315625 -0.903587 0.468066 -0.018777 -0.127366 0.231334 -0.255544 -0.999594
0.150821 -0.775714 -1.405608 -0.146357 0.887471 0.208425 -0.397809 -0.914763 0.197361 -0.298319
0.324556 -0.815578 -1.349935 -0.251295 0.135885 -0.126016 -0.127797 -0.821016 0.163549 -1.208558
0.448267 -0.365530 -1.472685 -0.158171 -0.000946 -0.021260 -0.511418 0.104990 0.644520 -0.732581
0.256105 -0.924144 -0.132505 0.214661 0.904863 -0.527888 -0.048436 -0.489291 -0.155696 -0.642427
0.306535 -0.501323 -0.488581 -0.609298 0.678346 -0.137245 -0.412779 -0.826857 -0.262413 -0.126486
0.122603 -1.398320 -0.834961 0.723804 -0.047899 -0.371907 -0.239779 -0.103991 -0.346054 -0.505184
-0.000941 -0.762982 -0.442886 -0.414625 0.671374 0.061012 -0.298172 -0.601629 0.999614 -0.038984
0.216499 -1.053063 -1.196184 0.028539 -0.094056 -0.449399 -0.356037 -0.279574 -0.730402 -0.449413
-0.010475 -1.294205 -0.751482 -0.501807 0.652877 0.086595 -0.984787 -0.409554 0.089681 -0.045180
0.381132 -0.534676 -0.682532 -0.395693 0.348682 -0.152070 -0.873704 0.455441 0.677937 -1.178893
0.287707 -0.731928 -0.458565 -0.160926 0.156874 0.233414 -0.881172 -0.291219 0.591437 -0.746619
-0.067124 -0.902439 -0.658820 -0.221407 0.151365 -0.020862 -0.609072 -0.023859 0.646833 -0.556795
-0.798117 -0.202844 -0.998827 -1.178978 0.283082 0.315546 -0.174391 -0.603362 0.435256 -0.232125
0.161193 -0.581862 -1.871372 -0.416270 0.334646 0.568237 -0.201906 -0.345644 -0.070335 -0.528518
-0.001318 -1.579652 -1.626022 0.302177 0.349201 0.371958 -0.361565 0.355153 0.326237 -0.951389
-0.202078 -0.921889 -1.737807 -0.582849 0.117445 -0.060945 -0.461193 0.503502 0.175532 -0.084632
-0.323884 -0.529787 -0.654943 -0.870427 0.452143 -0.292915 -0.601519 -0.122365 0.246364 0.113904
0.546772 -0.621512 -1.676306 -0.716000 -0.031697 -0.247608 -0.007704 -0.111536 0.986436 -0.352332
0.918723 -0.381831 -1.567878 -0.172511 -0.288661 0.083640 -0.766392 0.045660 0.525877 0.211597
0.901925 -0.054166 -1.568313 -0.532595 -0.012214 0.388380 -0.840524 0.465167 0.687525 0.100714
0.940527 -0.629134 -1.585018 -0.218243 -0.538206 0.058282 -0.661643 -0.148818 0.100905 -0.021319
1.003104 -0.393564 -1.446794 -0.364190 -0.406039 0.663690 -0.846943 0.248869 0.486091 0.236166
0.976327 -0.431440 -1.594304 -0.199404 -0.212830 0.383656 -0.382051 0.305673 0.884938 0.546443
1.102209 -0.267546 -1.417160 -0.300566 -0.251094 0.601944 -0.869692 0.509826 0.681420 0.377717
1.056310 -0.199592 -1.606054 -0.302650 -0.221860 0.555087 -0.832904 0.585960 0.826109 0.416900
1.066348 -0.187405 -1.088583 -0.568106 0.466495 0.312251 -0.735251 0.519800 0.764448 0.200412
0.896564 -0.252342 -1.435959 -0.462144 -0.344489 0.420547 -0.920255 0.292643 0.430709 0.192634
1.047883 -0.352032 -1.719657 -0.270681 -0.131603 0.535270 -0.743870 0.486961 0.970536 0.396046
1.195038 -0.428306 -1.712250 -0.480462 -0.308620 0.432545 -0.808973 0.362394 0.663134 0.239854
0.700327 -0.271778 -1.485151 -0.675683 -0.432466 0.087088 -1.094407 0.294526 0.450102 0.079783
0.833406 -0.676685 -1.498156 0.015567 -0.233287 0.597235 -0.374137 0.261794 0.750755 0.922443
0.802080 -0.832147 -1.436252 -0.105464 -0.338350 0.393832 -0.814072 0.222223 0.735479 0.215079
0.856974 -0.068925 -1.467528 -0.499382 -0.201585 0.376144 -0.926600 0.324853 0.543798 0.051669
0.806071 -0.248411 -1.361522 -0.514955 -0.357078 0.259085 -1.001617 0.239890 0.425217 0.038978
0.621469 -0.370953 -1.143602 -0.307530 -0.569447 -0.027111 -1.165977 -0.018875 0.219737 -0.078079
0.562077 -0.912456 -1.046103 -0.209373 -0.347917 0.195459 -0.552139 -0.780458 0.453895 0.101792
0.179018 -0.702824 -0.834770 -0.095954 0.630336 -0.014786 -0.532221 0.115355 0.572437 0.041941
1.013076 -0.310201 -1.251060 -0.103732 -0.064982 0.310199 -1.042210 0.598611 0.694950 0.062442
0.853873 -0.223357 -1.404908 -0.538749 -0.298378 0.446081 -0.929523 0.310595 0.442724 0.130807
1.054147 -0.511782 -1.514223 -0.089983 -0.330397 0.386567 -0.799840 0.238949 0.746567 0.383178
1.170256 -0.603599 -1.570410 -0.041526 -0.305059 0.078433 -0.968729 0.359723 -0.003300 -0.104935
1.162896 -0.374878 -1.468047 -0.283323 -0.351245 0.467402 -1.319612 0.234091 0.235252 0.277555
