0.341964 -1.365523 0.411632 -0.061218 0.847073 -0.361265 0.558260 -1.135837 0.163018 -0.140113
-0.207620 -0.878145 -0.906182 0.279263 0.517023 -0.847149 -0.116885 -0.073771 0.997821 -1.330888
0.050908 -0.376740 0.043280 0.113170 0.408006 -0.021853 0.143409 0.094950 0.489977 0.202646
-0.077435 -0.561696 -0.826371 -0.241081 0.397530 -0.519891 -0.373786 -0.445339 0.504958 -0.664460
-0.714284 -0.493620 -0.662986 -0.258921 -0.189821 0.058156 -0.354197 0.473459 0.770657 -0.123165
-0.461401 0.341978 -0.567633 0.104536 0.559919 -0.000710 0.493455 0.084997 0.050868 -1.069958
-0.103771 -0.232643 -0.916081 -0.549706 -0.253159 -0.223650 -0.357966 -0.125587 0.124697 -0.295712
-0.736495 0.043897 -0.478679 -0.519051 0.888241 -0.053935 0.071738 0.583840 0.556501 -0.534541
-0.351757 -0.832413 -0.307665 -0.114724 0.410651 0.005599 0.111133 0.257665 0.365274 -0.614341
-0.074602 -1.011830 -0.730558 0.023685 0.793359 0.185772 -0.017641 0.347926 0.242571 -0.737889
-0.390324 -0.790721 -1.193776 -0.202219 0.048257 -0.135296 -0.065150 0.850317 -0.253276 -0.772854
-0.329570 0.339190 -0.651972 -0.162250 0.809416 -0.341563 0.316029 0.062468 0.127340 -0.858297
-0.393606 0.295995 -0.258063 0.136865 0.953031 0.035843 0.067584 -0.024075 0.233322 -0.506952
-0.288709 -0.374586 -1.310390 -0.370420 -0.152019 -0.293954 0.001339 -0.064936 0.751950 -1.127188
-0.096614 -0.883382 -1.220708 -0.959617 -0.049597 -0.230483 -0.668559 -0.183777 0.489628 0.052879
-0.023480 -0.367685 -1.007816 -0.352846 0.696095 -0.339594 -0.338947 0.292134 0.056803 -0.834147
0.308062 -0.406510 -1.227818 -0.340900 0.343259 0.061675 -0.301451 0.004469 0.383249 -0.446686
0.815191 -1.145417 -0.898485 -0.173696 0.255318 -0.475724 0.335384 -0.223834 0.406381 -0.020030
-0.131143 0.364085 -0.353951 -0.101638 0.809494 -0.071957 -0.150209 -0.235941 0.420230 -0.703632
-0.523231 -0.021063 -0.461541 -0.377938 0.905294 0.292256 -0.156880 0.566996 0.744458 -0.488377
-0.170646 -0.077958 -0.888410 0.841985 0.336848 0.109612 -0.624377 0.603460 0.571349 -0.273251
-0.009926 0.068748 -0.494070 -0.323034 1.067689 -0.337048 -0.530796 0.754321 0.252095 -0.393017
0.096330 -0.258780 -1.138868 -0.422413 0.741041 -0.394448 -0.563041 0.368701 0.073867 -0.918149
-0.164483 -0.218732 -0.642916 -0.354248 0.488166 0.153621 -0.417324 0.426721 0.170363 -0.256113
0.367418 -0.248999 -1.381637 -0.131516 0.771268 0.170167 -0.255756 0.239051 0.380524 -0.487139
-0.246596 -0.809728 -0.236218 0.435697 0.597000 -0.377670 0.369314 0.098639 -0.382639 -0.392428
-0.224836 -0.756595 -0.645099 -0.032452 0.999114 -0.052612 -0.360573 0.660917 0.231418 -0.729595
-0.522112 -0.114064 -1.203819 -0.106377 0.199752 -0.590080 0.122962 0.201040 0.110326 -1.258132
-0.157875 -0.251293 -0.601059 -0.210829 0.201668 0.401808 0.023915 0.867550 0.519035 -0.060008
-0.088592 -0.063071 -1.250568 -0.623872 0.263236 1.040784 -0.351584 0.401070 0.998335 -0.244794
0.085461 -0.677544 -0.818636 -0.079701 0.996932 0.236417 -0.475212 0.407229 0.536448 -0.177550
0.811087 -1.113700 -0.863714 0.063100 -0.006518 -0.688197 0.084505 0.064436 -0.284393 -0.894079
-0.362207 -0.227669 -1.539197 -0.587793 1.191099 -0.408137 -0.226808 0.785367 0.475307 -0.786719
-0.341223 -0.788151 -1.129538 -0.342572 0.043713 -0.151134 0.018031 0.407498 0.214846 -0.730941
-0.712399 0.520786 -0.997100 -0.962944 0.905568 0.057635 -0.140185 1.092854 0.636819 -0.052082
-1.081889 0.300155 -0.355579 -0.489054 0.750851 -0.415362 0.943032 0.047182 0.049270 -0.472104
-0.501700 0.318724 -1.148716 -0.655828 0.190304 0.647840 -0.162786 0.963768 0.621383 -0.322766
-0.298841 -0.785429 -1.017444 -0.485315 0.634369 -0.763617 -0.231832 -0.194539 -0.659486 -0.517848
-0.466712 -0.383123 -0.980790 -0.298546 0.618185 -0.123988 -0.691490 0.643088 0.153804 -0.285860
0.247949 -0.021339 -1.324193 -0.231808 0.841370 -0.344046 -0.755911 0.233964 0.101002 -0.319755
-0.400407 -0.096291 -0.986355 0.071173 0.405128 0.105474 -0.163657 0.716150 0.216066 -0.345795
-0.831549 -0.546779 -1.065883 -0.407667 0.459754 -0.328883 0.146601 0.544815 0.134961 -0.604047
0.072922 -1.230069 -0.303668 0.726647 1.074349 0.094986 0.375765 -0.597266 0.023711 -0.378207
-0.538229 -0.655437 -0.711572 -0.149244 0.403172 -0.137888 -0.637709 0.453901 0.732793 -0.707489
-0.226538 0.053384 -0.967673 -0.817721 1.480448 -0.357043 -0.985778 0.446102 -0.298758 -0.641015
-0.749817 -0.559326 -0.452281 -0.047504 0.795918 0.428755 -0.539753 0.594566 0.090672 -0.452698
0.074109 -0.153046 -1.123970 -0.545775 0.591599 -0.388794 -0.790676 0.415739 0.125840 -0.561048
-0.022563 -0.257876 -0.319746 -0.755870 0.625468 -0.224377 -0.967301 0.256857 0.138093 0.678596
0.191887 -0.972746 -0.942081 0.086768 0.243384 -0.990894 -0.161679 0.416376 -0.831542 -0.913038
-0.470332 -0.472754 -1.105077 -0.233420 0.630788 -0.018602 -0.463560 0.089368 0.430519 -0.476925
-0.243995 0.336674 -1.639738 -0.586520 0.607115 0.002302 -0.400310 0.900873 0.462377 -0.579370
0.013025 -0.650341 -1.104245 -0.521660 0.836482 0.153283 -0.809410 -0.100778 -0.410806 -0.218188
-0.165814 -0.229695 -0.826333 -0.013898 0.728844 -0.186253 -0.020838 0.326701 0.361037 -0.531999
-0.505785 -0.319024 -1.504504 -0.293950 0.809602 -0.365259 -0.143965 0.998065 -0.270142 -0.874331
-0.330750 -0.775288 -0.873187 0.476697 0.639725 -0.019298 -0.452477 -0.171058 -0.305341 -0.739772
-0.385280 0.506678 -0.893972 -0.650040 0.791289 0.273336 -0.053596 0.547267 0.472913 -0.256044
0.274770 -0.711547 -0.391359 0.022522 0.988018 -0.355090 0.136587 0.211455 -0.219297 -0.754350
0.038606 -0.433071 -0.568906 0.213853 0.761931 0.193285 -0.644846 0.055723 0.454772 -0.631517
-0.522992 -0.188511 -0.543305 -0.668819 1.071520 0.087227 0.385416 0.108829 0.289639 -0.717475
-0.232116 -0.343680 -1.572645 -0.035377 0.044507 -0.443876 -0.009214 0.637121 -0.668157 -0.559429
-0.198745 0.251961 -1.267550 -0.485597 1.030567 0.640669 0.002524 0.456035 0.775322 -0.110491
0.216771 -0.157810 -0.130027 -0.452958 0.699122 0.418628 -0.493874 0.065372 0.185509 -0.397065
-0.550967 -0.780889 -0.517693 0.150023 0.194262 -0.118787 0.094471 0.582987 -0.237244 -0.232736
-0.054677 -0.858137 -1.382207 -0.059364 -0.108060 -0.978284 0.131608 -0.230265 -0.154301 -1.255864
0.160286 -0.159287 -1.011216 -0.011303 0.851478 0.206732 -0.407476 0.939336 0.775992 -0.142162
-0.151328 -0.210836 -0.420919 -0.068196 0.761173 0.297781 -0.266059 0.108994 -0.216078 -0.599228
-0.013822 -1.081844 -0.436617 -0.516622 0.349524 -0.148529 -0.356810 -0.210106 -0.314395 0.335489
0.347823 -1.082875 -0.378982 -0.381578 0.163943 -0.536114 -0.140874 -0.985318 0.856949 -0.554342
-0.333404 -0.337426 -1.641974 -1.101100 0.529995 -0.238543 0.002527 0.462545 -0.106255 0.011968
0.005966 -1.361724 -0.526516 0.130617 0.407222 -0.135766 -0.340058 -0.357021 -0.452070 -0.506589
0.286518 -0.867264 -0.862123 -0.260404 0.464100 0.085816 -1.254950 0.144144 -0.735389 -0.341753
0.010082 -0.812860 -0.842752 0.162222 0.075481 -0.141397 0.357379 -0.672948 0.861069 -1.112952
-0.134980 -0.253387 -1.074003 -0.882875 0.390072 0.083963 -0.926163 -0.118291 0.791257 0.030970
0.525973 -0.632617 -1.333844 -0.881581 0.098743 0.351698 -0.311578 1.028906 1.097975 -0.266209
-0.004525 -0.320301 -0.789847 -0.887863 0.389572 0.235522 -0.188914 -0.642879 -0.020481 -0.430712
-0.821483 -0.095374 -0.652572 -0.074137 0.371138 0.511615 -0.166499 0.440441 0.592741 -0.132108
0.496513 0.008688 -1.199283 -0.802863 0.024906 -0.422471 0.014843 -0.550618 0.130288 -0.427443
-0.403567 -0.107188 -1.101396 -0.644726 0.697905 -0.349555 0.185459 -0.125357 -0.310671 -0.263731
0.100966 -0.708687 -1.249911 -0.191307 -0.077661 -0.548253 -0.170990 0.046038 0.573881 -0.932508
-0.692282 -0.962581 -0.808629 -0.355054 0.377032 -0.057243 -0.730699 0.986103 0.399974 -0.068072
0.067455 0.371054 -1.166737 -0.620219 0.572809 -0.212125 0.178681 0.217781 0.083623 -0.436832
-0.726288 -0.704869 -1.468673 -0.652450 0.838702 -0.294973 0.210207 -0.158475 0.235583 -0.644536
-0.903844 -0.831810 -0.786812 -0.328326 0.084335 -0.505572 0.844959 -0.885403 -0.668834 -0.635570
-0.863714 -0.722615 -0.216436 -0.324393 0.462032 -0.545853 0.106148 -0.189194 0.736661 -0.557088
-0.573667 -1.094738 -0.461671 -0.247013 -0.233742 -0.400241 0.075548 -0.781913 -0.252002 -0.390421
0.099592 -0.051004 -1.623922 -0.699853 0.169218 -0.331205 -0.801097 -0.286190 0.451989 -0.850025
0.082583 -0.759946 -0.768568 -0.602660 0.494937 -0.246371 -0.053818 0.224522 0.240046 -0.147507
-0.226612 -0.359322 -1.239525 -1.343814 0.266384 -0.050778 -0.607753 -0.237630 0.534959 0.009698
-0.335652 -1.718241 -0.054904 0.387903 0.339265 -0.937782 -0.409250 0.401524 0.166259 0.092652
-0.674794 -0.695624 -0.738856 -0.512154 0.512424 0.235630 0.026990 0.444457 0.480367 -1.062348
-0.551392 -1.205179 -0.426952 -0.509850 0.861047 -0.401315 -0.563938 0.191576 0.276315 -0.105081
0.546302 -1.040735 -0.750679 -0.381574 0.321959 -0.285780 -0.786785 0.469155 0.018860 -0.178314
-0.131922 -0.261251 -1.171407 -0.852903 0.482084 0.312000 -0.772205 0.378075 0.774117 -0.418917
-0.643693 -0.122782 -0.538669 -0.438152 0.537212 -0.336035 0.369161 -0.062077 0.521262 -0.499550
-0.234362 -0.076163 -0.728135 -0.784610 1.054138 -0.018893 -0.495004 0.390068 0.774509 -0.984694
-0.601906 -0.089637 -1.385853 -1.012399 0.007930 0.323148 -0.129773 0.645109 0.467945 -0.608515
-0.599668 -0.478023 -0.711579 -0.044963 0.318902 -0.183180 0.471690 -0.192035 0.209014 -0.690400
-0.055004 -0.151398 -1.125172 -0.244201 0.622350 0.003110 0.176596 0.093231 1.030169 -0.806136
-0.371672 -0.399177 -0.768689 -0.359032 0.392847 0.015399 0.275412 -0.170305 0.279951 -0.342277
0.067509 -0.643044 -1.138761 -0.543691 0.042877 0.115293 -0.519600 -0.365714 0.758471 -0.292247
-0.229573 -0.603669 -0.861459 -0.536016 0.475248 0.293987 0.057359 -0.012844 -0.029730 -0.581424
-0.659153 -1.069456 -0.745114 -0.358100 0.028061 -0.024752 -0.391396 -1.145496 0.000416 -0.558499
-1.024769 -1.051445 -1.198136 -0.424594 -0.260160 -0.295574 0.379868 -0.636091 0.230657 -0.930840
0.109675 -0.371953 -0.975647 -0.111955 -0.210401 -0.336758 0.017447 -0.112995 0.426012 -0.861635
0.119668 -0.268433 -1.093784 -0.657257 0.745233 -0.492073 0.480722 -0.711950 -0.475871 -1.104055
-0.244489 -0.576054 -1.005395 -0.374428 -0.621648 -0.908939 -0.288475 -0.024322 -0.146786 -1.363491
-0.290205 -0.648317 -0.705997 -0.527191 -0.245116 -1.030654 0.055953 -0.324996 0.364892 -0.273225
-0.621446 -0.394198 -0.058848 -0.591246 -0.385956 -0.664752 -0.275080 -0.383761 0.375723 -0.529920
0.051421 -0.117057 -0.959518 -0.948649 -0.197138 0.795639 -0.043326 0.292091 0.297420 -0.176273
0.089254 -1.183048 -0.163817 -0.212210 -0.980161 -1.085817 -0.578491 0.022803 0.204332 0.548377
-0.248635 -1.113260 -1.195272 -0.567504 0.951484 -0.124576 -0.217935 -0.201209 -0.046518 -1.147491
-0.223118 -0.329925 -1.140758 -0.868993 0.413090 -0.183703 -0.320790 -0.143929 0.466156 -0.213206
0.037121 -0.934249 -1.053072 -0.360312 -0.276614 -0.824696 -0.524414 0.083816 0.228911 -1.056698
-0.075529 -0.384128 -1.514013 -0.655010 0.067002 0.113160 -0.509973 0.047302 1.083656 -0.513824
-0.300822 -0.227761 -1.277357 -0.779871 0.217418 -0.117533 -0.189477 0.380175 0.828962 -0.237266
0.008848 -0.527201 -1.155584 -0.220633 -0.158876 -0.641756 -0.123802 0.513530 -0.604438 -0.656637
-0.247835 -0.258524 -1.115484 -0.685433 -0.295642 0.109827 -0.470385 0.185472 1.277118 -0.153841
-0.289955 -0.262427 -1.958173 -0.544688 0.627876 0.041599 -0.392999 0.685393 1.021432 -0.689001
-0.460082 -0.773319 -1.711614 -0.781827 -0.045300 -0.842662 -0.234221 -0.374996 -0.211860 -0.579599
-0.269513 -0.460107 -0.530517 -0.215770 0.400091 -0.380002 -0.437537 0.060727 0.578388 -0.416019
-0.554560 0.131537 -1.129761 -0.984082 1.348947 0.004101 -0.058207 0.630448 1.111455 -0.155955
-0.320680 0.150762 -1.285280 -0.594481 0.508089 0.456727 -0.728158 0.427884 -0.059344 -0.141643
-0.049861 -0.494761 -1.624458 -0.239912 0.523033 -0.089034 0.435248 -0.353506 0.090023 -0.593388
-0.370141 -0.486971 -1.517685 -0.610808 0.149809 -0.148896 -0.787543 -0.404317 0.881120 -0.601768
-0.431647 -0.252755 -1.082746 -0.117989 0.070071 0.142213 0.113667 -0.168101 0.738928 -0.763604
0.008277 -0.199474 -0.586711 -0.149385 0.686413 -0.369605 -0.812144 -0.692867 0.094509 -0.239947
-0.078923 -0.281231 -0.467753 0.112755 0.523987 -0.016535 -0.441342 -0.271888 -0.256076 -0.731513
0.279904 -0.579239 -0.598801 -0.374267 0.154111 -0.310610 0.317442 0.140468 0.447486 -0.353475
-0.191465 -0.520741 -1.282634 -0.886441 0.904998 -0.210003 0.088811 -0.614140 0.366552 -0.701096
-0.234309 -1.199705 -0.079248 -0.390181 0.492400 -0.428971 -0.855518 -0.464509 0.930623 0.019240
-0.208867 -0.498934 -0.875479 0.053430 -0.013857 0.042409 -0.939340 0.361194 1.151260 0.111136
-0.502063 -0.179794 -0.644989 -0.727734 0.610772 -0.140295 -0.119101 -0.820495 -0.408449 0.003060
0.360280 -1.496176 -1.211938 -0.454137 0.607910 -0.184165 -0.660880 0.147014 0.328832 -0.954117
-0.347383 -1.073801 -0.871324 -0.305131 0.229099 0.373118 -0.098302 -0.614406 0.153383 -0.200358
0.566027 -1.119493 -1.460497 -0.331085 -0.330099 -1.057548 -0.547505 -0.389964 0.167918 -0.883146
0.462524 -1.240205 -1.513803 0.540318 -0.010411 -0.311337 -0.724536 0.584953 -0.830980 -0.972757
-0.344245 0.147404 -1.284272 -1.559656 1.064142 0.180018 -0.824735 0.103181 -0.037499 -0.547899
0.530785 -0.497874 -1.100803 -0.750943 0.503444 -0.488030 -0.027786 -0.776300 0.174088 -0.152235
0.136495 0.035007 -0.838342 -0.341763 0.016621 0.544473 -1.036118 -0.162401 0.931688 0.159070
-0.318702 -0.765661 -0.727692 0.067562 -0.512685 -0.478607 -0.213857 -0.753302 -0.091906 -0.174600
0.326708 0.060194 -1.434223 -0.853053 0.025131 -0.126562 -0.815665 0.517516 0.539026 -0.079649
-0.154104 -0.556276 -0.707616 0.010988 0.979119 0.599904 -1.059825 -0.526057 -0.664753 -0.047402
-0.029178 -0.960349 -1.185768 -1.075646 0.466692 -0.191543 -0.920507 0.498959 0.820619 -0.252358
-0.892948 -0.683480 -0.242217 -0.699893 0.092674 -0.643049 -0.037323 0.153324 -0.563988 0.503357
0.139299 -0.658291 -1.188871 -0.041825 0.639933 -0.185994 -0.271677 -0.018353 0.288098 -0.829542
-0.231848 -0.868704 -0.363757 -0.014612 0.278254 -0.146556 0.251353 -0.365408 0.289963 -0.546810
0.029471 -0.774070 -1.031739 -0.880791 0.081396 -0.347578 -0.908279 0.174858 1.388469 -0.305679
0.333107 -0.834205 -0.697371 -0.536886 0.457234 -0.663245 -0.821315 0.103483 0.107075 0.184940
-0.594697 -0.433119 -1.121767 -0.611548 0.110291 -0.182237 -0.846871 0.078003 0.162976 -0.576854
-0.617818 -0.464329 -1.368209 -0.430514 -0.468172 -0.174662 -0.056035 -0.140568 0.310062 -0.893512
0.106095 -0.504958 -0.885917 -0.081512 0.127984 0.141406 -0.137951 0.017701 0.436396 -0.716914
-0.515193 0.074549 -1.275910 -0.849863 0.033457 -0.128701 0.090038 -0.130990 0.346784 -0.966716
-0.205624 0.276633 -0.612852 0.157311 0.047637 0.243403 -0.389469 0.152639 0.633521 -0.623140
-0.283604 -0.894429 -1.166591 -0.660415 0.241053 0.540196 -0.349322 0.126260 1.060516 -0.275704
-0.535202 0.037359 -0.533676 -0.914721 0.678360 -0.426108 0.152716 -0.231814 0.665818 -0.556012
-0.599668 -0.478023 -0.711579 -0.044963 0.318902 -0.183180 0.471690 -0.192035 0.209014 -0.690400
-0.296498 -0.694363 -0.759439 -0.589944 0.244441 0.101320 -0.378029 0.320421 0.399579 -0.420024
-0.063086 0.030210 -1.669724 -0.912028 0.599427 0.403242 -0.059690 -0.106896 -0.079627 -0.435098
-0.975230 0.068956 -0.759926 -0.849579 0.311125 -0.036496 0.294850 0.250673 0.444978 -0.187358
-0.351185 -1.344817 -0.836147 -0.148351 -0.053947 -0.485708 0.267070 0.072215 -0.446125 -0.540370
0.485458 -0.244707 -1.501235 0.210169 0.278642 0.521739 -0.618261 0.755863 0.270113 -0.272993
0.295293 -1.059753 -0.223116 0.016539 0.344094 -0.117409 -0.780654 -0.524834 0.508657 0.150075
-0.681419 -0.171208 -0.103340 0.024141 0.505184 -0.232703 0.497675 0.262101 0.021449 -0.297466
0.073436 -0.325338 -0.814515 -0.616321 -0.027819 -1.155634 -0.428110 -0.323896 0.407069 -0.588523
-0.579034 0.203200 -0.150769 -0.128935 0.897360 -0.576255 0.536697 0.070876 0.241325 -0.442344
0.331102 -0.609940 -1.006774 0.410742 0.308335 -0.163715 0.370954 0.080225 -0.633441 -1.326402
-0.249638 -0.436251 -1.069542 0.239798 0.212236 -0.031322 -0.468787 0.095454 -0.485511 -0.975385
-0.376560 0.095925 -0.345762 -0.365567 0.629184 0.173342 -0.231543 0.344310 0.374235 -0.074249
-0.632636 -0.095883 -1.177339 0.344144 0.615744 -0.604498 -0.096720 1.171418 -1.043537 -0.452607
0.084052 0.224737 -1.008664 -0.205984 0.070167 -0.529032 -0.114430 0.503662 -0.082464 -0.429686
0.360807 0.021765 -0.084974 -0.575997 0.989608 -0.452112 -0.758377 0.429320 0.026104 -0.152560
-0.484176 -0.239303 -0.735442 -0.765396 0.679310 -0.108511 0.013353 0.490215 0.553795 -0.484280
0.265980 -0.715036 -0.903484 -0.632903 0.766476 -0.091688 -0.018787 -0.027149 0.470333 -0.078257
-0.098226 -0.785907 -1.244790 -0.083541 0.767100 0.329441 -0.067123 0.032817 1.126954 -0.720951
0.051421 -0.117057 -0.959518 -0.948649 -0.197138 0.795639 -0.043326 0.292091 0.297420 -0.176273
0.386288 -0.662629 -0.352775 -0.562469 0.552765 0.264782 0.198848 -0.599091 -0.106015 0.015792
-0.145541 -0.225193 -0.479631 0.219182 0.545290 -0.512429 0.042548 0.301676 -0.666107 -0.788096
-0.157370 -0.338813 -0.661292 0.135207 0.278076 -0.382198 0.149708 0.167235 -0.580691 -1.030625
-0.441257 0.148575 -0.537837 0.433491 0.254826 -0.232895 -0.022944 0.273518 -0.433003 -1.046029
-0.625101 -0.352231 -1.245340 -0.931484 0.628638 -0.747945 -0.292855 -0.478939 0.528322 -0.622836
-0.342484 -0.329017 -1.489127 -0.885838 0.568292 0.022239 0.027036 0.122210 0.298968 -0.964652
0.073256 -0.731040 -0.467277 -0.414588 0.220417 0.210071 0.169585 0.571668 0.506615 -0.223445
0.279904 -0.579239 -0.598801 -0.374267 0.154111 -0.310610 0.317442 0.140468 0.447486 -0.353475
-0.125214 -0.155173 -1.135145 -0.679889 0.496428 0.553799 -0.240796 -0.154382 0.520558 -1.173593
-0.673353 -0.694310 -0.804342 -0.321194 0.184239 -0.146498 0.023976 0.363285 0.205814 -0.313707
0.485562 -0.012888 -1.157684 -0.805011 0.824956 -0.747073 0.547412 -0.671446 -0.143117 -0.863555
-0.098483 -0.502808 -0.991339 -0.472630 0.624997 0.315152 -0.999200 0.156357 -0.649041 -0.286895
-0.646307 0.179329 -1.350764 -0.562839 0.842091 -0.387125 0.378620 -0.496714 0.087785 -0.464510
-0.557483 -0.836840 -1.075940 -0.044094 0.465786 -0.768271 0.154277 0.695567 0.209950 -0.774972
0.367332 -0.710961 -1.958252 0.032389 0.150699 0.006219 0.047697 0.474621 -0.115594 -0.881374
-0.117108 -0.756848 -0.279049 0.419116 0.580879 -0.835577 -0.216878 -0.187388 -0.740179 -0.758369
-0.101407 -1.009038 -1.383067 -0.653072 0.294411 -0.480477 0.106827 0.776194 0.606381 -0.320448
0.057980 0.004839 -1.416533 -0.233802 0.173554 0.438519 -0.277024 0.398541 0.303534 -1.025536
-0.437820 -0.967001 -0.552648 -0.471098 0.414595 -0.322665 0.060852 0.298114 0.025813 0.117075
-0.298222 -0.688254 -1.143123 -1.138132 0.602430 0.364958 -0.978769 0.518724 0.923311 -0.143211
0.163570 -0.613160 -0.749386 -0.074996 0.021812 0.302997 -0.121246 -0.229000 -0.538181 0.018310
-0.617818 -0.464329 -1.368209 -0.430514 -0.468172 -0.174662 -0.056035 -0.140568 0.310062 -0.893512
-0.324210 -0.711884 -1.228481 -0.752765 0.426635 -0.037462 -0.205861 0.567789 0.076928 -0.738372
0.019658 -0.035781 -0.866021 -0.604432 1.103986 0.300190 -0.303031 0.239798 0.601178 -0.269167
0.014264 0.315394 -0.458050 -0.355194 0.633297 0.362340 -0.284188 0.321111 0.154888 -0.370392
0.835778 -0.265860 -1.688869 -0.279158 -0.106104 0.530442 -0.667160 0.213083 0.700768 0.134248
0.481699 -0.383938 -1.454757 -0.337411 -0.013945 0.341110 -1.341207 0.299158 0.290609 -0.338506
1.063985 -0.297122 -1.521962 -0.211218 -0.189636 0.401284 -0.808456 0.641615 0.853205 0.444866
1.114173 -0.365163 -1.696125 -0.338127 -0.047281 0.487247 -0.889630 0.673541 0.772782 0.549567
0.973633 -0.188173 -1.569300 -0.558468 0.038904 0.200683 -0.631454 0.570615 0.719527 0.021215
0.950503 -0.679982 -1.135257 -0.029415 0.498341 0.317782 -1.046442 1.114340 0.423202 0.056506
0.609563 -0.062850 -1.474280 -0.413451 0.091641 0.094666 -0.941081 0.409184 0.544269 -0.010678
0.911268 -0.244473 -1.323500 -0.431182 -0.260165 0.397986 -0.980901 0.393966 0.586776 0.091485
0.858109 -0.311167 -1.540968 -0.333715 -0.199358 0.206579 -1.016329 0.255843 0.553634 0.091648
1.144437 -0.312631 -1.352623 -0.180311 -0.273192 0.502017 -0.957916 0.323097 0.781459 0.323020
0.858729 -0.551462 -1.015203 -0.151211 -0.152632 0.496179 -1.100422 0.083680 0.773440 0.211760
0.857640 -0.765911 -1.278871 -0.239264 -0.626713 0.156115 -0.754247 0.326698 0.340694 0.314358
0.783986 -0.170357 -1.398359 -0.375093 0.378966 0.355473 -0.747411 0.601107 1.295510 0.280984
0.917117 -0.224189 -1.439711 -0.454040 -0.044511 0.115639 -0.949805 0.329778 0.503242 0.024463
0.755142 -0.354724 -1.215606 -0.332520 -0.399643 0.126802 -1.095042 0.146533 0.428492 -0.072221
0.911756 -0.172523 -1.528861 -0.629729 -0.273874 0.472126 -0.827713 0.179702 0.375145 0.168075
1.453484 -0.536619 -1.430769 -0.133792 -0.027319 0.588240 -0.974280 0.205548 0.920703 0.055693
1.051156 -0.311598 -1.676566 -0.392071 -0.256612 0.343926 -0.462042 0.379282 0.605719 0.544911
0.557163 -0.599183 -1.545033 -0.070082 0.077969 0.389877 -0.991228 0.369203 1.135208 0.067975
0.690733 -0.188938 -1.430247 -0.464719 0.164486 0.169273 -0.840158 0.988648 0.800603 -0.042766
1.083155 -0.724823 -1.475405 -0.019389 -0.182012 0.692587 -0.640278 0.326551 0.740338 0.343995
0.844629 -0.271897 -1.418177 -0.249705 -0.381735 0.573107 -0.882244 0.232671 0.568027 0.168461
0.883693 -0.116051 -1.549049 -0.468893 -0.058202 0.436826 -0.855089 0.652602 0.725589 0.233666
0.913315 -0.164522 -1.402891 -0.392067 -0.151944 0.221201 -0.941773 0.149466 0.621707 -0.027792
0.823634 -0.197142 -1.493322 -0.391257 -0.256547 0.337278 -1.053930 0.739688 0.886568 0.323102
0.857730 -0.234571 -1.408471 -0.444442 -0.226106 0.336386 -0.828676 0.443220 0.545127 0.199781
1.129905 -0.249041 -1.617913 -0.332937 0.027916 0.594349 -0.870592 0.544832 1.126544 0.374770
0.438497 -0.126195 -1.381640 -0.689652 -0.389390 -0.007476 -0.871329 -0.281220 0.237815 -0.298284
0.849514 -0.022102 -1.596631 -0.472944 -0.196440 0.388071 -0.821891 0.149205 0.508849 0.219455
