0.635001 -0.184870 -1.017826 -0.063009 0.451747 -0.313225 -0.285785 0.090786 0.455611 -1.182746
0.485949 -0.919862 -0.531801 -0.009712 0.819066 0.364726 -0.530880 -0.539887 -0.322492 -0.871593
0.049430 -1.240821 -0.686885 0.507996 0.399536 -0.288164 0.123897 -0.387279 -0.821052 -0.439551
0.370543 -0.535284 -0.355137 -0.010768 0.582472 0.196387 0.133966 -0.976799 -0.652914 -0.283440
-0.280387 -0.315356 -0.867975 -0.399333 0.296799 0.241968 0.005856 0.976638 0.456972 -0.663938
-0.195664 -0.369399 -1.063217 -0.466918 0.716036 0.539662 -0.536761 0.472588 0.431804 -0.350457
-0.527388 -1.178831 -1.114161 -0.375653 0.242539 0.336528 0.438497 -0.547233 -0.387253 -0.821109
0.546107 -0.713993 -1.083082 0.326609 0.273215 -1.060218 -0.305993 -0.137150 -0.290544 -1.237842
-0.288047 -0.480553 -1.303881 -0.426224 0.096334 0.374467 0.580821 0.067872 -0.212188 -1.166814
0.359136 -0.452215 -1.310207 -0.010430 0.726716 -0.391462 0.168753 0.410354 -0.031752 -0.260625
-0.005805 -0.695752 -1.195156 0.137994 0.572498 -0.624138 0.462977 0.413269 0.862169 -0.199996
0.232477 -0.510260 -1.377859 -1.078328 0.613647 -0.103658 -0.519213 -0.431764 0.621319 -0.140845
-0.442032 -0.081648 -1.283356 -0.731093 0.792988 -0.015317 0.443607 0.647066 0.136297 -0.729595
0.289600 -0.435239 -0.918531 -0.002685 0.272589 0.583135 -0.578112 -0.683015 -0.183671 -0.404165
-0.773401 -0.800361 -0.742780 -0.116455 0.106213 -0.229227 0.358927 0.208146 0.772294 -0.860592
-0.026415 -1.153340 -1.336731 -0.420039 0.017828 -0.746819 0.168021 0.092775 0.399968 -0.244000
-0.414258 -0.278611 -1.024814 -0.067737 -0.459097 -0.815355 -0.547535 0.085936 -0.214705 -0.666814
0.027707 -0.260819 -0.870336 -0.393908 -0.700131 -1.000541 -0.436371 -0.087094 0.655054 -0.657933
0.041718 -1.123209 -1.582230 -0.664912 0.744896 0.357579 0.295258 -0.355742 0.798592 -0.917797
-0.553943 -0.215921 -0.487529 -0.582011 -0.257015 -0.935620 0.172211 -0.261351 -0.113846 -0.627396
0.007292 -0.191646 -1.269989 -0.149589 0.288342 0.151649 -0.567496 -0.586933 -0.035900 -0.657468
-1.122355 -0.106315 -1.285853 -0.756692 0.102925 -0.081072 -0.241859 -0.155102 -0.081910 -0.739297
-0.383089 -0.286037 -0.561887 -0.509073 0.479037 -0.202388 -0.470635 -0.142378 0.534238 -0.659938
-0.604964 0.148597 -0.963673 -1.187910 0.724567 0.059499 -0.304812 -0.473389 0.502726 -0.028595
-0.234093 -0.569259 -1.466019 -0.859270 0.322538 -0.191499 -0.486637 -0.210214 0.833157 -0.606488
-1.009476 -1.329761 -0.180927 0.622128 0.058995 -0.834863 -0.262349 -0.010761 -0.835490 -0.344662
0.116979 -0.290406 -0.990378 -0.667446 0.394972 -0.416355 -0.527722 0.754808 0.708452 -0.275622
-0.463318 -0.134986 -0.836563 -0.128726 0.310193 -0.147586 -0.525813 -0.791255 -0.397728 -0.939862
0.187486 0.023824 -0.997048 -1.108605 0.142578 -0.035660 -0.777566 -0.349456 -0.066275 -0.237534
-0.529094 -0.044934 -1.112734 -1.155240 0.357330 -0.552440 -0.093089 -0.301901 0.311171 -0.454091
-0.086914 -0.453065 -1.563960 0.130953 0.219105 -0.701536 -0.000388 -0.295694 -0.533038 -1.332236
-0.456125 -0.579717 -1.345094 -0.754463 0.050713 -0.334132 0.084769 0.140746 0.220667 -0.916043
0.262261 -0.699166 -0.597036 -0.021955 1.058465 0.045067 -0.028634 -0.332005 0.299135 -0.498823
-0.991747 -0.157657 -0.993000 -0.694237 0.246795 0.272668 0.134473 0.171408 0.333292 -0.799663
-0.122822 -0.278664 -1.078498 -0.791490 0.497485 -0.478262 -0.168991 0.439428 0.632010 -0.340524
-0.053144 -0.094658 -1.278393 -0.597912 0.165484 -0.010345 0.214703 -0.898150 -0.277087 -0.943459
0.212500 0.187165 -1.045631 -0.109316 0.235217 -0.558103 -0.508387 0.084834 0.257112 -0.805889
-0.133582 -0.124859 -1.063284 -0.589788 0.177737 -0.618954 -0.001501 0.630146 0.047544 -0.319480
0.241774 0.193438 -1.286982 -0.185561 0.642876 -0.145698 -0.737799 0.361883 0.835111 -0.639642
0.349229 -1.091116 -1.085636 0.099403 0.394650 -0.262842 -0.311117 -1.002538 0.785608 -0.986598
0.069149 -0.286962 -1.737934 -0.621476 0.380308 -0.076914 0.088006 -0.341419 -0.024865 -1.584190
-0.148915 -0.674389 -0.722458 -0.356638 0.089363 -0.205699 -0.390737 -0.752938 0.641227 -0.414023
0.033168 -0.500723 -0.969248 -0.031262 0.425265 0.087209 0.018286 -0.053650 -0.217489 -0.801565
0.330650 -0.056697 -0.890833 -0.163009 -0.599884 -0.213803 -0.603886 0.413769 0.395816 -0.425456
0.349216 -0.387516 -1.388667 -0.419790 -0.433243 0.180855 -0.310757 -0.429733 -0.366050 0.099326
-0.489590 -0.655551 -1.365133 -0.389785 0.764268 -0.254171 -0.045872 -0.388887 1.054310 -0.499407
0.343297 -1.030867 -1.242698 -0.493302 0.093387 -0.152920 -0.805250 0.242923 0.963343 -0.054119
-0.043767 -0.676524 -1.645843 -0.694191 0.006565 -0.272932 0.077614 -0.903243 0.273332 -1.070429
0.573224 0.026483 -0.967487 0.053346 -0.335179 -0.512439 -0.590066 0.181564 0.247860 -0.384288
-0.012059 0.305516 -1.712689 -0.106463 -0.139716 -0.026732 -0.260393 -0.141864 -0.142865 -0.325032
-0.046346 -0.472639 -0.794637 0.068246 -0.093896 -0.494355 -0.441635 -0.130122 0.907042 -0.751639
0.240884 -0.846840 -1.062035 -0.974530 0.657090 -0.134863 0.144671 -0.264189 -0.546194 0.197060
-0.214302 -0.929981 -1.034486 -0.386970 0.129726 0.083134 -0.407498 -0.698985 -0.216736 -0.578605
0.426092 -0.310339 -1.260541 -0.225343 0.785024 0.029997 -0.094105 -1.022292 -0.802987 -0.830583
-1.052477 -0.144011 -1.042084 -0.361972 0.161967 -0.278965 -0.239481 0.319461 0.677675 -0.224467
0.088240 -1.501243 -1.063692 -0.023039 0.340220 -0.618566 0.225611 -0.080790 -0.090987 -0.943211
-0.220967 -1.341261 -0.978916 -0.215296 0.761357 -0.328032 -0.721795 0.021609 0.351652 -0.285663
-0.417999 -0.819868 -1.033283 -0.510897 -0.061814 0.243911 -0.007093 -0.088404 0.915390 -0.784537
0.022018 0.663431 -1.661296 -0.505194 0.352849 0.277902 -0.866334 -0.761883 -0.149791 -0.091165
0.366544 -0.707049 -1.372196 0.211705 -0.124990 -0.140293 -0.090513 -0.115638 0.423019 -0.236301
-0.664244 -0.854907 -0.970997 -0.455748 0.539283 0.029181 -0.059705 0.272559 0.629638 -0.856366
-0.288988 -0.340739 -1.110437 -0.404662 0.505545 -0.008885 -0.686311 -0.493186 0.048300 -0.367420
-0.197112 -0.032591 -1.283863 -0.419706 -0.025698 -0.845984 0.192872 -0.259030 -0.795808 -0.855579
-0.626463 -1.159986 -0.988154 -0.727526 0.133869 -0.147283 0.148368 0.339297 0.393809 0.120700
0.462095 -1.266354 -1.218018 -0.445751 0.852143 -0.040988 -0.024068 -0.677133 0.214763 -0.741775
-0.024401 -0.543544 -0.874275 -0.756997 0.126231 -0.584100 -0.594660 -0.402804 -0.033685 -0.587588
-0.732277 0.086181 -1.021845 -0.803507 1.188041 0.282369 0.103314 0.526398 0.576362 -0.184401
-0.323926 -0.040387 -1.133251 -0.734949 -0.434464 -0.339816 0.198508 -0.625136 -0.230017 -1.017777
0.252650 -0.755101 -1.249308 0.142608 0.509084 0.001343 -0.481004 0.931680 0.594465 -0.363129
-0.236343 0.082954 -1.673883 -0.733266 0.165893 0.093383 0.079548 0.862215 0.114640 -0.778713
-0.547602 0.255146 -0.984487 -0.575700 1.223629 0.064274 0.542162 0.780063 0.148541 -0.559612
-0.108630 -0.233978 -1.002271 -0.472940 0.575980 -0.489171 0.097646 0.587279 0.525697 -0.524043
-0.304810 0.443474 -0.622920 0.266652 0.237407 -0.030876 -0.202394 0.892122 0.448014 -0.425550
-0.274959 0.661250 -1.157724 -0.456595 0.679461 -0.037294 0.018583 0.941744 0.598233 -0.475938
-1.083089 0.233368 -1.409038 -0.775420 0.338379 -0.814661 0.522622 0.277709 -0.359385 -0.948220
0.489642 -0.749066 -1.268187 0.624837 0.544761 0.086602 -0.076010 -0.336704 0.570346 -0.622104
0.123998 -0.469275 -1.066171 -0.151096 0.051054 0.026677 -0.465915 -0.963182 -0.126100 -0.505278
-0.416694 -0.276085 -0.333482 -0.211732 0.547696 -0.596027 -0.353407 0.113273 0.536213 -0.736981
0.291862 -0.102923 -0.463876 -0.017297 0.934157 0.333589 -0.275876 -0.571041 -0.887631 -0.287699
-0.398324 -0.841902 -1.466199 -0.569869 0.140409 0.096436 0.030852 0.734146 1.062761 -0.365151
-0.868969 0.477235 -0.986003 -0.302739 0.933427 -0.157295 0.328303 0.057523 -0.203240 -0.059404
-0.095554 0.344493 -1.284509 -0.478522 0.642880 -0.414659 0.009372 0.400780 -0.105328 -0.967746
0.011415 -1.452027 -0.896165 0.366962 0.554390 -0.780381 -0.031379 -0.398506 0.253827 -0.550690
-0.446222 -0.014621 -1.178887 -0.650096 0.525291 0.016065 -0.253903 1.076165 0.615083 -0.154508
-0.408377 -1.069947 -0.053431 -0.161259 0.775676 -0.060049 0.183991 -0.383598 0.874328 -0.772188
0.005908 -0.071324 -0.732854 -0.161066 0.408126 -0.088843 0.375599 0.032075 0.118627 -0.285506
-0.064019 0.038960 -1.222433 -1.383861 1.071263 -0.494953 0.023899 0.184755 0.167491 -0.727050
-0.203408 -0.182871 -1.329142 -0.049889 0.177242 -0.066446 0.832519 0.033350 0.133072 -0.750148
-0.484642 -1.218491 -1.415596 -0.241477 -0.375984 -0.389603 -0.002685 0.220603 0.443328 -0.319343
-0.210399 -0.503159 -0.535486 -0.242860 1.293038 -0.298297 -0.356682 0.370943 -0.161475 0.082205
-0.223640 -0.627908 -1.922631 -0.856223 0.356197 -0.416303 0.311079 0.054367 0.201489 -1.222593
0.345230 -0.205192 -1.743508 -0.377185 0.811736 -0.307572 0.424754 0.220104 0.464169 -0.737014
-0.111664 -1.325961 -0.249902 0.134212 -0.118036 -1.133651 -0.434968 0.083661 -0.484812 -0.476346
0.012839 -0.117196 -1.351030 -1.019655 0.247912 0.334834 -0.526741 -0.325571 0.938420 -0.635548
-0.004876 -0.611487 -0.803976 -0.823432 0.791188 -0.089083 -0.080415 -0.253412 0.715068 -0.549811
-0.012686 0.025860 -0.563654 -0.598829 0.400146 0.511979 -0.436050 0.853540 0.552409 -0.134470
0.191990 -0.692369 -1.270692 -0.631881 0.730661 -0.074305 0.113612 -0.488926 0.185767 -1.217422
0.513992 -0.460518 -1.389646 -0.257244 0.227360 0.572463 -0.386027 -0.883341 0.470718 -0.147915
-0.358180 0.133340 -0.758267 -0.792295 0.388150 0.025667 -0.504146 -0.084879 0.672941 -0.132067
-0.179790 -0.568875 -1.267678 -0.103270 1.121625 -0.042897 -0.545593 -0.444707 0.104642 -0.521305
0.228566 -1.186253 -1.183653 -0.717887 0.213338 -0.492264 0.175467 -0.129571 0.158428 -0.121355
-0.527194 0.204658 -0.569395 -0.861335 1.030415 0.014995 0.125673 0.348322 0.279541 -0.339864
0.305010 -0.648718 -1.324131 -0.323666 0.726176 0.054056 -0.593782 -0.051975 -0.316471 -0.627752
-0.236343 0.082954 -1.673883 -0.733266 0.165893 0.093383 0.079548 0.862215 0.114640 -0.778713
-0.389984 -0.664906 -1.289401 -0.200383 -0.023775 -0.864338 0.154126 0.078853 0.732884 -1.015022
-0.374176 -0.199381 -1.297504 -0.219455 -0.109663 0.050787 0.152341 0.198981 0.043750 -1.371233
-0.404976 0.261638 -1.772344 -0.311328 0.742395 0.406324 0.273134 0.290125 -0.067256 -1.042986
-0.499554 -0.626854 -1.123252 0.547466 -0.635649 -0.634312 0.311285 -0.112132 -0.214792 -1.312073
-0.349974 -0.623132 -0.541285 -0.248879 0.763713 -0.538242 0.762267 0.466917 0.458629 -0.461071
0.446585 -0.682819 -0.573624 0.526202 0.354519 -0.202052 -0.366460 0.150602 0.650604 -0.415105
-0.404533 0.150970 -0.326924 -0.210841 -0.049440 -0.171895 -0.182984 -0.748667 -0.197870 -0.330149
-0.838807 -0.240643 -1.587259 -0.505761 -1.053427 -0.338681 -0.485236 -0.885616 -0.372546 -1.035566
-0.284399 -0.840970 -1.069035 -0.331188 0.320602 0.522933 0.274068 -0.517399 0.057030 -0.875964
-0.122082 -0.514717 -1.455481 0.068408 -0.666115 0.180568 -0.131067 -1.158329 -0.073818 -1.273488
0.285151 -0.736052 0.011769 -0.348558 0.711881 -0.240397 0.152054 -0.265480 -0.085838 0.200191
-0.243989 -0.466016 -1.261014 -0.014345 0.012474 0.482707 0.025039 0.082992 0.270901 -0.499849
0.238778 -0.201076 -0.432807 -0.614796 0.122077 -0.443395 -0.461217 -0.272763 0.035971 -0.371383
-0.171815 0.080145 -0.310372 -0.992291 0.633369 0.283346 -0.469654 -0.767847 0.075620 0.016693
-0.374119 0.366283 -1.373010 -0.659953 0.899270 -0.560673 0.155334 -0.119294 -0.450743 -0.852055
-0.014861 -1.058100 -1.298845 -0.815084 0.064042 -0.355670 0.223401 -0.907551 0.328909 -0.865957
0.009949 -1.172325 -0.739547 -0.355218 0.577412 -0.170065 0.126980 -1.070720 0.075151 -0.988085
-0.115814 -0.901586 -0.904232 -0.396818 0.849645 0.038291 0.080138 -0.977104 0.224671 -0.712589
-0.052079 -0.642880 -0.883039 -0.608858 0.123960 -0.103053 -0.302248 -0.904961 -0.510675 -0.717232
-0.472587 -0.122284 -0.495372 -0.569238 0.483575 -0.899875 -0.594552 -0.156084 0.295434 -0.267006
-0.605246 -0.023061 -0.548114 -0.951311 0.540048 -0.019330 -0.182782 0.032568 0.447944 0.008614
-0.044319 -0.952242 -1.391052 -0.643098 -0.126908 0.247211 0.184422 -0.416698 -0.062574 -0.566745
0.079618 -0.444934 -0.965298 -1.201396 1.109536 0.327376 -0.674721 0.067001 1.346352 -0.728230
0.199239 -1.068880 -1.835271 -0.331336 -0.028476 -0.757713 0.100005 0.004861 0.042864 -0.858644
-0.408377 -1.069947 -0.053431 -0.161259 0.775676 -0.060049 0.183991 -0.383598 0.874328 -0.772188
-0.834436 0.420041 -1.030662 -0.449353 0.344471 0.516409 0.015112 0.081973 -0.483745 -0.066116
-0.073359 -1.065349 -0.457536 -0.495098 0.188951 0.385887 -0.313977 -1.074317 -0.577487 0.177355
0.603392 -1.132742 -0.817865 -0.689058 0.322928 -0.284832 -0.401880 -0.337482 0.334229 -0.151921
0.026413 -0.668358 -1.222929 -0.901652 0.615088 0.370698 -0.722261 -0.662839 0.111142 -0.142443
0.306668 -0.550987 -0.911887 -0.722683 0.552232 -0.574319 -0.756304 -0.334195 0.404198 -0.050699
0.332666 -0.349288 -1.644967 -1.072579 0.088934 0.747539 -0.542229 0.061057 0.673353 -0.129586
-0.470424 -0.733022 -0.573439 -0.520114 0.221830 -0.354220 -0.165078 0.338785 0.456862 -0.561923
-0.151477 -0.329070 -1.043415 -0.015786 0.264047 -1.042627 -0.693858 0.093302 0.101719 -0.617471
-0.330488 -0.271700 -0.616372 0.149788 0.914892 -0.568101 -0.427710 0.742991 -0.059483 -0.409977
0.133109 -1.690711 -0.547686 0.307435 0.364104 -0.635246 -0.559037 0.084723 0.429187 -0.028352
0.305598 -1.066052 -1.148259 -0.165888 -0.070559 -1.078873 -0.577089 0.287789 0.485341 -0.933731
-0.277840 -0.149113 -1.622134 -0.634084 0.603054 -0.047713 -0.678417 0.247573 0.415673 -0.716910
-0.282967 -0.350427 -1.377932 -0.345416 0.589633 -0.086619 -0.387391 0.379188 0.949733 -1.132027
0.997914 -0.391942 -1.607366 -0.483682 -0.357169 0.202882 -1.018083 0.507499 0.689950 0.280233
0.641810 -0.511379 -1.077940 -0.340324 -0.688117 0.231686 -0.707490 0.001617 -0.089289 0.117639
0.410558 -0.599212 -1.343729 -0.198750 -0.537412 0.099023 -0.889106 0.373717 0.324689 0.044676
0.872672 -0.076001 -1.577249 -0.450638 -0.048464 0.318900 -0.852208 0.550293 0.730299 0.148979
0.930377 -0.385788 -1.690256 -0.406982 0.112310 0.524910 -0.530043 0.575897 1.168543 0.096814
0.875112 -0.109877 -1.337806 -0.414958 -0.065238 0.383190 -0.952576 0.699293 0.678208 0.207859
1.293259 -0.498364 -1.226173 -0.031246 -0.186933 0.561285 -0.720097 0.525023 0.834359 0.429101
1.038669 -0.420530 -1.589373 -0.093452 -0.419193 0.397807 -0.630898 0.292269 0.660446 0.654468
1.083173 -0.303597 -1.679203 -0.321766 -0.369537 0.499179 -0.720086 0.268759 0.644286 0.502699
0.781098 0.021816 -1.315990 0.565684 0.163588 -0.191029 -0.844803 0.309567 0.268501 -0.658020
0.916694 -0.326726 -1.516987 -0.333722 -0.202285 0.319711 -0.863545 0.192455 0.678106 0.116881
1.121769 -0.305345 -1.801736 -0.334087 -0.181632 0.468896 -0.912148 0.622026 0.390085 0.292847
0.595232 -0.464092 -1.373373 0.222508 -0.664118 0.359366 -0.866405 -0.276160 0.399574 0.121662
1.108154 -0.209235 -1.578655 -0.264728 -0.079120 0.475451 -0.721071 0.695709 0.935846 0.468572
1.057038 -0.272900 -1.596716 -0.217362 -0.072288 0.350009 -0.805787 0.487376 0.978639 0.298341
0.998240 -0.248047 -1.302270 -0.281168 0.074869 0.357689 -0.602970 0.535819 0.785861 0.319930
