0.093281 -0.688211 -1.128048 -0.501574 0.763624 0.271466 -0.431948 -0.246712 0.040437 -0.956803
0.035644 -0.602010 -1.264259 -0.317900 0.225132 0.036629 -1.460296 0.524338 -0.090064 0.117686
0.215774 -0.735334 -0.423862 -0.157328 0.666201 -0.304427 0.007560 -0.101730 -0.373891 -0.063823
-0.579501 -0.521910 -0.879618 -0.248612 -0.151993 -0.563022 0.291157 -0.307925 0.149884 -0.790988
0.037699 -0.585798 -1.432012 -0.802398 0.200545 -0.392723 -0.184831 -1.081317 0.159396 -0.705637
0.027725 -0.986009 -1.264974 -0.410674 0.168586 -0.587480 -0.394484 -0.317315 0.618441 -0.764510
0.200492 -1.147750 -0.116779 0.371586 0.260566 -0.381000 -0.158602 -0.299493 -1.077302 -0.980623
-0.559792 -0.425830 -1.242187 -0.628104 -0.046862 -0.378299 -0.383628 0.235190 0.903012 -0.713371
0.408062 -0.587362 -0.241893 0.124761 0.411402 -0.157443 -0.744279 -0.503112 -0.117226 -0.286272
0.306038 -0.550649 -1.078546 -0.370192 -0.580817 -0.519930 -0.316356 -0.033321 0.392960 -0.502070
0.334054 -0.540696 -0.679638 -0.848826 0.671085 -0.502908 -0.239266 -0.969687 0.267354 -0.352258
-0.651263 -0.675971 -1.299464 -0.077272 -0.694390 -0.155802 -0.104483 -1.157640 0.259047 -0.974380
0.053251 -1.096913 -0.669711 -0.345687 -0.097061 -0.019564 -0.776241 -0.861107 0.919347 -0.075147
0.072839 -0.594605 -1.017749 -0.311252 -0.258403 -0.591778 -0.417314 -0.526478 0.687175 -0.775209
-0.451919 -0.415328 -0.826758 -0.362384 0.011895 -0.622225 -0.352614 0.157714 0.703704 -0.833981
0.142479 -0.471277 -1.182523 -0.404664 0.094906 -0.267536 -0.573380 -0.229991 1.140504 -0.080468
-0.398467 -0.679948 -1.541684 -0.612541 0.075184 -0.410215 -0.357138 0.165426 0.955722 -0.463884
0.067058 -0.699302 -1.057469 -0.105301 -0.119929 0.369283 -0.578617 -0.713963 1.019136 -0.406802
0.012361 -0.263222 -1.385863 -0.557612 0.129879 -0.169871 -0.386479 -0.729100 0.573447 -0.057428
-0.132717 -0.087780 -1.058052 -0.702290 0.088199 0.268363 -0.207777 -0.160640 0.950312 -0.503849
0.094887 -0.079731 -1.261048 -0.576535 0.639836 0.504052 -0.709783 0.824177 0.322588 -0.530916
-0.180035 -0.372016 -1.193382 -0.876296 0.454217 0.623869 -0.308590 -0.636361 -0.201646 -0.359256
-0.137347 -1.420047 -0.828525 -0.390642 -0.144393 0.194626 -0.451821 -0.257915 0.541006 -0.187041
1.121220 -1.244636 -1.707319 0.171775 -0.192809 -0.442643 -0.425752 0.167795 0.792162 -0.636510
-0.345619 -0.885740 -0.899461 -0.284892 -0.056659 -0.064841 -0.115676 0.388063 0.353273 0.095508
0.076326 -0.812665 -1.806521 -0.557160 0.320445 -0.515399 -0.373123 0.652884 0.138658 -1.232622
0.079603 -1.699392 -1.280613 0.356680 0.551351 -0.201131 -0.255580 0.001341 -0.209482 -1.443753
-0.541652 -0.127393 -1.053113 -0.352612 -0.197435 -0.522111 -0.302074 -0.145450 0.355603 -1.211337
-0.514330 -0.170909 -1.309965 -1.047922 0.163126 0.172163 -0.295373 0.071877 0.947239 -0.396865
-0.486258 -0.946236 -0.845622 -0.148826 0.663881 -0.487478 -0.332285 0.592963 0.202359 -0.709664
-0.692985 -0.682881 -1.163913 -0.535279 -0.027041 0.001659 -0.406532 -0.152821 0.336383 -0.522727
-0.759874 -0.261114 -0.809788 -0.353046 0.126155 -0.288583 -0.774862 0.221212 0.578029 -0.877890
0.414625 -0.480627 -1.176706 -0.184938 0.309671 0.461958 -0.547893 -0.276328 0.002252 -0.203186
0.320244 -0.710308 -1.766806 -0.701393 0.771112 0.111675 -0.366109 0.316720 0.030005 -0.702954
0.430188 -0.323084 -1.102573 -0.534003 1.352263 0.045522 -1.127044 -0.292125 0.123054 -0.575168
-0.698822 -0.570078 -0.969587 -0.800270 -0.353384 0.473700 0.250243 -0.581843 0.561112 -0.395447
0.083542 -1.052974 -1.291881 -0.271796 -0.181474 -0.565137 -0.864735 -0.070918 -0.046366 -0.143698
0.407110 0.322398 -1.309112 -0.250926 0.698438 -0.186626 -0.366886 0.664229 0.331388 0.296779
-0.756643 -0.921631 -0.964832 -0.541615 0.033008 0.281309 -0.804860 0.086322 0.237235 -1.074773
-0.415714 -0.806436 -1.810035 -0.203843 -0.023934 -0.517117 -0.051052 1.037362 -0.156560 -0.866283
-0.283821 -0.943459 -1.153002 -0.302906 -0.512440 0.147277 -0.143903 -0.348541 0.686177 -0.198140
-0.750950 -0.200854 -0.989272 -0.877415 -0.153128 0.378378 0.186204 -0.282305 0.596221 -0.185504
-0.964387 -0.441014 0.021651 -0.338452 0.350809 -0.044951 -0.123790 -0.325999 -0.707085 -0.422777
-0.810321 -0.892870 -0.857947 0.402468 0.052488 -0.481062 -0.454538 1.141435 -0.328195 -1.202626
0.035717 0.299887 -1.569733 -0.791561 0.274017 0.020164 -0.376367 0.682616 0.294554 -0.408452
-0.120294 -0.213199 -0.638821 -0.487824 1.081732 -0.295074 -0.267988 -1.191734 -0.292578 -0.371329
-0.296486 0.362602 -0.819139 -0.315872 0.547585 0.479649 -0.185231 0.451981 0.442708 -0.338681
-0.200735 -0.647327 -0.518995 0.097496 -0.041042 -0.734767 0.164020 0.099528 0.310437 -0.636910
-0.150298 -0.401553 -1.044667 -0.229169 0.616214 -0.765403 0.189021 0.692239 0.672218 -0.511899
-0.255078 0.412002 -1.140258 -0.662037 0.404960 -0.006698 0.355893 0.597297 0.362830 -0.771427
0.137338 -0.424479 -0.880045 0.422235 0.017018 -0.341162 0.179689 0.485826 0.409534 -0.285576
-0.002710 0.175328 -0.818687 0.383767 -0.786526 -0.014794 -0.220124 0.769181 0.117041 -0.275177
-0.266934 0.380760 -1.222850 -0.459835 0.730698 0.230873 -0.412974 0.846871 0.152173 -0.316825
-0.739492 0.069754 -0.759988 -0.474260 0.212010 0.576782 -0.699983 -0.669949 0.106510 0.185641
-0.553622 0.415893 -0.868656 -0.321426 0.892042 -0.038878 0.184118 0.289553 0.437450 -0.518246
-0.314147 -0.030947 -1.330182 -0.198840 0.282813 -0.406441 0.475382 0.585103 -0.052333 -1.107939
0.252563 -0.844322 -0.427881 0.489031 0.586746 0.254623 -0.984318 -0.053108 0.747215 -0.146357
-0.525544 0.073564 -0.962708 -0.005023 0.187399 -0.127791 -0.024842 0.217790 -0.051225 -1.041752
-0.444477 -0.240885 -0.242776 -1.055599 0.475867 -0.160282 -0.504018 -0.357547 0.317188 0.274612
-0.326832 -0.199935 -0.359835 -0.652029 0.829555 -0.705551 -0.489633 0.216350 0.417427 -0.917643
-0.690933 -0.247661 -0.308158 -0.028905 0.473479 -0.395688 0.428951 -0.136805 -0.871981 -0.110978
-0.814987 -0.539211 -0.532137 -0.040986 -0.360155 -0.082318 0.229024 0.274162 0.757896 -0.428835
-0.824000 -1.255235 -0.211531 0.276658 -0.150320 -0.510137 -0.588955 0.438339 0.504894 0.411535
-0.560363 -0.890686 -0.560027 -0.177201 1.062433 0.038374 -0.229237 0.393569 0.350403 -0.836576
-0.451919 -0.415328 -0.826758 -0.362384 0.011895 -0.622225 -0.352614 0.157714 0.703704 -0.833981
-0.279058 -0.844210 -0.459898 -0.917900 1.011981 -0.219762 -0.165533 0.062676 0.031025 -0.216801
-0.570540 -1.095376 -0.312222 -0.127615 -0.302741 -0.088005 0.013011 -0.110325 0.044663 -0.069759
-0.176636 -0.020249 -1.311696 -0.603701 0.691752 0.003068 -0.224880 0.720663 0.406875 -0.342660
0.016932 -0.470044 -0.785893 -0.452815 0.744614 0.211093 0.019116 0.099047 0.276316 -0.650121
-0.516773 -0.164561 -1.150763 -0.470579 0.582663 -0.243347 -0.704878 0.969338 0.283425 -0.109274
-0.610868 -0.728028 -0.689324 0.140652 0.914728 -0.124906 0.038993 0.909188 -0.647141 -0.273504
0.162765 -0.533427 -1.181688 -0.221635 0.441783 -0.417704 -0.583953 0.479001 0.008203 -0.956378
-0.265325 -0.100036 -0.335396 0.165477 0.758104 -0.369630 -0.086734 0.586882 0.012236 -0.489869
-0.149373 0.293184 -1.268370 -0.458164 0.538649 -0.055091 -0.014167 0.435671 0.612776 -0.747759
-0.322118 -0.092132 -0.738597 -0.137679 0.612464 0.431001 -0.327966 0.459437 0.226027 -0.000815
-0.056865 -0.356919 -1.313710 -0.612514 0.188632 0.379753 -0.265078 0.024457 -0.109647 -0.662566
-0.079566 -0.497961 -1.596834 -1.213874 0.767198 0.216955 0.175758 -0.335640 -0.199527 -0.607062
-0.021806 -1.038156 -0.325155 -0.149026 0.982210 -0.021383 -0.399893 0.001815 -0.393026 0.058079
0.435556 -0.345381 -0.948012 -1.253132 0.690223 -0.098344 -0.869454 -0.090397 0.136984 0.317111
0.000481 -0.958196 -0.338512 0.424222 0.831703 -0.674267 -0.570404 0.381651 0.205070 -0.081861
-0.059810 -1.002658 -0.719659 -0.007614 0.483748 0.055940 -0.047589 0.306664 -0.211343 -0.684185
-0.822321 0.011698 -0.079995 -0.440314 0.841187 -0.481644 0.525827 0.062335 0.168462 -0.393048
-0.176230 -0.786936 -1.481881 -0.223338 0.481065 0.723029 -0.737884 -0.443168 -0.396724 -0.433766
-0.140519 0.160711 -1.187051 -0.468042 0.603191 0.326735 -0.454710 0.673298 0.008699 -0.404135
0.176102 -0.674386 -0.994263 -0.596281 0.326411 0.237404 -0.717259 -0.613169 -0.044063 -0.800185
-0.009510 -0.081831 -0.824038 -0.433668 1.128716 0.292969 -0.380791 0.602148 0.743982 -0.484035
-0.297449 -1.372872 -1.260592 -0.377701 -0.116203 -0.137294 -0.685727 -0.582945 0.300210 -0.966123
0.138697 -0.479032 -0.784238 0.006645 0.901929 -0.147192 -0.219870 0.148049 0.274830 -1.236547
0.363845 -0.109460 -0.901943 -0.502761 0.491923 0.131597 -0.342609 0.722894 0.407781 -0.292588
-0.255268 -0.496287 -0.207820 -0.785139 0.722633 0.113341 -0.128726 -0.213051 0.197027 0.173142
-0.532057 -0.716288 -0.810351 -0.511424 -0.585991 -0.770685 -0.939993 0.022050 0.656224 -0.073980
-0.101570 -0.279610 -1.543482 -0.575818 0.772507 0.049044 -0.148175 1.159749 0.334353 -0.652019
-0.213105 -1.263912 -0.646953 -0.881994 0.266443 -0.178137 -0.356174 0.357266 1.060517 -0.045407
-0.500376 -0.459805 -0.865819 -0.705611 0.694498 -0.500284 -0.582982 0.639902 0.219562 -0.064202
-0.349074 0.361772 -0.650779 -0.609534 1.033660 -0.524466 -0.051454 0.742218 0.281901 -0.731514
-0.105812 -0.617880 0.190074 -0.530520 1.204451 -0.029160 0.473437 -0.126772 -0.006678 -0.151966
-0.674733 -0.425393 -1.664808 -0.586365 0.356663 -0.329906 0.041597 -0.009848 -0.068522 -0.975412
-0.339685 -0.633752 -1.236682 -0.413462 0.020084 -0.920549 -0.366849 -0.161075 -0.573091 -0.601847
0.048378 -1.361793 -1.113387 -0.110213 -0.161849 -0.881256 -0.027373 0.489587 -0.056551 -1.269746
-0.537431 -0.060826 -0.978339 -0.666935 0.572500 -0.274221 -0.539402 0.338229 0.491880 -0.747771
-0.098810 -1.023242 -0.826253 0.071384 0.296914 -0.440246 0.086081 0.958133 0.101959 -0.889974
-0.281818 0.183867 -0.825720 -0.425385 1.034028 0.044653 -0.826926 0.447443 -0.055894 -1.193621
0.078668 -0.031842 -1.147473 -0.735671 1.247112 0.449786 -0.138337 0.036310 0.161882 -0.410511
-0.762337 0.088693 -0.170723 -0.613915 0.813638 -0.418307 0.387671 0.186375 0.383162 -0.412944
-0.324331 -0.040950 -0.520489 -0.392764 -0.012555 -0.155679 -0.205918 -0.159741 0.430057 -0.980612
-0.652601 -0.327390 -0.849853 -0.808876 0.624525 -0.913939 0.238347 0.327622 -0.114135 -0.725685
0.074830 -0.861790 -0.216916 -0.835055 0.560220 -0.989464 0.302213 0.008977 -0.292718 -0.864876
0.042423 -0.677438 -1.147365 -1.152220 0.337004 -0.418327 -0.482519 0.122722 0.005232 -0.291988
-0.316673 -0.002616 -1.087491 -0.448909 1.427252 -0.745571 -0.153596 0.809940 -0.254968 -0.876865
0.236213 0.062813 -1.077275 -0.475364 0.713042 0.383712 -0.214855 0.072005 0.138159 -0.116751
0.392970 -0.435634 -0.931878 -0.405278 0.989904 -0.655170 -0.374193 -0.259166 0.361529 -0.278182
-0.592296 -0.602784 -0.732818 -0.865815 0.153620 0.210802 -0.437715 0.315554 0.000224 -0.582367
0.445080 -0.933247 -1.200790 0.074109 0.602472 -0.232583 -0.220804 -0.021802 1.037486 -0.352520
0.665189 -1.122208 -1.243372 -0.094336 0.484514 -0.179559 -0.580427 -0.200955 0.225888 -0.102503
0.294113 -0.544811 -0.982440 0.328869 -0.199447 -0.752458 -0.655546 -0.217905 0.678914 -0.647051
0.264897 -0.681884 -0.648479 -0.202120 -0.088387 -0.411551 -0.793276 -0.499922 -0.351890 -0.847825
0.037385 -0.444789 -1.084283 -0.310872 0.299340 0.087090 -0.680998 -1.003684 0.147197 -0.949116
-0.098539 -0.541418 -1.446235 -0.444180 0.452229 -1.128603 -0.040845 0.646139 0.426881 -0.486459
0.456491 -0.011573 -1.144983 -0.042995 0.960259 0.181820 0.084668 -0.384953 0.232315 -0.714986
0.943799 -0.283963 -1.592218 -0.744747 -0.306285 0.222645 -1.321446 -0.156581 0.083419 0.135888
0.624407 -0.344282 -1.304518 -0.394667 -0.434856 0.066111 -0.899552 0.175358 0.270118 0.008650
1.017663 -0.288209 -1.129714 -0.255639 -0.275225 0.359417 -1.133156 0.321949 0.724724 -0.025275
0.982963 -0.284429 -1.841805 -0.392464 -0.010163 0.185846 -0.642651 0.543367 1.072010 0.337603
0.595512 -0.184539 -1.384031 -0.338962 -0.063901 -0.107298 -0.993050 0.451523 0.598773 -0.069046
1.131289 -0.480320 -1.380978 -0.251518 -0.054043 0.513179 -0.686985 0.439134 0.806328 0.117492
0.751301 -0.292781 -1.368768 -0.458215 -0.182278 0.285101 -0.926731 0.423064 0.322318 -0.149979
0.873507 -0.177446 -1.368346 -0.252075 0.073067 0.308232 -1.237466 0.462265 0.861272 0.031488
0.473086 -0.426438 -1.182996 -0.153730 -0.420207 -0.153238 -1.047650 -0.010220 0.387959 -0.256925
1.014948 -0.273667 -1.171811 -0.311111 -0.148681 0.604591 -1.038911 0.395755 0.778206 0.084163
0.625694 -1.172103 -1.186722 -0.495593 0.097680 0.011990 -1.651564 0.765611 0.392219 0.529048
0.733571 -0.015134 -1.459062 -0.492012 0.017565 0.335986 -0.574308 0.157152 0.400324 0.555865
0.740166 -0.247361 -1.746515 -0.597935 -0.342013 0.265376 -0.816239 0.142075 0.434819 0.058713
1.231165 -0.625703 -1.883480 -0.234543 -0.875429 0.412804 -0.817801 -0.156718 0.289041 0.267040
1.105690 -0.485745 -1.938047 -0.532630 -0.661928 0.385167 -0.952285 0.423064 0.869845 0.524323
0.779032 -0.398649 -1.411964 -0.309947 0.214251 -0.090594 -0.858673 0.381966 0.157102 0.100149
0.861307 -0.461654 -1.930480 -0.443701 -0.729266 0.231664 -0.629289 0.086794 0.250194 0.408275
1.317433 -0.325491 -1.376091 0.052330 -0.142930 0.513925 -0.673439 0.725363 1.066484 0.743185
1.088098 -0.247337 -1.075046 -0.455147 0.482573 0.092232 -1.123500 0.752002 0.993992 0.225007
0.943999 -0.158824 -1.029530 -0.425206 -0.183457 0.341328 -1.152880 0.506748 0.671516 0.150557
0.937862 -0.247047 -1.623714 -0.305665 -0.260949 0.400976 -0.827464 0.400879 0.676997 0.376116
1.052319 -0.194594 -1.266471 -0.313779 -0.171098 0.350992 -0.959933 0.349931 0.772754 0.042113
0.968877 -0.252151 -1.541899 -0.363410 -0.180712 0.542447 -0.813410 0.569669 0.731944 0.359869
0.977548 -0.282682 -1.556142 -0.442384 -0.176028 0.160701 -0.950989 0.347161 0.566576 0.298093
0.929920 -0.102515 -1.508585 -0.293234 -0.121209 0.392670 -0.880787 0.668101 0.792328 0.343289
1.045939 -0.449682 -1.621308 -0.470527 -0.205937 0.131225 -1.238010 0.281075 0.364347 0.137705
0.859597 -0.496574 -1.355356 -0.675081 -0.361026 -0.091559 -1.012297 0.497942 0.550423 -0.041196
0.764346 -0.444005 -1.447312 -0.325918 -0.392667 0.362927 -0.736794 0.361231 0.498967 0.268592
1.095979 -0.517288 -1.604094 -0.052976 -0.384580 0.520970 -0.747476 0.213346 0.882420 0.629049
1.056038 -0.207925 -1.447508 -0.395377 -0.185621 0.465041 -0.899724 0.475566 0.718243 0.238595
