-1.031088 -0.172402 -1.215008 -0.671080 0.731491 0.046039 0.283554 0.848098 0.816981 -0.724189
-0.150425 -0.514757 -1.251942 -0.643882 0.600785 -0.143664 -0.039868 0.658049 0.676758 -0.373282
0.219760 -0.377262 -1.066017 -0.306042 0.867278 0.833806 0.703904 0.138158 -0.151244 -0.561540
0.748797 -0.746612 -0.971629 0.234780 0.523004 -0.248202 -0.460432 -0.280582 0.265651 -0.099769
-0.528872 0.116593 -0.951753 -1.008738 0.469557 -0.402313 -0.649696 -0.196712 0.440445 -0.472798
-0.826442 -0.221700 -1.080836 0.008497 -0.096866 -0.141673 0.494251 0.292400 -0.121317 -0.665479
-0.245005 0.060505 -1.301578 -0.858774 0.751532 -0.272653 -0.007777 -0.365648 -0.289030 -0.723280
-0.655519 0.400285 -0.973451 -0.804749 0.517148 -0.226932 0.343511 0.542850 0.051845 -0.109623
-0.658210 0.044548 -1.469806 -0.819456 0.673644 -0.088447 0.242619 0.787259 0.802511 -0.247804
-0.283902 -0.136237 -1.726991 -1.067696 0.389057 0.337927 -0.106890 0.787986 1.434990 -0.184704
0.671790 -0.507381 -1.197536 0.020652 0.306525 -0.263162 -0.708653 -0.606649 0.298691 -0.644550
-0.237011 -0.254155 -0.987501 -0.616677 0.249529 -0.224670 -0.057487 -1.041449 -0.025992 -0.520238
-0.352014 -0.689426 -0.463505 -0.083147 0.627360 0.105238 -0.637977 1.097532 0.087075 -0.502414
0.625653 -0.488628 -1.199211 -0.619369 0.281336 -0.197277 -0.881772 -0.517730 0.338137 0.337533
-0.072894 -0.528884 -0.620558 -0.407135 1.116983 -0.129777 -0.162536 -0.623205 -0.650039 -0.897136
-0.620891 -0.790221 -0.659549 -0.925131 -0.024467 -0.040052 -0.606571 -0.503427 0.314989 -0.733429
0.232176 -1.071009 -1.293377 -0.148249 0.447075 -0.378172 -0.647320 0.748277 0.712311 -0.516235
0.030218 -0.768984 -1.144115 -0.088467 -0.109740 -0.825298 -1.107995 0.505348 0.317766 -0.230567
0.609566 0.452238 -1.419672 0.141215 0.230642 -0.493577 -0.041012 -0.329109 -0.466888 -0.336842
-0.039382 0.119937 -1.207353 -1.043878 0.138227 0.331440 -0.410756 0.144162 0.273532 -0.199525
0.061346 -0.735280 -1.077738 -0.001667 0.418246 -0.192961 0.193592 0.332107 -0.473756 -0.079081
-0.240821 -0.604718 -0.783255 -0.272942 0.690533 0.256233 -0.585611 -0.139481 -0.961954 -0.803144
-0.389909 -0.401338 -1.201161 -0.299290 0.363904 -0.028974 -0.328696 0.415130 0.140964 -0.378546
-0.356367 0.065156 -1.336140 -0.244617 0.336068 0.687521 0.144299 0.194816 0.041106 -0.515286
-0.398945 0.447363 -1.234876 -0.981983 0.588400 0.118359 -0.072474 0.331717 0.565797 -0.931359
-0.279282 -0.728655 -1.732562 -0.359908 0.148761 -0.201975 -0.270642 -0.290882 0.878503 -0.885703
1.081332 -0.709404 -1.235375 -0.322866 0.391752 -0.039819 -0.426315 0.489583 -0.014369 -0.175893
-0.356874 -0.533224 -1.435656 -0.687640 0.245699 -0.298855 -0.033198 0.175190 0.745602 -0.470031
-0.866893 -0.550299 -0.502039 -1.071650 -0.038783 0.323296 -0.063378 -0.564042 0.044316 0.258388
0.130125 -0.706942 -0.524121 -0.516173 0.830464 -0.706251 -0.803694 -0.445999 0.009261 -0.018577
-0.111449 -0.587617 -1.132676 -0.450810 0.234547 0.205342 -0.079658 0.003419 1.043357 -0.672914
-0.047565 -0.849374 -1.347647 -0.493107 0.109099 -0.997740 -0.189663 0.100372 0.103874 -0.549258
-1.107494 -0.438164 -0.946049 -0.812507 -0.065082 -0.092955 0.370111 -0.224169 0.315270 -0.737189
-0.063669 -0.952630 -1.059601 -0.781902 0.301190 0.232625 -0.292389 0.479403 0.510288 -0.167559
0.232684 -0.867901 -1.693353 -0.281172 0.836151 -0.144929 0.136464 0.114703 0.698886 -0.591739
-0.267311 -0.079591 -0.439869 -0.187773 0.810914 -0.257250 0.306962 0.160347 0.199208 -0.244260
-0.270303 -0.536769 -1.148794 -0.032977 -0.048648 0.141983 -0.653711 0.314215 0.860425 -0.897014
-0.034482 -0.221934 -0.452652 -0.259268 0.491604 0.163278 -0.010625 0.124094 -0.026514 -0.109439
-0.467176 -0.172610 -0.440394 -0.821789 0.024617 0.499757 -0.715790 -0.173886 -0.249531 0.563258
-0.311152 -0.251348 -1.174208 -0.610925 0.979695 -0.490664 0.796667 -0.386133 0.026572 -0.627922
0.589683 -0.510408 -0.984423 0.089608 0.388067 0.059504 -0.949185 0.272737 -0.001640 -0.359042
-0.328972 -0.333048 -1.112833 -0.385362 -0.142798 -0.215789 -0.079243 0.552069 0.892234 -0.016619
-0.606103 -1.008923 -0.967915 -0.135973 0.471772 -0.021152 -0.222788 0.192879 -0.304098 -0.876617
-0.041622 -0.739658 -1.835833 -0.584175 0.063805 0.087559 -0.956073 0.624245 0.255327 -0.557555
0.563599 -0.989389 -1.402073 -0.728408 0.571094 -0.282203 0.115449 -0.581709 0.209947 -1.573996
0.069662 -0.785739 -1.531241 -0.025724 0.445714 -0.352731 0.115011 -0.198957 0.483362 -1.411395
-0.621763 -0.838827 -1.535248 -0.939091 0.763932 0.329337 -0.009950 0.231487 0.474422 -0.430553
-0.422039 -0.719273 -0.373524 -0.305901 1.036544 0.099653 -0.734742 -0.294112 -0.805746 0.439882
-0.016240 -0.193078 -1.828061 -0.813685 0.501340 -0.143964 -0.400305 0.317468 0.296510 -0.514019
-0.396534 0.413478 -1.158440 -0.399535 0.621888 0.333903 -0.478912 0.562046 0.733712 -0.713146
-0.120086 0.062610 -1.647564 -0.312479 0.040898 -0.212715 -0.250026 0.691006 0.125844 -0.934683
0.262791 0.109883 -1.394227 -0.996729 1.107478 -0.019207 -0.551093 0.642914 0.742296 -0.603876
0.210571 -0.393997 -1.844045 0.085668 -0.797205 0.193221 0.497159 0.341228 0.360279 -0.144803
-0.001859 -0.104905 -1.105693 -0.115602 0.871080 -0.142568 -0.457550 0.329267 0.044817 -0.271457
-0.146001 0.076372 -1.350041 -0.265389 0.103332 -0.542648 -0.725849 0.331783 0.126382 -0.776030
-0.051415 0.715289 -1.027182 -0.349510 1.279581 0.341711 -0.223177 0.314025 0.137442 -0.330182
-0.297495 0.116818 -0.968851 -0.860355 0.017968 -0.645245 -1.066694 -0.231735 -0.608662 -0.493954
-0.500878 -0.178769 -0.696590 0.085531 0.519770 -0.093495 -0.330232 0.572604 -0.710656 -0.868562
-0.002945 -0.715027 -0.489190 0.115164 0.623821 0.338943 -0.542343 0.847027 0.720665 0.259691
-0.280195 -0.479618 -0.637425 -0.245803 0.572541 0.176041 -0.085659 -0.066518 0.274462 -0.795867
0.083600 0.796747 -1.720962 -0.916169 0.902416 0.441354 -0.290531 1.034315 0.296341 -0.400518
-0.486161 -0.198622 -1.582279 -0.651428 0.111572 -0.375032 0.040553 0.791820 0.361029 -0.559321
-0.860898 -0.923438 -0.791533 0.355475 -0.047871 -0.236230 -0.330085 0.967472 -0.011787 -0.143841
-0.245786 -0.118478 -0.694135 -0.762816 0.648506 0.366056 -0.273613 0.766272 0.630764 -0.583107
-0.239305 0.152292 -1.030670 -0.688677 0.751162 0.297416 -0.452150 0.874998 0.472286 -0.446972
0.241745 -0.191176 -1.038678 -0.620469 0.627736 -0.466773 -0.343739 -0.027172 -0.083183 -0.620790
-0.267311 -0.079591 -0.439869 -0.187773 0.810914 -0.257250 0.306962 0.160347 0.199208 -0.244260
0.017800 -0.274041 -1.075330 -0.436492 0.205139 0.122988 -0.215232 -0.095246 -0.343789 -0.161880
0.228799 -0.178956 -1.240204 -0.446623 0.282023 0.323351 -0.455874 0.509989 0.145227 -0.777325
-0.034482 -0.221934 -0.452652 -0.259268 0.491604 0.163278 -0.010625 0.124094 -0.026514 -0.109439
-0.426010 -0.557062 -0.729226 -0.475640 0.244814 -0.338502 0.480920 0.362657 0.071724 -0.310837
-0.694815 -0.791080 -0.985247 0.293306 0.467035 -0.363069 -0.003194 0.399943 -0.279972 -0.660938
-0.137750 -0.398994 -1.555296 -0.556573 0.346082 0.437359 -0.870365 0.691726 0.204204 -0.280322
-0.176641 -0.051309 -1.252621 -0.648520 0.426052 -0.185367 -0.492831 0.096410 -0.253316 -0.004059
-0.338079 -0.196289 -0.843436 -1.360633 0.562655 -0.080458 -0.528640 -0.262031 1.146754 -0.035066
-0.641969 -0.596773 -1.258133 -0.446231 0.246931 -0.367213 0.070683 -0.031077 -0.138260 -0.326300
-0.537413 0.175218 -0.882759 -0.090769 0.464920 0.542947 0.302054 -0.042838 0.044351 -0.827252
0.001940 -1.156150 -0.398395 0.187248 0.268524 -0.607658 -0.091752 -0.406639 -1.196699 -0.240172
0.104291 -0.609040 -1.410192 -0.258241 0.315872 -0.242704 -0.297601 -0.156342 0.254529 -0.193563
-0.487411 0.139839 -1.366680 -1.129871 1.042665 -0.304863 0.392138 0.170043 0.183735 -0.460768
0.511583 -0.243963 -0.447872 0.083995 0.471141 0.023241 -0.236255 -0.749877 0.346822 -0.130928
1.013705 -0.629671 -1.028136 -0.126853 0.231475 -0.289271 -0.921419 -0.650140 -0.180364 -0.402390
0.101032 -0.479674 -1.124574 0.057463 0.291094 -0.615001 -0.833192 0.132522 -0.175714 0.272469
0.105299 -0.380506 -0.995068 0.299430 0.038088 -0.650878 -0.277451 -0.039799 0.221623 -1.009855
-0.292188 0.139375 -1.655334 -0.449239 0.128956 -0.885211 -0.405010 0.107628 0.490182 -0.939968
0.182875 -0.692466 -1.207693 -0.601617 0.074686 0.076426 -0.262258 -1.166003 0.312125 -0.783820
-0.070884 -0.363917 -1.481714 -0.350172 -0.285235 -0.632639 0.051748 -0.567341 -0.427937 -1.079457
-0.483489 -0.988268 -1.024650 0.307653 -0.234638 -0.571968 0.089616 -0.117989 0.138863 -0.742482
0.607228 -0.120113 -1.322819 0.093723 0.393237 -0.145539 -0.426242 -0.528291 0.301192 -0.199385
-0.593468 0.062866 -1.225778 -0.673767 0.597774 -0.371300 -0.321657 -0.428504 -0.043905 -0.303987
-0.163336 -0.252586 -0.640577 -0.520213 0.878197 0.002601 -0.849039 -0.021849 -0.204384 -0.895150
0.066880 -0.420136 -0.605372 -0.553340 0.645874 0.102073 -0.600355 -0.045688 0.047309 -0.160220
-0.594102 -0.473646 -0.984324 -0.779489 -0.089504 0.378117 -0.002431 -0.780025 0.701959 -0.647515
0.082702 -0.428034 -0.640632 -0.431224 0.265683 0.453373 -0.455555 -0.602391 0.604048 -0.390882
0.090111 -0.810308 -1.144154 0.749425 0.054668 -0.113238 -0.366102 -0.500004 0.587375 -0.525612
-0.274109 -0.662243 -0.336998 -1.106697 0.350806 -0.290026 -0.027330 -0.271230 -0.573989 0.604879
-0.245676 -0.717727 -1.063124 -0.204789 0.248636 -0.676298 0.333768 -0.427091 0.431768 -0.790472
-0.515620 -0.285899 -0.795125 -0.406990 0.179890 -0.554154 -1.055862 -0.064483 0.248871 -0.003732
0.581667 -0.535197 -1.532010 -0.500914 0.754760 -0.537717 -1.288015 0.247339 -0.244908 -0.612176
0.228900 -0.688997 -1.337705 -0.023079 0.643052 0.212737 -1.101274 0.086337 -0.299862 -0.258971
0.142340 -0.929543 -0.887263 -0.463702 0.594784 -0.381060 -0.299596 -0.743424 0.580438 -0.555769
-0.307140 -0.470815 -0.828517 -0.927424 0.366483 0.251487 0.017299 -0.022847 -0.692258 -1.069412
-0.125119 -0.797559 -0.475485 0.190783 0.415459 -0.667552 -0.345442 0.221011 -0.002817 -1.278436
0.124830 -0.670174 -0.619213 0.060924 0.899605 -0.213437 -0.661080 -0.492105 0.086301 -0.303984
0.073132 -1.099284 -0.693574 -0.652004 0.467179 -0.627886 -0.606308 -0.314376 0.724833 -0.397502
0.129268 -0.956474 -1.434699 -0.692475 0.300393 0.033024 -0.297786 -1.016989 0.199090 -0.345952
-0.176641 -0.051309 -1.252621 -0.648520 0.426052 -0.185367 -0.492831 0.096410 -0.253316 -0.004059
0.120986 -0.877611 -1.445822 -0.255138 0.109376 -0.279273 -0.550205 0.694675 0.298979 -0.452101
0.006558 -1.147178 -0.509444 0.381884 0.725971 -0.157332 -0.401685 0.603762 0.275148 0.661938
0.928349 -0.634937 -1.637459 -0.228633 -0.058546 0.282712 -0.758513 0.638914 0.823102 -0.597436
0.718369 -0.096535 -1.315141 -0.451208 0.167452 0.273658 -0.546212 -1.042952 -0.038133 0.263273
0.506260 -0.251503 -1.519579 -0.466158 -0.052285 0.422408 -0.672605 0.175807 0.054184 0.392704
0.762014 -0.410209 -1.401661 -0.389134 -0.293145 0.190840 -0.928043 0.086603 0.356634 0.034853
1.101524 -0.447474 -1.196886 -0.230191 -0.130884 0.664322 -0.850650 0.470253 0.339310 0.167557
1.175274 -0.227103 -1.336840 -0.123955 0.230246 0.379165 -1.024464 0.445491 1.187335 0.218918
0.753145 -0.491537 -1.426405 -0.003957 0.184312 0.236588 -0.451643 0.956822 0.736615 0.230352
0.469925 -0.161595 -1.566564 -0.461412 0.218390 0.047015 -0.140814 0.787875 0.588800 -0.257182
0.915244 -0.610346 -1.571906 -0.394069 -0.005485 -0.081078 -0.869181 0.581014 0.459189 -0.169035
0.924106 -0.177498 -1.540223 -0.408511 -0.068476 0.451682 -0.867197 0.678627 0.880458 0.295591
0.858333 -0.112136 -1.493120 -0.419912 -0.136490 0.271802 -0.968207 0.442993 0.726812 0.148422
0.853805 -0.268654 -1.295678 -0.486610 -0.339744 0.345741 -0.942944 0.235849 0.387318 0.081961
1.039999 -0.296264 -1.421308 -0.370768 0.007330 0.042113 -1.066673 0.221850 0.840629 -0.160880
0.743452 -0.077087 -1.408006 -0.496245 -0.015456 0.214691 -0.957986 0.538653 0.628396 0.026552
1.037765 -0.181962 -1.419657 -0.302798 -0.026724 0.439399 -0.881107 0.682229 0.897523 0.262498
0.879620 -0.309825 -1.816855 -0.457993 -0.320321 0.553085 -0.619443 0.521421 0.747159 0.632938
0.705524 -0.228188 -1.576771 -0.595674 -0.320720 0.132014 -0.564141 0.179787 0.247138 0.420460
1.069009 -0.220334 -1.409743 -0.315091 -0.071234 0.474416 -0.864794 0.624340 0.838705 0.271128
