-0.602887 0.201054 -1.357502 -0.685919 0.375158 -0.323960 -0.128124 0.613119 0.705418 -0.342437
-0.159671 -0.064308 -0.903770 -0.889586 0.808553 -0.228718 -0.231295 0.451755 0.553115 -1.003850
-0.336560 -0.072679 -0.408772 -0.390863 0.302969 0.014746 0.510592 0.484258 -0.020680 -0.063408
-0.353401 -0.729648 -1.184294 -0.144963 0.481041 -0.589786 -0.108311 0.921739 -0.258719 -0.771092
0.590169 -0.745343 -1.261322 -0.231241 0.934509 0.386817 -0.005230 -0.682412 0.120782 -0.186043
0.610435 -0.911066 -0.922917 -0.322130 0.404807 -0.554910 -0.070592 -0.998465 -0.249485 -0.654320
0.220847 -0.362086 -0.862751 -0.170162 -1.031266 -0.231281 -0.272646 -0.033144 -0.486069 -1.070574
-0.447568 0.100495 -0.585366 -1.430704 1.144805 -0.011065 -0.250514 0.562443 0.360224 -0.182199
0.575215 -1.126327 -0.960533 -0.450748 0.658785 -0.933995 -0.316934 -0.359102 0.183993 -0.529913
-0.597683 -0.733833 -0.439100 -0.330060 0.803189 0.210329 -0.259323 -0.057419 -0.078463 -0.292790
-0.776863 -0.201938 -0.437914 -0.918706 0.942877 -0.133772 -0.256832 0.066419 0.445726 -0.345053
0.572270 -0.188589 -0.955428 0.010620 -0.367591 -0.434714 -0.126026 -0.327619 -0.486947 -1.194759
0.030755 -1.250719 0.046234 0.446509 0.602192 -0.841931 -0.023232 -0.250821 -0.352727 -0.540813
0.340788 -0.232760 -0.350025 -0.053088 0.108844 -0.141130 0.146748 -0.695210 -0.545527 -0.234024
-0.296738 0.098939 -0.719231 0.426428 -0.955685 -0.569705 -0.750419 -1.263450 -0.305463 -0.632307
0.095371 -1.343457 -1.562874 -0.324069 0.602729 0.425330 -0.365308 0.186959 0.624005 -0.362019
-0.117720 0.018833 -0.361041 0.226228 0.763427 0.082900 -0.957273 0.235503 -0.278799 -1.128728
-0.015775 -0.246244 -1.707806 -0.784315 0.783893 0.100177 -0.755861 0.849021 0.964684 -1.068007
-0.085971 -0.692964 -1.064640 -0.489414 0.955837 0.152949 -0.304975 -0.921992 0.123021 -0.128460
-1.068200 0.110308 -0.743322 -1.277599 0.176866 -0.840127 0.011101 -0.076706 -0.221023 -0.277008
-0.075964 -0.436863 -1.550363 0.132553 0.061538 -0.084305 0.099288 -1.412035 -0.375627 -0.266708
0.157166 -0.644330 -0.728431 -0.878934 0.550086 0.403417 -0.325231 -1.274157 0.147784 -0.433381
-0.091249 -0.060366 -0.804246 -0.974934 0.017271 0.236871 -0.511536 -0.113194 1.111202 -0.028783
-0.347789 -0.141619 -1.017272 -0.692839 0.182432 0.207456 -0.404383 0.094482 0.836672 -0.329389
-0.332584 0.208217 -1.246796 -0.772940 0.510539 0.207674 -0.370614 -0.570836 0.558082 -0.537559
-1.111048 -0.065112 -0.836922 -0.905021 0.074648 -0.033546 0.461266 -0.214025 0.415940 -0.374452
-0.760029 -0.102197 -0.118312 -0.723813 0.386397 -0.143249 0.322884 -0.362851 0.252565 -0.269958
-0.401624 -0.790828 -1.158249 -0.277272 -0.131281 -1.136431 -0.846335 -0.354384 0.318342 -0.888642
-0.124849 -0.174460 -1.216371 -0.770308 0.071429 0.214183 -0.355706 0.228089 1.152242 -0.141157
-0.038654 -0.465591 -1.051897 -0.603152 -0.091737 0.111547 -0.004782 -0.154517 1.073428 -0.427631
-0.733332 0.102448 -0.425532 -1.080495 0.825034 -0.203016 -0.085149 -0.292534 0.623113 0.210929
-0.197722 0.032940 -0.633660 -0.206331 -0.123358 0.045910 -0.153412 -0.779145 -0.124337 0.432228
-0.059454 -0.145258 -0.957110 -0.961434 -0.157755 -0.774312 -0.450599 0.348069 0.477240 0.306585
-0.581093 0.354414 -0.939068 -0.917330 0.839379 0.095074 0.085795 -0.357028 0.187747 -0.116587
0.132430 -1.042223 -1.081083 -0.172596 -0.134662 -0.752797 -0.535831 -0.009233 0.431456 -0.545789
-0.287575 -0.749503 -0.413734 -0.218222 0.256506 -0.262902 -0.189997 0.073294 -0.263367 -0.751920
0.089652 -0.108641 -1.300750 -0.815247 0.050050 -0.954020 -0.465476 0.493093 0.393883 0.017175
-0.077070 -0.547660 -1.048669 -0.495043 -0.154275 0.297602 -0.692071 -0.938888 -0.193452 -0.343565
-0.163701 -0.945107 -1.191954 -0.461286 0.466820 0.186773 0.428803 -0.408113 0.210710 -0.856192
-0.209408 -0.933424 -0.958352 -0.598263 0.507442 -0.429874 0.251415 0.250759 0.424500 0.028626
-1.111795 -0.035954 -0.795517 -0.122074 0.433094 0.356962 -0.461274 -0.624326 0.065449 -0.362272
0.188998 -0.168580 -1.607802 -0.333998 -0.272696 -0.066623 -0.238028 -0.308471 -0.342842 -0.599359
-0.181268 -0.484737 -1.328783 -0.436964 -0.111504 -0.679183 -0.276274 0.198376 0.180819 -0.839753
0.137468 -0.729654 -0.631484 -0.777941 0.482169 -0.578492 -0.545206 0.005260 0.456474 -0.242364
-0.320410 -0.898659 -1.032166 -0.544719 0.191796 -0.067390 -0.583145 -0.589265 0.559819 -0.696281
-0.100575 -0.830018 -0.460986 0.485269 0.759868 -0.381009 -0.181660 -0.365227 0.035941 -0.528661
-0.074211 -0.466047 -1.727497 -0.806980 0.225692 -0.013151 -0.488086 0.063182 0.535348 -0.624339
0.074874 -0.350755 -1.918839 -0.447133 0.087816 0.160376 -0.506575 0.296991 0.981666 -0.814665
-0.940275 -0.333941 -1.227009 -1.002819 0.210106 -0.143994 0.207796 -0.147844 0.301212 -0.886212
-0.513691 -0.877969 -1.689034 -0.470714 0.261359 0.079622 -0.164718 0.075565 0.005135 -0.638355
-0.347420 -0.370440 -0.859732 -0.127847 0.012422 -0.541975 -0.867193 0.117394 0.356606 -0.790968
-0.290761 -0.784911 -0.713793 0.360113 0.314085 -0.318024 -0.461663 0.294536 -0.121854 -1.050661
-0.368341 -0.136049 -1.664525 -0.305349 -0.063733 -0.116854 -0.124318 0.193814 0.046646 -0.904525
0.069748 -0.982435 -0.627477 -0.276342 0.373712 0.176212 -0.518912 -0.173085 0.642046 -0.408358
0.509908 -0.524557 -2.089984 -0.477980 -0.209580 -0.585208 -0.213226 -0.401158 0.223437 -1.015136
0.146556 -0.506711 -1.867135 -0.460317 -0.089348 -0.023257 -0.714808 -0.373778 0.324946 -0.681775
-0.120941 0.104248 -0.834691 -0.578640 0.788260 0.158066 0.076220 -0.600371 0.223394 -0.111340
-0.028457 -0.175963 -0.587370 -0.312687 -0.557523 -0.004075 -0.062548 -0.940450 -0.901387 -0.434171
0.234697 -1.163838 -1.119601 -0.249933 0.301859 -0.117175 -0.468547 -1.009971 0.408637 0.027460
-0.781773 -0.050679 -0.571160 -0.893787 0.615841 -0.076444 0.416539 -0.203598 0.256471 -0.441031
0.077294 0.005272 -1.076326 -0.532429 0.351480 -0.081854 -0.841100 -0.939545 0.354534 -0.331412
-0.050475 -0.717913 -0.683052 -0.338427 0.258026 -0.380046 -0.206175 -0.602286 0.115662 0.222363
-0.335251 -0.580852 -0.883928 -0.600541 0.657668 0.257068 0.000206 -0.217212 0.280307 -0.024625
-0.342865 -1.035874 -1.457340 -0.594105 0.301427 -0.054212 0.049474 -0.389550 0.260269 -0.782785
0.625369 -0.586250 -1.473855 -0.795736 -0.103575 0.052444 -0.993491 0.337526 0.580951 -0.165715
0.318895 -1.719760 -0.939437 -0.237586 0.454988 -0.225083 -0.058904 0.367001 0.586424 -0.993157
0.258801 0.140410 -0.897684 -0.544263 0.635412 0.378957 -0.391731 -0.183632 0.577965 -0.342147
0.164903 -0.691641 -1.022155 -0.309405 0.679279 -0.278249 -0.631768 -0.988781 -0.539191 -0.252840
-0.272536 -0.003748 -1.294522 -0.238750 -0.389443 -0.413196 -0.657180 -0.196656 0.065209 -0.717383
0.330420 -0.658126 -1.228011 0.046581 0.814257 0.149305 -0.805839 -0.523440 -0.417594 -0.336164
0.211917 -0.756232 -1.213986 -0.127836 0.306520 -0.446157 -0.327446 -0.227942 -0.188436 -0.790753
0.780023 -1.007351 -1.222628 0.187847 0.189045 -0.590248 -0.657875 -0.573392 0.424017 -0.156315
-0.075094 -0.545945 -0.498835 0.052576 -0.405185 -0.868793 -0.774687 -0.923096 0.367208 0.015493
-0.208430 -0.794981 -0.935943 -0.203807 0.507992 -0.608527 -0.303867 -0.478284 0.387560 -1.045105
0.605533 -0.831233 -1.428763 -0.259117 -0.080153 -0.603709 -0.310847 -0.590969 0.636756 -0.491463
0.563712 -0.569371 -0.823193 0.314434 0.298185 -0.582373 -0.703215 -0.950527 -0.154878 -0.921034
-0.309033 -0.930618 -1.313574 0.043338 0.866420 -0.546453 -0.770403 -0.094338 0.479525 -1.213058
0.277049 -0.163976 -1.325812 -0.394125 0.821065 0.094079 0.129833 -0.676113 0.505405 -0.929248
-0.219531 -0.350432 -1.335855 -0.458113 0.788332 -0.227571 0.111867 -0.903036 0.320704 -1.469231
0.518800 -0.134682 -1.105154 -0.446852 0.092714 -0.113089 -0.387157 -0.478604 -0.181696 -0.429321
-0.535573 -0.692823 -0.257802 0.121566 -0.510800 -0.528997 0.094428 -0.320105 0.088688 -0.825700
0.938086 -0.127459 -1.126618 -0.407062 0.348904 -0.015105 -0.950053 -0.616546 0.562587 -0.144643
0.472167 -0.785665 -0.960264 -0.325755 0.798062 -0.747590 0.436833 -0.125020 -0.238981 -0.467490
-0.570145 -0.284352 -1.322223 0.022929 0.852183 -0.112697 -0.589214 -0.026046 -0.267296 -0.693593
0.456842 -0.431924 -1.176285 -0.806447 -0.127224 -0.570467 -0.505969 -0.079289 0.505958 -0.549456
-0.664598 0.034686 -0.692152 -0.874757 0.516218 -0.766993 -0.796499 -0.103408 0.201613 -0.512683
0.192863 -0.247861 -0.943393 -0.790974 0.475250 0.325724 -0.681955 -0.611147 0.777238 -0.231658
-0.088703 -0.561729 -1.585748 -0.729776 0.042337 -0.398437 -0.878525 -0.924436 -0.064666 -0.543922
0.122852 0.103703 -1.132472 -0.290992 0.963683 0.554227 -0.189801 -0.890977 -0.300976 -0.754093
0.402011 -0.551422 -1.438282 0.128995 1.189825 0.048005 -1.160514 -0.074141 0.208175 -1.191898
1.004807 -0.147312 -1.443291 -0.252872 0.023003 0.481587 -0.865554 0.925074 0.980587 0.358391
0.780546 -0.149548 -1.281127 -0.437607 -0.193940 0.251368 -1.067696 0.390164 0.579741 0.039501
0.611758 -0.815624 -1.588549 -0.101081 -0.665283 0.043900 0.056666 0.280871 0.256183 0.090236
1.203435 -0.700047 -1.115737 -0.160176 0.034352 0.012477 -0.178368 0.173154 0.187380 0.352590
1.033268 -0.146211 -1.271140 -0.393837 -0.109996 0.320471 -0.967159 0.165845 0.678879 -0.029443
1.033516 -0.115739 -1.339651 -0.385131 -0.021156 0.341951 -0.940227 0.248340 0.797477 -0.083759
1.109373 -0.385237 -1.324701 -0.332833 -0.327520 0.477360 -0.765439 0.077952 0.162775 0.217593
0.126269 -0.998651 -1.069194 0.367243 -0.802920 0.932378 -0.476950 0.194038 0.606533 0.092119
0.912727 -0.327134 -1.725438 0.159020 -0.305364 0.369820 -0.570004 0.267909 0.704538 0.312038
0.837908 -0.178873 -1.647720 -0.472058 -0.221697 0.175712 -0.812204 0.353365 0.607691 0.235975
0.302380 -0.470318 -1.288843 0.249312 -0.479377 0.398879 0.039055 0.066753 0.288186 -0.662974
0.806628 -0.239947 -1.710429 -0.484751 -0.147075 0.373767 -1.055476 -0.019292 0.295873 -0.302160
0.735805 -0.085593 -1.316733 -0.433271 0.150378 0.185572 -1.068645 0.351111 0.587715 -0.046040
1.119363 -0.331958 -1.455576 -0.300614 -0.248625 0.620925 -0.685532 0.571585 0.668440 0.545190
0.981212 0.131494 -1.461396 -0.383462 -0.125208 0.003397 -0.682682 0.310329 0.483411 0.043433
1.177153 -0.393802 -1.600525 -0.135843 -0.159823 0.445111 -0.585738 0.522513 0.937617 0.603091
1.003809 -0.246147 -1.422518 -0.495357 -0.238872 0.476139 -0.776544 0.300238 0.457875 0.219137
1.187966 -0.488932 -1.592535 -0.019910 -0.185456 0.473920 -0.541521 0.513689 0.943789 0.645575
1.117968 -0.161228 -1.184794 -0.274470 -0.118403 0.522485 -0.993988 0.494972 0.845176 0.098664
1.186236 -0.239644 -1.272230 -0.185301 -0.090799 0.455305 -0.971701 0.412887 0.982903 0.148116
0.950129 -0.724057 -1.913530 -0.327201 -0.224865 -0.050562 -1.133273 0.460108 0.080763 0.165197
0.939516 -0.366421 -1.389307 -0.428753 -0.485028 0.459482 -0.836424 0.151406 0.282190 0.307084
0.900922 -0.377991 -1.346599 -0.501822 -0.473846 0.230551 -1.048136 0.315178 0.564735 0.093549
