-0.092167 -1.017168 -1.231886 -0.480619 1.039981 -0.213825 -0.512783 -0.241130 -0.154718 -0.658700
-0.119402 0.154990 -1.283593 -0.025134 0.529852 -0.318180 -0.022032 0.263750 0.579223 -0.997022
-0.518752 0.353770 -1.160169 -0.605393 1.059288 0.042868 -0.118051 0.834042 0.498260 -0.483716
-0.260356 0.638835 -1.290750 -0.544074 0.783925 0.155347 -0.347157 0.187450 0.129839 -0.479415
0.155473 -0.500765 -1.198291 0.558746 0.309478 -0.064134 -0.879738 0.875213 -0.302682 -0.320852
-0.138447 0.417316 -0.510848 -0.081723 0.895452 0.258292 -0.189800 0.374735 0.433582 -0.398385
0.021397 -1.191009 -1.260690 0.346318 0.132846 -0.958880 -0.269889 0.557421 -0.259997 -0.810815
-0.197385 -0.625182 -0.232379 -0.070678 0.992799 -0.523521 -0.239105 0.281280 -0.267567 -0.618554
-0.142186 -0.630137 0.103195 -0.614625 0.744352 0.556471 -0.618558 -0.259787 -0.136632 0.123003
-0.272894 0.389895 -0.801259 -0.626746 0.761636 -0.192636 0.010005 0.192886 0.263520 -0.740220
-0.939982 0.100954 -1.025435 -0.881917 1.127106 0.041870 0.476070 0.601738 0.317992 -0.346245
-0.209648 -0.213764 -1.260653 -0.690270 0.657416 -0.050910 -0.347074 0.582439 -0.047870 -0.501206
0.071309 -0.033715 -0.917088 -0.818740 0.934808 -1.007587 0.154843 0.299162 -0.355367 -0.406042
-0.550899 -0.222594 -0.506509 -0.337503 0.537255 -0.056916 -0.423988 0.526383 0.106721 -0.824693
-0.362853 -0.781203 -0.297233 0.036882 1.043470 -0.240653 -0.223143 1.151319 0.383329 -0.235081
-0.341916 -0.214573 -0.400765 -0.404869 0.456972 -0.423373 0.390966 0.137905 0.090949 -0.272775
-0.347665 -0.341654 -0.562134 0.420786 0.593414 -0.209968 0.023467 0.532281 -0.443120 -0.648575
-0.369690 0.316684 -0.433503 -0.607590 1.014676 -0.163521 0.031700 0.203852 0.316245 -0.238514
-0.553740 -0.115885 -0.216938 -0.396518 1.065498 -0.327109 0.333208 0.097823 0.515428 -0.336183
0.288977 -0.293228 -1.328683 -0.158937 0.671598 0.383692 -0.497275 0.468465 -0.145945 -0.510712
0.223682 -0.377852 -0.994337 -0.701068 -0.003380 0.594786 -0.314511 -0.202494 0.227585 -0.304747
0.145818 -0.942189 -0.803683 -0.261719 0.581155 -0.408889 -0.374450 0.125182 -0.098510 0.193268
-0.311370 -0.193537 -0.925594 -0.152938 0.489322 -0.194471 -0.603211 0.137140 0.125698 -0.164910
0.826450 -1.023833 -1.506450 0.013503 0.440134 -0.383923 0.087091 -0.200067 -0.169159 -1.604535
-0.537995 0.310852 -1.777572 -0.718131 0.855114 -0.207411 0.053265 0.246707 0.418092 -0.818297
-0.419109 0.130878 -0.508323 -0.288992 0.573186 0.533444 0.130464 0.253317 0.472295 -0.742486
-0.420975 -0.168457 -0.650295 -0.333007 0.745351 -0.029122 0.179997 0.318183 -0.079837 -0.118947
0.416896 -0.157477 -0.831937 -0.541034 0.535425 -0.088318 -0.393231 0.518167 0.377683 -0.380772
-0.249783 -0.973250 -0.981676 0.499773 0.069152 -0.194273 -0.982952 0.744248 -0.045223 -0.203237
-0.237559 -0.541838 -0.203833 -0.883700 1.212618 0.232052 -0.659007 -0.167069 -0.880625 0.170953
-0.243557 0.336258 -1.005401 0.115138 0.480723 0.192564 -0.308433 0.572689 -0.148971 -0.316959
-0.301285 -0.031032 -0.507482 -0.793034 1.063759 0.248224 -0.395295 0.668692 0.897400 -0.151115
-0.375127 -0.137408 -1.154777 -0.672686 -0.114317 -0.104550 -0.190602 0.020586 -0.047782 -1.143845
-0.212689 0.743773 -0.874527 -0.559623 0.863535 -0.384032 0.090323 0.344248 -0.082069 -0.911538
-0.249880 -0.113605 -1.281150 0.175163 -0.025442 -0.446872 -0.144657 0.484548 -0.561735 -0.143632
-0.015426 -0.523957 -1.137581 -0.566824 0.673239 0.074726 -0.574570 0.390792 0.704435 -0.495186
-0.077006 0.106437 -1.284801 -0.410993 0.376749 0.119898 -0.053226 0.252109 0.217802 -0.682183
-0.292589 0.509637 -0.971375 -0.153808 0.713896 0.029413 0.201586 0.722447 0.089025 -0.201133
-0.479162 0.351909 -1.054806 -0.025931 0.486845 -0.693829 0.190087 0.164286 -0.027883 -0.995705
0.147638 0.412796 -0.923515 -0.370068 0.819893 0.163456 0.407485 0.150617 0.152998 -0.516495
-0.165440 -0.695660 -1.337365 -0.368231 0.483292 -0.312542 -0.707357 0.387345 -0.355198 -0.894969
0.166099 -1.043865 -1.427268 0.287242 0.413654 -0.320892 -0.034676 0.476437 0.048309 -0.450902
-0.454270 -0.440344 -0.950001 -0.467049 0.432452 -0.002340 -0.738812 0.136940 0.624490 -0.252559
0.323265 -1.155391 -1.612735 -0.476258 0.414655 0.128381 -0.133506 -0.139370 0.475483 -0.182111
0.572826 -0.790962 -1.357973 0.088099 0.356623 -0.174822 -0.729819 -0.969904 0.400944 -0.910641
-0.318597 -0.274741 -0.770543 -0.982396 0.697535 -0.176540 -0.300043 -0.092157 0.684590 -0.124847
-0.571776 -0.301503 -1.077305 -1.009674 0.260193 0.077574 -0.264970 -0.293312 0.695425 0.125358
-0.558123 -0.161077 -1.299935 -1.186485 0.067010 0.277031 -0.157215 -0.607216 0.628774 -0.243103
0.392174 -0.384803 -1.025945 0.125007 -0.094998 0.356605 -0.788414 0.145433 1.176988 -0.201522
-0.327191 -0.418969 -0.579089 -0.869664 0.275710 0.356575 0.013910 -0.555937 0.622709 -0.228578
-0.021054 -0.946028 -1.245012 0.314449 0.586919 0.093882 -0.338483 -0.715236 0.824711 -0.469583
-0.881828 -1.185831 -0.987256 0.011768 0.290629 -0.107180 0.008912 -1.010074 0.350141 -0.826914
0.385485 -0.682222 -0.865163 0.565050 -0.252891 -0.201129 -0.841953 0.188194 0.606019 -0.311555
-0.093535 -1.141132 -1.232537 0.283098 0.306168 0.116052 -0.003705 -0.577848 0.324813 -0.802382
0.113813 -1.048365 -1.361945 -0.526920 0.288631 -0.373865 -0.504321 -1.214700 0.503014 -0.637646
-0.293306 -0.964982 -2.008309 0.176344 0.133611 -0.204015 -0.084068 -0.600506 0.239876 -1.145616
-0.308973 -0.793133 -1.010634 -0.436642 0.497086 0.132565 -0.216047 -1.034048 0.187845 -0.854577
-0.473814 -1.287676 -1.544380 -0.102847 0.261674 -0.080558 -0.204772 -0.498979 0.746662 -0.819995
0.184863 -0.913998 -0.622523 0.217958 0.126161 -0.424461 -1.054149 0.247921 0.741263 0.009251
0.070490 0.082485 -0.718130 -0.606715 0.320964 -0.893529 -0.290813 0.178695 0.201044 -0.458514
-0.088795 -1.225898 -0.813933 0.664651 -0.422431 -0.554138 -0.699383 -0.131467 -0.055946 -0.849000
0.675868 -0.746424 -1.266416 -0.183457 -0.224606 -0.610343 -0.232531 0.071001 0.068733 -0.949259
-0.696477 -0.318531 -1.164021 -0.970076 0.520962 -0.158749 0.260833 -0.199947 0.672513 -0.709086
0.546360 -1.240137 -1.618778 0.396283 0.218508 -0.695359 -0.633045 0.741617 0.525301 -1.062688
-0.140267 -0.664629 -0.880841 -0.004079 1.064906 -0.063259 -0.147291 0.271180 0.031845 -0.186899
-0.359688 0.400025 -1.035421 -0.446269 -0.484533 0.222064 -0.348132 -0.620412 -0.299215 -0.521750
0.270136 -0.245851 -0.507205 -0.598583 0.776032 0.448116 -0.513640 -0.844960 0.045572 -0.226466
0.550453 -0.410935 -1.490165 -0.918180 0.036860 0.528627 -0.590259 -0.413698 0.289650 -0.343796
-0.297467 -0.344629 -0.941080 -0.976233 0.720317 -0.068267 -0.153462 -0.423894 0.437857 -0.327108
-0.167522 -0.351370 -1.570350 -0.556784 -0.103764 0.137308 -0.159917 0.298487 0.810298 -1.236509
-0.438321 -0.908332 -1.039751 -0.689807 0.319884 -0.437682 -0.466922 0.423050 0.799592 -0.799591
0.238681 -0.848044 -0.636444 -0.117977 0.594890 -0.140310 -0.108640 -0.898611 0.246608 -0.325487
-0.582027 -0.418594 -0.893499 -0.737462 0.847564 0.226474 -0.956255 -1.058407 -0.119080 0.020063
0.091053 -0.672900 -1.720817 -0.605045 0.311496 0.267385 -0.760519 -0.439284 1.001628 -0.599536
0.016786 -0.055622 -0.733288 -0.457867 1.165411 -0.251764 -0.653266 -0.115389 -0.618481 -0.318736
0.097076 0.048103 -1.084193 -0.774510 0.978728 -0.442339 0.120661 -0.297512 -0.628754 -0.853855
-0.081439 -0.729482 -0.941280 -0.754965 -0.077546 -0.598560 -0.650903 -0.146914 0.325130 -0.388205
0.952329 -0.558959 -1.052855 0.480877 -0.039544 -0.583014 -0.027732 -0.349562 -0.381028 -0.583682
0.171871 -0.867597 -1.575538 -0.099529 0.057939 -0.259878 -0.858047 0.426770 0.337068 -0.582339
-0.543352 -0.408181 -0.658460 0.307476 1.029392 -0.683758 0.014927 0.188019 0.010735 -0.727113
-0.014191 -0.705901 -1.501555 -0.053738 0.289307 -0.679862 -0.730954 -0.105608 0.236243 -1.486390
0.097650 -1.299113 -1.121264 0.312477 0.234667 0.198701 -0.324704 -0.601930 0.014495 -0.255555
1.152807 -0.377034 -1.599773 -0.282242 -0.281849 0.335786 -0.522048 0.234769 0.573273 0.511610
0.971455 -0.645943 -1.563434 -0.218846 0.224081 0.215605 -0.551346 -0.719387 0.038151 -0.213940
1.038299 -0.762149 -1.631532 -0.189183 -0.131537 0.653374 -0.972036 -0.362429 0.128178 -0.212688
1.315234 -1.345527 -1.780935 0.035502 -0.006257 0.280966 -0.786863 -0.549636 0.447568 0.150838
1.050785 -0.174589 -1.431928 -0.518399 -0.228939 0.325504 -0.847552 0.013380 0.637884 0.031532
0.712823 -0.465082 -1.347116 -0.456980 -0.525446 0.094040 -1.067280 0.304780 0.445420 -0.017248
0.973683 -0.466695 -1.356586 -0.161936 -0.485713 0.212446 -0.933130 0.238181 0.706599 -0.037087
0.884676 -0.305644 -1.318603 -0.450108 -0.490472 0.261199 -1.076619 0.291695 0.512716 0.206296
0.805838 -0.032737 -1.525422 -0.454694 0.160848 0.230321 -0.841803 0.783858 0.866551 0.128938
0.629683 -0.357056 -1.432381 -0.382397 -0.318052 0.531849 -0.838140 0.346213 0.507218 0.146575
0.889045 -0.181018 -1.581034 -0.381810 -0.195339 0.462111 -0.880671 0.459131 0.676536 0.284717
0.464535 -1.036442 -1.759848 -0.414106 -0.631604 -0.079201 -0.926910 0.457777 0.832783 0.197214
0.423616 -0.746837 -1.599445 -0.502745 -0.464175 0.447363 -1.217800 0.958005 0.775841 0.174339
0.686398 -0.492652 -1.559589 -0.557277 -0.007215 0.085869 -0.464576 0.554673 0.099048 0.318403
0.804888 -0.622005 -1.072170 -0.236084 0.173872 0.168605 -0.405006 0.141646 0.431979 -0.197710
1.177718 0.030991 -1.782105 -0.468902 0.212735 0.094809 -0.885782 0.733877 0.426626 0.094475
0.935466 -0.197146 -1.451729 -0.390785 -0.082955 0.405071 -0.893750 0.725508 0.748777 0.274830
0.732126 -0.169325 -1.619522 -0.504218 -0.137085 0.231372 -0.809885 0.489410 0.701275 0.141678
0.816307 -0.436898 -1.476621 -0.335509 -0.433962 0.220776 -0.935157 0.119574 0.477153 0.184105
1.106994 -0.359139 -1.382472 -0.287125 -0.151772 0.414636 -0.900578 0.620766 0.668081 0.313371
0.981393 -0.201393 -1.575328 -0.373937 -0.193941 0.447849 -0.775015 0.244475 0.624371 0.131388
1.120978 -0.327133 -1.635944 -0.187487 -0.062029 0.353957 -0.744052 0.442175 0.990626 0.290889
