-0.029687 -0.156549 -1.206114 -0.643348 0.307027 0.193287 -0.053426 -0.198088 0.560489 -0.269935
-0.230253 -0.322540 -1.538774 -0.352256 0.498340 -0.284358 -0.486615 0.822103 0.802021 -1.155599
0.695412 -0.724363 -1.299873 -0.650256 0.204590 -0.148127 -1.011102 -0.480911 0.516273 -0.113687
-0.752399 -0.511648 0.063781 0.099788 0.485366 -0.381404 0.163087 0.081627 0.655057 -0.420299
0.262762 -0.317705 -0.619024 0.215150 0.093404 0.033085 -0.363338 0.602086 0.079563 -0.179497
-0.769249 -0.754092 -0.525127 -0.630753 1.254790 0.093895 0.147505 -0.235871 0.572886 -0.289153
-0.723284 0.765344 -0.969770 -0.608522 0.584058 0.451633 0.118937 0.512032 1.126034 -0.824946
-0.040145 -0.306945 -0.995155 -1.127682 0.371405 0.180486 -0.840433 0.263343 0.560062 -0.146330
-0.190554 0.541377 -1.712992 -0.818150 0.419338 0.313722 -0.184095 0.324812 0.850387 -0.441436
-0.912570 -1.014426 -0.059673 -0.249193 0.876214 -0.652146 0.033360 0.443922 -0.566033 -0.070727
0.004951 -1.010241 0.261598 -0.192000 0.273751 0.071968 -0.513206 -0.459041 0.138248 -0.239543
-0.942698 -0.031388 -0.403210 -0.314175 -0.239766 -0.455245 0.196826 -0.064819 -0.111476 -0.735809
-0.137568 -0.593108 -0.539019 -0.294297 0.641929 0.208049 -0.766613 -0.330807 -0.129430 1.067897
0.080765 -0.770579 -0.972408 -0.672520 0.301727 -0.088940 -0.614822 0.606295 -0.280985 -0.110413
-0.418229 -0.728818 -1.319641 -0.332087 -0.429876 -0.630593 -0.407477 -0.037460 0.567284 -0.912325
-0.457329 -0.836479 -0.707501 -0.470743 -0.496706 -0.665010 -0.447298 0.417959 0.433802 -0.920998
-0.249326 -0.292131 -1.120245 -0.434124 0.654256 -0.276631 -0.034630 0.591045 0.225795 -0.581375
-0.340460 -0.246320 -1.638541 -0.810365 0.466021 0.084915 -0.304580 0.381092 0.162612 -0.710498
-0.361124 -1.095704 -0.796068 0.032608 0.180468 -0.505509 -0.417826 -0.079006 -0.605625 -0.419971
-0.534038 -0.952817 -0.584408 -0.585958 0.535396 -0.180676 -0.565839 0.117992 0.064081 -0.404344
-0.667247 -0.549891 0.134740 -0.497639 0.233717 -0.544709 -0.115901 -0.401814 0.427331 -0.157401
-0.082919 -0.327039 -0.061775 0.001819 -0.156688 -0.415133 -0.540964 0.087183 0.159824 -0.448992
-0.251776 0.262489 -1.118134 -0.647106 0.335598 0.152472 -0.476339 0.653020 0.855928 -0.614144
-0.059137 -0.317304 -1.618938 -0.394003 0.148126 -0.804259 0.310615 0.493642 0.464711 -1.156983
-0.632785 -1.396680 -1.227178 -0.475836 -0.254814 -0.959894 0.160202 0.020043 0.124473 -0.913778
-0.860049 0.165003 -1.327796 -0.945210 0.633305 -0.248555 0.042820 0.949701 0.526793 -0.592442
0.355134 -0.373020 -1.073387 -0.352784 0.279305 -0.498407 -0.400783 -0.772332 -0.285020 -0.894286
0.308558 -0.990463 0.085069 -0.710395 0.707776 -0.450894 -0.762025 -0.123074 0.392353 -0.362985
0.063932 0.138859 -0.790773 0.461670 -0.355417 -1.103826 0.311247 0.356322 -0.134205 -1.085622
-0.695280 0.043975 -0.957267 -1.022025 0.696080 -0.079246 -0.166190 -0.055053 0.122292 -0.534963
0.186186 0.123072 -1.312093 -0.343717 0.477069 -0.274718 -0.574511 0.806959 -0.684917 -0.407520
-0.111009 -1.090795 -0.241633 -0.005139 0.542747 -0.183225 0.223212 -0.546532 -0.125745 -0.067243
-0.642851 0.392136 -0.364529 -0.808598 1.192309 -0.274245 0.085057 0.237386 0.434547 -0.110208
-0.558902 -0.013775 -1.000893 -0.167063 0.479952 -0.438482 0.307427 0.758907 0.089663 -0.344927
-0.196169 0.057449 -0.379398 -0.666574 0.776086 -0.063593 -0.208486 0.270998 0.328106 -0.434294
-0.293310 -0.006343 -1.164529 -1.024888 0.321842 0.159174 -0.131151 0.401920 0.310045 -0.328453
-0.450761 -0.316902 -0.269867 -0.332219 0.657728 -0.494340 0.251263 0.508748 0.387601 -0.388546
-0.418133 -0.116500 0.487366 -0.532719 1.297698 0.040119 -0.098606 -0.028870 0.479717 0.093753
0.004806 -0.533404 -1.002439 -0.033971 0.342083 -0.793556 -0.451919 0.077937 0.714116 -0.945209
-0.229785 0.190424 -1.114889 -0.041775 0.414838 -0.178078 0.208938 0.444634 0.141754 -0.736942
-0.338751 -0.046750 -0.736345 -0.421557 0.885847 -0.157979 0.442329 -0.300036 -0.080287 -0.254643
0.131588 0.428944 -0.648924 0.017082 0.930647 -0.029023 0.143096 0.254268 0.138638 -0.116056
-0.499051 -0.245658 -0.289399 0.028871 0.090221 0.050324 -0.409875 0.570401 0.686984 -0.392085
-0.457387 0.081022 -0.505520 -0.439130 0.395917 0.009157 -0.261210 0.321601 0.464792 -0.632598
-0.250398 -0.235632 -0.703385 -0.344955 0.279894 0.540907 0.021167 -0.132573 -0.027172 0.276899
-0.394327 -0.459141 -1.175795 -0.770171 0.267964 0.181152 -0.476268 0.692432 0.490483 -0.415502
-0.475647 -0.259326 -0.477839 -0.379822 0.247933 0.167983 0.237305 0.349649 0.202666 -0.310895
-0.486188 0.490991 -1.156844 -0.686640 0.559678 0.329385 -0.042194 0.249690 0.271653 -0.337494
-0.600530 -0.049989 -0.741719 -0.361625 0.608780 0.294961 0.227061 -0.703793 -1.091059 -0.226966
-0.453898 -0.799183 -0.562917 -0.468374 0.094856 -0.526449 0.534163 -0.834377 -0.352949 -0.093424
-0.533546 -0.662743 -0.515181 -0.309858 -0.004370 -0.591355 0.428640 0.182937 -0.485378 -0.776879
-0.172173 -0.805520 -1.203487 -0.875341 0.800256 -0.533941 -0.144992 0.472181 1.055317 -0.218170
-0.610385 0.024189 -1.093909 -0.767493 0.177377 0.172789 -0.702290 0.943435 0.509137 -0.160082
-0.547916 -0.690715 -1.722058 -0.807390 0.195450 0.114696 -0.206259 0.137535 0.953065 -1.250161
-0.294178 -0.074480 -0.252815 -0.499640 0.544324 0.006801 -0.617993 0.659346 0.844635 -0.668625
-0.103522 -0.437670 -1.629957 -0.566319 -0.769911 0.117563 0.116467 0.028579 0.504789 -0.562376
-0.479338 -0.456516 -0.941870 -0.626751 -0.065462 0.541404 -0.017409 -1.084956 -0.249641 -0.395099
0.104085 0.024146 -1.189063 -0.038503 0.638147 0.127595 -0.243952 0.059514 0.136797 -1.034316
-0.269671 0.144714 -1.529758 -0.480341 0.261064 0.320267 -0.588420 -0.630897 -0.702157 -0.759282
0.136343 -0.874493 -0.773363 -0.362583 1.271449 -0.545896 -0.051563 0.120329 0.153665 -0.364855
-0.535615 -0.870025 -1.519925 0.313517 0.266838 0.016407 -0.301363 -0.255519 -0.271440 -0.361780
-0.638072 -0.117762 -1.126656 -0.626929 1.050152 -0.024011 -0.330757 0.299974 0.164854 -0.456829
-0.264043 -0.011458 -0.810790 -0.403274 0.177712 0.223923 -0.214062 0.417993 0.440561 -0.213373
-0.266931 -0.306622 -1.321965 -0.465072 0.493827 0.026366 -0.347309 0.341468 -0.363935 -0.582005
-0.581134 -0.488079 -1.332491 -0.734737 0.006210 -0.482638 0.706863 0.375589 -0.431535 -0.848771
-0.702779 -0.244928 -1.056600 -0.252167 0.345445 -0.433940 0.435105 1.005315 0.110026 -0.824165
-0.029372 0.770318 -0.935716 0.002766 0.493672 0.111382 -0.514456 0.669677 -0.038608 -0.767387
-0.168875 0.660005 -1.290146 -0.371190 0.551613 0.165337 -0.226413 1.130735 0.435885 -0.236318
0.186441 -0.792166 -1.717221 -0.739126 0.012110 0.088767 -0.207441 -0.525293 0.830598 -0.624995
0.063544 -0.725966 -1.500463 -0.718667 0.215404 0.151778 -0.487422 -0.699220 0.139298 -0.365590
-0.183588 -0.517128 -0.301207 -0.908651 0.532534 0.166788 -0.777964 -0.087412 0.825303 -0.024459
-0.462447 -0.490715 -1.760422 -0.694361 0.027389 -0.007625 -0.224865 0.293475 0.895108 -0.625789
0.194453 -1.019375 -1.339745 -0.347070 0.747477 -0.198234 -0.111207 -0.851792 0.513022 -0.589416
-0.253139 -0.399546 -1.815818 -1.024690 0.171951 -0.240280 -0.398747 0.113434 0.714705 -0.668825
0.344288 -0.376713 -0.327370 0.375927 0.746073 -0.303879 -0.595087 0.626005 -0.164274 -0.086281
-0.030671 0.088302 0.034491 -0.118845 1.299555 -0.871864 0.017494 0.394987 -0.126811 -0.203823
0.069601 -0.900669 -1.380796 -0.270767 0.431007 0.254704 -0.452712 -0.538216 0.178559 -0.543977
-0.471893 -0.301346 -0.233528 -0.295585 0.472104 -0.213762 -0.043688 0.594711 0.488095 -0.196546
-0.443925 0.825737 -1.414378 -0.692422 0.672933 -0.256822 -0.090933 0.850118 0.313306 -0.497559
0.206579 -0.883552 -1.108907 -0.313791 0.586268 -0.300840 -0.474705 -0.311367 0.108534 -0.810420
0.042341 -0.138261 -0.868796 -0.802264 0.826919 0.196093 -0.093118 -1.066172 -0.469109 -0.053109
0.323972 -0.999363 -0.749062 -0.622560 0.097064 -0.384769 -0.113794 0.122890 0.320531 -0.585857
0.607695 -1.068695 -0.934822 -0.550618 0.137788 -0.564719 0.374224 -0.950869 0.621180 -0.208106
-0.034563 -0.001969 -0.473631 0.183393 0.065910 -0.097461 0.003603 0.070464 -0.559218 -0.015622
-0.202759 -0.392774 -0.860574 -0.517941 0.242150 0.008466 -0.804474 -0.574193 0.798917 0.143051
0.157974 0.089525 -1.287823 -0.288824 0.318988 0.160164 -0.636815 0.110430 1.009609 -0.354622
-0.725854 -0.314309 -0.652236 -0.684109 0.253375 0.578948 -0.024875 0.966411 0.642656 -0.569529
0.417674 -1.153460 -1.040625 0.741608 0.030655 -0.128053 -0.003929 -0.037768 0.903573 -0.864985
-1.029548 -0.935293 -0.301974 -0.514632 -0.051931 -0.606373 -0.389534 -0.338476 -0.163648 -0.215419
-0.500749 0.072530 -1.136861 -1.010687 0.725910 -0.088754 -0.010026 1.016271 0.493332 -0.655954
0.238990 -0.402061 -1.343055 -0.822775 0.374247 0.133509 -0.399494 -0.145499 0.539911 -0.667881
-0.597333 -0.945773 -0.935120 0.254307 -0.151489 0.890467 0.122200 -0.166778 -0.561368 0.519255
0.414784 -2.058131 -0.993647 0.122360 0.454899 0.177244 -0.055896 -0.136312 0.023970 -0.430192
0.151637 -0.807906 -1.317776 -0.717729 0.248102 0.234431 -0.321831 -0.643405 0.385592 -0.529279
-0.679277 0.752716 -1.264171 0.157668 0.309462 -0.626907 -0.070177 0.533944 0.097720 -0.951850
0.150710 -0.695531 -1.097355 -0.600103 -0.019687 0.495869 -0.439392 -0.378891 0.255309 -0.109977
-0.176308 -0.513173 -0.444677 -0.393268 1.316400 -0.588469 -0.549574 0.531554 -0.023485 -0.322497
0.479946 -0.869328 -1.213037 0.132467 0.342495 -0.068576 -0.576057 -0.515344 0.649551 -0.238425
0.305290 -1.017784 -1.585648 -0.265819 0.293614 0.162395 -0.323949 -0.703413 0.836627 -0.549386
-0.519805 -0.286851 -0.151706 -0.272551 0.542066 -0.213598 0.057171 0.529557 0.469942 -0.358120
0.955370 -0.182658 -1.420176 -0.355795 -0.119249 0.449215 -0.931448 0.692399 0.851052 0.236413
0.964921 -0.341036 -1.482107 -0.532480 -0.316316 0.269215 -0.938336 0.233781 0.505952 0.042244
0.875569 -0.278471 -1.582337 -0.411078 -0.218370 0.404024 -0.681748 0.607385 0.495108 0.507234
0.909196 -0.401055 -1.344099 -0.168962 0.045785 0.529713 -0.814533 0.547725 0.948201 0.329537
0.533747 -0.094586 -1.461767 -0.462645 0.131128 0.103112 -0.458949 0.158465 0.508600 0.099272
0.840258 -0.489720 -1.735588 -0.293098 -0.248146 0.648832 -0.003754 -0.195093 -0.059513 0.021396
0.799393 -0.461283 -1.581594 -0.206097 -0.414078 0.054052 -0.952935 -0.076189 0.229976 -0.232326
0.885782 -0.173081 -1.609218 -0.408024 -0.161317 0.417774 -0.866052 0.573554 0.720762 0.299855
1.059766 -0.426553 -1.368440 -0.385097 -0.027693 0.276678 -0.616881 0.421124 0.500479 0.153548
1.093213 -0.320026 -1.330898 -0.487083 -0.365328 0.561589 -0.871139 0.319356 0.518375 0.220647
1.098830 -0.520215 -1.687546 -0.421727 -0.402779 0.448244 -0.772305 0.091888 0.568704 0.090065
1.274041 -0.192501 -1.437771 -0.310947 0.322645 0.319506 -1.234630 0.356661 0.752911 0.320810
0.672205 -0.075426 -1.198395 -0.572840 -0.328277 0.681791 -1.127639 0.305618 0.323237 0.273980
0.875834 -1.109000 -1.538651 0.034506 -0.291731 -0.121397 -0.608036 -0.630805 -0.443454 -0.537712
0.688888 -0.102941 -1.463165 -0.479558 -0.248281 0.768301 -1.279050 0.404820 0.294849 0.019043
0.969700 -0.199995 -1.368291 -0.400722 -0.166044 0.556182 -0.690639 0.648675 0.589283 0.502689
0.871549 -0.077237 -1.574808 -0.475812 -0.043963 0.324354 -0.877417 0.466484 0.705491 0.116748
0.823903 -0.213186 -1.517464 -0.455313 -0.363307 0.316950 -0.914981 0.251430 0.432781 0.255183
0.700867 -0.269840 -1.442885 -0.406658 -0.086083 0.348693 -0.648924 0.728683 0.567403 0.180681
0.513432 -0.794906 -1.289040 -0.508789 -0.043980 0.211125 -0.772649 0.575583 0.976076 -0.225185
0.817217 -0.241957 -1.402356 -0.544886 -0.341088 0.193323 -0.949522 0.029230 0.467176 0.057617
0.954031 -0.347938 -1.336043 -0.295693 -0.045416 -0.041385 -1.300398 0.198013 0.552514 -0.040924
0.959308 -0.242762 -1.492672 -0.309541 -0.226809 0.345382 -0.909826 0.441559 0.717779 0.267485
1.119792 -0.282350 -1.529907 -0.487528 -0.225155 0.494881 -0.759128 0.390987 0.666701 0.254510
0.613096 -0.546628 -1.393127 -0.239224 -0.008585 0.021078 -0.847211 0.698860 0.142901 -0.327593
0.952457 -0.564215 -1.395758 -0.314189 0.440317 0.135346 -1.242411 0.885353 0.017488 -0.218023
1.334574 -0.558624 -1.302434 0.171292 0.040271 0.461461 -0.573456 0.557561 0.849293 -0.217760
0.948550 -0.211737 -1.343324 -0.436895 -0.219425 0.311390 -1.019224 0.387591 0.705906 0.054477
-0.245490 -0.426482 -0.665739 -0.584058 0.419253 0.136105 -0.109799 -0.325269 -0.422789 -0.294978
1.132910 -0.271148 -1.199874 -0.232903 -0.329422 0.329572 -0.866503 -0.040549 0.765855 0.102362
