-0.126415 0.330643 -1.551236 -0.906561 0.414610 0.364134 -0.720336 0.433169 0.763114 -0.509209
0.077821 -0.186999 -0.648805 -0.234837 0.145730 -0.162456 -0.450607 -0.043432 0.760685 -0.218605
-0.272329 -0.179441 -0.792594 -0.420280 1.180824 0.080806 -0.053852 0.033189 0.264770 -0.516369
-0.634016 -0.644520 -1.462041 -0.346923 -0.249277 0.148877 -0.436222 0.605338 0.478436 -0.855162
-0.121496 -0.289141 -0.486081 0.077495 0.710215 -0.100054 -0.363949 0.311125 -0.340704 -0.215873
-0.225353 -0.828955 -0.692934 -0.439679 0.815801 -0.083132 -1.180142 -0.304433 1.116479 -0.267088
-0.225104 -0.628572 -0.972331 -0.778184 0.718805 -0.014100 0.160979 -0.166789 0.139712 0.462414
0.037984 -0.578012 -1.510149 -0.371438 -0.000635 0.153411 -0.405406 -0.410850 -0.404004 -0.565021
-0.651595 0.100751 -1.799051 -0.102507 0.326389 -0.049098 -0.165222 -0.489673 0.023533 -0.841249
0.197643 -0.097045 -1.727613 -0.236719 0.641073 -0.292723 0.634229 -0.101008 -0.191348 -0.468022
-0.335558 -0.038406 -1.656123 -0.990214 0.763908 0.001742 0.098215 0.193540 0.552237 -0.869569
-0.541291 0.099051 -1.238967 -0.678779 0.532705 -0.122049 0.287006 0.336510 0.258433 0.024772
-1.177203 0.509478 -0.815147 -0.742561 0.680667 -0.363191 0.696934 0.323705 0.034069 -0.598023
-0.742711 0.197336 -0.749708 -0.439543 0.716198 -0.241590 0.409113 0.641994 0.663858 -0.480039
-0.841120 0.173506 -1.810438 -1.185559 0.685858 0.330389 -0.523876 0.987460 1.175847 -0.635646
-0.728245 0.405772 -0.857219 -0.849946 1.024715 -0.345941 -0.478272 0.387525 0.518167 0.059124
-0.227939 0.407477 -1.191777 -0.740522 0.868205 0.422783 0.186443 0.148905 0.557838 -0.098252
-0.106834 -1.572295 -0.199831 0.121251 0.585883 -0.189477 0.044868 -0.936975 0.016521 -0.024737
-0.368914 0.314426 -1.395255 -0.573365 0.636286 -0.099088 -0.266605 0.922305 0.969636 -0.447410
0.095196 -0.734260 -0.912810 -0.043478 0.225962 -0.857814 -0.270832 0.872991 -0.061901 -0.878073
0.109366 -0.640122 -0.924711 0.126009 0.108690 -0.951889 -0.556876 0.922441 -0.027511 -0.804027
-0.557743 0.684971 -1.265935 -0.989903 0.862151 -0.011811 0.195536 0.589896 0.444891 -0.612037
0.237731 0.333709 -0.849744 -0.395119 0.276782 -0.533955 -0.366284 0.393385 0.641589 -0.279955
-0.826828 0.521489 -1.322900 -0.954114 0.724909 0.117069 0.430623 0.336334 0.304978 -0.552865
-0.822655 0.433440 -1.410103 -1.168733 0.915229 -0.084049 0.242095 0.734766 0.569430 -0.488619
0.203952 -0.412501 -0.925567 -1.079029 0.684171 0.279184 -0.320719 -0.083107 0.016870 -0.271230
0.162134 -0.748130 -1.419972 -0.002440 -0.191434 -0.181068 -0.721144 0.866749 0.547421 -0.841650
0.390040 -0.860608 -0.981618 0.131418 0.325686 -0.352248 -0.312391 0.288011 -0.242831 -0.772927
-0.285547 0.561113 -1.553858 -0.865484 0.420075 0.217708 -0.363672 0.622293 0.934551 -0.374013
-0.328564 -0.540694 -0.841076 -0.476717 1.027495 -0.066291 0.055318 0.768557 -0.051087 -0.916473
-0.447613 0.056396 -0.599665 -0.793091 0.400600 0.277624 -0.900764 0.612511 0.961111 -0.040287
-0.431308 0.192062 -1.574799 -0.949787 0.657017 0.641514 -0.709395 1.174867 1.042495 -0.342387
-0.015944 0.854945 -1.743537 -0.732375 0.889526 0.277357 -0.572761 1.126501 0.793135 -0.331147
-0.592044 0.523945 -1.297953 -0.341278 0.304140 -0.158235 0.443021 0.784063 0.067865 -0.621270
-0.392289 0.884186 -1.257589 -0.258014 0.442334 0.221612 0.116480 0.547419 0.057261 -0.503136
-0.977285 -0.390486 -1.269703 -0.615373 0.279191 -0.696055 0.938018 0.470975 -0.214596 -1.045798
-0.517126 -0.293124 -0.923123 0.026879 0.313852 -0.432604 -0.137348 0.906976 0.352392 -0.919252
0.071556 0.269291 -1.543203 -0.816305 0.446437 -0.511859 -0.537016 0.343030 0.128504 -0.292823
-0.258971 -0.044760 -1.562269 -0.443991 0.680907 0.245482 -0.694111 0.798737 -0.157575 -0.573498
-0.589577 0.577792 -1.590007 -0.909137 0.289326 -0.369072 -0.235892 0.432124 -0.493708 -0.743046
0.066246 -0.393132 -1.096571 -1.200390 0.127500 -0.154523 -0.503486 0.163292 -0.148083 -0.703425
-0.576265 -1.113330 0.393378 -0.146200 0.054814 -0.446359 -0.511809 -0.411838 0.442935 0.018042
0.245830 -0.884195 -0.004682 -0.459400 0.307316 0.376659 -0.357234 -0.561801 0.085618 -0.286607
0.037496 -0.103653 -0.652531 -0.071623 1.116088 -0.054667 0.161255 -0.340198 0.481296 -0.508764
-0.431006 -0.176283 -1.239299 -0.713812 0.303508 -0.698595 0.105623 0.390434 0.545627 -0.289323
-0.411374 -0.079008 -0.705797 -0.103627 0.499248 0.300589 -0.015796 0.455055 0.523606 -0.675840
-0.322402 -0.265030 -1.529362 -0.294046 -0.037139 -0.558543 0.130567 -0.059847 -0.557413 -0.958700
-0.682289 -0.000812 -1.161524 -0.341489 0.673827 -0.578949 0.023303 1.155929 0.448170 -0.703773
-0.188644 -0.325718 -1.078503 -0.108332 0.623833 -0.430156 -0.523845 1.054686 -0.616467 -0.451881
-0.061091 0.177829 -0.713065 -0.198143 1.540021 -0.175982 -0.908534 0.099249 -0.141871 -0.462177
0.074303 -0.426037 -0.897673 0.365914 0.646006 -0.144072 -0.205634 1.088035 -0.328795 -0.278390
-0.685054 -0.897020 -1.017958 -0.749488 0.054918 -0.505879 0.093637 0.724180 0.453080 -0.925568
-0.863231 -0.465601 -1.155689 -0.422551 -0.244267 -0.550656 -0.074654 0.927610 0.464437 -0.930393
-0.445007 -0.148476 -1.201987 -0.503172 0.765396 -0.130799 0.093969 0.887098 0.316948 -0.527493
0.642407 -1.113558 0.138500 0.090321 0.859905 -0.045723 -0.142863 -0.748793 -0.922857 -0.191063
-0.026470 -1.253921 -0.435915 -0.565510 0.031134 -0.051937 -0.055659 -1.077075 0.049120 -0.356906
-0.465392 -0.539955 -0.595928 -0.067361 -0.020184 -0.102570 0.370727 -0.347072 -0.453629 0.170164
0.249246 -0.303841 -0.824267 -0.209166 0.810118 -0.080168 -0.562845 0.617165 0.282774 -0.763783
-0.184714 -0.477031 -0.079928 0.200650 0.746254 -0.268593 -0.476471 -0.229883 -0.330363 0.208882
0.030648 -0.601441 -1.468455 -0.573040 0.515631 0.216331 -0.343809 0.554130 0.875997 -0.077913
0.362524 -0.520971 -0.619328 -0.469562 0.700689 0.111023 -0.344332 -0.782142 -1.106277 -0.336811
0.284640 -0.494476 -1.027257 0.096942 0.073894 -0.836525 0.254986 -0.093257 -0.623152 -0.733832
0.126614 -0.399306 -1.265836 -0.537473 0.505980 -0.022625 -1.009804 0.754570 -0.153613 -0.795912
-0.172742 -1.140138 -0.257717 0.436657 -0.761420 -0.496512 -0.530262 0.311120 0.243439 -0.308348
-0.511157 -0.418041 -0.561662 0.220651 0.892845 0.454001 -0.226803 0.789417 0.268991 -0.203165
0.330505 -0.360014 -1.242671 -0.178761 0.387166 -0.248455 -0.720981 1.140414 0.019720 -0.267055
-0.310742 0.139211 -1.196366 -0.845994 0.416637 0.089962 -0.184603 -0.049811 0.826036 0.314770
0.078493 -0.556510 -1.032178 -0.434545 0.537946 0.092816 -0.678700 0.859454 0.385662 -0.499113
-0.193435 -0.027258 -1.399177 -0.065986 0.558832 -0.502863 -0.164898 1.059957 0.609559 -0.535155
-0.218733 -0.528866 -0.829732 -0.494612 -0.314566 -0.944358 0.110723 -0.150615 -0.382215 -0.573828
-0.194618 0.154993 -0.599357 -0.198044 1.024129 0.398546 0.022878 0.398844 0.259550 -0.875522
-0.281494 0.296368 -1.488761 0.325938 -0.048691 -0.215962 -0.541050 0.845389 -0.088534 -0.737305
-0.347752 -0.222379 -1.262272 -0.637847 1.258193 0.031012 0.671272 -0.131432 0.011193 -0.485966
-0.412301 0.165185 -1.053835 -0.353001 0.169257 -0.100330 -0.698707 0.765852 0.882312 -0.447534
0.405989 0.183279 -1.873000 -0.378815 0.285281 -0.264330 -0.438340 0.258687 0.115548 -0.603639
-0.259434 -0.094285 -1.234273 -0.380486 -0.171820 -0.092775 0.338313 0.015415 -0.519776 -1.288150
0.145929 -1.011363 -1.020107 0.033885 0.164996 -0.992939 0.698295 0.066750 0.542379 -1.210547
-0.275706 -0.116803 -2.225242 -0.917833 0.463445 0.129527 -1.271201 0.714503 0.713192 -0.387028
-0.791494 -0.270587 -0.662063 -0.966914 0.684005 0.205537 0.703364 -0.262489 0.439114 -0.547679
-0.150019 -0.510699 -0.046374 0.174180 0.415845 -0.694348 -0.377238 -1.148998 -0.123156 -0.213522
0.318375 -0.060713 -0.495117 -0.134381 -0.421328 -0.777760 0.155897 -0.108316 0.143262 -0.654047
0.609726 -0.686267 -0.733110 0.679881 0.909354 -1.120321 0.243131 -0.182199 0.220003 -0.220803
-0.641134 -0.321045 -0.858907 -1.076324 0.891185 -0.153473 0.275773 -0.184259 0.478004 -0.138145
-0.739852 0.369141 -1.137415 -0.840330 0.648768 -0.334355 0.620380 -0.178818 -0.021127 -0.397609
0.088724 -0.224431 -1.586536 -0.901187 -0.048946 -0.316346 -0.053958 0.156812 0.930060 -0.382682
0.067808 -0.564317 -1.403013 -0.442955 0.554630 -0.430052 0.230561 0.908952 -0.036184 -1.203865
-0.695596 -0.953405 -0.735906 -0.591046 0.263458 0.166268 -0.260529 0.635313 -0.108269 -0.399912
-0.920832 -0.209567 -1.347900 -0.272419 0.162323 -0.380915 0.799766 -0.134242 0.088898 -0.666908
-0.705155 0.641299 -1.206035 -0.849752 0.633366 0.073668 0.342609 0.466033 0.363245 -0.526842
-0.310530 -0.387171 -1.752407 0.125068 0.563765 0.143130 -0.242840 0.061403 0.553622 -1.340252
0.015704 -1.107068 -1.421965 -0.484938 0.323351 0.365431 -0.492898 -0.121669 0.283584 -0.391486
0.306937 -0.923109 -1.241065 -0.765126 -0.001938 -0.278947 -0.728650 -0.242284 0.965740 -0.676794
-0.317608 -0.353990 -1.435514 -0.262252 0.275928 -0.442275 -0.043097 0.547039 -0.078767 -0.618139
0.815956 -0.753697 -1.541301 -0.376556 0.610090 -0.015502 -0.098850 -0.604922 -0.113540 -1.227211
0.098560 -0.572906 -1.109581 -0.529290 0.323321 -0.125408 0.008177 -0.102613 0.453237 0.025585
0.206095 -0.089964 -1.477150 -0.352846 0.596245 -0.397005 -0.595828 0.735569 -0.260023 -0.132641
-0.248982 -0.139440 -0.965324 -0.233191 -0.018399 -0.495886 -0.407660 0.520168 0.146756 -0.146087
-0.301775 -0.105198 -1.535946 -0.828456 0.313932 -0.121708 0.008582 0.049650 0.722779 -0.678592
-0.090281 0.427914 -1.471895 -0.824811 0.278209 -0.193733 -0.413156 0.315377 0.571105 -0.425336
0.228944 0.555505 -1.222316 -0.464516 0.379215 0.234033 -0.653772 -0.399210 -0.175146 0.010855
-0.388703 -0.813001 -0.923087 -0.144218 0.492306 -0.373036 -0.289097 -0.804710 -0.101183 -0.616241
0.353486 -0.538262 -1.026481 0.078793 0.204799 0.447441 -0.088277 -0.691228 0.743616 -0.551750
0.299704 -0.727223 -1.709535 -0.371549 0.266085 0.197030 -0.052247 -0.349095 0.502353 -0.517152
-0.001731 -0.603959 -0.324720 -0.348778 0.705080 -0.342978 0.110570 -1.379345 -0.220972 -0.561363
-0.476038 -0.639547 -0.863396 -0.057604 -0.245241 -0.455665 0.072143 0.022638 -0.163206 -1.119098
-0.513852 -0.959831 -0.800879 -0.802863 0.154024 -0.090297 0.073458 0.690939 0.298719 -0.758750
0.420177 -0.373387 -0.766231 0.087824 0.190557 0.107640 -0.584932 0.248912 0.198775 -0.532388
0.519925 -0.444105 -1.120807 -0.248531 -0.147563 0.269293 -0.295477 -0.181579 0.497185 -0.472535
-0.254004 -0.605992 -0.823472 -0.198649 0.654561 -0.121602 -0.882184 -0.192125 0.759265 -0.611936
-0.377908 -0.577858 -0.332316 -0.055901 1.392078 0.225879 0.062872 -1.045911 0.048782 -0.411867
-0.186400 -0.395606 -1.487991 -0.286131 0.334105 -0.038510 -0.090752 0.865321 0.356260 -0.345218
-0.733896 -0.348011 -0.077406 -1.015365 1.084425 -0.224010 0.093106 -0.465570 1.174052 -0.446542
-0.006850 -0.744940 -1.785570 -0.056922 0.204306 -0.059864 -0.190162 0.022425 -0.217898 -1.072040
0.410092 -0.308704 -1.722255 0.115642 0.489193 0.253870 0.330141 0.264739 0.247871 -0.850896
0.262176 -0.648907 -1.220731 0.133737 0.023335 0.357561 -0.619058 -0.024817 -0.503684 -1.251273
-0.511412 -0.698629 -1.513692 0.059451 0.074617 0.132826 -0.044265 0.570532 -0.458997 -1.107987
-0.244493 0.191671 -1.440704 -0.695548 0.662722 0.439518 -0.208188 0.685393 0.483666 -0.302040
-0.187568 -1.108468 -1.391105 -0.774314 0.423195 0.410417 -0.029796 -0.058681 0.208360 -0.501557
-0.031325 -0.507555 -1.186213 -0.492112 0.787031 0.352005 -0.784052 0.911881 -0.394299 -0.358087
0.019244 0.053887 -1.205265 -0.724480 0.210639 0.405804 -0.287462 -1.067084 -0.093000 -0.370539
-0.533257 -1.224045 -0.339000 -0.466353 1.085059 -0.580772 0.249709 0.352240 -0.046427 -0.367111
-0.425943 -0.894165 -0.162834 -0.605740 1.026212 -0.791961 -0.210952 -0.050009 -0.426461 -0.279124
0.019342 -0.509451 -0.875518 -0.467656 0.043214 -0.243786 -0.468930 -0.343206 0.341804 0.052506
-0.300403 -1.177246 -0.975391 0.051147 0.285440 0.198722 -0.407051 -0.082607 0.041551 0.423619
-0.327867 0.495071 -1.304553 -1.252177 0.871220 -0.271433 -0.362207 -0.017694 0.475599 -0.627940
-0.829387 -0.392479 -0.800794 -0.801808 0.213808 -0.046026 0.067682 -0.327261 0.751863 -0.425556
0.120733 -0.438690 -0.940220 -0.361687 -0.448498 0.054793 -1.376230 0.357693 0.931331 -0.025706
-0.557368 0.361356 -0.618570 -0.491234 1.020018 -0.502215 -0.152108 -0.887948 -0.331703 -0.355600
-0.571202 -0.385980 -0.785422 -0.728773 0.908082 -0.489315 0.228381 -0.057336 0.641184 -0.320618
-0.039535 -0.140171 -0.609706 -0.671093 0.132833 -0.615921 -0.574562 -0.345747 0.331646 -0.492907
0.182749 -0.638824 -1.426711 -0.396442 -0.199389 -0.824031 -0.324586 0.011033 0.674481 -0.198681
-0.724630 0.221859 -1.021469 -1.023748 1.046489 -0.011393 0.089170 0.479329 0.489084 0.027645
-0.454116 0.234726 -0.953861 -0.464359 0.761475 -0.367075 -0.234925 0.715202 0.809926 0.012913
-0.794882 0.173768 -0.331256 -1.083160 0.932814 -0.055801 -0.303338 -0.234340 0.198757 0.190242
-0.598887 0.367339 -1.453245 -0.660515 0.683874 -0.151963 -0.089246 0.495573 0.819269 -0.476589
0.249932 -0.963011 -0.690619 -0.276160 0.284897 -0.494496 -0.262830 -0.395551 0.098972 -0.368956
0.255660 -0.814759 -0.846094 -0.008570 0.449745 -0.162340 -0.790973 -0.041744 -0.473461 -0.549625
-0.311506 -0.072587 -1.473306 -0.672476 0.002547 0.003301 -0.041838 0.744982 0.731703 -0.411023
0.206397 -0.939868 -0.668371 -0.017045 0.569424 -0.247261 -0.581215 -0.391115 0.471788 -0.264177
-0.454023 -0.462752 -1.202875 -0.680929 0.141928 -0.217910 -0.002851 -0.216049 1.048313 -0.783203
0.501114 -0.462070 -1.060582 -1.040912 0.118265 0.175912 -0.691798 -0.452265 -0.223572 -0.166419
-0.567306 -0.030912 -0.907846 -0.281303 0.258728 0.226160 0.199619 0.218960 0.193884 -1.033784
-0.068933 -0.268060 -1.020947 -0.988334 0.322452 0.328287 -0.480989 -0.626924 0.684326 -0.253592
-0.338527 -0.601822 -0.710550 -0.115576 -0.106742 0.062224 0.466962 0.520686 1.136289 -0.496574
-0.266472 -0.430237 -1.021978 -0.864389 -0.093117 0.314490 -0.399758 -0.126634 0.609087 -0.208166
-0.379203 -0.060701 -0.697952 -0.924721 0.520484 -0.082837 -0.374216 -0.392890 0.920763 0.101478
-0.482840 -0.538333 -0.305992 -0.588155 0.423131 -0.014263 -0.237216 -0.202622 0.614383 -0.225359
-0.750637 -0.228136 -0.487196 -0.909672 0.458394 0.156246 0.192051 -0.277572 0.476488 -0.230014
-0.099529 -0.771615 -0.340296 -0.721548 0.839457 -0.238871 -0.293469 -0.194857 -0.613957 -0.089016
-0.278290 -0.643125 -0.797909 -0.218247 0.765373 0.015257 -0.269258 0.221591 0.240862 -0.158395
0.098766 -0.676370 -0.695342 -0.256677 0.203622 -0.169991 -0.025459 -0.100367 -0.380661 -0.141048
0.159155 -0.893665 -0.367965 -0.567242 0.031349 -0.489681 -0.759768 -0.466056 0.343890 0.316953
0.201795 -0.146699 -0.958160 -0.789936 0.785086 0.126061 -0.877878 -0.470118 0.335503 -0.583854
-0.159291 -0.785767 -1.005314 0.290209 0.310736 -0.019492 -0.582476 0.223809 -0.068926 -0.540115
-0.575758 -0.305565 -0.003816 -0.212198 0.578417 -0.075198 -0.020874 0.561034 0.646476 -0.398291
0.521484 -0.774181 -1.219925 -0.123727 0.894068 -0.177276 -0.795678 -0.271239 0.220360 -1.257962
0.001318 -0.511775 -1.527672 -0.413443 0.306323 -0.208711 -0.089965 -0.348011 0.825837 -0.597160
-0.512902 0.255434 -1.023551 -0.518457 0.006964 -0.623684 0.403255 0.070796 0.001887 -0.824191
0.304953 -0.351157 -0.604887 -0.712735 0.399072 0.123021 -0.492099 -0.187228 0.280530 -0.009211
0.049892 -0.008895 -0.975771 -1.276215 0.219491 0.182261 -0.531224 -0.338815 -0.311425 0.330058
0.625911 -1.603825 -0.713054 0.083289 0.030215 -0.056347 0.048185 -0.468198 -0.568473 0.161128
-0.544948 -0.635554 -0.464123 -0.055654 0.783673 -0.950646 0.578960 0.320585 -0.336354 -0.419224
0.524995 -0.754840 -1.337819 -0.394162 0.099855 0.120585 -0.605484 0.606286 1.010712 0.096630
0.676378 -0.218274 -1.498295 -0.672880 -0.434172 0.456694 -0.724055 -0.060132 0.038580 0.476619
0.775862 -0.230153 -1.500798 -0.431206 -0.092010 0.328165 -0.966046 0.479480 0.665676 0.030076
0.660855 -0.345010 -1.299458 -0.414182 -0.418314 0.293051 -0.891738 0.226546 0.219202 0.124622
0.995954 -0.437160 -1.449690 -0.273188 -0.183701 0.347849 -0.997000 0.532772 1.046214 0.035702
1.007143 -0.310363 -1.555502 -0.329933 -0.248335 0.366519 -0.765901 0.183695 0.604100 0.233395
0.933611 -0.536390 -1.598656 -0.600726 -0.637391 0.325913 -1.183697 -0.110820 0.462840 0.243936
0.638539 -0.872111 -1.349716 -0.406492 -0.470886 -0.252831 -1.162395 -0.050981 0.540000 0.317774
1.023929 -0.255405 -1.582152 -0.332905 -0.050080 0.387919 -0.741912 0.753974 0.790961 0.397487
0.980730 -0.121156 -1.493406 -0.431746 -0.064539 0.478579 -0.766527 0.679464 0.777941 0.336820
0.833319 -0.429506 -1.472434 0.000224 -0.114473 0.330413 -0.984675 0.283471 0.841104 0.147520
0.914523 -0.173334 -1.803391 -0.216793 -0.470742 0.386617 -0.755692 0.297089 0.660577 -0.190703
1.000390 -0.326708 -1.558959 -0.373416 -0.343944 0.394107 -0.901850 0.130886 0.550711 0.177285
0.981810 -0.288305 -1.606780 -0.413669 -0.301659 0.505821 -0.772697 0.448782 0.612581 0.407077
0.906387 -0.096395 -1.457395 -0.483489 -0.049678 0.424707 -0.839371 0.737092 0.716591 0.284967
0.850747 -0.007040 -1.623860 -0.586702 -0.017667 0.249059 -0.595693 0.277439 0.505888 0.222891
0.842055 -0.134756 -1.236659 -0.533182 -0.146761 0.491543 -0.752928 0.024699 0.735851 0.000088
0.881574 -0.287226 -1.441215 -0.256461 0.068131 0.439113 -0.894451 0.592484 0.691293 0.072523
1.178616 -0.395579 -1.903662 -0.156578 -0.457963 0.238343 -0.536544 -0.207626 0.539804 0.248494
1.052196 0.002863 -1.450609 -0.322263 -0.036627 0.409474 -0.984889 0.519531 0.950578 0.159735
1.322316 -0.437275 -1.982356 -0.460101 -0.583264 0.132778 -1.082599 -0.398678 0.234388 -0.233516
1.070375 -0.266164 -1.323970 -0.284753 -0.370506 0.233845 -1.108116 0.266937 0.971884 0.108710
0.997308 -0.405621 -1.302858 -0.221306 -0.256444 0.442935 -1.172057 0.167717 0.538423 0.255202
0.893703 -0.341222 -1.278171 -0.287563 -0.140924 0.393832 -0.883286 0.328826 0.754908 0.138798
1.027457 -0.211432 -1.300641 -0.435273 -0.156174 0.265277 -1.030401 0.158306 0.729612 -0.128715
0.711174 -0.277733 -1.299940 -0.450062 -0.336585 0.110323 -1.003452 0.226218 0.449264 -0.032431
1.060009 -0.464596 -1.595573 -0.034634 -0.119329 0.481603 -0.368587 0.476849 0.879460 0.577277
0.801140 -0.338864 -1.410571 -0.373449 -0.475216 0.121106 -1.153853 0.062603 0.420709 -0.156696
1.013269 -0.061829 -1.477150 -0.483751 0.061901 0.400704 -0.915167 0.156537 0.764741 -0.126624
0.220824 -0.320960 -1.449410 -0.220140 -0.305792 0.006960 -0.982861 0.428915 0.627517 -0.401104
0.945616 -0.161384 -1.438812 -0.493881 -0.081019 0.374400 -0.857539 0.468537 0.611426 0.139018
1.098216 -0.554074 -1.681784 -0.251136 -0.240195 0.031079 -0.728354 0.191328 0.770183 0.246933
0.868960 -0.324768 -1.622066 -0.194825 -0.115472 0.311782 -0.814128 0.499238 0.831324 -0.130552
0.938921 -0.386894 -1.243075 -0.087483 0.083010 0.280628 -0.908718 0.679175 0.895492 0.109073
0.670134 -0.155070 -1.403186 -0.461171 0.017201 0.135686 -0.934664 0.516897 0.577824 -0.002453
1.115105 -0.330917 -1.524712 -0.299814 -0.376159 0.481254 -0.749395 0.141318 0.534856 0.412016
0.710637 -0.433195 -1.518129 -0.343933 -0.285084 0.289170 -0.937483 0.412126 0.732498 0.164119
0.416543 -0.882398 -1.732180 -0.457964 -0.135279 0.270913 -0.537822 -0.362157 0.407176 -0.165864
0.410087 -1.320486 -1.171235 0.173953 -0.025672 -0.347094 -0.442956 -0.943394 0.308497 -0.827167
0.453794 -1.055305 -0.270883 0.878092 0.525325 0.265644 -0.897601 0.035557 -0.382397 -1.291619
0.878469 -0.019256 -1.555140 -0.442115 -0.081744 0.331998 -0.981270 0.370393 0.717098 0.172185
1.096986 -0.207957 -1.442139 -0.340125 -0.121912 0.381161 -0.875731 0.093055 0.753647 0.006782
0.834966 -0.206867 -1.341136 -0.557267 -0.320405 0.473903 -0.924431 0.304895 0.351920 0.138511
