0.274257 -0.316383 -0.793815 0.092704 0.551064 -0.429061 -0.172056 0.060340 -0.389936 -0.217098
-0.418475 0.329452 -1.349237 -0.554450 -0.003767 -0.098703 -0.152296 0.762948 0.548533 -0.743805
-0.446693 0.278241 -0.749970 -0.762364 0.933361 -0.078515 0.073321 -0.071453 -0.133019 -0.265488
-0.759284 -0.340478 -1.179261 -0.877833 0.561462 -0.113405 -0.051579 -0.198263 0.808910 -0.774560
-1.155978 -0.101349 -0.960004 -0.778889 0.664561 -0.204433 0.177484 -0.389810 0.244718 -0.627880
-0.093168 -0.605524 -0.476025 -0.370840 0.194621 -0.490818 0.359926 -0.526452 0.147636 -0.906978
-0.513743 -0.500099 -0.753747 -0.473435 0.491901 0.223513 -0.083763 -0.493368 0.496723 0.088136
0.643953 -1.277011 -0.794026 0.141717 0.647617 -0.239092 -0.283555 -0.416181 -0.841862 0.217503
0.337142 -0.817533 -1.099294 0.101664 0.289358 -0.017370 -0.307460 -0.691777 0.159256 -0.827194
0.151095 -0.708097 -1.064359 -0.971148 0.437469 0.029444 -0.221034 -0.646605 0.076070 0.095351
0.501065 -0.996805 -0.844855 0.092590 -0.021402 0.019266 -0.381272 -0.382667 0.480468 -0.594737
-0.170799 0.395644 -0.963162 -0.073815 0.952735 0.041100 -0.247275 1.055949 0.135576 -0.392063
-1.040446 -0.546273 -0.205434 -0.347034 0.204290 -0.784946 0.469273 -0.305948 -0.192572 -0.655247
0.605153 0.116201 -1.005743 -0.297789 0.290434 -0.924621 -0.793574 0.299767 0.344625 0.140075
0.311392 -0.452859 -1.336614 -0.329056 -0.025644 -0.912893 -0.328390 -0.844010 0.666056 -0.712930
-0.997745 -0.064005 -0.972767 -0.799027 0.396489 -0.376743 0.678688 0.114304 -0.299213 -0.451234
-0.995356 -0.095022 -1.091625 -0.273191 -0.559674 -0.114012 0.041917 0.226568 0.208875 -0.653624
0.495695 0.241438 -1.160093 -0.111418 -0.051250 -0.146639 -0.439157 -0.339885 0.447932 -0.527556
-0.441403 0.148961 -1.580905 -0.725248 0.516122 0.088230 -0.485938 0.866921 0.586879 -0.279305
-0.422523 0.708148 -1.195158 -0.750527 1.077326 0.003253 0.118729 0.556193 0.366086 -0.391870
0.632161 -1.614806 -0.343893 0.387751 -0.032387 -0.255877 -0.091143 -0.794982 -0.486564 -0.405332
-0.328405 0.566405 -1.549315 -0.761945 0.570463 -0.087323 -0.132996 0.656319 0.562558 -0.821916
-0.022069 0.189554 -0.735046 -0.342864 0.740904 0.117942 0.617523 0.194693 0.222707 -0.514729
0.608857 -0.451468 -1.131732 -0.502866 0.010695 -0.547161 -0.483593 -0.817574 0.152653 -0.734065
-0.012221 -0.727810 -0.741684 -0.457014 -0.033005 -0.040885 -1.044298 -0.651044 0.084968 -0.274280
-0.550799 -0.095132 -0.663955 -0.015545 0.179838 -0.407514 -0.131189 0.685603 0.471563 -0.843416
0.035988 -0.086838 -1.264243 -0.502762 0.486851 0.114526 -0.601452 -0.661608 0.079205 -0.461732
-0.232279 -0.066650 -1.523600 -0.844122 0.604787 0.059242 -0.632694 0.561013 0.515912 -0.890660
-1.007630 -0.379585 -1.026919 -1.079116 -0.125370 -0.287083 -0.380922 0.244749 -0.338781 -0.861832
-0.450170 0.009423 -1.303357 -0.694861 0.858173 0.294050 -0.625090 0.873366 0.840225 -0.389164
-0.384294 -0.196263 -1.495871 -0.476046 1.011907 0.340967 -0.456025 0.534962 -0.032893 -1.158670
-0.177461 -0.010851 -0.898399 -0.694585 1.133446 0.101177 0.056519 0.584865 0.376597 -0.400810
-0.510900 -0.043875 -0.250513 -1.006235 0.701017 0.174469 -0.657955 0.003072 0.320031 -0.061911
0.541229 -0.329196 -1.190007 -0.488943 -0.187840 0.130026 -0.952309 -0.145495 0.516088 -0.124001
0.479860 -0.501988 -1.103067 -1.105280 0.089686 0.267636 -0.624165 0.083702 0.238685 -0.512842
-0.802175 -0.705391 -1.489546 -0.578054 0.322578 -0.220374 -0.165410 0.284224 -0.201300 -1.004293
-0.960956 0.811354 -0.661259 -0.573303 0.873954 -0.615351 0.364056 0.306725 0.013101 -0.470925
0.144106 -0.288494 -1.880002 -0.851815 -0.048576 -0.239379 0.093805 -0.037366 0.475478 -1.028553
-0.308618 -0.292883 -1.054120 -1.274164 0.363925 -0.301838 -0.349834 -0.154879 0.795156 0.374871
-0.756779 -0.041454 -1.030066 -1.039327 0.193927 0.146614 0.132724 -0.483950 0.510718 -0.393707
-0.654295 -0.025358 -1.288738 -0.442571 0.202978 -0.257073 0.455485 -0.288296 0.414595 -0.740346
-0.343563 -0.059923 -1.178975 -0.825748 0.192324 0.220292 -0.201396 0.211215 1.089091 -0.201633
-0.370737 -0.113808 -1.693674 -0.342043 0.218437 0.123946 -0.278173 0.632843 0.425954 -0.418972
-0.765769 -0.052713 -0.926068 -0.982552 0.017836 0.185608 0.299910 -0.564301 0.462315 -0.457748
0.330595 -0.769797 -1.691270 -0.429613 0.014893 0.248761 -0.305236 -0.435229 0.873924 -0.755195
-0.266225 -0.397702 -0.436795 0.006696 -0.566373 -0.775954 0.240199 0.047391 0.214541 -0.930888
-0.754708 -0.281490 -0.977457 -0.169888 0.102100 -0.100506 -0.112300 0.103275 0.101687 -0.143122
-0.158997 -0.689363 -0.918858 -0.791219 -0.647288 -0.332874 -0.512911 -0.160119 0.365490 -0.546034
-0.339842 -1.409989 -0.788698 -0.364409 0.424981 0.412105 -0.183291 -0.560179 0.043300 -0.768333
0.159017 -0.322336 -1.496840 -0.183401 -0.011944 0.501084 -0.421449 0.044442 0.935589 -0.503812
0.142017 0.052531 -1.431567 -0.186314 0.208706 -0.264023 -0.368325 0.607007 0.802650 -0.444181
-0.073604 -0.627418 -1.215155 -0.881240 0.419661 0.196563 -0.497740 0.205919 0.144936 -0.390253
-0.822311 -0.354564 -1.121381 -0.466544 0.631779 -0.223247 0.511012 -0.145184 -0.037558 -0.574840
1.028306 -0.382168 -1.513824 -0.171886 -0.306177 0.493222 -0.790035 0.390141 0.676145 0.421108
1.150851 -0.143237 -1.521039 -0.230099 0.109955 0.419141 -0.660993 0.847564 1.091679 0.428763
0.823240 -0.035667 -1.531578 -0.382138 0.062904 0.211339 -0.965200 0.710227 0.912763 0.134021
1.142677 -0.179205 -1.536862 -0.263363 -0.024754 0.445793 -0.734167 0.738911 0.988513 0.428714
0.976667 -0.448888 -1.750015 -0.145560 -0.234886 0.285065 -0.588928 0.153715 0.738869 0.435807
1.000316 -0.058971 -1.552763 -0.415106 0.000388 0.379808 -0.768485 0.712461 0.848356 0.337806
0.775834 -0.036124 -1.674170 -0.600573 -0.195353 0.208655 -0.863717 0.356298 0.551190 0.189542
0.845861 -0.044168 -1.454553 -0.468367 0.146064 0.340319 -0.827144 0.809012 0.903000 0.133003
0.769504 -0.126478 -1.551418 -0.419034 -0.126121 0.286410 -0.918946 0.567725 0.682865 0.227462
1.101974 -0.291537 -1.526692 -0.211079 -0.196870 0.399894 -0.721631 0.508022 0.811385 0.472992
0.941566 -0.001221 -1.577343 -0.284280 0.086936 0.076961 -0.886398 0.633888 1.107559 0.233185
1.063769 -0.188037 -1.559890 -0.360341 -0.301738 0.482459 -0.898077 0.458627 0.749420 0.363231
1.167175 -0.646843 -1.496866 -0.507643 0.342718 0.059371 -1.135293 0.166517 -0.248737 -0.377448
1.462818 -0.688731 -1.307335 -0.510667 0.077942 -0.100167 -0.933926 0.662295 0.565698 0.581529
1.081174 -0.153151 -1.712891 -0.610913 0.027119 0.207452 -0.644949 0.487715 0.859134 0.248348
0.646392 -0.035676 -1.575958 -0.387575 0.534555 0.324826 -0.883174 0.838862 1.005313 -0.045185
0.577747 -0.616841 -1.849274 -0.019990 -0.212804 0.412521 -0.668629 -0.200975 0.031204 -0.687792
0.842524 -0.204985 -1.601790 -0.462628 -0.231403 0.434258 -0.773148 0.338426 0.464088 0.274999
0.450744 -0.252359 -1.696974 -0.839559 -0.140488 0.197450 -0.666313 0.364400 0.791062 -0.226515
1.089017 -0.478691 -1.371840 -0.295932 -0.357945 0.857315 -0.834596 0.513106 0.487916 0.458009
0.965371 -0.663284 -1.273969 -0.152469 0.387980 0.563208 -0.591369 0.504630 1.334403 -0.093305
1.039839 -0.052540 -1.454953 -0.472560 0.173188 0.413961 -0.818703 0.674059 0.935954 0.068333
0.949751 0.005978 -1.469898 -0.596100 0.028340 0.514608 -0.743546 0.684139 0.692814 0.240670
1.046923 -0.372258 -1.565021 -0.223395 -0.420454 0.566797 -0.911142 0.179342 0.531959 0.512848
0.959979 -0.290928 -1.428156 -0.497589 -0.215913 0.382375 -0.906308 0.161244 0.504729 0.014655
0.694707 -0.544766 -1.429673 -0.450530 -0.435732 0.154596 -0.922870 0.085177 0.067141 -0.349246
1.249808 -0.411733 -1.582154 0.022968 -0.297919 0.473900 -0.893289 0.330052 0.922187 0.494845
0.823645 -0.506743 -1.411377 -0.445517 -0.359576 0.297732 -0.864358 -0.279627 0.195607 0.038349
0.774119 -0.183225 -1.323826 -0.441801 -0.201864 0.294241 -0.999341 0.364008 0.538261 -0.000461
1.096594 -0.255613 -1.447146 -0.145482 0.087417 0.398810 -0.718948 0.805291 1.167341 0.355810
0.871042 -0.222559 -1.659064 -0.477895 -0.341147 0.365539 -0.749479 0.206836 0.427455 0.370256
0.874484 -0.327492 -1.685181 -0.547592 0.004041 0.336396 -0.580043 0.596267 0.773188 0.490727
1.063833 -0.334524 -1.221863 -0.133572 -0.144417 0.286811 -1.189867 0.368209 0.938927 0.094112
