-0.444717 0.386568 -1.557936 -0.643264 0.727950 0.208132 0.190172 0.622897 0.001247 -0.737181
0.181723 -0.088576 -0.941617 0.030688 0.887985 0.376046 -0.365257 0.844088 -0.022989 0.015204
0.457487 -1.014817 -1.415573 -0.630272 0.617689 0.130144 -0.277247 -0.746217 0.621619 -1.097694
0.035118 -0.386013 -1.332758 -0.109494 0.056780 0.119110 -0.076239 -0.320170 -0.444285 -0.611639
-0.347472 -0.505078 -0.776859 -0.115656 0.533231 0.075204 -0.233946 0.203577 0.367268 -0.593306
-0.890278 0.456446 -1.046266 -1.041707 1.081794 0.084936 0.320084 0.818298 0.498719 -0.327606
-0.759171 0.471317 -1.140797 -0.539257 0.383772 -0.122965 -0.239006 0.728813 0.517272 -0.421589
-0.325643 0.417423 -0.948380 -0.655975 1.020968 -0.204443 -0.142761 0.617332 0.503123 -0.524602
-0.677366 -0.847653 -0.896592 -0.003074 0.429520 0.296094 -0.208467 -0.464318 -0.367587 -0.476755
-0.386368 -1.368831 -0.692751 0.068173 0.010673 -0.602049 -0.206057 0.099827 -0.618164 -0.674663
-0.472794 0.275128 -0.784751 -0.231935 0.687159 -0.008169 -0.010691 -0.176736 0.532058 -0.245225
0.038276 -0.390363 -1.035894 0.388941 0.662928 0.146184 -0.560738 -0.814724 -0.998918 -0.809651
0.115689 -0.129297 -1.081400 0.392151 0.514947 -0.214053 -0.100722 -0.548914 -0.676851 -0.555765
-0.532931 0.490248 -1.227649 -0.495957 -0.214556 -0.454373 0.742688 -0.067462 -0.254353 -0.829318
-0.058079 -0.338451 -2.009276 -1.000886 -0.199623 -0.056958 -0.175363 -0.250655 0.614447 -0.707214
-0.078571 -0.108320 -1.125957 -0.877616 0.658428 0.204494 -0.034574 -0.009923 0.218008 -0.372402
-0.843062 0.400917 -0.901487 -0.362666 0.263888 -0.237896 0.228291 0.579294 0.227555 -0.209975
-0.319920 0.010983 -0.534668 -0.242337 0.747988 -0.363776 -0.447158 -0.166808 -0.246692 -0.696063
0.180850 -0.571227 -0.672958 -0.451483 0.299959 -0.511598 -0.075805 0.196967 0.329718 -0.103464
-0.443482 -0.511646 0.229090 -0.407754 0.665363 -0.048534 0.011452 0.016037 0.528203 0.214632
-0.655288 -0.667408 -0.705898 -0.310404 -0.363961 -0.674427 0.778809 -0.472831 -0.096039 -0.642408
-0.598322 -0.277007 -0.090524 -0.529542 0.147703 0.132513 0.200111 0.005208 0.485654 0.017880
-0.718345 0.220584 -1.075175 -0.607925 0.270744 -0.186774 0.067420 0.519855 0.609394 -0.530193
-0.506142 0.000315 -0.364866 -0.343950 0.447017 0.169776 -0.480401 -1.609214 -0.077917 -0.251341
0.009481 0.084577 -0.151517 0.190099 0.592120 -0.542143 -0.261300 0.159569 -1.036211 -0.540867
-0.357559 -0.212204 -0.419162 0.025435 0.323738 -0.145498 -0.334433 0.912723 0.899487 -0.278117
-1.099506 -0.490915 -0.631753 0.227180 -0.342599 -0.804144 0.645410 0.236090 -0.360258 -0.501266
0.377069 -0.483037 -0.211548 0.140227 0.691187 0.309189 -0.635507 -0.658768 -0.840875 0.162732
0.309397 0.137173 -0.610023 -0.671941 0.420110 -0.530861 0.211116 0.044934 -0.390367 -0.407575
-0.791084 0.153998 -1.325613 -0.797341 0.434941 -0.287830 0.689531 0.052621 0.019624 -0.749509
-0.591178 0.339214 -1.342419 -0.570543 0.441237 -0.038106 0.474184 0.458971 0.191910 -0.753309
-0.268867 0.440425 -0.645647 -0.426482 0.517846 -0.143730 0.008255 -0.220451 -0.071323 -0.300514
-0.623297 0.451033 -1.082683 -0.668020 0.835907 -0.348569 0.165139 0.896559 0.553259 -0.600674
-0.353506 -0.508453 -1.008008 -1.119245 0.907204 0.073442 -0.349245 -0.999120 -0.214514 -0.486359
-0.346398 0.057113 -1.168579 -0.197284 0.655540 -0.195702 -0.300716 0.940663 -0.119186 -0.169923
-0.340494 -0.312462 -0.264365 -0.149340 0.850173 -0.530624 0.032254 -0.099457 0.554775 -0.567184
-0.028964 -0.690065 -0.497342 0.249635 0.873315 -0.650585 0.207333 -0.173086 0.387641 -0.311555
0.165939 -1.388137 -0.544964 0.382874 0.439824 -0.885051 0.531166 -0.045544 -0.197089 0.029352
-0.100073 0.017203 -0.865779 -0.489149 0.175353 0.367570 -0.455038 0.071106 -0.130363 -0.082549
-0.428733 -0.405468 -1.554984 -0.784623 0.048461 -0.291125 -0.656029 -0.026531 -0.111095 -0.694670
0.459223 -1.358042 -0.490208 -0.516113 0.736077 -0.440075 -0.183008 -0.464709 0.384472 -0.011984
-0.005517 -0.385588 -1.145434 -0.127065 0.158471 -0.336538 -0.285423 0.801828 0.498798 -0.073031
0.052603 0.045719 -1.013646 -0.721405 0.730824 0.281310 -0.451599 0.009264 0.115170 -0.132870
-0.437984 -0.462983 -1.538984 -0.785448 0.580069 0.105057 0.180278 -0.505948 -0.179386 -0.584472
0.066269 -0.833077 -1.138944 -0.108991 0.045094 -0.412997 -0.266916 -0.126275 0.656397 -0.851173
-0.607868 -0.361121 -1.586744 -0.074684 -0.071592 0.276966 -0.334944 0.592563 1.165702 -0.554068
-0.590473 0.279407 -1.472010 -0.815340 0.783969 -0.108390 -0.071013 0.335636 0.640931 -0.361336
-0.676238 0.272203 -1.402356 -1.527354 0.906271 -0.372024 -0.330983 0.788554 0.628895 0.021816
-0.161953 -0.482574 -1.151257 -0.129115 0.517013 -0.556608 -0.196635 0.226725 -0.160153 -0.326065
-0.532952 0.015762 -0.798321 -0.031950 -0.170619 -0.915407 -0.139022 0.396963 0.120243 -0.595732
-0.888722 0.038748 -1.372565 -0.594391 0.232988 -0.311466 0.575095 0.827141 0.234779 -0.513314
-1.055191 0.087813 -1.154526 -0.670176 0.718898 -0.451055 0.406290 0.722874 0.609338 -0.405620
-0.286119 -0.342965 -1.721975 -0.459068 -0.100931 -0.028427 -0.384651 0.732996 0.814776 -0.609158
0.022455 0.400751 -1.688353 -0.613765 0.635167 0.517092 -0.691125 0.893676 0.551920 0.140656
-0.393806 -0.261253 -0.612511 -0.592723 0.938153 0.026792 -0.071374 0.467272 0.771354 -0.038088
-0.175897 -0.341611 -0.569354 -0.476802 0.485075 0.225363 0.014957 0.267121 0.284729 0.109641
-0.041839 -1.015512 -1.218029 -0.464090 -0.568574 -0.044142 -0.324541 0.328675 0.216103 -0.036984
0.066002 -0.351183 -0.909428 -0.512065 -0.340156 0.005617 -0.126014 0.187183 0.320315 -0.028787
0.318056 -0.967872 -1.294315 -0.032575 -0.207485 0.214280 0.145976 -0.293116 0.387251 -0.250544
-0.358288 -0.695817 -0.619979 -0.995135 0.669312 -0.242006 -0.345997 0.947255 0.858348 -0.110878
-0.088251 -0.848195 -0.871077 -0.899701 0.258869 -0.026358 -0.613636 0.758402 0.680557 0.110760
0.076281 -0.582445 -0.098315 -0.950325 -0.198362 0.185636 -0.387845 -0.143636 0.702764 0.327035
-0.668084 -0.132039 0.531831 -1.210495 0.454255 -0.059629 0.528514 -0.497624 0.355847 0.117752
-0.639971 -0.974732 -0.518974 0.103315 0.307104 -0.520526 0.483702 0.657535 0.382803 -0.444369
0.060867 0.317043 -1.424292 -0.743648 0.959735 0.236632 -0.511280 1.260537 0.659783 -0.082029
-0.049022 -0.188283 -0.736807 -0.186265 0.395670 -0.253110 0.401633 -0.137078 -0.233189 -0.429777
-0.801099 0.148450 -1.037482 -0.076287 0.319880 -0.430982 0.303562 0.932816 -0.030716 -0.443781
-0.339958 0.233174 0.067955 0.222877 0.764110 -0.195438 0.104697 -0.448312 0.735373 -0.356520
-0.613674 -0.063420 -0.875607 -0.218679 1.163461 -0.116305 -0.259586 1.035298 0.321413 -0.268026
-0.002994 -0.340996 -1.039406 -0.921105 0.661179 0.326835 0.268817 0.351814 0.207989 -0.203263
-0.853784 0.749255 -1.201834 -0.568833 0.094135 0.605084 0.246780 0.905540 -0.059588 -1.015309
0.470967 -0.935957 -1.367493 0.394375 0.568740 0.255841 -0.350787 0.124786 -0.145850 -0.600303
-0.825311 -0.687891 -0.960037 -0.043286 0.005158 0.339857 0.317964 0.367687 -0.114414 -0.407161
-0.250021 -0.406068 -1.656086 -0.897443 0.001141 -0.118813 -0.165570 -0.084032 1.062763 -0.502674
-0.320464 0.660106 -1.325752 -0.505917 0.428858 -0.165194 -0.033982 0.693697 0.311202 -0.545725
-0.267858 -0.236264 -0.809183 -0.396283 0.546447 -0.455424 0.100174 0.825730 0.674963 -0.391771
-0.119619 -0.191133 -0.183259 -0.025383 0.675817 0.009388 0.028885 0.670736 0.581175 0.148226
-0.585918 -0.281726 -0.454835 -0.369663 1.039843 -0.367910 0.388126 -0.108072 0.783551 -0.768235
-0.465722 0.005220 -0.413269 -0.659990 0.728932 -0.235997 -0.195593 0.496017 0.519702 -0.677514
-0.956235 -0.599680 -0.734109 -0.622721 0.476933 0.329180 -0.133920 0.583856 -0.442768 -1.227910
-0.074799 0.187206 -0.673924 -0.282990 0.430760 0.066568 -0.109585 0.804600 0.714259 -0.157342
-0.419241 -0.099439 -0.476823 -0.751982 0.763270 -0.195526 -0.309067 0.193766 -0.032175 -0.425609
0.163144 0.001700 -1.113898 -0.105439 0.088989 -0.507069 -0.671401 -0.125388 -0.755645 -0.401651
-0.452277 -0.076227 -1.072216 -0.972080 0.148452 0.157349 0.031926 1.086745 0.834317 -0.565441
-0.521395 0.149310 -1.344830 -0.926471 0.104867 -0.132262 0.140121 0.821192 0.430322 -1.809082
0.673329 -0.586238 -1.342841 -0.288231 0.499641 -0.235424 -0.489174 0.749490 0.531385 -0.236853
0.214848 -0.475766 -0.633696 -0.333584 0.193523 0.291656 -0.063282 -0.568044 -0.569372 -0.711296
-0.253895 -0.560991 -1.249419 -0.500844 0.401920 0.150107 -0.814019 0.471946 0.144498 -0.510156
0.365051 -0.654734 -0.360094 -0.101893 0.908638 -0.214101 0.061178 -0.777722 0.846226 -0.550072
-0.019015 -1.036919 0.151645 -0.282127 0.441700 -0.040521 -1.287123 -0.076173 0.483537 -0.339986
-0.097577 -0.805772 -0.899885 -0.253490 0.774224 0.035591 0.146465 -0.408633 -0.026226 -1.410924
0.154912 -1.344608 -0.631514 -0.070663 0.465724 -0.795003 0.135078 0.348121 -0.255421 -0.652769
0.087926 -1.365958 -0.693125 0.082794 0.763240 -0.079249 -0.168719 0.374647 -0.792304 0.053072
0.044651 -1.280086 -0.290427 0.005364 0.620481 -0.050111 -0.716751 0.049840 0.105748 0.454827
0.233762 -0.465157 -1.610771 -0.253863 0.178209 -0.143959 -0.386603 0.772794 -0.557774 -0.439131
0.002087 -0.546361 -1.087319 -0.158353 0.459780 0.041447 -0.207669 -0.125529 -0.016000 -0.921606
0.838032 -1.096978 -1.135345 0.331616 0.325315 -0.052901 -0.022152 -0.314629 0.338713 -0.832734
-0.192218 -0.471799 -0.577712 -1.125290 0.789231 0.295856 -0.180272 -0.143869 0.074676 0.163154
0.251423 -0.356196 -1.403594 -0.234689 0.236434 0.176450 -0.222858 0.470134 1.336239 -0.639706
0.473097 -0.988417 -1.255596 0.173652 0.395899 -0.453642 -0.028293 -0.699509 0.209367 -0.866076
-0.770023 -0.076479 -0.909034 -0.524784 1.062403 0.002566 0.105310 0.283149 0.539647 -0.967178
-0.253176 -0.132459 -1.264410 -0.641211 0.827609 -0.376255 -0.426677 0.677594 0.607730 -0.671021
0.239602 0.176814 -1.317156 -0.350851 -0.037671 0.363525 0.058663 0.813035 0.429243 -0.570277
0.977710 -0.230422 -1.294112 -0.351763 -0.127745 0.392438 -0.953403 0.521334 0.633811 0.202767
0.868572 -0.291254 -1.706630 -0.204387 -0.328480 0.214597 -0.730364 0.579197 0.574661 -0.002635
1.241531 -0.218479 -1.558447 -0.373232 0.044077 -0.227867 -0.616853 0.599170 0.617651 0.126788
1.111599 -0.244720 -1.678405 -0.280342 -0.273003 0.585603 -0.780068 0.439440 0.841090 0.430459
0.765024 -0.251406 -1.285894 -0.431420 -0.282349 0.400598 -0.916822 0.357564 0.357375 0.160459
0.996595 -0.260764 -1.742988 -0.479516 -0.430156 0.327819 -0.833811 -0.042059 0.548429 0.249776
0.791906 -0.073236 -1.586399 -0.402073 0.125931 0.387317 -0.859413 0.245040 0.804743 -0.075364
0.621452 -0.322987 -1.299839 -0.278052 -0.420500 0.102702 -0.898661 0.233104 0.355545 -0.089010
0.724190 -0.227675 -1.407289 -0.454114 -0.198244 0.229644 -1.001177 0.257340 0.489078 -0.001715
0.940603 -0.356562 -1.633142 -0.088454 -0.127536 0.292521 -0.809849 0.399318 0.889384 0.335414
1.054389 -0.326980 -1.137898 -0.233087 -0.362781 0.722876 -0.892381 0.602540 0.621944 0.438448
1.009400 -0.119929 -1.287206 -0.028892 0.104604 0.444746 -0.910997 0.642825 0.586618 0.001477
1.033100 -0.231867 -1.820600 -0.647972 0.227185 0.206651 -0.854112 0.394114 0.822896 0.163820
0.611204 -0.256648 -1.238551 -0.580912 0.114287 0.247617 -1.069565 -0.151072 0.461527 0.002607
0.692192 -0.483445 -0.975799 -0.800697 0.346063 0.715250 -0.378382 0.475530 0.399280 -0.487870
1.077185 -0.166984 -1.889580 0.041680 0.520679 0.436353 -0.502559 0.534673 1.351557 0.021434
0.195761 -0.548230 -1.683899 -0.434900 -0.761049 -0.324316 -1.026743 -0.037611 0.247856 -0.532897
1.026548 -0.184649 -1.061024 -0.412994 0.142833 0.424285 -0.743652 0.341420 0.537379 -0.149122
1.068896 -0.077603 -1.232865 -0.226432 -0.141360 0.338956 -1.128410 0.230684 0.822694 0.021172
0.679327 -0.372072 -1.236236 -0.451262 -0.617765 0.014104 -1.141012 -0.089362 0.178263 -0.028091
0.801599 -0.286225 -1.393327 -0.642297 -0.339879 0.346805 -1.100958 0.351137 0.614902 0.197537
1.141327 -0.309937 -1.543502 -0.164940 -0.122596 0.499097 -0.715347 0.734849 1.010767 0.516977
1.124320 -0.608205 -0.434945 -0.051900 0.700465 -0.332276 -1.156139 0.474411 0.811337 -0.192086
0.824039 -0.054511 -1.548117 -0.472559 -0.034128 0.336797 -0.947442 0.467288 0.722538 0.057437
1.030082 -0.501776 -1.576788 -0.259626 -0.286126 0.611659 -0.671601 0.271071 0.870706 0.258207
0.936265 -0.385165 -1.505477 -0.216761 -0.267577 0.349413 -0.893651 0.364560 0.729449 0.273583
1.158692 -0.365508 -1.600796 -0.212339 -0.313861 0.556195 -0.735895 0.292656 0.786561 0.383354
1.138387 -0.296523 -1.458607 -0.326238 -0.236365 0.617593 -0.702824 0.583513 0.706479 0.505469
0.833875 -0.209516 -1.641687 -0.470434 -0.234504 0.373130 -0.748265 0.386604 0.523123 0.365764
1.020187 -0.372844 -1.602544 -0.250811 -0.220381 0.435297 -0.766910 0.322542 0.732607 0.339109
0.913960 -0.313192 -1.375739 -0.460876 -0.150577 0.448395 -0.958039 0.488432 0.432582 0.112059
