0.343060 -1.046094 -1.609600 0.313810 -0.123112 -0.362236 -0.589691 -0.273937 0.222394 -0.892697
-0.902639 0.038620 -0.903336 -0.682260 0.281429 -0.934052 0.403022 0.238602 -0.769937 -0.819995
-0.734411 -0.025021 -0.790165 -0.670276 0.640919 0.239741 -0.172870 -0.069197 0.398082 -0.432475
-0.008689 -0.290636 -0.818175 -0.125277 0.550922 -0.427259 -1.055341 0.560843 0.755366 -0.478691
-0.251144 -0.274088 -1.658426 -0.528511 0.228119 -0.436167 -0.027357 0.331303 0.583194 -0.555966
-0.055295 -0.236940 -1.919432 -0.485406 -0.017461 -0.058204 0.005338 0.244221 0.557191 -0.801777
-0.105249 -0.388384 -1.876290 -0.757026 0.099756 -0.187596 0.060943 0.247561 0.128687 -0.541429
0.081253 0.049924 -1.733197 -0.463922 0.149653 0.682090 -0.719306 0.166837 1.309331 -0.050390
-0.277760 -0.366678 -1.553227 -0.613465 0.238323 -0.052495 -0.025631 0.012544 0.383619 -0.227153
-0.150284 -0.381052 -1.715161 -0.523099 0.716441 -0.223156 0.109044 0.257026 0.378903 -0.863863
0.413872 0.247336 -1.793287 0.068293 -0.958763 -0.775788 0.042408 -0.249695 -0.169943 -0.824663
0.423759 -0.301871 -1.768938 -0.664286 0.090559 -0.734076 -0.016729 -0.187687 0.694045 -0.541389
-0.024414 -0.007561 -1.776662 -0.786034 0.505362 0.315803 -0.262886 0.060836 0.361976 -0.939406
-0.565931 -0.589577 -1.327855 -0.073461 0.001538 -0.291835 0.151441 0.677585 -0.018919 -0.723355
-0.794164 0.621180 -0.835530 -0.277306 0.639630 -0.129749 0.593423 -0.528315 -0.656211 -0.772765
-0.463891 -0.434185 -0.850089 -0.781939 0.361869 -0.318670 0.510524 -0.327090 -1.178317 -0.609960
0.460193 -0.222737 -1.401688 -0.325872 0.774551 -0.321631 -0.490495 0.885038 -0.015080 -0.562838
-0.236236 -1.093700 -0.507422 -0.842328 0.742804 -0.237798 -1.074895 -0.160491 -0.126379 0.302415
-0.048998 -0.403988 -1.411744 0.200821 -0.347094 0.074372 -0.643630 0.780125 -0.055369 -1.100971
-0.224015 -0.271064 -0.630342 -0.578622 0.747610 -0.661634 -0.422850 -0.300522 0.480758 -0.289594
-0.009100 -0.123710 -1.189775 -0.566710 0.185351 -0.631534 -0.652929 -0.180562 0.516553 -0.585910
-0.356520 -0.669219 -1.468077 -0.449916 -0.364667 -0.447010 -0.872874 -0.158400 0.430568 -0.319682
-0.374564 0.302364 -0.409805 -0.954770 0.151589 -0.207471 -0.181744 -0.621151 -0.303214 -0.691097
0.230034 -0.865910 -1.640821 -0.105366 -0.307902 -0.219550 -0.555071 0.494170 0.485060 -0.986848
-0.357308 0.062866 -0.845223 -0.325380 0.813040 -0.764330 0.123965 -0.379752 -0.745578 -0.918014
0.638955 -0.819826 -1.408568 -0.630241 -0.110933 -0.471394 -0.162715 0.062539 0.162345 -0.843924
-0.817955 -0.354971 -0.662616 -0.379263 -0.373897 0.405815 0.030801 -0.265895 0.554666 -0.844355
-0.619040 0.271526 -0.723056 -0.307200 0.491610 -0.300507 -0.201094 0.207045 0.433660 -0.429619
-0.799332 -0.117653 -0.783030 -0.249242 0.281344 -1.057084 0.327520 -0.128676 -1.154109 -0.846985
0.316876 0.041557 -1.388226 -0.592929 0.742966 0.490753 -1.148598 -0.152211 0.281557 -0.029471
-0.248604 -0.641583 -1.661571 -0.420988 0.217441 -0.161839 -0.350595 0.594833 0.805167 -1.080996
0.414331 -0.416962 -1.049252 -0.340193 0.325608 0.798207 -0.477139 0.115425 0.794930 -0.317447
-0.841474 -0.420088 -0.547482 -0.375244 0.726152 0.057194 0.286295 -0.037724 0.517998 -0.779751
-0.261626 -0.940065 -1.345079 -0.401025 0.259707 -0.096857 -0.292777 -0.002451 0.701903 -0.916284
0.290573 -0.641531 -1.013414 -0.406150 0.654392 -0.624471 -0.665530 -0.068400 -0.810561 -0.734644
-0.645334 0.052836 -0.709300 -1.180597 0.786691 0.165581 -0.249310 -0.700278 0.456956 0.227549
-0.079374 -1.116242 -0.324970 -0.460786 -0.027087 -1.232955 -0.773594 0.433974 -0.408879 0.628270
-0.293811 -0.087512 -1.464515 -0.796291 -0.112435 0.024986 -0.177148 0.247218 0.850161 -0.622199
-0.895029 -0.341410 -0.500992 -0.279074 0.397060 -1.181330 -0.361228 0.358948 0.080712 -0.600792
-0.524942 -0.481513 -0.790233 -0.198548 0.536729 0.395281 -0.023228 0.879995 0.659556 -0.473608
0.381688 -0.014503 -1.481171 -0.726997 -0.265265 -0.081761 -0.838527 -0.647491 -0.293494 -0.381334
-0.469906 -0.203649 -1.603281 -0.623970 0.038497 -0.156982 -0.167171 0.661307 1.081374 -0.666354
0.950538 -0.576338 -0.708810 0.006726 -0.095162 -0.634073 -0.589486 -0.655433 0.071279 0.017179
0.675835 -0.564411 -0.874943 0.579467 -0.669412 -0.595833 -0.981068 -0.517371 0.084938 -0.773719
0.391591 -0.140812 -1.006340 0.158493 0.805961 0.052878 -1.052363 -1.141833 -0.257961 0.166183
0.334195 -0.498626 -1.717062 -0.129276 0.609384 -0.207678 0.264725 -0.414528 -0.104217 -1.268780
-0.657170 0.189938 -1.503528 -0.520216 0.075583 -0.565542 0.272758 1.310132 -0.362666 -0.913404
-0.152081 -1.001391 -1.249571 -0.561157 0.588210 0.199248 -0.039275 -0.509533 0.950051 -0.482316
0.121215 -0.107099 -1.000888 -0.880804 0.133584 -0.263891 -0.529112 -1.012178 -0.439837 -0.678482
-0.349548 -0.048564 -1.030893 -0.525012 0.566878 -0.249351 -0.560516 0.360514 0.563785 -0.481810
0.292272 -0.691399 -0.958613 0.096540 0.679660 0.069855 0.031043 -0.873649 -0.392340 -0.539417
-0.048509 -0.996246 -1.655754 -0.171413 0.302405 -0.297392 -0.578457 -0.289559 0.044827 -0.441658
-0.046257 -0.210847 -1.435976 -0.625678 0.817296 0.297325 -0.416240 0.053052 -0.351380 -0.649236
-0.350534 -0.418901 -1.503209 -0.547591 1.020505 -0.154369 -0.485766 0.251654 0.380762 -0.144168
-0.305416 -0.553166 -1.094359 -0.222649 -0.279104 -0.072953 -0.375639 -0.963076 0.771959 -0.802312
-0.064406 -0.325547 -0.832775 -0.085314 0.348162 0.053296 0.276010 -0.465413 0.103359 -0.953286
-0.134987 -0.499876 -0.630599 -0.779440 1.062262 -0.211003 0.064136 -0.345540 -0.027034 -0.775472
-0.121368 -0.284952 -1.475536 -0.636152 -0.121112 -1.491491 0.079292 0.204852 -0.281504 -0.955328
0.215693 -0.692845 -1.602125 -0.533968 -0.011283 0.332416 -0.337189 -0.746420 0.676203 -0.634596
-0.657763 -0.384677 -1.087482 -1.145468 -0.122606 0.628164 -0.330544 0.007944 0.982552 -0.415908
-0.238173 -0.788464 -1.175323 -0.473846 0.371872 0.424783 -0.082658 -1.148597 0.522808 -0.465187
0.033419 -1.103953 -1.302394 -0.200546 0.191567 0.348607 -0.268790 -0.803419 0.155602 -0.695680
-0.166760 0.024692 -1.491295 0.151643 -0.234458 0.238024 -0.274793 0.281164 0.767035 -0.891101
0.272791 -0.524580 -0.952043 -0.414365 0.275618 -0.202096 0.161285 -0.846820 0.095884 -1.126214
-0.024940 -0.506006 -1.145224 -0.746604 0.640350 0.229499 -0.460096 -0.557249 0.292918 -0.689322
-0.032623 -0.716586 -1.401779 -0.784786 0.124946 0.113136 -0.118877 -0.545081 0.350125 -0.634070
-0.045909 -0.181775 -1.655971 -0.802386 -0.015740 -0.027740 -0.339543 -0.244170 0.747444 -0.463077
0.181688 -0.669176 -0.087750 0.187154 0.437963 -1.057326 -0.210433 0.019353 -0.239360 -0.530086
0.297337 -0.713998 -1.133102 0.094331 0.433749 -0.038964 -0.053729 -0.695547 -0.146446 -1.253694
0.191178 0.204673 -1.694145 -0.143414 0.196728 -0.343274 -0.482571 0.145126 -0.162373 -0.655429
0.279662 -0.788080 -1.684738 -0.161093 0.531833 -0.425248 0.001048 -0.532369 -0.127418 -0.900385
-0.487811 -0.482015 -1.523676 -0.708849 0.180510 0.446723 -0.921513 0.299600 0.799380 -0.772324
0.062798 -1.074977 -1.539841 -0.305426 0.053414 0.027791 -0.348937 -0.547276 0.789861 -0.730331
0.131759 -1.134208 -1.339018 -0.230671 0.063774 -0.590792 0.220221 0.139596 0.526647 -0.375165
0.585187 -0.580919 -0.935897 0.398802 -0.376474 -0.562189 -0.439217 -0.291053 -0.047382 -0.631266
0.253381 -0.988802 -1.012075 -0.644514 0.401094 0.124088 -0.213942 -1.022550 0.196640 -0.331338
-0.121305 -0.544473 -1.042140 -0.698077 -0.209077 0.441917 0.263113 -0.907436 0.137238 -0.506382
-0.579358 -0.084466 -0.812182 -0.725562 0.292845 0.224380 -0.880110 0.070767 1.108544 0.243104
-0.538845 -0.644959 -1.310682 -0.660030 0.623831 0.383742 -0.167468 -0.908347 0.138460 -0.569977
0.075975 -1.092593 -1.107057 -0.582407 0.131013 0.505016 -0.370454 -0.941128 0.361450 -0.359952
-1.076701 0.090684 -0.789485 -0.898134 0.903847 -0.564454 0.419929 0.200008 -0.341123 -0.497479
-0.690833 -0.181289 -1.104329 -0.582481 0.240556 -0.249026 0.234271 0.450505 0.277895 -0.456356
-0.230482 0.546506 -0.838055 -0.396666 0.604141 -0.519820 -0.395864 0.067219 0.500016 -0.347424
-0.652947 -0.040476 -1.043069 -0.797501 0.967369 -0.012182 -0.395376 0.750419 0.549698 -0.764809
-0.757871 0.297929 -0.656493 -0.421015 0.512546 -0.021630 -0.076900 -0.102091 0.556281 -0.484475
-0.047763 -0.537404 -1.467300 -0.605737 0.027729 -0.291292 0.091532 0.001253 0.593255 -0.838612
0.473675 -0.743506 -1.419224 0.029830 0.084811 -0.783690 -0.449485 -0.483382 0.435790 -0.849223
0.053468 -0.003566 -1.618769 -0.750352 0.455727 0.298568 -0.768786 -0.352994 0.141533 -0.791529
-0.236841 -0.648311 -0.745721 -0.264654 1.047772 -0.011527 -0.933864 0.600714 -0.328120 -0.297679
-0.583378 -0.343879 -0.685127 -0.240766 0.584742 0.178308 0.335455 0.553399 0.894244 -0.379866
0.160180 -0.844543 -1.115657 -0.334242 0.687015 -0.893777 -0.164455 0.714613 -0.010247 -1.073248
-0.777745 -0.188438 -0.563394 -1.041821 0.171333 -1.063978 -0.056392 -0.147485 -0.389473 -0.431866
-0.699752 0.253636 -0.530580 -0.352481 -0.301306 -0.491987 -0.000937 0.261294 0.349361 -0.798927
-0.835311 -0.274035 -0.304080 -0.510066 0.362890 -1.166454 -0.184551 0.398787 -0.541602 -0.845646
0.132184 -0.368943 -1.113893 -0.389128 0.944956 -0.095102 -0.069812 0.628496 0.093517 -0.571974
-0.852199 -0.226596 -0.677707 -0.380326 0.745905 -0.032961 0.481168 0.422017 -0.156265 -0.726935
-0.372116 0.161385 0.434178 -0.139636 0.712319 -0.429722 0.186679 -0.238141 -0.023032 -0.094165
-1.045794 -0.317138 -0.338600 -0.804306 1.084877 0.039771 0.247698 0.235612 0.426336 -0.309887
-0.261592 -0.506484 -1.030867 -0.579310 0.535098 -0.037537 -0.004441 0.386677 0.292708 -1.222693
0.030885 -0.718374 -0.768642 -0.314965 0.857913 -0.932147 0.234544 -0.193379 -0.795857 -0.691464
-0.255528 -0.174750 -1.007798 0.096524 -0.047544 0.599757 -0.770637 -0.188054 0.056649 -1.238309
-0.083027 -0.309267 -1.181881 -0.771650 0.464675 -0.571259 -0.462388 0.616542 -0.035650 -0.830658
-0.374564 0.302364 -0.409805 -0.954770 0.151589 -0.207471 -0.181744 -0.621151 -0.303214 -0.691097
-0.372866 -0.417661 -0.489651 -0.150767 0.782019 0.113152 0.419295 -0.598457 -0.228799 -0.399114
-0.623171 -0.108671 -1.360990 -0.656539 0.809200 -0.565944 0.150660 0.727153 -0.384422 -0.789501
0.228262 1.006184 -1.175647 -0.388982 0.445789 -0.390811 -0.154447 -0.164275 -0.815448 -0.405631
-0.632067 -0.044347 -0.013207 -0.393918 0.337204 0.603476 -0.232895 -0.159960 0.504380 -0.249158
-0.706466 -0.411166 -0.881113 -0.890773 0.090567 -0.480395 0.811376 -0.164272 -0.413688 -0.778044
0.282318 -0.084223 -0.139007 0.113148 0.915342 0.022460 -0.639796 -0.712565 -0.866078 0.367855
-0.094384 -0.315974 -0.564548 -0.109833 0.368702 0.346917 -0.731516 -0.762242 -0.525854 0.136035
-0.518262 -0.256552 -0.995663 0.163982 0.112843 -0.121122 0.590257 -0.021797 -0.102774 -0.829230
-0.227324 -0.834562 -1.184758 0.186359 -0.608202 0.052490 0.412182 0.046290 -0.351478 -0.854170
0.505997 -0.527161 -0.719866 -0.055270 -0.040514 0.126996 -0.505963 -0.082190 0.203861 -0.848082
-0.704556 -0.798409 -0.597610 0.456103 0.073849 -0.280593 -0.599905 0.447612 -0.376901 -1.244831
0.024998 -0.424310 -0.986234 -0.419732 0.405089 -0.293697 -0.269026 0.214037 -0.481116 -0.731540
-0.882613 -0.331984 -0.785741 -0.314842 0.549232 0.152492 0.641488 0.437494 -0.067090 -0.710994
-0.410725 -0.966155 -1.360585 -0.004540 -0.032089 0.311326 -0.064002 -0.107084 0.359437 -0.674114
0.010601 -0.513676 -0.354652 -0.425471 0.821847 -0.034149 -0.411080 -0.379193 0.274844 -0.853764
0.088742 -1.006399 -1.309334 -0.613797 0.872572 -0.472652 0.365359 -0.308280 -0.287966 -1.293745
-0.211664 -0.311963 -0.615871 -0.840585 0.717810 0.612719 -0.205388 -0.010441 0.363099 -0.205869
0.165180 -0.563424 0.060345 -1.137131 0.485890 0.254929 -0.681972 -0.537665 0.335441 -0.370216
0.082091 -0.678403 0.065718 -0.547424 0.323427 0.464363 -0.238386 -0.024907 0.097585 -0.254700
-0.576247 0.764452 -1.428199 -0.664031 0.767841 -0.084227 0.183321 0.908516 0.251889 -0.446104
0.126448 0.052874 -0.949779 -0.594350 0.524698 0.531595 -0.045807 0.251428 -0.274309 -0.669202
-0.680916 -0.388542 -0.348140 -0.956330 0.309864 0.190944 -0.231471 0.261521 0.847634 -0.639512
-0.180765 -0.378190 -1.221499 -0.136563 0.217944 0.421177 -0.183127 0.773981 -0.341977 0.059117
-0.270062 0.410319 -1.458183 -0.747629 0.194266 0.360082 -0.111580 0.459504 0.130288 -0.414539
-0.195071 0.577091 -0.583817 -0.509670 0.186865 -0.319073 -0.582951 0.348856 0.109986 -0.572335
-0.469733 0.034396 -0.427486 -0.192919 0.045575 0.233221 -0.283161 0.318072 0.744138 -0.370677
-0.501157 0.441616 -0.681463 -0.922542 0.719272 0.647192 -0.123144 0.740467 0.678829 -0.759755
-0.157580 0.906344 -0.499402 0.514184 0.296656 0.131050 -0.232945 0.605440 -0.112100 -0.401411
-0.053498 0.539954 -1.287251 -0.418228 0.422054 0.630775 -0.539633 1.089320 0.630327 -0.445794
0.388767 -0.294368 -0.693282 -0.194369 0.370100 0.199954 -0.366731 -0.030613 -0.141398 -0.190870
0.052064 0.147236 -1.026724 -0.644875 0.240510 0.253072 0.003358 0.430601 0.331710 -0.523423
-0.324737 0.266459 -0.663202 -0.878508 0.413750 0.577479 -0.330572 0.277381 0.887461 -0.025659
0.140646 -0.284492 -1.651186 -0.446241 0.160716 -0.072026 -0.487834 0.835738 0.262726 -1.050505
0.278284 -0.386790 -0.806041 -0.276912 0.975066 -0.141726 -0.182491 -0.857720 0.265460 -0.825753
-0.538124 -0.034389 -0.768435 -0.741460 0.065485 0.304574 0.227170 0.531468 0.355669 -0.058921
0.113002 -0.010860 -1.465730 -0.605194 1.178658 -0.295638 -0.404748 0.808289 0.533790 -0.580202
-0.646792 0.087183 -0.854255 -0.964871 0.116309 0.688566 -0.083021 0.675314 0.828519 -0.107539
-0.221936 -0.331762 -1.273927 -0.303605 0.895360 -0.273357 -0.133208 0.683054 0.389846 -0.642838
-0.524422 0.338963 -1.564651 -0.454242 0.029549 -0.287995 0.381533 0.427812 0.162625 -0.948995
-0.808032 0.010116 -1.031857 -0.511504 0.084532 -0.496136 0.151558 -0.184757 -0.146072 -0.777598
-0.168409 0.729162 -1.560896 -1.394455 0.541347 -0.023771 -0.482103 0.425969 0.458923 0.012084
0.067940 0.782081 -1.467934 -0.694686 0.584870 0.011586 -0.361834 0.434449 0.379677 -0.112034
-0.391363 0.123690 -0.372349 -0.270660 0.010100 -0.478672 0.597695 -0.604868 -0.867293 -1.131455
-0.852627 0.573181 -0.970133 -1.080595 1.012427 -0.041152 -0.090746 0.054690 0.451045 -0.556575
-0.943601 -0.674026 -0.513762 0.358890 -0.330397 -0.591016 -0.061836 0.273597 0.738729 -0.944710
0.000633 -0.143238 -1.531272 -1.130825 1.340335 -0.665392 0.185666 0.614897 0.456151 0.071220
0.113023 -0.222026 -1.074204 0.040264 0.152625 -0.288712 -0.284302 0.613750 0.242779 -0.141618
-0.518821 -0.681182 -0.129547 0.177036 0.243029 -0.159637 -0.002663 0.409438 0.159036 -0.928446
-0.057371 -1.089239 -0.059744 -0.075454 -0.149598 -0.363157 -0.270920 -0.067863 -0.083847 -1.304441
0.308903 -0.461333 -1.113552 -0.847425 0.027438 0.046413 -0.278595 -0.191346 0.447675 -1.071492
-0.697951 0.042162 -0.827994 -0.316294 0.239090 -1.010209 0.282960 0.054821 0.335329 -0.788930
-0.532051 -0.766984 -0.656154 -0.612524 0.401427 -0.173774 -0.656170 -0.278297 -0.240937 -0.092158
-0.063649 -0.685605 -0.838615 -0.227081 0.949019 -0.478245 -0.356314 0.597852 0.217513 -0.850405
-0.581487 -0.505801 -0.710400 0.092604 0.426231 -0.779409 0.100978 0.610936 0.079758 -1.128443
-0.266713 -1.177719 -0.562177 0.359229 -0.301395 -0.214142 -0.178589 -1.147369 -0.222575 -0.568214
0.053804 -0.499073 -0.798858 -0.176504 0.636700 -0.313575 -0.184571 -0.189777 -0.441717 -0.818357
-0.191023 -0.200095 -1.062807 -0.007810 0.669982 -0.064626 -0.784401 1.028162 0.359127 -0.802186
0.116480 -0.431568 -1.487008 -0.881117 0.609871 -0.403308 -0.873357 0.026596 0.635486 -1.023447
-0.660994 -0.187262 -1.213392 -1.087349 1.388415 0.104967 0.206076 0.559506 0.289821 -0.854973
-0.627972 -0.766442 -0.585842 -0.546190 -0.065821 0.279352 0.144636 0.019703 0.634219 -1.088450
-0.167079 -0.857134 -0.023539 -0.333376 0.071734 -1.130129 0.428315 -0.848590 -0.866067 -0.906679
-0.225692 -0.652927 -1.366904 -0.420986 0.352353 0.083450 -0.475882 0.613180 0.427585 -0.573874
-0.317105 -0.541094 -0.015235 -0.102022 0.724536 0.071086 -0.377002 -0.423272 0.383002 -1.129264
-0.623171 -0.108671 -1.360990 -0.656539 0.809200 -0.565944 0.150660 0.727153 -0.384422 -0.789501
0.228262 1.006184 -1.175647 -0.388982 0.445789 -0.390811 -0.154447 -0.164275 -0.815448 -0.405631
-0.956297 0.072153 -0.528221 -0.406412 0.777692 -0.182557 0.274796 -0.131166 -0.003961 -0.331332
-0.347368 -0.672904 -0.324953 -0.516193 0.378897 0.720696 -0.204446 -1.249275 -0.214143 -0.052682
-0.760622 0.642703 -0.722938 -0.709900 -0.094264 -0.235397 -0.049188 -0.562913 -0.060740 -0.289850
0.227078 -0.564812 -1.194424 -0.481297 0.500819 -0.035743 -0.216976 0.037168 -0.067854 -0.430343
-0.261626 -0.940065 -1.345079 -0.401025 0.259707 -0.096857 -0.292777 -0.002451 0.701903 -0.916284
-0.284790 -0.373872 -1.303797 -0.581634 0.251236 -0.361622 -0.513196 -0.374382 1.042257 -0.147468
0.187393 0.151810 -1.520473 -0.662894 0.944301 0.507528 -0.529590 0.960594 0.138032 -0.172061
-0.063559 -0.511525 -0.714716 -0.509971 0.136677 -0.688691 -0.130747 0.270223 0.479788 -0.263948
0.030411 -0.255230 -0.634596 -0.541874 0.507762 0.157867 -0.061417 0.148317 0.366905 -0.336268
-0.571417 -1.332317 -0.550808 0.003847 -0.066717 -0.641096 0.381927 0.433274 -0.059768 -0.658443
0.325505 -1.069000 -1.074595 0.167506 -0.008346 -0.306146 -0.923196 -0.277092 0.744324 -0.078038
0.165988 -0.959007 -0.804551 0.182042 0.234792 -0.070604 0.118004 -0.856972 -0.154232 -0.778716
-0.371945 -0.807288 0.398907 -0.420523 0.070144 0.055953 -0.600920 -0.024663 0.604759 0.231142
-0.402996 -0.436175 -0.909652 -0.501275 0.441699 -0.115940 -0.368428 -0.441320 0.073509 -1.210985
0.810968 -0.162478 -1.545864 -0.461600 -0.273932 0.261382 -0.932572 0.249388 0.482539 0.156742
0.897278 -0.130064 -1.532829 -0.483465 -0.099919 0.314556 -0.871805 0.436593 0.653821 0.148917
1.068220 -0.740200 -1.425207 -0.053277 -0.405814 0.259276 -0.745981 0.051942 0.833733 0.004747
0.963941 -0.148428 -1.572760 -0.418594 -0.118731 0.330383 -0.849121 0.452258 0.730585 0.230704
1.056074 -0.201653 -1.553931 -0.339291 -0.136375 0.410789 -0.836307 0.490498 0.795053 0.286861
0.636878 -0.538082 -1.510083 -0.509232 0.072812 0.138228 -1.142646 0.317326 -0.222879 -0.231134
0.909095 -0.156395 -1.693508 -0.406344 -0.264905 0.358189 -0.666040 0.530893 0.560490 0.392410
0.793734 -0.116116 -1.376380 -0.483792 0.012135 0.417322 -0.987638 0.405054 0.563469 0.005490
0.944917 -0.185763 -1.690985 -0.482329 -0.428133 0.466918 -0.706953 0.242349 0.376103 0.449824
1.001979 -0.313224 -1.658323 -0.136846 0.116845 0.211415 -0.739427 0.312086 1.008238 0.039114
0.674859 0.324429 -1.088590 -0.874857 0.504632 0.242146 -0.891738 -0.168410 0.686557 -0.118171
1.027152 -0.667506 -1.454928 -0.453660 -0.024448 -0.316034 -1.060823 0.525189 0.376229 -0.055841
0.943381 -0.024542 -1.602397 -0.565996 0.088500 0.309006 -1.003612 0.117565 0.572187 -0.087802
0.686087 -0.363912 -1.202620 -0.346125 -0.546889 -0.016407 -1.194189 0.043030 0.332767 -0.062129
0.656264 -0.208432 -1.613704 -0.781579 -0.112903 0.529678 -0.841537 0.270065 0.577805 0.267429
0.795853 -0.303367 -1.291669 -0.315772 -0.129250 0.245525 -0.989545 0.430618 0.529185 -0.028871
0.931326 -0.169539 -1.452424 -0.482171 -0.204068 0.418657 -0.934724 0.408043 0.639565 0.132726
0.711612 -0.390341 -1.319101 -0.344792 -0.220717 0.263105 -0.947823 0.387420 0.550888 0.148753
0.748110 -0.317590 -1.202823 -0.400954 -0.234412 0.298099 -0.869656 0.506606 0.418403 0.095006
1.204292 -0.329761 -1.548736 -0.042014 0.116839 0.484842 -0.733736 0.876545 1.175590 0.346921
1.039363 -0.241701 -1.510786 -0.495621 -0.460185 0.299932 -0.777771 0.042194 0.531573 0.208313
0.756881 -0.307009 -1.504214 -0.490116 -0.352115 0.208683 -1.104327 0.072385 0.155037 0.147255
0.879448 -0.193636 -1.501705 -0.363420 -0.193382 0.266532 -0.933029 0.383111 0.633693 0.182128
1.003042 -0.178147 -1.607318 -0.359586 -0.075328 0.398661 -0.856737 0.507924 0.854088 0.220412
0.897215 -0.465812 -1.530074 -0.304447 -0.557574 0.446623 -0.882222 0.088360 0.402389 0.381874
0.867534 -0.198923 -1.667451 -0.361544 -0.383255 0.520762 -0.668001 0.138535 0.276113 -0.092689
1.131602 -0.430186 -1.814848 -0.313540 -0.235649 0.592246 -0.904807 0.522012 0.834095 0.201249
1.061793 -0.231657 -1.796332 -0.402932 0.032205 0.596302 -0.634768 0.491117 0.735459 0.620256
0.931885 -0.277298 -1.528472 -0.261988 -0.051004 0.507336 -0.706598 0.649881 0.896965 0.673992
0.715482 -0.125803 -1.653733 -0.565825 -0.206324 0.327852 -0.658072 0.450613 0.421033 0.411768
