-0.074628 -0.801130 -0.670905 -0.286537 1.158841 -0.381308 -0.097187 -0.196142 -0.022267 -0.371967
-0.076559 -0.474428 -0.718398 -0.209934 1.019898 0.036207 -0.923719 0.323435 0.315713 0.051257
0.292688 -0.744311 -1.465418 -0.200979 0.245737 -0.249150 0.499209 -0.450449 0.253299 -0.550299
-0.110625 -0.965961 -0.423733 -0.283139 0.253729 -0.728428 0.198984 0.259772 0.351763 -0.650645
-0.194685 0.171650 -0.812598 -0.437748 0.483984 -1.100225 -0.185990 0.369073 -0.353331 -1.022427
-0.644128 0.210444 -0.313545 -0.077385 0.691246 -0.271496 0.378548 0.246924 -0.049716 -0.518804
0.136332 -1.021697 -0.825187 0.087662 0.034162 -0.609109 0.460226 -0.719407 0.232246 0.210829
0.638125 -0.170190 -1.791358 0.029866 0.182047 0.182135 -0.127330 -0.063055 -0.020072 -0.315610
-0.161398 -0.361434 -0.871586 -0.650770 0.540897 -0.246228 -0.085274 -0.078637 0.539028 -0.930479
-0.421438 -0.335046 -0.785231 -1.011282 0.557202 -0.795844 0.450993 -0.343400 -0.105515 -0.254225
0.569866 -0.975041 -0.793513 -0.082684 0.161264 -0.579517 -0.067633 -0.282617 0.270342 -0.138782
0.298766 -0.934230 -0.975445 0.123680 0.819974 0.321860 -0.380542 -0.253411 -0.236592 -0.961951
-0.780294 -0.322868 -1.008025 -0.660004 0.881193 0.119323 0.412546 -0.003518 -0.285862 -1.046527
-1.235068 -0.499800 -0.306901 -0.395653 0.390349 -0.612345 0.810887 0.056628 0.086671 -0.753861
0.210743 0.412265 -0.649766 -0.759065 1.127783 -0.313659 -0.464288 0.179936 0.701151 -0.317967
-0.473861 -0.270176 -0.784360 -0.244314 0.137957 -0.249906 0.255077 -0.617905 -0.109629 -0.275368
-0.111215 -0.713331 -1.217044 -0.019761 0.249958 -0.425698 0.584162 -0.290354 -0.390247 -0.859858
-0.601491 -1.290217 -0.892121 0.001219 0.353665 -0.217409 -0.119056 0.372230 0.884676 -0.597868
-0.369252 -0.716506 -1.471925 0.069967 0.223393 0.336005 -1.134063 0.378248 0.494597 -0.255289
-0.524018 -0.192185 -0.248250 -0.017616 0.724908 -0.153206 -0.035341 0.365492 0.003901 -0.750416
-0.524843 -0.040106 -0.936019 -1.000507 0.174070 0.256151 0.201050 -0.521846 0.659486 -0.445671
-0.101985 -0.943326 -0.688078 0.143413 0.316918 0.165487 -0.338565 -0.568645 -0.568807 -0.055124
-0.063424 -0.584633 -0.867241 -0.561324 -0.206971 -0.589567 -0.224304 -1.157591 0.738169 -0.081406
-0.264616 -0.193268 -1.008462 -0.643974 0.902526 -0.444117 -0.773465 0.050931 0.616524 -0.425543
-0.482904 -0.308594 -0.234671 -0.815524 0.668142 -0.089919 -0.223011 -0.315257 0.272919 0.260818
0.343701 -1.541946 -0.756278 0.046205 -0.119355 -0.714839 -0.132793 0.266191 -0.068794 -1.099684
0.248949 -0.845423 -0.838994 -0.696320 0.630236 0.056406 -0.204679 -0.236030 0.004162 -0.300076
0.350363 -0.924572 -0.787175 0.054320 0.236895 -0.477399 -0.337015 -0.408506 -0.616708 -1.067804
-0.019015 -0.746417 -1.270869 -0.504190 0.716491 -0.362076 -0.067040 -0.128184 0.205197 -0.679877
-0.170726 -0.038315 -1.267276 -1.054807 0.766575 -0.365045 -0.664229 -0.713018 0.148900 -0.129106
-0.130827 -0.562261 -0.271154 -0.753150 0.697056 -0.024093 -0.059623 -0.788588 -0.591873 -0.666388
0.475226 -1.046582 -1.486827 -0.715953 0.090187 -0.957148 0.476009 -0.849892 -0.111252 -0.516965
0.859017 -1.139955 -0.417452 0.466208 0.111279 -0.413625 -0.252234 -0.916063 -0.031446 -0.540979
0.532619 -0.310988 -1.455760 -0.717574 0.316877 -0.173414 -1.302181 -1.111256 0.113262 -0.287214
-0.061923 -0.857672 -1.088336 -0.645842 0.119453 -1.123553 -0.391994 0.042945 -0.560428 -0.605423
-0.206062 -1.080996 -0.603830 0.155221 -0.148543 -0.310743 -0.047111 -0.554437 0.180294 -0.552937
-0.066437 -0.638571 -1.927769 -0.584419 0.402856 -0.281118 -0.395232 -0.118376 0.866471 -0.668048
-0.523082 0.214274 -1.371976 -0.418945 0.400146 -0.086891 -0.029813 -0.155123 0.384842 -1.085664
-0.042612 -0.692051 -1.349369 -0.566990 0.133594 -0.056953 -0.411891 -0.352966 0.508448 -0.525165
0.062971 -0.475871 -1.788161 -0.462296 0.093249 -0.051070 -0.121917 -0.158535 0.614131 -0.948688
0.022357 -0.629841 -1.772457 -0.390361 0.604754 -0.182825 -0.117822 -0.284516 0.858247 -1.122607
0.036993 -0.570494 -1.692243 -0.632236 0.179722 0.247803 -0.709699 0.155103 0.364225 -0.402643
-0.185758 -0.232913 -1.712217 -0.868656 0.647477 0.083359 0.284601 0.238766 0.525042 -0.600669
-0.140217 -0.742102 -1.355070 -0.691422 0.689009 -0.022476 -0.024598 -0.204944 0.679161 -0.365353
-0.109542 -1.064861 -1.285008 -0.397274 0.749398 0.221998 0.049915 -0.176981 1.026247 -0.597244
-0.022521 -0.264098 -0.541661 0.068087 0.953004 0.287173 -0.367474 0.318300 0.686919 -0.457408
0.025442 -0.822678 -1.450018 -0.664696 0.348290 0.304689 -0.198883 0.150870 0.710193 -0.343023
0.179201 -0.213785 -0.261668 -0.181077 0.755989 0.450345 -0.266844 0.282575 0.011166 0.138939
0.054844 -0.912149 -1.720554 -0.475537 0.223564 0.207911 -0.394301 -0.653079 0.743016 -0.450055
-0.204081 -0.897880 -1.275755 -0.591181 0.184939 0.611055 -0.321776 -0.379310 0.631945 -0.446351
0.023444 -1.237424 -1.402713 -0.408774 -0.066327 0.343945 -0.620769 -0.312705 0.927920 -0.527581
0.239612 -0.933758 -1.554926 -0.470164 0.170699 0.051828 -0.291772 -0.714835 0.614327 -0.394410
-0.031262 -1.021149 -1.524908 -0.610529 0.163616 0.365720 -0.237089 -0.464896 0.088443 -0.521571
0.069742 -1.064636 -1.475498 -0.374351 0.443453 -0.113043 0.071340 -0.527093 0.606373 -0.738063
0.000570 -1.113753 -1.570160 -0.374839 0.252461 0.139120 -0.048230 -0.389502 0.959552 -0.770471
-0.122551 -0.861084 -1.516247 -0.588983 0.338343 0.096201 -0.280939 -0.551280 0.842632 -0.817178
0.100134 -0.632113 -1.692272 -0.655820 -0.021042 0.227416 0.046550 -0.184961 0.784042 -0.407731
-0.076532 -0.484026 -1.297969 -0.666206 0.526148 0.162861 -0.257994 -0.596331 0.656269 -0.414459
0.216992 -0.750463 -1.398232 -0.344126 0.017997 -0.007629 0.228750 -0.851457 0.315655 -1.051535
-0.239351 -0.648303 -1.057662 -1.069563 0.129989 0.233779 -0.058221 -1.020402 -0.234887 -0.013563
0.364117 -1.060885 -1.487944 -0.436168 0.206680 0.020388 -0.446107 -0.537945 0.830306 -0.370837
0.017565 -0.392812 1.083715 0.122101 0.820973 -0.289396 0.368509 -0.382939 -0.043366 0.157328
0.179304 -0.314106 0.346891 -0.269527 0.982969 0.251237 0.303206 -0.382743 -0.179654 -0.456098
-0.605772 0.297973 -0.197961 -0.043563 0.496013 -0.224851 0.324323 0.065641 -0.249686 -0.315732
-0.563301 0.290009 -0.239378 -0.079118 0.384302 -0.186380 0.347560 0.043252 -0.271987 -0.249422
-0.887552 0.436636 -1.512499 -1.204254 0.427527 0.077153 -0.632297 0.636284 0.388362 -0.636329
-0.622872 0.153428 -0.183180 -0.083109 0.414843 -0.281707 0.348288 -0.112342 -0.245621 -0.344943
-0.129984 0.589362 -1.077242 -0.762475 0.655275 0.829868 -0.719572 0.993186 0.813465 -0.417060
-0.908383 0.470072 -0.559051 -0.877072 1.054823 -0.175348 0.768973 0.400444 0.067875 -0.476258
-0.455040 0.286143 -0.208904 0.012762 0.465352 -0.299627 0.367274 -0.011544 -0.261730 -0.411443
-0.880818 0.297610 -0.264301 -0.440209 0.746450 -0.371463 0.664688 0.072774 0.045152 -0.432344
-0.589426 0.230588 0.026411 -0.058116 0.723472 -0.392737 0.469929 0.105686 0.039642 -0.380182
-0.150195 -0.534692 -0.732537 -0.195256 0.368834 -0.451446 0.668966 0.272012 0.504665 -0.694467
-0.119920 -0.772322 -1.249634 -0.463382 0.207535 -0.319904 0.456305 -0.152369 -0.313400 -0.694759
-0.529880 0.541644 -0.559152 0.264706 0.237870 -0.180752 -0.043793 0.590969 0.112971 -0.333593
-0.176366 -0.633301 -0.434987 -0.147062 0.868977 0.191303 -0.177197 -0.002683 0.117796 -0.295609
-0.440587 0.062447 -1.419829 -1.049116 0.117696 -0.139276 -0.335076 -0.297448 -0.261560 -0.794626
-0.725231 0.733696 -0.978322 -0.238042 0.419231 -0.522247 0.157722 0.655102 0.053254 -0.498727
-0.113688 0.049646 -1.198483 -0.565224 0.872149 -0.035773 0.221785 -0.199610 0.468934 -1.156290
-0.279625 0.089683 -0.802671 -0.685402 0.672248 0.350612 -0.109412 0.690333 0.662228 -0.660940
0.211705 0.569274 -0.886431 -0.610682 0.818950 0.531233 -0.789809 0.764488 0.856754 -0.551128
-0.467548 0.292056 -0.722566 -0.275917 0.773663 -0.587751 0.372249 0.157633 0.392551 -1.159000
0.596327 -0.234554 -1.424644 -0.352373 0.016190 -0.003790 0.091550 0.346457 0.117097 -0.362389
-0.149036 -0.062268 -1.295423 -0.875290 0.600472 0.426363 -0.172559 0.563486 0.921707 -0.530749
-0.482630 0.103271 -1.279302 -0.978773 0.771541 0.262295 -0.020278 0.184433 0.581816 -0.694222
-0.441946 0.381837 -1.124959 -0.764666 0.734503 0.248444 -0.093223 0.892293 0.354559 -0.358815
0.204749 0.081692 -0.432607 -0.654183 0.331435 0.394903 -0.384606 0.129553 -0.071805 -0.400463
-0.178711 -0.328850 0.261662 -0.031524 0.603910 -0.341415 0.420400 -0.343780 -0.095819 -0.160888
-0.341920 -0.384055 -0.442443 -0.401196 1.136549 -0.102701 0.057809 -0.197891 0.435300 -0.233149
0.140270 0.038771 -0.652779 -0.595978 0.589831 0.919803 -0.564190 0.409619 0.087367 -0.014906
-0.319032 0.141494 -0.225018 -0.502614 1.182697 -0.067811 0.267567 0.065370 0.266254 -0.274560
-0.335315 -0.486433 -0.256782 -0.128961 0.372925 0.068274 -0.097834 0.462169 0.132780 -0.350061
-0.094872 -0.226716 -0.437490 -0.470602 0.638059 0.094694 0.054334 -0.020000 0.300885 -0.202284
-0.383829 0.278601 -0.215748 -0.176887 1.178208 -0.094823 -0.054442 0.667652 0.357766 -0.342784
-0.260024 -0.078272 -0.965615 -0.752681 0.135129 0.379571 -0.115311 0.215095 0.326511 -0.430092
-0.079225 0.313087 -0.567983 -0.776349 0.607397 0.340757 -0.173462 0.652275 0.204002 -0.221190
0.086283 0.082518 -0.339754 -0.466156 0.271403 0.408945 -0.385374 0.493097 0.415698 0.009479
-0.213199 -0.161730 -0.392483 -0.389551 0.712266 -0.217072 0.055083 0.453386 0.250885 -0.160417
-0.198037 0.246053 -0.404275 -0.689255 0.813004 0.131705 -0.270344 0.397857 0.458588 -0.201173
-0.411436 0.365881 -0.601227 -0.562372 0.974180 0.309839 -0.056168 0.787668 0.851650 -0.433538
-0.076915 0.198381 -0.702053 -0.466268 0.274823 0.030287 -0.183755 0.871223 0.391782 -0.248992
-0.279592 0.062532 -0.713160 -0.953054 0.566606 0.409816 -0.077926 0.882863 0.568837 -0.325924
0.950837 -0.079881 -1.503045 -0.481797 -0.001510 0.376781 -0.811340 0.532740 0.688265 0.183106
0.624056 -0.397698 -1.240084 -0.299494 -0.568441 0.041264 -0.999129 0.225426 0.184139 0.159856
1.005469 0.057568 -1.616622 -0.551175 -0.011069 0.471050 -0.943692 0.713402 0.758773 -0.065595
0.559718 -0.306495 -1.066867 -0.342638 0.557862 0.189852 -0.563664 0.678749 0.663703 -0.221047
1.299696 -0.034051 -1.003848 -0.161251 0.129976 0.495200 -1.195493 0.529226 1.134578 -0.006744
1.158713 -0.214598 -1.792501 -0.429268 0.077110 0.275842 -0.902104 0.849181 0.833492 -0.066753
0.870509 -0.346555 -1.771612 -0.411410 -0.224671 0.457894 -0.516903 0.238601 0.578109 0.530869
0.879607 -0.000454 -1.418325 -0.572857 -0.016841 0.636355 -0.805129 0.666342 0.522091 0.525951
0.863696 -0.176241 -1.351416 -0.247763 0.150052 0.302252 -0.999238 0.955852 0.822962 0.262398
0.926655 -0.001148 -1.588187 -0.326365 -0.078179 0.370921 -0.704166 0.262767 0.656846 0.014084
0.525291 -0.449863 -1.380009 -0.587305 -0.687511 0.254641 -0.811911 0.241308 0.033589 0.140388
0.629835 -0.109615 -1.609071 -0.416598 -0.139066 -0.194083 -1.020106 0.195285 0.646091 -0.113502
1.064243 -0.331856 -1.469598 -0.389312 -0.313557 0.475274 -0.866180 0.371647 0.648973 0.299224
0.655048 -0.296780 -1.236899 -0.403484 -0.384504 0.203478 -0.940236 0.200325 0.224499 0.038209
0.760018 -0.124080 -1.426702 -0.409901 -0.186649 0.256889 -1.017435 0.397327 0.583463 0.100040
0.911926 -0.174715 -1.669551 -0.502322 -0.301214 0.449445 -0.786341 0.256661 0.483343 0.310234
0.926653 -0.147303 -1.546235 -0.389068 -0.054711 0.330210 -0.866561 0.634852 0.813497 0.237873
0.874156 -0.137756 -1.548116 -0.355411 -0.085611 0.319506 -0.915548 0.642813 0.796841 0.255806
0.772053 -0.167077 -1.603422 -0.361681 0.015825 0.120304 -0.903961 0.519826 0.796797 0.123083
1.091825 -0.356948 -1.584872 -0.301373 -0.204317 0.461766 -0.689708 0.381181 0.710720 0.355240
0.890077 -0.387838 -1.530715 -0.384107 -0.052485 0.088143 -0.842299 0.397659 0.782177 0.130122
1.045477 -0.228909 -1.674357 -0.282110 -0.356494 0.284465 -0.782597 0.159438 0.638919 0.451805
1.004397 -0.331441 -1.332014 -0.333896 -0.136634 0.413006 -0.838039 0.596099 0.593752 0.343494
0.817857 -0.161539 -1.533142 -0.474937 -0.043147 0.324412 -0.826431 0.562018 0.690396 0.313734
1.230559 -0.495742 -1.254856 -0.152810 0.115576 0.398741 -0.307645 -0.282292 0.882732 -0.158897
0.993416 -0.524001 -1.796943 -0.248020 -0.108380 0.150052 -0.394812 0.148096 0.909353 -0.118249
0.843765 -0.232943 -1.590133 -0.537507 0.268864 0.524236 -1.322207 0.566725 0.521173 0.404280
0.632952 -0.323025 -1.464508 -0.328568 -0.071562 0.438039 -1.032616 0.690264 1.241203 0.136519
0.637520 -0.061240 -1.572929 -0.515119 0.107475 0.188610 -0.951853 0.757595 0.919835 0.168237
0.898749 -0.116115 -1.541515 -0.417366 -0.010934 0.285708 -0.838044 0.549772 0.728673 0.203411
0.852310 -0.144643 -1.609295 -0.425402 -0.048144 0.295003 -0.780707 0.432285 0.603766 0.182258
1.142524 -0.633651 -2.005854 -0.580392 -0.651254 0.049204 -0.599916 -0.010789 0.230283 -0.087644
1.107654 -0.126179 -1.768156 -0.267564 -0.312290 0.394534 -0.754285 0.318060 0.719449 0.102348
0.881738 -0.247197 -1.671861 -0.201944 -0.194537 0.270210 -0.949131 0.054268 0.805242 0.009646
0.931446 -0.129631 -1.547268 -0.313190 -0.188840 0.599643 -0.933792 0.323496 0.643718 -0.119063
0.669161 -0.092016 -1.405847 -0.331872 0.130274 0.392267 -0.760542 0.228061 0.912223 -0.008062
0.982824 -0.815127 -1.307477 0.197357 -0.348930 0.063124 -0.788098 0.299629 0.660240 0.041163
1.083898 -0.447767 -1.556180 -0.234971 -0.365500 0.550448 -0.896536 0.647782 0.641869 0.301588
1.084760 -1.342849 -2.020025 -0.396456 -0.033158 -0.088174 0.347391 -0.625877 0.196749 -0.838974
0.602429 -0.340602 -1.512753 -0.513671 -0.116246 0.270830 -0.874434 0.407765 0.457610 0.614983
1.139912 -0.062177 -1.264274 -0.032123 0.163513 0.620730 -1.055519 0.952436 1.175290 0.226050
0.847869 -0.465241 -1.474005 -0.228671 -0.361816 0.222416 -0.985830 0.119873 0.584911 0.099207
1.006218 0.146788 -1.590682 -0.824847 0.195281 0.226444 -0.991866 0.442326 0.973597 0.312086
1.240863 -0.333177 -1.460058 -0.113855 -0.177905 0.520463 -0.831858 0.241194 0.352644 0.233479
0.919305 -0.103994 -1.563713 -0.464096 -0.078253 0.441676 -0.815920 0.604864 0.707223 0.290638
1.108106 -0.372720 -1.584274 -0.281238 -0.369549 0.524333 -0.705939 0.185841 0.559030 0.446572
0.952892 -0.260956 -1.710446 -0.389762 -0.297466 0.393023 -0.765558 0.302804 0.602155 0.365739
0.887375 -0.135708 -1.497849 -0.519878 -0.099228 0.385520 -0.860720 0.514658 0.640642 0.146386
0.872347 -0.071174 -1.496601 -0.438114 -0.060971 0.374064 -0.966021 0.614255 0.784523 0.174682
0.554969 -0.557336 -1.384324 -0.286939 0.169516 0.209113 -0.689531 -0.323524 0.847315 -0.221055
