-0.556877 -0.611233 -1.186737 -0.359510 0.082643 -0.109917 -1.033375 0.404008 0.083541 -0.256838
-0.382032 -0.314975 -1.196866 -0.580627 0.910433 -0.048488 -0.535686 0.781827 -0.099008 -0.566488
-0.613286 -0.201554 -1.118463 0.031443 -0.241746 -0.645055 0.067028 0.258371 0.117904 -1.060403
-0.253297 -0.119490 -1.112562 -0.423517 0.034832 0.023679 -0.188085 0.343718 0.564158 -0.338508
0.169033 -0.551509 -0.978056 -1.363265 0.698877 -0.242313 0.028669 -0.798284 -0.484240 0.158687
-0.013042 -0.496153 -1.363724 -0.516011 -0.230009 -0.402069 -0.438395 0.167541 0.409051 -0.699028
-0.186066 0.482895 -1.498322 -1.017032 0.230032 -0.015040 -0.237151 -0.280551 0.126737 -0.303776
-0.672596 -0.916560 -0.871399 0.552546 -0.185574 -0.574872 -0.677473 0.163628 0.104069 -0.300007
0.506065 0.358318 -1.073544 -0.376027 0.206257 -0.471710 -0.248927 -0.936775 -0.119944 -0.176355
-0.147707 -0.941619 -0.895721 -0.337874 0.355036 -0.720913 -0.378231 0.650735 0.583004 0.200452
-0.163901 -0.527015 -1.339376 -0.463543 0.428068 0.067442 -0.181767 0.192142 0.615559 0.036911
0.226103 -0.068159 -1.520195 -0.287771 -0.283273 0.344353 -0.302772 -0.100575 0.916497 -0.595005
0.224564 -0.279578 -1.525575 -0.059606 -0.295706 0.031991 -0.808259 0.438509 0.903908 -0.283674
-0.818084 0.101080 -0.417339 -0.266548 0.623084 -0.532450 0.593756 0.308716 0.155829 -0.633280
-0.235602 -0.644377 -0.706209 -0.059729 0.176022 -0.629036 0.077321 0.912828 0.248164 -1.131246
-0.182517 -0.207579 -1.694916 -0.837317 0.005481 -0.307395 -0.244585 0.020636 -0.748240 -0.666946
-0.102266 -0.490974 -1.471340 0.087282 0.045358 -0.509955 -0.148048 -0.057425 -0.609441 -1.193215
-0.220796 0.114614 -0.785455 -0.446483 0.658872 -0.856326 -0.306670 -0.629634 -0.126789 -0.676386
0.199448 -1.122706 -1.014351 -0.099064 -0.075863 -0.955331 -0.067131 0.104548 0.205964 -0.993750
0.056513 -0.645241 -1.402712 -0.333914 0.480189 0.004992 -0.241924 -0.610251 0.350250 -0.637115
-0.358451 -0.439670 -0.585352 -0.565785 1.188718 0.598486 0.218831 0.101306 -0.082111 -0.610839
0.355791 -0.889363 -1.522745 -0.498304 -0.306340 -1.136362 -0.795094 -0.805055 0.243965 -1.032950
0.128205 -0.499623 -0.961663 -0.372658 0.557181 -0.524164 -0.099940 -0.598979 0.495504 -1.078566
-0.394942 -0.481435 -1.170791 -0.593026 0.166442 -0.078596 -0.131902 0.373620 -0.410894 -0.595465
0.447902 -1.006457 -0.856419 0.210268 0.257794 -0.250274 -0.652819 -0.415944 -0.314968 -0.892643
-0.426511 -0.258129 -1.163484 -0.598514 0.761122 0.195500 -0.898952 -0.341718 0.290237 -0.201932
0.472435 -0.156795 -0.918874 -0.090612 0.287085 -0.453718 -0.241411 -0.771812 -0.409531 -0.458700
-0.126662 -0.154667 -1.811785 -0.849035 0.256020 -0.243013 -0.607913 -0.168171 0.358537 -0.702141
0.132563 0.142371 -1.388376 -0.610162 0.029593 -0.169203 -0.299742 0.145009 -0.124954 -0.853743
-0.114240 -0.824287 -1.626155 -0.163393 0.254354 -0.502076 0.076708 -0.002238 0.316954 -0.766543
0.166849 -0.244994 -1.636554 -0.597686 0.475352 -0.063804 -0.605009 -0.295730 0.170737 -0.347338
-0.680699 -0.728700 -1.485767 -0.377769 0.006923 -0.692033 0.247590 -0.298047 -0.576480 -0.743389
-0.350156 -0.303601 -1.175492 -0.799214 0.066489 -0.949202 -0.018576 -1.386013 0.574186 -1.098718
-0.009044 -0.296499 -1.189337 -0.380187 0.240250 -0.321990 -1.185190 0.127357 0.401663 -0.681071
0.303528 -0.796533 -1.427451 -0.430957 0.277039 -0.149542 -0.384801 -0.570281 0.844439 -0.657611
0.414660 -1.326166 -0.578474 -0.115555 0.406532 -0.414908 -0.049114 -0.065974 0.120793 0.266957
-0.184372 -0.952330 -0.604489 -0.385659 0.204775 -1.028114 0.295793 -0.242432 0.010055 -0.648668
0.167568 -0.126402 -1.264829 -1.086801 0.726092 0.414383 -0.334665 0.547241 1.326757 -0.678089
-0.304167 -0.043077 -1.432688 -0.461372 0.333480 -0.563990 -0.455208 0.012557 -0.217968 -0.144537
-0.329549 -0.102300 -0.759268 0.153422 -0.521910 -0.334689 -0.280806 0.417796 0.629042 -0.704075
-0.167277 -0.129323 -0.887588 0.314246 0.018791 -0.076366 -0.836336 0.711851 0.794707 -0.514001
0.327664 -0.194835 -1.275711 -0.156098 0.211755 0.330461 -0.692976 -1.449145 0.272178 -0.695696
0.030306 -0.306303 -0.490855 0.587316 0.107704 0.022474 -0.664939 0.478885 0.102500 0.470367
-0.472052 -0.691282 -0.916461 0.245318 0.521010 -0.182847 -0.148570 0.489538 -0.330098 -0.144504
-0.808910 -0.726423 -0.093626 0.265736 0.350546 -0.707788 0.463824 0.036465 -0.347412 -0.981482
-0.680724 -0.424533 -1.004302 -0.030754 0.047234 -0.031544 -0.236536 -0.272153 0.680674 -0.988808
-0.095167 -0.144565 -0.915453 0.003827 0.545366 0.046587 0.388800 0.588284 -0.341400 -0.976811
0.001483 -0.805817 -0.927795 -0.369961 0.380660 0.231151 0.209064 0.631021 0.250040 -0.549210
-0.239861 -0.202129 -1.236138 -0.889636 0.044931 0.210567 -0.186994 0.567850 0.883713 -0.495653
-0.010348 -0.594244 -0.308923 -0.151044 0.534409 0.207339 -0.286326 -0.937454 -1.106591 -0.171437
0.036295 0.136316 -1.537146 -0.213814 -0.151440 0.298432 -0.332073 0.149456 0.089901 -0.267209
0.269900 -1.000962 -0.326941 -0.589652 0.563513 0.153836 -0.104427 -0.726607 -0.794951 -0.137072
-0.242760 -0.075636 -1.290412 -0.066457 0.349535 0.000443 -0.638185 0.037024 -0.097718 -0.233206
-0.019163 -1.123752 -1.259117 -0.301459 0.389792 -0.189228 -0.146119 0.426350 0.117866 -0.808416
-0.602887 0.258318 -1.461856 0.156906 0.493432 -0.378982 -0.630750 0.186166 -0.987758 -0.978537
-0.293571 -0.312397 -0.408917 -0.129218 0.595206 0.222382 -0.071973 0.617230 0.421820 -0.315798
-0.677153 -0.120549 -1.207588 -0.645759 -0.037016 0.073076 0.476681 0.250211 0.053107 -0.622725
0.653761 -0.366062 -1.426249 -0.191796 0.468298 -0.008008 -0.795420 -0.086607 0.024834 -0.825287
-0.066933 -0.418341 -1.054849 -0.424640 0.151142 -0.040078 -0.047317 0.643597 -0.234363 -0.222229
-0.999369 -0.206185 -1.127661 -0.792957 1.317043 -0.318011 0.529926 0.121707 -0.439411 -1.062763
-0.598446 -0.014660 -0.800124 -0.212080 0.356740 -0.478995 0.042288 0.396440 -0.206975 -0.819700
0.093915 -0.915772 -1.390628 -0.124483 0.079616 -0.164159 -0.503667 -0.032479 0.826834 -0.755313
0.285838 -0.844205 -1.217169 -0.499286 0.664731 -0.929062 -0.001273 0.014260 0.495451 -0.966535
-0.298941 0.336008 -0.403327 -0.372506 1.230515 0.460257 -0.059762 0.476059 0.334237 -0.129841
0.107494 -0.936347 -0.913650 -0.955238 0.333322 0.121447 -0.693643 -0.241347 1.190680 -0.210878
-0.081210 -0.118773 -1.050702 -0.863104 1.439186 0.867126 0.057841 0.349571 0.180738 -0.716684
-0.666140 0.325318 -1.558444 -1.350852 0.780832 -0.138601 0.078304 0.500084 -0.336878 -1.035704
0.185862 0.262729 -0.803853 0.045552 0.192488 0.599295 -0.198188 0.141998 0.184290 -0.762852
-0.161389 -1.536469 -0.734438 -0.074303 0.218766 0.422521 -0.493826 0.579606 0.219162 -0.123118
-0.182308 -1.400609 0.034355 0.291166 0.683609 -0.196031 -0.415053 0.280204 0.231442 -0.322562
-0.311417 0.108100 -1.430352 -0.398832 0.700099 0.751731 -0.063006 0.896284 0.380112 0.011047
-0.471976 0.355659 -0.993175 -0.083096 0.412455 0.033674 0.041578 0.276489 0.468391 -0.452632
-0.154855 0.760897 -1.635341 -0.947790 0.557827 0.388999 -0.037134 0.892106 0.593184 -0.502512
-0.306995 0.116009 -1.615212 -0.943137 0.792074 0.333069 -0.085785 0.977977 -0.081766 -0.648839
-0.058556 -0.467258 -1.671362 -0.459583 0.527193 0.421348 -0.718036 0.748966 0.286067 0.007409
-0.006467 -0.546645 -1.710545 -0.869386 0.408393 0.104262 -0.209331 0.593554 0.036008 -0.418968
-0.548579 -0.268173 -1.382526 -1.406834 0.978196 0.214312 -0.414172 0.515188 0.998393 -0.184126
-0.098596 -1.121574 -1.026585 0.001447 0.280886 -0.387181 -0.703748 0.259733 -0.624515 -0.739053
0.261505 -0.560018 -1.061707 -0.237885 0.241427 -0.002009 0.077288 -0.352330 0.273658 -0.489178
-0.137544 0.744906 -1.355996 -0.938238 0.694648 0.296812 -0.442478 0.920252 0.734229 -0.142541
-0.061253 -0.532696 -0.790374 -0.622313 1.140055 -0.043621 0.483053 -0.142173 0.106289 -0.643664
-0.209489 -0.062340 -0.706266 -0.938614 1.514367 0.397711 -0.174304 0.156613 -0.008864 -0.351418
0.208458 -0.147986 -1.280910 -0.532624 0.450718 -0.207003 -0.396773 0.510343 -0.030375 -0.556523
0.343393 -0.905718 -1.486918 -0.577227 0.000921 -0.623774 -0.803335 0.161573 0.278375 -0.796878
-0.160737 0.355481 -1.185728 -0.329822 0.829706 -0.132370 -0.032219 0.236243 0.050658 -0.060636
-0.081483 -0.146445 -1.219454 -0.429531 0.571888 0.708927 -0.217061 0.587178 0.348714 -0.468397
0.200283 -0.539347 -0.766290 -0.812742 0.867920 0.140810 -0.173194 -0.661345 0.017983 -0.226472
0.229477 -0.720419 -1.145651 0.561967 0.588963 0.053864 -0.664839 -0.002158 -0.357506 -0.034971
0.392709 -1.121959 -1.328770 0.105768 -0.236116 -1.326278 -0.196008 -0.123807 -0.062782 -0.573239
-0.341912 -0.359643 -0.475827 -0.075118 0.734042 0.081520 -0.363136 -0.506678 0.179595 -0.575560
-0.382562 -1.051832 -0.739853 -0.616984 0.389998 -0.726739 -0.120647 0.237368 0.309769 -0.274363
-0.390426 -0.705625 -0.781335 0.072299 0.107170 0.121319 -0.032059 -0.539165 -0.648462 -0.721806
0.336821 -0.740309 -0.832996 0.112464 0.569915 -0.515403 -0.846531 0.463870 0.234773 -0.448009
-0.046125 -0.335672 -0.818116 -0.885273 0.312370 -0.398484 0.373074 -0.646623 -0.107622 -0.404279
-0.003847 -1.210916 -0.974007 -0.177839 -0.235937 -0.394808 -0.191375 -0.513943 0.379437 -0.496096
-0.184372 -0.952330 -0.604489 -0.385659 0.204775 -1.028114 0.295793 -0.242432 0.010055 -0.648668
0.036013 -0.072748 -1.648533 -0.749671 0.253926 0.041444 -0.232478 0.140332 0.399991 -0.345699
0.034476 0.060109 -1.138436 -0.598394 0.153607 0.016954 -0.123970 0.280161 0.159519 0.181694
-0.235254 -0.361814 -1.429347 -0.902600 0.689112 -0.531386 -0.550508 0.438311 -0.182964 -0.082458
-0.207543 -0.804960 -0.294300 0.808947 -0.744654 -0.762537 -0.153228 0.156039 -0.133143 -1.270571
-0.526724 -0.165129 -0.332747 -0.445903 -0.253444 -0.568048 -0.520310 -0.085108 0.154467 -0.293838
0.441436 -0.396218 -1.230556 -0.192720 -0.036318 0.132082 -0.370821 -0.901716 0.579655 -0.546789
-0.234504 -0.449944 -0.748938 -0.381452 0.377449 0.501214 -1.194469 0.240434 0.629056 -0.367019
-0.551647 -0.652918 -1.496284 -1.129151 0.607756 -0.477534 0.352010 -0.048720 0.527904 -0.957765
0.727886 -0.932777 -2.122907 0.032616 0.069037 -0.360918 -1.373888 -0.016549 0.164872 -0.089072
-0.358889 -1.042968 -1.520369 -0.187698 0.498317 -0.131755 -0.329283 -0.071682 -0.521479 -0.686432
0.211353 -0.746358 -1.223139 -0.151069 0.606568 -1.065282 0.085099 0.338411 -0.089020 -0.653619
-0.334914 -0.444965 -1.250060 -0.361313 0.060310 -0.845313 -0.463062 0.397692 0.750064 -0.637954
-0.084692 -1.212909 -0.894180 0.188575 0.146326 -0.892276 0.248987 0.596826 0.328534 -0.860168
0.227248 -0.717789 -0.932863 -0.294546 0.024639 -0.216765 -0.511757 -0.773229 0.114517 -0.254095
-0.347773 0.015427 -1.200921 -0.645534 1.171997 0.154458 0.310796 0.336456 0.502758 -0.346214
0.309378 -1.170086 -0.721660 0.129278 0.591296 -0.480630 -0.058501 -0.535049 0.003486 -1.210752
0.255445 -0.999876 -1.340777 -0.487984 -0.033533 -0.259995 -0.440153 0.104090 -0.025983 -0.337788
0.087917 -0.843116 -1.055374 0.396314 0.004186 -0.173893 -0.491365 0.099487 1.259609 -1.241357
-0.042828 -1.421961 -1.555010 -0.108528 -0.228848 -0.340317 -0.559229 0.275520 0.362047 -1.397783
0.330931 -1.356203 -1.244204 0.266383 0.617114 -0.504439 0.421554 -0.641611 -0.536927 -0.321031
-0.287583 -0.334493 -0.635176 -0.412127 0.864163 0.152946 -0.626309 -0.232090 0.025946 -0.287248
-0.024624 0.200954 -1.232037 -0.917151 0.092125 -0.775588 -0.448688 0.459736 0.837289 -0.173587
-0.183700 -0.171168 -1.577472 -1.220359 0.237536 -0.094077 -0.284650 -0.588005 0.639021 -1.401307
0.326510 -0.392276 -1.075972 -0.540411 0.134558 -0.325942 0.132099 -0.520288 0.394840 -0.917797
0.109234 -1.052323 -1.359192 -0.297868 0.231280 -0.072150 -0.532364 0.004911 0.540210 -0.049157
0.133966 -0.254902 -1.610040 -0.686181 0.200034 -0.222424 0.028743 -0.503301 -0.035737 -0.807820
-0.023885 -0.296762 -1.078985 0.064451 0.639731 0.046814 -0.637498 0.277319 0.933690 -0.821789
-0.359877 -0.850676 -0.818872 0.369387 -0.166051 -0.796759 -0.323823 0.002192 0.417649 -0.784463
0.176927 -1.112085 -1.030366 -0.562497 0.302216 0.015719 0.284905 -1.473006 0.178645 -0.734691
0.749121 -0.338823 -0.961311 0.386749 -0.018522 -0.323484 -0.535507 -0.879230 0.411526 -0.446204
0.110458 -0.734551 -0.638081 -0.609631 0.709199 -0.477661 -1.108357 0.118398 0.263509 -0.396546
-0.605543 -0.330425 -0.691629 -0.029272 0.162220 -0.905066 -0.796061 0.223268 0.219964 -0.166024
-0.605466 -0.558598 -0.135839 0.292824 0.053659 -0.941793 0.361583 -0.001164 -0.340133 -0.190444
0.526549 -0.287090 -1.260390 -0.089518 0.195151 -0.177218 -0.503035 0.325390 0.403795 -0.482062
-0.098511 -1.367003 -1.016777 -0.232371 -0.325843 -0.288036 -0.611148 0.160544 0.919884 -0.423143
0.407746 -0.668567 -1.409966 -0.410226 -0.217969 0.440393 -0.506243 -0.479974 0.660218 -0.471650
-0.136597 -0.346338 -1.330870 -0.836502 0.499650 -0.006796 -0.274887 0.077017 -0.084386 -0.442566
-0.434754 0.230742 -1.639007 -0.563088 0.265978 -0.043695 -0.500045 -0.589540 -0.036759 -0.596473
-0.012661 -1.292370 -1.372406 0.180903 -0.609925 -0.768114 -0.903251 -0.093829 0.158163 -0.728696
0.291312 -0.799114 -0.334100 0.191601 0.122401 -0.778213 0.099814 -0.777867 0.423556 -0.291597
-0.116066 -0.732399 -1.378125 -0.241826 0.631771 -0.405366 -0.230046 -0.120744 1.082604 -0.770064
-0.018889 -0.666057 -1.521259 -0.567538 0.430979 -0.099059 -0.117859 0.389058 0.511515 -0.218334
0.101185 -1.312054 -0.850201 -0.204239 0.386877 -0.191762 -0.706683 0.219493 0.164207 0.079482
0.022881 -1.418094 -0.440985 -0.667472 0.472524 0.288617 0.105127 -0.218123 0.358105 -0.615831
0.615998 -0.514655 -1.167885 -0.256267 -0.630860 0.057363 -0.965970 0.071394 0.142695 0.099627
1.268918 -0.226021 -1.491166 0.150709 -0.040624 0.219114 -0.809168 0.294937 1.253536 0.181430
0.708506 -0.137933 -1.597158 -0.799578 -0.182911 -0.100489 -0.886162 -0.058132 0.576756 -0.087038
0.849231 -0.274631 -1.459039 -0.568448 0.143894 0.089567 -0.745393 0.266599 0.564430 -0.215341
1.148503 -0.382040 -1.623875 -0.363923 -0.050580 0.246886 -1.418626 0.346213 0.312251 0.232105
0.757660 -0.417259 -1.297145 -0.462697 0.036205 0.695053 -0.611787 0.628658 0.664338 0.582224
0.931082 -0.254194 -1.432474 -0.415684 -0.067574 0.464052 -0.955501 0.226990 0.607305 -0.183567
1.094719 -0.075409 -1.561940 -0.369309 0.100224 0.405690 -0.698948 0.613159 0.996135 0.292081
0.881779 -0.392862 -1.325137 -0.261233 -0.196353 0.313166 -1.023934 -0.026394 0.662314 0.165003
0.877528 -0.054435 -1.617556 -0.433912 0.038776 0.381218 -0.852980 0.618459 0.789390 0.095975
0.702110 -0.668625 -1.515039 -0.310430 -0.308600 0.007834 -1.247478 0.454576 0.189071 -0.076237
0.899630 -0.322481 -1.769347 -0.350237 -0.296112 0.321624 -0.726128 0.272242 0.623007 0.364657
1.110486 -0.330478 -1.367006 -0.286050 -0.052312 0.314224 -0.938010 0.274014 0.936587 0.026433
1.366940 -0.491433 -1.436200 -0.425328 0.329560 -0.067666 -0.851028 0.658221 0.332525 -0.240946
0.868012 -0.222279 -1.661913 -0.544323 -0.066246 0.222309 -1.000848 0.502957 0.850475 0.047819
1.280526 -0.367939 -1.377964 0.001364 -0.157547 0.487597 -0.752882 0.533098 0.986306 0.352656
0.928743 -0.392073 -1.557513 -0.573813 -0.200601 0.520304 -1.043888 0.036965 0.459098 -0.174143
1.030735 -0.211309 -1.481342 -0.369765 -0.168551 0.453992 -0.909316 0.272718 0.746427 0.244323
1.614275 -0.772881 -1.509967 -0.388528 0.286070 0.032775 -0.972695 0.645752 0.711996 0.313588
1.102992 -0.422960 -1.708030 -0.493692 0.136098 -0.039003 -0.675006 0.499552 0.633844 0.250128
1.064671 -0.185324 -1.409057 -0.476634 -0.161690 0.628263 -0.804014 0.670217 0.687943 0.308937
0.667551 -0.081001 -1.359246 -0.472362 0.049716 0.151892 -0.989343 0.588174 0.602211 -0.018759
0.807655 -0.127350 -1.545984 -0.343950 -0.287332 0.453012 -0.845646 0.328848 0.750304 0.297898
0.977176 -0.580314 -1.636065 -0.244664 -0.109663 0.059188 -0.514214 0.241640 0.847631 0.000712
0.639756 0.028480 -1.519255 -0.371811 0.163458 0.461703 -0.674201 0.076904 0.655023 0.028564
1.170311 -0.442079 -1.516484 -0.159635 -0.144231 0.423028 -0.780186 0.516009 0.978550 0.437069
1.041867 -0.230184 -1.396055 -0.455375 -0.146572 0.468019 -0.973384 0.283275 0.683750 0.081466
0.389453 -0.438199 -1.638183 -0.001092 -0.158719 -0.162722 -0.395499 0.739091 0.337274 -0.436831
