0.700597 -0.781405 -0.284708 0.197643 0.226236 -0.533978 -0.759611 -0.551727 -0.371765 -0.082108
-0.488576 -1.403517 -0.407513 -0.328911 -0.537326 -0.430734 -0.874324 -0.577362 0.697048 -0.452616
-0.470642 -0.530893 -0.520818 -0.243067 0.371063 0.359112 0.026901 -0.460816 -0.028355 -0.048296
-0.028668 -0.213901 -1.648046 -0.609519 -0.012500 0.285921 -0.478719 0.009589 0.830211 -0.336122
-0.325612 0.138577 -1.499672 -1.009238 0.637083 0.215171 0.010690 0.628793 -0.080844 -0.199262
-0.154341 -0.541562 -0.466511 0.079243 0.940621 0.135946 -0.016964 -0.295478 -0.391524 0.169523
0.369847 -1.136970 -0.521238 -0.283022 0.466809 -0.871039 0.340562 -0.525004 -0.273692 -0.701596
0.049124 -0.021140 -1.065101 -0.497215 0.250023 0.200184 -0.669803 0.243462 0.653761 -0.854925
-0.525410 -0.046746 -0.266590 -0.242509 0.745921 -0.311985 0.632675 0.062565 0.224349 -0.383628
-0.144228 -0.421192 -0.693389 -0.345804 0.647000 -0.001072 -0.411923 -0.783925 -0.900056 -0.192033
-0.914405 -0.527055 -0.161458 -0.180638 1.005374 -0.281911 0.697032 0.244259 0.214848 -0.313353
0.120070 -0.764432 -0.262523 -0.076426 0.269214 -0.828220 -0.145118 0.254932 0.229366 -0.973077
-0.225628 -0.890839 -0.856619 0.019613 0.648326 -0.160899 0.278488 -0.050829 0.185294 -0.645764
-0.597327 -0.194372 0.138593 0.070569 0.773925 -0.522869 0.526358 0.265251 0.205675 -0.375581
0.384718 -0.538973 -1.022937 -0.011744 0.296259 -0.090444 -0.339104 0.031347 0.149308 -1.000932
0.062035 -0.539707 -1.087924 -0.379641 1.171484 0.143794 -0.717220 -0.254135 0.605404 -0.476210
-0.454153 0.076119 -0.118947 -0.232148 0.702221 -0.128468 0.077216 0.382079 0.280365 -0.362150
-0.368843 -0.533895 -0.714004 -0.155347 0.917329 -0.279960 0.253585 -0.633622 0.608155 -0.744406
0.077479 -1.074212 -0.954666 -0.301084 0.576078 -0.263869 -0.473495 -0.032193 0.095740 -0.958418
0.320512 -1.391492 -0.377605 -0.047237 0.568065 -0.007187 -0.374326 -0.617482 -0.381585 -0.347594
-0.509132 -1.245148 -1.039413 -0.136748 0.244733 -0.367498 -0.045832 -0.706885 0.205958 -0.168998
0.519790 -1.039652 -1.216440 -0.061119 0.522604 -0.029804 -0.358766 -0.381337 0.034486 -0.615677
-0.414409 -0.866326 -0.695133 -0.681367 -0.339556 -0.016420 0.095500 -1.008754 -0.364149 -0.505061
-0.165303 0.082652 -0.505896 0.104781 0.866125 0.312930 -0.278009 0.307495 -0.698242 -0.609065
-0.124988 0.178434 -0.701778 -0.330969 0.892247 0.374136 -0.455470 -0.122334 -0.643625 -0.537358
-0.231997 -0.118230 -0.473794 -0.031699 0.982326 -0.401365 -0.099413 0.349395 0.415111 -0.787903
-0.099311 0.297966 -1.113856 -0.766570 0.419468 0.761922 0.052223 -0.365543 0.158986 -0.692030
0.084091 -0.224374 -1.188862 0.221818 0.733607 -0.327396 -0.301556 -0.156731 0.295223 -0.554274
-0.848391 -0.988876 -1.116864 -0.166990 0.589914 -0.540956 -0.010331 0.354705 -0.192888 -0.812233
-0.174213 -0.911490 -0.248632 0.517450 -0.270180 0.067913 -1.412999 1.041769 -0.365153 -0.037748
0.321993 -0.326875 -0.934816 -0.361417 0.578146 -0.191905 -0.368652 -0.090066 -0.764312 -0.819324
-0.639451 0.288368 -1.755649 -1.185615 0.405102 -0.306784 -0.087121 0.785099 0.425713 -0.769839
0.093212 -0.227983 -1.800650 -0.701560 0.352820 -0.062193 -0.335940 0.420328 -0.011066 -0.868487
-0.988462 0.595691 -1.131557 -0.541652 0.435366 0.037384 0.346332 0.506498 -0.022607 -0.434302
-0.228173 -0.862597 -1.048625 -0.670157 1.032739 -0.431076 -0.355381 0.286775 0.679348 -1.084044
-0.033194 0.084705 -0.770578 -0.377911 0.688677 -0.356668 -0.415997 0.838144 0.452015 -0.226116
-0.147853 -0.178992 -1.477691 -0.567004 0.065467 0.092976 0.274463 0.171669 0.254748 -0.307934
0.053158 0.302402 -0.598082 -0.344912 1.096347 0.026079 -0.612607 0.504462 0.083846 -0.094846
-0.579901 -0.574442 -0.669169 -0.906179 0.564149 -0.054610 -0.020329 -0.190496 0.226933 -0.410405
-0.869164 -1.189383 -0.279641 -0.103575 0.311638 -0.548027 0.246419 0.427781 0.087042 -0.309895
0.117054 0.192228 -0.414656 -0.230990 1.421638 0.259755 -0.506423 0.523678 0.684365 -0.489113
-0.071972 0.119216 -0.860625 -0.377938 0.889653 -0.181872 -0.288862 0.500285 0.545262 -0.271063
0.391597 -0.900092 -0.783183 0.007094 0.227893 0.049765 -0.025854 -0.373825 0.239384 -0.452948
0.124565 -0.853416 -1.480427 -0.496637 0.038974 -0.334879 -0.223935 0.081274 0.131050 -0.522609
-0.287346 -0.126902 -0.695567 0.160583 1.703332 0.517148 -0.338640 0.433617 0.715436 -0.420921
-0.120712 -0.112863 -0.639676 -0.756969 0.640702 0.186744 0.302584 -0.507286 0.214494 -0.161433
-0.638374 -0.522054 -0.844117 -0.454966 -0.263188 -0.435966 -0.024800 0.671328 0.824066 -0.886830
-1.028433 0.036840 -0.609719 -0.534316 0.437755 -0.125930 0.768295 0.148505 0.234404 -0.506910
0.118655 -0.135326 -1.231170 -0.624257 -0.139352 0.592194 -0.028997 0.801039 0.720665 -0.281701
0.101538 -0.652072 -1.259403 -0.425803 0.306222 -0.238624 0.353988 0.044821 0.279991 -0.838488
-0.693296 0.149910 -0.916703 -0.610195 0.308060 0.159876 0.375451 0.131883 0.258533 -0.322028
-0.770402 0.153375 -0.576153 -0.532659 0.329769 -0.162954 0.250428 0.205276 0.351406 -0.389946
-0.000633 0.364005 -0.959655 -0.576204 0.206297 0.669924 -0.408787 0.728926 1.189323 -0.247639
-0.422058 -0.303310 0.032658 -0.564695 0.889143 -0.215225 -0.058183 0.217875 0.330852 -0.044670
-0.145079 -0.444701 -0.079143 -0.554519 0.629194 0.360187 -0.151123 -0.573277 0.085402 -0.281988
-0.715909 0.067812 -0.993233 -0.997534 0.268455 0.202793 0.293641 0.428356 0.623885 -0.272260
-0.358576 -0.262702 -1.455617 -1.113732 0.445019 0.429658 -0.298823 1.076021 0.899399 -0.639122
-0.342059 -0.814900 -0.624133 -0.419820 1.212766 -0.731150 0.204288 0.182744 -0.687142 -0.959011
-0.114349 -0.469991 -1.509363 -0.778813 0.282915 0.287022 0.271027 0.437337 0.488676 -0.408364
-0.697796 -0.061809 -1.004420 -0.590516 0.572118 0.074093 -0.011302 0.804054 0.216985 -0.246029
0.024805 -0.236651 -0.392293 -0.634638 0.391400 -0.233250 0.055048 0.212920 0.601646 0.165320
-0.801627 -0.081978 -0.533006 -0.575334 0.494971 -0.130101 -0.072330 0.490308 0.362640 -0.129386
-0.214010 0.015935 -1.273716 -0.715648 0.823781 -0.046946 -0.596358 0.135675 0.637333 -0.404151
0.050678 -0.629817 -1.586621 -0.505180 -1.358413 -0.673400 -0.444059 -0.416672 0.108624 -0.748785
-0.343793 0.419283 -1.686015 -0.917235 0.295071 -0.077607 -0.255162 0.951365 0.645507 -0.668680
-0.034693 0.357939 -1.417055 -0.573255 0.159826 -0.017544 -0.378814 0.912805 0.311867 -0.482637
-0.507661 -0.050230 -0.663760 -0.350097 0.602111 -0.299451 -0.337324 0.381566 0.312530 -0.197480
-0.065828 -0.637263 -1.593546 0.064647 -0.107051 -0.437154 0.309348 0.132076 -0.347761 -1.294199
0.086498 -0.622499 -0.033807 -0.178922 1.307277 -0.521966 0.304665 -0.786218 -0.583697 -0.475838
-0.189707 -0.633638 -0.107493 0.205880 0.302196 -0.424270 0.282599 0.461347 -0.312150 -0.142679
-0.407863 0.247836 -0.516680 -0.765737 0.954872 0.129825 -0.010742 0.178219 0.498256 -0.554773
0.613763 -0.882908 -1.122599 -0.028256 0.233086 0.016208 -0.604507 0.184145 0.442901 -0.146618
-0.843066 0.277328 -0.857808 -0.620951 0.701873 -0.447715 0.237047 0.552938 0.117078 -0.449631
-0.010225 0.477396 -0.885410 -0.298426 0.744186 0.548722 -0.252426 1.094395 0.615543 -0.126795
-0.373388 -0.644941 -0.861442 0.246044 0.443934 -0.481156 -0.375707 1.003821 -0.473202 -0.634443
-0.154508 0.268337 -1.292788 -0.074946 0.323448 0.002257 -0.232798 0.748977 0.221103 -0.689787
0.081548 -0.273568 -0.941549 0.377088 -0.376511 -0.129925 0.107788 0.739402 -0.430687 -0.245285
0.030600 -0.730100 -1.262049 -0.191763 0.204823 -0.528810 -0.518595 -0.167665 0.074923 -0.467328
-0.573930 1.191003 -1.171780 -0.390842 1.032391 0.058783 0.213036 0.682585 0.098252 -0.811341
-0.841215 -0.366351 -1.402687 -0.314229 -0.240927 -0.284943 -0.743366 0.535910 -0.598130 -0.525594
-0.217870 -0.430114 -1.734624 -0.520645 -0.037549 0.182555 -0.061340 0.265677 0.617236 -0.797507
-0.215755 -0.094239 -1.291643 -0.515493 0.325902 -0.000971 -0.099378 0.774447 0.577056 -0.446329
0.538932 -0.229845 -1.744251 -0.757023 -0.000476 0.340488 -0.499895 0.675201 0.404941 -0.558952
-0.431368 -1.260802 -0.939200 0.123757 0.185456 -0.651348 -0.332068 0.897444 -0.157839 -0.191259
-0.320256 -0.184662 -0.476287 -0.145631 -0.780332 -1.170941 0.059119 0.142841 0.085604 -1.087700
-0.949523 -0.415364 -0.703045 -0.166153 0.544693 -0.029708 0.318887 0.093767 0.486003 -0.449805
-1.032179 0.415350 -0.557509 -0.758359 1.048495 -0.225022 0.660773 0.127406 -0.058168 -0.304798
-0.253017 -0.680229 -1.758112 -0.124458 -0.891978 -0.319803 -0.288307 -0.154507 -0.083072 -0.588690
-0.160025 -0.092665 -1.568899 -0.452537 0.016498 0.130489 -0.504691 0.434894 0.095775 -0.382755
-0.445337 -0.264785 -1.143026 -0.718038 0.369170 -0.252876 0.040356 0.279827 0.140040 -0.318931
-0.545550 -0.640427 -0.357052 -0.386337 -0.222697 -0.038412 -0.856393 0.189215 0.866688 -0.544266
-0.327703 -0.401229 -0.849870 -0.346564 0.803359 -0.416037 0.059540 0.261748 0.143699 -1.052512
0.116240 -0.366442 -0.880094 -0.050519 -0.702638 -0.048707 -0.542002 -0.902766 -0.185053 -0.633033
-0.249526 -0.439784 -0.901208 -0.020768 0.685390 -0.161343 0.251658 0.611001 -0.518246 0.081896
0.085366 -0.690212 -1.345816 -0.518905 0.072761 -0.624374 0.194985 0.818739 0.130327 -1.242972
-0.667716 0.599790 -1.046426 -0.732247 0.774954 -0.021600 0.328368 0.612711 0.454961 -0.349372
-0.126939 -0.618505 -0.158969 0.369201 1.128122 0.608466 0.410020 -1.245177 -0.391255 -0.105037
-0.204642 0.325488 -1.530558 -0.817945 0.630919 0.157543 -0.378419 0.750200 1.071274 -0.227750
-1.122808 -0.448358 -1.174408 -0.432249 0.676370 -0.581513 0.331666 0.746215 -0.143098 -1.063334
-0.467251 -0.728620 -0.541315 -0.626166 -0.210878 0.453943 -0.439498 -0.569385 0.202581 -0.464446
0.399045 -0.646799 -1.883092 -0.235501 -0.014853 -0.299479 -0.837073 0.840017 -0.102947 -0.634463
-0.524523 -0.256536 -1.328092 -0.915718 0.595234 0.058408 0.169108 -0.167349 -0.351752 -0.606616
-0.010042 0.791682 -1.532141 -0.815625 0.959608 0.037388 -0.505243 0.600643 0.857310 -0.071714
0.052819 -0.015173 -0.592332 0.203129 1.064659 -0.272320 0.000263 0.185957 -0.053051 -0.040080
-0.223033 -0.721951 -0.874994 -0.618291 0.212661 -0.535902 -0.415446 0.175885 0.277658 -0.078365
-0.181539 -0.650334 -0.618563 -0.558180 0.087969 -0.127912 -0.922178 -0.656483 0.723953 -0.305750
-0.508819 0.247043 -0.837140 -1.190077 0.962213 0.567435 0.005742 0.498689 0.888215 -0.815486
-0.082452 -0.476239 -0.479351 0.032020 0.214491 -0.274565 -0.359897 0.526361 0.783593 -0.442394
-0.227516 -0.818301 -0.041548 0.755665 0.011572 0.047346 -0.499994 0.770001 0.191381 0.390839
-0.364387 -0.380233 -1.088734 -0.057364 0.725041 0.069883 -0.765784 -0.872389 0.312991 -0.822762
-0.734086 -0.738210 -0.808975 0.467463 0.301008 -0.361442 -0.367072 0.008069 0.595735 -0.575892
-0.166669 -0.843479 -1.220913 -0.330646 0.861077 -0.999205 0.004660 -0.397414 0.228696 -0.467872
0.414455 -0.594199 -1.495840 -0.386235 0.296300 0.179638 -0.331865 -0.477424 0.241795 -0.693638
-0.070340 -0.384875 -1.376002 -0.516793 0.491775 -0.113622 -0.390271 -0.120877 0.051832 -0.527244
-0.027210 -1.068864 -1.373365 0.057180 -0.104338 -0.372249 -0.122953 -1.418046 0.147973 -0.750284
-0.561340 -0.197756 -1.277803 -0.816453 0.303859 -0.299099 -0.491831 0.085804 0.458318 -0.835349
-0.449491 0.007314 -1.115973 -0.509641 0.222044 -0.308112 -0.014851 -1.449023 0.248701 -0.897286
-0.114341 -0.608661 -1.569450 -0.795117 0.003042 -0.091862 -0.018946 -0.172866 0.818400 -0.592205
-0.076848 -0.201318 -0.974059 -0.556063 0.725158 0.714569 -0.408915 0.165738 1.080974 -0.235446
-0.364272 -0.772642 -0.971224 -1.010457 0.177828 0.466601 -0.095121 -0.305760 0.530378 -0.022702
-0.394920 -0.892942 -0.619346 -0.362201 0.103696 0.395998 -0.167008 -0.817183 0.368410 -0.109970
-0.485946 -0.046190 -1.195927 -1.210386 0.155948 -0.432791 -0.851558 0.305586 0.815784 0.335520
0.352214 0.016998 -1.233248 0.130128 -0.292093 -0.729619 -0.445799 0.263860 0.265882 -0.898523
-0.337023 -0.668645 -0.983777 -0.406830 -0.329773 -1.040852 -0.285462 0.091916 0.337988 -0.211485
-0.009194 -0.299222 -0.451240 -1.061126 0.848697 -0.598843 -0.691620 0.257587 0.245030 -0.170992
-0.503499 -0.149064 -1.278871 -0.954400 0.678455 -0.178864 -0.305235 0.263794 -0.002056 -0.215147
-0.205552 0.300244 -0.919289 -0.813423 0.273471 -0.017853 -0.666505 -0.274950 0.315951 -0.613591
0.160021 -0.607036 -1.372868 -0.187153 0.075096 -0.670523 -0.019381 -0.211731 0.588192 -1.165610
-0.349461 0.163155 -1.363900 -0.308834 -0.488079 -0.352733 -0.089985 -0.654203 0.296259 -0.809794
-0.687748 -0.062096 -1.350144 -0.284364 0.407543 -0.705954 0.819037 -0.013966 -0.650834 -0.929662
-0.856618 0.394070 -1.213305 -0.779047 1.168020 0.107054 0.254285 0.514060 0.465857 -0.253580
0.014048 -0.730058 -1.004677 -0.531724 0.777164 -0.202201 -0.011268 0.412703 0.440755 -0.146640
-0.541936 0.286678 -1.353250 -0.840479 0.660085 -0.133040 0.119729 0.492610 0.234275 -0.258529
-0.384725 -0.696786 -0.825908 -0.604411 0.016068 0.236729 -0.461913 -1.024707 0.006532 -0.708757
-0.725501 -0.370714 -0.799082 -0.172786 0.438478 -0.159307 0.562424 0.287655 0.394745 -0.696527
-0.932012 -0.443826 -1.423437 -0.742146 0.618295 -0.100962 0.772667 0.214406 -0.132958 -0.598518
-0.732696 -0.339233 -0.494647 -0.102306 0.670860 -0.291106 0.358063 0.317526 0.158602 -0.924623
0.169501 -0.461063 -0.828233 -0.388695 0.990227 0.596209 -0.908519 0.636018 -0.029050 -0.372733
0.328934 -0.349993 -0.697555 -1.062902 0.963645 -0.448515 -0.369968 -0.839113 -0.016892 -0.382285
-1.091090 -0.506524 -1.183718 -0.759795 0.174070 0.179541 0.155243 -0.418452 -0.264077 -0.275774
-0.294495 -0.417351 -1.020528 -0.454273 0.430850 0.061282 0.005174 -0.136163 0.858816 -0.816087
-0.413315 -0.106755 -1.528084 -0.678391 0.165282 0.094874 -0.563719 0.055702 -0.643481 -1.112687
0.852826 -0.655222 -0.647190 -0.037904 0.480882 -0.255280 -0.571476 -0.617717 0.061181 -0.199334
0.556507 -0.358672 -0.977821 -0.678970 0.450224 -0.133834 -0.176131 0.239235 0.159635 -0.148218
-0.171936 -0.487749 -0.731162 -0.145719 1.189545 -0.275228 -0.570390 -0.004228 -0.097688 -0.510029
-0.468330 0.152805 -0.217657 -0.412447 0.165010 -0.582822 0.038845 -0.840610 -0.321996 -0.818934
-0.464445 0.134211 -1.309349 -0.325182 -0.257486 0.358471 -0.144146 -1.275824 -0.504282 -0.766384
0.273545 -0.172407 -0.514255 -0.152378 -0.370608 0.054930 -0.195117 -0.839267 -0.330524 -0.447510
0.119714 -0.197674 -1.259353 0.100053 0.412913 -0.110998 -0.303869 0.519423 -0.089308 -0.337138
0.132394 -0.496257 -0.652023 0.523757 -0.042340 -0.385010 -0.717290 -0.294735 0.887955 -0.499023
0.030040 -0.394175 -0.865266 -0.593366 0.209846 0.019732 -0.427701 -0.372282 0.755586 -0.389629
-0.416664 -0.240986 -1.060489 -0.884931 0.428697 0.002265 -0.434821 -0.605375 0.832267 -0.353009
0.471833 -0.523142 -1.119609 -0.369025 0.243590 -0.158915 -0.334240 0.248016 0.379300 -0.456532
-0.348088 -0.191817 -1.050526 -0.725710 0.423950 0.503569 -0.386976 0.962135 0.210411 -0.258620
-0.206589 0.137382 -1.182792 -0.615464 0.529054 0.572243 -0.682004 1.239146 0.894584 0.213465
-0.411892 -0.630920 -0.097022 -0.018895 0.371499 -0.345349 0.019031 -0.248856 -0.054643 -0.200774
0.130617 -0.742293 -1.008001 -0.218914 0.323450 -0.332219 -0.087628 0.474738 0.091883 -0.371175
-0.294616 -0.577140 -0.927835 -0.812944 0.191025 0.041763 0.220480 -0.202235 0.491193 -0.288762
0.073104 -0.505520 -0.866971 -0.757422 0.458343 0.260088 -0.489718 -0.793613 -0.212687 -0.215332
-0.960891 -0.061056 -0.606879 -0.583801 0.698678 0.196014 0.622564 0.333955 0.433320 -0.578056
-0.334062 -0.296601 -0.949301 -0.644922 0.329476 -0.059528 0.173322 -0.064013 0.341009 -0.557429
-0.754336 -0.450767 -0.919143 -0.481698 0.264649 0.242285 -0.077849 0.072876 -0.404419 -1.014380
-0.681085 -0.812115 -0.889090 -0.728198 0.646053 0.268908 0.805452 -0.576748 -0.383251 -0.860701
-0.186813 -1.031200 -0.149031 0.171926 1.120907 -0.423231 0.214582 -0.170957 -0.613544 -0.803631
0.333211 -0.856213 -0.976953 -0.433772 0.166301 0.432654 -0.127647 -0.402654 -0.320558 -0.302426
0.829762 -0.751194 -1.381626 -0.557478 -0.572514 0.430580 -1.172767 0.114481 0.559256 0.439754
1.114754 -0.433982 -1.256791 -0.620424 0.113734 0.778762 -1.125430 -0.514170 -0.391057 -0.743695
0.784620 -0.155692 -1.543814 -0.525669 -0.182808 0.317950 -0.779324 0.233828 0.386618 0.201809
0.877207 -0.008582 -1.530697 -0.605524 0.098594 0.336982 -0.771048 0.589669 0.701575 0.101985
1.244451 -0.347626 -1.476832 -0.111071 -0.309309 0.596262 -0.805186 0.440538 0.874801 0.498138
0.993322 -0.393111 -1.425164 -0.149406 -0.045222 0.481375 -0.560807 0.562738 0.604734 0.424416
0.814333 -0.224120 -1.509256 -0.464933 -0.245434 0.363865 -0.822301 0.354607 0.432140 0.272854
0.570690 -0.900098 -0.728598 0.448678 -0.075286 -0.208765 -0.402283 0.661613 -0.360500 -0.656015
1.022298 -0.209073 -1.452636 -0.334220 0.114257 0.398254 -0.949800 0.091146 0.927565 -0.275277
0.812671 -0.489332 -1.230827 -0.634714 -0.302660 0.524589 -0.999959 0.501435 0.361969 -0.204636
0.845325 -0.153438 -1.612189 -0.340867 0.017588 0.182504 -1.020574 0.456734 0.484106 0.337769
1.151758 -0.337869 -1.295799 -0.236882 0.142867 0.284049 -0.769087 0.215407 0.409206 0.230936
1.072692 -0.119935 -1.491133 -0.260060 0.171002 0.316485 -0.744922 0.848799 1.029386 0.431314
1.000767 -0.143068 -1.488572 -0.437614 -0.127020 0.450414 -0.874805 0.509789 0.712529 0.224479
1.169692 -0.468519 -1.295652 -0.253170 -0.130387 0.578989 -0.833634 0.133674 0.716772 0.535192
