0.519040 -0.137073 -1.428920 0.437125 -0.281930 -0.777437 -0.268528 -0.426149 0.581309 -1.025703
0.659025 -0.227825 -1.636055 -0.795926 -0.156726 -0.874388 -0.485999 -0.073594 0.845576 -0.376210
-0.379451 -0.200256 -1.303938 -0.797170 0.355012 -0.133318 -0.715386 0.126101 0.773285 -0.213474
0.069140 -0.819575 -1.400786 -0.321984 0.174249 -0.461034 -0.641450 -0.503070 1.377519 -0.625399
0.265706 -0.785500 -1.026421 -0.167729 0.640485 -0.044579 -0.312610 -0.711016 0.921740 -0.715975
0.000030 -0.085048 -1.585788 -0.638572 0.490870 0.404597 -0.469458 0.355860 1.267271 -0.528361
-0.313545 -0.104395 -1.461404 -0.404103 0.476411 -0.181924 -0.057778 -0.268497 0.159223 -0.724004
0.193853 -0.668466 -1.184525 -0.227757 -0.071313 -0.230465 -0.471816 -0.556986 -0.093672 -0.550920
0.350065 -0.743516 -1.416948 0.078526 0.556091 -0.365975 -0.738971 -0.386598 -0.131566 -0.855567
0.056695 0.072906 -0.844887 -0.222684 -0.667976 -0.787011 0.011585 -0.220442 0.778622 -1.218394
-0.592226 -0.180736 -1.108371 -0.204737 -0.102909 -0.878585 -0.173472 0.416118 0.503858 -1.038307
-0.129021 -0.174556 -1.063745 -0.091518 -0.202063 -0.845136 0.213751 0.049958 0.394650 -1.269249
0.438542 -0.002727 -1.180223 -0.153891 0.766677 0.208813 -1.147822 0.405633 0.618231 -0.229787
-0.064834 -0.665277 -0.881426 -0.828162 -0.021687 -0.423420 -0.103780 -0.088167 0.148788 -0.496138
0.305001 -0.253291 -1.319462 -0.768888 -0.328223 -0.259104 -0.728537 0.280194 0.635498 0.021249
-0.255734 -0.360237 -1.072062 -0.399364 0.242988 -0.790847 -0.157391 0.108276 0.472761 -0.573898
-0.548806 -0.600397 -1.182250 -0.750420 0.229497 0.038310 -0.470115 -0.392057 0.900396 -0.547847
-0.356031 -0.194509 -1.057253 -0.671780 -0.442655 -0.614315 -0.471591 -0.001160 0.247664 -0.409011
0.034751 0.117777 -0.958695 0.262168 0.016394 -0.292438 0.389274 0.441139 0.656777 -0.668509
-0.322051 -0.774691 -1.382105 -0.762473 -0.220705 0.012005 -0.423615 0.036781 1.070398 -0.390030
0.323783 -0.631658 -1.164127 0.184281 0.004546 -0.474801 -0.279508 -0.950760 -0.106447 -0.917795
0.168789 0.277261 -0.940844 -0.075532 -0.107861 -0.380488 -0.225675 -1.028956 -0.708971 -0.328135
0.312930 -0.732148 0.019441 0.202688 -0.295272 -0.728253 -0.416490 -0.771386 0.303735 0.111329
0.223204 -0.365803 -0.857651 0.213748 0.633649 -0.055714 -0.720856 -1.197748 0.102753 -0.701950
-0.398795 0.015714 -1.053595 -1.032673 0.586289 0.104698 -0.574338 -0.358280 -0.134883 -0.493855
-0.239558 0.836360 -0.786138 -0.134007 0.164138 0.019205 -0.816648 -0.484071 0.006631 -0.310638
0.094421 -0.840269 -1.281908 -0.029403 0.398365 -0.542104 0.408413 0.225941 -0.112722 -0.394947
0.452520 -0.730638 -0.979102 -0.268574 -0.127570 -0.249872 -0.245139 -0.261279 0.185672 -0.531993
-0.290327 -0.888768 -1.229002 -0.733067 -0.086049 0.591918 0.193986 -0.718857 0.569318 -0.547850
0.435462 -0.522722 -1.340020 0.439546 0.026274 -0.525264 -0.459277 -0.664744 -0.139770 -0.854969
0.178264 -0.617785 -1.293003 -0.283129 0.554352 0.136010 -0.489556 -0.644191 1.243919 -0.459059
0.464719 -0.945967 -1.151322 -0.338919 0.091523 -0.433224 -0.865428 0.356954 0.605443 -0.453531
0.580060 -0.804458 -1.573662 -0.125016 -0.224942 -0.086659 -0.229015 -0.053961 -0.372963 -0.957964
-0.476383 -0.261715 -1.459971 -0.824550 -0.009584 0.217244 -0.323536 0.587888 0.915918 -0.199247
-0.607972 -0.092741 -0.832595 -0.985102 0.489531 -0.004525 -0.028733 -0.382532 0.928225 -0.038839
0.077884 -0.003777 -0.170607 -1.004248 0.131465 -0.914248 -0.310098 -0.518362 0.005170 0.395574
-0.119137 -0.831421 -0.853589 -0.772334 0.669469 -0.304434 -0.618300 0.271208 -0.222102 -0.351622
-0.824803 -0.956577 -1.441329 -0.497790 0.180096 0.423628 0.112392 -0.329976 0.863082 -0.883845
-0.455343 -0.036235 -1.362173 -1.013005 0.533998 -0.213206 -0.299953 0.447937 0.902616 -0.328486
-0.014386 -0.385226 -1.270252 -0.679260 0.274142 -0.085818 -0.033864 -0.277464 -0.350813 -0.827962
-0.112632 -1.289198 -1.373558 0.045391 -0.280504 -0.316584 -0.274445 -1.143858 0.298156 -0.770872
-0.288223 -0.401946 -1.049212 -0.334707 -0.418121 -0.157430 -0.158061 0.353040 1.047009 -0.232883
-0.031517 -0.246842 -1.657808 -0.496823 0.042112 -0.394615 0.297643 0.274853 0.389455 -1.030498
0.211810 -0.553338 -0.855286 -0.799703 0.356346 -0.521714 -0.162270 -0.304187 0.550933 -0.239657
-0.069125 -0.575535 -1.239444 -0.158876 -0.610712 0.614979 0.044973 0.451723 1.155177 -0.269092
-0.515718 -0.792675 -0.010116 -0.324501 -0.007192 -0.307890 0.079430 -0.184938 0.238840 -0.383005
-0.586847 -0.190456 -0.798434 -0.500328 0.543121 -0.553615 -0.157189 -0.429589 -0.204487 -0.397031
0.160989 -0.858914 -1.120521 -0.156776 0.141561 -0.041944 -0.629722 -0.069088 1.380115 -0.728002
-0.089413 -0.732855 -0.833600 -0.503405 0.753459 0.588329 -0.034471 -0.510453 0.127540 -0.332274
0.174244 -1.093438 -0.762071 -0.142544 0.618315 -0.190144 0.071827 -0.437383 0.739507 -0.770542
-0.119105 -0.230569 -1.471768 -0.446309 0.158727 0.088284 -0.471703 0.007833 1.162534 -0.627079
-0.023186 -0.716821 -1.495633 -0.519128 -0.021950 0.013086 -0.609691 0.063472 0.772915 -0.633752
0.488956 -0.605437 -1.312483 -0.593045 0.046036 0.342501 -0.253250 -0.609151 0.517842 -0.385727
0.103193 -0.740039 -1.003505 0.482398 0.259399 -0.402470 0.323608 -0.268112 -0.109642 -0.206142
0.314989 -0.680585 -1.677772 -0.364612 0.409690 0.157552 0.205473 -0.159203 0.012072 -0.418186
-0.024904 -0.259186 -0.518113 -0.257657 0.687268 0.460737 0.179084 -0.807882 -0.386366 0.325270
-0.197568 -0.790777 -1.339252 -0.117255 0.023381 -0.462726 0.328813 -0.366497 -0.049721 -1.223925
-0.415249 -0.429622 -1.221375 -0.206241 0.309140 0.521807 -0.613722 0.334044 0.734572 -0.749301
-0.095137 -0.269926 -1.268789 -0.523081 0.368806 -0.354697 -0.505544 -0.449576 0.915320 -0.612351
-0.325854 -0.227704 -1.399826 -0.712188 -0.483915 0.264664 -0.413637 0.512639 0.933021 0.026893
-0.430554 -0.671750 -1.372666 -0.262234 -0.482617 0.068178 0.213584 0.391304 0.401016 -0.375904
-0.595784 0.719201 -1.412774 -0.828428 0.445151 0.053771 0.183038 0.478390 0.620837 -0.782661
-0.634817 0.276922 -1.078092 -0.560967 0.507861 -0.558925 -0.114176 0.040903 0.046941 -0.276677
-0.329030 0.264053 -1.100551 -0.792229 0.128600 -0.110411 -0.433560 0.782411 0.418558 -0.532324
-0.349763 -0.528512 -1.231001 -0.731564 0.005332 0.026886 -0.017743 -0.141811 0.457001 -0.383067
-0.306575 0.222473 -0.910681 -0.705012 0.172455 0.361163 -0.630113 0.972958 0.510544 -0.495363
0.080981 0.178357 -1.090822 -0.666380 0.703932 0.102120 -0.705834 0.045333 0.697413 -0.404491
-0.621919 -0.279707 -1.815498 -1.195114 -0.081452 -0.135468 -0.626271 0.083125 -0.472153 -0.621890
-0.408193 -1.028113 -0.827912 0.048417 -0.142106 -0.112073 -0.581117 0.254037 0.588061 -0.434532
0.057537 -0.070526 -1.209191 0.214174 0.557850 0.016962 -0.201283 0.179664 -0.701475 -0.051393
-0.347581 -0.031951 -0.931961 -0.050317 -0.488954 -0.086473 -0.824329 -0.163423 0.285755 0.196748
0.290826 -1.351404 -0.106625 -0.218459 -0.213716 -0.214238 -0.951538 -0.242751 0.391545 1.085126
-0.409223 -0.563517 -0.251021 -0.828719 0.314332 0.011748 -0.760434 -0.409252 0.143201 -0.489138
0.135416 -0.373156 -0.189983 0.364569 0.584300 0.010754 -0.256214 0.731222 0.246767 -0.133175
0.364635 0.026390 -0.129412 0.524318 0.368634 -0.138053 -0.463573 0.818914 0.555767 -0.187826
-0.188908 -0.956289 -1.310892 -0.150665 -0.178670 -0.294888 0.440029 0.174788 0.568124 -1.013004
-0.008658 0.004784 -1.283517 -0.530710 0.153253 -0.309986 -0.111172 -0.028065 0.120438 -0.287030
0.020194 0.847657 -1.344522 -0.908142 1.129760 0.327806 -0.107262 0.456392 0.714322 -0.034404
0.228997 -0.251450 -0.908880 0.054934 0.343226 -0.481582 -0.405935 0.897349 0.263699 -0.798436
-0.210502 0.324236 -1.469118 -0.511717 0.267054 0.180052 -0.544503 0.833445 1.291525 -0.451622
-0.529916 -0.018437 -1.282091 -0.502625 -0.346160 -0.473158 0.097165 -0.017835 0.308360 -0.297069
-0.010050 -0.827057 -0.989420 -0.191603 0.703269 -0.267976 -0.802056 0.860731 0.243794 0.147794
-0.341553 -0.194818 -1.008837 -0.432893 0.540681 0.365978 -0.263686 0.722269 1.035592 -0.280647
-0.515050 0.019798 -1.408993 -0.481287 0.136056 0.451277 0.103959 1.098589 0.835345 0.104379
-0.064534 -0.482100 -0.824440 -0.109884 0.496359 -0.448902 -0.128921 -0.053622 0.061392 -0.170581
0.077994 -0.846883 -1.896224 -0.869571 0.049584 -0.410444 0.510076 0.382527 0.543216 -0.276821
-0.665676 0.014813 -0.662973 -0.455879 1.284728 -0.016861 0.724375 -0.188990 -0.171401 -0.743195
-0.609296 0.070484 -1.141441 -0.163255 0.462810 0.265987 0.269324 -0.098913 -0.213011 0.092479
0.238754 -0.875690 0.324919 -0.392799 0.366449 -0.354873 -0.483316 -0.567689 -0.906451 0.212784
0.213619 0.127708 -1.221255 -0.306840 -0.151764 -0.382456 -0.389068 0.860639 0.992274 -0.709820
-0.367243 -0.526457 -1.118242 -0.363860 0.718075 -0.541015 0.026569 0.723721 -0.397549 -0.577509
-0.423524 -1.178030 -0.113961 -0.520647 0.026906 0.377342 -0.593365 -0.289376 -0.139671 -0.317175
-0.546737 -0.273157 -0.931566 -0.466626 0.552406 -0.232974 0.338042 0.510273 0.208596 -0.850171
-0.434302 0.685556 -0.908219 -0.890799 0.697512 0.331954 -0.586718 1.306809 0.392385 -0.422004
-0.378514 -0.419969 -1.387475 -0.473044 0.870127 -0.366386 0.381194 0.215085 0.264505 -1.136954
-0.001687 -1.238405 -1.153789 -0.387397 0.721458 0.090525 -0.893906 0.207402 0.281329 0.635805
-0.137696 -0.561081 -0.837792 -0.270201 0.789611 0.093216 -0.499070 0.458271 -0.508557 -0.614086
-0.285500 -1.307267 0.078265 -0.349994 0.867598 -0.057338 0.121353 -0.468694 -0.054901 -0.307122
-0.552466 -0.755616 -0.163090 0.438276 -0.427414 -1.005322 -0.381954 -0.087512 0.206153 -0.261636
-0.128814 -0.021580 -1.515006 -0.874257 0.460050 -0.183852 -0.336992 0.655420 -0.149995 -0.802184
0.119787 -0.461872 -1.727100 -0.157403 0.083408 0.405986 0.074656 0.619136 0.699114 -1.071857
-0.247470 0.254464 -0.968926 -0.453071 -0.067322 0.067740 0.321046 0.115068 0.487129 -0.750230
0.087663 -0.471548 -0.769159 -1.304744 0.604063 0.502858 -0.329093 -0.139837 -0.003629 -0.314153
-0.618563 -0.287540 -0.638185 -0.336438 -0.567115 0.451230 -0.191514 -0.018324 0.282786 -0.338112
-0.157441 -0.319681 -0.051778 -0.510585 0.405875 0.538201 0.077834 -0.085910 0.402139 -0.296466
-0.549796 0.356688 -1.455683 -0.635991 -0.221112 0.560918 -0.567192 1.088433 0.565862 -0.433293
-0.182316 -0.379984 -0.578707 -1.459386 0.542893 0.838177 -0.792505 0.137478 0.139304 -0.550107
-0.311408 -0.251457 0.397937 -0.948878 1.237452 0.407904 -0.709394 -0.826803 0.027900 -0.624153
-0.434147 0.689853 -1.471482 -0.624327 0.584619 0.410250 -0.332149 1.160740 0.675701 -0.290807
0.136118 0.011348 -1.117036 -0.623742 0.798433 -0.341444 -0.917957 0.180380 -0.126799 -0.373333
-0.587656 -0.828268 -0.456182 0.471705 0.192556 -0.137367 -0.298446 -0.177176 -0.299643 -0.501649
-0.079600 0.541538 -1.488452 -1.046573 0.677657 0.177227 -0.248220 0.269983 0.823922 -0.376230
-0.620062 -1.267634 -1.322027 -0.272283 0.504104 0.169695 -0.367603 0.869705 0.310703 -0.431754
-0.604786 -0.361618 -0.500809 0.174076 0.396487 -0.345364 0.021332 0.393565 -0.251237 -0.411780
0.208446 0.292154 -1.294590 -0.986031 1.282618 0.093583 -0.170871 -0.057422 0.788737 -0.881176
0.205972 0.366945 -0.892003 -0.119139 0.871633 0.123723 -0.036118 0.327500 0.841633 -0.778531
-0.037863 -0.277479 -0.676402 -0.203044 0.528184 -0.091762 0.020423 0.678367 0.568024 -0.004767
-0.156143 0.226143 -1.315931 -0.608239 0.118545 -0.082134 -0.277659 0.361043 -0.216095 -0.189148
-0.199385 -0.185121 -0.003512 -0.057684 0.931842 0.079934 -0.021485 0.833403 0.399002 -0.000870
-0.392435 0.562916 -0.397576 -0.190908 0.683569 0.097701 -0.085634 0.237788 0.171673 -0.634205
-0.388425 0.489547 -0.290803 -0.255367 0.835867 0.435457 -0.142364 0.153102 0.157790 -0.305902
-0.015354 -0.284893 -0.816462 -0.823961 0.941886 -0.346495 -0.118560 0.267475 -0.100630 -0.649665
0.019384 -0.371469 -0.813323 -0.693308 0.517560 0.006629 -0.802054 0.437414 0.395043 0.031529
-1.005178 -0.362835 -1.555625 -0.804716 0.241435 -0.347372 0.762629 0.665636 0.312787 -0.756460
-0.223900 -0.677737 -0.965753 -0.087602 0.477812 -0.118668 -0.462189 0.777977 -0.451928 -0.245222
-0.440721 -0.170269 -0.605946 0.004605 0.837556 -0.031216 0.129534 0.176994 0.394531 -0.578898
-0.724743 0.405871 -1.443450 -0.765741 0.749062 0.408821 -0.789870 1.034749 -0.269490 -0.847226
-0.475948 -0.818699 -0.542209 -0.076444 -0.100780 0.170268 -0.415260 -0.524251 -0.590467 -1.261208
0.315803 -0.641522 -0.647654 -0.950120 -0.216998 0.078556 -0.351517 -1.106980 -0.098878 -0.414142
0.139712 -0.276297 -0.893025 -0.176440 0.661543 0.092237 0.051047 0.018035 -0.080897 -1.012981
-0.202446 0.227232 -0.698042 -0.389084 0.934238 0.569691 -0.467347 0.230144 0.817402 -0.406445
-0.253411 -0.188314 -0.472677 -0.594892 0.308624 -0.433075 -0.427907 -0.104089 0.552419 -0.037678
0.111437 0.440290 -1.474609 -0.966540 0.282680 0.740944 -0.878443 -0.047698 0.905593 0.250078
-0.841167 -0.252774 -1.024314 -0.594724 0.113504 -0.194339 0.261518 0.313941 0.120449 -0.433530
-0.892137 0.493424 -1.095483 -0.658014 0.695221 -0.437043 0.214355 0.840683 0.369181 -0.473990
-0.229637 0.322340 -1.275077 -0.516234 0.618693 -0.202496 0.079429 1.043108 0.375383 -0.620842
-0.360014 0.200096 -1.409338 -0.454157 0.766757 -0.104396 0.049118 1.181044 0.322851 -0.294662
-0.246214 -0.011511 -0.910518 -0.757637 0.469586 0.109076 -0.037931 0.562958 0.788958 0.027381
0.073387 -1.146085 -0.204893 -0.461966 1.094082 -0.286626 -0.225754 -1.148614 0.404317 -0.292961
-0.099768 0.391143 -1.229658 -0.852554 0.659784 -0.336058 -0.165969 1.104319 0.276199 -0.285775
0.140048 0.493417 -0.644514 -0.449721 0.920851 0.353268 -0.406045 0.657147 0.728010 -0.482717
0.199339 -0.084054 -1.567174 -1.208771 -0.067104 -0.661259 0.068275 0.303670 1.053705 -0.596058
0.255943 -1.174824 -0.801191 -0.015476 0.704269 -0.289820 -0.913895 -0.405711 -0.301153 -0.410265
-0.194380 -0.006121 -1.444359 -0.813768 0.755131 -0.124676 -0.187233 1.075223 0.767036 -0.610004
-0.050920 -0.110647 -1.301060 -0.466961 0.947608 -0.085945 -0.512837 0.570794 0.152253 -0.433717
-0.072568 -0.922033 -1.268260 -0.294489 0.121961 -0.139852 -0.302217 0.636838 0.449335 -0.075607
-0.068324 -0.341433 -1.203238 -0.429131 0.737912 -0.597185 0.100594 0.056175 -0.579341 -0.632200
-0.714493 -0.255593 -1.285521 -0.730010 0.911677 -0.148840 0.541328 0.298010 0.326377 -0.708141
0.166738 -0.723047 -0.707282 -0.440226 0.846673 -0.489824 -0.500718 0.102001 0.434663 0.068498
-0.038376 -0.516409 -1.490746 -0.413598 0.673823 0.084784 -0.549910 0.281356 0.652681 -0.488095
-0.128420 -0.723246 -1.365701 -0.408176 0.242492 -0.786202 -0.127169 0.463008 0.415561 -0.487803
-0.313630 -0.668875 -1.290672 -0.191192 0.402212 -0.216678 -0.449990 0.105678 0.429779 -0.570307
-0.373950 0.037902 -1.371203 -1.120939 0.450858 0.327494 -0.203400 0.766726 0.300025 0.055903
0.131698 -0.736715 -1.088126 -0.145481 -0.055056 -0.291855 -0.689539 0.294038 0.218329 -0.390147
0.502210 -0.433276 -1.059782 0.514845 0.393200 0.187656 -0.716954 0.151073 0.260066 -0.560242
0.388197 -0.789263 -1.601640 -0.903448 0.384404 0.096220 -0.853874 -0.099417 0.004945 -0.908277
0.235305 -0.070258 -1.205272 -0.715895 0.841252 0.367141 -0.180129 0.024661 0.721945 -0.253923
0.345961 0.087820 -1.396208 -0.091305 -0.579352 0.269693 -0.365983 -0.323949 -0.086894 -0.769549
-0.628431 -1.069108 -1.037573 -1.043338 0.400707 -0.172515 0.319359 -0.049970 0.861142 -0.326388
0.593693 -0.959486 -0.547894 -0.397985 0.206635 0.159782 -0.816598 -0.236679 0.073827 0.687652
-0.114907 -0.446966 -1.495614 -0.379774 0.181667 -0.599164 0.110371 -0.567102 0.114485 -1.163952
-0.008658 0.004784 -1.283517 -0.530710 0.153253 -0.309986 -0.111172 -0.028065 0.120438 -0.287030
-0.332223 -0.467097 -0.914092 -0.450326 0.417860 -0.290411 -0.554952 0.396106 0.250398 0.064597
0.058648 -0.860132 -0.222660 -0.745782 0.418837 -0.617456 -0.194858 -0.080588 0.140979 -0.265202
0.385755 -0.738643 -0.980551 -0.917690 0.027075 -0.322788 -0.623249 0.336416 0.798759 0.365056
-0.286200 -0.974649 -1.048863 -0.587430 0.476901 0.407919 -0.675662 -0.535629 0.131599 -0.542820
0.383228 -1.028426 -0.286908 0.199665 0.399538 -0.293257 -0.655816 -0.107562 0.062274 -0.194454
0.452623 -0.685747 -1.785123 -0.369722 0.462639 -0.325170 -0.102424 -0.444202 0.298175 -1.340654
0.547790 -0.551378 -1.914850 -0.332849 0.059554 0.346658 -0.517393 -0.637595 0.578827 -0.596593
-0.812027 -0.813844 -0.805479 0.040480 -0.156722 -0.576539 -0.056407 0.001870 -0.403991 -0.696820
0.772887 -1.095188 -1.913107 -0.062015 -0.048563 -0.513832 -0.081465 -0.825006 0.366721 -0.753143
-0.478394 -0.865699 -1.009919 -0.711414 0.522828 0.287790 -0.309321 -0.731547 0.094961 -0.202573
0.530921 -1.265569 -0.925303 -0.043659 0.149402 -0.363543 -0.777447 0.150405 0.270749 -0.317202
-0.390515 -0.116404 -0.261833 -0.350045 0.591748 -0.504221 -0.177893 -0.375364 -0.545877 0.580190
0.136013 -0.937288 -0.769423 0.109674 0.575308 -0.114402 0.245743 -0.761421 -0.115958 -1.048587
0.260986 -0.497400 -1.136916 -0.949652 0.212042 -0.726596 0.047368 0.217929 1.651180 -0.510485
0.564923 -0.183826 -0.507814 -0.160772 -0.030786 -0.096441 -0.524436 0.005926 0.867385 0.347163
-0.431236 -0.542436 -0.465602 -0.704727 0.575938 -0.178869 0.577762 -0.821089 -0.032027 -0.519099
-0.490595 -0.484852 -0.367610 -0.459269 0.171778 -0.723780 0.283260 -0.175423 -0.294688 -0.462840
0.696019 -0.654499 -1.314722 -0.216788 -0.412157 0.137132 -0.947240 0.204093 0.102211 0.162024
0.811135 -0.325190 -1.226446 -0.278540 -0.385336 0.063401 -1.133716 -0.005844 0.478897 -0.130560
0.692206 -0.269060 -1.324715 -0.350503 -0.317994 -0.063395 -1.122099 0.111568 0.449125 -0.128182
0.678104 -0.201012 -1.282168 -0.346384 -0.402798 -0.009534 -1.222427 -0.053330 0.371693 -0.123135
0.657776 -0.151636 -1.449452 -0.371361 -0.214048 -0.013581 -1.095194 0.211322 0.526889 -0.093519
0.964435 -0.210053 -1.385765 -0.376906 -0.269575 0.549798 -0.967200 0.508808 0.617436 0.198136
0.942956 -0.485918 -1.514451 -0.281177 -0.363219 0.224340 -0.786668 0.140780 0.542929 0.211824
0.740624 -0.068848 -1.547560 -0.443226 -0.168728 0.222487 -1.031866 0.303192 0.557005 0.042005
0.852999 -0.126055 -1.699260 -0.498274 -0.209027 0.345333 -0.876976 0.377583 0.652540 0.215988
1.008797 -0.320850 -1.242195 -0.089914 -0.084133 0.329581 -0.980551 0.729773 0.907351 0.285227
1.217388 -0.319141 -1.255609 -0.169867 -0.186118 0.502662 -0.821309 0.372562 0.753371 0.326627
0.764550 -0.334845 -1.440419 -0.655078 0.068536 0.764737 -0.651427 0.545454 0.658520 0.252837
0.367568 -0.662431 -1.536401 -0.331129 -0.400301 -0.009529 -0.849561 0.047849 0.621998 0.267475
1.153831 -0.471898 -1.542853 -0.016831 -0.511157 0.475891 -0.835192 0.303592 0.722906 0.520537
0.959497 -0.080062 -1.558124 -0.498937 -0.192209 0.516316 -0.863273 0.385594 0.602092 0.227443
0.853486 -0.232555 -1.367318 -0.444635 -0.114224 0.528911 -0.888752 0.477101 0.668560 0.239303
0.967827 -0.046531 -1.554589 -0.596651 -0.016270 0.443601 -0.832200 0.632304 0.838397 0.229985
0.839854 -0.054365 -1.504489 -0.549292 0.014971 0.425638 -0.823476 0.687235 0.687908 0.193318
0.855157 -0.277101 -1.633735 -0.480113 -0.384163 0.161036 -0.821722 0.254016 0.453251 0.273823
1.200648 -0.592823 -1.291771 -0.068526 -0.720087 0.617846 -0.786421 0.207410 0.508176 0.602687
1.103531 -0.679321 -1.473163 -0.080707 -0.271456 0.660243 -0.633560 0.112802 0.852536 0.389046
0.987406 -0.435359 -1.333301 -0.028293 -0.133851 0.215785 -1.057792 0.384154 0.888410 0.236620
0.800385 -0.309090 -0.368599 -0.060111 -0.456063 -0.017574 -0.292508 0.555948 0.495749 -0.426716
0.856369 -0.278183 -1.331210 -0.516300 -0.379676 0.420886 -0.900507 0.228116 0.307378 0.165562
0.849893 -0.114677 -1.495893 -0.450100 -0.066018 0.278896 -0.944849 0.466329 0.710033 0.066997
