-0.504651 -0.909277 -0.833150 -0.306253 0.353435 -0.375282 -0.276173 -0.845759 0.016592 -0.503762
0.132376 -0.421393 -1.033032 -0.254614 -0.536067 0.044530 -0.900160 -0.589740 0.098127 -0.305843
0.178030 -0.742401 -1.145332 0.303256 -0.500700 -0.820257 -0.625435 -0.079735 0.597147 -0.332118
0.514186 -0.159182 -1.384386 -0.324965 0.532187 0.092919 -0.389275 0.598807 0.147022 -0.335126
-0.002321 -0.756619 -1.009814 -0.437160 0.129032 0.277004 -0.520971 -0.280849 0.369824 -0.139435
-0.323378 0.001338 -0.898699 -0.819748 0.029910 -0.665214 0.024866 0.426173 0.138400 -0.321114
0.056993 -0.135215 -0.451546 0.026707 0.566740 0.171056 -0.163269 -0.489428 0.369692 -0.150055
-0.516128 -0.768956 -1.449220 -0.600055 0.348395 -0.033920 0.379998 0.505946 0.182358 -0.822859
0.523358 -1.089335 -1.435799 -0.218120 0.215251 -0.161135 -0.357604 -0.701867 -0.382754 -0.918234
0.264398 -1.175627 -0.924537 -0.104276 0.932109 -0.203485 0.007633 -0.247564 0.663811 -0.959163
0.199557 -1.067543 -0.670256 -0.370694 0.601756 -0.489986 -0.620221 -0.536327 0.276946 0.146323
-0.398576 -1.311438 -1.085688 -0.693209 0.010777 -0.233488 -0.698922 -0.105717 0.040002 -0.962017
-0.483169 -0.726534 -1.103329 -0.231639 0.397283 -0.180464 0.550297 0.267911 0.475993 -0.273175
0.272620 0.167964 -1.327638 -0.348400 -0.568236 0.214230 -0.090723 -0.324818 0.408292 0.071687
-0.649227 -0.207437 -1.403025 -0.913091 0.516681 0.024791 0.489973 0.493610 0.093716 -0.369214
-0.482072 -0.067833 -1.011526 -0.544982 1.002227 0.743778 0.162643 0.927066 0.358065 -0.341991
-0.571285 -0.116643 -1.002107 -1.078179 0.391170 0.251260 -0.146035 -0.522171 0.228735 -0.132893
0.182918 -1.211451 -1.154967 0.671875 0.100344 0.169162 0.813173 -0.204089 0.202516 -0.199035
-0.268234 -0.867661 -1.718606 -0.088742 0.836625 -0.339214 -0.067437 0.656500 0.136199 -0.230222
0.160895 -1.263910 -0.556424 -0.308329 0.740434 0.440861 -0.750430 -0.769658 0.065965 -0.258471
0.101950 0.225761 -1.480811 -0.686403 0.314078 0.346903 -0.431073 0.207628 0.854026 -0.012044
0.466765 -0.186547 -1.182200 0.073928 0.429530 0.196847 -0.674124 -0.486449 0.061248 -0.701045
-0.071627 -0.525374 -0.475215 -0.264178 -0.254291 -0.512214 0.330886 0.234888 0.605998 -0.935760
0.605473 -1.449891 -1.330112 0.299119 0.416375 -0.919039 -0.192093 0.291491 0.260450 0.487980
-0.160462 -0.579040 -1.383714 -0.000573 0.211434 0.201164 -0.407100 -0.368958 0.155857 -0.490072
0.079231 0.046788 -1.057566 -0.432710 0.053231 -0.707833 -0.309249 0.457367 0.249056 0.028405
-0.833896 0.317446 -0.825896 -1.466376 0.978894 -0.269012 -0.278031 -0.070364 0.337721 -0.103044
-0.352149 -0.057859 -1.228607 -1.061162 0.464021 -0.297450 -0.384404 0.033968 0.499059 -0.334204
0.253612 0.025566 -0.953400 -0.802246 0.352155 -0.207474 -1.209260 0.423483 0.762333 0.329305
-0.207044 -0.550886 -0.723113 -0.560191 -0.218944 -0.449343 -0.479272 -0.153310 1.082602 -0.719418
-0.788568 -0.581533 -0.945172 -0.371685 -0.101653 0.256563 0.131395 0.652497 0.888170 -0.833346
0.036015 -0.399481 -1.433729 -0.370343 0.501483 -0.623337 0.103160 -0.334963 0.299719 -0.904854
0.257446 -0.590796 -0.797068 -0.546147 0.787109 -0.516019 -0.601350 0.712799 0.045179 -0.691697
0.477220 -0.490979 -1.127857 -0.678274 -0.371678 -0.874733 -0.303381 0.202673 0.311747 -0.287635
-0.017375 -0.668410 -0.807871 -0.870649 0.200952 -0.682259 -0.550278 0.276895 0.957886 -0.055340
-0.209822 -1.114734 -0.775094 -0.471132 0.221145 -0.316809 -0.439628 0.170064 0.450562 -0.700390
-0.084095 -0.465973 -0.454755 -0.161023 0.531209 -0.845239 -0.207664 0.131628 -0.349225 -0.966250
-0.559784 -0.857062 -1.139931 -0.195114 -0.247557 -0.560034 -0.336488 0.232369 0.937633 -0.759082
-0.566470 -0.121812 -1.161633 -0.322095 0.722621 0.102055 -0.063611 0.148102 0.131579 -0.818389
-0.147433 -0.067690 -0.806857 -0.508189 -0.198762 -0.782118 -0.705533 -0.056059 0.589414 -0.411992
-0.161525 -0.206291 -0.845968 0.153548 0.541258 -0.056298 -0.735541 0.427571 0.228165 -0.650080
-0.829546 0.100928 -1.695154 -1.025200 0.549903 0.134448 -0.175879 0.894256 0.981711 -0.892598
0.014064 -0.875835 -1.182969 -0.129550 1.165201 0.118719 -0.706874 -0.081336 -0.024702 0.248565
0.201172 -1.171726 -1.275571 -0.581429 0.176734 -0.157699 -0.845009 0.203028 0.282345 0.105849
-0.225258 -0.531516 -0.842285 -0.218845 0.297772 -0.387875 -0.378627 0.225842 0.091943 -0.798701
0.032939 -1.215107 -0.989352 -0.003886 -0.293782 -0.307189 -0.695368 0.037879 0.412360 -0.572503
-0.580823 -0.091580 -1.143612 -0.920292 0.144855 0.266655 0.105506 -0.146650 0.996735 -0.577662
-0.443842 -0.466122 -0.560934 -0.254785 0.861655 0.194973 -0.470984 -0.014509 0.747091 -0.463504
-0.264541 -0.813412 -1.011792 -0.174155 0.786277 -0.333594 -0.344707 0.696130 0.218314 -0.793852
-0.444058 -0.228080 -0.893240 -0.210627 0.655910 0.308493 -0.574627 0.284641 0.472520 -0.561482
-0.617506 -0.795388 -1.480905 -0.158253 0.263908 -0.162055 -0.331343 0.256548 1.010884 -0.628673
-0.176075 0.526127 -0.851154 -0.367853 1.110478 0.718524 -0.252142 0.431395 0.583761 -0.749004
-1.058730 -1.182159 -0.688068 -0.316422 -0.116445 -0.643554 -0.223046 -0.125996 -0.231858 -0.236460
0.571227 -0.888880 0.087386 -0.566144 1.170232 -0.161372 -0.531338 -0.259160 0.286149 -1.237996
-0.381396 -0.777719 -0.439468 -0.242344 0.631957 -0.860396 0.003969 0.000693 -0.276843 -0.229330
-0.107896 -0.339745 -1.158528 -0.043003 -0.162107 0.196572 -0.313296 -0.549284 -0.622927 -0.105067
-0.363197 -0.240372 -1.387720 -0.852429 0.167405 0.420241 0.113645 0.569790 0.483528 -0.714118
0.493092 -0.952345 -1.419557 0.217453 0.588575 -0.336653 0.052715 0.134029 -0.348411 -0.667852
0.386310 -0.827636 -0.463662 0.609750 0.368296 -0.189883 0.099807 -0.641323 -0.165818 -0.954369
-0.278270 -0.041629 -1.054833 -0.769464 -0.174697 0.351710 0.027504 0.680374 1.176328 -0.475720
0.380657 -0.154366 -0.950737 0.428080 0.524394 0.122133 -0.457086 -0.563622 0.445781 -0.753223
-0.445522 -0.269274 -1.433153 -0.708578 0.177485 -0.619082 0.369772 0.677017 0.170506 -1.012878
-0.053039 -0.554033 -0.705519 -0.221761 1.070180 -0.195148 -0.233608 0.140062 0.030633 -0.121883
-0.077963 -0.458650 -0.870517 -0.389248 0.508807 0.102836 -0.705377 0.451584 -0.373976 -0.684061
0.161716 -1.021551 -0.993665 -0.097159 0.690067 -0.452707 -0.068012 -0.340823 0.749533 -0.265450
0.454621 -0.103952 -1.482276 -0.749202 -0.104926 -0.169174 -0.971897 0.099087 0.933061 -0.064449
-0.082658 -0.566107 -1.748427 -0.800863 -0.050213 -0.071214 0.019235 -0.181249 -0.488609 -0.508439
-0.168876 -0.847161 -1.422784 -0.770414 -0.077854 0.026345 -0.014261 -0.341725 -0.310482 -0.613522
0.149749 -0.226850 -0.927826 -1.007213 0.579053 -0.272552 -0.466943 -0.692893 0.321027 -0.160684
0.024886 -0.424940 -1.088695 -0.655328 0.634355 -0.386168 -0.510873 0.336308 0.138322 -0.475982
0.164584 -0.827677 -0.908842 0.103557 -0.529518 -0.800319 -0.183330 -1.417855 0.180576 -0.610708
0.574471 -0.185281 -0.902499 0.327070 -0.636076 -0.313931 -0.447064 -0.329389 -0.113211 -0.576297
0.414315 -0.859525 -1.009357 -0.193422 0.054872 -0.555697 -0.723028 -0.787708 0.215553 -0.394845
-0.099748 -0.854848 -0.870289 -1.213057 0.730190 0.126107 -0.380605 -0.309398 0.493071 -0.313643
0.343832 -0.482294 -0.662295 -0.266571 0.662851 -0.129022 -0.775578 0.300581 -0.589993 -0.326520
-0.409700 -0.454272 -0.953601 -0.416484 0.518356 -0.741603 -0.681112 0.192736 0.119057 -0.790076
-0.426278 -0.758999 -1.068786 -0.405273 0.092262 -0.637200 -0.283902 -0.077566 0.483872 -0.450261
-0.073686 0.278229 -1.084693 -0.581185 0.754983 -0.646665 -0.382402 0.858721 0.439604 -0.358092
-0.268117 -0.717829 -1.396242 -0.472515 -0.203201 -0.060843 -0.360322 -0.072667 0.557031 -0.380189
0.243599 -0.429955 -0.619877 -0.524358 0.652787 -0.161573 -1.269505 -0.085083 0.242621 -0.530103
-0.172736 -0.226387 -1.145459 -0.552932 0.382271 0.192052 -0.412737 -0.039336 0.493654 -0.345234
-0.294161 0.085951 -1.420127 -0.856517 0.345599 0.116922 -0.446191 0.481549 0.729672 -0.085911
-0.393146 0.266502 -1.571191 -0.943099 1.024183 -0.328581 0.244144 0.504087 0.575667 -0.422092
0.095635 -0.623362 -0.828392 -0.330401 0.524538 -0.198889 -0.483373 -0.221058 0.733573 -0.629548
-0.302047 -0.278807 -0.928903 -0.700974 0.128071 0.108933 -0.642934 -0.878461 0.083105 -0.395375
-0.798634 -0.139526 -1.259430 -0.342016 -0.112949 0.055326 0.034299 0.890169 0.815588 -0.387661
-0.671492 -1.235058 0.327598 -0.474591 0.877650 0.064166 0.509044 0.136133 -0.113357 0.013257
-0.430764 -0.122936 -0.913176 0.070332 1.017279 -0.731555 -0.280855 1.093568 -0.061903 -0.354825
0.415147 -0.810877 -0.942967 0.036855 -0.243308 0.280130 -0.000057 -0.637955 0.141790 0.242829
-0.322300 -0.714328 -0.705229 -0.554165 1.078618 -0.391765 -0.438529 0.061463 -0.278267 -0.673072
-0.493733 0.979457 -1.137938 -1.002257 1.130702 0.684381 -0.108236 0.398991 0.841742 -0.274511
-0.108414 0.085660 -1.366833 -0.462730 0.539980 -0.070129 -0.532936 0.684408 -0.085788 -1.252930
-0.456748 -0.330423 -1.041444 -0.582839 0.212962 0.230055 -0.723177 0.443685 0.618134 -0.641962
-0.030066 -1.314654 0.053302 -0.151206 0.385467 -0.335127 -0.101989 -0.280926 -0.285402 -0.134476
-0.648583 -0.674480 -0.701997 -0.212095 0.647750 0.468602 -0.611572 -0.420534 -0.232544 -0.040209
0.474375 -0.359423 -0.757562 -0.026429 0.486637 0.168006 -0.499996 0.358479 0.468753 -0.441750
-0.241562 0.458292 -1.535124 -0.749766 0.780113 0.229071 -0.342464 0.774020 0.825306 -0.228794
-0.335504 -0.368618 -1.436323 -0.177922 -0.243045 -0.231696 -0.000169 1.148890 0.340270 -0.824144
-0.463753 0.205306 -1.427370 -0.933279 0.710612 0.433758 0.326252 -0.091000 0.755808 -0.323042
-0.038907 -0.793355 -0.374269 0.205232 0.388406 -0.514050 0.084501 0.211467 -0.171365 -0.130221
-0.527019 -0.312581 -1.565059 -0.313996 0.005001 0.130043 0.149520 0.965769 0.333993 -0.163585
0.057640 -0.609920 -0.761193 0.341533 -0.229315 -0.496911 0.260489 0.302811 0.279591 -0.319872
-0.808399 -0.380294 -0.925587 -0.430270 -0.872886 -0.436506 -0.007516 0.070642 0.396199 -1.154406
-0.042206 -0.862751 -0.531484 -0.255722 0.681510 -0.009318 -0.344314 0.295618 0.399394 -0.200078
-0.306147 -0.089799 -1.212840 -1.017120 -0.214282 0.286051 -0.161840 0.942583 0.128328 -0.192860
-0.223743 -1.176240 -0.264087 -0.949478 0.094204 -0.516092 -0.231320 0.035041 -0.103513 -0.322628
-0.583858 -0.229770 -1.078753 -1.020398 -0.215545 0.049636 -0.418269 0.722547 0.636084 -0.238444
-0.626872 -0.672613 -1.471064 -0.391391 0.289182 -0.063901 -0.291054 -0.456355 -0.159483 -0.963282
0.069240 -1.110357 -0.156708 -0.790488 0.861189 0.205696 -0.727270 0.514840 0.250837 -0.015587
-0.270558 -0.588012 -1.244487 -0.114487 -0.083255 0.069002 -0.256409 1.142787 0.800178 -0.856986
-0.090780 -0.030827 -1.450533 -0.389820 0.428579 -0.451328 -0.184024 0.277057 0.208308 -0.555669
-0.161227 -0.692935 -1.798763 -0.684010 1.079060 -0.287520 -0.175832 0.392994 0.138990 -0.819127
-0.026982 -0.348683 -0.703618 -0.114281 0.366655 -0.306723 -0.434135 -0.103345 0.976658 -0.263777
-0.752060 0.711677 -1.601053 -1.055303 0.601512 -0.130236 0.049356 0.810864 0.628355 -0.666228
0.695035 -1.259649 -0.082025 0.291853 0.281666 -0.995964 -0.157433 0.056189 -0.084662 0.327395
0.204502 -1.027798 -0.862546 -0.227649 0.888158 -0.309715 -0.318086 -0.297980 -0.680035 -0.686046
-0.420995 0.263083 -1.037040 -0.974959 1.110640 0.126792 -0.068621 0.899321 0.867078 -0.562345
0.564515 -0.570037 -0.673259 -0.343328 0.220975 0.428982 -0.723337 0.061613 0.164870 0.845673
-0.145920 -0.007852 -1.978462 -1.012770 0.374087 0.275698 -0.819321 0.837677 1.341672 -0.566997
-0.511814 -0.045645 -1.134431 -0.584789 0.904011 -0.343354 0.038428 0.873382 0.354062 -0.608549
0.293955 0.089622 -1.689482 -0.450185 -0.017260 -0.041014 -0.345025 0.810938 0.483368 -0.516268
-0.233857 -0.395097 -0.992063 0.008971 -0.031645 0.493387 -0.081627 -0.555820 0.002742 -0.764299
-0.677087 0.161384 -1.505272 -0.576670 0.181740 -0.524976 0.184204 0.211613 0.502435 -0.504863
-0.673436 -0.053080 -0.669300 -0.444181 0.946232 -0.609527 0.580370 -0.111407 -0.263768 -0.083299
-0.579895 0.131321 -0.669000 -0.206833 1.056564 -0.400894 -0.246748 0.312195 -0.236365 -0.217682
-0.320345 -0.193930 -1.118536 -0.649482 0.278819 -0.092660 0.158377 -0.015142 0.115870 -1.030816
0.118922 0.241761 -1.801514 -0.644496 0.239007 0.128287 -0.740901 -0.606404 0.219653 -0.319800
0.783461 -0.196576 -1.357634 -0.627477 -0.353980 0.401097 -0.928649 0.163772 0.238853 0.070808
0.957025 -0.122462 -1.404814 -0.436628 -0.064513 0.380068 -0.923630 0.469830 0.666385 0.150969
0.417394 -0.378504 -1.199750 -0.347257 -0.478085 0.328661 -0.857532 0.438442 0.459800 0.022117
1.116936 -0.275209 -1.492762 -0.171207 -0.124710 0.342226 -0.978269 0.615620 0.611782 0.081538
1.194642 -0.374221 -1.438251 -0.192107 -0.627046 0.550943 -0.858663 0.158899 0.486150 0.145416
1.035239 -0.363022 -1.290094 -0.259467 -0.044820 0.111335 -0.677432 0.587739 0.523553 0.399426
0.848025 0.143328 -1.612236 -0.538231 -0.022554 0.247724 -1.096073 -0.323009 0.076992 0.481971
1.053964 0.027909 -1.437993 -0.422728 -0.138150 0.376855 -1.269363 0.248262 0.794704 -0.005093
1.028622 -0.319956 -1.505976 -0.630676 -0.156440 0.493982 -0.725889 0.449852 0.684797 0.303516
0.707619 -0.415104 -1.222371 -0.296320 -0.471571 0.383256 -1.232934 0.464638 0.633008 0.174983
1.450185 -0.752368 -1.218538 -0.333096 0.680002 -0.258318 -0.817593 0.880178 0.325438 0.224433
1.009373 -0.313581 -1.537117 -0.197955 0.129266 0.566708 -0.955467 0.864449 0.565024 0.247728
0.693448 -0.213251 -1.766129 -0.485624 0.203967 -0.103862 -1.262697 0.622851 0.178251 -0.050237
0.791315 -0.128186 -1.379676 -0.409658 -0.057099 0.225745 -0.966125 0.457902 0.495934 0.299802
0.792393 -0.607917 -1.679167 -0.823688 -0.061164 0.010161 -0.563357 -0.069391 0.247913 0.190394
0.803785 -0.069868 -1.444722 -0.488696 -0.044041 0.424036 -0.854224 0.630871 0.670661 0.083553
0.966707 -0.010879 -1.373605 -0.188613 0.021942 0.381079 -0.934887 0.689231 0.899957 0.302048
1.245643 -0.194955 -1.555302 -0.153443 0.140555 0.472222 -0.798224 0.582312 1.234710 -0.058959
0.976498 -0.095334 -1.609794 -0.395187 -0.020994 0.330270 -0.816109 0.714651 0.905655 0.307756
0.860652 -0.125665 -1.447386 -0.413351 -0.110836 0.301622 -1.029587 0.473593 0.724889 0.076387
0.798808 -0.320555 -1.393056 -0.166112 -0.174824 0.403705 -0.837841 0.394762 0.780974 0.181395
1.111866 -0.163835 -1.427664 -0.206417 0.170720 0.316858 -0.852114 0.677503 1.144200 0.050870
1.035586 -0.269098 -0.996203 -0.299477 0.082519 0.459437 -0.989233 0.550678 0.822403 0.282317
0.836058 -0.296791 -1.487107 -0.356081 -0.249228 0.232774 -0.980015 0.149854 0.533664 0.019432
0.750153 -0.415189 -1.534884 -0.241027 -0.381974 0.089926 -0.857944 0.175007 0.583205 0.011425
0.609121 -0.782258 -0.733168 -0.299764 0.809006 -0.242677 -1.162595 0.147448 0.387335 0.328730
1.345244 -0.386115 -1.513269 0.101933 -0.225330 0.433793 -0.667350 0.300946 1.085564 0.520882
0.637644 -0.300097 -1.333198 -0.593853 0.185098 0.349148 -0.722903 0.471892 0.766881 0.086642
0.785517 -0.154881 -1.758861 -0.075265 0.390819 0.549762 -0.683587 0.345167 1.069866 0.031613
0.659972 -0.588234 -1.794976 -0.009533 -0.139879 0.223123 -0.202056 -0.015982 0.856292 -0.170224
0.726628 -0.955549 -1.468943 0.113414 0.006022 0.321063 -0.338757 -0.857089 0.639188 -0.365565
0.959570 -0.537449 -1.510340 -0.049179 -0.048023 0.114613 -0.621122 0.547583 0.755026 0.329353
1.096927 -0.455211 -1.488006 -0.171499 0.447086 0.147140 -0.922659 0.736254 0.370986 -0.153182
0.552762 -0.173518 -1.455793 -0.529494 0.029397 0.128319 -0.851521 0.435374 0.119590 0.067579
0.885356 -0.172908 -1.483754 -0.495153 0.011197 0.428065 -0.785127 0.703616 0.701503 0.216423
1.128568 -0.539181 -1.584801 -0.180596 -0.272935 0.024385 -0.558198 -0.336736 0.340954 0.334705
1.267815 -0.461839 -1.465626 -0.223495 -0.141255 0.224429 -0.963777 0.618699 0.775898 0.598836
0.896323 -0.354195 -1.874669 -0.567421 -0.254185 0.226625 -0.827697 0.389217 0.618613 0.216465
0.934135 -0.266233 -1.570969 -0.261307 0.035454 0.394242 -0.978058 0.408991 0.676117 -0.024577
0.686192 -0.234381 -1.513642 -0.371744 -0.231045 0.086932 -0.950167 0.158199 0.496426 -0.009242
1.103096 -0.311201 -1.232163 -0.077758 -0.053126 0.163374 -1.139928 0.690005 1.087760 0.077288
1.051959 -0.533310 -1.610164 -0.308163 -0.465465 0.520380 -0.979260 -0.000025 0.307177 -0.051713
0.781865 -0.067941 -1.583262 -0.507036 -0.177508 0.256313 -1.053313 0.191199 0.541787 0.035553
1.055814 -0.241615 -1.292552 -0.185761 -0.173458 0.398861 -1.069003 0.516304 0.983864 0.279804
1.070812 -0.261394 -1.800735 -0.485577 -0.380433 0.505010 -0.802849 0.298791 0.660151 0.377053
0.786113 -0.208421 -1.238130 -0.398892 -0.221018 0.233961 -1.119816 0.312676 0.531696 -0.039442
0.744687 -0.244529 -1.276102 -0.403362 -0.237345 0.218667 -1.024967 0.351737 0.518529 -0.000494
1.240852 -0.233892 -1.591635 -0.210880 -0.134062 0.747921 -1.579646 -0.274324 0.913857 -0.509481
0.609316 0.018494 -1.488449 -0.654137 0.152833 0.212549 -1.131340 0.608167 1.081946 0.428344
