-0.508702 0.262268 -1.404107 -0.166727 0.512271 -0.196194 -0.506509 -0.094712 0.867419 -0.878374
-0.457528 0.143138 -1.023233 -0.762122 0.107168 0.421867 -0.381737 -0.631646 0.148922 -1.166574
-0.059067 0.059798 -1.364937 -0.184712 0.328551 0.062768 -0.349985 0.476033 -0.016087 -0.159904
-0.533528 -0.521735 -1.117985 -0.211492 -0.161520 -0.820565 0.050989 0.314440 0.068051 -0.917875
-0.549605 -0.644855 -0.848498 0.036586 -0.026256 -0.629792 -0.835939 0.088368 0.077855 -0.723441
-0.975650 -0.047802 -0.939224 -0.614564 -0.080373 -0.363779 -0.507005 0.681896 0.103654 -0.655694
0.117049 0.664308 -1.707422 -0.347849 0.346506 0.406388 -0.414222 0.857861 0.608165 -0.515169
-0.608323 -0.056429 -1.468009 -0.237805 0.231362 -0.465072 -0.053641 0.100999 -0.317839 -0.862692
-0.195528 -0.644242 -0.752164 -0.418700 0.621190 -0.144536 -0.189220 -0.112424 -0.034067 -0.507217
-0.320264 -0.405550 -1.023478 -0.122466 0.065435 -0.307452 -0.194128 0.930766 0.083903 -0.823052
-0.785194 -0.118357 -1.208450 -0.750542 0.336260 0.127673 0.342506 0.007422 0.177413 -0.871375
-0.304979 -0.225444 -1.345598 -0.454008 0.345413 -0.203891 -0.300067 0.707218 0.489175 -0.407134
0.365104 -0.666736 -0.575129 -0.049475 0.552082 -0.392946 -0.186715 0.202554 -0.060543 -0.287779
-0.336971 -0.775337 -1.492221 -0.477765 0.404154 0.408931 -0.461591 0.428181 0.491862 -0.687709
-0.449781 0.470150 -1.300727 -0.745787 0.742606 0.484618 -0.023078 0.594882 1.258079 -0.338381
-0.130012 0.066069 -0.744799 0.235606 -0.430059 -0.010918 -0.685426 1.028640 0.364658 -0.006733
-0.167596 0.021905 -1.483129 -0.252142 -0.202693 -0.480171 -0.180371 -0.087462 0.022531 -0.449568
0.397337 -0.970161 0.255996 -0.610235 0.377868 -1.130028 -0.271561 -0.275831 -0.135496 -0.036560
-0.024815 0.008028 -1.107536 -0.368744 -0.019963 -0.218943 -0.113789 0.476317 0.806292 -0.517118
-0.481474 0.287063 -0.945153 -0.742440 0.925696 0.003524 0.150989 0.498406 0.374526 -0.194908
-0.400283 -0.048176 -0.867757 -0.201808 -0.049260 -0.477491 -0.028419 0.647866 0.674658 -0.722250
-0.411204 -0.307199 -0.969741 -0.375715 0.246508 -0.515530 -0.723441 0.691153 -0.564032 -1.015653
-0.078838 -0.213922 -0.704275 -0.506089 0.833196 0.539328 0.152463 0.554831 0.805388 -0.249763
-0.553117 -0.077206 -1.322830 -0.367150 0.219813 -0.252906 -0.107267 0.736990 -0.184008 -0.591615
0.025516 -0.062763 -0.286420 0.176110 0.652936 0.265387 -0.200023 0.217084 -0.094362 -0.588813
0.351531 -0.199769 -1.241161 -0.006590 -0.009614 0.048905 -0.279788 0.788194 0.194265 -0.656361
0.231547 -0.964104 -0.672219 -0.429773 -0.116721 -0.495307 -0.246929 -0.332335 0.142685 -0.075057
-0.442375 0.769637 -1.301380 -0.549294 0.485666 -0.043438 0.281842 0.076311 -0.164418 -0.775800
-0.602252 -0.393497 -0.781437 -0.182797 -0.074589 -0.033518 0.225429 0.950180 0.834196 -0.359415
0.308052 -0.553057 -0.536505 -0.332094 0.222272 -0.138162 -0.771107 0.293454 1.013782 0.212391
-0.236192 -0.795630 -1.216586 -0.142730 0.666737 -0.067097 -0.034235 0.894995 -0.128075 -0.059058
-0.326384 0.010110 -0.776305 -0.466025 1.453816 0.006643 0.501514 0.310736 0.489467 -0.798315
-0.049578 -0.073773 -1.776966 -0.698421 0.556321 -0.528161 -0.142971 0.905317 -0.136316 -0.543333
-1.175450 -0.669620 -1.219474 -0.611670 0.036560 0.101558 0.046415 0.384977 0.349438 -0.981218
-0.644188 -0.179619 -0.934591 -0.177761 0.254329 0.270246 0.587959 0.329491 -0.564786 -0.476783
-0.521756 -0.224226 -1.145470 -0.539378 0.669333 -0.166245 0.502479 0.655367 -0.521696 -1.087810
-0.157601 -0.139957 -0.631926 -0.219203 1.376361 0.051714 -0.038659 0.141273 -0.323829 -0.797137
-0.720441 0.278176 -1.524122 -0.679275 0.646577 0.132985 0.164769 0.941428 0.705767 -0.216116
-0.102902 -0.950882 -0.081147 0.156247 0.335980 0.152178 -0.198048 -0.997611 -0.289905 -1.274105
-0.391317 0.226071 -1.124373 -0.478138 0.527275 0.112148 -0.028001 0.219751 0.596761 -0.093942
-0.230049 -0.905615 -1.192539 0.020435 0.774285 -0.351511 -0.212868 0.494576 -0.189992 -0.765421
-0.527716 0.193686 -0.673349 -0.915875 0.945087 0.237190 0.194135 -0.074619 0.149389 0.034757
0.058849 -0.537271 -0.026303 -0.258291 0.229517 0.156493 -0.355047 -1.568683 -0.077530 -0.217275
-0.826991 0.011057 -0.958485 -0.391867 0.792597 -0.400077 0.073356 0.460407 0.162491 -0.672941
-0.277023 0.298943 -1.488470 -0.806043 0.514806 -0.019929 -0.501479 1.058307 0.557663 -0.210193
-0.525216 -0.384504 -1.189586 -0.476524 0.434324 -0.338974 0.093926 0.705954 -0.431897 -0.637603
-0.036268 0.082986 -1.259507 -0.789800 0.493979 -0.238638 -0.363717 0.782072 0.009685 -0.732322
0.438988 -0.433387 -1.532596 -0.407971 0.985908 -0.004963 -0.455542 0.478856 0.918310 -0.464029
-0.284109 0.099450 -0.964523 -0.476180 0.667636 -0.076136 0.018237 0.436704 0.584251 -0.481170
0.072068 0.581315 -1.385399 -0.566717 0.831566 0.897803 -0.210380 0.297667 0.120855 -0.550126
0.174799 -0.551676 -0.865356 -0.789882 0.870002 -0.276241 -0.223662 0.340737 -0.536346 -0.702457
-0.065747 -1.626957 -0.393442 0.143305 -0.129338 -0.500567 -0.321833 -0.580765 -0.181615 -0.792800
0.173584 0.130243 -1.282554 -0.380280 0.503010 0.476580 -0.525150 0.179836 0.390533 -0.831134
0.135993 0.297434 -1.394389 -0.339804 0.793625 -0.436841 0.168259 -0.031864 0.636149 -0.805088
0.145482 -0.294177 -0.972010 -0.281302 0.333788 -0.141643 0.138828 0.016243 -0.026101 -0.345650
0.080896 -0.220821 -0.019112 -0.275508 1.048633 0.350379 -0.218761 -0.170031 0.227862 0.176329
-0.174459 -1.288516 -0.961046 0.643784 0.257069 -0.470094 -0.376590 0.234560 -0.423241 -0.930697
-0.292476 -0.524580 -0.934439 -0.503118 -0.243419 0.143750 0.053798 -0.504858 0.271619 -0.567264
-0.167405 0.064352 -0.725104 -0.502356 0.701834 0.224907 -1.078625 0.518275 0.723937 -0.161297
-0.725614 -0.237586 -1.113923 -0.364341 0.550059 0.041475 0.360654 0.287287 0.100612 -0.957816
-0.024490 -0.211493 0.237661 -0.155098 1.033551 -0.076813 0.256701 -0.159195 0.297927 -0.170233
-0.515256 0.093314 -0.911869 -0.116622 0.269854 -0.589032 -0.125012 0.561201 -0.156905 -0.347983
-0.094860 -0.055701 -0.931419 -0.504946 0.335329 -0.038559 -0.155827 0.594137 0.595925 -0.222280
-0.868170 -0.052374 -0.600381 -0.303939 0.440972 -0.507512 0.483767 0.450830 0.210369 -0.431853
1.028060 -0.618443 -0.056525 0.027943 0.313619 0.093143 -0.602906 0.098716 0.694122 0.706220
-0.018557 -0.901046 -0.203092 -0.450762 0.204614 0.145419 -0.411734 -0.825843 0.393798 -0.130040
0.205956 -0.560750 -0.195878 -0.180790 1.421947 0.237210 -0.367022 -0.463471 0.079965 -0.314342
0.341604 -0.647115 -1.018656 -0.539846 0.401198 0.031880 -0.289345 -0.607103 0.162120 -0.399924
-0.321048 -0.484867 -1.594206 -0.862143 0.572636 0.223996 -0.285375 -0.045812 0.003122 -1.564094
-0.394607 -0.841027 -0.876409 0.005586 0.180872 -0.360244 -0.164837 0.074370 -0.098054 -0.734829
-0.115429 -0.262475 -1.151690 0.547927 0.752077 -0.100835 -0.178524 0.221139 -0.233063 -0.626461
-0.531309 -0.781285 -0.831052 -0.726431 0.053047 -0.139318 -0.386268 -0.200960 0.563726 -0.631039
-0.157247 0.133491 -1.621591 -0.718595 0.055900 0.038895 -0.049413 0.148255 0.027960 -0.650143
-0.287565 -1.304902 0.066548 0.461960 0.802227 -0.254780 -0.011556 0.173967 -0.289111 -0.145114
0.910125 -0.400849 -0.785842 -0.457682 0.252793 0.108684 -0.296294 -0.385293 -0.816058 -0.235994
0.108422 -0.031028 -1.199087 -0.635852 0.855010 0.168375 -0.576793 0.709676 0.545814 -0.462918
-1.119805 -0.253943 -0.692732 -0.313530 0.437445 -0.058000 0.676044 -0.051404 0.073938 -0.654785
-0.281784 -0.867979 -0.362087 -0.264940 0.496057 -0.494310 -0.539891 -0.211153 0.331260 0.079341
-1.091100 -0.574255 -1.142443 -0.778954 0.416730 -0.120244 0.754157 -0.261680 0.038508 -0.717194
-0.039008 -1.235749 -0.601942 -0.404955 -0.687618 -0.830862 -0.996820 0.003462 0.745485 -0.869796
-0.095920 -0.528971 -1.303795 -0.814605 0.100288 0.211000 -0.383118 -0.380769 -0.221286 -0.441349
-0.399241 -0.233300 -1.046364 -0.247858 0.080134 -0.809308 0.032141 0.228083 -0.288009 -0.662305
0.065764 -0.847443 -1.010975 -0.393909 0.591119 -0.385065 0.323046 -0.300504 0.786689 -0.443427
-0.141415 -0.251416 -0.452998 0.062143 0.211702 -0.246335 -0.280924 -0.116015 0.742895 -0.855849
0.034564 -0.374908 -0.930421 -0.732736 0.395171 0.079958 0.077873 0.537553 0.206308 -0.570268
-0.177983 -0.795761 -1.026804 -0.510317 0.445222 -0.559990 -0.855028 0.094282 0.563708 -0.754972
0.085488 0.432235 -1.355783 -0.631247 0.897858 0.373605 -0.374498 0.628603 0.429999 0.145035
0.397337 -0.970161 0.255996 -0.610235 0.377868 -1.130028 -0.271561 -0.275831 -0.135496 -0.036560
-0.194784 0.772143 -1.528007 -0.789646 0.281453 -0.360820 0.055684 0.384005 -0.434553 -0.659195
0.153649 0.716372 -0.913323 -0.740380 0.858068 0.097085 -0.502391 0.838130 0.559078 -0.147361
-0.361303 -0.518723 -0.935175 -0.589968 0.521707 -0.159099 0.303879 -0.184577 0.177102 -0.515212
-0.687699 -1.096995 -1.357827 0.061921 -0.776242 -1.374480 -0.521065 0.112333 -0.077078 -0.667254
-0.098366 0.100340 -1.700132 -1.275240 0.705887 0.028921 0.186548 -0.070080 0.567959 0.016186
-0.025216 -0.880571 -1.159165 -0.221261 0.385008 -0.678051 -0.502289 1.272993 -0.127490 -0.347840
-0.573381 -0.476768 -1.131197 -0.314253 -0.255722 -0.270751 -0.415930 0.278859 0.750800 -0.639395
-0.222871 -0.654730 -1.642590 -0.383056 0.029235 -0.403811 -0.236791 0.222366 0.506196 -0.567323
0.787156 -0.769883 -0.848292 0.220256 0.243443 -0.364019 -1.049098 -0.399802 0.278800 -0.351356
-0.022504 -0.626127 -1.287013 -0.772544 0.265193 0.066608 -0.407167 0.411162 0.067542 -0.563673
0.066483 -0.020895 -1.265384 -0.460139 -0.098072 -0.155502 -0.602741 0.441777 0.331161 -0.238668
-0.111859 -0.173131 -1.571618 -0.646159 0.419555 -0.199649 -0.600661 -0.328395 0.466269 -0.515454
-0.338260 -0.398527 -1.618118 -0.609469 0.192161 0.033596 -0.479833 0.300139 0.631344 -1.023753
-0.103497 0.028005 -1.659036 -0.963183 0.534956 -0.254676 -0.255794 0.060132 0.089611 -1.175316
-0.304897 -0.161241 -1.098080 -0.577094 -0.113224 0.056079 -0.131441 -0.373600 0.774912 -0.776069
0.462739 -0.808701 -0.740985 -0.478780 0.316869 -0.115779 -0.036509 -1.126479 -0.598108 0.222129
0.026566 0.022432 -1.043917 -0.730477 0.412353 -0.068760 -0.015463 -0.687885 -0.499775 -0.139467
0.069539 -0.482294 -1.647494 -0.846233 -0.145499 0.271115 -0.611393 -0.250799 0.790856 -0.387722
-0.205932 -0.029891 -1.333882 -1.026813 0.496059 -0.173930 -0.503114 0.609589 0.835838 0.420004
0.006066 -0.920404 -1.255952 0.098743 0.290003 -0.185440 -0.500303 0.210207 1.303932 -0.314149
0.039775 -0.250899 -1.052456 -0.291913 0.275753 -0.076824 -0.614433 0.012513 1.225614 -0.512743
0.309962 -0.952121 -0.888998 0.105366 -0.571946 -1.042863 -0.093331 0.752881 0.355625 -0.447957
0.030432 -0.277958 -0.850484 0.021830 0.261855 -0.557270 -0.537558 -0.345889 0.209952 -1.287427
0.066869 -0.726661 -1.352968 -0.625119 0.738637 0.382992 -0.382490 -0.878949 0.492903 -0.369960
-0.149119 -0.858802 -0.266650 -0.516959 0.371631 0.057484 0.188994 0.594210 0.388413 -0.865735
0.070952 -1.102956 -1.320745 -0.114529 0.366549 0.055673 -0.168247 -0.517080 0.876329 -0.487325
-0.053508 -0.227107 -1.736303 -0.699456 0.130938 -0.512931 -0.260899 0.471794 0.064179 -0.971292
-0.298555 -1.185352 -1.646683 -0.287459 -0.258009 -0.256028 -0.045746 -0.847291 0.641331 -1.314872
-0.004236 -0.728733 -0.997603 -0.475577 0.171643 0.351079 0.210375 -1.174356 -0.225514 -0.623488
0.610829 -1.217305 -0.602163 0.062932 0.386551 -0.691867 -0.698337 -1.180976 -0.258961 -0.056442
0.121147 0.355576 -1.635858 -0.998210 0.763937 -0.142899 -0.788346 0.606902 0.646311 -0.086859
-0.523224 -0.633686 -0.808449 0.039225 0.499907 -0.413689 -0.394250 0.303647 0.593978 -0.802378
-0.366325 -0.255514 -1.296987 -0.520506 0.797762 0.049004 -0.284231 -0.093831 0.929569 -0.470131
-0.506182 -0.342727 -1.226155 -0.236749 0.170522 -0.341584 0.193346 -0.803901 -0.439672 -0.625118
-0.334811 -0.665451 -1.217142 -0.674426 0.091561 -0.010234 -0.496942 0.049138 0.208861 -0.566644
0.230060 0.200903 -1.385622 -0.301882 0.255999 0.588361 -0.336380 0.984846 0.033971 -0.012811
0.840763 -1.394748 -1.294672 0.794404 0.330750 -0.039593 -0.318577 -0.310869 -0.213984 -0.551117
-0.345473 -0.344632 -0.868596 0.177537 0.934656 0.303448 0.413946 -0.539564 0.168701 0.131603
-0.192481 -0.186617 -1.097709 -1.104172 0.265361 -0.417153 -0.184674 -0.034119 0.130494 -0.581272
0.442003 -0.997731 -0.695636 0.004964 0.726735 -0.323437 -0.503108 -0.910761 -0.124671 -0.268776
0.431929 0.275821 -0.701977 0.000397 -0.082419 -0.595386 -0.274069 0.090262 0.063348 -0.350064
-0.098334 -0.197796 -1.623608 -1.196123 0.243747 -0.520808 -0.921163 0.074008 0.733784 -0.473492
-0.262810 -0.563965 -0.766367 0.342772 0.268903 -0.591646 -0.546418 0.038241 -0.060482 -0.891829
-0.858804 -0.553908 -1.205986 -0.298728 -0.072221 -0.417663 0.231525 0.401223 0.113109 -0.935985
-0.794379 -0.058695 -0.221637 0.176707 0.564665 0.020630 -0.213990 0.184118 -0.378934 -0.956357
0.051101 -0.723170 -0.624960 -0.456175 0.372309 -0.334813 -0.124243 -0.195242 1.201615 -0.054826
0.674660 -0.264573 -1.414057 -0.127246 0.319749 -0.590569 -0.795703 -0.159326 0.529148 -0.349706
-0.050567 -0.739188 -0.533926 -0.266372 -0.164685 -0.101700 -0.659827 -0.575967 0.845513 -0.053120
0.239053 -0.481625 -0.128215 0.197514 0.941246 -0.722714 -0.575533 -0.750666 -0.892942 -0.235827
0.173299 -0.541176 -1.155186 -0.909392 0.157444 0.211057 -1.003790 -1.109576 0.337276 0.052805
-0.378266 -1.298263 -1.533078 0.350107 1.124523 0.115933 -0.276272 -0.379223 0.593940 -0.585181
0.291689 -0.545771 -1.440428 0.373109 0.645996 0.544136 0.345318 -0.526657 -0.460688 -0.930168
0.106905 -0.314681 -1.101383 -0.328253 0.368309 0.262260 -0.606466 -0.791738 -0.066264 -0.183529
0.378899 -1.448694 -0.424712 0.016052 0.521425 -0.674883 -0.278092 -0.166148 0.196806 -0.211568
-0.120016 -0.964662 -1.413911 -0.270664 0.504829 -0.055228 0.150297 -0.756028 0.524183 -0.815682
-0.118793 -0.694237 -1.475619 -0.466185 0.739078 0.176968 -0.166262 -0.781933 0.539843 -0.546942
0.168696 -0.807470 -1.461235 -0.709724 -0.023190 0.305013 0.112346 -0.310325 0.897604 -0.626768
-0.650090 -0.944740 -0.439447 0.150267 0.456023 0.323503 -0.138351 -0.386726 0.370666 0.007659
0.857145 -1.041244 -1.422582 0.202249 0.279141 -0.495501 -0.772165 -0.492728 -0.462623 -0.626615
0.186249 -0.855891 -1.135195 -0.314762 0.736658 0.112083 0.145303 -0.220063 0.929418 -1.052639
0.268194 -0.890536 -1.473524 -0.377682 0.378525 0.118699 -0.071953 -0.191849 1.146431 -0.574512
0.291523 -0.340100 -0.700713 -0.059716 -0.487594 -0.641484 0.584884 -0.481088 -0.212470 -1.027424
-0.035315 -0.199273 -1.381274 -0.222755 -0.256766 0.556030 -0.074676 0.993573 0.339541 0.013658
-0.168431 -0.675476 -0.599181 -0.069300 0.397549 0.410135 -0.250292 -0.497911 0.728462 -1.001895
0.378830 -0.835011 -0.701162 -0.537168 1.111057 -0.200659 -0.961737 -0.588662 0.115843 -0.176441
-0.312342 -0.404334 -1.319709 -0.602451 0.117038 -0.435187 0.197780 -0.127712 0.301557 -0.405798
0.103308 0.209114 -1.470013 -0.757301 0.299088 -0.293029 -0.449705 0.180693 0.472206 0.142118
0.511939 -0.728696 -0.777445 -0.686536 0.806084 0.020850 0.170366 -1.519367 0.010377 -0.817752
-0.473309 -0.427309 -0.807053 -1.077833 0.415379 0.347268 -0.034381 -0.779998 -0.489123 -0.089011
-0.457216 -0.544654 -0.736374 0.248255 -0.201536 -0.990529 -0.291590 0.368018 -0.221412 -0.666139
-0.794286 -0.950952 -0.647845 -0.270567 0.347912 -0.404740 0.015019 0.618937 0.959502 -0.548618
-0.418347 -0.224463 -0.975715 -0.662000 0.883531 0.095991 0.284058 0.592095 0.190552 -0.439922
-0.363400 -0.545678 -1.601170 -0.808927 0.511390 0.020216 -0.058135 -0.075219 0.626999 -0.496148
-1.091100 -0.574255 -1.142443 -0.778954 0.416730 -0.120244 0.754157 -0.261680 0.038508 -0.717194
-0.866035 -0.011058 -0.839482 -0.435301 0.746642 -0.275956 0.005339 0.428533 0.435869 -0.232873
-0.776027 -0.011493 -1.342631 -0.488034 0.730126 0.047005 0.354163 0.291516 0.117747 -0.454246
-0.534370 0.160446 -1.045279 -0.521823 0.934332 -0.221398 -0.241856 0.706767 0.267470 -0.256776
-0.234993 0.016762 -1.328663 -0.821691 0.578432 -0.233979 -0.059841 0.524473 0.117902 -0.310290
0.537050 -0.924324 -1.254278 -0.140419 0.360785 -0.676535 -0.865465 0.677953 0.166454 -0.134596
0.061311 0.112010 -1.138445 -0.833704 0.363308 0.475014 -0.101101 0.761254 0.291535 -0.578511
-0.017972 -0.881784 -1.160349 -0.128660 -0.083005 -0.330198 -0.069062 0.495678 -0.403196 -0.893844
0.280930 -1.277574 -0.563253 -0.111879 0.328020 -1.086243 -0.205985 0.009574 0.009722 -0.404344
-0.329427 0.782122 -1.755083 -0.596986 0.174761 0.177927 0.092148 0.344373 -0.209083 -0.761011
-0.131417 -0.788753 -0.851151 0.005396 0.251835 -0.379613 0.088732 0.782277 -0.282746 -0.284652
-0.580514 0.428195 -1.406553 -0.898303 0.922240 0.581218 -0.013345 0.991004 0.609431 -0.370650
-0.298340 -0.601409 -1.115868 -0.278734 1.325208 0.083930 -0.175531 0.855082 0.636566 0.048096
-0.462830 -1.070293 -1.115186 -0.226453 0.029588 -0.061533 -0.501365 0.378282 0.609371 -0.521209
-0.327283 -0.221565 -0.653594 0.190113 0.232934 -0.001343 -1.014373 0.511718 0.130048 -0.358795
-0.172969 -0.633937 -1.340565 -0.504706 0.753052 -0.092707 -0.065826 -0.145913 0.168111 -0.186839
-0.485797 0.277347 -1.572737 -0.873955 0.776721 0.484349 -0.740191 0.791261 0.588877 -0.333646
-0.686293 -0.444237 -0.748590 -0.081800 0.439836 -0.931876 0.365164 0.344745 -0.412528 -0.536720
0.019458 0.092719 -1.146258 -0.517489 0.837015 -0.651190 -0.235532 -0.033037 -0.262904 -0.589280
-0.010670 -0.542158 -1.153047 -0.880121 -0.211336 -0.545466 -0.474716 -0.518275 0.846671 -0.105508
-0.215065 -0.063430 -0.839897 -0.317661 0.156755 -0.285774 -0.373361 0.484399 0.556659 -0.831056
-0.018025 -0.406694 -1.434826 -1.198186 0.287650 -0.116822 -0.477434 0.913009 -0.039589 -1.013416
-0.002245 -0.375754 -0.767189 -0.433397 -0.297141 -0.012611 0.316117 0.450937 -0.109224 -0.114284
-0.322948 -0.405983 -1.251894 -0.588842 0.325042 -0.743452 0.191674 0.299478 -0.268621 -0.297371
-0.188393 -0.081424 -1.801027 -0.816995 -0.023222 0.021330 -0.181033 0.161853 -0.410460 -0.570597
0.478432 0.091968 -1.882766 -0.550213 1.160782 -0.107555 -0.747089 0.786920 0.463304 -0.256245
-0.289991 -0.205870 -1.230005 -0.712346 0.679323 0.007596 -0.023642 -0.018742 0.109559 -0.512834
-0.362695 -0.076636 -1.263362 -0.277708 0.676826 0.318104 -0.146605 0.731331 0.784943 -0.201099
0.297246 -0.956636 -1.556879 -0.604288 0.311423 -0.062696 0.548851 0.025161 -0.153056 -1.113104
-0.326870 -1.086631 -1.398954 0.353011 0.546430 -0.584978 0.780363 -0.325126 0.338943 -0.507536
0.420937 -1.047657 -1.377816 -0.443800 0.193182 0.299559 0.137367 -0.481175 0.016578 -0.039327
-0.372764 -0.670737 -0.874552 -0.203268 0.311938 -0.489528 -0.225473 -0.866149 -0.350635 -0.051698
-0.783019 -0.580570 -0.459059 -1.066998 0.444642 0.163643 0.238915 0.570156 0.811537 -0.584435
0.248536 -0.657782 -0.556965 -0.623285 -0.025213 -0.790137 -0.402019 0.387025 -0.038398 -0.463756
-0.182156 0.547176 -0.459897 -0.032544 0.799639 0.309889 0.039793 0.936354 0.339997 -0.317771
-0.774932 -0.893983 -0.671647 -0.154478 0.682334 -0.742656 -0.124484 0.131287 -0.234050 -0.453908
-0.054374 -0.551228 -0.239058 -0.390032 0.297893 0.206706 0.032279 0.125445 0.515291 0.210509
-0.496767 0.360984 -0.225484 -0.128695 0.969765 -0.241837 0.410963 -0.144924 0.269736 -0.549823
-0.185116 0.730951 -1.640830 -1.104931 0.719346 0.164435 -0.151174 1.089003 0.268917 -0.355094
-0.290433 -0.293527 -1.007266 -0.984209 0.223244 -0.107389 -0.437411 -0.364608 0.313512 -0.252785
0.177734 -0.046025 -1.178582 -0.292221 0.518503 0.014570 -0.058500 -0.097189 -0.403145 -0.919078
-0.150935 -0.789219 -0.567191 -0.497762 0.322471 -0.004725 -0.537329 -0.857909 0.565487 -0.027147
-0.315371 -1.113238 -0.038876 -0.015801 0.696989 -0.431601 0.417298 -0.373402 -0.152053 0.180719
0.960503 -0.546999 -1.973023 -0.366670 -0.268679 0.255388 -0.766140 0.162671 0.353909 0.299730
1.088633 -0.218017 -1.503446 -0.258247 -0.003904 0.530255 -0.833870 0.622012 0.972240 0.234143
0.688154 -0.514648 -1.219107 -0.290035 -0.607463 0.265184 -0.747732 0.091082 0.057060 0.246810
1.158256 -0.269495 -1.431060 -0.281134 -0.217070 0.578113 -0.883790 0.431842 0.796089 0.266062
1.091670 -0.291027 -1.596931 -0.278408 -0.120817 0.383825 -0.819671 0.376736 0.769175 0.235095
1.211068 -0.542284 -1.611867 -0.835375 -0.142508 0.365585 -0.599182 -0.307291 -0.071916 0.102383
0.201242 -0.754427 -1.507107 -0.829114 0.241887 0.863064 -1.020138 0.761211 1.228384 0.061885
0.405629 -0.520909 -0.636644 -0.472039 -0.181842 0.091103 -0.413048 0.384106 0.376870 -0.380220
0.831944 -0.444883 -0.786461 -0.783446 0.258416 0.143898 -0.186477 0.660075 0.913285 0.144316
0.837858 -0.588689 -1.565618 -0.746889 -0.303620 0.059612 -0.803207 0.067050 0.078474 -0.066447
0.756466 -0.248748 -1.319138 -0.412407 -0.385501 0.208481 -1.163620 0.211505 0.419180 0.035083
0.607550 -0.359544 -1.189482 -0.359491 -0.505708 -0.030739 -1.166902 0.142090 0.331300 -0.028810
0.980188 -0.369236 -1.192325 -0.305239 -0.404375 0.174769 -1.101302 0.121930 0.649715 -0.070137
0.746518 -0.222342 -1.425488 -0.338574 -0.080045 0.461924 -0.912784 0.388281 0.679285 0.083357
1.096177 -0.382740 -1.391487 -0.389585 -0.275327 0.501218 -0.759505 0.181608 0.578601 0.170698
0.900500 -0.353205 -1.552872 -0.512815 -0.196243 0.350971 -1.286459 0.419645 0.918457 0.406200
0.933530 -0.301376 -1.315959 -0.269911 -0.343197 0.491765 -1.033781 0.331056 0.762881 0.272065
1.031758 -0.104130 -1.474491 -0.430881 0.000142 0.451372 -0.820329 0.632188 0.801097 0.262477
0.802445 -0.501679 -1.279068 -0.368544 -0.221497 0.539300 -0.859477 0.310240 0.679610 -0.052892
-0.209784 -0.238616 -0.714567 -0.218530 0.347451 -0.813405 -0.237658 0.282113 -0.210913 -0.368268
0.736916 -0.405929 -1.178686 -0.283894 -0.315296 0.447960 -0.993577 0.514361 0.495044 0.156139
