-0.527254 -0.810504 -1.137556 -0.727294 -0.078772 0.231394 0.280378 0.095344 0.705909 -0.032644
-0.669481 -0.345286 -1.240807 -0.276535 0.921325 -0.313192 -0.548077 0.420658 -0.028252 -0.374913
-0.786277 -0.301138 -1.008078 -0.943165 -0.415362 0.388604 0.266231 0.118689 0.574536 -0.420652
-0.250702 -0.427254 -0.347459 0.048815 0.701694 0.299317 -0.780768 0.043298 0.352640 -0.406324
0.231757 0.217490 -1.421035 -0.394630 0.462942 -0.024359 -1.114596 0.581729 1.028018 -0.664219
0.366513 -1.093581 -1.477331 0.143239 0.256892 0.601629 0.167059 -0.506757 0.531914 -0.326769
0.372895 -0.575352 -0.545206 -0.688271 0.012389 0.157290 -0.532568 -0.916175 0.131076 0.178529
-0.743549 -0.301257 -1.594700 -0.795719 0.091222 -0.575031 -0.353766 -0.044511 0.224602 -1.008799
0.696575 -1.061669 -1.648817 0.054281 -0.178187 0.235640 0.032939 -0.720133 0.047163 -0.262376
0.143771 -1.042648 -0.574582 -0.060506 0.960526 0.079324 -0.564462 -0.936218 -0.227432 -0.133414
0.051793 -0.321813 -1.097821 -0.233449 0.023409 -0.234188 0.089307 0.164921 0.188475 -0.392618
-0.388783 -0.706177 -1.451244 -0.302794 0.439445 0.470372 -0.368334 0.895896 0.565343 -0.439569
-0.317792 -0.972401 -0.648584 0.120485 0.391852 -0.186539 -0.149837 -0.824386 -0.416914 -0.431894
0.176785 -0.852921 -0.651262 -0.299861 0.267655 -0.758388 -0.035436 0.394882 0.367740 0.312734
-0.133222 -0.698700 -0.501308 -0.298415 -0.117398 -0.612615 0.013940 0.063216 -0.186610 -0.386069
-0.256758 -0.998493 -0.961005 -0.050187 0.798332 0.197132 -1.109485 -0.154450 0.087692 -1.007124
0.306913 -0.473602 -1.219104 -0.367895 -0.357582 -1.023515 -0.168858 0.447167 0.366948 -0.497245
-0.530292 -0.480963 -1.072284 -0.373443 0.450779 -0.248487 -0.107715 0.338418 0.388296 -0.379790
0.643541 -1.106447 -0.936063 0.565890 0.519960 -0.863369 -0.276843 -0.115647 -0.043963 -0.921511
-0.090306 -0.780161 -1.157227 -0.094605 0.031705 -0.249278 -0.236048 -0.470351 0.248591 -0.951378
0.282495 -0.078953 -1.505057 -0.213326 0.192717 -0.306220 -0.818625 -0.194161 0.231345 -0.564161
0.289292 -0.596091 -0.954467 -0.149836 -0.706920 -1.281566 -0.329334 0.035296 0.480638 -0.584571
0.183754 -0.348348 -1.560027 -0.167638 0.059677 -0.304192 0.094207 -0.141867 0.811450 -1.047670
-0.079448 -0.774197 -1.312374 -0.310347 0.687387 -0.071251 0.087086 -0.881234 -0.188896 -0.174585
0.217759 -0.868773 -1.624094 -0.793293 0.410481 -0.511108 -0.287892 -0.645968 0.004124 -0.186580
0.175947 -0.426974 -1.013537 -0.476109 0.596331 -0.092798 -0.597763 -0.141415 0.557943 -0.460066
0.189371 -0.217852 -0.845787 -0.511646 0.552654 0.315123 0.146063 -1.033193 -0.318514 -0.992100
0.187634 -0.520772 -1.091766 0.421424 -0.067613 -0.399413 -0.204543 0.144000 0.396908 -0.900200
-0.034929 -1.064288 -1.139462 -0.841216 -0.349774 -0.575986 -0.651131 -0.876501 0.985036 -0.369386
-0.860401 0.383174 -1.450613 -1.103056 0.374767 0.184164 0.134571 0.697313 0.385691 -0.756194
0.071464 -1.174535 -1.589782 -0.848823 0.298378 0.318477 -0.149106 -0.586913 0.837478 -0.655545
0.166414 -1.159111 -0.903255 -0.237164 0.023796 -0.432770 -0.289696 -0.509747 -0.010736 -1.031604
0.448542 -0.371558 -1.435323 -0.289404 0.408459 -0.304753 -0.222908 -0.940021 0.135210 -0.622712
-0.079136 -0.565050 -0.909466 0.347865 0.930978 0.230075 -0.595436 -0.044038 0.682437 -0.516056
-0.025542 -0.881522 -0.989346 -0.570336 -0.339184 0.256194 -0.050659 -0.071659 0.569389 -0.202122
0.504683 -0.416210 -1.162140 0.033740 -0.269714 -0.283859 -0.598882 -0.691539 -0.015069 -0.011069
-0.261328 -0.663508 -1.397422 -0.242280 -0.023876 0.058595 0.197987 0.142977 0.000306 -0.713353
-0.117758 -0.278633 -1.066335 -0.246144 0.013372 -0.205630 -0.233341 -0.428730 0.092032 -0.364256
-0.282316 -0.552433 -0.957993 -0.389587 -0.248383 0.156713 -0.909352 0.476360 0.094503 -0.355652
0.691482 -0.160377 -1.095895 -0.350868 0.416576 0.209280 -0.212981 -0.458433 -0.768716 -0.591754
-0.420847 -0.917902 -0.726410 0.191852 -0.321077 -0.366338 -0.548091 0.661834 0.283834 -0.709415
-0.633032 -0.135327 -1.710653 -0.209438 0.414410 -0.684050 0.105932 0.140974 -0.314092 -0.920576
-0.734954 0.079435 -0.663139 -0.476017 0.225317 -0.932892 -0.577342 0.190611 -0.674580 -0.871337
-0.697162 -0.217078 -0.140652 0.036390 1.145696 0.178450 -0.547992 0.253105 0.267763 -0.702754
-0.247835 0.372795 -1.820606 -0.768724 -0.023242 0.508202 -0.525958 0.619478 1.071229 -0.449995
0.702644 -0.690638 -1.093303 -0.080419 0.139763 0.006011 -0.542165 -0.579420 0.149905 -0.311569
-0.382505 -1.137493 -0.468739 -0.430293 0.479537 -0.218855 0.228218 0.210599 0.442865 -0.120125
0.599903 -0.685645 -1.102635 0.247423 1.088542 -0.152496 -0.376246 -0.458243 0.351240 -0.498840
-1.195438 0.065655 -1.259152 -0.544470 0.023638 -0.594987 0.571209 0.475470 -0.227228 -0.941851
-0.697058 0.727728 -1.077427 -0.330865 0.678889 -0.163942 0.127801 1.172584 0.503173 -0.448356
-0.376776 -0.379146 -1.184417 -0.104964 0.496176 -0.269328 -0.298983 0.821244 -0.155326 -0.900830
0.364754 -0.474206 -0.786257 0.224663 0.625515 -0.197489 -0.476003 -0.353786 0.525006 -0.747606
0.347032 -0.435201 -1.153755 -0.075111 0.499833 0.522056 -0.788402 -0.715207 0.379145 -0.101989
0.159788 -0.786025 -1.004859 0.198707 0.084129 -0.770635 -0.191060 -0.736023 0.520141 -1.124203
-0.183511 -0.985663 -1.084236 -0.678673 0.316651 0.282664 -0.101010 -1.469437 0.034859 -0.355713
-0.145997 -0.406034 -0.392059 -0.333103 0.852784 0.307580 0.013323 -0.104532 0.022665 -0.267723
0.075257 -0.093129 -0.462409 -0.412713 0.493475 0.223488 -0.102028 0.092701 -0.089294 -0.193910
-0.658159 -0.440426 -0.970506 -1.080183 -0.036056 -0.578324 -0.386093 0.442179 0.518984 -0.453364
-0.414055 0.365830 -1.324562 -0.484828 0.724660 0.053533 0.095756 0.616933 0.328539 -0.432562
-0.236907 -0.129991 -1.713451 -0.696397 0.043150 0.148091 -0.897267 -0.626180 -0.195426 -0.454429
0.063530 -0.095571 -0.864240 -0.470064 1.056279 0.303009 -0.599946 0.143105 -0.115004 -0.062765
0.450035 -0.625145 -0.933595 -0.239669 0.491448 -0.326737 -0.609556 -0.680075 -0.444707 -0.008469
-0.181855 0.480856 -1.164086 -0.947560 0.576275 -0.126504 -0.624963 -0.492349 0.434255 -0.264837
-0.033385 -1.050214 -0.611475 -0.268892 0.468903 0.163172 0.091267 -1.286357 0.532505 -0.721746
-0.152944 -0.582956 -0.450570 -0.261340 -0.570906 0.067789 -0.161390 -0.216781 -0.133733 -0.276879
-0.749463 0.153768 -0.637443 -0.823655 1.202143 0.067946 0.441583 0.578851 0.738410 -1.001803
-0.494770 -0.534087 -0.355871 -0.648413 0.649573 -0.492839 -0.200515 0.611323 0.288654 -0.399297
-1.065281 -0.842990 -0.274844 -1.004721 1.037577 -0.554752 -0.155028 0.787153 -0.481624 -0.991074
-0.109711 0.238644 -1.061212 -0.735354 -0.044483 -0.410806 -0.673317 -0.633827 0.458882 -0.546571
0.141917 -0.814368 -1.029228 0.070223 0.305210 -0.495666 0.344574 0.544620 -0.180009 -1.394000
0.005686 -0.538546 -0.681597 0.308895 0.216060 0.282451 0.295643 0.360315 -0.168164 -0.323730
0.279801 0.545523 -1.206253 -0.069331 0.682540 -0.083277 0.345308 0.208046 0.242966 -0.456873
-0.798500 -0.015542 -0.978777 -0.540135 -0.103576 0.232372 0.009413 0.709698 0.478512 -0.791675
-0.142256 -0.883087 -1.339886 -0.377050 -0.378964 -0.805907 0.015694 0.807273 0.161716 -0.576199
-0.271823 -0.668703 -0.575871 0.080478 0.440249 -0.042455 -0.171675 0.805702 0.339251 -0.460271
-0.284836 -0.585829 -0.401840 -0.351373 0.767173 0.076747 -0.292091 0.220250 0.283050 -0.344693
-0.618032 -0.820905 -0.870029 -0.289557 -0.114194 -0.399963 0.547231 -0.166700 -0.313021 -1.310903
-0.400777 -0.312228 -0.822441 -0.253269 0.714370 -0.122409 0.512523 0.433243 0.233090 -0.562589
-0.479117 -0.576240 -1.118967 -0.946449 1.028643 0.307669 -0.166193 0.590445 0.281741 -0.556184
-0.263474 -0.977939 -0.736938 -0.041638 0.403877 -0.920014 0.025020 0.690293 -0.423457 -1.008702
-0.767972 -0.134823 -0.994267 -0.780652 0.066568 0.344921 0.407328 -0.103466 0.139050 -0.462938
0.726860 -0.144791 -0.968497 -0.086551 0.279033 0.484617 -0.692711 0.025366 0.528679 -0.286874
0.182029 -0.539770 -1.139894 -0.247016 0.225291 0.321811 0.118963 0.089775 0.399562 -0.430250
-0.187164 -0.358886 -0.447138 -0.130127 0.660701 -0.301218 -0.227470 0.035154 0.197251 -0.351963
0.365377 -0.337136 -1.403692 -0.707730 -0.001198 -0.093943 -1.119894 0.545797 0.650795 -0.656549
0.086168 -0.098987 -0.843373 -0.453113 0.490847 -0.345968 0.161409 0.148228 0.010902 -0.359889
0.175272 -0.169564 -1.004965 -0.808380 0.484013 0.177913 -0.756471 0.424519 1.139661 -0.210070
-0.237431 -0.440750 -1.405123 -0.788683 -0.022443 -0.398574 -0.596921 0.127222 0.657265 -0.316412
1.061510 -0.536194 -1.611887 -0.305629 -0.715397 0.480616 -0.769671 0.043583 0.359998 0.402084
0.785103 -0.511418 -1.632548 -0.524276 -0.322009 0.346542 -0.676158 0.173730 0.617005 0.010009
0.820006 -0.141336 -1.175634 -0.561583 -0.091603 0.254036 -0.806259 0.331962 0.417008 -0.013299
0.890695 -0.193843 -1.489549 -0.451796 -0.175648 0.314421 -0.890220 0.338366 0.608270 0.032864
1.079915 -0.208601 -1.621235 -0.311668 -0.327174 0.373270 -0.913878 0.230650 0.832805 0.298772
1.125518 -0.155302 -1.318931 -0.218123 -0.069593 0.492772 -0.943255 0.660798 0.910818 0.268423
0.947315 -0.269655 -1.603940 -0.393545 -0.153245 0.279704 -0.601040 0.042357 0.487492 0.461010
0.998403 0.071926 -1.952318 -0.311376 -0.303685 0.397429 -0.782273 0.445875 0.802593 -0.347134
0.962900 -0.908032 -1.616423 -0.273456 -0.475111 -0.026013 -0.448937 -0.832825 -0.291084 -0.239492
1.052670 -0.378545 -1.424377 -0.030163 -0.218309 0.580907 -0.888591 0.062157 0.567736 -0.102273
1.045939 -0.319815 -1.539088 -0.390740 -0.395538 0.249834 -0.658088 0.115734 0.484031 0.388558
1.241255 -0.479252 -1.738687 -0.328403 -0.702618 -0.049814 -0.480474 -0.338430 0.667014 -0.269755
0.449663 -1.048431 -1.366996 0.531804 -0.545607 -0.559681 -0.344881 -0.279620 0.035411 -0.379609
1.093804 -0.430713 -1.608339 -0.070284 -0.157356 0.518868 -0.522858 0.649922 0.942040 0.665545
1.180154 -0.450070 -1.505160 -0.025952 -0.246720 0.522936 -0.728349 0.488131 0.906104 0.542072
