-0.174925 -1.249205 0.027413 0.078714 -0.458039 0.071639 -0.424389 -0.230867 0.049282 -0.296203
-0.136224 -0.367778 -0.388484 0.582080 0.026873 -0.378481 -0.332689 0.996107 0.015836 -0.587222
-0.495116 0.162398 -1.553498 -0.723375 0.359825 0.058942 -0.329261 0.688940 1.157415 -0.454390
0.126682 0.403905 -1.318615 -0.019641 -0.424568 -0.373560 -0.863098 -0.354417 -0.392371 -0.287108
-0.850775 -0.362174 -0.970910 -0.360463 0.222930 -0.534551 0.410237 0.024887 -0.147666 -0.948466
-0.902076 -0.242064 -0.719531 -0.383744 1.042818 0.062615 -0.151290 0.420989 0.470966 -0.378783
0.531250 -0.493985 -1.226621 -0.411457 0.094956 -0.032087 -0.778287 0.232896 -0.008480 -0.985852
-0.494113 0.363394 -1.091258 -0.773847 0.167977 0.072032 -0.333303 -0.244785 0.109500 -0.105126
0.524960 -0.401405 -1.490870 -0.148915 -0.323005 -0.596060 -0.645161 0.203959 0.648139 -0.049142
-0.237075 -0.582978 -0.908948 -0.146532 0.782737 -0.320679 -0.251390 0.569319 0.060869 -0.779903
-0.090702 0.329598 -0.613642 0.608138 0.210475 -0.521418 -1.067085 -0.032016 0.609656 -0.715116
0.031185 -0.751175 -1.017132 0.146619 0.217650 -0.601579 -0.189754 -0.558531 0.096594 -0.479042
0.206028 -0.236134 -0.964339 0.224956 -0.165538 -0.069419 -0.201311 0.383566 0.372735 -0.752518
-0.094808 -0.789684 -0.621043 -0.823050 -0.027999 0.138930 -0.590177 -0.151029 -0.888324 -0.453217
0.405306 -0.359114 -1.335396 -0.120658 -0.482967 -0.384543 -0.397406 -0.284726 0.949304 -0.765619
-0.220220 -0.363657 -0.868138 -0.706794 0.120426 0.108644 0.314828 -0.703895 -0.040953 -0.548434
-0.054727 -0.566691 -1.398470 -0.290212 0.719644 -0.134231 0.446527 0.614249 0.014454 -0.315974
0.380223 -0.376798 -1.829203 -0.530868 -0.108052 0.146707 -0.268605 -0.315946 0.467818 -0.493937
0.082994 -0.508721 -1.193782 0.087858 -0.045523 -0.432489 0.151627 0.624627 0.632478 0.018195
-0.005340 -0.028739 -1.455934 -0.357104 0.306002 0.170307 -0.016251 0.998415 0.365039 -0.112489
-0.242246 0.202614 -1.511159 -0.623681 0.344782 0.111843 -0.021843 0.577858 0.501344 -0.522990
-0.171608 -0.814787 -0.926256 0.317775 0.419484 -0.494668 -0.410997 0.056699 0.170297 -0.958198
0.424990 -0.966224 -1.244535 -0.185386 -0.169663 -0.267060 -0.441926 -0.376348 -0.142800 -1.181411
0.301594 -0.625428 -1.382202 0.163675 0.176687 -0.395750 -0.286907 0.344849 -0.003069 -1.170442
-0.208454 -0.056459 -0.450078 0.079016 0.170140 -0.585083 -0.166151 -0.473638 0.144809 -0.178093
0.439406 -0.773030 -1.218193 -0.441121 0.646684 -0.324716 -0.906640 -0.115690 0.841823 -0.264476
0.946970 -0.237718 -0.886802 -0.490156 0.571508 -0.021901 -0.990528 -1.051573 -0.337751 -0.215491
0.615371 -0.462174 -1.313687 0.253031 0.383231 -0.642165 0.180330 -0.543938 0.361369 -0.889585
0.075474 -0.867633 -1.440682 -0.291553 -0.148181 0.051911 -0.838485 -0.249260 0.135160 -0.599682
-0.086171 -0.845103 -0.882959 -0.070649 0.203025 -0.193967 -0.600150 -0.189995 0.278076 -0.242405
0.489246 -0.840767 -1.256383 -0.873233 0.583363 -0.489657 -0.921724 -0.050781 0.581024 0.127277
-0.067451 -0.384463 -1.785614 -0.843007 0.101462 -0.175576 -0.784314 -0.331969 0.436048 -0.456689
0.175570 -1.410800 -1.004606 -0.261015 -0.262414 -0.478433 -0.523788 -0.788596 0.087469 -0.792627
-0.101955 -0.186329 -0.370015 -0.146020 0.768297 -0.566126 -0.369531 -0.112084 -0.078404 -0.771791
0.493688 -0.115050 -1.366060 -0.711021 0.351153 -0.149688 -0.955211 -0.517664 0.321921 0.276687
0.505704 -0.399121 -1.153901 -0.129499 0.445458 -0.113079 -0.537067 -0.834078 -0.148722 -0.396029
-0.705339 0.060952 -1.126746 -0.591272 0.472935 0.174684 0.059140 0.273787 0.180118 -0.262258
-0.013957 -0.919696 -0.790912 0.357722 0.861685 0.316729 -0.343613 -0.354665 0.075348 -0.963887
-0.280731 -0.839173 -1.165603 -0.545746 -0.326674 0.099328 -0.199541 -0.197980 0.825402 -0.430660
0.086633 0.179382 -1.996635 -0.734839 -0.040239 0.051035 -0.670896 -0.052416 0.394385 -0.930167
-0.161147 -0.005542 -1.570204 -0.704038 0.567181 -0.180641 0.129081 0.410460 -0.028615 -0.686789
-0.085838 0.214106 -1.536858 -0.260199 -0.076225 -0.056154 -0.498954 0.340518 0.983791 -0.913552
-0.084680 -1.041826 -1.079594 -0.525943 0.305464 -0.004522 -0.699551 -0.330328 0.218011 -0.524806
-0.269265 -0.732138 -0.868459 0.133406 0.746073 -0.217510 -0.444447 0.718878 -0.001157 -0.892264
-0.157243 -0.246237 -1.468349 -0.501867 0.016450 -0.475850 -0.554477 -0.070885 0.923210 -0.927743
0.177051 -0.052244 -1.764342 -0.633543 0.383214 0.302953 -0.563929 0.359097 0.070038 -0.183287
0.064375 -0.795003 -1.647922 -0.314917 0.564127 -0.341922 0.119837 -0.433352 -0.021224 -0.713758
0.206270 -0.187771 -0.887859 -0.806511 -0.120092 -0.456887 -0.300545 -0.176364 -0.389022 -0.236549
-1.328794 -0.561759 -0.814381 -0.299645 -0.399979 -0.476188 -0.402697 -0.912862 -0.088243 -0.652938
-0.374492 -0.959142 -0.503278 -0.081829 0.078561 -0.486756 -0.340089 -0.140159 0.278070 0.280949
-0.392605 -0.696081 -0.889061 -0.223311 0.096179 -0.651877 -0.386364 0.244943 0.389830 -0.263744
-0.513970 -0.794042 -1.633861 -0.467757 0.526171 -0.172910 -0.515857 1.152817 -0.169257 -0.510201
-0.435417 -0.794138 -1.311032 -0.442272 0.495966 0.039407 -0.217975 -0.141422 -0.344230 -0.375142
-0.349824 -0.332803 -0.263447 0.126457 0.948445 0.264107 -0.289096 0.201679 0.621104 -0.543182
-0.697278 0.498868 -1.079676 -0.923570 1.174456 0.025113 0.079436 1.110970 0.646507 -0.959502
0.383123 -0.986794 -0.841241 0.430606 0.437104 -0.967070 -0.331625 -0.220741 -0.195948 -0.426739
0.257902 -0.277527 -1.415960 0.111080 -0.343326 0.012287 -0.632020 -1.025553 -0.126634 -0.875964
0.010823 -0.615899 -0.804965 -0.041276 0.320468 -0.852483 -0.817711 -0.921093 -0.358765 -0.638385
-0.304242 0.126791 -1.248043 -0.456592 0.489774 -0.164825 -0.770769 0.353770 0.184794 -0.566958
-0.473748 0.215798 -1.629619 -0.674139 0.817523 0.226455 -0.319185 0.706273 0.837418 -0.614418
-0.050501 0.066240 -0.568302 -0.016895 -0.008583 0.144203 -0.947555 -0.088056 0.262207 -0.575928
-0.740884 -0.517360 -0.211712 0.227463 0.025705 -0.503074 0.138492 0.781887 0.001040 -0.552548
0.280751 -0.892712 -0.697121 0.043557 0.164290 -0.340060 -0.313985 0.702978 0.328458 -0.895744
-0.519196 0.638929 -1.522134 -0.921196 0.477824 0.158718 -0.444800 0.289165 0.246186 -0.470310
-0.178623 0.254705 -1.616268 -1.086962 0.068211 -0.426761 -0.819288 -0.422395 0.416090 -0.981925
-0.301339 -0.376890 0.052197 0.102183 0.653225 -0.794207 0.585384 -0.085979 0.225242 -0.708189
-0.781771 -0.387578 -0.171869 0.123193 -0.274860 -0.886708 0.195566 0.254866 0.420595 -0.769398
-0.346990 0.038758 -1.673418 -0.878537 0.235319 0.623695 -0.766849 -0.123259 -0.359590 -0.424493
0.255615 -0.891585 -0.569625 0.026231 0.331703 -0.010969 0.109755 -0.888681 -0.335066 -0.118259
-0.075272 -0.584049 -0.947626 -0.681422 0.671250 -0.532774 0.305692 0.189957 -0.076244 -0.423269
-0.310904 0.090760 -0.632628 -0.357179 0.236657 0.194552 -0.344755 0.132581 0.728718 -0.213366
-0.032811 -0.132218 -1.177868 -0.234136 0.721188 -0.087510 -0.181830 0.808490 0.548321 0.188082
-0.712876 -0.211497 -1.175387 -0.069735 0.635422 -1.044013 0.566171 0.934267 -0.644605 -0.773847
-0.636724 0.067919 -1.349473 -0.712479 0.980483 0.359964 -0.118091 0.301596 0.669313 -0.209303
-0.590572 -0.421023 -1.172661 -0.582665 0.185806 -0.875765 0.018588 0.290878 0.660173 -0.671760
-0.187704 -0.982390 -0.773258 -0.345653 0.119405 -0.160225 -0.195105 0.140233 0.645314 -0.668716
0.448215 -1.232401 -0.776915 -0.084606 0.414882 -0.436681 -0.720391 0.129855 0.322884 -0.658857
0.083565 -0.702686 -0.609687 -0.203905 1.063833 -0.603014 -0.343903 0.573861 0.089933 -0.383155
-0.203035 -0.735670 -0.876822 0.040114 0.233911 0.491051 -0.611275 0.004149 0.499976 -0.931969
0.480908 -0.695799 -0.901581 0.121938 0.430240 -0.347976 -0.486927 -0.578744 0.278033 -0.326586
0.213799 -0.940163 0.317426 0.070155 0.649595 0.002390 -0.365497 -1.102025 -0.055002 -0.082250
-0.110539 -0.655546 -0.556420 -0.594681 0.421136 0.382576 -0.385031 -0.766206 -0.510607 -0.234254
0.507754 -1.086052 -0.939725 -0.195719 0.444484 -0.382955 -0.264038 -0.516102 -0.026203 -0.695509
1.294282 -0.074839 -1.381313 -0.228766 -0.295919 0.466872 -1.149820 0.162632 0.882606 0.296084
0.892460 -0.420462 -1.561401 -0.147745 0.075365 0.102758 -1.100499 0.557411 0.481212 -0.063788
0.756060 -0.269803 -0.934539 -0.442064 -0.211579 0.032304 -1.300545 0.078838 0.327671 -0.079081
0.724762 -0.176046 -1.802568 -0.521321 -0.123353 0.328217 -0.800101 0.263765 0.557295 0.403937
0.784013 -0.086682 -1.566166 -0.640854 -0.227070 0.353505 -0.762607 0.346929 0.298411 0.383861
1.037204 -0.188687 -1.526114 -0.399859 0.043811 0.185489 -0.637034 0.528916 0.910173 0.368573
0.938843 -0.600474 -1.364779 -0.104835 -0.268029 0.468291 -0.874901 0.598111 0.914284 0.232678
0.914160 -0.039674 -1.560878 -0.444238 0.076865 0.343333 -0.850619 0.683589 0.897323 0.058896
0.829842 -0.125799 -1.555462 -0.501868 0.044360 0.217832 -0.817506 0.512084 0.689255 0.032599
0.815961 -0.318056 -1.281244 -0.372634 -0.297646 0.367404 -1.020702 0.225689 0.402799 0.018177
0.936472 -0.091390 -1.642903 -0.513444 -0.044409 0.337635 -0.861325 0.598419 0.868156 0.064414
0.626750 -0.232161 -1.644063 -0.480790 -0.125202 0.257827 -0.945769 0.397828 0.313918 0.101331
0.649054 -0.458943 -1.577933 -0.330882 -0.218583 0.410052 -1.050367 0.436133 0.518513 -0.100793
1.016161 -0.599651 -1.481518 -0.216970 0.047096 0.273558 -0.642934 0.366113 0.975357 0.264914
0.928318 -0.534042 -1.570935 -0.209419 -0.134952 0.349107 -0.918402 0.287676 0.180103 0.138165
1.037859 -0.418811 -1.537192 -0.266741 -0.304466 0.357790 -0.932510 0.499227 0.796088 0.436628
0.774193 -0.233353 -1.309179 -0.457796 -0.341435 0.121822 -0.936143 0.158922 0.302096 -0.027926
0.846126 -0.383416 -1.380125 -0.277552 -0.198782 0.431370 -0.780572 0.633812 0.746554 0.559434
0.985536 -0.127813 -1.572773 -0.465274 -0.118586 0.470951 -0.812739 0.520040 0.764149 0.248103
0.927074 -0.223639 -1.531464 -0.316220 -0.249609 0.327296 -0.931456 0.325112 0.646803 0.242409
1.044176 -0.180338 -1.472346 -0.440648 -0.170830 0.559535 -0.893903 0.632729 0.800573 0.288397
0.922543 -0.142437 -1.686714 -0.364943 0.029392 0.234387 -0.823736 0.590901 0.936385 0.195384
1.117350 -0.292148 -1.406664 -0.404185 -0.465139 0.687521 -0.848707 0.401368 0.540441 0.456346
0.880752 -0.156693 -1.646336 -0.421390 -0.114696 0.328279 -0.860010 0.347326 0.677457 0.160389
0.822612 -0.163189 -1.497956 -0.449414 -0.166031 0.340983 -0.913243 0.402280 0.567328 0.161328
0.734776 -0.937800 -1.147691 -0.211745 -0.163284 0.154490 -0.686740 -0.056590 0.680931 -0.063760
0.878997 -0.858428 -1.651246 -0.277021 -0.301679 0.092629 -0.796061 -0.412539 0.624870 0.138219
1.177744 -1.184411 -1.494993 0.547657 -0.571658 -0.062287 0.252440 -0.627718 0.572176 -0.311990
1.162394 -0.542590 -1.707006 -0.110140 0.063883 0.384642 -0.417850 -0.181653 0.717977 0.003717
0.984462 -0.586662 -1.870466 -0.561948 -0.192918 0.392825 -0.502536 0.182783 0.534736 0.214867
1.099531 -0.466671 -1.838231 -0.273510 -0.319792 0.351729 -0.236246 0.216394 0.689093 0.278774
0.879494 -0.762447 -1.366496 -0.148443 -0.004929 0.554718 -1.213123 -0.295983 0.191989 -0.061755
1.069419 -0.406030 -1.482185 -0.276741 -0.002990 0.243084 -0.800400 0.444126 0.579533 0.172077
1.144121 -0.531573 -1.610665 -0.043880 -0.230090 0.373222 -0.677187 0.364570 0.878153 0.446603
0.936563 -0.314146 -1.369415 -0.404090 -0.053300 0.240656 -0.904167 0.782833 0.631518 0.332528
1.021797 -0.081364 -1.541929 -0.334843 0.100575 0.433845 -0.838512 0.801506 1.023453 0.253353
1.066576 -0.536345 -1.503610 -0.114849 -0.111593 -0.118241 -0.550412 0.079733 0.570745 0.439341
0.967817 -0.095970 -1.469703 -0.455045 0.008031 0.487515 -0.829758 0.713915 0.786462 0.240232
1.051350 0.054631 -1.840648 -0.663120 -0.087143 0.552573 -0.980031 0.196695 0.628945 0.117925
0.972441 -0.182573 -1.279591 -0.345861 -0.094762 0.521269 -0.920619 0.544706 0.659626 0.313330
0.887231 -0.197452 -1.608136 -0.437085 -0.297949 0.386590 -0.927169 0.424188 0.617371 0.309642
0.960800 -0.253620 -1.367373 -0.344391 -0.291107 0.453828 -0.970392 0.548494 0.686272 0.268127
0.785983 -0.255640 -1.204827 -0.742631 -0.455918 0.166895 -1.249893 0.442081 0.323392 -0.029899
0.928714 -0.264498 -1.367011 -0.536299 -0.260418 0.447502 -0.921245 0.411797 0.493806 0.170414
0.873521 -0.491811 -1.494739 -0.375645 -0.182122 0.371834 -0.765551 0.151775 0.685025 0.110708
0.827319 -0.707482 -1.722927 -0.440076 -0.183861 -0.094395 -1.138994 0.296281 0.265945 0.341386
0.841638 -0.179248 -1.555235 -0.508532 -0.320933 0.367999 -0.887442 0.270827 0.452877 0.223803
0.733094 -0.324209 -1.838878 -0.420894 -0.193376 -0.071417 -0.401033 0.412490 0.455427 0.158879
0.333409 -1.849954 -1.614351 0.573618 -0.595132 -0.271797 -0.080002 -0.041044 -0.297918 -0.536293
1.177238 -0.290661 -1.573285 -0.226317 -0.108661 0.551709 -0.673388 0.536958 0.904215 0.436570
1.070092 -0.185594 -1.685915 -0.357904 -0.163237 0.518887 -0.633664 0.546107 0.849093 0.479907
1.122581 -0.301130 -1.490919 -0.236890 -0.161122 0.586124 -0.809802 0.654275 0.919773 0.500432
0.850426 -0.165520 -1.413479 -0.472720 -0.180284 0.329765 -1.065865 0.344983 0.645456 0.004698
0.870909 -0.327354 -1.676427 -0.422156 -0.368026 0.275740 -0.719304 0.188344 0.504230 0.172475
1.061709 -0.340182 -1.507725 -0.166438 -0.487994 0.526030 -0.980262 0.430828 0.759495 0.533121
1.001467 -0.173560 -1.540448 -0.378055 -0.043451 0.385468 -0.820378 0.632761 0.844944 0.266616
1.065044 -0.380383 -1.421507 -0.131395 -0.148652 0.418117 -0.809135 0.603798 0.752941 0.420469
