-0.026687 -1.504958 -0.511066 0.287845 0.520731 -0.320889 -0.562644 -0.183972 -0.497404 -0.735497
-0.344230 0.157441 -1.248272 -0.572490 0.515062 0.223361 -0.540189 0.800473 0.674108 -0.351211
-0.080075 0.678067 -0.299206 -0.955707 0.764019 -0.564998 0.291014 -0.869062 -0.177346 -0.040417
-0.326981 -0.536294 -0.493514 0.416058 0.690128 -0.031669 0.056959 0.170093 0.006873 -0.963018
-0.744864 -0.535272 -0.528944 -0.870068 0.767088 -0.282720 -0.688586 0.323104 0.529956 -0.146777
-0.091648 -0.017064 -0.472028 -0.628536 1.105231 -0.387936 -0.301501 0.190829 -0.766399 0.032635
-0.107910 -0.136878 -0.787245 0.008865 0.897916 -0.244263 -0.457690 0.506229 0.175855 -0.634202
-0.493576 -0.416215 -1.143718 -0.410812 0.528873 -0.577791 0.109885 0.797987 -0.186006 -0.723525
0.015488 -0.805318 -0.481165 0.264538 0.045818 -0.774433 0.003086 0.278602 -0.423836 -0.255897
-0.293078 -0.010071 -0.633802 -1.146083 0.928298 0.074462 0.148905 -0.288506 0.154030 -0.226028
-1.037879 0.307418 -1.183439 -1.128337 0.467321 0.233986 -0.046588 0.655426 0.717257 -0.622744
0.176456 -0.470094 -0.975197 -0.441683 0.442558 -0.319918 -0.061745 -0.748339 -0.224936 -0.928618
-0.492369 -0.399611 -0.284781 -0.347767 -0.093585 -0.139592 -0.681044 -0.244176 0.429879 0.156621
0.474310 -0.151914 -1.136208 0.194945 0.246806 -0.538338 -0.284013 0.373818 1.014881 -0.544305
-0.781845 -0.282590 -1.528493 -0.476996 0.974925 -0.050282 -0.218842 0.083233 0.355537 -0.640078
-0.222641 -0.681284 -1.277149 -0.171929 0.240415 -0.263594 -0.290858 -0.053025 -0.304711 -0.966237
-0.490524 -0.534487 -0.712287 -0.599064 -0.243197 0.289223 -0.964546 -0.156968 0.006401 -0.103441
-0.287187 -0.442973 -0.763366 -0.541729 0.628103 -0.788516 0.094921 0.157452 0.248935 -0.388335
-0.654316 0.373137 -1.199276 -0.703127 0.672394 -0.046533 -0.664007 0.091726 0.744956 -0.470000
-0.126950 -0.195066 -0.695404 -0.133153 0.806529 -0.568653 -0.392799 -0.122246 -0.443595 -0.581720
-0.208544 -0.998251 -1.225009 -0.173325 0.989527 -0.326739 0.374972 0.350142 -0.350867 -0.909365
-0.004949 -0.154007 -0.587601 -0.442681 0.483609 0.565841 -0.226602 0.005695 -0.422644 0.233201
-0.000036 -0.323546 -1.626284 -0.754565 -0.333270 -0.856218 0.041066 0.433875 0.288555 -0.894660
-0.154184 0.385259 -1.077823 -0.360282 0.382905 0.115141 -0.567443 1.181347 0.835855 -0.422412
-0.352916 0.045081 -1.013176 0.026722 0.131809 -0.186873 -0.097916 0.798301 0.297106 -0.447300
-0.013702 -0.378440 -1.098165 -0.575169 0.912550 0.039997 0.144371 -0.196785 -0.207873 -0.506234
-0.148518 -0.406667 -1.596564 -0.423036 0.914084 0.470370 -0.436579 0.298033 0.096191 -0.730390
-0.678796 -0.184399 -0.715950 -0.260606 0.673692 -0.139297 0.557983 0.485491 0.559494 -0.800371
-0.124360 -0.548958 -0.828720 -0.028358 0.490067 0.021959 -0.626605 0.519690 0.383435 -0.181156
-0.643335 -0.302762 -0.991692 -0.241318 1.332111 -0.217581 -0.100220 1.240080 0.346727 -0.259456
-0.609166 -0.853526 -0.718399 0.062797 0.673101 -0.001938 0.011587 0.556362 -0.553654 -0.552828
0.052370 -0.800489 -1.126075 -0.488885 0.369710 -0.152120 -0.245056 0.324054 -0.107404 -0.949443
-0.509653 -1.023657 -0.345989 0.391775 0.003802 -0.242359 0.727369 -0.093126 0.088443 -0.202358
0.173410 -0.928974 -1.030413 -0.098671 0.497161 -0.518424 -0.309236 0.229589 0.282386 -0.445980
-0.412003 -0.378858 -0.614398 -0.074437 0.532108 -0.219778 0.443521 0.083402 -0.427067 -0.996167
-0.395361 -0.042825 -1.079485 -0.331941 0.738795 -0.213710 -0.254200 0.443480 0.381441 -0.390093
-0.385777 -1.005675 -0.549759 -0.065262 0.878890 -0.684665 0.030013 -0.098758 -0.348670 -0.507184
-0.021501 -0.937919 -1.570010 -0.984972 0.633330 -0.625823 -0.363887 0.183626 0.299123 -0.629562
0.202320 -0.345030 -1.804417 -0.139509 0.590755 -0.129161 -0.683939 0.503575 -0.182593 -0.107286
-0.088138 -0.362230 -0.814158 -0.127143 0.754367 -0.238640 -0.574883 -0.094536 -0.029250 -0.480892
-0.909275 -0.568097 -0.835838 -0.302382 -0.212822 -0.136806 0.545268 0.455497 -0.432734 -0.850464
0.010763 0.577247 -1.330686 -0.753213 1.393854 0.136542 -1.163108 0.868571 -0.149193 -0.595721
-0.275485 0.182470 -0.454764 -0.550866 0.704782 0.180024 -0.219231 0.117458 0.677364 -0.231258
-0.082970 -0.129068 -0.711195 -0.511566 0.237354 0.262574 0.040466 0.522340 0.101094 -0.479636
-0.790252 0.082037 -1.021524 -0.903478 0.738699 0.057314 0.396526 0.630777 0.635133 -0.726139
-0.688326 0.032787 -0.047842 -0.120862 0.691425 -0.461098 0.518810 0.149042 0.019677 -0.341471
-0.667703 0.126024 0.142622 -0.181718 0.758163 -0.364732 0.455132 -0.058180 -0.048997 -0.255798
-0.830465 0.037073 -0.417091 -0.513980 0.724309 -0.049513 0.048014 0.455990 0.413621 -0.561444
-0.162699 -0.270216 -0.335293 -0.004789 0.438188 0.310921 -0.159009 0.373719 0.417951 -0.517797
-0.655988 0.150289 -0.526453 -0.618660 0.922382 -0.151120 0.295048 0.486712 0.278582 -0.444246
-0.546188 0.210777 -0.632147 -0.612714 0.848458 0.248321 -0.038682 0.597241 0.692369 -0.270321
-0.465187 0.048611 -0.202356 -0.106048 0.765366 -0.138520 0.389370 0.501453 0.332020 -0.180325
-0.199498 -0.322900 -1.271414 0.457967 0.187433 -0.195820 -0.402468 0.657900 -0.231714 -1.302403
-0.253894 0.141967 -0.290461 -0.459079 0.425646 0.175734 -0.096818 0.287073 0.332511 -0.187768
-0.500323 0.432460 -0.574933 -0.635726 1.055557 -0.053798 0.182818 0.688819 0.602701 -0.638021
-0.989344 -0.626156 -0.494545 -0.470181 0.196088 -0.773401 -0.222049 -0.134924 -0.246034 -1.316867
0.450974 -0.302457 -1.040411 -0.076190 -0.227977 -0.505101 0.145470 -0.867993 0.293880 -0.673015
-0.684862 -0.070154 -0.684799 -0.381782 0.046647 -0.322981 -0.345202 0.193227 0.389976 -0.247406
0.402848 -1.492404 -1.516727 -0.334015 -0.169239 -0.878650 -0.423618 -0.538868 -0.106612 -0.361320
0.167280 -0.164315 -1.414928 -0.750849 0.394901 -0.058819 -0.063298 -0.169818 0.037626 -0.306434
-0.704595 0.399427 -1.425772 -1.145231 1.051939 -0.020607 -0.162782 0.826323 0.500640 -0.289488
0.020825 -0.857640 -0.737088 -0.083454 -0.194768 -0.057189 -0.010133 -0.584149 0.006283 -0.445664
-0.417493 -0.333946 -1.093967 -0.865319 -0.213375 0.069413 -0.495018 0.284822 1.224211 -0.699191
-0.719126 -1.208253 -0.679700 -0.401603 0.521603 0.041735 -0.481006 -0.447753 0.232817 0.544435
-1.142150 -0.835302 -1.091957 -0.735575 0.716184 -0.166135 0.321460 0.050994 0.517457 -0.389476
0.715978 -0.502700 -0.745717 -0.027842 0.934967 -0.433043 -0.545263 -1.333223 -0.776816 -0.180283
-0.501468 0.459013 -1.330407 -0.904347 0.770152 -0.070352 0.124354 0.984077 0.434959 -0.119938
-0.224131 -0.406407 -0.563531 -0.613000 0.680630 -0.593548 -0.329363 -0.011245 0.504134 -0.592303
-0.171515 -0.403879 -1.079264 -0.613088 0.655516 -0.036414 -0.588858 -0.360279 0.848404 -0.498052
-0.150245 -0.222959 -1.051780 -0.694348 0.578046 -0.571183 0.243749 -0.373222 0.309259 -0.321047
0.883183 -1.409959 -0.821801 0.332796 0.055963 -0.638595 -0.049972 -0.710973 0.104385 -0.312362
-0.537992 -0.335808 -0.499446 -0.788068 0.256067 -0.164714 0.110425 -0.513676 0.604393 -0.311334
0.322961 -1.165177 0.031504 0.247847 -0.335977 -1.307202 -0.183150 -0.982296 -0.000701 -0.550163
-1.004302 -0.454282 -0.993995 -0.503607 -0.364860 -0.033318 -0.064261 0.008611 0.848352 -0.941361
-0.356016 -0.440092 -1.291183 -0.103157 -0.236966 -0.652902 0.259841 0.696225 0.574757 -0.796936
-0.252447 -1.015473 -0.839061 -0.243384 0.139500 -0.646772 -0.512465 0.322004 0.259924 -0.070887
-0.933435 -0.020156 -1.309694 -1.261217 0.531775 0.566137 -0.504579 0.289689 0.910603 -0.302504
-1.011146 -0.170584 -0.915400 -0.864359 0.420189 0.078910 0.244237 0.027797 0.841476 -0.591262
0.661224 -0.835118 -0.512314 0.361696 -0.408957 -1.039331 -0.756178 -0.637341 0.199642 -0.316101
-0.598962 -0.507030 -1.393816 -0.540335 -0.530766 -0.564406 -0.478829 0.311908 0.316103 -0.654589
0.574846 -0.600415 -0.935595 0.112276 0.744280 -0.477822 -0.768315 -1.065305 -0.467095 -0.336104
-0.608557 0.026124 -1.183271 -0.110580 -0.423760 -0.190113 0.085084 0.109196 0.049384 -1.640478
0.280103 -0.827520 -0.963262 -0.673052 0.213825 -0.097332 -0.348256 -0.384989 0.122450 -0.156349
-0.046000 -0.540870 -0.687752 -0.830054 0.239160 -0.213363 -0.403816 -0.483085 0.155475 0.303016
0.126131 -0.454675 -1.177101 -0.192554 -0.217609 0.346153 -0.819826 -0.657290 0.416855 -0.495471
-0.062111 0.004765 -1.019231 -0.954467 0.682649 -0.365530 -0.707971 -0.279110 0.785245 -0.379817
-0.059154 0.296651 -0.823837 0.201426 0.487527 0.551787 -0.623425 -0.628571 0.057621 -0.940980
-0.670789 -0.233020 -1.078427 -1.088460 0.506320 -0.271132 -0.400499 -0.970180 0.483865 -0.471497
-0.523401 0.014074 -1.153927 -1.165558 0.642847 0.083551 -0.249639 -0.340043 0.927505 -0.150501
0.117969 -1.102264 -0.765963 -0.216761 0.547860 -0.306861 -1.129673 -0.415416 0.662257 -0.131535
-0.234987 -1.318487 -0.735278 -0.349272 0.666803 -0.315325 -0.416484 0.302319 1.043103 -0.210259
-0.167844 -1.234673 -0.451277 0.282246 0.083705 -0.881389 -0.137314 -0.776232 -0.169765 -0.502576
0.202320 -0.345030 -1.804417 -0.139509 0.590755 -0.129161 -0.683939 0.503575 -0.182593 -0.107286
-0.458256 -0.730264 -1.312931 -0.069229 0.060420 -0.427527 0.586699 0.264700 -0.192717 -0.900987
-0.243025 -1.037511 -1.544507 -0.607247 0.132625 0.242075 0.367809 -1.111385 0.496355 -0.917958
0.071319 0.219614 -1.554304 -0.430287 0.041417 0.050168 -0.908394 -0.299283 1.065945 -0.374697
0.166549 -0.073692 -0.634716 -0.944870 0.674767 0.226887 0.034178 -0.997024 -0.425577 -0.147295
0.016744 -0.774992 -1.511052 -0.679589 0.672870 0.141445 -0.128408 -0.565260 1.008115 -0.659781
-0.026998 -0.993945 -1.459378 -0.390159 0.313566 0.145512 0.344832 -0.875057 0.689398 -0.719113
-0.216515 -0.449359 -1.259770 -0.928855 -0.098618 0.550116 0.198289 -0.685316 -0.015580 -0.534802
-0.267303 -0.423224 -0.960484 -0.692741 0.228552 0.015088 -0.124321 0.124542 1.121775 -0.390545
-0.284610 0.156753 -1.580502 -0.893307 -0.177204 0.567166 -0.366195 0.001167 0.852946 -0.849836
-0.857529 -0.258416 -0.994797 -0.960613 -0.289031 0.125927 0.312213 -0.460386 0.368133 -0.278779
-0.349155 -0.110903 -0.744998 -0.989401 0.009635 0.227014 -0.037355 -0.233929 0.902168 -0.200615
-0.625761 -0.132610 -0.843267 -0.938025 -0.162824 0.401784 0.051933 -0.490972 0.427994 -0.158308
-0.933317 0.133111 -0.637400 -1.202232 0.157819 -0.390054 0.564444 -0.491647 0.002673 -0.472560
-0.616738 0.031428 -1.531845 -0.760462 -0.108463 0.194349 -0.277885 0.657225 0.768980 -0.114855
0.220916 -1.097655 -1.050949 -0.492593 0.678484 0.327916 0.212913 -0.983303 -0.177856 -0.614839
-0.269267 0.192761 -1.645818 -0.596511 -0.300950 0.240384 -0.448442 0.593468 0.841644 -0.407173
-0.038560 -0.184370 -1.515803 -0.817361 0.367378 0.438780 -0.316287 -0.720346 0.587812 -0.114717
0.241614 -0.610681 -1.546409 -0.912434 0.497434 0.234715 -0.378382 -0.342936 0.526761 -0.319275
-0.745690 -0.116252 -0.619048 -1.099832 0.329488 -0.242540 0.251787 -0.613375 0.292791 -0.608261
-0.859894 -0.175105 -1.118319 -0.990264 0.147993 0.068850 0.068769 -0.202941 0.344944 -0.272483
-0.298556 -0.191780 -0.870983 -0.252582 0.323776 0.041628 -0.399428 -0.444421 -0.109282 -0.784353
0.445635 -1.534076 -0.747007 -0.354177 0.060197 -0.687770 -0.277454 0.086069 0.221886 -0.719638
-0.113034 -0.591477 -0.724062 -0.404365 0.917279 -0.126362 -0.133628 0.445148 0.049181 -0.167191
-0.719126 -1.208253 -0.679700 -0.401603 0.521603 0.041735 -0.481006 -0.447753 0.232817 0.544435
-0.136387 -0.295532 -1.660194 -0.522539 0.794644 -0.408332 -0.889813 0.672135 0.053293 -0.468422
-0.589569 -0.181554 -1.140801 -0.329183 -0.127474 -1.241012 0.396036 0.121096 -0.782719 -0.855240
-1.063202 -1.269808 -0.650928 -0.333086 -0.473472 0.136257 -0.287726 -0.723851 0.005535 -0.616055
0.181901 -0.777726 -0.898799 0.212363 0.941351 -0.195037 0.134355 -0.296011 0.204848 -0.842224
0.196902 -1.283675 -0.521487 0.245827 0.219199 -0.453651 -0.439949 0.562786 -0.025729 -0.242368
0.249649 -1.368212 -0.343085 0.499307 -0.406612 -0.425928 -0.603617 0.245846 0.584952 -0.388939
0.322961 -1.165177 0.031504 0.247847 -0.335977 -1.307202 -0.183150 -0.982296 -0.000701 -0.550163
0.410390 -1.088080 -0.749736 -0.434889 0.648470 -0.919077 0.331799 -0.177878 -0.219309 -0.607754
-0.610561 0.221071 -1.512842 -0.069297 -0.024263 -0.551322 -0.014412 0.392048 -0.742776 -1.123969
-0.521155 0.007824 -0.891617 -0.796929 1.242777 0.254066 0.180263 0.166633 0.188132 -0.337973
-0.410632 -0.449990 -0.223756 -0.391719 0.361506 -0.058626 0.475001 -0.215906 -0.426727 -0.447788
0.079830 -0.487255 -0.419116 0.177782 0.750209 0.148452 -0.211667 -0.766122 -0.006193 -0.479759
-0.405537 -0.556586 -0.720124 -0.350147 1.145914 0.034636 -0.253397 1.223798 0.617620 -0.617836
-0.901989 0.758745 -1.128546 -0.887473 0.929972 0.215894 0.053857 0.028869 0.503124 -1.065055
-0.866994 -0.174434 -0.407826 -0.238050 0.793941 -0.144523 0.701152 -0.110221 -0.111821 -0.289784
-0.920735 -0.300084 -1.271038 -0.879195 0.509182 0.763644 -0.250258 -0.061293 0.281693 -0.472303
0.021218 -0.737920 -1.213942 0.228604 -0.438076 -0.506060 -0.804643 -0.338009 0.240900 -1.035919
-0.495216 -0.203414 -0.915476 -0.701393 0.932528 0.061741 -0.101549 0.892004 0.725517 -0.528246
-0.752781 -0.842270 -0.649548 -0.845933 0.487493 -0.663524 0.218337 0.856903 0.624795 -0.465090
-0.058681 -0.586729 -1.280576 -0.740769 0.112614 0.081920 -0.695709 -0.328351 0.498152 0.120665
0.418031 -0.870053 -1.398736 0.046731 0.724771 -0.190337 0.122924 0.443649 0.390564 -0.686272
-0.229742 -0.793890 -0.969242 -0.236049 0.812124 -0.619265 -0.269234 0.374622 -0.259172 -0.205089
0.631264 -1.260685 -1.079523 0.215453 0.336203 0.246678 -0.218838 -0.265558 0.841503 -0.792813
0.509816 -0.371802 -0.980966 -0.056707 0.427032 -0.411841 -0.284003 -0.331614 0.043264 -0.385541
-0.765844 -0.424434 -1.175655 -0.485767 -0.080687 -0.509504 -0.196992 0.054807 -0.373642 -0.813356
-0.331257 0.060893 -1.189788 -0.294320 0.830956 -0.294489 0.390595 -0.423463 0.208772 -1.411887
-0.690699 0.365102 -1.049438 -1.363534 0.315093 -0.114847 0.048977 -0.633980 -0.091463 -0.373073
-0.595808 -0.868961 -0.627927 -0.385563 0.172916 -0.294980 0.075799 -0.775728 0.543449 -0.372130
-0.613066 -0.353950 -1.013576 -0.576212 0.589027 -0.792640 -0.290525 -0.380986 0.591671 -0.223048
-0.463222 -0.680655 -1.164927 -0.651195 0.691050 -0.425366 0.322660 0.264250 -0.103919 -0.771758
-0.838765 0.060665 -0.013162 -0.418811 0.789461 -0.385861 0.638745 -0.008257 0.186257 -0.310722
-0.372674 0.057694 -0.273108 -0.417742 0.435290 0.057730 -0.185647 0.266321 0.323219 -0.169534
0.085688 -0.522378 -0.964171 0.315897 -0.085703 -1.019808 -0.702715 0.230955 -0.444599 -1.044762
0.351490 -0.910980 -0.850398 0.043268 0.651032 -0.410495 0.562550 0.063036 0.073938 -0.462192
-0.424795 -0.227181 -0.116762 -0.139791 0.466712 -0.135337 0.028699 0.612436 0.444152 -0.150099
-0.253894 0.141967 -0.290461 -0.459079 0.425646 0.175734 -0.096818 0.287073 0.332511 -0.187768
-0.499326 -1.116915 -0.073413 -0.066712 0.455491 -0.283027 0.376195 -0.048936 -0.094624 -0.217139
0.143158 -1.084124 -0.650946 -0.016027 -0.114510 -0.672751 -0.230555 -0.327233 -0.021004 -0.784797
0.481105 -0.331542 -1.387070 -0.368913 -0.456907 0.003109 -0.848558 0.263300 0.311580 0.060787
0.661471 -0.434507 -1.177538 -0.417820 -0.610243 0.111039 -1.084316 0.156990 0.239251 0.031437
0.943171 -0.231610 -1.486084 -0.455596 0.018659 0.414536 -0.929773 0.494142 0.705657 0.097805
0.736432 -0.244795 -1.521832 -0.634467 -0.356399 0.221501 -0.818193 0.401063 0.353544 0.304377
0.059413 -0.992944 -0.715789 -0.122178 -0.356365 0.170950 -1.482060 0.260548 0.287076 -0.259935
0.929321 0.201050 -1.234946 -0.527416 -0.113406 0.427940 -1.266536 0.509687 0.781074 -0.024841
0.674004 -0.297574 -1.194938 -0.424806 -0.491506 0.047112 -1.262496 -0.003482 0.239357 -0.060541
0.922231 -0.931154 -0.782629 0.003422 -0.160046 -0.058156 -0.852748 0.132331 0.136151 -0.162234
0.545650 -0.411854 -1.674802 -0.492926 -0.424446 0.330249 -0.637942 0.039768 0.476409 -0.175825
0.902718 -0.609890 -1.536789 -0.057403 0.049971 0.177019 -0.746416 0.841311 0.917103 0.325922
1.141582 -0.240183 -1.576904 -0.207357 0.073189 0.362992 -0.767831 0.867477 0.965773 0.465231
1.129874 -0.466617 -1.563291 0.083702 -0.172934 0.444718 -0.580289 0.677691 1.058460 0.677790
0.763894 -0.270604 -1.207289 -0.230936 -0.118046 0.450085 -1.099487 0.846308 0.891252 0.064095
0.833936 -0.178473 -1.472780 -0.593265 -0.130869 0.142775 -0.914166 0.331766 0.588337 0.105204
0.910567 -0.453499 -1.408705 -0.354593 -0.615412 0.334055 -0.780851 -0.024336 0.285226 0.294655
0.525602 0.241310 -1.790594 -0.254177 -0.207556 0.346554 -0.825237 0.548014 0.796932 -0.387542
0.927558 -0.540965 -1.713278 -0.021844 -0.211534 -0.106649 -0.540007 0.259198 0.020973 0.303568
1.152819 -0.655053 -1.465741 -0.528013 0.116926 0.071191 -0.609826 0.394745 0.481258 0.016791
0.995865 -0.284411 -1.456066 -0.314553 -0.089900 0.475479 -0.663752 0.478059 0.643769 0.358198
0.898019 -0.104171 -1.432071 -0.464595 -0.039396 0.385819 -0.890293 0.669023 0.707088 0.201869
0.797791 -0.317715 -1.758460 -0.402726 -0.273161 0.240469 -0.528333 0.044513 0.437547 0.514170
0.897373 -0.114459 -1.397842 -0.483262 -0.117262 0.434390 -0.918330 0.657991 0.654380 0.228488
0.918437 -0.191513 -1.417536 -0.584871 -0.383532 0.351472 -0.861261 0.000484 0.281142 0.088032
0.928501 -0.243366 -1.530365 -0.478920 -0.224960 0.369439 -0.769487 0.475925 0.539808 0.326400
0.970073 -0.199574 -1.592035 -0.411576 -0.118383 0.360837 -0.718117 0.475227 0.700387 0.341307
0.512783 -1.311879 -1.261532 0.336922 0.547309 -0.242491 -0.761771 0.042420 -0.298875 -0.150280
0.965644 -0.641371 -1.755223 0.031536 -0.243665 0.369954 -0.214096 0.202437 0.669117 0.672894
