0.273645 -0.464802 -0.936013 0.065708 0.414385 0.015034 0.142875 -0.007969 0.035330 -0.552277
-0.050704 0.005792 -0.664971 -0.239294 0.776776 0.304931 -0.867962 1.060358 0.571060 -0.014285
-0.285209 -0.175712 -1.388360 -1.171454 0.450295 -0.000119 -0.431083 0.189690 0.506229 -0.654814
-0.887546 -0.113482 -0.580272 0.125693 0.515024 -0.171413 -0.271161 -0.087322 -0.064386 -0.710791
-0.317830 0.280308 -1.223396 -0.268869 0.383778 0.244065 -0.471442 0.117950 -0.049178 -0.863113
-0.048578 0.168213 -1.277879 -0.297469 0.285384 -0.092038 -0.363468 0.472758 0.833024 -0.417463
0.327283 -0.621954 -1.373306 -0.257173 0.523467 -0.543988 -0.466029 0.667961 -0.159121 -0.961762
-0.219297 -0.216287 -1.117227 -0.204469 0.390044 0.204829 -0.373788 0.758638 0.900598 -0.224788
-0.352208 -0.516459 -0.740555 -0.026221 1.094006 0.058017 0.414856 -0.581993 -0.097829 -0.163180
-0.105049 -0.261129 -0.240054 -0.319111 0.483951 -0.266713 -0.360199 -0.000412 0.090784 -0.677297
-0.342470 -0.224511 -1.398507 -0.736397 0.192174 -0.602051 0.030353 0.252363 -0.167487 -0.440022
-0.735659 0.260606 -0.482700 -0.391740 0.707997 -0.618879 0.415111 0.164358 0.067867 -0.593603
-0.503876 -0.747636 -1.183458 0.253887 0.648936 -0.337153 0.348544 -0.172062 0.594302 -0.831734
-0.011864 -0.555149 -0.811012 -0.352832 0.680407 -0.291441 -0.763528 -0.223404 -0.115970 -0.249795
-0.241945 -0.953399 -1.362008 -0.352887 0.217714 -0.613282 0.341084 -1.196264 -0.883131 -1.159867
-0.161753 -0.766185 -0.542004 0.071778 -0.301910 -0.297670 0.150071 -0.248274 -0.115466 -0.559713
-0.009127 -0.786661 -1.275737 -0.116999 0.846157 0.080826 -0.614154 0.316708 0.204020 -0.743119
-0.235033 -0.686496 -1.244653 -0.652191 0.346606 -0.174262 -0.483595 1.177593 0.399447 -1.017137
0.669394 -0.710393 -1.533304 -0.216640 0.619271 -0.138699 -0.289886 -0.653245 -0.100038 -0.434114
-0.457593 -0.498925 -1.894090 -0.957207 -0.220484 0.254903 -0.305608 0.324246 0.785428 -1.546208
0.623765 -0.662583 -1.189891 0.000038 -0.121752 -0.438947 -0.549341 -0.228338 1.026998 -0.737462
-0.599194 -0.275833 -1.301251 -0.975373 0.341907 -0.043370 -0.388196 -0.587174 0.651167 -0.474500
0.340787 -0.419162 -0.854403 -0.209961 0.462807 -0.577938 -0.254057 -0.724921 0.168433 -0.770474
-0.032259 -1.315530 -0.701475 -0.298403 0.058528 -0.706713 -0.214832 0.567318 0.685966 -0.488417
-0.207248 -0.356843 -1.758339 -0.993429 0.178791 0.434083 0.339497 -0.329675 0.443013 -0.511091
-0.371018 0.114978 -1.528853 -0.197605 -0.077203 -0.381197 0.385785 0.604799 0.152656 -0.558846
-0.474402 -0.424815 -0.112176 0.082959 -0.131447 -1.036095 -0.368154 0.304618 0.103295 0.073452
-0.302205 -0.574422 -1.571089 -0.627689 0.269608 0.940030 -0.307905 -0.414829 0.306956 -0.400380
0.212596 -0.456243 -1.250816 -0.240156 0.441190 -0.894377 0.084153 -0.084641 0.025594 -0.641054
-0.221373 -0.339732 -1.146336 -0.912905 -0.050537 -0.133508 -1.290281 0.007564 0.433482 0.197146
0.304028 -0.858104 -0.429766 -0.405011 0.527690 -0.488471 -0.281162 -0.356493 -1.424782 -0.706566
0.183439 -0.698927 -0.535806 -0.284134 -0.133936 -0.212197 -0.500918 -0.149011 0.149019 -0.682880
0.374877 -0.758762 -1.000325 -0.680466 0.346117 -0.659082 -0.260828 -0.160410 0.109994 -0.287704
-0.724603 -0.026468 -1.149722 -0.683812 0.823469 -0.193594 0.120647 0.364217 -0.338681 -0.658559
-0.075636 -0.444356 -0.685558 -0.437427 0.445189 -0.298663 -0.008116 -1.585077 -0.313838 -0.242633
-0.154925 -0.622202 -0.584427 -0.730937 0.293263 -0.807616 -0.255580 -0.756322 0.377309 -0.397674
-0.380031 -0.269992 -0.963610 -0.737242 0.099745 0.069775 -0.040362 0.284213 0.767550 -0.362975
0.382142 -0.497076 -1.282698 0.151631 -0.206044 -0.613558 -0.290260 -0.357468 0.334999 -0.909408
0.237280 -0.120614 -0.871742 -0.587079 0.262463 -0.449965 -0.988896 -0.838195 0.257567 -0.051936
0.211213 -0.556393 -0.805624 -0.488480 -0.374682 -0.248581 -0.354291 -0.303352 0.701506 -0.513509
0.142129 -0.805030 -1.703721 -0.939829 0.553201 -0.370699 0.094367 -0.388832 0.264692 -1.101199
-0.088319 -0.205175 -1.257719 -0.485049 0.191732 -0.028961 -0.517235 -0.632263 0.000360 -0.819632
-0.046934 -0.750726 -1.252870 -0.344203 0.219089 0.214735 -0.775034 0.199439 1.087278 -0.327551
0.504483 -0.493005 -1.066520 0.093082 0.437290 0.453671 -0.719105 -0.709416 0.511494 -0.392514
-0.047580 -0.140588 -0.916627 -0.709795 0.795695 0.070777 -0.548117 0.293830 0.318230 -0.055453
-0.442149 -0.028137 -1.163943 -0.366168 0.560675 -0.149757 -0.943389 0.316614 0.361912 -0.388748
-0.478317 -0.433386 -1.325462 -0.593593 -0.441590 0.085178 -0.765461 -0.470232 0.760274 -0.724282
0.479804 -0.836684 -0.509274 0.089861 -0.197205 -1.301305 -0.547850 0.024211 0.403130 -1.160379
-0.595006 -0.209139 -1.354529 -0.915747 0.178238 0.574769 -0.235743 0.547074 0.348543 -1.071180
0.000894 -0.829713 -1.659563 -0.344548 0.362282 -0.030990 -0.478610 -0.396055 0.394551 -0.919230
-0.675259 -0.424877 -0.623822 -0.112456 0.564153 0.112914 0.807628 0.261633 -0.010515 -0.510202
0.050182 -0.651377 -1.399264 -0.410608 0.855186 -0.039949 0.021604 -1.139952 0.383863 -0.590169
-0.487480 0.119200 -0.019094 -0.559353 0.944571 -0.741354 0.159214 -0.173196 -0.719561 -0.566878
-0.539565 1.010092 -1.213626 -0.686818 0.564022 0.167215 0.150812 0.830586 -0.087414 -0.215671
0.155217 -0.038228 -1.627152 -0.789427 -0.671816 0.074070 -0.374838 -0.091780 -0.219937 -0.186415
-0.071589 -0.923447 -1.456729 -0.122262 0.483621 -0.301299 0.097539 -0.453850 0.919830 -0.362777
0.211239 -0.808572 -1.357028 -0.447813 0.134961 0.409222 0.066769 -0.696706 0.491410 -0.480722
-0.245776 -1.086502 -0.942857 -0.711581 0.084404 -0.027941 -0.177174 -0.086048 0.522703 -0.665803
0.379558 -0.985865 -0.447787 0.075843 0.561753 -0.658109 -0.615100 0.567701 0.778236 -0.309203
0.187817 -0.113644 -1.126726 -0.364406 1.387254 0.715444 -0.964501 -0.150435 -0.337410 -0.686430
-0.353496 -0.940653 -0.790830 -0.034045 0.785862 -0.756110 -0.651118 0.198513 -0.069030 -0.753307
0.170616 -0.178284 -0.971144 -0.270129 0.082297 -0.294124 -0.549306 -0.218818 0.312487 -0.587723
0.123932 -0.822857 -0.863524 0.091118 0.718216 -0.264174 -0.116607 0.038192 0.314881 -1.272823
0.469971 -0.354675 -0.572785 0.078471 0.483299 0.221664 -0.827448 -0.445478 0.494426 0.111099
0.078172 -0.839830 -1.337261 -0.143105 -0.324262 -0.987651 0.446473 0.369840 0.495698 -0.712461
-0.029402 -0.227977 -1.230726 -0.453842 0.321857 -0.591016 -0.819353 0.595542 0.138895 -0.839516
0.093508 -0.765088 -1.044183 -0.191171 0.246353 -0.634919 0.023488 -0.114996 0.053169 -0.891179
-0.968863 0.571348 -0.589624 -0.382970 0.336999 0.062101 -0.633191 0.247969 -0.063538 -0.560464
-0.076315 -0.524791 -1.695530 -1.184856 0.822668 0.247493 -0.611560 -0.066200 -0.146275 -0.006568
0.023193 0.079021 -0.464036 0.137307 1.116244 -0.319946 -1.170410 -0.385144 -0.548781 -0.749770
0.074053 -0.497204 -1.009071 -0.536554 0.986826 0.054925 -0.331109 -0.126950 0.125210 -0.358192
-0.005554 -0.464409 -1.210686 -0.799416 -0.237786 -0.199210 -0.648735 0.305793 1.210332 0.093932
-0.390559 -0.472164 -1.345686 0.127714 0.249380 -0.344432 -0.207664 0.566738 0.037334 -0.966625
-0.311857 0.003166 -0.813128 -0.841704 0.769640 0.179027 0.084034 0.646443 0.295090 -0.926357
-0.247332 -0.879397 -0.944278 0.473092 -0.502880 -0.738638 -0.829321 0.232577 0.227838 -0.346552
0.157817 -0.672635 -0.789482 -0.264861 0.630968 -0.444155 -0.067254 -0.063085 0.759834 -0.752010
-0.072288 -0.378059 -0.856175 -0.332572 0.424071 -0.464459 -0.198084 0.112079 -0.529501 -0.558630
-0.037858 -0.163137 -1.894707 -0.484436 0.089754 -0.590981 0.841511 0.491849 -0.340436 -0.995118
-0.529962 -0.289249 -1.424427 -0.706926 0.184244 -0.609839 0.466307 0.374455 -0.616832 -0.647213
-0.501383 -0.368273 -0.920233 -0.332704 0.527013 -0.418929 0.140389 0.619480 0.340426 -0.805121
-0.105804 -0.225714 -1.402268 -0.668476 -0.384068 -0.145474 -0.298699 0.030751 0.943487 -0.736496
-0.584396 0.479717 -1.081546 -1.462625 0.856573 0.639041 -0.328868 1.121315 0.741416 -0.500368
0.169370 -0.727071 -0.656759 0.030190 0.952512 -0.223013 -0.658293 -0.421609 0.880833 -0.692603
-0.141552 0.312445 -0.376667 -0.936608 0.780646 0.201015 -0.122819 0.392373 0.955398 -0.781844
-0.043617 0.212896 -1.043127 -0.069810 -0.117747 -0.701335 -0.279275 0.534706 0.250103 -0.578439
-0.348529 0.261162 -1.120168 -0.730607 0.887082 0.068763 0.282983 0.492309 0.237848 -0.882909
-0.643851 0.586590 -1.160861 -1.140295 0.583961 0.406490 0.063190 0.561182 0.464220 -0.373442
0.312911 -0.954195 -1.148497 -0.740600 0.045291 -0.142819 -0.624939 -0.337127 -0.552962 -0.013827
-0.346478 -0.716561 -1.236057 -0.842185 0.411556 -0.114801 -0.674687 0.298995 -0.100301 -0.893249
-0.387811 -1.086428 -0.696930 -0.204686 0.392403 -1.138083 -0.088325 0.615560 0.296991 -0.792947
-0.561812 -0.380993 -0.963321 -0.505958 0.756356 -0.218359 -0.576933 0.583677 0.139915 -0.668306
-0.149424 -1.034892 -1.328566 -0.858612 0.456565 -0.494271 -0.221465 -0.435528 -0.408669 -0.799946
0.057217 -1.029145 -0.410764 -0.515337 0.431062 -0.605722 -0.971811 -0.261415 -0.036390 -0.441639
-0.594025 -0.760244 -1.079715 -0.606174 0.956828 -0.358843 0.243719 -0.200455 -0.030911 -0.605146
0.018914 -0.737326 -0.801818 -0.760801 0.056673 -0.021999 -0.188668 0.275322 0.403160 0.491854
-0.029586 -0.918430 -1.519136 -0.426056 0.002801 -0.300748 -0.177631 0.007007 0.185562 -1.333855
0.389133 0.044141 -0.908169 -0.338408 0.534515 -0.562064 -0.090341 -0.358773 -0.270596 -0.427642
-0.031595 -0.661615 -0.674234 -0.238091 0.282066 -0.436241 -0.428535 -0.131472 -0.017708 -0.349382
0.043958 -0.426927 -0.682649 0.125271 0.892615 -0.417948 0.671455 -0.533016 -0.744175 -0.277515
-0.254638 -0.121228 -1.710728 -0.682090 0.573317 -0.017314 0.437678 -0.081475 -0.080550 -1.664690
0.069828 -0.289751 -1.351518 -0.799555 0.725432 -0.158089 0.066947 -0.826281 -0.648951 -0.570362
-0.329410 -0.469053 -0.391230 -0.460517 0.834535 -0.083190 -0.015437 0.032898 0.202241 0.498886
-0.368609 -0.513495 -0.699791 -0.587522 0.711147 0.292615 0.621273 0.565459 0.302822 -0.358597
0.912489 -0.161122 -1.484492 -0.433400 -0.154311 0.375126 -0.978778 0.450116 0.752336 0.074347
0.745770 -0.306051 -0.695712 -0.357486 0.286784 0.203500 -0.727960 0.944653 1.053724 -0.448004
0.917615 -0.012066 -1.336848 -0.716013 0.070088 0.306001 -1.119755 0.234505 0.852816 -0.313131
0.877297 -0.421783 -1.109277 -0.346917 -0.025916 0.256446 -0.789549 0.375576 0.574770 -0.288451
1.131968 -0.157970 -0.493282 -0.253432 0.264799 0.080228 -0.766725 0.361092 0.624423 -0.227691
0.846472 -0.102894 -1.511686 -0.345614 -0.006385 0.128538 -1.113750 0.210550 0.602336 0.020262
0.963899 -0.247220 -1.230455 -0.316662 -0.193466 0.335098 -1.114346 0.316214 0.702084 -0.065590
0.708123 -0.277085 -1.482981 -0.327605 -0.245068 0.348877 -0.749645 0.203924 0.534545 0.258650
1.152550 -0.264984 -1.635969 -0.233220 -0.019481 0.305931 -0.747279 0.445363 1.031198 0.165899
0.622617 -0.112404 -1.524482 -0.489988 0.082553 0.046007 -0.897233 0.532722 0.616033 0.058336
0.858282 -0.269391 -1.521239 -0.385351 -0.203478 0.371903 -0.856662 0.495645 0.598738 0.302655
0.913154 -0.236098 -1.383394 -0.456847 -0.234112 0.459530 -0.812053 0.423399 0.420152 0.286090
0.997738 -0.227147 -1.415625 -0.338458 -0.209322 0.528709 -0.918962 0.593477 0.776450 0.275561
0.698593 -0.394865 -1.328805 -0.484939 -0.507162 0.067931 -1.034213 0.248461 0.350151 0.088210
0.653232 -0.403518 -1.181023 -0.337867 -0.454515 0.131581 -1.075074 0.243587 0.339807 -0.010346
0.984649 -0.225132 -1.326350 -0.289024 -0.139972 0.485972 -0.989633 0.473777 0.729024 0.136767
1.099268 -0.187855 -1.515172 -0.390148 -0.163871 0.549158 -0.868044 0.467108 0.798089 0.247962
1.000344 -0.263813 -1.363320 -0.258277 -0.123941 0.496577 -0.871608 0.606270 0.718059 0.302423
0.902411 -0.208107 -1.290670 -0.302625 0.100009 0.323476 -1.022257 0.502227 0.830521 -0.030134
1.062844 -0.203808 -1.172263 -0.254454 -0.199136 0.582024 -1.040571 0.621489 0.742409 0.245128
0.749868 -0.178658 -1.557651 -0.471425 -0.074988 0.253169 -0.745199 0.284888 0.563625 0.189893
1.459753 -0.141359 -1.634686 -0.078712 -0.018002 0.278069 -0.571802 -0.460539 0.575018 -0.066856
0.865952 -0.820967 -1.595163 -0.158567 -0.040206 0.322541 -0.912976 -0.334183 0.243175 -0.636745
1.128732 -0.364322 -1.548525 -0.115400 -0.258636 0.481677 -0.627521 0.597323 0.846434 0.713967
0.663166 -0.119293 -1.548007 -0.416095 -0.034391 0.119681 -0.547821 0.192389 0.437022 0.598005
0.629907 -0.089422 -1.394020 -0.585322 -0.193533 0.291368 -0.886622 0.600250 0.416686 0.215087
0.984405 -0.209151 -1.511869 -0.311179 -0.190622 0.411854 -0.935029 0.486525 0.794937 0.239173
0.829580 -0.158761 -1.576327 -0.512231 -0.121994 0.257127 -0.855967 0.294955 0.609197 0.075713
0.879297 -0.172716 -1.312123 -0.414851 -0.177237 0.425724 -1.006338 0.499366 0.609882 0.123477
0.890178 -0.464186 -1.329381 -0.229275 -0.269781 0.300227 -0.896292 0.126029 0.538452 0.036203
1.087086 -0.219157 -1.316627 -0.380238 -0.093873 0.460753 -0.917308 0.469864 0.700555 0.160306
0.737154 -0.298090 -1.832110 -0.705317 -0.165666 -0.150277 -0.590947 0.665940 0.297176 -0.244740
0.885506 0.006723 -1.666038 -0.699010 0.059672 0.528255 -0.819295 0.424948 0.506246 -0.002964
1.046340 -0.194175 -1.648050 -0.440871 -0.165532 0.405113 -0.803894 0.371701 0.760959 0.244992
0.856866 -0.357138 -1.304302 -0.174789 -0.001419 0.443186 -0.796616 0.396371 0.453487 0.036598
0.296357 -0.420694 -0.841508 0.029815 0.015931 0.292911 -0.686120 0.793921 1.279161 -0.339502
1.059903 -0.151861 -1.538976 -0.360695 -0.150929 0.497903 -0.911156 0.516276 0.851548 0.269086
0.891084 -0.184839 -1.497122 -0.334352 -0.245725 0.357448 -0.965059 0.454868 0.708074 0.254614
0.945806 -0.184769 -1.436732 -0.345746 -0.124320 0.413381 -0.937439 0.461506 0.757149 0.140490
0.657761 -0.193369 -1.638471 -0.545099 -0.173523 0.207644 -0.731535 0.589696 0.305346 -0.055065
0.834907 -0.121590 -1.531198 -0.410742 -0.028582 0.374628 -0.854635 0.745351 0.868764 0.204472
0.708227 -0.351381 -1.310022 -0.355746 -0.266381 0.379553 -0.897142 0.287125 0.465567 0.168567
1.028214 -0.175159 -1.630788 -0.317858 -0.112943 0.317625 -0.792046 0.556485 0.868183 0.356820
0.953508 -0.254975 -1.650903 -0.310783 -0.223125 0.245144 -0.535601 0.347114 0.589385 0.588465
1.011878 -0.319961 -1.650240 -0.256128 -0.173724 0.431454 -0.398571 0.374842 0.657605 0.717755
1.036170 -0.190578 -1.318497 -0.273276 -0.009088 0.424268 -0.952003 0.589418 0.925930 0.086730
1.020533 -0.209462 -1.417945 -0.381026 0.013633 0.500061 -0.789375 0.742631 0.870321 0.238518
1.057665 -0.258386 -1.605844 -0.353338 -0.326039 0.546997 -0.858982 0.289973 0.707249 0.471669
1.487041 -1.282693 -1.353958 0.340445 0.012399 -0.169201 -0.174497 -0.649875 -0.595608 -0.714836
0.899551 -0.281095 -1.484974 -0.414269 -0.398579 0.387755 -1.032936 0.287731 0.582755 0.203869
0.832804 -0.295124 -1.158390 -0.402246 -0.209037 0.302609 -0.807598 0.387999 0.824925 0.130335
0.902716 -0.238591 -1.540868 -0.335981 -0.141278 0.302723 -0.847832 0.523665 0.719770 0.275184
0.996181 -0.267113 -1.386396 -0.238863 -0.176493 0.345355 -0.972837 0.440219 0.788189 0.189609
0.860336 -0.077083 -1.482920 -0.467111 -0.050505 0.356092 -0.902176 0.651263 0.722689 0.204280
0.977993 -0.080436 -1.606814 -0.366153 0.014704 0.270380 -0.826789 0.677659 0.958518 0.277705
1.021384 -0.164881 -1.519489 -0.397298 -0.300872 0.404411 -0.911278 0.275190 0.637168 0.257653
0.974110 -0.230086 -1.661992 -0.408877 -0.221900 0.359511 -0.625765 0.276466 0.561523 0.417495
