-0.309480 -0.651693 -1.282731 -0.522686 0.279146 -0.346947 0.123507 0.169975 0.680277 -0.668660
0.012659 -0.423925 -0.877496 0.314133 -0.418699 0.144574 -0.781002 0.201569 0.287063 -0.516654
-0.351513 -0.014287 -0.862136 -0.320895 1.055155 -0.535476 -0.319969 0.853644 0.636861 -0.961197
0.561483 -1.062768 -0.771215 0.165269 0.519003 -0.230324 -0.054164 -0.301256 0.475100 -1.291742
-0.728639 -1.230200 -1.135053 -0.424002 0.494820 -0.933359 -0.565099 0.929596 -0.538484 -0.582110
-0.720883 -0.272861 -1.147429 -0.150421 0.796424 0.023558 0.144635 0.477779 0.875904 -0.390026
-0.349547 -0.192513 -0.857620 -0.077140 0.279044 0.265835 0.067223 0.759661 0.700672 -0.917043
-0.061408 -1.025351 0.052416 -0.061878 0.384425 -0.326284 0.841116 -1.137829 0.335176 -0.223813
-0.583205 -0.171876 -0.455424 -0.941990 0.101668 -0.242535 -0.249607 0.178407 0.658127 -0.151722
-0.298615 0.130579 -1.421277 -0.428034 0.546588 0.068949 -0.136669 1.075044 0.630049 -0.701913
-0.015378 -0.796908 -0.144671 -0.421638 0.310220 0.110756 -0.441752 -0.480949 0.087480 -0.161207
-0.290549 -0.174802 -0.315561 -0.662182 0.308972 0.209452 0.546446 -0.048854 0.371983 -0.688199
-0.217568 -0.300771 -0.612032 0.494234 -0.145062 -0.033754 -0.676720 0.854277 0.960646 -0.089162
-0.203916 0.053661 -0.332547 -0.433264 0.522431 0.035513 -0.288553 0.435962 0.161458 -0.065745
-0.489554 -0.871824 -0.580430 -0.229712 -0.292066 0.479188 -1.089838 0.575665 0.677679 0.619826
0.918374 -0.508102 -0.970877 0.301863 -0.443654 -0.923056 -0.251927 -0.253173 0.685535 -1.148164
-0.617788 -0.152295 -1.100189 -0.058682 0.115736 0.139979 -0.182783 0.894869 1.044035 -0.888236
0.922552 -0.110285 -0.213176 0.447176 -0.299475 0.387637 -0.543087 -0.190685 0.256323 -0.383109
0.427009 -0.883916 0.279176 0.349881 0.676812 -0.088263 -0.099726 -1.115731 -0.443537 0.071826
-0.902200 -0.039356 -1.151161 -0.058389 -0.369234 -0.378378 -0.435418 0.920561 0.458435 -0.457437
-0.595201 -1.742518 -1.168510 -0.143111 0.354304 -1.128794 -0.147948 0.749654 -0.712772 -0.597149
0.229738 -1.120778 -1.360869 -0.568906 -0.156970 -0.764089 0.005465 0.303415 0.031298 -0.881582
-0.097685 -0.063226 -1.027254 -0.570154 0.848076 -0.465157 0.897181 -0.444613 -0.183344 -0.681887
-0.405018 0.058862 -0.472111 -0.714176 0.720197 0.508228 -0.580445 -0.365068 -0.195605 0.161054
-0.107128 -0.513100 -0.933902 -0.612703 1.029854 0.432086 -0.219800 0.344095 -0.334441 -0.213346
-0.704149 -0.826789 -0.897600 -0.454341 0.602759 0.401601 -0.142876 0.391680 -0.581179 0.163725
-0.506565 -0.629022 -0.146138 -0.104950 0.297330 -0.027387 -0.646923 0.046066 1.219555 -0.074677
-0.248538 -1.329818 -0.606753 0.392769 0.102603 -0.554003 -0.124072 0.984181 0.234850 -0.715298
-1.038531 -0.221213 -1.008983 -0.938298 0.432169 0.237792 -0.189976 0.282736 0.652870 -0.459141
-0.999479 -0.198704 -1.007150 -0.543254 0.758831 0.219046 0.123662 0.793318 0.169349 -0.925195
-1.027903 -0.525468 -1.270088 -0.852641 0.063334 -0.458939 0.089834 0.019699 -0.185209 -1.049990
-0.813137 0.101978 -1.025400 -0.807492 0.890638 -0.345563 -0.001569 0.371380 0.351160 -0.371575
-0.223515 -1.211411 -0.522677 0.250863 -0.020784 -0.708696 -0.279063 -0.166957 -0.035710 -0.467719
-0.099522 -1.136600 -1.048843 -0.010838 0.515096 -0.073409 0.384185 -0.559633 -0.101697 -1.264333
0.235821 -0.738163 -0.424395 0.125101 0.741031 -0.095035 -0.162588 -0.934293 -0.661391 -0.040447
0.872703 -0.773692 -1.534897 0.033455 -0.454683 -0.494465 0.323115 -0.632235 -0.201531 -0.891847
-0.825122 -0.001483 -0.469097 -0.359821 0.241811 -0.333699 0.412922 -0.108241 0.356893 -0.321623
-1.211646 0.554603 -0.697859 -0.629802 0.930349 -0.441772 0.379078 0.722547 0.180051 -0.729664
-1.027682 0.222476 -1.036145 -0.397182 0.572000 0.185735 -0.540113 0.331462 0.324639 -0.964794
-0.804721 0.661303 -1.189808 -0.315315 0.231139 -0.165822 -0.006487 0.540761 0.241866 -0.264330
-0.374850 0.848298 -1.214020 -0.236728 0.516830 -0.237903 -0.324848 0.632202 0.529634 -0.511157
-0.263379 1.037706 -1.113414 -0.416871 0.938318 -0.185389 -0.254961 0.196006 0.539507 -0.625176
-0.975336 0.238729 -1.179802 -0.683566 0.885351 0.192704 0.594882 0.699689 0.244956 -0.610110
-1.021721 0.529421 -1.107670 -0.519093 0.835082 0.109611 -0.156362 0.407134 0.276025 -0.369992
0.105225 -0.377568 -0.543645 0.110909 0.624370 -0.341382 -0.102109 -0.238636 0.032065 -1.332782
-0.241681 -0.511327 -0.639633 -0.548525 0.961108 -0.515859 -0.375727 -0.161692 0.449669 -0.656871
0.031445 0.171104 -0.943160 -0.526463 1.249069 0.277517 -0.272523 0.351777 -0.025953 -0.483164
-0.084594 -0.229057 -1.486758 -1.187371 1.098931 -0.121970 0.036952 0.340760 -0.083547 -0.533914
-0.587501 -0.404701 0.199120 -0.583425 0.523909 0.115538 -0.415269 -0.281572 0.169400 0.210038
-0.501506 -0.706734 -0.318794 -0.495496 0.554768 -1.003830 0.017556 -0.336684 -0.593026 -0.795867
-0.331141 -0.564117 -0.334257 -0.008042 1.118007 -0.176868 -0.019973 -0.912311 -0.071241 -0.445866
-0.382673 1.140373 -1.309032 -0.573297 1.024554 0.140567 -0.426680 0.659476 0.663844 -0.537880
-0.336859 0.372224 -1.230520 -0.292858 0.678507 -0.020138 -0.167136 1.201591 0.416838 -0.225274
-0.480626 -0.306347 -0.380052 -0.282496 0.589646 -0.422051 0.334942 0.696300 0.084919 -0.759213
-0.691007 -0.149052 -1.254501 -0.366669 0.413847 -0.662991 -0.321966 0.017064 -0.311932 -0.199348
-0.471994 -0.482084 -1.147945 -0.179613 0.938526 -0.297946 -0.042730 0.204316 -0.309049 -0.700394
-0.092054 0.658407 -0.916046 0.032171 0.556969 0.347540 -0.577359 1.315821 0.608442 -0.021462
-0.358647 -0.485731 -0.941136 -0.282122 0.091489 -0.287188 -0.126028 0.167308 0.308925 -0.834926
-0.545965 -0.366055 -0.572447 -0.219760 0.917565 -0.038577 -0.602159 -0.093024 -0.251750 -0.832439
0.051975 0.433077 -1.429419 -0.858810 0.472862 -0.023208 -0.551672 0.583315 0.632212 -0.501932
-0.337227 -0.651220 -0.631963 -0.109092 0.263765 -0.320393 0.494050 -0.020833 -0.103037 -0.851981
-0.051939 -0.250423 -1.572196 -0.643988 -0.060184 0.070793 -0.008141 -0.285136 -0.025052 -1.099253
-0.215168 0.011860 -1.182313 -0.270798 0.720927 0.019923 -0.754182 0.908306 0.475525 -0.323941
-0.051302 -0.467188 -0.883979 -0.149847 1.117650 -0.517299 -0.319095 0.194456 -0.293234 -0.846053
0.022803 -0.431107 -0.983852 0.034915 1.198716 0.057460 -0.269243 -0.261464 -0.034401 -0.410106
-0.287697 -0.138519 -0.761874 -0.515408 0.634174 0.001633 -0.071465 0.126768 0.559680 -0.226537
-0.253536 -0.572265 -1.454234 -0.501547 0.742995 -0.428815 -0.190142 0.476872 -0.468656 -1.118532
-0.324245 -0.079677 -0.679487 -0.182573 0.376513 0.309869 -0.312116 -0.262336 0.214072 -0.235039
-0.194484 -0.235974 -0.328010 -0.623861 0.765331 -0.283690 -0.483652 0.121769 0.484056 -0.116819
-0.113640 -0.333543 -1.598527 -0.187441 0.909899 0.285968 -0.009224 0.818838 -0.039904 -0.370813
-0.378998 -1.373694 -0.402355 0.052242 -0.082948 -0.665335 0.130719 0.245343 0.057388 -0.128994
-0.501766 -0.513396 -0.895679 -0.331857 0.586203 0.237943 -0.354326 0.806514 0.388798 -0.773630
0.045389 -0.148216 -1.195404 0.172550 0.425408 0.060583 -0.019188 0.317322 -0.100028 -0.626986
-0.726122 0.096889 -0.393089 -0.485963 0.649504 -0.211438 0.301489 0.285287 0.227077 -0.591184
0.018359 -0.011299 -0.779894 0.204880 0.956678 0.237529 -0.201204 0.897938 -0.031755 -0.374612
-0.020900 -0.952020 -0.103928 -0.393076 1.269495 -0.314727 -0.629408 -0.457366 -0.353174 -0.388716
-0.263508 0.373900 -1.217081 -0.860432 1.235394 0.082053 -0.366919 0.657593 0.419539 -0.672897
0.221721 -0.458394 -1.523916 -0.348985 0.318724 -0.404342 -0.426696 0.268093 -0.447632 -0.768581
-0.690943 -0.061682 -0.906646 -0.844657 0.486433 -0.295087 0.370405 0.091123 0.344809 -0.472900
0.016888 -0.710954 -0.572588 -0.536068 0.528646 0.367307 -0.575394 -0.651875 0.182110 -0.648740
0.257020 -0.155990 -1.393481 -0.788852 1.056268 0.193403 -0.778703 0.407347 0.163459 0.032799
-0.407598 -0.421040 -1.523424 -0.655173 -0.189629 -0.467433 -0.282605 0.635186 0.521536 -0.584747
0.472652 -0.803758 -1.031368 0.516638 0.487538 -0.326321 -0.433577 0.462424 -0.078378 -0.811126
0.190177 -0.792257 -0.605964 0.131877 -0.372903 -0.088703 -0.553861 -0.652513 0.749142 -1.188795
-0.150881 0.125631 -0.575292 -1.092557 1.264733 0.118741 -0.050035 0.248394 0.420565 -0.022142
-0.366081 -0.378953 -1.112310 -0.572933 0.153446 -0.217375 -0.129516 0.285317 0.441118 -0.684996
-0.198545 -0.462386 -0.134121 -0.542967 0.587504 -0.221940 -0.097838 0.311230 0.347503 0.005484
-0.440217 -0.283494 -1.188101 -0.395126 0.615364 0.424649 -0.543112 0.505640 0.058355 -0.035806
0.020196 0.023864 -0.834700 -0.713336 0.893562 0.198796 -0.537114 0.647317 0.298336 -0.573359
0.081490 -0.782640 -1.208198 -0.593462 0.032495 0.117446 -0.242805 0.003434 0.343592 -0.706751
-0.544584 -1.029833 -0.226231 0.188559 0.465356 -0.481202 -0.168259 0.099393 -0.157313 -0.435938
-0.089059 0.037665 -0.662428 -0.308708 0.944788 -0.309973 0.060928 0.338876 -0.099155 -0.518476
-0.207777 0.096867 -1.374708 -1.054743 0.190633 0.189651 -0.260706 0.461842 0.690047 -0.656812
-0.873173 -0.115506 -0.185839 -0.860640 0.604041 -0.640581 0.402046 -0.422127 -0.701434 -0.757434
-0.030113 -0.666344 -1.076795 -0.346113 -0.041134 -0.475300 -0.105331 -0.953413 0.524696 -0.334174
0.076021 -0.569231 -0.460636 -0.554475 0.767347 -0.160001 -0.426243 0.109076 0.079565 -0.358467
0.224643 -0.182557 -1.072455 -0.212956 0.553320 0.670614 -0.264304 -0.188316 0.467246 0.049282
-0.141545 -1.248828 -0.810728 -0.331075 -0.583105 0.015626 -0.223883 -0.086144 0.940553 -0.385376
-0.215891 -0.921400 -1.121555 -0.111920 0.509883 -0.029660 -0.253385 -1.049312 -0.155873 -0.986805
0.200206 -0.218641 -1.714912 -0.441180 0.723647 -0.151262 -0.004752 -1.165815 -0.475455 -0.831794
-0.598015 -0.397274 -1.657878 -0.479086 -0.080948 0.061355 -0.195515 -0.300902 0.237584 -1.309382
0.509033 -0.571180 -0.239017 0.213141 0.122214 -1.059229 -0.716135 -0.417682 0.628402 -0.314046
0.022470 -0.912875 -1.045753 -0.513175 0.361235 0.249614 0.363689 -1.454510 0.387575 -0.623105
0.325659 -0.669139 -0.524074 0.183169 -0.181115 -0.972637 -0.317927 -0.049132 0.073778 -1.256293
-1.028272 -0.896968 -0.881812 -0.578399 0.288575 -0.095317 -0.477138 -0.277519 0.088132 -0.384518
0.073934 -0.166264 -1.167605 0.042260 -0.317098 0.734614 -0.185253 0.186566 0.296742 -0.254094
0.363449 -0.464138 -1.381388 0.042936 -0.164656 -0.174958 -0.413606 -0.857902 -0.148784 -1.209019
-0.158809 -0.861402 -1.179153 -0.001746 -0.158950 -0.736937 0.141359 0.492058 -0.462781 -1.200438
0.334558 -0.375155 -1.204199 -0.601148 0.614895 -0.245027 -0.356575 -0.132231 0.674739 -0.597576
-0.114028 -0.003211 -1.841846 -0.883273 -0.264136 -0.366713 -0.332116 -0.917177 -0.490756 -0.792084
0.092735 -0.512983 -0.635155 -0.173930 -0.588298 -0.804560 0.254785 -0.228642 0.635647 -1.303410
0.324675 -1.128042 -1.113824 -0.046323 0.476141 -0.526154 0.463466 -0.396898 0.381468 -0.868649
0.280399 -0.126075 -0.544754 -0.270566 1.069074 -0.064633 -0.300446 -0.417330 -0.676848 -0.236740
-0.792534 -0.649084 -1.236431 -0.327722 -0.216484 -0.397254 -0.879171 0.496123 -0.855694 -0.844599
-0.241402 0.019535 -1.097030 0.216972 0.469672 -0.075987 0.054006 0.669126 -0.213504 -0.614435
-0.485846 0.013638 -1.348006 -0.182227 0.072735 0.220145 -0.523360 0.839644 0.067428 -0.291116
0.147197 -1.200099 -0.949650 -0.101643 -0.107702 0.030787 -0.051434 -0.990200 -0.110794 -0.771737
0.267713 -0.738165 -1.492524 -0.519053 0.081705 0.141746 -0.495892 -0.763571 0.999631 -0.283768
0.126013 -0.649732 -0.732047 -0.737067 1.042110 -0.153447 -0.480953 -0.457697 0.061147 0.184084
0.049090 0.125508 -1.450880 -0.954282 0.678898 -0.482639 -0.098974 0.124086 -0.175012 -1.050726
-0.100394 -0.049805 -1.171116 -0.972745 0.305650 0.241954 0.159630 -1.202840 -0.335586 -0.484191
-0.139503 -0.927306 -0.948481 -0.814535 0.117695 0.240167 -0.708857 -0.732626 0.143456 -0.136851
0.254852 -0.225965 -1.287323 -0.897100 -0.022764 0.530475 -0.202301 -0.543490 0.881880 -0.566863
-0.016919 -0.374335 -1.831845 -0.538529 -0.012508 0.354909 -0.225653 0.217099 1.360321 -0.542578
-0.089908 -0.694827 -1.584734 -0.502924 0.438927 -0.217749 -0.101927 -0.286777 1.349243 -1.029037
-0.217752 -0.567652 -1.004708 -0.050284 0.342411 0.015143 -0.252193 0.834299 0.375937 -0.605718
-0.269039 -0.407773 -1.237607 -0.297408 0.345030 -0.254748 -0.321390 0.220067 0.495009 -0.135187
0.066377 -1.014600 -1.213188 0.020887 -0.260787 -0.058659 -0.199439 -0.736717 0.580090 -1.036830
-0.032597 -0.696512 -1.088248 -0.090100 -0.031300 -0.390920 -0.125894 0.610907 -0.027339 -0.992117
-0.204344 0.581780 -1.697245 -0.413320 0.595992 -0.110841 -0.214449 -0.470925 0.143239 -0.528621
0.278843 -0.728390 -1.544862 0.403907 0.020824 -0.488089 -0.649191 0.607314 0.432291 0.127780
0.116182 -1.193397 -0.886138 -0.415909 0.505498 -0.520400 -0.434441 -0.281370 -0.575727 -0.912187
-0.443577 -0.522923 -0.627253 0.021072 -0.480954 -0.532996 0.053258 -0.234110 -0.163488 -0.437121
-0.123437 -1.010321 -1.526233 -0.136661 0.377820 -0.245367 0.420760 -0.415218 -0.138209 -1.200015
-0.068017 -0.876797 -0.591238 -0.502160 0.747377 -0.808502 -0.434944 0.121761 0.347915 0.257435
0.009584 -0.900453 -0.900138 -0.338538 0.380796 0.402251 0.346541 -1.224216 0.166203 -0.423296
-0.395559 -1.001771 -0.372969 0.180948 0.596372 -0.400549 0.061146 0.390642 -0.579946 -0.812108
0.084800 -0.986264 -1.320378 -0.340337 0.341954 -0.821374 0.217487 -0.371047 0.136783 -1.094912
0.773441 -1.156009 -0.648286 0.299418 0.652208 -0.318983 -0.027033 -0.906151 -0.201081 -0.309990
0.078402 -0.574305 -0.350877 -0.769550 0.856933 -0.369620 -1.044362 -0.406464 0.208963 0.736956
0.435801 -0.455548 -1.156902 -0.057580 0.955381 -0.164325 -0.070063 -0.133493 -0.161310 -0.584175
-0.400365 0.114126 -1.235427 -0.514575 1.041111 0.351511 -0.514227 0.921777 0.439036 -0.384446
0.660978 -0.167407 -1.726700 -0.600661 -0.179484 0.268359 -0.640994 0.139641 0.345071 0.378615
0.603650 -0.415242 -1.153762 -0.346360 -0.637556 -0.093917 -1.094126 0.061523 0.253361 -0.058691
1.033310 -0.269603 -1.267432 -0.285144 -0.102040 0.360594 -0.939331 0.422757 0.700915 0.099891
0.980912 -0.466758 -1.438165 -0.218290 -0.093141 0.510189 -1.004213 0.429361 0.836065 0.098420
0.790618 -0.099896 -1.651829 -0.534533 -0.129233 0.225341 -0.808900 0.311352 0.536771 0.206490
1.056638 -0.186494 -1.491351 -0.280216 -0.115780 0.299453 -0.853960 0.223941 0.735063 0.184962
0.909585 -0.201149 -1.502886 -0.448807 -0.109094 0.383365 -0.921130 0.447019 0.607609 0.175593
1.051693 -0.229171 -1.425455 -0.431541 -0.283149 0.557065 -0.904799 0.460390 0.648243 0.268424
1.109907 -0.304718 -1.417401 -0.356613 -0.381547 0.534904 -0.876710 0.396781 0.634974 0.346646
0.927600 -0.473244 -1.461809 -0.141255 -0.399862 0.341089 -0.910055 0.183237 0.605912 0.266194
1.104102 -0.372901 -1.327522 -0.207055 -0.426742 0.390369 -1.062393 0.175113 0.806827 0.204329
1.039176 -0.466562 -1.345580 -0.387057 -0.496193 0.574935 -0.963795 0.483991 0.533742 0.436179
0.949036 -0.447244 -1.348731 -0.296270 -0.401044 0.652443 -1.072473 0.447546 0.558357 0.262140
0.731212 -0.246484 -1.494625 -0.507884 -0.128599 0.120057 -0.804884 0.356784 0.449055 0.032037
0.698479 -0.323321 -1.326587 -0.401158 -0.360894 0.079680 -1.035594 0.116527 0.381257 -0.115232
0.712676 -0.333558 -1.276209 -0.411093 -0.434211 0.089790 -1.103695 0.062885 0.382924 -0.135487
0.737301 -0.312182 -1.281431 -0.444599 -0.383737 0.109030 -1.059054 0.173888 0.428713 -0.077717
0.737943 -0.181668 -1.637013 -0.487199 -0.295146 0.272705 -0.754612 0.381628 0.424735 0.306013
0.922656 -0.242974 -1.227207 -0.513446 -0.305943 0.484101 -0.999463 0.450348 0.522763 0.104449
0.772275 -0.283193 -1.218516 -0.378853 -0.024409 0.105798 -1.132144 0.617316 0.391864 -0.222054
1.129156 -0.445063 -1.620661 -0.092667 -0.203886 0.524941 -0.498671 0.347140 0.805034 0.655905
0.805702 -0.486781 -1.543906 -0.262949 -0.745049 0.341788 -0.712535 -0.045070 0.233195 0.189416
0.841016 -0.177152 -1.803945 -0.544230 -0.482660 0.268871 -0.835935 0.228455 0.518531 0.398086
0.936027 -0.375353 -1.491404 -0.306441 -0.114978 0.084952 -0.895006 0.249370 0.776501 0.052420
0.946792 -0.229667 -1.553995 -0.425284 -0.167417 0.444740 -0.760748 0.459709 0.576163 0.288897
0.835856 -0.066958 -1.477840 -0.624664 -0.018347 0.406530 -0.783430 0.565669 0.558204 0.118194
0.804737 -0.734028 -1.176031 -0.306132 -0.944244 0.259043 -0.749434 0.204576 0.117940 0.328549
0.708969 -0.297651 -1.255344 -0.324327 -0.435963 0.035150 -1.070858 0.180579 0.392530 -0.169231
1.241699 -0.197008 -1.540117 -0.193026 -0.365699 0.236339 -0.749308 0.060768 0.771149 0.442846
1.236204 -0.333235 -1.387034 -0.188338 -0.305153 0.575971 -0.827643 0.504367 0.839216 0.436845
1.069605 -0.382769 -1.419702 -0.227103 -0.098702 0.238758 -1.077870 -0.240308 0.478598 0.087631
0.849050 -0.228694 -1.678552 -0.596920 -0.355718 0.262702 -0.598774 -0.021107 0.260843 0.431549
0.987648 -0.212619 -1.555524 -0.514205 0.164816 0.658909 -0.760587 0.865061 0.699639 0.334662
0.986372 -0.001972 -1.609928 -0.411335 0.033978 0.338248 -0.813671 0.424314 0.748012 0.130925
0.558509 -0.335908 -1.531645 -0.039955 -0.315746 -0.108128 -0.699098 0.542602 0.264547 -0.533883
0.526299 -0.668991 -1.186816 -0.169915 -0.639916 -0.113865 -1.020303 -0.000740 0.629882 -0.196026
0.695712 -0.241468 -1.294729 -0.046203 -1.050740 -0.209935 -1.361783 -0.152277 0.523349 -0.251777
0.708816 -0.296272 -1.254507 -0.405387 -0.359341 0.135018 -0.989651 0.206166 0.387693 -0.042365
0.774809 -0.226554 -1.417594 -0.435059 -0.294845 0.267256 -1.068625 0.187675 0.516261 0.003417
0.800995 -0.451857 -1.914852 -0.656458 0.242161 0.422591 -0.599670 -0.007635 0.778871 -0.008893
1.100342 -0.311261 -1.415974 -0.348076 -0.414789 0.585833 -0.905737 0.321318 0.577754 0.359319
1.063805 -0.296505 -1.516757 -0.262510 -0.253207 0.488959 -0.886662 0.401580 0.797746 0.283860
