0.717646 -0.891624 -1.187897 -0.192440 0.230724 -0.326047 -0.169386 0.137160 1.006771 -0.426284
-0.507042 0.225877 -0.698437 -1.207870 1.026706 -0.494014 -0.469414 0.196769 -0.939658 -0.440089
0.506727 -0.471846 -1.367721 -0.619068 0.095027 0.233053 -0.230034 -0.035447 0.600742 -0.596673
-0.775410 0.150315 -0.949509 -0.575695 0.063940 -0.325219 -0.172251 0.246443 0.582283 -0.399878
-0.181756 -0.319953 -0.782893 -0.255030 0.017029 0.049318 -0.358916 0.415554 0.783599 -0.558151
0.045365 0.333606 -1.520600 -0.787778 0.251560 0.179318 -0.427248 0.483636 0.639496 -0.158646
-0.493821 -0.108772 -1.451646 -0.108320 -0.064347 -0.434557 -0.115495 0.488882 0.461838 -1.123930
0.039588 -0.103166 -0.734725 -0.595556 0.332959 -0.110984 -0.421401 -0.882554 -0.156758 -0.036920
0.358513 -0.618296 -1.315838 0.178949 -0.197114 -1.045059 -0.514947 -0.425404 0.617174 -0.183335
0.381421 -0.538714 -1.074166 -0.582594 0.281576 -0.406841 -0.050009 -0.124680 0.344845 0.066271
-0.706228 -0.617777 -1.422292 -0.477246 -0.253985 -0.352562 0.313751 -0.015540 0.256290 -0.990150
-0.039856 -0.221415 -1.373797 -1.009551 0.376942 -0.087635 -0.241951 0.138741 0.378347 -0.452090
-0.270186 -0.433230 0.193028 -0.816580 1.400287 -0.410023 -0.612517 -0.284077 -0.277209 0.315004
0.357313 0.112723 -1.251405 -0.118811 -0.017986 -0.114326 -0.508815 0.251262 0.715826 -0.225646
-0.559884 -0.178285 -1.093818 -0.772702 0.855059 -0.037433 -0.121452 0.886515 -0.041055 -0.161500
-0.506671 0.006189 -0.154731 -0.195219 0.706248 -0.072333 0.595943 0.394529 0.184720 -0.107125
0.143904 -0.278627 -1.377973 -0.849993 -0.084661 0.363521 -0.486914 0.674468 0.454866 -0.571319
-0.200867 -0.555448 -1.408086 -0.122340 0.806906 0.029054 -0.105266 0.281406 -0.046430 -0.406452
-0.210519 -0.326242 -0.508289 -0.314971 -0.650976 -0.682836 -0.295547 0.127784 0.609116 -0.713868
-0.625973 -0.413913 -1.677125 -0.657375 0.145344 -0.322808 -0.412269 0.481533 0.735545 -0.899804
-0.610905 -0.719522 -0.837131 -0.204210 0.343695 -0.526102 -0.005482 0.629203 0.739148 -0.460846
-0.893117 0.332968 -0.557313 -0.749366 1.083859 -0.207761 0.517549 0.283366 0.281656 -0.396492
-1.014316 -0.389509 -0.349588 -0.774086 1.069945 -0.279675 0.145224 -0.428296 0.592150 -0.204291
-0.239212 -0.554130 -0.853112 -0.955064 0.624895 -0.197873 -0.392568 -0.004033 0.457523 -0.461710
-0.724303 0.422930 -1.265373 -0.819608 -0.156670 -0.779889 0.295279 -0.137180 -0.288046 -0.724415
-0.405987 -0.284497 -1.157483 -0.837433 0.110903 -0.229848 -0.147963 0.043040 0.738928 -0.409832
0.088182 0.088159 -0.944237 -0.501815 0.643170 0.348921 -0.091039 0.608629 0.795982 -0.311931
0.119733 -0.667371 -1.358600 -0.002314 0.527316 -0.240819 -0.732843 0.720997 0.218948 -0.505221
-0.073323 -0.071604 -1.176462 -0.376094 0.616711 0.329935 -0.210174 -0.007073 -0.007595 -0.019390
0.006003 -0.427842 -1.277608 -0.469551 -0.731496 0.101690 -0.144113 -0.166727 0.575231 -1.052787
-0.033423 -0.495374 -1.073400 -0.495948 0.751673 -0.098731 -0.806040 0.101540 -0.298883 0.111038
-0.498868 -0.882580 -1.887306 -0.770969 0.148807 -0.386670 -0.181336 0.361607 0.244203 -0.728818
-0.545962 -0.529519 -0.456750 0.134727 0.042214 -0.518011 -0.504862 -0.049441 -0.622316 -0.952304
0.498178 -0.066072 -1.173579 -0.951819 0.144139 0.344129 -0.786815 -0.077815 0.035182 -0.149523
-0.050634 -0.536121 -0.948856 -0.475903 -0.012613 0.032621 -0.154016 -0.182793 0.989890 -0.856805
0.518846 -0.505393 -0.275057 0.258899 0.300889 -0.508095 -0.816711 -0.951744 -0.245974 -0.393462
-0.781058 -0.367986 -1.125222 -0.469861 0.013763 -0.246666 0.611663 0.235309 0.633498 -0.948067
-0.801155 -0.262299 -0.388479 -0.302207 0.396415 -0.565153 -0.063574 0.004872 0.295151 -0.473973
-0.234792 0.079403 -0.318186 -0.109261 0.308126 -0.718693 0.043538 0.029899 0.229030 -0.499073
-0.517904 -0.693461 -0.896835 -0.490267 -0.146943 -0.737100 -0.395383 -0.504498 0.258446 -1.142090
-0.530040 -0.732614 -1.217748 -0.783339 0.233606 -0.318593 -0.281474 -0.573560 0.131807 -0.131113
0.451709 -1.055572 -0.604325 -0.115049 0.337227 0.071589 -0.789438 0.316456 0.465277 -0.818538
-0.186773 -0.598085 -1.582280 -0.606281 -0.092492 -0.061255 -0.972996 -0.064539 1.035258 -0.751971
0.014848 -0.094529 -1.055037 -0.487396 0.362770 0.358332 -0.312735 -0.519637 0.538286 0.066728
0.431701 -0.635312 -1.008643 -0.222895 0.205417 -0.735462 -0.034647 0.157622 -0.416313 -0.749728
0.474273 -0.574508 -0.813411 -0.630654 0.554364 0.265018 -0.455168 -0.489740 0.642434 -0.139857
-0.266568 -1.179414 -0.876800 -0.255540 0.489036 -0.389308 -0.207860 -0.126662 0.371302 -0.274187
-0.075540 -0.064872 -1.105978 -0.257970 0.298131 0.159166 -0.112972 0.551469 0.337320 -0.659844
-0.082335 -0.040067 -0.663564 -0.308757 0.989586 -0.236646 -0.206361 0.243063 0.279658 -1.031051
0.193389 -0.734789 -1.019310 -0.210309 0.383648 -0.520788 -0.168902 0.555428 0.083108 -0.630349
-0.462472 0.048057 -0.744493 -0.231932 0.420982 0.225243 -0.161118 0.040202 -0.062248 -0.200345
-0.312610 0.313340 -1.269086 -0.309858 0.050005 0.088823 0.111414 0.616141 -0.011330 -0.507983
-0.183447 0.273840 -0.940302 -0.735199 0.384043 0.177318 -0.685286 1.112371 0.604431 -0.134574
0.794540 -0.618365 -0.893153 0.159266 0.229270 -0.485024 -0.132134 -0.730717 -0.086573 0.629880
-0.092916 0.684363 -0.927294 -1.048381 0.359138 0.589875 -0.254662 0.381307 0.463793 -0.193348
-0.214802 0.305135 -0.627324 -0.534813 0.623415 -0.003292 -0.317476 0.881512 0.369837 0.364323
-0.001239 0.611371 -1.256629 -0.864224 0.584197 0.211242 -0.366559 0.058511 0.640524 -0.276516
-0.622106 -0.532824 -1.186794 -0.359802 0.355178 -0.110019 -0.317583 1.316348 0.203880 -0.271542
-0.033383 -0.350455 -1.253579 -0.976100 0.092448 0.190700 -0.056914 -1.112817 -0.205884 -0.366267
-0.192838 0.166240 -1.242878 0.115470 0.198708 -0.258991 0.114623 0.867817 0.635634 -0.792092
-0.402746 -0.170136 -1.151777 -0.655952 0.597719 0.294355 -0.647540 0.123441 -0.400922 -0.928109
-0.291164 -0.743137 -1.383046 -0.408560 -0.206483 -0.978512 0.214628 0.529988 0.432769 -1.290229
-0.781058 -0.367986 -1.125222 -0.469861 0.013763 -0.246666 0.611663 0.235309 0.633498 -0.948067
-0.530339 0.171640 -0.879697 -0.531625 0.390919 0.019364 0.323257 0.108044 -0.755604 -0.586133
-0.294120 -0.177534 -1.679974 -0.494202 0.589972 0.172365 -0.278575 -0.792556 0.086369 -1.247673
-0.849174 -0.620205 -1.292653 -0.673613 0.116816 -0.419823 -0.576056 -0.466007 0.267636 -0.473082
0.817563 -0.123100 -0.866835 0.300062 0.084466 0.673283 -0.732603 0.434364 0.922608 -0.059233
-0.520517 0.000868 -1.105030 -1.342097 0.042583 0.270496 -0.090010 0.684449 0.181071 -0.387955
0.380750 -0.584070 -1.438466 -0.708353 0.283460 -0.261916 0.010690 -0.318852 0.248173 0.270634
0.171090 -0.494654 -1.565344 -0.491534 0.195399 0.157427 -0.703473 0.357420 1.459193 -0.242288
-0.095913 0.499007 -1.232225 -0.941987 1.045610 0.478694 -0.502640 -0.070193 0.992203 0.013148
-0.357270 -0.490253 0.169287 -0.356259 0.927254 0.045323 0.453939 -0.678856 -0.295347 -0.483431
-0.419883 -0.889486 0.025228 -0.534975 1.373271 -0.409462 -0.709492 -0.200384 -0.172895 0.014086
-0.783971 -0.187136 -0.297284 -0.488174 0.635963 -0.238828 0.899514 -0.035489 0.252626 -0.451473
0.003704 -0.775325 0.049745 0.272356 0.761149 -0.591315 -0.676186 -0.362576 -1.012690 -0.514051
0.135774 0.106126 -1.122855 -0.859762 0.854863 -0.287575 -0.308177 -0.007939 -0.266557 -0.339149
-0.574359 -0.188964 -0.936537 -1.107047 0.598604 -0.087511 -0.391272 0.970041 1.042622 -0.227906
-0.376363 -0.444671 -1.210222 -0.003430 -0.013100 -0.246394 0.664091 0.317133 -0.805359 -0.998612
-0.750752 0.415734 -1.158647 -1.001865 0.212083 -0.223284 -0.030136 0.336699 -0.126859 -0.558337
-0.412678 -0.500295 -1.046918 -1.063213 0.983725 0.249174 -0.469603 0.326529 0.044791 -0.222851
-0.404626 0.601231 -1.281856 0.047524 0.405109 -0.053217 -0.083686 0.909774 0.290045 -0.363240
-0.173307 -0.546211 -1.073653 -0.671395 0.143380 0.251982 -0.518239 -0.504570 0.014676 -0.461837
0.127000 0.397349 -1.718668 -0.486351 0.682853 0.009832 0.239105 0.465266 -0.225959 -0.206558
-0.219797 -0.735964 -1.575224 -0.558631 0.064274 -0.001852 -0.228582 0.294606 1.420804 -0.518704
-0.101704 -0.235189 -0.786520 -0.934840 1.269255 -0.267294 0.250234 0.209543 0.323602 -0.574529
-0.304837 -0.400851 -0.410088 -0.199482 0.135320 -0.146279 0.393018 0.181381 0.183864 -0.343274
-0.598802 -1.668090 -0.426230 0.026360 0.544209 0.070881 0.180615 -0.267075 0.719862 0.013178
-0.161599 -0.650351 -0.270009 0.328177 0.982239 -0.005145 0.233067 -0.061298 0.123960 -0.622489
0.737530 -0.535474 -0.319946 0.513496 0.819146 -0.530577 -0.200316 0.082975 0.320669 -0.601715
0.895203 -0.174168 -1.470313 -0.353803 -0.022394 0.445876 -0.868791 0.709864 0.799112 0.228926
0.819966 -0.163749 -1.387473 -0.495186 0.227856 0.791278 -0.834344 0.613742 0.810639 0.078258
0.448862 -0.323762 -1.600077 -0.101447 -0.315093 -0.026888 -1.287628 0.519404 0.233925 -0.698973
1.198567 -0.482329 -1.557002 0.099336 -0.171636 0.406219 -0.599962 0.583347 1.030887 0.563982
0.925963 -0.135739 -1.288724 -0.475145 -0.088254 0.298899 -1.216573 0.255678 0.585124 0.000985
1.221798 -0.389118 -1.723910 -0.254121 0.021750 0.586127 -0.677937 0.606633 0.563940 0.132773
0.291566 -0.192251 -1.710083 -0.994801 0.231124 0.536654 -0.572236 0.334785 0.708364 -0.013365
1.097798 -0.233357 -1.427266 -0.053850 -0.094020 0.378303 -0.934546 0.578005 0.395018 0.286217
-0.064408 -0.819850 -1.208739 0.323901 -0.737747 -0.793919 0.034612 0.306218 -0.295438 -0.434401
0.911468 -0.139617 -1.475838 -0.488053 0.213686 0.591597 -0.495290 0.633576 0.760649 0.463610
0.938922 -0.285005 -1.468628 -0.326068 -0.031434 0.530418 -0.509929 0.457303 0.632240 0.576485
0.920790 -0.251823 -1.424133 -0.450172 0.443994 0.461021 -0.981979 1.146248 0.707349 0.411022
0.727383 -0.809411 -1.149934 -0.221181 -0.459424 -0.091688 -0.724485 0.094345 0.389855 -0.194315
1.043364 -0.510337 -1.046085 -0.025555 0.273377 -0.209854 -1.406082 0.205898 0.364548 -0.654625
0.941049 -0.454404 -1.396874 -0.318980 -0.407896 0.382360 -0.956264 0.276592 0.434742 0.183835
1.286894 -0.415848 -1.509528 -0.047315 -0.134294 0.604683 -0.689695 0.392980 0.959083 0.409520
1.009458 -0.492889 -1.625395 -0.425599 -0.393579 0.149048 -0.849065 0.078280 0.709680 0.230912
1.112465 -0.394466 -1.479057 -0.300564 -0.022483 0.815758 -0.673231 0.367760 0.515653 0.293078
0.801658 -0.183134 -1.528490 -0.381613 -0.171240 0.167583 -0.886164 0.392961 0.601350 0.197428
0.840596 -0.124974 -1.452943 -0.389328 0.110315 0.257454 -0.892449 0.693490 0.828520 0.084971
0.944148 -0.462777 -1.495414 -0.285163 -0.350609 0.326383 -0.820268 0.276119 0.479530 0.225774
0.833626 -0.430739 -1.426856 -0.382140 -0.363165 0.301707 -0.957210 0.338148 0.580137 0.118821
1.088469 -0.460924 -1.617584 -0.102840 -0.285942 0.418733 -0.754633 0.222159 0.773964 0.444799
0.655910 -1.068015 -1.680491 0.158244 -0.103695 0.046951 -0.634785 0.298392 0.147578 -0.084151
1.222339 -0.549997 -1.542053 -0.162122 -0.541591 0.709264 -0.595187 0.251942 0.755431 0.778485
0.724241 -0.289953 -1.371463 -0.618639 -0.394784 0.099305 -1.029024 0.241821 0.423566 0.017372
0.863635 -0.206044 -1.487924 -0.498703 -0.042154 0.211035 -1.167760 0.440711 0.502793 0.066261
0.651027 -0.019982 -1.885314 -0.572088 -0.274888 0.339265 -0.897499 -0.209482 0.622917 -0.208952
0.962916 -0.375317 -1.483560 -0.307714 -0.277860 0.321272 -0.861922 0.229723 0.635356 0.165406
1.062158 -0.387635 -1.656092 -0.103534 0.246128 0.233595 -0.777599 0.687121 0.863140 -0.005203
