0.116866 -0.215909 -0.267541 0.234998 -0.002628 -0.172834 -0.349979 0.607018 0.407504 -0.364542
0.601168 -0.315866 -0.851076 -0.237560 0.081690 -0.954269 -0.638854 0.337644 0.759574 0.333982
-0.482705 -0.322079 -0.267315 -0.912000 0.978845 0.055819 0.453422 -0.650583 0.014070 0.033283
0.068509 -0.618406 -1.899287 0.452343 -0.177933 -0.165152 -1.235467 0.229677 -0.009050 -1.088869
0.115039 -0.877138 -0.469503 -0.674791 0.747477 0.340532 -0.141645 -0.864329 -0.183667 0.035534
-0.371080 0.661196 -1.307435 -0.569156 0.705231 -0.155550 -0.357674 0.867751 0.375270 -0.490020
0.114125 -0.709130 -1.356885 -0.848503 0.119636 0.110181 -0.216787 -0.878120 0.788951 -0.320835
0.346362 -0.448622 -0.684291 -0.472829 0.615903 -0.538350 0.567838 -1.046391 0.318192 -0.061161
0.044950 -0.932313 -1.634927 -0.477628 0.325264 0.063813 -0.235487 -0.865926 0.599000 -0.995478
-0.109953 -0.750679 -0.943699 -0.900182 0.328083 -0.453908 0.211356 -0.696052 -0.727771 -0.936508
0.330301 -0.961140 -1.257611 -0.329143 -0.083528 -0.196665 -0.628570 -0.507571 0.775215 -0.554787
-0.853351 0.127545 -1.101464 -0.661101 0.601272 -0.290830 0.437252 0.724999 0.320944 -0.590845
-0.380268 -0.047931 -1.031167 -0.344497 0.384488 -0.387565 0.225407 0.793687 0.562186 -0.485897
-0.085065 0.138020 -0.847553 -0.420473 -0.073961 0.411860 -0.358312 0.159986 0.116590 -0.314881
0.179825 0.188526 -1.365558 -0.857168 0.582859 -0.020967 -0.467727 0.310757 0.454117 -0.480967
-0.575281 -0.433776 -1.133053 -0.662100 0.843638 0.159635 0.304000 0.637456 0.486302 -0.583052
-0.409060 -1.156907 -0.515909 0.183931 -0.747559 -0.414233 -0.046841 0.472481 0.097153 0.200862
-0.737160 -0.835110 -0.985751 -0.306037 0.456826 -0.344597 0.336339 0.092032 -0.246865 -1.374779
-0.499040 -0.362630 -0.719814 -0.551518 0.027966 -0.721798 -0.435005 0.219736 0.387101 -0.636842
-0.142543 -0.947825 -0.208952 -0.767149 0.400217 -0.541755 -0.229622 -0.539485 -0.663167 -0.223135
0.453030 -0.453684 -0.884243 -0.541959 0.718646 -0.227513 0.055261 -0.491882 0.250702 -0.488424
0.143567 0.580443 -1.720336 -0.951407 0.466100 0.618639 -0.590554 1.107908 0.658543 -0.168550
-0.200464 -0.140628 -1.170394 -0.682638 -0.617695 -0.575276 -0.589801 -0.061164 0.565704 -0.540433
-0.121863 -0.508679 -0.580627 0.596942 0.653913 0.305991 -0.277017 1.049116 0.047376 -0.342358
-0.039320 -0.019860 -1.259965 -0.708168 0.322646 -0.670020 -0.412974 0.193370 0.252161 -0.542865
-0.105761 0.131134 -1.524779 -0.303716 0.289844 -0.063847 -0.672522 -0.697364 -0.020350 -0.595819
0.124996 -0.781967 -1.312852 -0.468056 -0.200596 -0.136037 0.011792 0.222907 0.466642 -0.473481
0.121728 -0.867110 -1.613916 -0.391711 -0.075532 0.239261 -0.181096 -0.425285 0.684903 -0.446570
0.084567 -1.384864 -1.466289 0.135747 0.315532 -0.545675 -0.284552 -0.021775 0.394970 -0.817169
-0.329266 -0.631228 -1.409556 -0.193196 0.232380 0.296674 -0.401229 -0.047658 0.768326 -0.750186
-0.599894 -0.411854 -2.131563 -0.954302 -0.159669 -0.080838 -0.470370 0.113435 0.885388 -0.139598
-0.146286 -0.604419 -0.852758 -0.376537 -0.161894 0.632062 0.051362 -0.391398 0.146103 -0.344054
-0.450896 -1.022882 -1.297156 -0.834979 -0.058815 0.276089 -0.183011 -0.205084 0.571108 -0.523768
-0.256254 -0.172126 -0.034725 -0.594780 0.609604 0.173504 -0.344810 0.024057 0.678765 -0.087552
-0.428141 -0.183419 0.154792 0.070014 0.739163 -0.433542 0.299298 0.288075 0.352715 -0.226360
-0.318860 -0.302042 -1.332977 -0.855417 0.638327 0.166166 -0.338233 0.735234 1.149302 -0.170029
0.286687 -0.888493 -0.586245 -0.189291 0.702935 -0.182928 -0.157622 0.024720 -0.125216 -0.449538
-0.065332 -0.916846 -1.100489 -0.724629 1.061695 -0.433498 0.101274 -0.469807 0.931849 -0.429048
0.464625 -0.872882 -0.542135 -0.064511 0.686034 -1.338239 0.210728 0.460547 0.292359 -0.556796
-0.120455 -0.493647 -1.670535 -0.893228 -0.234666 0.542990 -0.189434 -0.467470 -0.275479 -0.994612
-1.136820 -0.163340 -0.167931 -0.516850 0.564801 -0.775418 0.248606 0.512726 0.357591 -0.379531
-0.070275 -0.463214 -0.962046 0.056908 -0.075550 0.344979 -0.535734 0.112428 0.966788 0.160563
-0.552070 -0.112521 -0.930651 -0.859873 0.167214 0.102710 0.131709 -0.201435 0.745043 -0.359266
-0.545016 -0.898776 -1.136287 0.441748 -0.233950 -0.040002 -0.604015 0.819099 -0.564352 -0.654466
-1.081810 0.043424 -0.905554 -0.978637 0.541016 -0.328922 0.525024 -0.049078 0.351746 -0.491143
0.171119 -0.705109 -1.260525 0.139319 0.377819 -0.064619 -0.362180 -1.361624 -0.464995 -0.688963
0.051210 -0.191491 -1.130857 -0.234151 0.649910 -0.031430 -0.663072 0.381512 -0.233327 -0.274302
0.328685 -1.038041 -1.230212 0.085832 0.829399 0.192133 0.127962 -0.990993 0.102708 -0.188222
0.004314 -1.122186 0.311987 -0.005499 0.468337 -0.000344 0.175453 -0.810145 0.017796 -0.132261
-0.207101 -0.958195 -1.451495 -0.324706 -0.050771 0.422494 -0.376331 -0.419596 0.680303 -0.636087
-0.621872 -0.695114 -0.885301 -1.059706 0.242956 0.082425 -0.223746 0.011741 0.155104 -0.621418
-0.316084 -0.928326 -1.314450 -0.606228 -0.537318 -0.373618 -0.630757 -0.353542 0.082682 -0.578102
-0.287806 0.035968 -0.207484 -0.386104 0.841588 0.018981 -0.331350 0.556538 0.521168 -0.335988
-0.374706 -0.041741 -1.065616 -1.261205 0.745626 0.488544 -0.187358 0.642121 0.637122 -0.509051
-0.210514 0.059864 -0.783706 -0.839654 0.772419 0.328832 -0.343698 0.714552 0.832165 -0.059993
-0.370465 -0.339185 -1.119784 -1.110627 0.806123 0.481178 0.162465 -1.042455 -0.207164 -0.734435
-0.437357 -0.281192 -0.249267 -0.368790 0.805289 -0.207867 0.213937 0.083367 0.610801 -0.345847
-0.096113 -1.028082 -0.786901 -0.537410 1.100132 0.165119 0.039275 -1.077177 0.246606 -0.298775
0.279596 -1.096190 -1.172036 -0.328354 0.338142 0.157564 -0.132133 -0.685022 0.164636 -0.902510
0.236786 -0.454217 -1.358156 -1.135287 0.853056 -0.173166 0.203604 -0.374554 0.569760 -0.258344
-0.576643 -0.546212 -0.976267 -0.818395 0.795762 -0.073765 -1.147282 -0.228546 0.071084 -0.511855
-0.755185 0.658230 -1.090186 -0.976656 0.895181 0.149579 0.491989 0.473328 0.300195 -0.391686
-0.504651 -0.256298 -1.101460 -0.475696 0.418326 0.012351 -0.010749 0.626132 0.872273 -1.026712
0.517309 -0.114094 -1.369063 -0.425629 0.396546 0.257960 -0.587535 0.182806 1.055768 -0.393436
0.032586 0.222204 -0.947149 -0.413968 0.696185 -0.035651 0.651205 -0.208368 0.739453 -1.078551
-0.248176 0.188993 -1.169189 -0.649015 0.212706 -0.212897 0.530628 0.529185 -0.009550 -0.786865
0.044683 -0.818993 0.359481 -0.271325 1.035680 0.198987 0.094263 -0.251271 0.569021 -0.127990
-0.159993 -1.096753 -0.080685 -0.541650 0.960288 0.048847 0.341332 -0.170557 1.151976 -0.168472
-0.379092 0.040705 -0.872765 -0.975734 0.660542 0.029065 -0.228419 0.693625 0.686040 -0.352092
-0.761739 0.067170 -0.715492 -1.245126 0.882787 0.097178 -0.087259 0.297884 0.691059 -0.474620
-0.237079 0.238190 -0.714431 -0.404426 1.151004 -0.004470 -0.660017 0.815114 0.401714 -0.655226
-0.317756 0.163461 -0.752203 -0.794066 0.800221 0.059928 -0.035941 0.953404 0.774312 -0.766016
-0.652687 -0.401432 -0.682866 -0.547636 0.871178 0.005230 0.477938 0.574550 0.653964 -0.512775
-0.216930 -0.272219 -0.404864 0.089311 1.137167 -0.111511 -0.728031 0.768513 0.041275 -0.968902
0.056807 -1.118139 -0.337127 0.011186 0.274638 -0.628184 -0.504304 0.054955 0.122220 -0.297224
-0.375774 -0.476893 -0.661646 -0.005586 -0.176345 0.158467 -0.269246 0.198295 0.572574 -0.269043
0.848295 -0.311496 -1.282427 -0.340553 0.193337 0.197179 -0.894798 0.058404 -0.286609 -0.405933
0.541498 -0.973470 -1.033235 -0.000018 -0.432748 0.166582 -0.566842 -0.352737 0.338546 -0.278182
0.954688 -0.490349 -1.284330 -0.143795 0.014470 0.246660 -0.886801 0.584457 0.527972 0.119847
0.960117 -0.239074 -1.426492 -0.425039 -0.219902 0.590688 -0.814238 0.586105 0.701070 0.223917
1.065944 -0.321128 -1.314336 -0.582325 -0.408389 0.694606 -0.868373 0.338606 0.414914 0.312310
1.147947 -0.259738 -1.827339 -0.328205 -0.187611 0.475469 -0.630864 0.415448 0.906383 0.470891
1.047957 -0.186555 -1.718254 -0.313162 0.042536 0.368877 -0.771681 0.632913 1.088753 0.253562
0.809562 -0.424139 -1.181971 -0.383854 -0.377127 0.332014 -0.778655 0.210700 0.262924 0.075191
1.091933 -0.249004 -1.405736 -0.077051 -0.081968 0.584399 -0.684242 0.668298 0.948849 0.703282
0.957471 -0.135846 -1.594416 -0.368854 -0.056654 0.380973 -0.837239 0.614420 0.831009 0.302179
1.101308 -0.222930 -1.606551 -0.172457 -0.043055 0.406086 -0.649739 0.707138 0.988190 0.531065
0.788081 -0.430332 -1.785353 -0.209699 -0.090676 0.412970 -0.793666 0.082142 0.687418 0.596809
0.893664 -0.223296 -1.493683 -0.287097 -0.042239 0.510493 -0.661346 0.264809 1.032499 0.013764
0.962917 -0.491064 -1.686062 -0.046065 -0.216998 0.253559 -0.620872 0.358056 0.838435 0.492055
1.080416 -0.258420 -1.367051 -0.296036 -0.185074 0.657012 -0.901586 0.631370 0.781575 0.329592
1.015524 -0.105427 -1.811142 -0.489988 0.009411 0.336818 -0.656672 0.530455 0.922768 0.282414
1.077361 -0.285324 -1.418079 -0.272402 -0.190764 0.501902 -0.839828 0.432725 0.703244 0.331931
0.904089 -0.074850 -1.605983 -0.488982 -0.014307 0.449079 -0.801406 0.633483 0.746653 0.263055
0.914211 -0.170227 -1.559248 -0.440239 -0.269235 0.500774 -0.868330 0.477334 0.606195 0.317178
1.041960 -0.242302 -1.516378 -0.180225 0.364172 0.252681 -0.776194 0.912801 1.161593 0.130090
1.244209 -0.746386 -1.503407 0.103946 -0.368214 0.470340 -0.690773 -0.091529 0.617810 0.007185
0.875499 -0.043689 -1.658631 -0.459862 -0.071021 0.471353 -0.700780 0.746098 0.872533 0.423872
0.751793 -0.240675 -1.822216 -0.783038 -0.194127 0.294418 -0.535290 0.507258 0.371355 0.113490
0.806038 -0.174894 -1.611643 -0.560948 0.180272 0.250615 -0.736946 0.686944 0.199410 -0.063387
0.944623 -0.339258 -1.598695 -0.238666 -0.133529 0.172985 -0.633037 0.344230 0.516890 0.486519
0.914217 -0.521699 -1.011177 -0.677275 0.151733 -0.077281 -0.480378 0.505408 0.503325 0.086804
0.667158 -0.951049 -1.209494 -0.016650 -0.351671 -0.109850 -0.781376 0.175963 0.826993 0.297036
0.839437 -0.648332 -1.489139 -0.453467 -0.231180 0.392769 -0.684955 0.092647 0.764758 -0.039069
0.878467 -0.330999 -2.086211 -0.424243 -0.004991 -0.041502 -0.354055 0.586584 0.222013 -0.443368
0.963127 -0.296869 -1.560817 -0.351508 0.112280 0.556345 -0.713778 0.871577 0.506026 0.777878
0.171234 -0.095297 -1.451613 -0.207897 -0.101871 0.663881 -1.050961 0.190195 0.514530 -0.187743
1.108845 -0.560040 -1.829615 -0.914521 -0.060071 0.023143 -1.216641 0.236583 0.751670 0.416376
1.286881 -0.402992 -1.663313 -0.283976 -0.037173 -0.205904 -0.689632 0.000738 0.709588 0.039810
0.747588 -0.134537 -1.700940 -0.608680 -0.161387 0.250123 -0.538670 0.266241 0.399002 0.512133
0.967502 -0.218652 -1.636347 -0.384819 -0.262590 0.345094 -0.804874 0.411735 0.647984 0.416619
0.803448 -0.124206 -1.361517 -0.426459 -0.038860 0.311259 -0.885939 0.546223 0.640573 0.232066
1.032628 -0.132226 -1.555889 -0.417467 0.033581 0.478432 -0.724045 0.715132 0.855323 0.305247
0.984615 -0.176561 -1.462667 -0.393715 -0.094539 0.424766 -0.901150 0.619578 0.811179 0.155864
0.946387 -0.240209 -1.731102 -0.389844 -0.303130 0.143291 -0.489236 0.290067 0.495754 0.528175
1.007557 -0.384141 -1.741260 -0.299469 -0.269916 0.380591 -0.440697 0.365887 0.592833 0.585711
0.752861 -0.521891 -1.593107 -0.243833 -0.416945 -0.086721 -0.752161 -0.169026 0.448973 -0.089709
