0.269108 -0.306616 -0.507609 -0.507544 0.893401 0.114928 -0.824121 -0.490990 -0.171423 -0.283219
0.088287 -0.567422 -1.573508 0.535170 -0.077683 -0.518803 -0.147183 0.088487 -0.410502 -0.033939
-0.575502 -0.301065 -0.611298 -0.669710 0.436670 -0.075420 -0.317744 0.712190 0.401921 -0.301771
-0.068103 -1.033818 -1.372797 -0.112788 0.206305 -0.146583 -0.732286 0.973093 0.260445 -0.851282
0.068238 -0.781496 -1.459168 -0.470333 -0.534972 -0.665711 -0.361566 -0.749946 0.430312 -1.197608
0.542893 -0.907329 -1.189446 -0.259795 0.721637 -0.260766 -0.248845 -0.363042 0.486919 -0.689048
-0.315078 -0.226938 -0.954905 -0.091753 0.491406 0.323188 -0.202384 0.813953 1.018381 0.063677
0.310476 -1.226664 -1.037957 -0.290000 0.560231 -0.662247 0.002432 -0.730438 0.539650 0.108198
-0.805295 -0.802680 -1.100199 0.584494 0.771354 0.369818 -0.754295 1.059360 0.240227 -0.304913
-0.290662 -0.627128 -1.018073 -0.183819 0.913223 -0.400966 -0.218061 0.143644 -0.364918 -0.539450
-0.432538 -0.596174 -1.154941 -0.365651 0.434649 0.208463 -0.453710 0.665069 -0.045316 -0.977533
-0.067676 -0.351201 -0.892225 -0.522998 0.426304 0.211573 0.125602 -0.540971 -0.983970 -1.004870
0.053931 -0.155165 -1.026748 -0.170847 0.667537 0.143926 -0.666290 -1.027369 -0.153193 -0.077077
0.379384 -0.863459 -1.759469 -0.077669 0.444675 -0.319248 -0.072782 0.683959 0.558215 -1.153390
-0.546369 -0.710775 -0.223915 -0.370683 0.522325 -0.869375 -0.669725 0.202628 0.350124 -0.361118
-0.520535 -0.073403 -0.927933 -0.457000 0.869901 -0.122608 -0.631773 0.673634 0.277265 -0.619162
-0.482948 0.189364 -1.512873 -0.400290 0.156785 -0.399671 -0.037128 0.681664 -0.001567 -0.724055
-0.081824 -0.522312 -1.023228 -0.795444 -0.100159 0.122557 -0.184332 -0.141876 0.926801 -0.449736
-0.319420 0.377865 -0.596513 -0.442525 0.131880 0.056790 -0.325129 0.569009 0.943170 -0.609214
-0.422745 -0.352826 -1.243928 -0.223388 0.773908 -0.701463 -0.257746 0.194406 0.044838 -1.122712
-0.260303 0.176017 -0.758075 -0.134392 -0.560288 -0.564209 -0.480392 -0.259130 0.343989 -0.362036
-0.564415 -0.181454 -1.177205 -0.304571 0.187494 -0.429477 -0.201720 1.016039 -0.137251 -0.995806
-0.021827 -0.440946 -0.831404 0.323593 0.082843 -0.321270 0.058532 -0.054074 0.507538 -0.797411
0.107518 -1.035762 -1.521504 -0.358680 -0.279638 -0.124377 -0.335800 0.762931 0.017479 -0.554127
-0.077518 -0.031402 -0.925586 0.094501 0.680592 -0.304707 -0.777875 0.701500 0.445705 -0.193625
0.228690 -0.522102 -1.380900 -0.000371 0.392192 -0.333600 -0.356696 0.647517 -0.318680 -0.326552
0.339931 -1.345421 -1.183570 -0.242977 1.057252 -0.398436 -0.022411 0.901023 0.230160 -0.822591
-0.334749 -0.518167 -0.362005 -0.030946 0.477347 -0.579841 -0.562435 0.363242 0.106576 -0.385182
-0.520535 -0.073403 -0.927933 -0.457000 0.869901 -0.122608 -0.631773 0.673634 0.277265 -0.619162
0.245031 -0.034201 -1.251770 -0.736690 0.663869 -0.055633 -0.454835 0.331825 0.378336 -0.687738
0.539779 -0.779301 -0.795441 0.046171 -0.077453 -0.491493 -0.181740 -0.190978 0.265099 -0.108895
0.306387 -0.140504 -0.910343 0.190542 -0.213301 -0.427364 -0.718792 0.341036 0.400581 0.019073
-0.171611 -0.305606 0.122942 -0.628998 1.298407 0.009620 -0.059423 -0.688176 -0.040513 0.095145
-0.269434 -0.364067 -0.285537 -0.174800 0.476938 -0.545516 -0.056858 -0.762033 0.582104 -0.458011
-0.044850 -0.078088 -1.163833 -1.364550 0.471872 0.445776 -0.250996 -0.630507 0.760300 -0.189508
-0.499485 -0.037789 -1.741903 0.060500 -0.614027 -0.452237 0.075255 0.209911 -0.237908 -1.147591
-0.021879 -1.690589 -0.124960 0.567680 0.388671 -0.546954 -0.233319 0.083648 -0.352089 -0.410886
0.115512 -0.311897 -1.013833 -0.315085 -0.437101 0.044195 0.222317 -0.756255 -0.574609 -0.129237
-0.512013 -0.855408 -0.068584 -0.627195 0.401073 -0.405593 0.268047 -0.158763 0.396762 -0.515766
0.049217 -0.697442 -0.299086 -0.470697 0.768420 0.539048 -0.236795 -0.662178 0.188035 -0.282205
0.084400 -0.349115 -1.182863 -0.698524 0.575339 0.277001 -0.127046 0.666128 0.290126 -0.690931
-0.484598 -0.342588 -0.898354 0.068398 -0.330212 -0.450939 -0.016691 -0.053079 0.096344 -0.696441
0.476941 -0.458173 0.115520 0.154384 0.965094 -0.241214 -0.750202 -0.574050 -0.629602 0.156971
-0.008470 -0.417286 -1.628574 -0.317477 0.633933 -0.377765 -0.417550 0.309680 -0.041331 -0.805727
0.336466 0.096332 -0.766405 -0.405041 0.175624 -0.397976 -0.241845 0.224630 0.760060 -0.669539
-0.220360 -0.853916 -0.860848 0.068510 -0.293882 -0.202690 0.100199 -0.237755 -0.264700 -0.270993
-0.150367 0.406268 -1.678864 -0.437049 0.008929 0.112933 -0.340542 0.611596 0.728084 -1.056445
-0.891813 0.202738 -1.295296 -0.617350 0.410413 -0.115007 0.082718 0.114717 0.334100 -0.708070
-0.236861 -0.047943 -0.687824 -0.732588 -0.051706 -0.554688 0.033281 -0.539758 -0.147629 0.264336
0.125355 -1.111887 -0.949315 -0.114862 -0.009345 0.013225 -0.418897 -0.410742 0.673247 -0.806052
0.036535 -0.157684 -0.275307 -0.093360 0.778087 -0.173774 -0.297374 -0.635439 -0.229081 -0.400723
0.626952 -0.705381 -1.160093 -0.543700 0.142764 -0.302801 -0.247732 -0.460496 0.417336 -0.035260
-0.313064 0.043820 -1.360986 -0.841601 0.369742 0.065640 -0.645118 0.823959 0.256614 -0.345897
0.010117 0.299390 -0.658759 -0.415507 -0.116184 -0.573056 -0.242768 -0.867414 -0.292746 -0.629334
0.076309 -0.441684 -1.089774 0.064522 -0.239204 -0.204008 -0.612963 0.326117 0.671619 -0.778079
0.693917 -0.587827 -1.765594 -0.107677 -0.007402 -0.373743 -0.764239 -0.093184 0.745440 -0.512054
0.138430 -0.728165 -0.953661 -0.238215 0.692561 -0.160162 -0.270882 -0.648389 -0.699241 -0.317780
-0.138737 0.252901 -1.044512 -0.614972 1.287324 0.201420 -0.603188 0.251212 -0.506752 -0.954136
-0.457188 -0.357798 -1.073673 -0.413313 0.190551 0.763267 -0.347035 -0.032855 0.047916 -0.292542
0.043848 -0.562216 -0.897498 -0.010547 0.239043 -0.180788 -0.130182 -1.130908 -0.416628 -0.205026
0.070392 -1.266206 -1.134920 0.243585 0.157854 -0.039141 -0.553431 -0.050632 0.273420 0.093805
-0.101342 -1.121411 -1.512072 -0.517735 0.395129 0.146241 -0.202631 -0.936502 0.735221 -0.742371
-0.186272 -0.565390 -1.003360 -0.152065 0.098566 -0.117092 -0.450552 0.327660 0.331970 -0.246293
-0.151672 -0.409362 -1.194357 -0.829776 0.566795 -0.465982 -0.504341 -0.269348 0.333887 -0.459929
-0.259226 -0.547585 -0.958500 -0.548640 0.841497 -0.065469 -0.076535 -0.558222 0.317748 -0.415421
0.099136 -0.559265 -1.281174 -0.504659 0.474901 0.141558 -0.442552 -0.245778 0.502527 -0.394704
-0.188409 -0.066824 -0.934085 -0.323353 0.398304 0.149917 -0.151326 0.723784 0.602310 -0.223291
-0.839278 -0.183406 -0.674339 -0.697904 0.495171 0.064859 0.104202 -0.248806 0.699563 -0.339379
-0.608555 -0.352758 -0.124382 -0.974577 0.979472 -0.061755 0.510373 -0.796040 0.624641 -0.452843
-0.601676 -0.490042 -0.675549 -0.936319 0.293956 -0.071934 0.344043 -0.446105 -0.250411 0.263990
-0.398957 -0.422675 0.234736 -0.704612 0.855437 -0.247058 0.410913 -0.725862 0.515342 -0.001158
-0.369244 -0.225668 0.127475 -0.231881 0.424502 0.203309 -0.483664 -0.295468 -0.010137 -0.006926
0.044659 0.124944 -0.690621 -0.432344 0.187273 0.323502 0.183072 0.158047 0.255697 -0.429228
-0.041933 -0.348578 -1.401890 -0.569942 -0.449601 0.006203 -0.184864 -0.238088 1.369959 -0.866515
-0.160102 -0.342601 -1.319840 -0.601897 0.144560 0.127740 -0.645893 -0.293555 1.007926 -0.295006
-0.776394 -0.113329 -0.956956 -0.615165 0.428853 -0.337234 -0.249308 0.246109 0.148557 -0.889761
-0.408069 -0.437616 -0.472704 -0.360887 0.423374 -0.229611 -0.843326 0.019591 0.370881 0.088889
0.123784 -0.370518 -0.908999 -0.632918 0.540546 0.304096 -0.695849 -0.239938 1.390846 -0.532479
-0.043878 -0.292905 -1.048502 -0.454094 -0.109527 -0.397196 -0.500843 -0.380636 0.068595 -0.365417
-0.554565 -0.315844 -0.771236 -0.841134 0.479705 0.029952 -0.338208 0.235300 0.434061 -0.454938
-0.149996 0.485707 -1.157045 -0.768640 0.243003 0.577294 -0.099003 -1.297020 -0.289421 -0.180258
-0.375512 -0.038968 -1.526424 -0.795437 0.239618 -0.069444 0.154836 -0.071771 0.004198 -0.904656
-0.458885 -0.833640 -1.050016 -0.429420 0.682734 0.186293 -0.962766 -0.408669 0.881306 -0.257792
0.497716 -0.120777 -1.481639 0.522068 -0.316171 -0.352659 -0.093967 -0.585662 -0.373471 -0.697052
0.942185 -0.011733 -1.467068 -0.737500 -0.218077 0.508434 -0.697436 0.492571 0.406781 0.554725
1.199114 -0.337598 -1.531743 -0.034300 -0.162053 0.466483 -0.574525 0.751379 1.039473 0.700508
0.922691 -0.008619 -1.412263 -0.432410 0.126266 0.333508 -0.902279 0.716358 0.879523 0.115745
0.668497 -0.100948 -1.670591 -0.597838 -0.298584 0.384481 -0.599631 -0.091964 0.144112 0.510588
1.178095 -0.247800 -1.286210 -0.034751 0.229394 0.454839 -0.866775 0.690083 1.239684 -0.014601
0.736113 -0.244374 -1.720563 -0.601404 -0.397064 0.134275 -0.927747 0.257026 0.575287 0.225190
0.912908 -0.465461 -1.449326 0.017388 0.025095 0.376034 -0.654773 0.488598 1.052835 0.133757
1.130095 -0.296004 -1.432254 -0.058162 -0.061327 0.517444 -0.709942 0.929132 1.212383 0.381537
0.971559 -0.279576 -1.547905 -0.334279 -0.072752 0.347359 -0.747045 0.571483 0.762443 0.303185
1.103025 -0.228122 -1.232420 -0.365984 -0.149199 0.633022 -0.803253 0.722283 0.770918 0.386610
0.902301 -0.172806 -1.554728 -0.444379 -0.052643 0.339587 -0.791291 0.552795 0.675922 0.255604
0.806149 -0.259844 -1.151947 0.038456 -0.529931 0.146851 -1.119040 0.617223 1.238246 0.221633
0.750412 -0.605756 -1.317835 -0.347727 -0.365573 0.317564 -0.855147 0.358040 0.220752 0.067745
0.562280 0.229826 -1.548311 -0.652222 0.273175 0.328830 -1.438295 0.385566 0.395447 -0.341853
0.989637 -0.287081 -1.207337 -0.257747 -0.483198 0.456796 -1.640004 0.174161 0.725419 0.173990
0.212595 -0.408693 -1.356065 -0.448272 -0.259576 0.035641 -1.078002 -0.080798 0.231904 -0.550352
0.908034 -0.488442 -1.506776 0.025118 -0.312807 0.677513 -0.368461 0.259312 0.694291 0.328289
0.729797 -0.302945 -1.634462 -0.866327 -0.385797 0.266189 -0.768513 0.001409 0.523489 0.392862
0.877934 -0.167952 -1.505611 -0.591996 -0.318341 0.562464 -0.827405 0.420124 0.434211 0.292429
1.224518 -0.456014 -1.605445 -0.299699 0.244024 0.054186 -0.735325 0.810942 0.531338 -0.051044
0.714183 -0.903985 -0.421188 -0.026493 0.330105 0.028211 -1.392474 0.259932 -0.242574 0.579094
0.955022 -0.381950 -1.389422 -0.438160 -0.155900 0.523529 -1.105721 0.291398 0.620929 0.069869
0.961541 0.067049 -1.434609 0.214453 0.325604 0.452314 -1.325209 0.771785 1.096131 -0.138275
0.593067 -0.539794 -1.594961 -0.465330 -0.621900 0.510231 -0.920947 0.258114 0.451989 0.553291
1.163231 -0.787499 -1.717152 0.093444 -0.440086 -0.260301 -0.319441 -0.077438 0.465993 -0.267033
1.047667 -0.283353 -1.421167 -0.351435 -0.312700 0.388113 -0.912846 0.397519 0.629114 0.318934
0.815705 -0.397503 -1.604407 -0.434308 -0.704358 0.429614 -0.843114 0.168786 0.274530 0.363465
0.992411 -0.120961 -1.552614 -0.482191 -0.063081 0.349339 -0.919164 0.201726 0.618811 0.002489
1.031491 -0.536520 -1.448788 -0.287261 -0.344027 0.514038 -0.847209 0.220094 0.386606 0.437834
0.951285 -0.388071 -1.709327 -0.521773 -0.134686 0.383454 -0.596518 0.386564 0.208967 0.359358
1.146540 -1.010686 -1.573595 -0.039615 0.085685 0.364294 -0.478908 -0.612066 0.456530 -0.041242
1.161261 -0.264729 -1.593346 -0.244407 -0.232176 0.429980 -0.787867 0.483856 0.881646 0.437390
0.908991 -0.228320 -1.754833 -0.320293 -0.165305 0.147270 -0.808274 0.214384 0.664432 0.325256
