0.021923 -0.013113 -1.497988 -0.578304 0.080200 -0.334784 -0.466414 0.960969 0.210136 -0.304067
-0.247313 -0.476177 -1.078776 -0.547862 0.777251 0.349566 0.181194 -1.058553 0.216373 -0.218191
-1.032516 -0.126164 -1.074745 -0.913807 0.125001 -0.120115 0.576691 0.017507 0.066507 -1.194543
0.079885 -0.160997 -1.118197 -0.014453 0.382952 -0.418852 -0.037130 0.201595 -0.839662 -0.524985
-0.160557 -0.098883 -0.553897 -0.365615 0.723674 -0.239369 -0.802791 -0.414753 -0.579976 -0.332556
-0.346604 -0.234996 -1.812548 -0.701278 0.374193 -0.219234 0.213030 0.011559 0.654745 -0.331524
-0.329413 -0.937421 -1.208838 -0.381695 0.569601 -0.200987 0.465722 -0.689640 0.856217 -0.494335
-0.630458 0.009346 -1.359073 -0.487126 0.147353 -0.292845 -0.126825 -0.166312 -0.519882 -0.142700
-0.162760 -0.426350 -0.944190 -0.050311 0.612193 -0.431384 -0.535509 0.880371 0.448514 -0.444295
-0.403503 -0.533345 -0.792264 -0.284674 0.723206 -0.273660 -0.396174 -0.094913 -0.143404 -0.428136
0.271714 -0.186549 -1.607593 -0.798505 0.193277 -0.024448 -0.039103 0.137590 0.754618 -0.683979
0.312987 -1.306712 -0.939985 0.298088 0.060843 -1.395154 0.728560 0.462969 0.336411 -0.309296
0.366249 0.077221 -1.090494 -0.243313 -0.979419 -0.706659 -0.097170 -0.072245 0.486071 -0.738617
-0.710085 0.020596 -0.935845 -0.986974 0.389707 0.302773 -0.228386 -0.075277 0.883507 -0.224446
-0.106263 -0.669136 -0.854760 -0.251435 0.263769 -0.220701 -0.547934 -0.273715 0.968219 -0.628206
-0.571330 -0.387617 -1.479787 -0.916034 0.575762 0.000395 -0.354399 0.815957 0.897911 -0.403454
0.043158 -0.815335 -0.578738 -0.098147 0.478843 -0.220922 -0.442494 -0.937395 0.279404 -0.862031
-0.645343 -0.561860 -1.293414 -0.619474 -0.358537 0.387356 -1.028977 -0.471589 -0.222310 -0.569491
-0.594127 -0.217575 -0.696907 -0.999450 0.185854 -0.038376 0.222173 -0.768294 0.512926 -0.280773
0.176385 -0.399700 -1.358666 -0.310209 0.030966 0.505032 0.032583 -0.235240 0.134036 -0.372943
0.129539 -0.157553 -1.548831 -0.162216 0.181250 -0.066139 -0.099698 -0.418023 -0.311512 -0.625537
-0.217077 -0.576601 -1.511911 -0.815995 -0.098472 0.017508 -0.367886 0.009113 1.072977 -0.688164
0.576145 -0.553034 -0.276633 -0.615527 0.585765 -0.030249 -0.286613 -1.136295 -0.770462 -1.042147
0.466971 0.101960 -1.155097 -0.334630 0.220596 0.058786 -0.112205 -0.949462 -0.507019 -0.887688
0.473969 -0.280757 -0.978754 -0.459095 0.100614 -0.434777 -0.640587 -0.897578 0.157458 -0.222805
-0.239137 0.000549 -0.541729 -0.318097 0.279083 -0.805328 -0.148772 -0.132300 0.245073 -0.644316
-0.252159 -0.144726 -1.369021 -0.453565 0.433252 0.053809 0.006510 1.196324 0.741680 -0.231075
-0.141607 -0.197201 -1.447426 -0.233864 -0.291983 -1.273454 -0.267836 0.631897 0.282415 -0.387633
0.204076 -0.522567 -0.809151 0.274460 0.168136 -0.546894 -0.123744 -0.243773 0.275188 -0.750815
-0.343568 -0.678528 -1.298060 -0.474336 -0.277773 0.591122 -0.237614 -0.539289 0.765474 -0.108722
0.489851 -0.180815 -1.446313 -1.007074 0.006312 -0.563710 -0.194901 -0.104315 0.550663 0.110146
0.232060 -0.383562 -1.210892 0.025633 -0.453398 -0.154674 -0.339957 0.459690 -0.397648 -0.736227
0.755088 -0.682427 -1.668840 -0.064426 0.365613 -0.795592 -0.031379 0.217772 0.754451 -0.665724
-0.108308 -0.447505 -0.745908 -0.008420 0.082091 -0.419156 -0.161542 -0.441200 0.122625 -0.638747
0.138582 -0.888266 -1.391279 -0.388248 0.399559 -0.898250 -0.300497 0.415416 0.638538 0.093903
-0.097934 -0.538854 -1.481929 -1.028316 -0.217737 0.495028 -0.495500 -0.574136 -0.616214 -0.329169
0.539459 -1.374130 -1.579879 0.495194 -0.279744 -0.796026 0.274615 -0.225299 0.396863 -0.839899
0.002996 -0.218287 -1.276347 0.160644 0.141976 0.028648 -0.314029 1.218240 0.410109 -0.882490
-0.321304 -0.107086 -1.195838 -0.911258 0.287290 0.084967 -0.491846 -0.183958 0.955491 -0.251191
0.226960 -0.481734 -1.403486 -0.321792 0.073195 -0.260879 -0.475491 -0.505238 1.116727 -0.481340
-0.315498 -0.775847 -1.221080 -0.388291 -0.426443 0.009322 -0.349884 0.301260 -0.478290 -0.832205
-0.098100 -0.277360 -1.013156 -0.278790 0.422410 0.035126 -0.801920 0.727139 0.521310 -0.071877
0.177103 -0.145858 -1.766338 -0.735990 1.029101 -0.036605 -0.418905 0.037832 0.062392 -0.644286
-0.405354 -0.512360 -0.918097 -0.882753 1.030948 -0.093072 -0.175891 0.068933 0.907932 -0.780335
0.337377 -1.440201 -1.873639 -0.127282 0.156202 -0.470982 -0.452892 -0.179196 0.348805 -0.623710
0.029444 -0.486686 -1.218305 0.233906 0.265669 -0.168215 -0.266900 0.044067 0.047764 -0.464326
0.600062 -1.018463 -0.767110 -0.564300 0.969736 -0.519272 -0.430739 -0.600650 -0.563336 -0.150525
-0.616638 -0.244071 -0.748122 -0.426095 0.294274 -0.566408 -0.078993 0.190192 0.384785 -0.430091
-0.316269 -0.729002 -0.898906 -0.095924 0.350476 -0.770796 0.299250 -0.625323 0.734920 -1.300530
0.712205 -0.135704 -0.682956 -0.415106 0.615340 0.131399 -0.634022 0.462950 0.822644 0.371737
-0.704363 -0.504267 -0.712896 -0.479969 -0.534629 -0.016158 0.317095 -0.132504 0.812605 -0.403083
0.488624 -0.811618 -1.400964 -0.245490 -0.265420 -0.431285 -0.215651 -0.360036 0.151660 -0.414812
-0.792430 -0.286569 -0.590055 -0.859927 0.523685 0.063124 -0.018685 -0.783296 0.746975 -0.414783
0.447076 -1.283867 -1.013383 -0.042112 0.324852 0.070663 -0.349542 -0.263983 0.174504 -0.372286
-0.438535 -0.186563 -0.430553 -0.201384 -0.307204 -1.043648 0.564604 -0.224846 -0.706338 -0.976956
-0.076148 -1.147329 -0.650697 -0.060684 0.524971 0.237084 0.143308 0.013895 -0.239415 -0.379841
-0.481998 -0.239250 -0.678962 -0.978084 0.842303 0.238738 0.045758 -0.650828 0.399573 -0.114558
0.102817 -1.032221 -1.245868 -0.277184 -0.618503 0.180954 0.175484 -0.450492 0.345008 -0.354528
-0.075196 -0.590448 -1.460629 -0.193994 0.301506 0.100091 -0.672353 0.003244 0.578866 -1.196334
-0.408117 -0.409544 -1.166687 -1.021396 -0.047617 -1.021644 -0.263601 0.476884 0.041945 -0.879584
-0.035364 -1.127775 -0.655107 -0.230194 0.597950 0.403064 0.384118 -1.469298 -0.080555 -0.794937
-0.694613 0.104671 -0.509791 0.042134 -0.093232 -0.475804 -0.047996 -0.014579 -0.000865 -0.207727
-0.577155 -0.134269 -1.160660 0.173867 0.284991 0.014952 0.336672 -0.396043 -0.458623 -0.404832
0.102483 -0.483094 -1.528950 -0.654960 0.354109 -0.095030 -0.172920 0.287392 0.439864 -0.978734
-0.189016 -0.059579 -0.701262 -0.686977 0.918070 0.297315 -0.506070 0.266769 0.868076 -0.579843
-0.764764 0.046046 -0.819977 -0.677826 0.461362 -0.021612 -0.031063 0.792434 0.490941 -0.494092
-0.526517 -0.350857 -1.326534 -0.682774 -0.160668 0.190220 -0.522905 0.149335 -0.132050 -1.044425
0.387462 -0.404523 -0.812134 -0.461715 0.053462 0.449857 -0.806564 -0.547458 -0.391255 -0.245660
0.341415 -0.487950 -0.435417 0.374442 1.486146 0.072295 0.264827 -0.638052 -0.352067 -0.558561
-0.129869 0.043452 -0.763594 -0.000194 1.128345 -0.234476 -0.429928 0.260688 0.246063 -0.035370
-0.228591 -0.724857 -1.567867 0.161084 0.308854 0.082640 -0.089661 0.637877 -0.080138 -0.895641
-0.063553 -0.022065 -1.506383 -0.775117 0.558836 -0.562179 -0.275392 0.132710 -0.178385 -0.375294
-0.677703 -0.481971 -0.863232 -0.385664 0.611871 -0.356824 -0.502606 0.988820 -0.629828 -0.065805
-0.262269 -1.061488 -0.522332 0.116788 0.961386 0.735273 -0.679496 -0.073365 -0.793775 -0.059089
-0.186796 -0.491136 -1.006882 -0.909823 0.684112 0.019367 0.150674 0.268774 0.683601 -0.920746
-0.727042 -1.484118 -0.450008 0.110295 0.583886 0.221085 -0.351579 -0.363879 -0.106773 -0.929271
-0.259581 -0.314713 -0.897727 -0.161586 0.316943 -0.171464 -0.614215 0.021055 1.223676 -0.768240
-0.071844 -0.458620 -1.209399 0.158891 0.411830 -0.454742 -0.669938 1.143462 0.213359 -0.581881
-0.084604 -0.820550 -0.155652 -0.818430 0.203331 -0.716997 -0.580932 0.593064 0.413635 0.440897
0.254068 -0.323682 -1.504037 -0.850352 0.879685 -0.272379 -0.110390 0.295533 0.884397 -0.150212
-0.342758 -1.181660 -0.744035 -0.050845 1.016141 -0.705794 0.018971 0.433366 -0.496497 -0.531980
0.092186 0.236754 -1.531200 -0.938354 0.466470 0.714787 -0.623846 1.031773 0.522816 -0.378871
-0.162948 -1.404873 -1.175995 -0.578006 0.216827 0.186278 0.131920 -0.337268 -0.388695 -0.440542
0.273980 -0.876294 -1.343383 -0.046635 0.898374 0.020655 -0.117738 -0.439956 0.120295 -0.459135
-0.462327 0.158413 -0.678412 -0.496155 0.364733 -0.038355 -0.290812 0.450321 0.623146 -0.434704
-0.102290 -0.539897 -1.148664 0.025495 0.521102 -0.539058 0.023233 0.144117 -0.413744 -0.399013
0.093835 0.086607 -0.708791 -0.590002 0.405896 0.264945 -0.485357 0.935478 0.434359 0.226818
-0.629480 0.025425 -1.006450 -0.190961 0.370294 0.067604 -0.011304 0.315876 0.376434 -0.341272
0.177625 -0.857045 -0.805690 -0.085338 0.565317 -0.755745 -0.559895 0.344690 0.330385 -0.854818
-0.077198 -0.103610 -0.772372 0.007501 0.654792 0.071634 -0.354643 -0.048727 -0.233914 0.225780
-0.311981 -0.462785 -1.596278 -0.837199 0.228787 -0.019691 -0.165195 0.257242 0.674038 -0.794576
0.480089 -0.176326 -0.938614 -0.361798 0.687294 0.024951 -0.216193 0.041505 0.469130 0.207418
0.601135 -0.816907 -1.368596 0.210556 0.484095 -0.418499 -0.416707 -0.063749 0.756639 -0.024838
-0.304493 -0.496899 -0.031985 -0.150805 0.859473 0.239399 0.205207 0.900539 0.356078 -0.127649
0.507947 0.024235 -1.075369 -0.393511 0.024609 0.490576 -0.446057 0.626090 0.371268 -0.177133
0.013542 -0.426139 -1.186601 -0.740189 0.200928 0.255783 -0.243729 -0.723809 0.991306 -0.588128
0.011892 0.628766 -1.717698 -0.842206 0.469767 -0.158117 -0.580969 0.969857 0.273543 -0.527133
-0.270297 -0.099315 -0.394637 -0.678798 0.694844 0.180298 0.003672 -0.879763 -0.235251 -0.190031
-0.455459 -0.164388 -1.240808 -0.798437 0.352523 -0.403997 -0.357071 0.256284 -0.751236 -1.155498
-0.495404 0.012054 -1.034307 -0.566237 0.755071 -0.256741 -0.271284 0.686647 -0.178482 -0.440639
-0.323432 -0.927505 -0.492618 0.016366 1.243664 -0.353344 -0.001830 -0.101746 0.295305 -0.719092
0.836454 -0.383910 -1.335689 -0.399215 -0.400332 0.180025 -0.923363 0.222578 0.499839 0.038317
0.990415 -0.063830 -1.344806 -0.403892 -0.049293 0.531449 -0.838321 0.888696 0.814742 0.404219
0.792783 -0.363211 -1.372651 -0.402001 -0.426977 0.394801 -0.946854 0.050981 0.347528 0.083508
1.269600 -0.661695 -1.303447 -0.121990 -0.387165 0.453613 -0.804239 0.121113 -0.098320 0.156485
1.235706 -0.203467 -1.510957 -0.152605 -0.021173 0.315408 -0.687044 0.675199 1.092502 0.334961
1.072625 -0.133769 -1.237725 -0.457755 -0.092106 0.487130 -0.999276 0.500215 0.651188 0.303008
1.098934 -0.438267 -1.373526 -0.403835 -0.111715 0.459968 -0.965290 0.296097 0.553057 0.161141
1.107168 -0.196198 -1.577852 -0.275003 -0.133378 0.316506 -0.820677 0.548480 0.898447 0.333568
1.176562 -0.749951 -0.768179 -0.314812 0.156246 -0.421569 -0.941014 -0.215550 0.054113 -0.047969
0.810001 -0.242563 -1.318500 -0.527111 -0.187814 0.291856 -0.930103 0.255701 0.366580 0.050591
1.102875 -0.329133 -1.062085 -0.149160 -0.184619 0.607721 -0.976779 0.777638 0.828360 0.287258
0.837165 -0.126003 -1.319795 -0.362053 0.050842 0.281767 -0.948501 0.520920 0.723890 0.157449
0.705131 -0.477094 -1.378073 -0.088651 0.401496 0.295958 -1.054645 0.234350 0.380315 -0.118246
1.282247 -0.567335 -1.548601 -0.104729 -0.170857 0.654200 -0.965727 0.346214 0.724284 0.454567
1.202617 -0.191156 -1.558402 -0.198421 -0.147519 0.438756 -0.648623 0.652774 0.936293 0.596913
1.349016 -0.452905 -1.439534 -0.092834 -0.203254 -0.028303 -0.616251 -0.205495 0.670958 -0.092783
1.004060 -0.438227 -1.616473 -0.164987 -0.047154 0.566423 -0.378788 0.513306 0.851165 0.724552
1.013083 -0.395519 -1.457999 -0.287359 0.012561 -0.341263 -1.137022 0.820625 0.780695 -0.434583
1.009217 -0.412065 -1.294275 -0.120050 -0.055915 0.376024 -0.749776 0.501344 0.645668 0.216922
1.144313 -0.407656 -1.340238 -0.066613 -0.309301 0.366061 -0.928720 0.304569 0.990385 0.133484
0.962662 -0.321120 -1.391899 -0.408191 -0.414292 0.506737 -0.898472 0.241717 0.410815 0.273566
0.349250 -0.795313 0.426411 -0.326744 0.903842 0.095451 0.203364 0.003472 1.166288 -0.077146
