-0.003145 -0.868731 -0.864411 -0.313754 0.164226 -0.079558 -0.087338 -0.146487 -0.232969 -0.540462
-0.779402 -0.018156 -1.171927 -0.717016 0.779133 -0.062742 -0.009671 0.119682 0.220718 -0.521946
-0.739577 -0.084316 -0.820174 -0.244896 0.318041 -0.396086 0.264222 -0.454059 -0.166916 -0.795644
-0.108299 0.112739 -1.105173 -0.414712 -0.051528 -0.416579 -0.510317 0.472153 0.060290 -0.578792
-0.821437 -0.180270 -1.199613 -0.857783 0.921276 -0.171350 -0.115402 0.027087 0.146637 -0.206435
-0.148868 -1.072514 -0.666103 -0.000561 0.182975 0.092153 -0.367064 -0.302606 0.011822 0.362594
-0.505213 0.268197 -0.894828 -0.256174 0.834442 -0.637392 -0.481144 0.327972 0.626605 -0.792424
0.201443 -0.290542 -1.285185 -0.623888 -0.063474 -0.531975 -0.304235 -0.437552 0.653044 -0.462782
-0.127979 -0.240981 -1.424694 -0.455327 -0.086642 -0.477054 -0.668844 0.039716 0.715566 -0.583269
0.075169 -1.387530 -0.607431 -0.158698 -0.275619 -0.741223 0.475531 -0.488758 -0.168037 -0.088529
0.599528 0.051920 -1.601586 -0.934210 0.347714 0.106250 -1.268914 0.607202 0.629434 -0.052378
-0.524367 -0.205044 -0.409094 -0.198716 0.375664 -0.540844 0.173786 -0.901072 0.053419 -0.350798
-0.140781 -0.065729 -0.949964 -0.143589 -0.310134 -0.932726 -0.230422 0.268995 0.114005 -0.493834
-0.096767 -0.681076 -0.716074 0.034350 -0.022879 -0.308207 -0.129614 0.170498 0.557342 -0.474544
-0.377695 -0.026545 -1.078315 -0.539835 -0.388165 -0.662415 0.100766 -0.242760 -0.375074 -0.624043
-0.764430 0.219917 -0.990248 -0.506876 0.089599 -0.642676 0.074403 0.744524 0.311005 -0.879309
-0.772459 -0.329904 -1.002316 -0.545781 0.699301 -0.550111 0.273005 0.488166 0.526424 -0.434607
-0.901061 0.179585 -1.105424 -0.683344 0.390450 -0.626273 0.545457 0.328235 -0.001157 -0.538380
-0.650966 0.105589 -1.701534 -0.857532 0.602674 -0.372423 -0.016281 0.537808 0.613544 -0.824588
-0.278124 -0.344177 -1.256771 -0.891056 0.321432 -0.063769 0.103323 -0.240947 0.333617 -0.459022
0.526337 -0.914923 -0.875229 -0.114491 0.119535 0.079245 -0.438998 -1.167025 -0.484316 -0.602060
0.032341 -0.560445 -0.376575 0.235999 0.618001 -0.240303 -0.768634 -1.004650 -0.263681 -0.068684
-0.220903 -0.192976 -1.437285 -0.991850 0.256392 -0.222397 -0.502524 0.081630 0.884238 -0.266554
-0.529851 -0.887493 -0.964116 -0.383513 0.396855 -0.705239 -0.006865 0.147404 -0.090106 -1.017132
0.366908 -0.382024 -0.955726 -0.366555 0.352280 -0.034317 -0.943935 -0.742452 0.198700 -0.798327
0.003036 -0.320926 -0.489211 -0.517495 -0.119937 -0.868459 -0.159982 0.027913 0.390002 -0.867048
-0.067683 -0.604831 -0.857243 -0.539015 -0.127044 -0.295717 0.037727 -0.031139 0.782265 -0.610240
-0.086138 -0.860711 -1.160303 0.049169 0.323547 -0.367867 0.555913 -0.211843 -0.160543 -0.366401
-0.295611 -0.317879 -1.887765 -0.297207 0.395228 0.102290 -0.835801 0.375325 0.011517 -0.133811
-1.131882 -0.245520 -0.634013 -0.840305 -0.037194 0.042673 0.163197 -0.310211 0.718742 -0.383076
-0.454325 0.014216 -1.650813 -0.263702 0.115265 -0.105689 -0.329305 0.757514 0.827317 -0.488975
-0.476341 -0.508691 -0.997142 -0.312578 0.508417 -0.133178 -0.291723 0.151390 0.613845 -0.280788
-0.139954 -0.197876 -1.100896 -0.499352 0.318510 0.368741 -1.101252 0.811902 0.741780 -0.093931
-0.622740 0.357593 -1.334627 -0.854891 0.436303 0.224902 -0.336222 0.878528 0.381286 -0.302760
-0.218828 -0.809961 -0.342964 -0.367009 0.181585 -0.863287 0.328690 -0.768580 -0.218207 -1.000788
-0.614951 -0.422704 -0.931435 -0.815030 0.567756 0.298991 -0.454123 -0.091344 0.692110 -0.249683
0.511812 -0.842414 -1.512728 -0.875455 -0.205717 -0.182196 -0.339374 -0.248847 1.312292 0.168976
-0.706330 -0.203705 -1.317991 -0.609218 0.152058 0.362631 -0.604445 0.571045 0.735385 0.043316
0.779589 -0.783366 -0.161952 0.575945 0.623102 0.175825 -0.663387 -0.744893 -0.855492 -0.226691
-0.875316 0.128342 -1.078033 -0.717373 -0.414882 -0.702453 -0.551397 -0.006557 -0.064822 -0.657775
0.205922 -0.484957 -1.519321 -0.947532 0.509283 0.032643 -0.061872 -0.065275 0.578337 -0.107623
-0.063335 -0.062394 -0.876311 -0.343064 0.820539 0.003785 -0.939575 0.626525 0.035478 -0.247891
0.542641 -0.774919 -1.088536 -0.225245 0.362989 0.194289 -0.624541 0.003190 -0.353840 -0.766680
-0.525119 0.078004 0.563304 -0.168940 0.761359 -0.081838 0.170554 -0.543562 -0.195505 0.153991
-0.355317 -0.247215 -0.044894 -0.065796 0.627144 -0.379518 0.536450 -0.186127 -0.142297 -0.196671
-0.238938 -0.091155 -0.128144 0.125529 -0.047555 -0.763500 -0.422536 -0.314230 0.215271 -0.084939
0.432286 -0.548259 -0.398587 0.008258 0.138456 0.095265 -0.924307 -0.642238 -0.171882 -0.300509
-0.075306 -0.397132 -0.994814 -0.359348 -0.211325 -0.008458 -0.561257 1.066236 0.640600 -0.257843
-0.770001 -0.391403 -0.276588 -0.805628 0.408414 0.132946 -0.211108 -0.733366 0.314945 -0.149874
0.191878 -1.350905 0.046640 0.275016 0.908253 -0.584080 0.142695 -0.679883 0.110561 -0.256478
-0.297651 0.373745 -1.150157 -0.893216 0.823511 0.400429 -0.230599 0.657190 1.441689 -0.707363
-0.924502 -0.302394 -0.939575 -0.867105 -0.074391 0.104570 0.298687 -0.522949 0.587121 -0.681303
0.108330 -0.181593 -1.022448 -0.021739 0.586824 -0.602824 -0.429958 0.472651 0.112787 -0.173934
-0.591651 -0.465636 0.032019 -0.622411 0.371358 -0.123491 -0.170056 -1.014065 0.079635 -0.120920
-0.100473 0.082792 -1.650878 -0.980327 -0.114526 -0.150315 -0.611894 -0.292894 0.631340 -0.338736
0.146617 -0.253432 -1.032318 -0.525637 0.363988 0.507477 -0.349163 0.653986 0.278390 -0.434208
-0.165620 -0.749458 -1.275652 -0.451738 0.311242 -0.399562 0.423564 -0.170177 0.585214 -0.980977
0.469174 -0.856264 -1.693517 -0.104192 0.240038 0.431366 -0.546595 0.255892 0.630581 -0.654450
-0.675047 -0.327302 -1.317625 -0.667987 0.941926 0.142492 0.386903 0.541436 0.282781 -0.263911
-0.547962 -0.288221 -1.152637 -0.958575 1.055484 -0.812775 0.239940 0.327204 -0.001243 -0.495321
0.349594 -0.943077 -0.975954 0.000017 0.202492 0.118669 -0.905177 0.271340 -0.500915 -0.517109
-0.814965 0.185921 -0.926906 -0.406567 0.263060 -0.239175 0.285417 0.438326 -0.133577 -0.525171
-0.431589 -1.130124 -0.986996 -0.052335 0.147279 -0.026887 -0.173152 -0.124390 0.984903 0.071523
-0.075105 -0.663376 -0.561699 -0.199999 0.693516 -0.295356 -0.168619 0.447259 0.260648 -0.670999
-0.245737 -0.777349 -1.069576 -0.449500 0.491447 -0.458974 -0.441506 0.534494 0.164327 -0.646206
0.877605 -0.569212 -1.200020 -0.059542 -0.199513 -0.491466 -0.694985 0.567968 0.339652 -0.703648
-0.177806 0.197633 -0.839320 -0.223404 0.075322 0.360151 -0.344254 -0.468598 -0.637060 -0.332083
-0.367286 -0.544857 -0.564447 0.116049 0.480775 -0.453309 -0.712909 0.298638 -0.153302 -0.369877
-1.085550 -0.461619 -0.684897 -0.232571 0.631219 -0.496208 0.096128 0.785060 0.065946 -0.823039
-0.032565 -0.406707 -1.495679 -0.243808 0.678057 -0.023647 -0.124669 -0.314932 -0.214629 -0.652231
-0.531406 -0.124348 -0.532020 0.012274 0.308572 0.538211 -0.491798 0.688019 1.138462 -0.403373
1.019091 -0.271224 -0.268787 -0.432520 0.991629 0.294256 -0.769619 -1.056812 -0.463500 0.111603
-0.661657 -0.491013 -0.927202 -0.299416 0.393685 -0.162611 -0.593781 0.408667 -0.025071 -0.425048
0.096851 -0.217061 -0.968779 -0.268663 0.443107 -0.368738 -0.623333 1.072830 0.138687 -0.630883
0.023972 -0.457633 -1.158668 -0.332391 1.166718 -0.013986 -0.480716 -0.130076 -0.059409 -0.637009
-0.980120 -0.242519 -1.390304 -0.447479 -0.312080 0.191265 -0.162662 -0.806229 0.487601 -0.766831
-0.032367 -0.428847 -0.623877 -0.573592 0.471841 -0.707956 0.912838 -0.399296 0.083236 -0.435458
-0.165918 0.160549 -0.979684 -0.709832 0.547146 -0.530886 -0.453182 0.464609 0.652570 -0.355390
0.174481 0.365079 -1.582658 -0.468389 0.694906 0.220833 -0.062130 0.702535 -0.275132 -0.438966
-0.136103 0.256563 -1.273435 -1.044067 0.274813 0.164112 0.383054 0.021961 0.142086 -0.052881
-0.290527 -0.021418 -1.120704 -0.443480 0.466677 -0.563208 0.272114 0.499451 0.363249 -0.149616
0.157299 -0.571919 -1.177395 0.443224 0.323240 -0.241331 -0.352431 0.879236 0.218744 -0.139602
-0.371180 0.201786 -1.275211 -0.799023 0.173831 0.189004 0.253371 0.278899 0.294681 -0.563723
-0.812374 0.457436 -1.076827 -0.797471 0.731099 -0.392027 0.339757 0.316315 0.636931 -0.325478
-0.141405 0.188148 -1.038913 -0.490755 0.394962 0.120357 0.144374 0.219668 0.212294 -0.375573
0.142502 -0.032482 -0.777204 -0.330901 0.469700 0.083911 0.270211 -0.001675 -0.181612 -0.419436
0.175757 -0.793526 -0.837638 -1.021067 0.458327 0.362767 -0.422260 0.005574 1.225138 -0.555352
-0.317754 -0.233436 -1.033513 -0.054194 0.630172 0.470100 -0.219458 0.460661 0.007092 -0.607522
-0.650247 0.428800 -1.226920 -0.340504 0.610905 -0.271993 0.211451 0.776497 0.335097 -0.412625
-0.536167 0.191860 -0.707547 -0.567289 1.219365 -0.106475 0.244611 0.366336 0.754935 -0.745145
-0.626017 0.068565 -1.305710 -0.375611 -0.158970 -0.303662 -0.312047 0.725898 0.072430 -0.476946
-0.433942 -0.214521 -1.593413 -0.482160 0.148930 -0.363604 -0.011045 0.694829 0.290186 -0.986229
-0.691544 -0.258628 -0.628310 -0.490169 -0.148675 0.035809 -0.226527 0.279777 0.892232 -0.003579
-0.063382 -0.843667 -1.340575 -0.317834 0.293725 -0.315344 -0.194778 0.927578 0.044940 -0.488594
-0.568943 -0.487521 -1.267056 -0.834971 0.483207 0.028883 -0.214640 0.423606 0.274556 -0.534956
0.497291 -0.988930 -0.754814 -0.485602 0.758707 -0.386399 -0.184244 0.152056 -0.099036 -0.251318
0.028898 -0.307079 -0.939387 -1.243773 0.764234 0.387429 -1.183125 0.627578 0.702040 -0.845750
-0.611872 -0.533164 -0.906905 -1.395492 0.877070 0.625903 -0.552046 0.642571 0.523072 -0.717603
0.305908 -0.668322 -0.720094 -0.693039 0.414639 0.408948 -0.371158 -0.418502 0.082103 -0.587782
-0.477137 -0.580871 -0.280789 -0.796839 0.515594 -0.803786 0.244407 -0.372353 -0.019870 -0.297789
1.122359 -0.960697 -0.610233 -0.135458 -0.285072 -0.867895 0.339551 -1.201815 -0.634388 -0.480570
0.143386 -0.604873 -0.996085 -0.851195 0.809066 -0.043808 -0.722490 0.380780 0.631420 -0.227793
-0.372145 -0.121301 -1.012496 -0.661379 1.321715 -0.058987 -0.519951 0.862588 0.287209 -0.153575
-0.319787 -1.675288 -0.855608 0.561800 0.161669 -0.733763 0.045629 -0.567792 -0.477985 -0.648248
-0.674047 -0.208050 -0.714275 -1.082888 0.877830 -0.126376 0.286851 0.965987 0.721160 -0.253157
-0.143215 -0.404814 -1.296440 -0.284083 0.478333 -0.774592 0.055682 0.597750 0.018165 -0.807573
-0.530794 -0.681578 -0.733284 0.224421 -0.155940 -0.635797 -0.163440 0.946519 -0.124967 -1.126199
-0.313687 -0.015111 -0.905887 -0.825734 0.520754 0.418436 -0.328496 0.711626 0.374200 -0.340031
-0.614085 -1.040899 -0.872700 -0.089501 0.577110 -0.435162 -0.160910 0.578845 0.934685 -0.523574
0.289283 -0.584786 -0.617405 -0.743090 -0.706610 -0.740315 -0.953628 -0.635756 0.718129 0.026636
-0.070295 0.247103 -1.030313 -0.313580 -0.301264 -0.896756 -0.101584 0.173724 0.172266 -0.077880
0.983409 -0.282030 -1.481414 -0.682495 -0.656613 0.297408 -1.379049 -0.126185 0.477110 0.267951
0.697242 -0.383811 -1.645300 -0.257494 -0.412030 0.115865 -0.691238 0.085825 0.431326 -0.179796
0.952825 -0.232514 -1.426103 -0.312357 -0.119984 0.386570 -0.919657 0.519385 0.718221 0.243784
1.088217 -0.435166 -1.412911 -0.187197 -0.397523 0.576562 -0.921020 0.303640 0.707758 0.391806
0.329904 -1.213562 -1.313596 0.146626 -0.083681 -0.054655 -0.220965 0.773465 0.267103 0.046412
0.918025 -0.714737 -1.863904 -0.508471 0.183822 0.309288 -1.319480 0.033937 -0.017654 -0.392957
0.396108 -0.689883 -1.161004 0.131592 0.386971 0.216132 -0.599793 -0.489088 0.406107 -0.668398
1.144202 -0.615122 -1.156786 -0.060410 0.027313 0.026852 -1.032639 1.051752 0.957515 0.708670
0.553550 -0.852288 -0.784338 -0.330681 0.253784 0.160565 -0.676588 1.156718 0.930052 0.540274
1.137868 -0.281112 -1.550153 -0.251511 -0.172785 0.079098 -0.647177 0.348405 0.248438 0.139287
0.796308 -0.207053 -1.487807 -0.543234 -0.278381 0.236989 -0.832287 0.304501 0.379946 0.226329
0.867672 -0.591020 -1.187802 0.073991 -0.172400 0.268280 -0.634669 0.414756 0.624469 0.077997
0.824683 -0.442978 -1.274427 -0.361436 -0.311497 0.006090 -1.208621 0.026205 0.278160 0.044941
0.562044 -0.677171 -0.452957 -0.404070 0.020792 0.034522 -0.776528 0.350573 0.092922 0.234151
0.859477 -0.279221 -1.086228 -0.484319 -0.114056 0.325200 -1.084273 0.438217 0.541340 0.009279
0.834572 -0.335782 -1.425152 -0.326551 -0.278607 0.200324 -0.921899 0.044168 0.380579 -0.011342
0.725014 -0.370817 -1.176615 -0.287983 -0.398133 0.093995 -1.143605 0.170401 0.411851 -0.068300
0.728346 -0.278124 -1.284623 -0.413753 -0.401451 0.173293 -1.182110 0.179157 0.377319 0.015981
0.670419 -0.279367 -1.508510 -0.350168 0.111414 0.160845 -0.845067 0.761489 0.791151 0.162171
1.260061 -0.989795 -1.841135 -0.133293 -0.616797 0.181425 -0.625590 -0.242302 0.919180 0.393754
0.780843 -0.086311 -1.241554 -0.554619 -0.349346 0.349920 -1.176300 0.204051 0.354185 0.077824
0.432367 -0.381540 -1.679269 -0.097408 -0.316604 -0.215880 -0.850524 0.277997 0.435096 -0.511729
0.935171 -0.321561 -1.531066 -0.433091 -0.358137 0.325044 -0.837007 0.130875 0.424727 0.226131
0.638595 -0.689244 -1.311370 -0.376129 -0.782255 -0.051262 -0.615067 -0.100072 0.042818 0.283994
0.139774 -0.674870 -1.429423 -0.828627 0.330015 0.729048 -1.235603 0.286769 -0.093028 -0.194004
1.088167 -0.286367 -1.705409 -0.336323 -0.199006 0.160341 -0.709146 0.636678 0.817787 0.103059
1.032532 -0.367401 -1.767458 -0.306486 -0.073290 0.387805 -0.885243 0.641454 0.445647 0.298649
1.065568 -0.057028 -1.583384 -0.445560 0.134249 0.282279 -0.766616 0.670892 1.046494 0.229071
1.032905 -0.268210 -1.308251 -0.181489 0.270493 0.234033 -0.780219 0.883750 1.151342 0.109760
0.979877 -0.724605 -1.567242 -0.193884 -0.625026 0.166716 -0.642494 0.020559 0.305295 0.258129
0.896964 -0.600234 -1.406975 -0.172795 -0.313396 0.561588 -0.699035 -0.223135 0.507018 -0.402724
1.326115 -0.617852 -1.459684 -0.161143 0.237171 0.400879 -0.979319 0.561547 0.302991 0.286400
1.011292 -0.367160 -1.567993 -0.332458 -0.147041 0.460612 -0.986977 0.489456 0.622546 0.235678
0.825237 -0.168977 -1.825453 -0.560181 0.094159 0.286955 -0.611388 0.336705 0.446287 -0.114701
0.535975 -0.532612 -1.073447 -0.704740 0.074354 -0.079471 -1.247059 0.369960 0.874545 -0.642461
0.776709 -0.728887 -1.699221 0.095783 -0.535787 0.054684 -0.720859 -0.281948 -0.265905 -0.925826
0.900907 -0.604779 -1.108635 -0.151451 -0.432126 0.407107 -0.752106 0.265080 0.339264 0.113850
0.952148 -0.590143 -1.624622 -0.321586 -0.400318 0.496373 -0.549921 -0.019439 0.365685 0.514254
0.845992 -0.306749 -1.590488 -0.486592 -0.323576 0.069319 -0.642605 0.089376 0.365367 0.228673
0.985581 -0.185642 -1.563575 -0.302358 -0.114212 0.340590 -0.868302 0.416672 0.850919 0.169125
0.871686 -0.525898 -1.361740 -0.258440 -0.424090 0.322107 -0.806691 0.133291 0.416565 0.157643
0.976072 -0.545984 -1.500908 -0.417472 -0.132726 0.294777 -1.442966 -0.751287 0.743311 -0.294606
1.159413 -0.704011 -1.373913 -0.393487 0.008037 0.435652 -0.989740 0.625022 0.630701 0.292957
0.781835 -0.333555 -1.392733 -0.339580 -0.469107 0.578920 -0.597817 0.119906 0.220859 0.472475
0.933731 -0.394176 -1.306323 -0.357994 -0.304137 0.746582 -1.035697 0.500925 0.415333 0.144392
1.166115 -0.577112 -1.135280 0.081732 0.510903 0.240724 -0.783997 1.100394 0.710060 0.182929
0.946428 -0.498735 -1.647537 -0.494358 -0.424970 0.459563 -0.590351 0.103026 0.196356 0.226180
0.689137 -0.100541 -1.483292 -0.621242 -0.198378 0.163269 -0.748943 -1.389907 0.166681 -0.893291
1.096509 -0.563776 -1.672440 -0.091896 -0.128501 0.508782 -0.291041 0.023952 0.438978 0.757689
