-0.370275 -0.983657 -0.621823 -0.270836 0.612419 0.290366 -0.672116 0.095652 0.691605 -0.392524
-0.666381 -0.180207 -0.942546 -0.252926 0.023750 -0.833789 0.301711 0.369966 0.505886 -0.832259
0.263320 -0.542632 -1.039510 -0.470453 0.379483 -0.130387 -0.552513 0.349852 -0.186594 -0.302472
-0.725696 -0.219700 -0.554032 -0.034642 1.181080 -0.093515 0.358145 0.460234 -0.274447 -0.094315
-0.928117 -0.479983 -1.358317 -1.156130 0.201292 0.173542 -0.391659 -0.176175 -0.420964 -1.037070
-0.278387 -0.088994 -1.643412 -0.966428 0.900680 0.050936 0.152525 0.357769 0.702551 -0.535070
0.351022 -0.337230 -1.619526 -0.481008 0.554523 -0.300820 -0.386421 0.370648 -0.173477 -0.294381
-0.146278 -0.433688 -1.662692 -0.357366 0.424932 -0.474060 -0.652148 0.528528 0.103390 -0.564968
-0.612768 -0.169130 -0.804075 0.145983 -0.205083 0.334287 -0.532630 0.874440 0.801545 -0.888535
-0.785509 0.343405 -1.134477 -0.886083 1.094390 -0.436952 0.190964 0.375756 0.359408 -0.248116
0.137064 -0.265693 -1.521267 -1.236404 0.410213 0.058008 0.287481 0.013370 0.544216 -0.425104
-0.780359 -0.245765 -1.173814 -0.643821 0.339942 -0.390984 0.115248 0.409216 0.541424 -0.480240
0.303492 -0.167761 -1.671098 -0.323899 0.204651 -0.655857 0.153213 0.525564 0.144680 -0.212063
0.552892 -0.752943 -0.791398 0.433192 -0.163763 -0.419246 -0.843410 0.546876 -0.298814 -0.608626
0.439216 -0.692595 0.415153 -0.573241 0.557753 0.052137 -0.567756 -0.380853 0.290509 0.244437
-0.022977 -0.344020 -0.474598 0.430619 0.399365 0.020172 -0.357775 0.172835 -0.190755 0.057072
0.146453 0.229642 -1.127027 -0.039544 0.841697 -0.162162 -0.509068 0.453594 -0.282579 -0.868162
-0.387616 -0.821986 -0.499648 -0.042116 1.054249 -0.164849 -0.281126 0.776464 0.061740 0.365080
-0.938288 -0.454496 -1.050483 -0.413923 0.373168 -0.395085 0.530063 0.378748 0.165233 -0.983276
-0.697391 -0.025951 -0.706574 -0.277666 -0.099427 -0.206074 -0.015866 0.467023 0.508714 -0.334490
-0.068965 -0.631434 -0.832082 -0.002014 1.001736 -0.620483 -0.253759 0.881291 0.146154 -0.707250
0.286799 -0.840668 -0.374575 0.005903 0.757547 -0.371873 -0.239381 0.127884 -0.011270 -0.140749
0.626413 -0.554185 -0.727183 0.023665 0.409267 0.324663 -0.194685 0.010528 -0.702768 -0.258673
0.245806 -1.290872 -0.913803 0.133498 0.082924 -0.886027 0.190000 1.102111 0.209579 -0.886633
-0.463139 -0.285361 -0.366514 0.420011 -0.216425 0.309384 -0.085893 0.173741 0.211750 -0.395254
-0.447079 -0.266963 -1.800585 -1.405231 0.537648 0.307051 -0.336230 0.018326 0.239579 -0.269323
-0.070257 -0.238765 -1.232188 0.008083 0.008174 -0.446640 0.243683 0.218709 0.561722 -0.430721
-0.790398 -0.489106 -0.634366 -0.089854 0.572417 0.471992 -0.100225 0.784882 0.032102 -0.347935
-0.133588 -0.546802 -0.609829 -0.004216 0.675043 -0.323230 -0.236780 0.355417 -0.513210 -0.515698
-0.551569 -0.551929 -1.171933 -0.014412 -0.015056 -0.594716 -0.469257 0.731258 0.331650 -1.011793
0.021163 -0.549966 -1.014174 -0.303582 0.451835 -0.174316 -0.042339 0.711795 -0.447464 -0.073569
-0.023025 -0.330795 -0.385933 -0.182697 1.153097 0.487456 -0.777853 0.276025 0.251603 -0.144307
0.107579 0.374700 -0.267334 -0.636616 1.588878 0.113741 -0.174786 -0.266004 0.813611 -0.003035
-0.382586 0.186326 -0.051631 -0.551796 1.159838 0.334792 -0.140750 -0.221023 0.323257 -0.104867
-0.444988 0.624474 -1.037992 -0.386707 0.890937 0.164231 -0.217223 0.481616 0.555578 -0.702660
-0.197982 -0.381811 -0.294747 -0.632896 0.613197 -0.637442 -0.296249 -0.418394 0.260509 -0.230530
-0.298531 -0.437601 0.336812 -0.170652 0.826865 -0.570662 0.077028 -0.168660 0.500475 -0.246605
-0.382363 0.464245 -0.790420 -0.899029 0.654125 -0.491704 -0.464201 -0.119514 -0.308776 0.058089
0.744355 -1.029017 -0.783952 -0.004942 0.212989 -0.050432 0.546609 -0.441213 -0.597396 -1.440510
-0.616250 -0.361350 -0.829500 -0.524789 0.078863 -0.562365 -0.508594 -0.065384 0.631038 -0.365662
-0.347209 -0.883294 -0.752024 -0.517057 0.800888 0.189812 -0.205731 -0.848833 0.526213 -0.480979
-0.129292 -0.108043 -0.841252 -0.298305 1.125745 0.042168 -0.257439 -0.193837 0.412014 -0.547501
-0.134509 -0.641878 -0.821112 -0.561388 1.133901 0.131810 0.202213 0.131172 0.538839 -0.540109
-0.177606 -0.099636 -0.303300 -0.123902 0.695404 0.278541 -0.603412 0.515065 0.626993 -0.311443
-0.090442 0.001405 -0.071352 -0.652917 1.127075 0.190679 -0.229126 0.079988 0.432991 0.218907
-0.421898 -0.672775 -0.506108 -0.300883 0.536124 -0.626185 0.234146 0.135769 0.132357 -0.660298
-0.341070 -0.838748 -1.311202 0.145386 0.055761 0.143683 0.075548 0.662128 0.403210 -0.780515
-0.447904 -1.155638 -0.719332 0.366292 0.353459 -0.950666 0.356088 0.444975 0.229671 -0.207397
-0.612604 -0.304251 -1.146861 -0.679258 0.267499 -0.157310 -0.257766 0.577156 0.273434 0.212978
-0.177614 0.402408 -0.796089 -0.886743 0.779163 0.305708 -0.579723 1.182888 0.904052 -0.064506
0.216018 -0.623441 -0.830746 -0.164199 0.208797 -0.218073 -0.824583 0.042186 0.551324 -0.096729
-0.117636 -0.127016 -0.900912 -0.685008 0.829736 -0.377399 -0.458006 -0.600217 -0.437184 -0.389382
0.034637 -1.052266 -1.234949 -0.725807 0.277496 0.059835 0.217492 -0.865499 -0.621463 -0.721263
-0.510221 -0.399164 -1.308758 -0.664171 0.020908 -0.148317 0.372336 0.100377 -0.299471 -0.661129
-0.075373 -0.132697 -0.631986 -0.327516 0.979136 -0.590187 -0.233508 -0.082425 -0.218302 -0.616989
-0.038357 -0.548379 -0.151732 0.168437 0.775110 -0.211856 -0.064858 -0.134544 0.056721 -0.191927
-0.076403 -0.945968 -0.631701 0.004492 0.669360 -0.259260 -0.836373 0.748998 0.557423 -0.428958
-0.211475 -0.834420 -1.044899 0.178621 0.041232 -0.284149 -0.912504 -0.014164 -0.273719 -0.411831
-0.593911 -0.070877 -1.370450 -0.960283 0.624986 0.023321 -0.132320 0.386765 0.550895 -0.534393
-0.225974 -0.382550 -1.167560 -0.835698 0.441544 0.117891 -0.343126 -0.214475 0.137061 -0.531532
-0.108610 -1.092620 -0.482520 -0.015896 0.934408 -0.364798 0.266105 0.053781 -0.276639 0.019961
0.361430 -0.438906 -1.318584 -0.310981 -0.098795 0.304197 -0.794877 -0.431685 0.065932 0.012099
-0.065728 -0.171293 -0.400710 -0.581529 1.152887 -0.386837 -0.577558 -0.783172 -0.023489 -0.104814
-0.205457 0.260477 -0.655066 -0.471168 0.848476 0.031150 -0.098086 0.640386 0.783151 -0.689211
-0.527202 -0.464292 -1.163918 -0.400882 -0.609058 -0.489213 0.399716 -0.521258 -0.010580 -1.056519
-0.061009 -1.008371 -0.616438 0.148396 0.008068 -0.693246 -0.472362 -0.701906 0.465708 -0.637293
-0.572248 -1.106953 -0.741120 -0.735388 1.330403 -0.238658 -0.332880 0.653089 0.351578 -0.690076
-0.359024 -0.301452 -1.587368 -0.388986 0.236030 0.222304 0.021631 -0.379200 -0.148946 -0.942175
0.352436 -0.832118 -1.215342 0.137677 0.166834 -0.649797 -0.083826 -0.398577 -0.548401 -0.839523
0.071505 -1.263891 -1.130783 -0.354796 0.368709 -0.166372 -0.060710 0.395112 -0.002892 -0.384174
-0.570617 0.508679 -1.199826 -0.795650 0.200201 -0.361380 -0.005946 0.131297 0.135917 -0.581986
-0.433001 -0.553181 -0.220889 0.522918 -0.123362 -1.221852 -0.413998 0.037033 0.104955 -0.902241
-0.626455 -0.026739 -1.519520 -0.831259 0.880016 -0.035219 -0.101547 0.598785 0.826524 -0.403078
-0.577911 -0.317394 -1.046723 -0.350741 0.637375 -0.161213 0.082392 1.080529 0.691892 -0.782779
-0.146278 -0.433688 -1.662692 -0.357366 0.424932 -0.474060 -0.652148 0.528528 0.103390 -0.564968
0.095430 -0.245457 -1.196521 -0.892186 0.686613 -0.128867 -0.244331 -0.366100 0.790608 -0.153018
0.095455 -0.071220 -1.253151 -0.783077 0.518168 0.024170 -0.268745 0.070395 0.809902 -0.184717
-0.496625 -0.030635 -0.968005 -0.678047 0.762381 -0.178309 0.360031 -0.098334 0.232075 -0.333441
-0.311951 -0.228595 -1.585862 -0.543449 0.356364 0.228709 0.287718 0.319296 0.571757 -0.732781
-0.560912 -0.124233 -0.589514 0.085704 0.227941 -0.493644 0.567118 -0.068185 0.243660 -0.980920
-0.142023 -0.148325 -1.434376 -0.578740 0.684114 -0.103881 -0.188696 0.221237 0.701906 -0.617281
0.037703 -0.269283 -1.952837 0.043127 -0.642890 -0.858308 -0.312582 0.521566 0.069881 -1.015952
0.238309 -1.054237 -0.682912 0.031343 -0.280091 -0.379072 -0.499456 -0.236154 0.771890 -0.963122
0.224542 -0.626321 -0.623004 -0.155010 0.323997 -0.467935 -0.500740 -0.186650 0.877977 -0.486441
0.290066 -0.365212 -0.944057 -0.147919 0.248572 -0.494881 -0.477155 0.098817 -1.007586 -0.915932
-0.058087 -0.639849 -0.842609 -0.315852 -0.245899 -0.214248 -1.127740 -0.127151 -0.321932 -0.224820
-0.121738 -0.618447 -0.687526 -0.529449 0.183050 -0.164807 -0.365341 -0.684305 0.519274 -0.117052
-0.192176 -0.306370 -0.652371 -0.197165 0.793338 -0.256614 -0.354616 0.853235 0.673163 -0.001249
-0.465625 -0.248425 -1.375384 -0.449490 0.290349 -1.015840 0.591479 0.401330 0.139124 -0.860073
-0.252275 -0.374375 -1.118879 -0.234436 0.349855 -0.790984 -0.004442 -0.878595 0.118445 -1.104692
0.117511 -0.646552 -1.387117 -0.955058 0.268305 0.426077 -0.435759 -0.385430 0.124304 -0.166554
-0.238881 -0.303197 -0.797941 -0.552801 0.542545 -0.035024 -0.202866 -0.906748 -0.936618 -0.372288
0.426715 -0.422799 0.450535 -0.429730 1.023666 -0.309038 0.111994 -1.144442 -0.295970 0.081317
0.951928 -1.626338 -1.021095 0.451904 0.222668 -0.479007 -0.010709 -0.602251 0.036745 -0.512773
0.278413 -0.487758 -1.431897 -0.413168 0.365807 -0.047375 -0.285078 -0.523094 0.464253 -0.105183
-0.094328 0.055465 -1.116713 -0.622662 0.544908 0.405016 -0.655576 -0.035204 0.554711 -0.310804
-0.392428 -0.164605 -0.975400 -0.456823 0.732978 0.075096 -0.216025 0.528128 -0.153131 -0.417851
-0.274841 0.230827 -0.837019 -0.417080 0.576720 -0.123738 -0.066306 0.610457 0.589420 -0.786347
-0.411639 -0.300938 -1.732895 -0.953074 0.704179 0.597668 -0.621821 0.720886 0.464458 -0.301985
-0.292641 -0.562287 -1.078139 0.358949 0.636205 0.073505 -0.218333 0.674353 -0.292892 -0.959746
0.688282 -1.034801 -0.716433 0.075304 -0.139006 -0.499418 -0.289581 -1.231345 -0.144789 0.071964
0.099120 1.097029 -0.761311 -0.822942 1.483638 0.605271 -0.584105 0.542556 0.719297 -0.134616
0.213402 -0.294677 -1.062370 -0.365640 0.821301 0.004602 -0.054462 0.435175 -0.328455 -0.593878
-0.177724 -0.420311 -1.628648 -0.825434 -0.045386 0.153891 -0.416645 0.140977 0.816170 -0.072207
-0.122830 -0.270591 -1.178249 -0.794209 0.237422 -0.282319 -0.573458 -0.149047 0.964898 -0.273358
-0.616250 -0.361350 -0.829500 -0.524789 0.078863 -0.562365 -0.508594 -0.065384 0.631038 -0.365662
0.218908 -1.354843 -0.724521 0.090865 0.752554 -0.640727 0.233190 -0.520065 0.123139 -0.490947
-0.059284 -1.107688 -0.909326 -0.263109 0.452165 -0.658712 0.139835 0.274943 0.171746 -0.842729
-0.318392 -0.294066 -0.867937 -0.998568 0.722576 0.024558 0.212826 -0.273520 0.475579 -0.475408
-0.198938 0.248944 -0.348456 -0.856938 1.362592 0.086240 -0.056047 0.034534 0.052770 -0.097910
0.070420 -0.528697 -0.434826 -0.204992 0.478230 -0.009104 0.419135 -1.037525 -0.729385 -0.714184
-0.462726 -0.300337 -0.744918 -0.409812 0.629889 -0.796558 -0.175862 0.068606 0.178928 -0.290164
0.362549 -0.738155 -1.131678 -0.543866 0.049583 0.334718 -0.001809 -0.651965 0.610165 -0.717506
-0.302462 -1.000658 -0.395595 -0.229723 0.545961 -0.461781 0.657081 -0.221454 -0.201456 -0.443431
-0.413266 -0.337795 -0.037394 -0.206964 0.375466 -0.165811 0.125902 0.203447 0.189113 0.251516
-0.537871 -0.142458 -0.451346 -0.383691 0.116829 0.021039 0.078796 -0.539868 -0.043334 0.016802
-0.342852 -0.486692 -0.051330 0.008532 0.164500 -0.320765 -0.047007 0.298199 -0.312990 0.398265
-0.203691 -0.593589 -1.159295 -0.219946 0.514779 0.156682 -0.137590 -0.208302 -0.176076 -1.030706
0.174757 -0.488039 -0.914159 -0.513394 0.383427 0.274298 -0.031105 -0.750550 0.455694 -0.481638
0.262360 -0.959107 -0.995403 -0.047640 0.833513 0.031081 -0.655195 -0.679501 -0.687773 -0.034372
-0.357857 -0.384315 -0.705576 -0.652364 0.899957 0.104469 0.040068 -0.464136 -0.393813 0.020287
0.052896 -0.902506 -0.919252 -0.146463 0.704465 -0.181502 -0.239482 0.108185 -0.316318 -0.480799
0.113515 -0.180205 -1.257736 -1.007932 0.856029 -0.012268 -1.028274 -0.944524 0.429886 0.161453
0.273442 -0.104987 -0.347584 -0.400237 0.876678 -0.371596 -0.720533 -1.323918 -0.665244 0.053269
-0.225974 -0.382550 -1.167560 -0.835698 0.441544 0.117891 -0.343126 -0.214475 0.137061 -0.531532
-0.518120 -0.050453 -0.938746 -0.763020 0.248603 0.182988 0.241395 -0.910827 -0.384343 -0.863224
-0.907810 -0.103687 -0.817049 -0.775976 0.885925 -0.171396 -0.234002 -0.724364 -0.119116 -0.052685
-0.559774 0.126948 -0.909813 -0.545215 0.890663 0.017131 -0.294308 -0.353568 0.030591 -0.248525
-0.049375 -0.003024 -0.309948 -0.493695 0.742636 0.325770 0.720820 -0.878373 -0.296946 -0.336030
0.433446 -0.221498 -1.381819 -0.759994 1.117459 -0.182269 0.248924 -1.084145 -0.133117 -0.658021
0.137120 -0.477787 -1.361066 0.185231 0.132557 0.127364 -0.021218 -0.516048 0.608533 -0.635331
-0.326914 -0.692496 -1.099007 -0.346380 0.309089 -0.616970 0.455321 -0.392441 0.484487 -0.885635
0.136343 -0.216504 -0.807612 0.241635 0.817066 -0.555147 -0.251053 0.055437 -0.076516 -0.812438
0.341018 -0.852186 0.011502 -0.273611 0.267361 -0.376982 -0.345788 -0.627452 -0.046410 -0.062621
-0.536172 -0.270553 -0.601684 -0.403763 0.768450 0.663062 -0.112756 0.678049 0.105615 -0.592445
-0.806544 -0.262111 -0.105146 -0.286054 0.448939 -0.228954 0.296955 -0.077486 0.116290 -0.333636
-0.806018 0.240088 -1.217443 -0.492710 0.003214 0.178660 -0.103748 0.586680 0.250731 -0.539595
0.226552 -0.835614 -1.315345 -0.403288 0.264078 -0.166113 -0.329739 -0.165823 0.133369 -0.071328
-0.570756 0.562704 -1.009758 -0.370303 0.467996 -0.103833 0.300663 0.879152 0.416209 -0.684029
0.150228 -0.147259 -1.077991 -0.692000 0.543208 -0.240031 -0.696708 0.974467 0.879162 0.152542
0.158499 0.477659 0.006236 -0.444079 0.979264 0.205008 -0.293389 -0.367674 -0.155158 -0.059084
-0.472445 -0.059721 -1.346186 -0.802300 0.587570 -0.392378 0.298235 0.065911 0.153912 -0.845325
-0.605023 0.046203 -0.860634 -0.100872 0.252078 0.063825 -0.404174 0.488908 -0.150529 -0.539506
-0.222317 -0.332067 -1.096509 -0.535544 0.671356 0.340576 -0.159764 -0.408176 -0.086245 -0.466473
-0.479190 -0.799534 -0.338698 -0.020334 0.982053 -0.228738 -0.308390 -0.378290 -0.623228 -0.326708
1.111773 -0.429572 -1.491604 0.043119 -0.203852 0.529918 -0.474059 0.563580 0.906672 0.796918
0.940097 -0.287584 -1.684974 -0.452638 -0.285810 0.390370 -0.840976 0.142693 0.537083 0.269574
1.005180 -0.530570 -1.553772 -0.472356 -0.082034 0.226041 -0.910633 -0.624043 0.715885 -0.233120
1.164066 -0.475432 -1.560301 -0.276053 -0.089750 0.287767 -0.993522 0.338863 0.477141 0.098004
0.959145 -0.281428 -1.521711 -0.306525 -0.013960 0.294394 -0.834633 0.621012 0.884015 0.201405
0.672234 -0.436534 -1.748712 -0.358909 -0.216571 0.339890 -0.733278 0.118002 0.432490 0.369960
1.183357 -0.357951 -1.330507 -0.287858 -0.243078 0.639119 -0.708256 0.586241 0.693220 0.430136
1.195634 -0.451764 -1.460836 -0.051811 -0.457831 0.497157 -0.769479 0.388573 0.760891 0.602167
1.012391 -0.382563 -1.484291 -0.327727 -0.412422 0.644500 -0.819529 0.405808 0.565417 0.444262
1.080882 -0.115091 -1.567708 -0.256837 -0.026184 0.315018 -0.722594 0.914388 1.082704 0.530922
0.898837 -0.453438 -1.423036 -0.432695 -0.464224 0.536494 -0.860789 0.128315 0.065061 0.245478
0.896915 -0.056349 -1.548783 -0.555356 0.098748 0.339460 -0.744978 0.693458 0.812564 0.307874
0.934953 -0.358514 -1.452214 -0.199373 -0.422830 0.443533 -0.949285 0.333028 0.526190 0.430932
1.156015 -0.616052 -1.451966 -0.235522 -0.260506 0.291431 -0.706412 0.400934 0.530866 0.608440
1.066600 -0.155665 -1.539752 -0.556010 -0.032006 0.818104 -0.660540 0.662156 0.716182 0.394611
0.977595 -0.313273 -1.281817 -0.359042 -0.229342 0.354149 -0.957431 0.249567 0.703903 0.013125
0.801612 -0.097411 -1.551314 -0.426987 -0.210540 0.183359 -0.843916 0.048330 0.494793 -0.145397
1.083691 -0.273522 -1.654427 -0.592248 -0.330870 0.401363 -0.768750 0.076344 0.292160 0.193496
0.988691 -0.186424 -1.594992 -0.302125 0.029773 0.428909 -0.734118 0.762900 0.978484 0.335203
0.885664 -0.282278 -1.319839 -0.399688 -0.325095 0.354492 -0.944748 0.301170 0.477138 0.146797
0.603132 -0.045645 -1.234643 -0.617171 -0.123785 0.169524 -1.452501 -0.047151 0.029527 -0.277960
0.831533 -0.064593 -1.455174 -0.518293 0.076706 0.281979 -0.681147 0.674148 0.897784 0.196871
0.719274 -0.383986 -1.543991 -0.394009 -0.268051 -0.041461 -0.717395 0.246182 0.433437 -0.282357
1.123288 -0.333981 -1.329941 -0.037075 -0.196017 0.392105 -0.874268 0.786684 0.761013 0.320041
0.849812 -0.468595 -1.211901 -0.174412 0.475073 0.224304 -1.065833 0.824435 0.356881 -0.020103
0.896915 -0.056349 -1.548783 -0.555356 0.098748 0.339460 -0.744978 0.693458 0.812564 0.307874
0.874050 -0.265600 -1.672655 -0.386518 -0.245522 0.132693 -0.610363 -0.120115 -0.059285 -0.089151
0.775973 -0.157060 -1.353090 -0.457081 -0.013710 0.068729 -0.867587 0.398996 0.543323 0.065427
1.007421 -0.274474 -1.582499 -0.445410 -0.006469 0.291578 -0.704754 0.449564 0.648101 0.118036
0.955323 -0.186316 -1.524347 -0.505312 -0.324960 0.314751 -0.905509 0.219106 0.522654 0.239153
1.050519 -0.298349 -1.543105 -0.311115 -0.317478 0.462290 -0.763544 0.322669 0.638162 0.371086
0.790289 -0.429662 -1.409629 -0.397469 -0.469497 0.197255 -1.012346 0.201836 0.510063 0.124807
1.259522 -0.290639 -1.448243 -0.055892 -0.074001 0.361495 -0.711332 0.730789 1.115967 0.470288
1.001788 -0.188558 -1.372811 -0.397017 -0.169222 0.328759 -0.947028 0.236253 0.696428 0.010428
1.290246 -0.419135 -1.234138 -0.242496 -0.186253 0.535078 -0.689767 0.147742 0.921550 0.233905
