-0.351253 -0.411234 -1.323888 -0.344503 0.710058 -0.519245 0.069437 0.548346 0.093429 -0.716177
-0.272851 -0.130446 -0.241563 -1.010955 0.916022 -0.871835 0.027354 -0.519079 -0.582206 0.527912
-0.849265 -0.064044 -1.102924 -0.863852 1.024725 -0.095882 -0.201601 0.292065 0.034356 -0.145871
-0.035135 -0.065065 -1.505448 -1.013430 0.287639 0.165274 -0.280815 0.295541 0.867128 -0.059212
-0.247816 -0.716607 -0.437206 0.273183 0.049407 -0.416584 -0.248179 0.126602 0.038052 -0.908604
-0.117452 -0.452498 -0.466411 -0.064971 0.007117 -0.387714 0.329924 0.016731 -0.190318 -0.836674
0.251855 -0.104531 -1.158407 -0.646210 0.617979 0.082174 -0.666662 0.099052 0.190662 -0.649339
0.669158 -0.410313 -0.949969 -0.008717 0.468401 -0.552306 -0.417470 0.594149 -0.149755 -0.687421
-0.356534 1.073993 -1.301836 -0.901446 0.877793 -0.028097 -0.221156 0.872916 0.387782 -0.501306
-0.088697 -0.075383 -1.445050 -0.210084 0.320813 -0.298871 -0.660089 -0.710739 0.007470 -0.637372
0.035671 -0.080415 -1.117953 0.113584 0.213762 -0.469574 -0.369937 1.014427 -0.199027 -0.835839
-0.237902 -0.207408 -1.020000 -0.008236 1.098410 0.013350 -0.501797 0.372454 0.602859 -0.899569
-0.805053 0.232945 -0.901176 -0.631133 0.566337 -0.435629 -0.397150 0.289361 0.206088 -0.538375
0.088612 -0.295595 -0.936208 -0.519113 1.189873 0.235044 -0.757523 0.478922 0.370430 -0.340616
0.107285 -0.147785 -1.340744 -0.211751 0.377748 0.089832 -1.039612 0.896889 -0.085599 -0.495702
-0.088086 -0.339696 -0.636946 -0.117963 0.956719 -0.409795 -0.133129 -0.009405 -0.448314 -0.616908
0.208291 -0.120488 -0.874057 -0.761438 0.772478 -0.279461 -0.405918 0.378042 -0.256042 -0.140544
0.107272 -0.118510 -1.058977 -0.298289 0.505972 0.632672 -0.632770 0.479521 -0.661250 -0.329289
0.311990 -0.408377 -0.830733 -0.149588 0.546142 -0.706896 -0.132960 -0.130452 -0.192510 -0.045066
0.230999 -0.254727 -0.396721 -0.237317 0.740220 -0.794979 -0.291070 -0.078961 -1.221291 -0.575522
-0.797690 -0.821561 -0.890536 -0.136186 0.434812 0.385611 -0.129440 -0.954207 0.490499 -0.263539
-0.459579 -0.893607 -1.236598 -0.463549 0.869512 -0.028737 0.162153 -0.636607 0.171531 -0.998230
0.472306 -0.334037 -1.134709 -0.447702 0.326629 -0.277596 -0.810369 0.035835 0.225536 -0.372879
-0.233471 0.522928 -1.116647 -0.744401 0.932473 0.478022 -0.280097 0.406878 0.826055 -0.576778
0.343200 -0.204900 -0.658581 -0.231319 0.605005 -0.507187 -0.278627 0.088829 0.455074 -0.533486
-0.126258 -0.608254 -2.246483 -1.015139 -0.374830 -0.612605 0.012857 0.252118 0.645248 -1.215607
0.036045 -0.194603 -1.137929 -0.204927 0.554121 0.221983 0.131801 -0.147518 -0.372229 -0.705602
-0.450163 0.198463 -1.451848 -0.301854 -0.183889 0.089073 -0.481956 0.718482 0.774570 -0.310164
-0.494466 -0.564985 -0.205906 -0.287078 0.621662 -0.351758 -0.883743 -0.196025 0.707408 -0.208022
-0.499870 0.068251 -1.600135 -0.610581 0.664564 -0.023507 -0.873573 1.123007 0.402760 -0.808451
0.117476 -0.083368 -1.370291 -0.771704 0.485477 -0.401982 -0.616325 -0.344377 -0.208246 -0.508730
0.501933 -0.588604 -0.412070 0.036076 1.002983 0.437510 -0.866105 0.261231 0.288091 0.241222
0.138841 -0.969614 -1.066750 0.832929 0.615286 -0.283203 -0.271764 -0.108895 0.107077 -1.038553
0.321909 -1.630824 -0.058872 -0.181699 -0.544005 -0.944553 -0.831159 0.559711 0.347853 0.268121
-0.338121 -0.010815 -1.023179 0.043530 0.574886 -0.073252 -0.279633 0.034043 0.725340 -0.997475
0.558654 -1.037951 -1.491480 0.220746 0.097352 -0.549474 -0.690563 -0.551247 0.103219 -1.065630
-0.245101 0.375068 -1.142559 -0.381886 0.641115 -0.387603 -0.095481 0.239114 0.593596 -0.917525
-0.261695 0.299318 -1.314728 -1.097555 0.934100 -0.046459 -0.537007 -0.455663 0.037945 -0.801268
-0.282894 -0.581579 -0.697736 -0.691304 0.279889 0.245163 0.356244 -0.760949 0.078589 -0.032069
-0.325431 -0.787844 -1.232491 -0.194775 0.174170 -0.176019 -0.725009 0.333025 1.119399 -0.730279
0.133946 0.047769 -0.040514 -0.038295 1.272717 0.370277 -0.310001 -0.055025 -0.266732 -0.005840
-0.352975 -0.065959 -0.146531 -0.282369 1.429812 -0.123995 -0.479314 -0.087021 -0.345829 -0.337412
0.147776 -0.223984 -0.842904 -0.406905 0.817059 -0.339462 -0.470180 0.300401 0.052939 -0.779932
-0.973780 0.035843 -0.929267 -0.954404 0.532394 -0.611475 0.015200 -0.156383 0.056480 -0.289706
-0.399101 -0.051513 -1.038874 -1.177010 0.657134 -0.141966 -0.304622 0.401819 0.693038 0.099263
0.056570 0.032442 -1.143331 -0.975635 0.408712 0.196792 -0.502796 0.475145 0.717419 -0.231183
-0.734653 0.138533 -1.440956 -0.664550 0.106042 -0.076127 0.131636 0.595729 0.117703 -0.522785
0.008344 -0.133847 -0.978585 -0.681352 0.328294 0.229061 -0.739735 0.347470 0.660353 -0.151201
0.013256 0.583577 -0.895260 -0.487079 1.040251 0.417415 -0.103843 0.784462 0.308310 -0.477944
0.104347 -0.436332 -0.881791 -0.227205 0.522241 -0.128789 -0.685006 0.666459 0.706939 -0.361495
-0.308745 -0.777573 -1.140379 -0.481894 0.650425 -0.278858 -0.685657 0.590135 0.098903 -0.660209
0.356649 -0.519783 -0.164916 -0.299464 0.249739 0.718659 -0.130229 -1.177148 -0.036736 0.222710
-0.419439 -0.315094 -1.529600 -0.607076 0.313071 -0.138593 -0.558053 0.369626 0.540093 -0.630354
0.088475 -0.911747 -0.229214 -0.370480 0.718025 0.117590 -0.185976 -1.328426 0.059675 0.131389
-0.259303 -0.227573 -1.218236 -0.362602 0.544723 -0.227539 -0.714537 1.368181 0.607635 -0.653922
0.213210 0.226365 -1.046674 -0.639293 0.744784 -0.651353 0.059353 0.021455 0.142362 -0.618048
-0.826037 0.011472 -1.417812 -1.012144 0.627041 -0.176518 0.631208 0.014746 0.171097 -0.793434
0.142047 -0.726603 -1.330493 -0.061128 0.520469 0.251773 -0.202012 0.337300 0.139387 -0.490509
-0.603580 0.876194 -1.444846 -1.333094 1.009629 0.798046 -0.586439 0.721888 0.912181 -0.550109
-0.414506 0.439016 -1.189152 -0.908464 0.923574 0.160801 -0.233185 0.270519 0.362789 -0.073821
-0.341867 -0.024470 -0.964943 -0.502317 1.029860 -0.041788 0.588270 0.290302 0.498990 -0.466335
0.034037 -0.436711 -0.708603 -0.349025 1.082192 -0.155750 0.071283 0.836260 0.632172 -0.128992
0.152876 0.228022 -1.383258 -1.509850 0.607475 0.650826 -0.643735 -0.153765 0.948572 -0.521554
-0.211010 0.556925 -1.185393 -0.752198 0.609741 0.660632 -0.288087 1.173067 0.592691 -0.389691
-0.850652 0.289958 -1.285112 -0.986096 0.026313 0.297654 0.755330 0.332691 -0.041345 -0.410085
-1.158124 0.164453 -1.005643 -0.730428 0.333276 -0.165717 0.849080 0.093313 -0.135318 -0.714939
-0.898392 0.157480 -0.599901 -0.448994 0.728452 -0.580199 0.508199 0.453831 0.190559 -0.708164
-0.303099 0.645514 -1.305797 -1.032285 1.722400 0.283593 -0.125289 0.919175 0.274376 -0.248891
-0.674568 -0.190125 -1.172478 -0.551546 0.539736 0.083024 -0.045946 0.993400 0.481513 -1.034280
-0.006391 -0.409040 -0.845636 -0.001709 0.499199 0.041828 0.174751 0.085913 -0.466835 -0.605720
-0.113055 -0.970720 -0.217243 -0.013409 0.769710 0.252754 -0.598900 -0.697232 0.267440 0.321491
-0.222660 -0.354405 -1.867492 -0.897559 0.184222 0.660360 -0.003208 0.374333 0.252779 -0.527792
-0.325970 -1.134055 -1.217669 0.027259 0.353026 -0.187066 -0.928747 1.038381 -0.343270 -0.699083
-0.552081 0.824995 -1.513768 -0.936718 0.898442 -0.402398 0.008655 0.797934 0.339457 -0.435616
-0.202991 -0.410403 -1.298985 -0.258201 0.950222 0.021105 -0.904109 0.900277 -0.244636 -0.629911
0.574863 -0.072681 -1.279565 -0.278939 1.377348 0.117327 -0.516165 -0.184351 0.126266 -0.491551
0.389171 0.137922 -0.995706 -0.151814 1.051497 -0.188312 -0.604579 0.554557 -0.145925 -0.665533
-0.200493 -0.922692 -0.181253 0.054990 0.993113 0.115608 -0.407271 0.490110 -0.860560 -0.516591
0.449968 -1.051452 -1.162834 -0.628632 0.559488 -0.116645 -0.130376 -0.159241 0.226471 -0.592994
-0.456168 -0.286047 -0.869659 -0.352987 1.299897 0.507121 0.165701 0.369702 -0.139349 -0.776878
-0.062861 -0.329524 -0.448261 -0.079128 0.650264 -0.402880 -0.223827 0.709401 -0.014850 -0.123268
-0.291208 0.024789 -1.020583 -0.646171 0.395445 0.365937 -0.240061 0.567418 0.100940 -0.291184
-0.116434 0.251321 -0.857862 -0.429620 0.343588 0.519275 -0.300129 0.695211 0.756354 -0.566732
0.435891 0.386607 -1.113023 -1.183579 0.810953 0.448234 -0.979076 0.379481 0.858916 -0.492238
-0.023510 -0.317914 -0.403546 0.095828 1.214728 0.309182 0.023129 0.387082 0.215611 -0.013891
-0.445983 -0.520374 -0.759710 0.092915 0.352320 0.003761 0.010642 0.634747 -0.195893 -0.444911
-0.663503 -0.408317 -0.211596 -0.758150 0.230398 -0.210514 0.038812 -0.340671 0.313786 -0.412085
-0.964813 -0.741917 -0.443582 -0.321881 0.163961 -0.198332 -0.151627 0.064078 0.527422 -0.738266
0.088966 -0.865402 -0.228909 0.476736 0.638868 0.059837 0.097994 0.617317 -0.668563 -0.097190
-0.034526 0.091841 -1.331095 -0.758836 -0.013944 -0.000474 0.070407 -0.123457 -0.284340 -0.764485
-0.281211 -1.314790 -0.792775 0.563974 0.067076 -0.944951 -0.294069 0.394821 0.481716 -0.976951
0.298889 -0.699898 -1.541555 -0.474720 0.288287 -0.468928 -0.192928 0.880926 0.636801 -0.945454
-0.107237 -0.793573 -0.885235 -0.315347 0.691243 -0.231594 -0.087487 0.616815 0.044667 -1.069576
0.101760 0.067370 -0.887459 -0.452949 0.485469 0.226915 -0.312984 0.451897 0.361870 -0.269896
-0.238071 -0.131681 -0.319461 0.222664 0.730640 -0.466293 -0.560298 0.668126 -0.559086 -0.270424
-0.306671 -0.362433 -0.462331 0.295123 0.782166 -0.394969 -0.192035 0.303758 -0.325080 -0.277824
0.505597 -0.796123 -1.039179 0.439585 -0.729619 -0.156027 -0.755444 -0.067028 0.703461 -0.123608
-0.273994 -0.233044 -0.937373 -0.240784 -0.866188 -0.970015 -0.522877 0.056543 0.365747 -1.399091
0.067182 -0.165544 -0.474366 0.020426 -0.145873 -0.527771 -0.480934 -0.263573 0.269513 -0.575572
0.098485 -1.020838 -1.545086 -0.319834 0.499123 0.213993 0.129419 -0.787034 0.644076 -1.025542
-0.164220 -0.464461 -1.562109 -0.136508 0.655394 -0.072237 -0.301042 -0.525215 0.469507 -0.886434
0.207904 -0.832996 -1.244953 -0.079059 -0.017495 -0.283777 -0.196769 -1.066550 0.577571 -0.485428
0.228063 -0.929327 -1.430280 -0.664350 0.035132 0.064750 -0.369385 -0.748510 0.426177 -0.135473
-0.206111 -0.495003 -0.669804 -0.515387 0.687536 0.022383 -0.541882 -1.208137 -0.242918 -0.169195
0.382668 -1.361316 -1.308349 -0.040900 0.987997 0.003693 -0.606995 -0.358406 0.642255 -1.146983
-0.487818 -0.651382 -1.268401 -0.346066 1.107045 -0.037530 0.127234 -0.421347 0.494646 -0.341840
0.216111 -0.542348 -0.963605 -0.822059 0.118399 -0.166424 -0.599873 -0.724180 0.239511 -0.233388
0.289124 -0.896695 -0.359419 0.583221 -0.004217 -0.407552 0.053611 -0.302893 0.169468 -1.059301
-0.245805 -0.894052 -1.728279 -0.164396 0.143501 -0.379612 -0.258774 0.135631 0.916750 -0.725586
-0.932176 -0.687388 -0.663613 -0.855629 0.974413 -0.316425 0.186311 0.050933 -0.143713 -0.403478
-0.251317 -1.516523 -0.878276 0.153311 -0.196189 -0.075200 -0.250635 -1.046067 0.384305 -0.859606
-0.116293 -1.146984 -0.759966 -0.719639 0.263782 0.221256 0.109137 -0.748849 -0.110199 0.009320
0.028722 -0.668795 -1.704140 -0.734797 -0.234144 -0.161120 -0.396224 -0.341947 0.423256 -1.081618
0.074279 -0.210822 -0.782527 -0.785752 0.241911 0.145429 0.120480 -0.994771 -0.093770 -0.337607
-0.612682 -0.511578 -0.633454 -0.237986 0.818468 -0.854670 0.004631 0.150594 0.272350 -0.745736
-0.036694 -0.707405 -1.359495 -0.591402 0.165975 0.278288 0.104588 -0.472388 0.412026 -0.684247
0.182115 -0.899453 -1.121471 -0.216294 0.140885 0.234763 -0.392255 -0.710268 -0.154580 -0.209156
-0.051995 -0.555698 -1.153036 -0.682391 0.522119 0.147711 -0.565055 -0.862020 0.220759 -0.306835
0.611311 -0.972506 -1.556800 0.224249 0.477088 -0.619384 -0.524094 -0.575285 0.371077 -0.835344
0.077226 -1.006270 -0.980302 0.326940 -0.035172 -0.497416 -0.378785 -0.346204 0.422482 -0.777689
0.641418 -0.181948 -2.050876 -0.325295 0.279385 -0.213768 -0.709092 -0.196905 -0.110533 -0.719315
0.031760 -0.041101 -0.328970 -0.874192 0.751646 0.255209 0.150019 -1.121813 -0.405140 0.127521
-0.143650 -0.326216 -0.912307 -0.759652 0.558633 -0.219711 -0.828965 -0.628718 0.348271 0.180278
-0.022981 -0.150184 -1.523260 -0.325856 -0.473797 -0.157613 -0.479706 0.314203 0.001125 0.219326
0.298589 -0.917300 -1.777730 -0.388938 -0.096573 -0.296265 -0.118677 -1.411505 0.173275 -0.608404
-0.313822 -0.649484 -0.714150 -0.320666 1.020192 -0.627400 -0.005060 0.273779 0.069565 -0.081192
-0.123866 0.139919 -0.516363 -0.177412 0.565166 0.451110 -0.053955 -1.420105 -0.773058 -0.412078
-0.205930 -0.677837 -0.895090 0.098068 0.467189 -0.046016 -0.082043 -0.274071 -0.791263 -1.075747
-0.441145 -0.492961 -0.421908 -0.465074 0.631490 -0.479146 0.431292 -0.363955 -0.186701 -1.036970
-0.354167 0.008178 -1.039077 -0.817714 0.214005 0.486862 -0.131476 -0.293752 0.498825 -0.308909
1.332543 -0.251328 -1.693698 -0.234218 -0.101437 0.230804 -0.724168 0.648135 1.136980 0.627035
0.946793 -0.619560 -1.687878 -0.660535 -0.011515 0.230834 -0.810486 -0.160835 0.489183 -0.296775
1.350041 -0.483329 -1.735013 -0.167424 -0.052115 0.362152 -0.725388 0.649597 0.995158 0.382557
1.151027 -0.191701 -1.406140 -0.274339 -0.100771 0.691520 -0.797970 0.855608 0.881249 0.629406
0.807631 -0.485021 -1.445049 -0.623734 -0.022741 0.015251 -0.275944 0.242989 0.237955 0.125450
1.000247 -0.210147 -1.632788 -0.388848 -0.075784 0.351040 -0.755752 0.536083 0.801765 0.370208
1.140900 -0.306865 -1.596964 -0.236858 -0.165750 0.452219 -0.762274 0.472962 0.842251 0.382373
0.935862 -0.140889 -1.497883 -0.281609 -0.099694 0.404544 -0.860196 0.947939 0.902249 0.352370
0.609512 -0.002505 -1.551211 -0.500526 -0.151785 0.164613 -0.961705 0.513993 0.586778 0.177646
0.198647 -0.684115 -1.215785 -0.508074 0.224523 0.315448 -0.465933 -0.574816 -0.321271 0.318570
0.929869 -0.132697 -1.127026 -0.257033 -0.160938 0.205911 -0.929837 0.606338 0.636158 0.023881
0.981554 -0.331075 -1.381622 -0.375302 -0.323480 0.587908 -0.826356 0.056945 0.263615 0.337352
1.050572 -0.261574 -1.358193 -0.276894 -0.295519 0.384084 -0.971790 0.260562 0.616088 0.194635
0.936630 -0.116582 -1.371544 -0.527322 -0.182050 0.280761 -0.980941 0.158841 0.588861 -0.068512
1.114955 -0.649281 -1.412276 -0.164623 -0.637307 0.239931 -0.469326 -0.001240 0.515979 0.349032
0.891499 -0.275172 -1.342613 -0.408775 -0.281333 0.097267 -1.100048 0.069567 0.646647 -0.173214
0.895338 -0.398288 -1.377312 -0.424825 -0.326058 0.255445 -0.925022 0.261134 0.610817 0.055276
0.803923 -0.241291 -1.278364 -0.501438 -0.286740 0.325710 -1.047053 0.413243 0.516671 0.093091
1.019483 -0.200204 -1.808729 -0.533695 -0.319379 0.082929 -0.457928 0.346881 0.444476 0.292408
0.823388 -0.315766 -1.346134 -0.423455 -0.419222 0.088420 -1.059422 0.087781 0.491763 -0.040218
