0.872256 -1.445321 -2.093969 -0.024276 0.472245 0.095106 -0.504912 0.123818 0.417215 -0.013147
0.067028 -1.088995 -0.493393 -0.598976 0.521378 -0.065062 -0.482524 -0.042212 0.026445 -0.427400
-0.294305 0.471888 -1.198403 -0.687324 0.647084 0.244517 -0.343415 0.933119 0.448555 -0.266115
-0.861153 0.094665 -0.933212 -1.272138 0.713192 -0.431935 0.108858 0.184098 0.300708 -0.543595
-0.404640 -0.630865 -0.448265 -0.228951 0.317011 -0.294153 -0.166017 0.573611 0.486491 -0.276009
-0.086785 0.168443 -1.247363 -0.136610 -0.032472 0.020999 -0.354555 0.195049 -0.514949 -0.484822
-0.595315 -0.159084 -0.094774 0.182865 0.523670 -0.389914 0.554231 0.371972 0.390303 -0.380627
0.349955 -0.458841 -0.921977 -0.273856 0.947617 -0.206914 -0.274158 0.374236 0.306652 -0.564454
-0.582578 -0.507875 -0.759766 -1.101761 0.347231 0.289828 -0.440938 -0.202615 -0.354343 -0.424926
-0.231372 -0.371342 -0.465724 -0.426443 0.296836 0.088444 -0.397553 0.487648 0.146740 -0.261939
-0.177592 0.133751 -0.604518 -0.833240 0.920768 0.456421 -0.547605 0.701609 0.589977 -0.067200
-0.170151 -0.667179 -1.046145 -0.219887 0.368434 0.406355 -0.667766 0.431915 0.826634 -0.030094
-0.426855 -0.037996 -0.701378 -0.468115 0.452527 -0.384246 0.474856 0.351287 0.149450 -0.407066
-0.572919 0.056206 -0.789514 -0.842158 0.606366 0.160315 -0.350782 0.568692 0.657168 -0.595793
-0.127801 -0.625652 -0.442122 -0.242988 0.248126 -0.222583 -0.580230 -0.061671 0.627982 -0.203137
-0.495422 -0.800627 -0.853385 -0.255535 0.040071 0.038642 0.079569 0.034152 0.116654 -0.669838
-0.167271 0.158229 -0.962053 -0.309520 0.364357 -0.145901 0.188457 0.295528 0.195555 -0.383268
-0.117010 0.300508 -1.224935 -0.931161 0.678062 -0.263842 -0.873156 0.883326 0.171633 -0.340255
-0.306112 -0.195482 -1.399161 -0.747009 1.088788 -0.004888 -0.474318 0.689632 0.404620 -0.718389
-0.153848 0.212652 -0.750348 -0.687947 0.662089 0.327030 -0.148268 0.993714 0.454415 -0.485865
-0.161041 0.383079 -1.106767 -0.276346 0.657321 0.258713 -0.497032 1.303494 0.289106 -0.407662
0.085089 0.264148 -1.305218 -0.403548 0.254106 0.555165 -0.449512 0.677710 0.502666 -0.476776
0.422167 -0.155743 -0.742695 -0.625006 0.578656 0.620382 -0.101315 0.232566 0.125539 -0.203622
-0.155129 -0.745720 -1.615863 -0.345645 -0.365497 0.132852 -0.369502 0.386819 0.216120 -0.493471
0.289428 -0.664098 -1.679458 -0.371202 0.455405 -0.039375 -0.811394 0.990117 0.289013 0.029102
-0.097298 -0.221842 -0.877899 -0.557263 0.789318 -0.161155 -0.686371 0.923282 -0.265485 -0.290065
-0.398969 0.119936 -0.833292 -0.606286 0.944978 0.038462 -0.042871 0.926438 0.835574 -0.691066
0.096268 -1.221171 0.287865 0.321046 -0.470389 -1.017919 -0.473901 -0.283175 0.315287 0.692471
-0.231261 0.199071 -1.462436 -0.794458 0.724310 -0.003572 -0.298589 1.345410 0.532936 -0.315931
0.256427 0.137775 -0.983548 -0.308178 0.933163 0.329662 -0.107358 0.687329 0.204687 -0.253428
-0.504509 -0.144422 -0.828941 -1.003222 0.631455 -0.184367 -0.191051 0.279120 0.219040 -0.540280
-0.704104 -0.226375 -0.602193 0.129196 0.780998 -0.254102 -0.219678 0.375372 -1.029910 -0.050931
-0.053629 -0.190418 -1.185869 -0.424893 0.994866 0.514156 -0.534683 0.515914 0.188309 -0.661276
-0.201494 -0.302917 -0.892806 -0.195535 1.079933 0.183526 0.178536 -0.190797 0.084818 -0.509190
-0.298592 0.143309 -0.320365 -0.096399 0.876426 0.401845 -0.285437 0.650821 -0.083123 -0.321582
-0.457329 0.499885 -1.113054 -1.043695 0.352580 0.564779 -0.546624 0.609449 0.501763 -0.324299
-0.404704 -0.451438 -0.573965 -0.895542 0.138676 0.053445 0.003821 0.288492 0.263887 -0.334847
-0.535549 0.007721 -0.779800 -0.460836 0.524957 0.082137 -0.104207 0.789931 0.693118 -0.664539
0.007683 -0.157831 -0.634464 -0.424177 0.311802 0.420333 -0.328635 0.279539 0.201848 -0.216876
-0.579164 -0.048538 -0.604891 -0.586120 0.462019 -0.050952 -0.082083 0.444911 0.324006 -0.438613
-0.713929 0.170114 -0.935764 -0.300343 0.577025 -0.584704 0.132411 0.679218 -0.133947 -0.988051
-0.744712 -0.413133 -0.419744 -0.206914 0.910674 0.089199 0.295244 0.353279 -0.055749 0.118264
-0.302007 0.029571 -1.125070 -0.297419 0.567198 -0.005536 -0.714783 0.459495 0.721019 -0.590133
0.094760 -0.874582 -0.963023 -0.226834 0.888794 -0.393075 -0.108070 0.055183 -0.091800 -0.760136
-0.052912 0.154517 -0.873307 -0.438846 1.131668 0.005567 -0.057409 0.065373 0.393906 -0.563163
-0.352918 0.345078 -0.563847 -0.101751 1.232524 -0.416494 -0.125737 0.223580 0.235574 -0.835005
-0.324639 0.143776 -1.120987 -0.574226 0.601617 -0.092167 0.127964 -0.569757 0.025563 -1.246762
-0.546474 -0.330886 0.144531 0.275615 0.806587 -0.331261 0.695392 0.201172 -0.724479 -0.184690
-0.011295 -0.319722 -0.973839 -0.283065 0.110190 -0.057655 -1.124611 0.423320 0.537300 0.243240
-0.591470 -0.482371 -0.546119 -0.182362 1.180748 -0.478219 0.255487 0.827029 -0.358092 -0.368428
-0.023945 -0.339404 -0.905253 -0.092207 0.833652 -0.366775 -0.060421 0.022684 -0.176480 -0.703001
0.096134 -0.366580 -1.619729 1.154515 0.674656 0.023839 -0.686106 -0.112151 -0.461362 -0.631678
-0.017706 0.137761 -1.011241 -0.490477 0.844789 -0.222005 -0.291720 0.191139 0.429676 -0.533524
0.307475 -0.881437 -0.467672 0.603767 0.291215 -0.382714 -0.363990 -0.012741 0.297028 -0.739240
-0.263694 -0.170460 -1.259727 -0.235300 0.690177 0.231362 -0.414749 0.226780 0.259279 -0.845788
0.467522 0.106409 -1.021641 -0.602725 0.301519 0.235166 -0.227940 0.768260 0.206278 -0.169622
-0.673050 -1.571402 -1.182379 0.245221 -0.201253 -0.095267 -0.575897 0.452090 -0.010120 -0.694799
0.157974 0.266787 -1.207302 -0.605157 0.555068 0.035761 -0.468092 0.256426 0.855966 -0.533839
-0.439563 0.040717 -1.273447 -0.777386 0.763176 0.480707 -0.277621 0.708649 0.131573 -0.944094
-0.267392 -0.623292 -0.828729 -0.374535 1.268659 0.067169 -0.434209 0.264033 -0.171708 -0.205634
-0.256798 -0.510848 0.460785 -0.132804 -0.216190 -0.210520 -0.656035 -0.058270 0.499001 0.142270
-0.258333 -0.266920 -1.372763 -0.209785 0.272377 -0.170523 -0.804594 0.784142 -0.020004 -0.501716
0.340587 0.357046 -0.970161 -0.579527 1.018701 0.163626 -0.416100 1.132693 0.944482 -0.583787
-0.206522 -0.003362 -1.021465 -0.260121 -0.181346 0.078892 -0.772930 0.627596 0.582381 0.003319
-0.042185 -0.107421 -0.016092 -0.144191 0.427120 -0.068527 -0.004453 0.365457 -0.145197 0.050616
0.114902 -0.435607 -1.023131 -0.037530 0.614217 -0.026287 -0.179310 -0.234069 0.448701 -0.731313
-0.404486 0.653061 -0.994574 -0.398404 0.603114 -0.467428 0.158427 -0.649891 -0.154616 -1.133343
-0.303605 -1.488484 -1.111396 -0.741714 0.283065 -0.268655 0.575290 0.014155 0.146636 -0.956323
-0.277525 -0.254133 -0.797525 -0.984651 0.648574 -0.249176 -0.088992 0.683096 0.460070 -0.559947
-0.121128 -0.869691 -1.357821 -0.623182 -0.280739 -0.957538 -0.238901 -0.134429 -0.263921 -0.431298
-0.195940 -0.075427 -0.727551 -0.399735 -0.135313 -0.888684 -0.142088 0.360537 0.449395 -0.702116
0.169487 -0.922424 -0.399742 -0.097454 -0.062630 -0.578093 -0.601338 -0.255362 -1.108211 -0.483514
-0.073758 -0.533769 -1.514894 -0.247623 0.284043 -0.372004 -0.335046 -0.292414 0.573834 -0.711702
-0.014820 -1.052905 -0.929085 -0.577960 0.455674 0.036916 0.108279 -0.897069 -0.126220 -0.373940
-0.893011 -0.061910 -0.823733 -1.276708 0.478407 -0.274466 0.106388 -0.375303 0.270587 -0.184878
0.051654 -1.236425 -1.576348 -0.682957 0.409673 -0.270983 -0.077011 -0.403404 0.624670 -0.397894
0.082601 -1.023280 -1.576506 -0.162993 0.177943 -0.401698 -0.261968 -0.886644 0.723038 -0.826207
0.351482 -0.769377 -1.293731 -0.352339 0.940807 0.412007 0.077156 -1.058913 -0.147809 -0.248393
0.027481 -0.936553 -1.112585 -0.576933 0.748615 0.494321 -0.112727 -1.209769 0.157406 -0.114552
0.522050 -0.677543 -1.643555 -0.554790 0.373258 0.356825 -0.343805 0.004844 0.115033 -0.469272
0.226042 -1.371095 -0.925854 -0.195521 0.302726 -0.068610 0.170546 -0.586134 0.368019 -0.664131
0.375294 -0.721515 -1.393838 -0.588715 -0.092817 -0.397702 -0.507794 -0.100227 -0.336482 -1.110118
0.129533 -1.486156 -1.024215 -0.128007 -0.254587 -0.170177 0.046920 -0.974833 0.062529 -0.390439
0.056414 -0.308074 -1.464805 -0.830397 -0.034510 0.077560 -0.591936 0.059011 1.000563 -0.456672
0.330185 -1.051424 -1.345317 0.542816 -0.059919 -0.434968 0.065862 -0.442979 -0.663995 -1.010198
-0.244058 -0.251335 -0.786614 0.013614 0.294340 -0.131593 -0.245125 -0.589618 -0.190792 -0.418227
-0.823860 -0.315932 -0.951017 -0.896869 0.386507 -0.227946 0.490218 0.375928 0.035722 -0.406649
-0.438791 -0.580227 -0.829935 0.211455 -0.929599 -0.515049 -1.050882 -0.726067 -0.354576 0.016025
0.459195 -0.348920 -0.620435 0.482667 0.330188 -0.060808 -0.499609 -0.869822 -0.819539 -0.096092
0.153804 -0.697215 -0.883069 -0.507194 0.328724 -0.666901 -0.345751 -0.552391 -0.340478 0.202215
-0.110719 -0.339212 -0.666550 -0.787805 0.748649 0.311910 0.162005 -0.765096 -0.249098 -0.192872
0.108667 -1.258009 -1.483621 -0.229886 -0.619723 -0.092681 -0.052918 -0.756744 0.057851 -0.655652
-0.401131 -0.380637 -0.919562 -0.902300 0.219722 -0.438624 -0.407182 -0.197343 0.891051 -0.389826
0.200399 -0.618145 -1.330504 0.130800 0.697282 0.151730 -0.138468 0.216856 -0.464963 -0.318531
-0.053769 -0.564673 -1.100447 -0.824236 0.524995 0.055700 -0.273802 0.625968 0.354756 -0.427666
0.375138 -0.668817 -1.002376 -0.470241 0.477683 -0.163396 0.213189 -0.636606 -0.229294 -0.623611
-0.181246 -0.828237 -1.289544 -0.420420 0.603554 0.040345 -0.268218 -0.504912 0.403982 -0.784828
-0.049057 -0.063756 -1.374641 -0.552207 0.767534 -0.243139 -0.336622 -0.823166 0.402152 -0.609737
-0.103560 -0.623898 -0.440781 -0.250282 -0.023698 -0.431873 -0.656942 0.007507 0.828781 -0.055572
0.199091 -1.256403 -1.047863 -0.204686 -0.132147 -0.807916 -0.452917 0.010822 -0.181812 -0.724170
-0.051360 -1.068718 -0.416726 0.126864 0.265705 -1.016849 -0.419083 0.077614 0.214564 -0.224797
-0.282527 -0.240069 -1.269697 -0.646394 0.396915 -0.120408 -0.547486 0.465338 0.682451 -0.862842
-0.528521 -0.310699 -0.295790 -0.717896 0.531305 0.117153 0.728744 0.205610 -0.129659 -0.359112
0.112895 -1.176169 -0.542872 -0.002851 -0.069554 -0.399883 -0.685077 -0.787664 -0.158605 -0.236283
-0.170037 -0.432301 -0.294330 -1.092281 -0.119593 -0.472880 -0.640351 -0.021558 0.199400 -0.084909
-0.136490 -0.458998 -1.467469 -0.794655 -0.293958 0.084086 -0.301792 0.657708 0.622711 -0.171283
-0.135447 -0.883547 -1.351559 -0.785820 0.435312 0.405922 -0.394697 -0.856545 0.547268 -0.612533
-0.255429 -0.863578 -1.264537 -0.488743 0.375972 0.121292 -0.191102 -0.940426 0.472286 -0.456345
-0.716783 -0.165878 -1.227765 -0.648306 0.439114 0.196708 -0.047045 0.660028 0.584331 -0.734187
-0.615947 -0.214116 -0.372187 -0.383783 0.952613 -0.620518 0.410922 0.400804 0.550718 -0.390524
-0.706591 -0.187914 -0.537440 -0.293359 0.730068 -0.731466 0.400404 0.414219 -0.163187 -1.013317
-0.349384 -0.423050 -0.907092 -0.749113 0.224234 0.097795 0.154373 0.483629 0.282861 -0.197280
-0.438660 0.177493 -0.936681 -0.714090 0.245112 0.684578 -0.299595 0.787039 0.481776 0.046903
-0.237548 -0.751983 -0.635175 -0.246470 0.411252 -0.524982 -0.565365 0.414960 -0.009787 -0.481563
0.024597 -0.160213 -1.197567 -0.314362 0.399538 -0.372827 -0.275363 1.283277 0.245470 -0.407383
-0.466993 -0.008575 -0.560618 -0.456237 0.271917 0.357482 0.035144 0.721904 0.502634 -0.463802
0.145869 -0.627771 -1.009434 -0.163951 1.009043 0.038793 -0.121967 0.014474 0.236385 -0.411595
-0.618954 -0.100820 -0.557600 -0.691342 0.845856 -0.352469 0.020637 0.595567 0.661096 -0.475177
-0.204594 0.164597 -0.572215 -0.453805 0.582236 0.131599 -0.123868 0.441636 0.428149 -0.218510
-0.518968 -0.245036 -0.928122 -0.727192 0.112006 0.092398 -0.322090 0.986335 0.429683 -0.151430
-0.288043 0.200802 -0.617458 -0.658993 0.473687 0.376696 -0.174897 0.582977 0.353493 -0.110851
0.256546 -0.910508 -1.691882 -0.341323 0.430070 -0.515875 -0.124367 -0.241443 -0.234249 -0.454063
-0.646803 -0.085294 -0.573825 -0.729577 0.707672 -0.162336 -0.048781 0.308069 0.655081 -0.497492
-0.319258 -0.509937 -0.723241 0.001744 1.011032 -0.152849 0.074053 0.371460 -0.365773 -0.969491
-0.804628 -0.251630 -0.641387 -0.762518 0.580035 -0.174398 -0.303952 0.544368 0.316224 -0.586631
0.005473 -0.537365 -1.078385 0.053883 1.023478 0.010865 -0.036574 -0.242832 0.147289 -0.928349
-0.529606 0.535838 -0.940343 -0.028722 0.530141 0.319121 -0.224225 0.343109 0.458155 -0.964563
-0.083921 0.208421 -1.894517 -1.075682 0.788811 0.110084 -0.297936 0.225763 0.537727 -0.855839
-0.322942 0.430478 -0.136810 0.215880 0.837285 -0.199325 -0.336934 -0.142343 0.244541 -0.685895
0.109102 -0.374603 -0.884559 -0.606672 0.426006 0.267686 -0.618287 0.262586 0.443497 -0.272474
0.016001 -0.273124 -1.072303 -0.989745 1.004709 0.351194 0.071635 0.132701 0.105385 -0.623574
0.917751 -0.154254 -1.360533 -0.316963 0.083220 0.418700 -0.936101 0.868347 0.995892 0.195150
0.777788 -0.404660 -1.233293 -0.361877 -0.625815 0.042175 -1.163605 -0.025742 0.315209 -0.033218
0.728170 -0.252530 -1.314710 -0.453910 -0.305374 0.257082 -0.945510 0.198415 0.325462 0.033097
1.071331 -0.308608 -1.430647 -0.240028 -0.282210 0.736246 -0.977963 0.645635 0.806559 0.523388
1.125921 -0.145466 -1.459874 -0.227466 -0.206757 0.556894 -1.029364 0.358420 0.669235 0.301723
1.225081 -0.831796 -1.641482 -0.091738 -0.523187 0.347311 -0.678726 0.024413 0.990345 0.398160
1.080063 -0.420945 -1.330310 -0.195768 -0.228757 0.461538 -0.719497 0.291038 0.597141 0.062129
0.990282 -0.496626 -1.404953 -0.288523 -0.291110 0.309530 -0.848853 -0.009247 0.500895 -0.031329
1.121052 -0.255945 -1.540232 -0.354247 0.089768 0.125225 -1.113874 0.673650 0.596313 0.670529
0.965324 -0.115407 -1.386911 -0.419190 -0.209808 0.323618 -1.141124 0.257217 0.668697 -0.027172
0.780883 -0.173343 -1.543374 -0.483902 -0.173495 0.329638 -0.932829 0.360122 0.603805 0.068519
0.804655 -0.570182 -1.263104 -0.407070 -0.640501 0.114333 -0.754256 0.023776 0.142937 0.050120
0.708185 -0.383329 -1.384859 -0.344123 -0.229489 0.347064 -0.845994 0.240409 0.435144 0.033281
1.069532 -0.493326 -1.246482 -0.409140 -0.367071 0.479117 -1.117211 0.406760 0.751292 0.281961
1.039053 -0.131673 -1.343328 -0.497495 0.071286 0.482395 -0.763744 0.149646 0.547019 0.086043
0.788937 -0.587260 -1.158791 -0.005625 1.014463 0.004512 -0.662394 0.925572 0.377550 -0.462472
0.833380 -0.021915 -1.307142 -0.336434 0.098335 0.200228 -1.050371 0.181245 0.480111 0.228979
0.782741 -0.144739 -1.363957 -0.502524 -0.174725 0.320655 -1.006456 0.484847 0.628265 0.084995
0.713714 -0.318862 -1.582151 -0.464275 -0.495332 0.059756 -1.015154 0.225368 0.521071 0.239157
0.737728 -0.194712 -1.571240 -0.529386 -0.309634 0.567498 -0.813756 0.514303 0.457403 0.454940
1.058326 -0.309222 -1.528161 -0.153424 -0.185222 0.495324 -0.447118 0.575117 0.849676 0.806007
1.118978 -0.264665 -1.713507 -0.597397 0.139234 -0.067431 -0.625327 0.247602 0.664025 0.071685
0.758162 -0.140842 -1.464153 -0.554759 -0.225659 0.359881 -0.891931 0.283294 0.419381 0.115353
0.882937 -0.870268 -1.546583 -0.058596 -0.059601 -0.212868 -1.331243 -0.054825 0.542788 0.314842
0.891918 0.037584 -1.413755 -0.240452 0.018046 0.629014 -0.944664 0.711369 0.858349 0.313300
0.967823 -0.236064 -1.220164 -0.311751 0.074266 0.385765 -0.795440 0.495324 0.759583 0.042018
0.956009 -0.202817 -1.336871 -0.458890 -0.028172 0.324090 -0.794665 0.346190 0.508680 0.193762
0.927938 -0.334771 -1.693181 -0.540418 0.002284 0.258574 -0.663345 0.016920 0.392930 0.080324
1.168424 -0.533062 -1.487380 -0.050808 -0.472494 0.632508 -0.771624 0.374848 0.740520 0.627747
0.753495 -0.748697 -1.069245 -0.434032 -0.419040 -0.174626 -1.210062 -0.696085 0.552518 0.052450
1.088037 -0.223821 -1.377328 -0.165584 -0.242095 0.394255 -1.058030 0.254142 0.832012 0.194291
0.591208 -0.124745 -1.783305 -0.788329 -0.030590 0.268998 -0.783494 0.411984 0.560849 0.255983
0.864479 -0.081567 -1.595410 -0.443594 -0.140200 0.269221 -0.952049 0.454113 0.738765 0.197752
