-0.607987 -0.884102 -0.305654 -0.122126 -0.341335 0.211860 0.197541 0.127507 0.496195 -0.561429
-0.253100 -1.117345 -0.193198 0.149965 0.268915 0.062868 -0.319116 -0.065659 0.289633 -1.304061
-0.170411 -0.910299 -0.469290 0.503452 0.907397 -0.486782 -0.413342 0.366220 -0.135605 -0.689149
-0.265942 -0.432932 -0.656181 -0.477841 0.078583 0.293484 0.251965 0.090831 0.607820 -0.029849
-0.408287 0.177962 -1.617738 -0.392672 0.317401 0.183402 -0.475514 1.241156 -0.045208 -0.718289
-0.301085 -0.268934 -1.445066 0.119824 -0.302743 0.102730 -0.521212 0.226327 0.932997 -0.413248
0.770170 -0.563537 -0.357776 0.072107 0.594088 -0.351537 -0.787540 0.216616 -0.127129 -0.182440
-0.474332 -0.105765 -1.392788 -0.711421 0.507143 0.112072 0.007893 0.693380 0.024316 -0.865259
-0.483423 -0.506315 -0.935956 -0.005120 0.122897 -0.390285 -0.040394 0.684915 -0.256360 -0.643964
-0.449552 -0.345666 -1.224074 -0.194855 0.584844 0.910484 -0.605178 -0.139640 -0.126868 -0.488689
-0.063512 -0.725711 -0.922387 -0.572786 0.882804 0.085000 -0.542615 -0.088297 -0.509672 0.090127
-0.332694 -0.192897 -0.806281 -0.357405 0.944366 -0.666516 0.156667 -0.379806 0.518640 -0.817257
0.122677 -0.576329 -0.859484 0.055993 0.165254 -0.209745 0.303235 -0.699526 -0.405642 -0.751681
-0.027293 -1.123305 -0.018757 -0.066061 0.595448 0.014771 -0.366601 -0.017770 -0.813250 0.242560
0.261318 -0.237175 -1.234382 -0.371537 -0.115262 -0.195773 -0.267142 0.704465 0.562999 -0.424153
-0.407022 -1.404664 -0.252615 -0.263874 1.348525 -0.711617 -0.656752 -0.162332 -0.406941 -0.286597
-0.366605 0.280587 -0.861128 -0.648041 0.462780 -0.304682 -0.254919 0.638535 0.366629 -0.572269
-0.049848 -0.557655 -1.628615 -0.189703 -0.162276 -0.069473 -1.190702 0.205418 0.162888 -0.888325
0.188417 -0.446903 -0.837595 -0.577494 0.991960 -0.659366 -0.654510 -0.275849 0.202081 0.034908
-0.395027 0.121451 -1.145747 -0.390628 0.538621 0.141329 0.241411 0.483209 0.287222 -0.758127
0.141837 -0.576257 -1.098909 0.295574 0.247670 -0.601084 -0.340120 0.641867 0.353276 -1.013498
-0.191884 -0.015987 -0.861920 0.050061 -0.364236 0.037881 0.020423 0.746420 0.173329 -0.311174
-0.338622 0.229183 -0.656351 -0.621133 1.008499 -0.167616 0.105488 0.337745 0.449299 -0.284058
-0.956942 -0.637621 -0.696719 -0.034662 -0.094460 -0.714276 -0.004189 0.459477 0.632365 -0.304685
-0.484201 0.200894 -1.322728 -0.785271 0.909654 0.084914 -0.603658 0.862880 0.350133 -0.267926
0.640758 -0.607712 -1.163216 0.178461 0.182832 -0.000160 -0.162778 0.130190 -0.322373 -0.799113
-0.472567 -0.691738 -0.616920 0.305290 0.044694 -0.789960 -0.088295 -0.023975 0.617903 -0.930615
-0.954430 0.280091 -0.920319 -0.307038 0.102910 -0.543940 0.392083 0.587588 -0.033160 -0.580346
-0.233577 -0.482832 -1.111502 -0.310593 0.443945 -0.437265 -0.493371 0.583412 0.042155 -0.575460
0.581245 0.190000 -0.591097 0.185220 -0.086719 -0.766093 -0.606113 -0.362538 -0.081409 -1.008206
-0.274421 0.045687 -0.778668 -0.186195 0.594226 0.120851 -0.189199 0.750880 0.690918 -0.050794
-0.129126 -0.541672 -0.750792 -0.119132 0.751304 -0.120261 -0.583002 -0.261677 0.488784 -0.597212
0.086248 -1.131824 -1.006423 -0.065401 -0.589771 -0.971636 -0.220458 0.189151 -0.309194 -0.856201
-0.358683 -1.121833 -0.943264 0.548938 0.312640 -0.416998 -0.105033 0.022058 -0.703116 -0.168122
0.034853 -0.610014 -1.335490 0.437506 0.120638 -0.514145 -0.432564 0.667312 -0.107709 -0.455366
-0.557036 -0.032415 -1.134630 -0.581462 0.536650 0.054859 -0.305030 0.427612 0.147600 -0.224815
-1.070372 -0.365346 -1.088290 -0.440517 0.486706 0.378862 0.792330 0.952443 0.127916 -0.449474
-0.531897 -0.056531 -1.266779 -0.748085 0.541740 -0.074934 0.111964 0.555367 0.785324 -0.732674
-0.843594 -0.121866 -0.924842 -0.470140 0.459610 -0.187042 0.324723 0.682903 0.584589 -0.351579
-0.526549 -0.047365 -1.588043 -1.020749 0.956291 0.202954 -0.117396 0.785110 0.443999 -0.612860
-0.510869 -0.334766 -0.111574 -0.760430 0.971288 -0.633658 -0.357285 -0.265455 0.333337 -0.303903
-0.763308 0.130615 -1.061893 -0.790386 0.144216 -0.469397 -0.264366 0.435648 0.663089 -0.376389
-0.135134 -0.300533 -0.505124 0.584327 0.677848 -0.117535 -0.333509 0.394374 -0.628497 -0.126641
-0.292740 -0.189856 -0.230914 -0.058748 0.800390 0.013032 -0.022610 -0.163838 0.101761 -0.357651
-0.614613 -0.751594 -0.626901 0.035438 0.375417 -0.289766 -0.372019 -0.076082 0.123555 -0.596629
-1.603523 -0.620622 -0.669686 -0.284469 0.139316 -0.437899 -0.037911 0.126920 -0.107272 -0.627203
1.053391 -0.190497 -0.716847 -0.129324 0.532736 -0.659675 -0.058376 -0.702466 -0.562031 -0.231402
0.021715 -0.774316 -0.717268 -0.473476 0.776412 -0.026727 -0.406540 0.193523 -0.199703 -0.222475
-0.551355 -1.244449 -0.060691 0.195118 -0.429277 -0.768175 -0.443848 0.906338 0.545550 -0.418963
-0.418873 -0.500341 -0.326132 -0.233385 0.576208 -0.097757 0.389198 -0.344269 0.593025 -0.484137
0.086951 -0.718816 -1.605918 -0.248868 0.452119 -0.421235 -0.670934 1.035520 0.367574 -0.566076
0.085882 -1.079884 -1.113164 0.255772 -0.161174 -0.495035 0.548076 0.427755 0.407929 -0.497024
-0.348226 -0.268468 -0.944562 -0.282762 0.130679 0.283402 0.143873 -0.064450 0.339679 -0.562843
-0.507801 0.060636 -0.897685 -0.640019 1.238513 -0.532339 0.063179 0.734128 0.344738 -0.629277
-0.716142 0.036510 -1.183117 -0.689427 1.601846 0.077596 0.188101 0.701848 -0.021796 -0.504714
-0.282654 0.489590 -1.615648 -0.830071 0.398791 0.075309 -0.117963 0.913954 0.611627 -0.389010
-0.310857 -0.946941 -1.169150 -0.158871 0.268872 -0.527848 0.097859 0.218311 -0.511780 -0.619434
-0.445369 -0.684570 -1.529155 -0.294108 0.564975 -0.087003 -0.348151 -0.651992 0.111911 -1.078285
-0.172453 0.307580 -1.439030 -0.472719 0.367623 0.549131 -0.313590 1.124004 0.642861 -0.140399
-0.153914 0.010130 -0.730472 -0.632125 1.031472 -0.281160 -0.212183 -0.126045 0.394310 -0.357891
0.068034 -0.075672 -0.975284 -0.464096 0.273423 0.154508 -0.413723 -0.119946 0.553349 -0.589972
0.142352 0.250235 -1.223199 -0.430463 1.087438 -0.038576 -0.675626 0.231220 -0.461753 0.070186
-0.880263 0.112730 -0.983214 -0.417183 0.448163 -0.270555 0.484365 0.658823 0.443698 -0.264825
-0.251901 -0.366674 -0.553140 -0.153172 0.904296 -0.259210 0.372852 0.052467 -0.066750 -1.029567
0.181147 0.238879 -1.561272 0.264775 0.449708 -0.386959 -0.746598 1.205540 -0.150494 -0.435212
-0.754517 -0.203682 -1.272525 -0.703806 1.150134 0.190375 0.111440 -0.040925 0.426254 -0.170520
-0.364643 0.040518 -1.432345 -0.401130 0.058170 -0.387645 -0.592161 1.036121 0.768250 -0.815799
0.924504 -1.031358 -1.359517 -0.118549 0.019851 -0.667679 -0.259746 -0.231809 -0.029638 -0.556545
-0.150901 0.073810 -1.533059 -0.380750 -0.264901 -0.398222 -0.522817 -0.368600 -0.726556 -0.701164
0.057414 -0.312591 -0.773772 -0.242577 0.611935 -0.430326 -1.131849 0.150567 0.297462 0.132165
-0.349787 -0.578506 -0.275186 -0.067379 0.553312 0.286110 0.165193 0.354049 0.211159 -0.503210
-0.259339 -0.577637 -0.859638 -0.216779 0.142344 -0.649998 0.418353 -0.491064 -0.117834 -0.621071
-0.148983 -0.329056 -0.980789 -0.194433 0.371829 -0.217537 0.680694 0.339711 0.492132 -1.043881
-0.455570 -1.140576 -0.565697 0.736528 0.719884 0.209772 -0.398327 0.876022 -0.105158 -0.240240
-0.164453 0.572088 -1.483725 -0.836922 0.777057 0.322220 -0.623638 1.039044 0.594196 -0.362532
-0.918989 -0.037785 -0.136970 -0.348192 0.698725 -0.349415 0.318122 0.082931 -0.095709 -0.455182
0.008511 -1.611389 -1.014901 -0.208696 0.793250 -0.232332 0.052975 0.309499 -0.173116 -0.452237
-0.333815 -0.643389 -1.626189 -0.369481 0.502944 -0.429389 -0.125919 0.170694 -0.486777 -0.322616
-0.470363 -0.054419 -0.663748 -0.319142 0.581766 -0.503048 0.283960 0.064864 0.421512 -0.880788
-0.281622 -0.747221 -0.485785 0.003990 0.724096 -0.171729 -0.094185 0.085577 -0.578049 -0.213735
0.164297 -0.190817 -1.168133 -0.166524 0.426731 0.020145 -0.351256 0.774060 -0.148024 -0.591421
-0.755187 -0.799661 -0.560057 0.119555 0.238213 -0.310648 0.296809 0.448782 0.003754 -0.581963
-0.777791 0.313837 -1.383225 -0.904885 0.731377 0.302790 -0.118866 0.150681 0.254079 -0.192370
-0.200278 -0.570289 -0.538762 0.540791 -0.191566 -0.832200 0.399526 0.334625 0.292084 -0.887378
0.340631 -0.279255 -0.235736 -0.315752 1.149170 -0.390774 -0.294848 0.234361 -0.208040 -0.565563
0.368261 -0.694695 -0.584356 -0.565720 0.927173 0.192128 -0.691486 -0.010248 -0.101137 -0.036665
0.254980 -0.557780 -1.103364 -0.865488 0.840135 -0.345464 -0.395344 0.331092 0.418902 -0.474006
0.216823 -0.603544 -0.260789 -0.471354 0.783829 0.219462 -0.200508 -0.245925 0.175299 -0.298832
-0.095188 -1.363065 -1.443410 -0.448620 0.358846 -0.253001 -0.138950 0.079625 -0.748351 -0.873684
-0.207586 0.179621 -1.590391 -0.236045 0.488621 -0.631012 -0.480716 0.741845 -0.350803 -0.656163
0.172366 0.170293 -1.057476 -0.264824 -0.177161 -0.164113 0.069048 -0.059240 -0.016260 -0.447502
-0.162098 -0.329017 -1.478245 -0.366956 0.209018 -0.038865 -0.296422 0.808252 0.819712 -0.449072
-0.190069 -0.427106 -0.451092 -0.664494 0.482833 0.354056 -0.381896 0.216561 0.453932 -0.392891
-0.160720 0.132849 -0.895253 -0.818411 0.168018 0.292045 -0.400267 0.722247 0.775756 -0.457616
-1.007124 -0.330730 -1.164952 -0.689381 0.550439 -0.257534 -0.035135 0.664450 0.646191 -0.686172
-0.090037 -0.442714 -1.434271 0.084122 0.557110 -0.049727 -0.748408 0.956638 -0.023325 -0.572678
-0.409643 -0.620640 -0.324591 -0.120599 0.606373 -0.387272 0.024524 0.309015 0.212361 -0.347972
-0.527986 -0.049631 -1.548189 -0.955503 0.473761 0.505483 -0.248848 0.788270 0.537533 0.162005
-0.806255 -0.321854 -0.818231 -0.366316 0.169859 0.102980 -0.110505 0.498354 0.023210 -0.865371
-0.151840 -0.308137 -0.521825 0.483231 0.375725 -0.211517 -0.773001 0.445135 -0.176362 -0.186288
-0.804464 -0.616180 -1.106515 -0.352057 0.440042 -0.530470 -0.599900 0.479191 0.173759 -0.514261
-0.283363 -0.599485 -0.484144 -0.302189 0.288634 -0.869726 -0.079161 -0.594745 -0.307730 -0.841448
-0.245840 -1.421285 -0.843168 0.854904 -0.288765 0.188972 -0.378657 0.218828 0.502245 -0.509086
-0.300369 -0.326237 -0.857035 0.067756 0.574421 -0.524725 -0.042950 0.431341 0.025302 -0.463818
0.167426 -0.656990 -0.680335 -0.707645 0.477772 0.627460 0.110543 -0.752127 -0.548222 0.196406
0.330413 -0.212169 -0.280596 -0.033111 0.293298 -0.301700 -0.089538 0.721451 0.772202 -0.173467
0.121709 -0.766127 -1.395680 -0.608768 0.518790 -0.761300 -0.141135 -0.289991 0.390021 -0.308925
-0.435334 -0.123392 -1.827505 -0.468379 0.171794 -0.194034 0.283702 -0.712289 -0.924829 -0.471331
-0.546755 -0.141596 -0.866450 -0.741088 -0.754601 -0.600657 -0.102631 -0.703123 -0.645207 -0.758171
0.050734 -0.541267 -0.876284 -0.605838 0.720562 -0.192804 -0.648803 -1.149808 0.172598 0.506388
0.265336 -0.533828 -1.458910 -0.447126 0.392110 -0.243080 0.174465 -0.537071 0.004217 -1.205180
0.369973 -1.226172 -1.719564 -0.304852 0.149924 -0.039329 -1.254664 -0.060669 0.023277 -0.449173
0.444573 -0.826867 -1.267209 -0.799989 0.915090 -0.230446 -0.144825 0.050951 0.565686 -0.095919
-0.754305 -0.505058 -1.319502 -1.041238 -0.162543 -0.967752 0.418274 0.141783 -0.887066 -0.347983
-0.256257 -0.762185 -1.604016 -0.053435 0.093864 -0.391206 -0.459370 0.189202 0.582312 -0.993793
-0.553225 -0.724346 -1.152623 -0.045998 -0.594105 -0.405864 -0.402272 0.096592 0.561128 -1.525009
0.078272 -1.215968 -1.212859 -0.116793 0.163419 0.001187 -0.787412 -0.426493 0.521816 -0.574343
0.009489 -0.546507 -1.236038 -0.148636 0.827316 -0.330907 -0.035469 -1.113777 0.210216 -0.783824
0.028618 -1.006602 -0.664749 0.092632 0.179000 -0.229083 -0.600891 -1.058608 0.423340 0.387397
0.750321 -0.448932 -1.220909 0.037201 0.199467 -0.406336 -0.396710 -0.318938 0.147643 0.018670
-0.208914 -1.206810 -1.131001 -0.235221 0.158623 -0.499532 -0.535250 -0.356474 0.787846 -0.656544
0.079983 -0.795996 -1.373594 -0.656426 -0.016586 -0.209807 -0.568692 0.231558 0.234586 -0.552132
0.130665 -1.038155 -0.933600 -0.350192 0.687150 -0.484317 -0.596291 -0.845654 0.524796 -0.609393
-0.070144 -0.673670 -1.492055 -0.200552 0.184413 -0.213080 0.339147 0.100218 -0.658947 -0.854657
-0.384493 -0.737272 -1.481143 -0.341714 0.159943 0.472059 0.507774 -0.380791 -0.320598 -0.746140
-0.344833 -0.694924 -0.724770 -0.616092 0.944068 0.038334 -0.000943 -0.249423 0.170366 -0.173489
-0.428278 -0.922311 -0.578042 -0.336921 0.487732 0.231467 0.480746 -0.628248 0.140600 -0.653869
-0.392013 -0.593876 -1.481579 0.154609 0.262155 -0.279349 -0.312275 -0.343473 -0.355440 -0.419838
0.396497 -1.026204 -1.230127 -0.567261 0.591648 -0.597622 -0.300266 0.196344 0.598909 -0.135472
-0.652508 -0.694505 -0.722922 -0.674923 0.018651 -0.491357 0.133409 -0.618805 0.012920 -0.853473
0.459759 -0.385217 -0.861374 -0.060769 -0.219057 -0.433496 -0.881810 -0.534885 0.208095 -0.554638
0.034111 -0.667597 -0.848011 -0.088875 0.886135 0.145227 -0.491760 -0.098291 0.237254 -0.445903
0.283202 -0.274197 -1.368282 -0.022966 -0.354351 0.072981 -0.183609 -0.530016 -0.417347 -0.641281
0.398247 -0.620574 -1.175029 -0.984793 0.502886 -0.002650 -0.794986 0.164748 0.827953 -0.029501
-0.581754 0.072549 -0.541174 0.194876 -0.119927 -0.163224 -0.239612 -0.011298 0.426485 -0.356600
0.189414 -0.510129 -1.824274 -0.415834 0.163656 -0.011387 -0.546541 -0.298505 0.320994 -0.949881
0.390929 -1.067515 -1.341069 -0.299027 0.042165 -0.370356 0.302542 -0.923465 0.173556 -1.147573
-0.110535 0.316282 0.155866 0.366641 0.131953 -0.826775 -0.439900 -0.425213 -0.542741 -0.712911
0.087006 -0.337049 -1.150982 -0.416963 0.510819 0.088720 0.398203 -0.458493 -0.047427 -0.541199
0.047299 -0.532779 -1.625059 -0.433537 -0.190135 -0.576523 -0.715542 -0.409807 -0.190864 -0.700194
0.429999 -0.908864 -0.791995 0.076504 0.865047 -0.534336 -0.321275 -0.779056 0.277025 -0.543416
0.009062 -1.392463 -0.984881 -0.084127 0.351159 -0.149263 -0.360689 -0.601205 0.015137 -1.222887
0.232133 -0.724056 -1.508833 0.177659 0.331951 -0.097931 0.112581 -0.061366 0.374470 -1.306128
0.150459 -0.845046 -0.739262 -0.164291 0.740902 -0.934008 -0.941542 -0.330299 0.818349 -0.014084
0.109716 -0.821667 -1.265633 -0.336891 0.125882 -0.090643 -0.582779 -0.156232 0.982060 -0.378824
-0.729898 -0.492110 -0.409327 -0.680436 0.985220 -0.538002 -0.505631 -0.236773 0.839618 -0.376722
-0.410760 -0.468844 -1.239643 -0.921967 0.089927 -0.061992 0.557105 0.149190 -0.089948 -0.277421
-0.006297 0.534006 -1.398272 -0.958791 0.314915 0.183587 -0.807727 -0.706465 0.385784 -0.162436
0.192148 -0.308611 -0.968677 -0.105100 0.465514 -0.557839 0.062425 -0.044816 -0.258849 -1.358155
-0.354990 -0.481953 -1.247341 -0.797274 0.688096 0.249667 -0.116968 -0.832773 0.661548 -0.663946
0.666637 -0.543984 -0.218617 0.074213 0.629986 -0.764206 -0.381585 0.203261 -0.221660 -0.018029
-0.504744 -0.184499 -1.035311 -0.228901 0.315865 -0.059411 0.037089 0.973647 0.289853 -0.561047
0.357707 -1.177433 -0.788222 0.474813 0.315194 -0.386790 -0.086536 0.311626 -0.873166 -0.507852
0.295863 -1.116193 0.009453 0.226749 0.441087 -0.831969 -0.039435 -0.477542 -0.650259 -0.267970
0.060446 -1.527015 0.021853 -0.336224 0.220040 -0.242743 -0.606270 -0.253772 -0.584188 0.412987
0.811808 -0.134236 -0.910367 0.042263 0.124495 0.499901 -0.918092 0.513549 1.060059 -0.207370
0.256797 -1.287004 -1.124549 -0.150800 0.312308 -0.420064 -0.574984 0.941012 0.673684 -0.691706
0.649781 -0.550824 -1.131351 -0.444591 0.231691 0.203728 -0.940218 0.625408 0.631609 -0.463366
-0.109283 -0.969931 -0.803784 -0.173145 -0.065287 -0.393582 -0.823046 -0.037038 0.606524 -0.297212
-0.170121 0.175650 -0.273353 -0.374880 -0.038319 -0.820773 -0.020763 -0.044391 -0.175838 -1.143334
-0.026617 -0.393274 -1.186013 -0.744032 0.518948 -0.678611 -0.438531 0.082998 0.628335 -0.033310
-0.603888 0.003004 -0.373443 -1.072066 0.456221 0.216484 0.025613 -0.740817 0.475057 -0.136430
-0.705946 0.073964 -0.332979 -1.052641 0.518630 -0.043331 0.063052 -0.679178 0.583466 -0.136597
-0.189737 -0.654983 -0.857913 -0.253651 0.172580 -0.511604 -0.462096 0.153073 0.729132 -0.344034
-0.219662 -1.318090 -0.771547 0.488039 0.777968 0.781549 -0.027395 -1.175039 -0.828378 0.065750
0.144549 0.027629 -0.125306 0.272120 0.000052 -0.191916 -0.110262 -0.833494 -0.682163 -0.396673
-0.160164 0.198371 -1.311099 -0.159672 0.004556 -0.528818 -0.672573 0.741710 -0.141893 -0.964686
-0.079241 -0.514603 -0.647478 -0.566139 0.494622 0.309458 0.270857 -0.794994 -0.115221 0.038581
-0.676892 -0.477515 0.190818 -0.666197 1.088138 -1.016061 -0.121482 -0.261187 0.084515 -0.208690
0.635180 -1.144472 -1.395620 -0.797043 0.256258 -0.557424 -0.025019 -0.223468 -0.136663 -0.268312
-0.424909 0.287149 -0.337020 0.292214 0.056180 -0.285448 0.129241 0.778472 0.245837 -0.442041
0.276928 -0.031399 -0.327247 0.212686 0.330900 -0.348066 -0.313983 -0.038520 -0.078632 -0.313236
0.506553 -1.337363 -2.003506 -0.553420 -0.051060 -0.096652 -0.497943 -0.270967 0.400688 -1.092609
-0.479735 -0.479187 -1.190172 -0.508925 -0.325151 0.261478 -0.699861 0.706298 0.364514 -0.263751
-0.130836 -0.726950 -1.850756 -0.669622 0.343767 -0.349945 0.400910 -0.091033 -0.065650 -1.286124
0.169651 -0.613561 -1.358545 -0.925600 -0.176532 -0.613187 -0.612518 -0.363043 0.189070 -0.477353
0.366393 -1.045665 -1.696706 0.342751 -0.682613 -0.596759 -0.299828 -0.570127 0.134546 -1.217415
0.157372 -1.010262 -1.052478 -0.547806 0.061722 -0.399624 -0.749101 0.126219 0.877602 0.113402
0.147585 -0.433359 -0.557131 0.328845 0.710913 -0.150880 0.024894 -0.867175 -0.066354 -0.048898
-0.036861 -0.623295 -0.757229 -0.481553 0.614248 0.178587 -0.247125 -0.674282 -0.157486 -0.326236
-0.269030 -1.200980 -0.891444 0.217056 0.353760 -0.368453 -0.417392 -0.316296 0.071552 -0.679533
0.361509 -0.915084 -0.441939 0.010612 0.450346 -0.449596 -0.270118 -0.246942 0.567031 -0.180528
-0.545666 -0.719819 -1.499131 -0.237049 -0.222002 -0.387308 -1.193929 0.002590 0.535952 -0.896876
-0.463433 -1.154871 -1.516126 -0.497940 0.276829 -0.591763 0.188828 0.652427 0.003855 -0.119620
0.406554 -0.023343 -0.160741 0.188865 0.099874 -0.477019 -0.505227 -0.718389 0.042914 -0.407757
-0.037876 -0.880425 -1.109703 0.199827 0.205911 -0.209808 -0.231357 -0.364253 0.147891 -0.615200
-0.230038 0.273139 -0.844808 -0.607861 -0.155805 -0.506160 0.137611 0.625657 0.246220 -0.221458
0.025010 -0.029312 -1.464893 -0.356158 0.099419 -0.163653 -0.366702 0.160996 0.004034 -1.065428
-0.263499 -0.684241 -0.884894 0.107590 0.172115 -0.343547 -0.270982 -0.448891 0.043539 -0.448581
0.023860 -0.503234 -0.826339 -0.425031 0.725720 0.032118 -0.349823 -0.246126 -0.415509 -0.519743
0.715074 -0.120286 -1.424908 -0.467092 -0.079425 0.245068 -0.863477 0.693042 0.556574 0.332309
0.946001 -0.396650 -1.733515 -0.733268 -0.372836 0.106824 -0.490647 0.036250 0.211784 0.293435
0.693986 -0.911471 -1.103689 -0.250852 0.378175 -0.138050 -0.250949 -0.750652 0.560446 0.155757
1.018569 -0.110294 -1.305429 -0.214112 0.054681 0.559192 -0.791930 0.917680 0.986237 0.437303
0.631679 -0.296125 -1.057259 -0.312593 -0.508416 -0.141655 -1.370827 -0.056331 0.157148 0.029768
1.011495 -0.155964 -1.653974 -0.390796 0.005914 0.451396 -0.728965 0.636913 0.884151 0.306760
0.812128 -0.034539 -1.597529 -0.637546 0.208513 0.394999 -0.762059 0.548617 0.783951 0.055812
1.061806 -0.334581 -1.473689 -0.367365 -0.048906 0.515982 -0.534871 0.629152 0.746193 0.344155
1.169628 -0.197503 -1.643398 -0.377557 -0.068065 0.527140 -0.815271 0.818749 0.998997 0.373361
0.722104 -0.129898 -1.728561 -0.491944 -0.017338 0.086375 -0.928950 0.504490 0.827280 0.143062
0.699959 -0.292989 -1.300779 -0.494709 -0.411402 0.190769 -1.073023 0.354062 0.426604 0.085907
1.115887 -0.266521 -1.232075 -0.416435 -0.083964 0.723420 -0.886937 0.577147 0.779380 0.464795
1.161164 -0.407989 -1.751690 -0.572256 -0.054835 0.193435 -0.856375 0.148753 0.497194 0.090870
1.416784 -0.431468 -1.737213 -0.245631 -0.011898 0.043108 -0.962293 0.837621 0.919366 0.581169
1.210060 -0.442212 -1.259980 -0.359189 0.205495 0.138572 -1.187979 0.731732 0.576598 0.201266
0.918410 -0.179345 -1.804975 -0.537682 -0.133862 0.439316 -0.976108 0.548967 0.729685 0.409295
0.909638 -0.197459 -1.500995 -0.455948 -0.203915 0.449504 -0.821299 0.573806 0.598079 0.403667
1.015856 -0.497249 -1.201615 -0.634594 0.239115 -0.262523 -0.865709 0.332451 0.532615 -0.114685
0.961080 -0.310177 -1.442926 -0.276544 -0.094670 0.364881 -0.876612 0.317090 0.775972 0.013735
0.970919 -0.604659 -1.487985 -0.358557 0.356969 -0.257998 -1.486826 0.987871 0.391814 0.412901
0.806375 -0.308366 -1.312166 -0.496196 -0.458833 0.156957 -1.172464 0.217761 0.497634 -0.042045
0.914582 -0.189924 -1.768973 -0.264005 -0.069096 0.383901 -0.700436 0.590692 0.836131 0.536643
0.906644 -0.127311 -1.608001 -0.508469 -0.053057 0.537858 -0.922370 0.606873 0.765007 0.284224
1.053272 -0.278295 -1.407667 -0.229560 -0.335578 0.414077 -1.053095 0.348579 0.673700 0.296347
1.111027 -0.726308 -1.207084 0.047151 -0.220030 0.326729 -0.915237 0.509475 0.690462 0.348268
0.965525 -0.211979 -1.585162 -0.275783 -0.087285 0.296182 -0.744328 0.564118 0.803133 0.407721
1.120869 -0.352064 -1.680044 -0.347800 -0.179661 0.515627 -0.916035 0.499993 1.037531 0.596344
1.040889 -0.389067 -1.415959 -0.088826 -0.331159 0.210224 -0.865825 0.452304 0.637097 0.404141
0.499998 -0.198307 -1.273598 -0.482428 0.267567 0.027082 -0.711737 0.072303 0.699565 -0.246301
