-0.921192 -0.206115 -0.886654 -0.916133 0.602654 -0.574803 -0.234251 -0.279977 0.098863 -0.727239
-0.581337 -0.358058 -0.978237 -0.737791 0.204547 0.229740 -0.335687 -0.492545 0.233953 -0.170820
-0.642932 -0.191556 -0.913846 -0.840279 0.424498 0.318248 0.155002 0.886072 0.532268 -0.655001
0.248391 -0.204047 -0.050053 -0.411533 0.705761 0.285927 -0.272877 -0.159734 0.166951 0.259156
-0.451152 0.582959 -1.180165 -0.776641 1.341014 0.188543 -0.286297 0.874463 1.060148 -0.471878
0.222321 -0.131244 -1.184747 -0.774433 0.901797 0.252982 -0.121578 -0.063114 0.482624 -0.321647
0.491863 -0.494382 -1.220737 -0.073925 0.490143 -0.222985 -0.834718 1.298145 0.486131 -0.209611
-0.278481 -0.351293 -0.881421 -0.788133 0.836775 0.469153 -0.812451 0.648803 0.555403 0.134873
-0.286760 -0.450101 -0.997718 -0.541794 0.187341 -0.146560 -0.112530 0.057687 -0.467167 -0.617765
-0.250186 0.013795 -0.459222 -0.445073 1.092676 0.156460 -0.107475 0.582648 0.558214 -0.742722
-0.511469 0.403862 -1.072722 -1.003796 0.598127 0.408751 0.239061 0.574431 1.064470 -0.532043
-0.305995 0.311307 -0.975345 -1.312885 0.833496 0.729231 0.205379 0.542127 0.684142 -0.740360
-0.228047 0.114569 -0.825859 -0.240983 0.532636 0.138529 0.128054 0.654305 0.051475 -0.683864
-0.593499 0.079055 -1.363568 -0.735879 0.380700 -0.298668 0.203052 0.016316 0.257829 -0.332611
-0.176329 -1.216078 -0.505323 -0.076702 0.246282 -0.326695 -0.650072 0.217257 -0.175270 -0.867555
-0.839589 0.245967 -1.227836 -0.817344 0.835412 -0.177786 0.372866 0.410201 0.361571 -0.650737
-0.826037 0.109725 -0.814606 -0.738624 0.816300 0.062089 0.129499 0.591888 0.971020 -0.520353
-0.454992 -0.905109 -0.626822 -0.167919 0.491792 -0.454970 -0.275817 -0.261645 -0.424704 -0.685944
-0.232751 -0.540832 -1.631137 -0.386345 0.379199 -0.170099 0.016898 0.281703 0.141551 -0.866664
-0.122128 -0.165025 -1.421686 -0.010696 0.620739 0.447976 -0.547357 1.283658 0.513003 -0.651153
-0.373545 -0.162172 -1.443679 -0.721285 -0.171845 -0.196539 0.301374 0.092680 0.450734 -0.398220
-0.421116 0.624465 -1.207493 -0.485032 0.604517 0.049918 0.266330 0.855037 0.306053 -0.412538
0.051731 -0.414112 -1.643979 -0.552690 0.779744 0.385985 -0.306836 0.613257 0.653150 -0.734427
-0.087353 -0.328807 -0.812953 -0.787255 0.567464 -0.162811 -0.748948 -0.119014 0.781820 0.128895
-0.729409 -0.371558 -1.438799 0.088620 -0.248825 -0.322759 -0.567881 0.490733 0.354961 -0.496263
-0.061595 -0.177045 -1.322155 -0.049262 0.281969 -0.357109 -0.482842 0.354638 -0.202273 -0.744309
0.086713 -0.345107 -1.678026 -0.389734 0.288406 -0.151659 -0.670421 0.639629 0.145729 -0.239264
-0.278700 -0.960821 -1.012879 -0.498805 0.345769 -0.365276 0.200563 -0.765150 -0.399794 -0.801225
-0.385029 0.311150 -0.981050 -0.566891 0.372571 0.485691 -0.696928 0.329779 0.972832 -0.326870
-0.617414 -0.256988 -0.794485 -0.372354 0.474438 -0.256074 0.004409 0.147041 -0.470629 -0.886711
-0.367212 0.507244 -0.763645 -0.766209 1.095868 0.205365 -0.174801 0.152245 0.710971 -0.517988
-0.456840 -0.564953 -1.020279 -0.179192 0.987700 -0.135517 -0.333968 0.944734 -0.797015 -0.782985
-0.627367 -0.143294 -0.414675 -0.296935 0.749595 -0.371132 0.132307 0.587579 0.312942 -0.051986
-0.469519 -0.372353 -0.456921 -0.128122 0.158042 -0.173962 0.319534 0.689000 0.091321 -0.118060
-0.469106 -0.499567 -0.201043 -0.228113 0.121808 -0.612333 -0.134861 0.351214 0.374701 -0.228827
-0.395339 -1.294215 -1.272086 -0.477351 0.460310 -0.651284 -0.029731 0.162913 -0.211962 -1.069586
-0.581370 -0.202741 -0.892069 -0.392375 0.359666 -0.102246 0.399204 0.910003 0.462103 -0.745776
0.103059 -0.695102 -0.116446 -0.062985 0.768448 -0.185218 0.017534 -0.336132 0.031777 -0.170862
-0.232970 -0.398170 -0.286542 0.038919 0.652941 -0.348890 -0.421606 0.248926 -0.385138 -0.365529
0.111718 0.551719 -1.488006 -1.034833 0.891948 -0.271799 -0.058186 0.266126 0.646734 -0.903616
-0.862808 -0.456220 -1.196619 -0.495477 0.038992 -0.396812 0.463916 0.670363 0.296485 -0.703113
-0.390278 0.232157 -0.943858 -1.047436 0.504791 -0.306504 -0.456091 -0.023159 0.665150 -0.273998
-0.041147 -0.118471 -1.321060 -0.773941 0.365602 0.004325 -0.494279 0.396365 0.605253 -0.095627
-0.284128 -0.074182 -1.055334 -0.696245 0.794795 -0.022717 0.470662 -0.377105 -0.092541 -0.679745
-0.296112 -0.388594 -0.240229 -0.015423 0.915524 -0.178954 -0.404104 0.235496 0.380648 -0.428052
-0.510378 0.165883 -1.129539 -0.529910 1.557216 0.527442 -0.333833 0.801203 0.864754 -0.572328
0.180478 -0.326982 -1.362428 -0.183133 0.201905 0.101513 -0.312345 0.100253 0.267223 -0.823749
-0.500629 -0.470734 -0.559228 -0.246659 -0.430500 -0.391211 -0.503336 -0.024696 0.264445 0.308953
-0.171047 -0.288776 -0.836772 -0.330830 0.796798 0.210236 -0.446514 0.061552 0.101853 -0.264176
-0.238661 0.012290 -1.349173 -0.599762 0.023808 0.039433 -0.022836 0.709345 0.687246 -0.482620
-0.146572 -0.576633 -1.335281 -0.407470 0.587590 -0.327425 -0.034216 -0.454931 0.221850 -0.931864
0.017349 -0.505495 -2.009209 -1.212842 0.700093 0.103002 -0.110905 -0.035409 0.591112 -0.910864
-0.278999 0.349519 -1.773360 -0.879171 0.212004 0.363942 -0.761313 0.161648 0.512356 -0.169257
-0.293316 -0.575651 -1.204043 -0.328964 0.814783 0.339930 -0.216275 0.175031 0.148649 -0.199287
-0.759774 -0.820231 -0.618792 -0.499224 0.305048 -0.416819 -0.823475 0.427324 0.058862 -0.032223
-0.621870 -0.984395 -0.611746 0.065743 0.759598 0.085391 0.002993 -0.162244 1.101692 -0.584824
-0.159013 -1.438885 -1.105621 0.416554 0.328627 0.102041 -0.155855 -0.082323 0.564241 -0.490166
0.025585 -0.112218 -1.492267 -0.649695 0.540073 -0.073791 0.280142 1.014750 0.326551 -0.422208
-0.067931 -1.251601 -1.069389 0.223916 -0.026413 -0.465492 0.366312 -0.557445 -0.017788 -0.955109
-0.294606 0.096257 -0.619699 -0.717930 0.669681 -0.747976 0.244285 0.390668 -0.214094 -0.826161
-0.980819 -0.758630 -0.719296 -0.668501 0.429724 -0.411057 0.478537 -0.263748 0.023170 -0.693956
-0.446735 0.531235 -0.776388 -0.623544 1.229381 -0.201005 -0.002644 0.619251 0.021961 -0.482906
-0.532672 -1.048233 -0.989849 -0.098867 -0.236676 -0.625918 -0.254787 0.404016 0.307521 -0.759659
-0.233636 -0.287472 -1.381581 -0.810134 0.622385 0.323377 0.027574 0.343185 0.166111 -0.385563
-0.374520 0.381627 -0.794635 -0.844904 0.613829 -0.153473 -0.054190 0.098975 0.311919 -0.469988
-0.698395 0.218249 -0.916429 -0.160151 0.530280 -0.343133 0.760453 -0.231968 -1.131438 -0.403506
-0.159018 -0.747897 -0.299092 -0.294774 0.807118 -0.680039 -0.474425 -0.137640 -0.198607 -0.215799
0.117417 -0.888989 -0.902662 0.120407 0.381851 0.065224 -0.742988 -0.596611 0.277372 -0.934072
-0.458196 0.138576 -1.751096 -0.886195 0.011347 -0.163708 0.040130 0.411648 0.244954 -0.896570
-0.815378 0.337191 -0.852504 -0.825245 0.409000 -0.267882 0.200730 -0.117694 0.336612 -0.430819
-0.380110 0.246095 -1.578787 -0.494557 0.248530 -0.250018 -0.162906 0.725970 0.728632 -0.569146
0.739425 -0.348381 -0.816702 -0.470136 0.419317 0.089248 -1.014588 -0.794680 -0.529575 -0.178796
0.105648 -0.257887 -1.383069 0.240948 -0.206854 -0.197944 -0.267225 1.455454 0.438360 -0.510384
-0.393153 -0.240184 -0.570764 -0.063394 0.969687 -0.117041 -0.073948 -0.393800 -0.085008 -0.833411
-0.060430 -0.730694 -0.814246 0.210233 0.613041 -0.316487 0.118550 0.878571 -0.445444 -0.650361
0.557207 -0.838765 -1.132064 0.108193 0.069780 -0.373261 -0.049959 -0.245936 -0.440179 -0.660533
0.050554 -0.443036 -1.220463 -0.184863 -0.380412 -0.260533 0.096918 0.003633 0.081203 -0.083742
0.293356 -0.376133 -1.523847 -0.087837 0.026447 -0.378252 -0.109589 0.534298 0.691682 -0.845589
-0.114374 -0.528431 -0.558539 0.121604 0.514272 -0.106798 -0.331033 -0.612457 0.245496 -0.006526
0.373671 -0.446263 -1.098841 -0.478390 0.712307 -0.136151 -0.253063 -1.007482 -0.084697 -0.741985
0.053071 -1.010233 -0.906570 -0.471174 0.360873 -0.154836 -0.104899 -0.599310 -0.032406 -0.511712
-0.352110 -0.424963 -0.828651 -0.657486 0.766309 -0.455667 -0.799881 0.148641 0.402769 0.508500
0.308633 -1.167209 -0.465817 0.160351 0.782500 -0.546035 -0.587616 -0.359618 -0.088660 -0.483034
-0.257184 0.030322 -1.249233 -0.862416 0.223101 -0.508550 -0.004288 0.039997 0.530060 -0.709400
0.413732 -1.031896 -1.490477 -0.333930 0.481452 0.233335 -0.702737 -0.520936 0.918381 -0.862251
-0.136333 0.265936 -0.954089 -0.168962 0.347023 -0.510517 0.269199 -0.396699 0.029797 -0.714145
1.307697 -1.354705 -1.093509 0.112507 1.094097 -0.993993 -0.865735 -0.126072 0.104872 -0.247009
-0.181011 0.010477 -1.043139 -1.040766 0.485753 -0.001804 -0.413017 -1.090499 -0.134633 -0.969653
0.240602 -0.766086 -1.012748 -0.300611 0.334854 -0.853138 -0.224988 0.492925 0.376664 0.132429
1.396193 -0.441801 -1.558712 0.117895 0.413411 -0.678820 -0.569224 -0.407652 0.494123 -0.641000
0.007303 -0.308549 -1.012335 0.116651 -0.264394 -0.435587 -0.031127 -0.970072 -0.464061 -1.125695
0.410855 -0.334538 -0.848890 -0.056346 0.355550 -0.476746 -0.468083 -0.754607 0.065343 -0.058945
-0.949191 -0.259595 -0.501311 -0.882084 0.513458 -0.432937 0.381646 -0.486549 0.256031 -0.294503
0.074561 -1.143458 -1.159011 -0.384293 0.113635 0.049258 -0.267299 -0.044752 0.298468 -0.656766
-0.014841 -0.795227 -0.964479 -0.579357 0.702179 -0.566069 0.053193 -0.248964 0.556786 -0.228655
-0.686158 -0.007157 -1.052975 -0.119449 -0.004996 -0.848331 0.332325 0.248282 0.023742 -1.317487
0.274725 -0.504290 -1.532403 -0.536117 0.100528 -0.299746 -0.230998 -0.178621 0.072304 -0.716890
-0.678100 -0.572321 -0.911552 -1.154037 0.337837 0.113812 -0.149943 0.325898 0.251177 0.480305
-0.045368 -0.865050 -1.023822 -0.074051 0.571075 -0.767738 -0.667396 -0.161229 0.360487 -0.940014
-0.304799 -0.559755 -0.924750 -0.003013 0.913830 0.496555 -0.424467 0.142152 -0.614079 -0.840595
-0.030779 -1.131527 -1.169910 -0.200825 0.336712 -0.254368 -0.181815 -0.198430 0.377194 -0.147794
-0.395179 -0.780453 -0.971356 -0.279386 -0.195924 0.045688 0.005397 0.145594 0.460018 -1.137234
0.820565 -0.544009 -1.340808 -0.201798 -0.222384 -0.050491 -0.396290 -0.418425 0.396846 -0.622824
-0.051741 -0.547260 -0.492150 0.288528 0.057025 -0.315371 0.135844 0.019530 -0.037553 -0.489146
0.357859 -0.290177 -0.999925 -0.813174 0.001393 -0.965423 -0.229346 0.205815 0.368635 -0.645284
0.117417 -0.888989 -0.902662 0.120407 0.381851 0.065224 -0.742988 -0.596611 0.277372 -0.934072
0.020392 -0.235802 -1.368741 -0.691082 -0.215033 -0.056000 0.061793 0.536945 0.987202 -0.046645
-0.368309 0.287941 -0.959760 -1.036638 0.752556 0.269967 0.460360 0.610427 0.457784 -0.211445
0.335103 -0.113867 -0.587614 -0.029279 -0.140841 0.344479 -0.296826 0.230470 0.485924 0.155925
0.534487 -0.234867 -0.346211 -0.760835 -0.105642 -0.105732 -0.944532 0.546176 0.319945 -0.123458
-0.588245 -0.255468 -1.858901 -0.294644 0.384168 -0.003959 0.421940 0.353115 0.179346 -0.751322
-1.037353 0.061570 -0.857316 -0.373569 0.108790 -0.077469 0.160840 0.182332 0.525672 -0.719668
-1.016705 0.066084 -0.946685 -0.611569 0.436878 -0.084259 -0.181526 0.308250 0.897699 -0.537602
-0.687109 -0.686731 -0.885286 -0.379651 0.321499 -0.365764 0.192591 0.388809 0.933489 -0.676650
-0.240869 -0.232411 -0.985876 -0.363730 -0.213735 0.043404 -0.822236 0.197529 0.379963 -0.643591
-0.366055 -1.090783 -0.649634 0.031508 0.164564 -0.108132 -0.006513 0.165146 -0.092478 -0.803840
0.230624 -0.865136 -0.555449 -0.315929 0.852156 -0.115552 0.083907 -0.358729 -0.517997 -0.844514
0.084080 -0.259201 -1.375307 0.161990 0.204951 -0.681558 -0.169956 0.029141 0.295533 -0.576514
-0.410415 -0.717285 -1.347415 -0.176352 0.404770 -0.223393 -0.173826 -0.653977 -0.024578 -0.877573
-0.754191 -0.599452 -0.964582 -0.295029 0.120833 -0.681762 -0.842818 0.222020 0.889905 -0.284431
-0.162669 -0.162055 -1.352117 -0.780339 0.330427 0.008967 -0.596978 -0.724379 -0.194216 -0.998663
-0.144934 -0.813366 -1.157531 -0.603506 0.530859 0.118036 -0.241785 -0.002370 -0.018839 -1.110242
-0.382612 0.029067 -0.614413 -0.589823 -0.335542 0.493957 -0.743451 0.550370 1.153736 -0.248282
0.478130 -0.742140 -1.247818 -0.208057 0.504179 -0.080115 -0.097995 -0.153885 0.827639 -0.665271
-0.193145 -0.140525 -0.598279 -0.536436 -0.016962 0.193961 -0.149043 0.631157 0.328261 0.055126
0.585125 -1.107911 -0.855156 0.244874 0.147067 -0.418972 -0.115150 0.174464 0.457353 -0.343348
-0.523247 -0.498298 -1.102226 -0.463058 0.093891 -0.206351 -0.567457 0.174884 0.482739 -0.655151
0.300864 -0.235926 -0.982454 -0.545200 1.033026 -0.144653 0.029487 0.571344 0.552928 0.062662
0.897475 -0.149769 -1.776826 -0.520057 -0.122434 0.431859 -0.629919 0.475052 0.423895 0.031600
1.188493 -0.676744 -1.637284 -0.177838 -0.430586 0.465599 -0.609430 0.201216 0.436451 0.186791
1.279553 -0.199469 -0.751243 -0.427101 0.723942 0.083348 -0.978156 0.389114 1.423717 -0.253208
0.794622 -0.233111 -1.485511 -0.535561 -0.376841 0.217136 -0.987348 0.216942 0.458911 0.106757
0.466451 0.106933 -1.195826 -0.564767 0.104540 0.245859 -1.178648 0.430377 0.729152 0.196887
0.952218 -0.514591 -1.241918 -0.260024 -0.365539 0.464626 -0.879769 0.381604 0.587773 0.008414
0.451063 -0.772167 -0.898331 -0.319831 -0.298816 -0.102071 -1.037459 0.308925 -0.169992 0.141698
0.591699 -0.490886 -0.644536 -0.480955 0.055130 0.039688 -0.944575 0.428720 -0.059642 -0.150232
0.815038 -0.198408 -1.525334 -0.450876 -0.230886 0.217943 -0.918973 0.215208 0.557046 0.052427
0.636154 -0.330620 -1.221275 -0.339189 -0.435777 -0.051044 -1.106445 -0.015976 0.307629 -0.135747
0.800983 -0.211267 -1.572862 -0.373746 -0.234052 0.338064 -0.927830 0.428592 0.616368 0.256761
0.907653 -0.233729 -1.643057 -0.433039 -0.255954 0.270010 -0.696782 0.325627 0.512990 0.391359
1.077388 -0.442640 -1.614802 -0.079897 -0.173322 0.425990 -0.632363 0.360912 0.871281 0.488994
0.964509 -0.222473 -1.469711 -0.423264 -0.141849 0.490780 -0.889105 0.664478 0.747781 0.271959
0.917074 -0.367307 -1.465224 -0.218654 0.070629 0.229786 -0.729503 0.554819 0.830414 0.114006
0.913916 -0.410592 -1.294652 -0.405001 -0.040652 0.418106 -0.901802 0.687404 0.738834 0.581049
