-0.394440 0.120063 -0.251660 -1.207741 -0.032293 -0.966708 0.122677 -0.303358 0.809761 1.014903 0.300590 -1.096096
-1.123870 -1.398119 0.373227 0.707142 -0.474107 -0.897464 -0.998294 0.120182 0.830671 -0.236123 0.600955 1.126879
0.036963 -1.085208 0.312334 0.093664 0.219029 0.039973 0.166004 -0.627420 0.610529 -0.486309 0.125710 0.310843
-0.108197 -1.286900 0.306614 -0.754943 0.160224 0.320677 0.351996 -0.998590 0.539969 -0.032957 0.186321 -0.165826
0.057828 -1.599290 0.242309 -0.257275 0.072062 0.126296 0.324466 -0.586177 0.544826 -0.360366 0.201363 0.074400
-0.199635 -0.990808 0.711971 -1.022896 0.188086 -0.036305 0.410285 -0.427385 0.114840 -0.966289 0.085826 -0.603741
0.036174 -0.615698 -0.204566 -0.436451 0.575706 -0.436160 0.213747 -0.585994 0.061149 -0.269977 0.156180 -0.135788
-0.687563 -0.903326 0.519711 0.008633 -0.139819 -0.123451 -0.477500 -0.352441 0.758898 -0.307698 0.220730 0.257813
0.647464 -0.951259 0.907213 -0.437023 -0.048496 0.237373 0.067163 0.171063 0.139143 -0.970105 -0.582660 -0.416194
-0.416162 -1.239375 0.401957 -0.399632 -0.116078 0.401387 0.087975 -0.731251 0.170768 0.110516 0.199098 -0.442352
0.518605 -0.870974 0.157073 0.072817 0.032104 0.105614 0.012034 0.459467 0.715688 -1.069665 -0.147844 0.014451
-0.134164 -0.773515 0.266119 -0.704202 0.083722 0.265065 0.747200 -1.149040 0.974981 -0.438120 -0.733557 0.040684
-0.509858 -0.857462 0.968947 0.112031 -0.605337 0.286501 0.364585 -0.875132 0.573273 -1.023472 -0.444753 -0.080519
-0.906752 -0.711935 -0.172846 0.097187 0.215882 -0.043596 0.205937 -0.327271 0.084768 -0.545440 -0.490100 -0.534427
0.219022 -0.255343 0.408503 -0.693175 0.358145 0.047261 0.031931 -1.294139 0.406110 0.177534 0.086891 0.014997
-0.895032 -0.739052 0.621631 -0.024295 0.357223 0.324557 0.158643 -1.066635 0.305010 -0.168051 -0.431761 -0.017827
-0.345922 -1.012514 0.629519 -0.567473 -0.059709 0.293546 0.212856 -0.263943 0.924296 -1.024931 -0.183317 0.422546
-0.032688 -1.146817 0.651344 -0.382382 -0.644621 -0.804276 0.241586 -0.439209 0.141189 0.165961 0.164599 -0.334294
0.170506 -1.101224 -0.418741 -0.356326 0.166550 0.078198 0.730915 -0.825935 0.563194 0.234434 -0.239773 -0.718591
0.524608 -1.034709 0.203239 0.032758 -0.088251 0.113998 0.176453 -0.507573 1.182839 -0.309734 -0.223012 -0.088219
-0.994804 -0.166340 0.363315 -1.115801 -0.003880 -0.161593 -0.205112 -0.428976 0.639159 0.631093 0.379621 -0.213867
0.418342 0.404321 0.167059 -0.260669 0.466859 -0.192282 0.507486 -1.251502 -0.095023 0.032150 -0.708875 -0.171338
-0.699309 -0.465420 0.190714 -0.830547 -0.965709 -0.450691 -0.260366 0.098861 0.348926 -0.164929 -0.358154 -0.403948
-0.216615 0.072790 -0.113035 -1.237195 -0.135130 0.698852 0.477572 -0.669358 0.352151 -0.825698 -0.251916 -0.251068
-0.298091 -0.736458 0.373913 -0.454404 -0.058583 -0.709215 -0.067532 0.036265 0.362203 -0.502789 0.255779 0.699300
-0.206943 -1.094155 0.532843 -0.506426 -0.153835 -0.262056 -0.267034 -0.354946 0.391101 -0.992065 -0.227954 0.025683
-0.088868 -1.180966 0.458770 0.578359 -0.294139 0.207347 0.364136 0.054179 0.580593 -0.450951 0.339349 0.681033
-0.827420 -0.464237 0.151217 -0.573740 -0.576322 0.098356 -0.371965 -0.010737 1.074281 0.528169 -0.061740 0.177421
-0.779323 0.561075 1.066910 -0.913875 -0.498239 -1.139549 -0.627791 -0.125375 0.421832 1.199153 0.777492 -0.004007
-0.408508 -0.647141 1.063175 -0.963930 -0.055312 -0.551660 -0.212791 -0.717543 0.632429 0.452558 -0.000294 -0.473893
0.181775 0.395442 0.975198 -0.027028 0.537195 -0.490229 0.085208 -0.474343 0.263077 -0.355207 -0.262420 0.300523
-1.043038 0.012455 0.461994 -0.259371 -0.330283 -0.249066 0.272748 -0.881766 0.307192 0.250204 -0.055537 -0.687080
-0.872638 -0.629540 0.200901 -0.730703 -0.379446 -0.675053 -0.120708 -0.523241 0.535479 0.608394 0.492480 -0.119802
-0.488819 0.026526 -0.076256 0.055398 -0.232393 -0.595741 -0.097959 -0.028343 0.782163 0.464999 -0.046153 0.741189
-1.235763 -0.048872 0.712434 -0.488672 -0.075728 -0.123015 0.471617 -1.079493 0.673232 0.000508 -0.208154 -0.184974
-0.758758 -0.379944 0.751622 -1.150864 -0.464708 -0.218739 -0.223675 -0.401315 1.128451 0.322951 0.446303 0.225431
-1.130487 -0.590164 -0.038519 -1.426226 -0.417707 -0.947958 -0.174841 -0.193892 0.500330 0.427414 0.101641 -0.307516
-1.513256 0.231926 1.529072 -0.289669 -0.509039 -0.594932 0.108875 -0.457614 0.197035 0.079113 0.061899 -0.329566
-0.824228 -0.581966 0.627971 -0.651337 0.232348 -0.676913 0.442063 -0.722168 0.542468 -0.444615 0.324271 -0.166362
-1.391412 -0.480279 0.483732 -0.055329 -0.478091 -0.564336 0.195204 -0.251656 0.323286 0.305767 0.292662 -0.109845
-0.480615 -0.361441 0.791315 -0.565275 -0.162036 -0.203159 -0.086030 -0.551782 0.655568 0.044304 -0.192349 -0.151455
-0.286264 -0.170454 0.395477 -1.071761 -0.417801 -0.624585 -1.025329 -0.398220 0.683266 0.426749 0.264136 0.647952
0.009866 -0.545411 0.212701 -0.344661 0.332481 0.154143 0.271249 -0.587074 0.576756 -0.360802 0.152913 -0.433642
-1.086653 0.131026 0.598569 -0.493106 -0.532888 -0.826066 -0.584828 -0.244120 0.919067 0.427692 0.212869 0.025487
-0.390757 -0.509988 0.526587 -0.250971 0.178135 -0.427348 0.325752 -0.188403 0.362188 0.041726 -0.141422 -0.207393
-0.337683 0.121606 1.520736 -0.735605 -0.441836 -0.032175 -0.186979 -0.522366 -0.324643 0.403885 -0.721398 -0.378550
0.329253 0.107218 -0.141777 -0.297234 -0.750118 -0.457048 -0.096178 -0.939335 -0.298243 0.016921 -0.401993 0.135436
-0.921471 -1.173961 0.952078 -0.240388 -0.357295 0.178441 0.047250 -0.792769 0.424247 0.670275 -0.016131 -0.187997
-0.777814 -0.122259 1.116534 -1.553076 -0.397546 -1.126500 0.022713 -0.989520 0.502691 0.672087 0.574761 -0.424150
-0.665276 -0.059309 0.685601 0.007980 -0.015020 -0.262432 0.705518 -0.879302 -0.030813 -0.115809 -0.325466 -0.611313
-0.822090 -1.452059 1.023876 0.173257 -0.131768 0.078139 -0.059026 -0.522244 0.505522 -0.263106 0.017899 0.502870
-1.598373 -0.172782 -0.065409 -1.097839 -0.270421 -0.560639 -0.978909 -0.506792 1.019080 0.344297 0.979867 0.327162
-0.451017 -1.398929 0.683651 -0.845597 -0.542123 0.480028 0.144960 -0.813324 0.622485 0.044847 -0.129390 0.122008
-1.019610 -0.240132 0.158470 -0.923103 -0.527936 -0.672776 -0.132076 -0.121801 0.494085 0.826761 0.418380 0.063027
-1.328521 -0.774506 0.293694 -0.641424 -0.546741 -0.895917 -0.223929 -0.253127 0.636891 0.421196 0.244160 -0.088647
0.052162 -1.224907 0.239508 -0.152671 0.179873 0.076035 -0.076076 -0.991356 1.285564 -0.187100 -0.332463 -0.261210
-0.678376 -0.388511 0.258913 -0.576194 -0.201684 -0.580444 -0.157810 -0.462605 0.426008 0.053561 -0.018252 0.187443
-0.547926 -0.634559 -0.162788 -0.743045 0.364993 -0.934915 0.405950 -0.715264 0.019049 -0.166271 -0.006576 -0.400029
-0.487235 -0.669338 0.427019 -0.398210 -0.460113 -0.543872 0.487575 -0.908767 0.409754 0.324959 -0.144883 0.084412
-1.236462 -0.579409 0.100031 -0.965473 -0.222095 -0.647506 -0.699944 0.012727 0.714409 0.219738 0.861235 -0.131412
-0.425568 -0.963485 0.738278 -0.099275 0.713107 -0.402660 0.143024 -0.329823 0.594434 -0.667396 0.176767 0.276101
-0.164113 -0.276029 1.002471 -0.931436 -0.414569 -0.259469 -0.391585 -0.260200 0.364795 0.516749 -0.109960 -0.268212
0.195315 -0.592305 1.360318 -0.294089 -0.367536 -0.404938 0.045547 -0.612336 0.677544 -0.377647 -0.251475 -0.923048
-0.665494 -0.770918 0.510666 -0.571331 -0.039025 -0.393656 0.081276 -0.186405 0.795835 0.448964 -0.080896 0.070874
-1.185534 -0.892557 1.269542 -0.924909 -0.366560 -0.004243 0.002999 -0.674598 0.344090 -0.161246 0.050393 -0.228726
-0.122409 -0.955968 0.779011 -0.553742 0.033059 0.766416 0.313757 -1.043050 0.125311 -0.221932 0.068127 -0.255928
-0.701738 -1.346060 0.901367 0.261041 0.229656 0.051900 -0.428258 -0.404228 0.662437 -0.467613 -0.366403 0.537991
0.122860 -1.598648 0.426011 0.170909 -0.003568 -0.063697 0.645725 -0.101890 0.282608 -0.131744 -0.093700 -0.279356
0.527053 -1.111472 0.492340 -0.303357 0.012373 -0.374908 -0.162702 0.457132 0.682651 -0.824345 -0.100729 0.267626
-0.000925 -1.228020 0.523490 -0.144566 0.139776 -0.275749 0.395946 -0.375800 0.761020 -0.723171 -0.187714 0.161406
-0.441613 -1.677701 0.122288 0.141326 0.197409 0.299355 -0.156685 0.351651 0.867182 -0.902326 -0.279388 0.892535
-0.401729 -0.537635 0.403048 -0.222282 -0.362438 0.230258 0.330262 -0.555434 0.375372 -0.581993 -0.026020 -0.550822
0.151841 -1.120801 0.920944 0.023732 -0.275072 0.034119 0.370001 -0.255043 0.219483 -0.681543 -0.566271 -0.366366
-0.237696 -0.025045 0.713904 -0.706264 0.535789 -0.438685 0.361320 -0.459612 0.354068 0.429272 0.018848 -0.347186
-0.606996 -0.284261 0.230681 0.805514 -0.735423 -0.575049 0.359308 -0.086385 0.788717 -1.267243 -0.247191 0.377353
-0.908448 -0.952553 0.285147 0.222776 -0.362769 -0.755880 -1.132325 0.163017 0.593936 -0.649726 0.757628 0.721278
-0.220475 -0.146892 1.133670 -0.423739 0.233454 -0.612611 -0.520386 -0.522348 1.035324 0.176559 0.215176 0.329934
0.142639 -0.731417 0.953542 -0.276003 0.101709 -0.054385 -0.127705 -0.866523 0.685036 0.164912 -0.060891 -0.649363
-0.288022 -1.049334 0.704736 -0.352894 0.730688 -0.753424 0.444180 -0.558793 0.381128 0.031079 0.520227 -0.492578
0.163658 -0.285194 0.582491 0.271502 -0.592433 -0.557436 0.432420 0.017793 0.608611 -0.142887 -0.241689 -0.750644
0.615290 -1.003199 0.817865 -0.367416 -0.003584 -0.009475 0.178703 0.005842 -0.145603 -0.970643 -0.611065 -0.750136
0.228263 -0.881133 0.632917 0.139130 0.498198 -0.116806 0.320383 -0.009425 -0.161292 -1.020157 -0.756126 -0.283676
0.283959 -0.742745 0.993713 -0.402018 0.416213 0.166522 0.371199 -0.375818 0.085083 -0.880763 -0.362921 -0.415792
0.574612 -0.786879 1.274313 -0.662056 0.133540 0.290538 0.293154 -0.469623 -0.040807 -0.778809 -0.525886 -0.779175
0.005930 -1.390786 0.251840 -0.382357 -0.260695 0.083339 0.134839 -0.062580 0.612604 -0.900327 0.218380 0.292633
0.018936 -0.776914 1.015630 -0.415834 0.513886 -0.275890 0.258141 -0.335216 0.624755 -0.518322 0.164175 0.005226
0.225380 -0.513232 1.675624 -0.671535 0.130472 -0.402479 0.439510 -0.801265 0.011345 0.167468 -0.066857 -0.983855
-0.714736 -0.643808 0.130353 0.346028 0.487645 -0.476651 0.076619 0.072276 0.648041 0.020542 0.301012 0.292887
-0.470708 0.237557 0.885831 -0.857165 0.062450 -1.003758 0.107747 -0.297174 0.300028 0.867528 -0.493236 0.036138
-0.541366 0.583436 0.412616 -0.459919 0.081658 -0.568721 0.160982 -0.186761 0.378628 -0.192321 0.068148 -0.486907
-0.256697 -0.836989 0.027747 -0.226918 0.071109 -0.563512 -0.413979 0.051049 0.778807 -0.198890 0.940768 0.624889
-0.452797 -0.811534 0.589765 -0.682587 0.447615 -0.444476 0.259832 -0.722474 0.322524 -0.036858 0.165596 -0.325611
-0.152936 -1.308571 0.201696 -0.160312 -0.183169 -0.483126 0.734515 -0.753742 0.624514 0.082502 0.754559 0.094900
-0.545269 0.439210 0.751747 -0.240315 0.201573 0.293864 0.262229 -0.217500 0.200251 0.275833 -0.827405 -0.363828
-0.981138 0.425237 0.606965 0.026086 0.138990 -0.387823 -0.049039 -0.550540 0.453653 0.001648 0.052953 0.305244
0.686565 -0.511880 0.126647 0.062766 0.145635 -0.163861 0.100353 -1.159489 0.629083 0.631368 0.430637 -0.055099
-0.227478 -0.678909 0.815841 -0.419677 -0.614454 0.034868 0.231584 -0.130361 0.599790 -0.753241 -0.254825 -0.094351
-0.074124 -0.515254 -0.075021 0.110142 0.359533 -0.247588 0.712738 -0.435655 0.932050 0.189466 -0.114232 -0.410931
-0.164159 -0.593682 0.682883 -0.699406 -0.350796 0.808064 0.368558 -0.085779 0.953207 -0.099217 -0.031413 0.306109
-0.059154 -0.140698 0.124975 -0.659612 0.013187 -0.376444 -0.439849 -0.227042 0.912808 0.299244 -0.043165 -0.057527
-0.754824 -0.698882 0.077937 0.748399 0.426969 -0.119911 -0.114411 -0.809985 0.474310 -0.317771 -0.533754 0.201219
-0.059321 -1.184991 0.334876 -1.102824 -0.553362 0.360243 0.859582 -0.538470 0.570799 -0.300552 0.117606 -0.269090
-0.903206 0.000998 0.549434 -0.968015 -0.345316 -0.118704 0.017315 -0.269931 0.254924 0.553240 -0.047619 -0.736171
-0.851159 -0.299718 0.541341 0.443001 -0.174436 -0.713256 -0.740934 -0.202221 0.511285 -0.470910 0.652730 0.863483
-0.079463 -0.266347 0.652093 0.068942 0.041390 0.265079 0.054658 -0.496980 0.507494 0.062107 -0.310140 -0.194303
-1.434724 0.324837 0.604405 -0.312731 -0.466674 -0.719890 -0.497460 -0.260627 0.053640 0.825936 0.031978 0.017510
0.042682 0.102790 0.073248 -0.290618 -0.164509 -0.031962 -0.187541 -0.176604 0.833241 -0.362537 -0.993696 -0.606114
-0.541634 0.100277 0.864583 -1.010525 -0.708745 -1.011115 -0.191938 -0.302146 0.100597 0.535019 0.264026 -0.339980
0.026951 -0.076244 0.257363 -0.961788 0.091986 -1.420375 0.189374 -1.020787 0.777665 0.242738 -0.027287 -0.337129
-0.745852 -0.635117 1.025580 -1.142930 -0.245135 -0.703812 -0.059582 -1.104964 0.514091 0.664446 0.384990 0.034580
-0.930919 -0.427775 0.496681 -0.387334 0.088994 0.078758 0.083331 -0.553936 0.809589 -0.256271 0.149999 0.239318
0.343435 -0.164351 -0.340331 -0.141535 -0.466204 -0.111533 -0.127308 -0.035588 0.393329 0.122615 0.069040 0.343489
-0.622505 -0.532888 0.806635 -0.400747 -0.306674 -0.481240 0.122118 -0.253854 0.303933 0.073786 -0.289977 0.254798
-1.548010 -0.178010 0.073376 -0.650763 -0.394880 -0.742838 -0.500526 -0.349103 0.711007 0.499927 0.402096 0.352358
-0.200969 -0.387151 0.910549 -0.010741 0.299333 0.161578 0.018676 -1.037117 0.789454 -0.316264 -0.030368 0.273775
-0.917782 0.005780 1.222645 -1.155258 -0.272414 -1.221200 -0.388393 -0.684223 0.704119 0.322335 0.705823 0.078252
-1.039814 -0.062224 1.221485 -0.428639 -0.262955 -0.768260 -0.587060 -0.149169 0.533029 0.586976 0.673758 0.612575
-0.970415 -0.128264 0.820866 -0.632347 -0.661081 -0.460989 -0.272713 -0.029176 0.420060 0.764692 0.371376 0.224316
-0.665082 0.448434 0.547069 -0.195906 -0.238657 -0.234052 -0.524562 -0.355197 0.038030 0.265783 0.227152 0.149590
-1.035865 -0.258972 0.942624 -0.055279 -0.369160 -0.780032 0.124209 -0.692377 0.668099 -0.565875 -0.323261 0.010843
-1.090578 -0.168211 0.434343 -0.619611 -0.617829 -0.720013 -0.376709 0.324084 0.340750 0.489466 0.563697 0.067608
-1.085096 -0.190328 0.579487 -0.636499 -0.549075 -0.857021 -0.599080 -0.087550 0.590638 0.862528 0.653588 0.343946
-0.483996 -0.219151 0.714273 -0.404882 -0.054945 0.061701 -0.407917 -0.273162 0.125453 0.133688 0.008974 0.211361
-0.289527 -0.016288 0.704611 -0.665555 -0.224558 -1.120565 -0.397225 -0.596040 0.211284 0.921806 -0.320158 -0.676767
-0.238704 0.154819 -0.039811 0.058454 0.001658 -0.506347 -0.131674 -0.090563 0.407831 0.360382 -0.156351 0.110709
-0.395286 0.189431 1.075934 -0.885297 -0.450882 -0.178096 -0.080663 -0.431110 0.310337 0.274254 0.522924 0.105410
-0.264097 0.274269 -0.491415 -1.076989 -0.027269 -0.323128 -0.489778 0.028870 0.951245 0.638195 -0.635502 0.501568
-0.663239 0.007885 0.101982 -0.268436 -0.123756 -0.507170 -0.209613 0.270516 0.727717 0.404797 -0.025301 0.173338
-0.013484 -0.087981 0.410519 0.383164 0.385658 0.162479 0.357248 -0.781812 -0.176694 0.045618 0.115388 -0.683736
-0.031053 -0.461313 0.497914 -0.605595 -0.523739 1.363066 1.282078 -0.656688 0.699534 0.093809 -0.336733 -0.162936
0.201300 -0.467520 0.770229 -0.695869 -0.552630 1.388087 1.269165 -0.606847 0.465912 0.279580 0.055572 -0.343982
0.308053 -0.563310 0.533519 -1.019361 -0.148509 0.911778 0.829821 -1.173311 0.325019 0.756772 -0.203339 -0.150278
0.277819 -0.200580 0.768778 -0.407444 -0.379591 1.528320 1.172273 -0.322582 0.445149 0.324751 -0.261062 -0.463680
0.023135 -0.558897 0.343411 -1.000829 -0.191201 1.469146 1.149906 -0.725490 0.709694 0.318676 -0.398208 0.072506
0.159922 -0.510044 0.502520 -0.828747 -0.285578 1.590737 1.231219 -0.587199 0.531740 0.248599 -0.387652 -0.066341
0.300124 -0.317569 0.664123 -0.643007 -0.248942 1.622917 1.220268 -0.399945 0.471457 0.410937 -0.413634 -0.325104
0.115837 -0.234946 0.908714 -0.560950 -0.306638 1.638784 1.508413 -0.718761 0.476620 0.608883 -0.535886 -0.421991
0.098027 -0.567943 0.455912 -0.757501 -0.489744 1.344473 1.266802 -0.632317 0.588252 -0.018406 -0.361231 0.030526
0.221220 -0.533419 0.551165 -0.621103 -0.385280 1.478416 1.279589 -0.618690 0.582891 0.243779 -0.201054 -0.216415
0.450578 -0.079476 0.846278 -0.285802 -0.417762 1.493901 1.186620 -0.174566 0.228990 0.303144 -0.276161 -0.589691
0.130764 -0.282269 0.659006 -0.622567 -0.514356 1.480183 1.211757 -0.517172 0.548321 0.118582 -0.237462 -0.301746
0.237779 -0.448634 0.708227 -0.406447 -0.223334 1.606590 1.151573 -0.395262 0.433907 0.494041 -0.298132 -0.457000
0.179577 -0.840059 0.267782 -1.117624 -0.125604 1.528690 1.193884 -0.728076 0.551331 0.238284 -0.329170 0.186658
-0.106863 -0.016068 0.901506 -0.783829 -0.602159 1.114238 0.877917 -0.812066 0.587360 -0.024788 0.195025 -0.237857
0.202883 -0.480177 0.558519 -0.658788 -0.341020 1.464322 1.262388 -0.446180 0.496603 0.236303 -0.224318 -0.132306
0.065978 -0.900092 0.667926 -0.598976 0.216125 1.141126 0.994326 -0.932959 0.724591 0.581790 -0.278599 -0.242080
0.287202 -0.352407 0.648665 -0.619080 -0.458632 1.519372 1.280587 -0.458898 0.465384 0.116287 -0.217612 -0.247551
0.046947 -0.683990 0.386424 -0.891402 -0.203818 1.578611 1.159646 -0.674229 0.584046 0.272255 -0.421834 0.077933
0.306493 -0.274115 0.709692 -0.437686 -0.459650 1.489688 1.231167 -0.390673 0.411367 0.222445 -0.218588 -0.413898
0.154169 -0.495571 0.580468 -0.638557 -0.459637 1.465798 1.280758 -0.648067 0.609230 0.158074 -0.218858 -0.196111
0.155409 -0.613285 0.417345 -0.744294 -0.400443 1.468577 1.172015 -0.680450 0.586344 0.307429 -0.277192 -0.043540
0.048327 -0.898930 0.521256 -0.425457 0.053148 1.631399 1.028132 -0.644522 0.520301 0.678921 -0.538376 -0.297165
0.127507 -0.571692 0.594624 -0.753529 -0.255887 1.473514 1.079604 -0.591444 0.613448 0.259668 -0.245325 -0.231135
0.290806 -0.316515 0.747227 -0.309261 -0.396234 1.527628 1.051979 -0.222828 0.282891 0.162519 -0.239932 -0.482490
0.116434 -0.176564 0.966115 -0.465211 -0.405399 1.237841 1.256469 -0.605529 0.299291 0.246352 0.063452 -0.642651
-0.253871 0.238739 0.903102 -0.441107 -0.363014 0.869187 1.323139 -0.891986 0.267604 0.419861 -0.205187 -0.708504
0.243886 -0.424340 0.582351 -0.570330 -0.482060 1.435660 1.240511 -0.497784 0.505013 0.190904 -0.169573 -0.272126
0.053740 -0.617155 0.574998 -0.656585 -0.255153 1.436179 1.106730 -0.779098 0.710233 0.380938 -0.263469 -0.208689
0.267739 -0.076438 0.859829 -0.367992 -0.506803 1.531805 1.160981 -0.219906 0.313540 0.252365 -0.318324 -0.513239
