0.079399 -0.771839 0.531700 -0.333791 -0.140789 -0.130527 0.338847 -0.301662 0.698539 0.016718 -0.298080 0.016862
-0.172268 -0.766295 1.164944 -0.433283 0.258922 -0.303614 -0.100544 -0.484487 0.427058 -0.743663 0.140074 -0.055116
-0.182246 0.300127 1.411353 -0.468202 0.237921 0.080264 -0.160097 -1.016357 0.138426 -0.323932 0.250706 -0.426087
-0.444591 -0.189973 0.438120 -0.533789 0.058947 -0.673703 -0.221036 -0.710564 0.993238 0.124119 0.631029 -0.281655
-0.347630 -1.204627 0.282661 -0.186046 -0.408178 -0.382840 0.465105 -0.544953 0.221198 -0.191896 0.291019 0.170253
-0.091622 0.453612 1.042084 0.231586 0.812483 -0.656158 0.517910 -0.530832 0.088742 0.073942 0.117171 0.005877
-0.105600 -1.062662 0.485021 -0.391721 -0.050813 0.404483 0.193485 0.042273 0.768861 -0.802368 -0.362643 -0.078258
-1.051901 -1.159132 0.489534 0.266142 -0.372344 -0.771743 -1.130251 0.336839 0.737878 -0.524388 0.631878 0.986472
-1.088091 -0.520515 0.743835 -0.560359 -0.631669 -0.092990 0.015345 -0.586123 0.882510 -0.375614 -0.144993 0.506244
0.889126 -0.530978 1.101781 -0.787436 0.213975 -0.196922 0.054679 -0.392725 0.160188 -0.613601 -0.060795 -0.349649
-0.375964 -0.694298 0.277179 -0.473145 -0.702335 -0.394046 0.403645 -0.298681 0.960962 -0.799061 -0.409583 0.041433
-0.826053 -0.663558 0.276756 -0.638856 -0.208117 -0.019611 0.708052 -0.409150 0.378824 -0.228172 -0.381660 0.146469
-1.123066 0.236639 0.314875 -0.591850 -0.113619 -0.513132 -0.321030 0.208233 0.368946 0.489545 0.049767 0.362088
0.579245 -1.128969 0.451568 -0.317752 -0.170953 0.137997 0.051043 0.146392 0.138570 -1.018931 -0.096742 -0.358740
-1.199454 -0.460584 0.802637 -0.695620 -0.604607 -0.546721 -0.855664 -0.389067 0.950276 0.583705 0.384287 0.611206
-0.785142 -0.612058 0.224343 -0.899040 -0.298399 -1.138027 0.022686 -0.772714 0.433436 0.531837 0.565638 -0.758263
0.025923 -0.548155 -0.054726 0.034236 0.022787 0.685597 0.367016 0.088916 0.847888 -0.188287 -0.196868 0.184485
-0.154281 -0.332633 1.309477 -0.790546 -0.139842 -0.268466 0.171555 -1.070571 0.243878 0.061137 -0.703074 -0.923820
-0.919525 -0.726837 1.191636 -0.684251 -0.935823 -0.400954 0.050224 -0.269701 0.701626 0.083911 0.040928 0.003695
-0.954729 -0.539016 0.226256 -0.773677 -0.352216 -1.364798 -0.912151 -0.548141 0.757826 -0.431454 0.561237 -0.441922
0.227946 -0.832781 1.124096 -0.626204 0.086990 -0.927499 -0.755272 0.601685 0.578659 -0.419543 0.224853 0.062141
-0.928326 -0.152227 0.893403 -1.036530 0.021309 -0.835214 -0.535583 -1.024626 0.504002 0.426188 0.196387 -0.421804
-0.636490 -0.748749 1.190837 -0.289209 -0.022212 -0.889081 -0.289835 -0.029058 0.036656 0.317885 0.390658 -0.317539
-0.622480 -1.425920 1.069181 0.140383 -0.087364 0.077869 0.060418 -0.177175 0.531114 0.047982 0.241356 0.187788
-0.122143 -0.569944 -0.220274 0.032130 0.403744 -0.208093 0.833035 -0.052625 0.523454 -0.286636 -1.149019 0.109928
-0.220390 -1.043978 0.707608 -0.260274 0.303206 -0.810502 0.195723 -0.730695 0.027708 0.143818 -0.318266 -0.264388
0.219425 0.466006 1.300103 -1.185099 0.770796 -0.483015 -0.256599 -0.873450 0.394781 -0.288083 0.750417 -0.622813
0.090742 0.529331 0.546786 -0.682027 -0.190495 -0.544819 0.658697 -0.660141 0.328586 0.295296 -0.136545 0.064028
0.097655 0.062542 0.029623 -1.263453 0.141918 0.330999 -0.414899 -0.684527 0.532132 0.327297 -0.102707 -0.066700
-0.022998 -1.482557 0.872659 -0.595181 -0.564621 -0.366245 0.430702 -0.451135 0.273371 -0.105750 0.176315 -0.642371
-0.173067 -0.883347 0.371747 -0.250107 -0.156769 -0.595330 0.063279 0.220542 0.314878 0.075964 0.467486 -0.180035
-1.108209 -0.488312 0.288363 0.556105 -0.334340 -0.561559 -0.448267 -0.324314 0.662754 -0.564888 0.355013 0.751490
0.490163 -1.023577 0.233779 0.264819 0.060081 -0.266625 0.203517 -0.452491 0.237725 -0.531219 -0.070362 -0.192142
-0.036925 -0.192162 0.919336 -1.064265 0.677859 0.083255 -0.191586 -1.024118 0.661897 -0.247191 0.049185 0.074651
0.254332 -0.843878 0.738166 0.043317 -0.001600 -0.188940 0.111938 -0.080312 0.306044 -0.770770 -0.264533 -0.041740
0.483584 -0.858368 0.455592 0.376286 0.224398 -0.189638 0.165050 -0.592149 0.508948 -0.791400 -0.289550 -0.334090
0.228097 -1.124144 0.356441 0.144985 -0.559252 -0.108395 0.412609 0.408329 0.982694 -0.597321 -0.560447 0.155975
-0.055811 -0.475077 0.879960 -0.281855 0.326855 0.100700 -0.386589 -0.359322 0.874966 0.127275 0.432774 0.062052
-0.303647 -1.296200 1.000020 0.187110 -0.352693 -0.124531 0.436035 -0.062991 0.896459 -0.544049 -0.025231 -0.353474
-0.623143 0.223507 0.789918 -0.532779 -0.067354 -0.149050 -1.176682 -0.259083 0.774021 0.265630 0.081719 0.813062
-0.711246 0.587054 1.022182 -0.314857 0.072525 -0.509534 -0.161837 -0.368463 -0.361968 0.662623 0.330667 -0.486752
0.016087 -0.114071 1.279153 -0.144512 0.837696 -0.828874 0.497507 -0.316652 0.019528 -0.236530 0.266714 -0.095279
0.044700 -0.026143 -0.083378 0.074992 0.974574 -0.238676 0.541457 -0.622832 0.315160 1.303108 0.009557 -1.189500
0.010989 0.954334 0.977121 -0.472326 0.034618 -0.895457 0.173768 -0.398598 0.469568 0.121259 0.040225 0.128921
-0.744563 -0.205833 0.759239 -1.439210 -0.165069 -1.366266 0.043907 -0.648437 0.626231 -0.157546 0.222697 -0.530673
0.067766 -0.842100 0.895373 -0.315700 0.089768 0.264587 0.432766 -1.134424 0.288181 -0.163083 0.029414 -0.477452
-1.050562 -0.990999 1.017143 -0.419377 -0.185923 -0.614856 0.023379 -1.331798 0.048160 0.251949 0.546630 -0.213302
0.540970 0.424649 0.490078 -0.930237 0.640130 -0.598139 0.192536 -1.127693 0.266046 0.661650 -0.266597 0.047246
-1.010753 0.334004 0.787384 -0.790265 -0.229520 -1.157931 -0.286811 -0.369279 0.753999 0.094831 0.609594 -0.921605
0.283276 0.808158 1.427321 -1.222398 0.581358 -0.796123 -0.144823 -0.777174 -0.086917 0.228737 0.103857 -0.416703
0.204462 0.152066 1.176070 -0.696973 -0.222256 0.287016 0.509274 -0.306897 0.971831 0.275911 0.091669 0.257219
0.241529 -1.369158 0.432186 -0.081592 0.073717 -0.440065 0.415521 -0.296234 0.559600 -0.502655 0.545968 -0.063111
0.330808 -1.105885 0.972087 -0.390180 0.010665 -0.008661 0.021722 -0.299128 0.127727 -0.798494 -0.599441 -0.511216
0.334579 -0.659365 1.047490 -0.765653 -0.206744 0.050307 -0.258128 -0.358097 0.559630 -0.636156 0.226389 0.065115
-1.144443 0.012210 0.309111 -0.714118 -0.352441 -0.253346 -0.277331 0.076813 0.180146 0.869561 -0.205791 0.190411
0.381066 -1.237050 1.418559 -1.082113 0.254598 -0.479241 -0.239021 -0.713599 -0.066902 -0.009844 0.258731 -0.237082
0.074964 -0.829122 0.954516 -0.481372 0.528406 -0.513706 -0.007008 -0.625338 0.142450 -0.292438 0.077752 -0.609166
-0.389841 -0.127117 0.283915 -1.334841 -0.343794 0.378125 -0.200352 0.358792 1.001806 0.278464 0.503083 -0.343939
0.254332 -0.843878 0.738166 0.043317 -0.001600 -0.188940 0.111938 -0.080312 0.306044 -0.770770 -0.264533 -0.041740
-0.382115 -1.042860 0.627210 -0.239295 -0.251702 0.076643 0.312080 -0.672926 0.350695 -0.609732 -0.617636 -0.102066
0.146850 -0.887792 0.168871 0.139212 -0.025496 -0.365967 0.310738 -0.513203 0.463024 -0.335594 -0.253210 0.170867
0.142541 -0.806001 -0.247091 0.723675 -0.105606 -0.812887 0.477996 -0.838263 0.508276 -0.462117 -0.532295 0.196071
0.166089 -0.583650 0.461269 0.268010 0.449160 -0.403354 0.728799 -0.360465 0.535727 -0.486994 -0.643133 -0.031642
-0.078382 -0.370000 0.413345 0.458769 -0.328490 -0.525756 -0.045315 -0.148680 0.562182 -0.265126 0.092857 -0.219805
-0.493849 -1.090328 0.016523 -0.284405 0.677596 0.060530 0.283515 -0.795559 0.271897 0.098349 -0.340742 -0.515091
-0.219447 -1.350290 0.117902 0.074982 0.580002 -0.107720 0.591859 -1.090159 0.101603 0.230969 -0.041729 -0.096800
-0.950518 0.252678 0.656582 -0.261400 -0.606330 -0.238178 0.086404 -0.291622 0.012291 -0.565965 0.191822 -0.242615
-0.498630 -0.191807 0.871056 0.576898 0.109434 -0.055541 -0.056168 0.264424 -0.069240 0.978901 0.036952 -0.307198
-0.288179 0.562134 0.940138 -0.122175 -0.854796 -0.838076 -0.872648 -0.348280 0.576259 0.205621 0.075504 1.055666
-1.192560 -0.626627 1.340628 0.413933 -0.175396 0.114543 0.275792 -0.748804 0.181964 0.429629 -0.272088 0.067566
-0.400459 -0.916159 1.183145 0.262218 -0.138509 -0.092368 0.319783 -0.449540 0.350422 -0.193050 0.156917 0.338174
-1.181281 -0.274158 0.839225 -0.054194 -0.395606 -0.479171 -0.912199 0.096981 0.554008 -0.252244 0.486027 1.004813
-0.256412 -0.757740 1.113169 -0.078303 0.027044 0.318067 0.748214 -0.762596 -0.096239 -0.747824 -0.794313 -0.509332
0.217766 -0.432115 0.825990 0.388349 0.257112 0.039934 0.417592 -0.409327 0.001257 -0.624713 -0.449108 -0.577367
0.010441 -0.576802 -0.107544 -0.224025 -0.289177 -0.522865 -0.165259 -0.266008 0.723504 0.408313 0.691906 0.322004
-1.116364 0.174183 0.643775 -0.395723 -0.559640 -1.397125 -1.065777 -0.018080 0.641485 0.160717 0.603686 0.607537
-1.063239 0.172966 0.718067 -0.869541 -0.732297 -0.588255 0.008897 -0.275598 0.128534 -0.048280 0.062545 -0.092598
-0.068340 -0.422055 0.292215 -0.070990 -0.303848 -0.399319 -0.464611 -0.172089 0.330023 0.392505 0.014216 -0.276210
-0.143882 -0.587691 0.678789 -0.253013 -0.633558 0.135722 -0.002477 -0.199994 1.096632 0.065516 0.172975 -0.346900
0.099478 -0.415802 0.257930 -0.472116 -0.592095 -1.059996 0.121466 0.152272 0.041289 -0.034388 -0.482864 -0.351240
-0.891883 0.249294 0.359086 -0.981673 -0.507838 -0.817821 -1.027265 -0.014244 0.827112 1.382642 0.625356 0.190502
-0.455433 -0.482769 0.815522 -0.964585 -0.417569 0.129447 -0.426836 -0.613838 0.498292 1.000604 -0.068126 0.168202
-0.012055 -0.029273 1.505579 -0.910339 0.354687 0.039466 -0.016798 -0.589009 0.132231 0.196710 -0.274405 -0.498390
-0.408740 0.352945 0.672170 -0.441168 -0.832857 -0.854733 -0.546147 -0.820582 0.602115 0.436713 0.031316 0.153452
0.176794 -0.830163 0.403675 -0.047547 0.407995 -0.650348 -0.004373 -0.201770 0.748025 0.166218 -0.080221 0.501349
-0.800036 -0.350929 1.017381 -0.572085 0.142330 -0.334936 -0.486851 -0.636279 0.259944 0.264761 0.237656 -0.070774
-0.696962 -0.710325 1.805371 -0.864688 -0.701381 -0.393250 0.105402 -0.491957 0.818442 -0.134887 0.208588 -0.006856
0.165849 -0.490449 1.028542 0.461991 -0.417570 0.232130 0.633995 -0.575859 0.842818 -0.318756 -0.060322 -0.293152
-0.643660 -0.606654 0.771398 0.497883 0.105720 -0.476476 -0.245335 -0.521499 0.473272 -0.442829 0.463220 0.296153
-0.422439 -0.735627 0.682005 -0.477270 0.733710 -0.545225 -0.194979 -0.552376 0.827104 0.765887 0.247502 -0.136825
-0.527802 -0.178249 0.675556 -0.558935 0.335785 0.161154 0.331389 -1.261146 0.549236 -0.487486 0.127373 0.111691
-0.508302 -0.962494 0.440502 0.047420 -0.119100 -0.168129 -0.440594 -0.172404 0.857733 -0.179234 0.203998 0.158941
0.188070 0.052563 0.777723 -0.108710 -0.346824 -0.350403 0.076375 -0.345108 -0.248792 0.266989 0.393084 -0.387355
-0.070268 -0.586196 1.132186 0.638771 -0.041781 -0.025380 0.031467 -0.018981 0.169019 -0.521326 -0.053469 0.105406
-0.546979 -0.395087 1.178917 -1.351229 -0.240963 -0.365146 0.042739 -0.665659 0.742565 0.003109 0.412307 0.374509
0.153495 -0.544731 0.149040 -0.534821 -0.317605 -0.720829 0.182256 -0.105531 1.194787 0.354609 -0.185662 0.473096
0.291537 -0.404490 0.617854 -0.554976 -0.411826 1.141817 1.073528 -0.436635 0.520197 0.000172 -0.174335 -0.234945
0.308797 -0.089751 0.792713 -1.038519 -0.405502 1.481290 1.286683 -0.738808 0.447524 0.484537 -0.337414 -0.449161
0.059344 -0.243319 0.897362 -0.534402 -0.585234 1.603527 1.332731 -0.628337 0.632605 0.291824 -0.210634 -0.378301
-0.107891 -0.482725 0.863042 -0.795286 -0.232185 0.962780 0.889976 -0.613317 0.634881 0.177662 -0.046243 -0.106066
0.291763 -0.292558 0.480675 -0.382950 -0.305896 1.362617 1.190188 0.075795 0.435089 0.233159 -0.313339 -0.423557
0.090422 -0.122434 0.650617 -0.595664 -0.517279 1.314446 1.286431 -0.821626 0.542082 0.050075 -0.013184 -0.266677
0.451196 -0.079950 0.706870 -0.411332 -0.575437 1.321413 1.159909 -0.089742 0.217010 -0.028944 -0.174039 -0.395005
0.503518 0.110250 0.788687 -0.564573 -0.756847 1.108132 1.277409 -0.481847 0.432434 0.099540 0.007107 -0.479344
0.154765 -0.409968 0.444095 -0.625837 -0.553803 1.334637 1.175224 -0.546318 0.619319 0.188488 -0.112480 -0.207899
0.238597 -0.799721 0.100518 -0.662359 -0.198949 1.162635 0.926704 -0.635365 0.640384 0.121447 -0.262428 -0.081071
0.215576 -0.116105 0.795247 -0.386574 -0.430731 1.523507 1.276049 -0.443731 0.516768 0.386527 -0.237209 -0.487449
0.262597 -0.316678 0.396253 -0.902111 -0.398055 1.330574 0.909907 -0.287011 0.228489 -0.024700 -0.188810 -0.137206
0.288210 -0.154945 0.286598 -0.899784 -0.365501 0.672973 0.974390 -0.629210 0.512899 0.127939 -0.104230 -0.213206
0.151467 -0.310909 0.816397 -0.614624 -0.407872 1.438145 0.977100 -0.415438 0.493623 -0.091133 -0.162513 -0.335929
0.255462 -0.032319 0.800266 -0.402964 -0.559470 1.416433 1.164692 -0.270763 0.406720 0.190018 -0.209231 -0.493382
0.275103 -0.010998 0.799078 -0.381310 -0.580971 1.442448 1.158053 -0.217892 0.343317 0.157963 -0.181583 -0.544371
0.350691 -0.098972 0.809240 -0.303173 -0.618242 1.394633 1.247806 -0.311362 0.344270 0.145255 -0.113391 -0.540702
0.444236 -0.136872 0.714843 -0.391790 -0.449954 1.477718 1.151042 -0.369616 0.378752 0.091093 -0.311527 -0.520644
0.431506 -0.268270 0.548095 -0.466187 -0.352353 1.473423 1.040952 -0.248460 0.243062 0.176116 -0.098902 -0.411884
0.351737 0.056537 0.871386 -0.304653 -0.567722 1.360454 1.238238 -0.063959 0.204266 0.223273 -0.376775 -0.495664
0.453479 -0.522214 0.538189 -0.337435 0.075158 1.660704 1.136612 -0.383559 0.336006 0.687158 -0.237088 -0.458109
0.207900 -1.060480 0.416899 -0.297938 0.073490 1.757411 1.168543 -0.613741 0.301447 0.136832 -0.283579 -0.014342
-0.194247 -0.115414 0.804037 -0.189712 -0.216383 0.635017 0.843967 -0.421326 0.673242 0.215762 -0.315905 -0.280225
0.539207 0.013182 1.081560 -0.091347 -0.384048 1.534208 1.322968 -0.194029 0.122654 0.526331 -0.419565 -0.783227
