-0.404535 -1.448827 0.320410 0.403786 -0.003984 -0.056862 0.086094 -0.592174 0.976949 0.108795 0.413385 0.806804
-0.280141 -0.942209 1.047464 -0.443324 -0.024144 -0.131240 0.480267 -0.429863 0.546849 -0.249235 -0.580507 0.085588
-0.368004 -0.674432 0.518362 -0.490675 0.139606 0.175891 0.292912 -0.914879 -0.277806 -0.126910 -0.008794 -0.639302
0.150953 -0.936882 0.956715 -0.331583 0.239817 0.187265 0.561343 -0.488301 0.529430 -0.710491 -0.309346 0.002448
-0.460787 -1.189264 0.541889 -0.489535 -0.608119 0.313331 0.184362 -0.540535 0.449729 -0.263516 -0.424953 -0.881769
-0.096643 -1.098260 0.409287 -0.300554 0.303541 0.255286 0.199697 -0.574354 0.771036 -0.147684 -0.185841 -0.130490
-0.016036 -0.437793 0.126610 -0.233561 -0.143350 -0.172761 0.143640 0.063125 0.337237 -0.338610 -0.056907 0.318311
-0.138132 -0.605662 1.225767 -0.658876 -0.528495 -0.172165 0.721018 -0.600310 -0.046347 0.176638 0.334535 -0.825525
-0.126315 -0.415580 0.969087 -0.467574 -0.041450 -0.049607 0.096993 -0.556607 0.276301 -0.567478 -0.431992 -0.009653
-0.820360 -0.857677 0.670574 0.663233 0.283830 -0.283384 0.749015 -0.628623 0.119253 -0.213166 -0.295842 -0.125461
0.305705 -1.103148 -0.111988 0.235496 0.205698 -0.029218 0.129202 0.047682 0.750053 -0.601141 -0.136792 0.291689
-0.397733 -0.079861 0.067253 -0.500589 0.233573 -0.003010 -0.417893 -0.392008 0.548162 0.039541 -0.005123 0.177796
-0.728978 0.117508 1.163051 -0.339389 0.056939 -0.120916 0.409335 -0.844693 0.203998 0.172647 -0.822790 -0.603851
-1.102895 -1.199476 0.423524 0.521408 -0.338453 -0.822205 -1.128615 0.213757 0.824115 -0.463496 0.824746 1.089963
-0.126513 -1.540020 -0.021642 -0.086781 0.599235 0.035185 0.416065 -0.304579 0.373895 -0.512172 0.488281 0.070879
0.097611 -0.601671 0.827658 -0.834234 0.733732 -0.029103 0.376384 -0.992970 0.810407 -0.335270 -0.144822 0.187008
-0.735328 -0.204850 0.384495 0.327559 -0.368811 -1.152307 -0.645668 -0.307103 0.395987 -0.567565 0.777092 0.449830
0.167339 -0.125768 0.622060 0.227673 0.441533 -0.215536 -0.009340 -0.081113 0.376182 -0.144078 0.109385 -0.503456
0.194901 -0.699492 0.287215 -0.197877 0.460582 -0.090638 -0.228227 -0.224181 1.139956 -0.233612 0.047189 0.503470
0.068223 -1.070555 0.472144 0.125817 -0.090093 -0.180505 -0.285703 0.506655 0.276209 -0.822983 -0.567121 0.224897
-0.039291 -0.582557 -0.187292 -0.435496 -0.053633 0.385939 -0.020956 -0.274967 0.984045 -0.126706 0.054037 -0.221141
-0.098570 -0.542590 0.657901 -0.664892 -0.017972 0.453387 -0.013450 -0.850019 0.181672 0.269433 0.275624 -0.315693
-0.443859 -1.135691 0.199055 0.147759 -0.258209 0.058963 -0.810874 0.787378 0.638426 -0.052182 0.038841 0.798499
-0.387523 0.304571 -0.158798 -0.573223 0.300214 -0.173458 -0.166254 -0.169253 0.969933 0.496224 0.060148 0.371540
-0.164619 -1.249460 0.425182 0.203949 0.801697 0.493504 0.658859 -1.049314 0.841812 -0.154389 -0.164546 -0.169858
-0.224153 -0.963138 0.607350 -0.001387 -0.029870 0.384527 0.322410 -0.753439 0.612966 -0.581524 -0.155612 -0.161721
-0.532656 -0.502031 0.353644 -0.253119 -0.402285 0.484072 0.237867 -0.529454 0.635912 -0.770477 -0.281920 0.073065
-0.101436 -0.558521 0.263519 -0.005826 -0.531370 -0.462128 0.224453 0.381037 0.333703 -0.138639 0.051727 0.321886
-0.387214 -0.745880 0.549426 -0.047652 -0.272257 -0.250980 -0.761905 0.439316 0.570159 -0.127014 0.009454 0.602496
-0.592279 -1.021319 0.504203 -0.940489 -0.222522 0.622268 0.472940 -0.107014 0.641595 -0.205982 -0.608246 -0.211527
-0.226243 -0.674697 0.367218 0.400041 0.018113 0.031923 0.046161 -0.496739 0.649308 -1.202541 -0.072685 -0.141423
-0.442813 -0.655213 -0.097121 0.144683 -0.444591 -0.568011 -0.394352 0.315313 0.772644 -0.112327 0.328579 0.534213
-0.425490 0.028863 0.164136 0.068784 -0.216638 0.049755 -0.284551 0.122720 0.345481 0.333316 -0.432964 0.565646
-0.257774 -1.671051 0.063120 -0.436846 0.263189 -0.116294 0.026704 -0.257638 0.623018 -0.541023 -0.128921 0.408921
-0.590985 -0.953261 0.486371 -0.172555 -0.530104 -0.556842 -0.202516 -0.121849 0.730033 0.379993 0.166653 0.033739
-1.059001 -0.150590 0.621963 0.396215 -0.447080 -1.475385 -0.121319 -0.731063 -0.057567 -0.479768 -0.072273 -0.664354
-0.154692 1.150411 1.056061 -0.188425 0.187552 -0.814833 -0.227268 0.014324 0.252886 -0.146901 0.424980 -0.718899
-0.270739 -0.005454 0.073586 -0.080252 -0.185534 0.069785 -0.430997 0.302606 0.117950 0.753792 0.249451 -0.439616
-0.499827 -0.251687 0.985265 0.614174 -0.102027 0.174348 0.532972 -0.712161 0.208728 0.211378 -0.627036 -0.573145
-0.425982 -0.851874 0.894465 -0.725763 -0.309105 0.100557 0.335121 -0.731633 0.091825 -0.091877 -0.054122 -0.383218
-0.035620 -1.012555 0.865777 0.131996 0.079112 -0.158043 -0.365383 -0.787546 0.528161 -0.147064 0.143769 0.260953
-0.961975 -0.470271 -0.008289 -0.539290 -0.349127 -0.714486 -0.389747 -0.313460 0.593064 0.359157 0.538435 0.342347
-0.794445 -0.444959 1.106268 -0.046276 -0.431550 -0.928752 -0.827079 -0.099466 0.905836 -0.192882 0.705851 0.961588
-0.313607 -0.668895 0.435739 -0.616729 -0.052440 0.356987 0.449588 -0.408037 0.346530 0.253498 -0.264926 -0.358056
-0.960635 -1.052705 0.492925 -0.517861 -0.651995 -0.587937 -0.618602 0.700432 0.421666 0.734964 0.741252 0.208029
-0.430258 -0.474407 0.658285 -0.057405 -0.391262 -0.011358 -0.157308 0.328166 0.210064 -0.455561 -0.109310 0.308396
-1.128776 -0.501419 0.694082 -0.498975 -0.260441 -0.482106 -0.670765 -0.190628 1.114888 1.127196 0.654120 0.311534
-0.735480 -0.160468 0.507417 -0.662860 -0.518535 -0.125025 0.003315 0.159151 0.305053 0.534160 0.181379 0.193537
-0.927930 -0.406475 0.611582 -0.640523 -0.202366 -0.439984 -0.147163 0.178717 -0.038817 0.094368 -0.097065 -0.055862
-1.012870 -0.371182 1.258482 0.040912 -1.043816 -0.671964 -0.391090 0.018217 0.613173 0.377069 -0.031450 0.248429
-0.392376 -0.294164 1.050040 -1.515185 -0.573864 -0.747486 0.053933 -0.365497 -0.117602 0.607048 0.075053 -0.527005
-1.299771 -0.733419 0.858449 -0.171836 -0.543336 -0.492832 -0.314391 0.026459 0.434830 0.481539 0.547334 0.342093
-0.017693 -0.324579 0.174516 -0.479890 0.395541 -0.353902 0.400107 -1.109582 0.868475 0.420255 -0.055062 -0.402800
-1.050350 -1.088216 1.267751 -0.138806 -0.608109 -0.402064 -0.389303 -0.065138 0.438527 0.490091 0.297830 0.105469
-1.016738 -0.845817 1.482163 -0.136819 -0.473418 -0.143749 0.008961 -0.443071 0.767902 0.051312 0.068651 0.088131
-0.503677 -1.064791 0.885964 0.182005 -0.465982 -0.128976 -0.109624 -0.123236 0.914377 -0.096775 -0.047632 0.152093
-0.665065 -0.811188 1.274886 -0.177353 -0.632705 -0.062274 0.086328 -0.291900 0.719523 -0.010918 -0.035873 0.071196
-0.471773 0.591823 0.865434 -0.538548 0.042330 -0.752702 -0.061713 -0.372786 0.093784 0.623745 0.716780 -0.481198
-0.772772 0.312460 1.113022 -0.558232 -0.120760 -0.957336 -0.059955 -0.007949 0.111241 0.806756 0.634613 -0.443358
-1.266062 -0.774849 0.792391 -0.773312 -0.516654 0.020419 -0.109582 -0.096434 0.535647 -0.031835 0.428357 0.333695
0.548812 0.327111 0.351902 -0.272916 0.373942 -0.320913 0.278087 -0.533216 0.569990 -0.305767 -0.163492 0.619788
-1.310804 -0.926492 0.751505 -0.127177 -0.583412 -0.557092 -0.934396 -0.034728 0.754757 -0.342138 0.598733 0.606559
-1.088224 -1.393465 0.618089 0.282329 -0.479265 -0.709762 -1.115176 -0.198017 0.847780 -0.070279 0.471470 0.679745
-0.969373 -1.363956 0.520037 0.132613 -0.533631 -0.653822 -1.198415 -0.422919 0.850308 0.140857 0.396469 0.771069
-0.884719 -1.052223 0.159695 0.067454 0.258481 -0.546861 0.146350 -0.830006 0.664019 -0.049259 0.120328 -0.214709
0.103552 -0.995037 0.767274 -0.830669 -0.918533 -0.101990 0.318656 -0.494620 0.628405 -0.073745 0.067887 -0.483977
-0.478163 0.609484 1.174168 -0.635886 -0.448526 -1.457023 -0.079419 -0.495872 0.848531 -0.221826 -0.082840 0.081886
-1.384955 0.511543 0.155157 -0.437432 -0.640301 -1.126224 -0.810421 -0.366159 0.423549 0.294222 1.152198 -0.022800
-1.141299 -0.546678 0.599933 0.444704 -0.537589 -0.257244 -0.326962 -0.300078 1.779954 -0.749050 -0.364219 0.404650
-0.206033 0.096031 0.355481 -0.698229 0.109709 -0.616096 -0.465054 -0.183257 0.568179 0.041080 0.319556 0.735580
-0.648037 -0.559084 0.644792 -0.498971 0.202849 -0.030747 -0.366072 -0.531979 0.841383 -0.414640 0.095537 0.900289
-0.187287 -0.691440 0.673724 -0.116613 -0.179084 0.306938 0.163976 0.054063 0.127780 0.069181 0.277792 -0.543897
-0.476544 -0.881271 -0.358996 -0.466443 0.527472 0.346745 0.196469 -0.382490 1.253467 -0.105196 -0.944191 0.666743
0.007199 -0.562518 1.653065 -0.385189 0.536793 -0.323877 -0.223511 -0.565343 0.432036 -0.243581 -0.298073 0.029797
-0.905758 0.023602 0.896386 -0.680920 -0.565156 -0.246841 0.017042 -0.048199 0.379198 0.247054 0.086823 0.107082
-0.913894 -0.418809 0.457304 -0.383978 -0.069445 -0.101756 -0.395536 -0.247021 0.469937 -0.304894 0.595975 0.253612
-0.261361 0.110318 1.204665 -0.921047 1.041798 -0.535362 0.276380 -0.954345 -0.084550 0.317692 -0.411004 -0.447398
0.391660 -0.777792 0.936056 -1.037824 0.574940 -0.186746 0.300842 -0.499381 0.021868 -0.176831 -0.011156 0.151052
0.108440 -0.464960 0.511469 -0.841400 -0.344528 1.499429 1.221535 -0.651122 0.725743 0.247813 -0.250838 -0.114515
0.125758 -0.773074 0.474692 -0.687950 -0.153285 1.559480 1.182611 -0.691144 0.704894 0.476873 -0.307507 -0.178017
0.185009 -0.296445 0.580204 -0.783441 -0.353349 1.526764 1.122726 -0.454569 0.585228 0.221564 -0.188214 -0.218740
0.392033 -0.417732 0.569072 -0.610279 -0.519753 1.323991 1.165387 -0.589710 0.385401 0.195422 0.036424 -0.313065
0.399580 -0.007068 1.049433 -0.109486 -0.413085 1.504048 1.290029 -0.261957 0.243225 0.394915 -0.310082 -0.721614
-0.563704 -0.404020 0.973653 -0.628560 -0.071201 0.488852 0.542898 -0.940562 0.772586 0.325280 -0.151687 -0.078129
-0.021825 -0.039944 0.648858 -0.557144 -0.263137 1.285510 1.230134 -0.350683 0.356424 -0.025069 -0.366717 -0.113342
0.312678 -0.472401 0.840272 -0.707609 -0.562215 0.455601 1.280055 -0.520517 1.064496 -0.124397 -0.366464 -0.297815
0.263066 -0.230404 0.701252 -0.462665 -0.590438 1.358777 1.227974 -0.463994 0.518006 0.111627 -0.100801 -0.383335
0.200100 -0.469421 0.630767 -0.602248 -0.393330 1.524950 1.240090 -0.516656 0.555193 0.224914 -0.296785 -0.241474
0.002340 -0.116584 0.913550 -0.331933 0.094078 1.672250 1.242483 -0.447441 0.227750 0.965005 -0.810145 -0.455141
0.302794 -0.438887 0.573199 -0.519560 -0.464769 1.393157 1.293589 -0.550272 0.508970 0.179826 -0.130098 -0.281478
0.095821 -0.458451 0.598964 -0.572670 -0.537579 1.419911 1.208989 -0.533453 0.506600 0.074901 -0.319248 -0.193353
-0.072565 -0.545822 0.469738 -0.689895 -0.529828 1.352088 1.131925 -0.666501 0.624115 0.073958 -0.353286 -0.065580
0.259077 -0.302464 0.556850 -0.729619 -0.434662 1.459071 1.177835 -0.366355 0.510923 0.178538 -0.169969 -0.230096
0.194322 -0.084561 0.619304 -0.604259 -0.660598 1.332361 1.208851 -0.455524 0.438952 -0.029930 -0.085268 -0.280777
0.459851 -0.665355 0.391268 -0.585302 -0.229574 1.371810 1.213220 -0.445775 0.463330 0.287719 -0.119754 -0.188272
0.092545 -0.781034 0.252687 -0.991761 -0.226222 1.434503 1.271495 -0.805450 0.720823 0.217728 -0.279577 0.161685
0.096843 -0.710394 0.394506 -0.566739 -0.389580 1.240147 1.119117 -0.724429 0.713072 0.289309 -0.047491 -0.214249
0.363461 -0.563795 0.455013 -0.508137 -0.350031 1.388216 1.214598 -0.403005 0.421520 0.197865 -0.152657 -0.209413
0.001335 -0.199513 0.895385 -0.692443 -0.387584 1.538530 1.007704 -0.601016 0.508968 0.550318 -0.497269 -0.202157
0.264504 -0.239719 0.597987 -0.500653 -0.429388 1.459065 1.170279 -0.323523 0.329243 0.248268 -0.323832 -0.341443
0.340960 -0.001287 0.904671 -0.370638 -0.473234 1.480677 1.308507 -0.440740 0.468391 0.302417 -0.201729 -0.565091
0.276080 -0.632169 0.493151 -0.608186 -0.332901 1.381312 1.350165 -0.758291 0.683524 0.287998 -0.121030 -0.183183
0.008528 -0.121416 0.669157 -0.817502 -0.567479 1.436886 1.106989 -0.426109 0.579165 0.060630 -0.368053 -0.206021
0.110359 -0.056925 0.737261 -0.499043 -0.548126 1.455632 1.145900 -0.408292 0.435760 0.127972 -0.259029 -0.392976
0.505433 -0.295430 0.588799 -0.478551 -0.467714 1.379778 1.166335 -0.228608 0.288386 0.051882 0.032177 -0.363901
0.022632 -0.095770 0.305314 -0.459050 -0.190664 0.663673 1.184212 -0.053357 1.197243 -0.065378 -0.509047 0.177045
0.228206 -0.293294 0.564515 -0.721384 -0.379877 1.357822 1.241595 -0.453532 0.709162 0.162441 -0.301313 -0.099420
0.205974 -0.424931 0.687521 -0.426090 -0.026733 1.137294 0.798868 -0.206959 0.473826 0.495311 -0.153033 -0.503140
0.099348 -0.472006 0.561689 -0.804607 -0.400392 1.462613 1.061993 -0.780647 0.698277 -0.175301 -0.108230 -0.036439
0.289109 -0.496014 0.437474 -0.662297 -0.724477 1.135266 1.212206 -0.821318 0.754825 -0.132198 -0.433761 -0.276280
-0.178714 -0.941603 0.662704 -0.440199 -0.147940 1.355431 0.776910 -0.723715 0.453603 0.651748 -0.011043 -0.134272
0.421343 -0.297225 0.739338 -0.750794 -0.292457 1.083374 1.137114 -0.324969 0.452184 0.073984 0.049125 -0.334807
0.064932 -0.461020 0.478998 -0.714130 -0.522118 1.387798 1.228049 -0.663750 0.616515 0.122339 -0.187923 -0.149564
0.077626 -0.365536 0.461107 -0.659246 -0.380563 1.432249 1.155317 -0.670534 0.518917 0.502324 0.066192 -0.505043
0.325975 -0.684729 0.240090 -0.937718 -0.298780 1.336635 1.057369 -0.940744 0.716494 0.306918 -0.498870 -0.077003
0.235432 0.556357 1.307919 -0.476870 -0.581822 1.302640 1.243280 -0.194144 -0.068429 0.473608 -0.605467 -0.885980
0.299828 0.507795 1.076273 -0.252688 -0.495345 1.349241 1.249538 0.066863 -0.001346 0.504130 -0.518510 -0.756767
0.053318 -0.564486 0.455694 -0.741971 -0.475065 1.364532 1.240232 -0.715506 0.684890 0.124588 -0.244094 -0.067722
0.174699 -0.355997 0.596229 -0.616180 -0.558974 1.367226 1.215312 -0.479067 0.536545 0.017734 -0.213893 -0.210237
0.148995 -0.360827 0.288180 -0.788969 -0.520988 1.164935 1.171461 -0.428258 0.678252 0.204841 -0.283390 0.058764
0.372677 -0.393690 0.516155 -0.573082 -0.289765 1.446961 1.027182 -0.319434 0.510491 0.413433 -0.177450 -0.341881
0.375186 0.002889 0.864778 -0.266961 -0.389283 1.469268 1.136162 -0.109830 0.239110 0.308540 -0.276926 -0.604755
