0.049837 -1.100054 0.022662 -0.165770 0.297930 0.279849 -0.650185 0.006885 0.874130 -0.466347 -0.071279 0.469490
-0.615848 -0.884404 0.380214 -0.417393 -0.326508 0.157676 0.084789 -0.367117 1.037889 0.084074 -0.438953 0.104036
-0.114734 -0.808382 0.860446 -0.672137 -0.273409 -0.096301 0.066939 -0.118491 0.729522 -0.389177 0.372787 0.033640
0.187765 -1.311635 -0.114071 -0.132348 -0.198584 -0.158511 -0.212968 0.411888 0.510243 -0.909264 -0.041419 0.115265
0.390633 -0.470699 0.639880 -0.184587 -0.173389 0.254565 0.964799 -0.504697 0.832067 -0.255997 -0.714997 -0.533258
-0.104506 0.525473 2.269402 -0.494786 0.223010 -0.757264 0.436151 -0.542937 0.091874 0.090086 0.242711 -0.327798
-0.023424 -0.602212 0.042852 -0.586429 -0.727895 -0.127430 0.065138 -0.090903 -0.029568 -0.015955 0.827551 -0.022672
0.132822 -1.359670 0.471552 -1.078328 0.249348 -0.226603 0.613288 -0.468573 0.539438 -0.166843 -0.185851 0.257634
0.134991 -1.454774 0.705137 -0.113030 -0.273520 -0.169844 0.055815 -0.032832 -0.088899 -0.791820 -0.517300 0.039857
-0.211172 -0.909372 0.119920 -0.021115 0.265534 0.229430 0.224353 0.149573 0.687407 -0.559763 -0.425505 0.036000
0.148476 -0.809421 0.547951 -0.482597 -0.140831 0.426330 0.577731 -0.461188 0.506745 -0.811229 0.084383 -0.394041
-0.088623 -1.037157 0.544099 -0.476003 -0.130257 0.041307 0.279005 -0.612282 0.180472 0.108934 0.087622 -0.569967
0.087601 -0.902662 0.840461 -0.384851 -0.350108 0.529018 0.341869 -0.619566 0.153718 -0.376098 0.035117 -0.123903
-0.244417 -0.862078 0.214202 0.337353 0.968074 -0.185676 0.190364 -0.871154 0.646809 0.200732 -0.300337 -0.375953
-0.480563 0.639466 0.507230 0.751984 -0.187375 -1.430372 -0.137798 -0.561294 0.236994 0.157796 -0.120762 -0.632952
-0.187388 -1.261328 0.848191 0.188128 0.000109 -0.125342 -0.352828 0.164269 0.089100 -0.627208 -0.516776 0.020884
-0.726652 0.669189 0.558780 -0.012660 0.031053 -0.369798 -1.020897 0.214114 -0.112620 0.983967 0.267646 -0.285620
0.707334 -0.092343 0.463804 -0.186439 -0.343690 0.677695 0.070117 0.391918 0.498887 -0.613730 -0.182839 -0.065753
-0.354245 0.560265 0.554727 1.051258 0.317623 -0.306535 -0.295348 0.057761 -0.137484 -0.448854 -0.221837 -0.114652
-0.255863 -1.063715 1.019365 0.007015 -0.375153 0.480814 0.230348 -0.279246 1.005811 -0.269016 0.290589 -0.053942
-0.425430 -0.419250 0.684388 1.160437 -0.123722 -0.559167 0.212662 -0.484369 -0.225648 0.268814 0.604217 -0.327141
0.607399 0.125474 1.300406 -1.272910 0.422601 -0.180057 -0.077298 -1.170834 0.187919 0.249157 -0.011049 -0.423243
0.117975 -0.929833 1.194426 -0.480068 -0.170548 -0.528114 0.119924 -0.273268 0.224371 -0.314598 -0.378644 -0.344250
0.249805 -0.745959 0.368295 -0.383217 -0.335908 -0.240877 -0.393899 -0.096768 1.103192 -0.328803 -0.278551 0.057691
-0.293116 -0.129859 1.207704 -0.564818 0.902142 -0.907428 0.254117 -1.449709 0.405843 0.425389 -0.086043 0.106004
0.544133 -0.206959 1.121539 -1.052551 0.717312 -0.597376 0.574093 -0.494601 -0.192057 -0.292335 -0.332738 -0.044267
0.017805 -1.142469 0.840013 -1.353186 0.955806 -0.054184 0.102958 -0.826553 0.130591 0.572329 0.245812 -0.477231
0.425311 -0.493029 0.427280 0.139037 0.424049 -0.013473 0.534404 0.048774 0.337662 -0.718350 -0.649302 0.143321
-0.337423 0.911108 1.092920 -0.064980 -0.136914 -0.061260 0.007710 -0.333055 -0.141836 0.776428 0.341127 -0.366808
0.007632 -0.628587 1.030175 -0.758408 -0.088999 -0.459382 -0.172525 -0.380551 0.848217 0.138633 0.172710 -0.547276
0.204876 0.208446 1.163893 -0.650219 0.320894 -0.342969 0.404902 -0.703310 0.214027 0.367894 0.795606 -0.629206
0.550856 -0.402500 0.516036 -0.768068 0.916439 -0.364965 0.841602 -0.656402 0.086848 -1.261536 -1.004361 -0.619985
0.082269 -1.330024 -0.126466 -1.016245 0.730227 -0.400421 0.044667 -0.729314 0.268786 -0.483300 0.015552 -0.040672
0.088236 -1.428289 0.503748 -0.192297 0.547358 0.324283 0.168211 -0.553111 0.493194 -0.165296 0.370863 -0.316399
0.283763 -1.204240 0.826879 -0.028005 0.099600 -0.250658 0.374320 -0.426502 0.170535 -0.145391 -0.148376 -0.632775
-0.255289 -0.155729 0.865493 -0.087253 0.394510 -0.113017 0.166940 -0.057560 0.038959 -0.676220 -1.221974 0.407076
0.052937 -0.192969 0.997002 -0.392254 0.325914 -0.211635 0.598524 -0.413766 0.016307 -0.719470 -0.208216 -0.121451
0.666389 -0.248262 1.725103 -0.809082 0.008444 0.105564 0.480781 -0.604415 -0.149940 0.223726 -0.284667 -0.563455
-0.245020 -0.868176 0.330845 -0.112902 -0.154819 0.154477 0.075691 -0.079698 0.161874 -0.331506 0.076930 -0.696005
0.282593 0.155353 0.997300 -0.655630 0.473073 -0.887079 0.146941 -0.699314 0.078031 0.162968 0.500028 -0.554594
0.110541 -0.569341 0.383343 -0.628014 -0.294380 -0.717067 0.428887 -0.265322 0.144019 -0.281115 -0.359540 -1.124157
0.860911 -0.508613 1.134223 -0.831074 -0.441354 -0.403581 -0.313704 -0.262220 0.351348 -0.018483 -0.714467 -0.797697
0.065505 -0.135781 1.021070 -0.395773 0.454547 -0.304136 -0.032372 -0.626250 0.422492 -0.518751 -0.438760 -0.057087
0.170779 0.311719 1.305500 -0.291569 0.026120 -0.634214 -0.261184 0.208471 -0.603869 -0.149215 -0.260868 -0.614789
0.540930 -0.297378 1.415128 -0.736765 -0.047297 0.166036 0.182759 -0.127958 0.481155 -0.440235 -0.602649 -0.099780
-0.291764 -0.789894 1.020656 -0.268728 0.466232 -0.447796 -0.515582 -0.266076 0.775834 -0.497274 -0.063704 0.363089
0.321330 -0.547876 1.216774 -0.382630 0.450314 -0.112185 0.265635 -0.206460 -0.005441 -0.556938 -0.947004 -0.461966
0.374354 -0.328995 0.499300 -0.478842 0.237459 0.087822 0.482686 -0.623882 0.848330 -0.603931 -0.313907 0.350553
0.257611 -0.047447 1.549855 -0.874539 0.943640 -0.655505 0.072410 -0.519214 0.159511 -0.088059 -0.300805 -0.233917
0.055347 0.745182 1.281669 -0.186778 0.337188 -0.823538 0.103893 -0.335942 0.554642 0.141399 -0.030904 -0.322054
-0.119462 -0.325610 0.871879 -0.095965 -0.196817 0.095955 -0.066435 -0.062601 0.514256 -0.774473 -0.610205 0.110626
-0.128079 -0.455618 1.120570 0.000520 -0.379793 0.167158 0.045401 0.040300 0.499219 -0.633003 -0.749554 -0.012343
-0.004568 -0.716300 0.463676 -0.244814 -0.228510 0.448661 0.099259 -0.186513 0.623722 -1.040125 -0.222816 0.043387
-0.359488 -0.814920 0.869272 0.135113 -0.048599 -0.154900 -0.104222 -0.129284 0.296777 -0.800582 -0.039600 0.258127
0.231922 -0.059131 1.235128 -0.585797 0.574696 0.121965 0.102782 -0.831042 0.329289 -0.140832 0.094632 -0.277918
0.512133 -0.061911 0.956080 -0.087207 0.920034 -0.229463 0.179570 -0.630428 0.351241 -0.175939 0.350692 0.211895
0.094473 -0.881612 0.658904 0.596364 0.474041 -0.333180 0.495752 -0.684176 0.539693 -0.113929 0.225491 -0.057547
-0.645218 -0.728385 1.021107 0.507341 -0.121547 -0.750568 -0.034889 -0.638397 0.386690 -0.615416 -0.096383 0.090254
-0.690769 -1.213257 0.913412 0.410554 0.112036 -0.905605 -0.439501 -0.385938 0.415934 -0.122977 0.119415 0.150992
-0.580565 -0.946463 1.023440 0.822756 0.329157 -0.852256 0.053716 -0.878385 0.509495 -0.324008 -0.118534 0.054252
-0.548066 -2.001221 0.482227 -0.376914 0.142585 -0.192499 -0.043986 -0.915510 0.377500 -0.056225 0.166271 0.410802
-0.283606 -1.000103 0.779226 0.256414 -0.084010 -0.613416 -0.038797 -0.405775 0.266510 -0.791825 -0.131703 -0.192222
0.159873 -1.131772 0.604335 0.526825 0.120773 -0.774195 -0.580323 0.370616 -0.042090 -0.735366 -0.060805 0.394392
0.403982 -0.847027 0.328500 -0.355146 -0.211568 0.393335 0.535079 -0.221942 1.185805 -0.235342 -0.485904 0.640040
0.077486 0.069039 -0.610043 -0.679957 0.445558 -0.841200 0.797069 -0.846988 0.236832 -0.009803 -0.619213 0.372610
-0.316727 -0.805068 0.351629 0.274393 0.256261 -0.236429 0.153432 -0.551421 0.375859 -0.967193 -0.533742 -0.237138
-0.341010 -1.023283 0.519166 0.221704 -0.246390 -0.083842 -0.254198 -0.021742 0.094692 -0.484387 0.286764 0.553511
-0.747524 -0.860160 0.783505 0.149293 0.119496 -0.624755 -0.222482 -0.558077 0.305051 -0.820933 -0.052098 0.266775
-0.663109 -0.742561 0.891817 0.583567 0.118466 -0.325010 -0.444410 -0.103419 0.168261 -0.337352 0.186607 0.623699
-0.613751 -0.605105 0.920219 0.127441 0.586497 -0.911082 -0.471233 -0.900843 0.169836 0.114013 -0.000815 -0.196862
-0.532629 -1.442280 0.269883 -0.199460 0.431650 -0.515898 0.340532 -0.885540 0.039213 -0.046542 0.453106 -0.454080
-0.068405 -0.365222 -0.062901 0.701755 0.116671 -0.064412 -0.510231 -0.030444 0.228741 -0.790379 0.071375 0.371083
0.329245 -0.881791 0.260621 0.201881 0.677739 -0.357617 -0.308870 -0.484663 0.780234 -0.679751 0.341381 0.376031
-0.487899 -1.062664 0.533974 -0.104006 0.333042 0.035716 -0.080739 -0.751968 0.845171 -0.417966 0.023800 -0.082175
0.013669 -1.157076 0.489636 -0.527437 -0.005519 -0.877090 -0.189830 -0.549156 -0.132214 -0.362163 -0.084485 -0.165464
-0.187773 -1.149518 0.400174 0.179471 0.139192 -0.336105 -0.401988 0.528097 0.537682 -0.881740 -0.403021 0.446595
0.426839 -1.378785 0.794978 -0.356123 -0.086982 -0.103798 -0.025205 -0.564790 0.148611 -1.091642 -0.254615 -0.401230
0.360371 0.251946 0.370738 -0.617290 0.572152 -0.474228 -0.242681 -0.022623 0.504002 -0.059694 -0.450038 0.276561
0.266533 -0.821058 0.000835 -0.138261 -0.121009 -0.836419 -0.535675 0.098423 1.139694 -0.820679 -0.077855 0.535043
-0.117547 -0.477515 0.244457 0.329263 0.451008 -0.821623 -0.138145 -0.096506 0.364354 -1.060895 -0.141999 0.693657
-0.964843 0.826809 0.456664 -0.176724 -0.097269 -1.020521 -0.532920 -0.454592 0.624007 -0.352593 0.062835 -0.286829
0.447596 -0.623020 0.807136 0.446122 0.907502 -0.210569 0.136222 -0.858702 0.593014 -0.747224 -0.098303 -0.099244
-0.607128 -0.906926 -0.138288 0.156341 0.582731 0.032942 -0.147854 -0.586736 0.830022 -0.907828 0.257693 0.919720
-0.757995 -1.721467 0.210454 0.019920 0.112330 -0.219707 -0.256375 0.080764 1.032249 -0.644783 0.387110 0.849122
-0.593773 -1.449073 -0.061360 0.577884 0.064401 -0.457899 -0.628363 -0.032383 0.337665 -0.207899 0.846152 0.473970
-0.748527 -0.828951 0.758075 0.765075 0.187591 -0.379385 0.304651 -0.471436 0.175466 -0.319078 -0.404629 -0.342939
-0.417949 -0.792961 0.526441 -0.408806 0.117802 -0.070860 -0.223683 -0.694150 0.233210 -0.856300 -0.240727 -0.338260
-0.312620 -0.813713 0.403641 0.233142 0.284741 0.224685 0.576074 -0.301717 0.463199 -0.483333 -0.205217 0.460274
0.119325 -1.298788 0.373153 -0.194069 0.279248 0.406753 -0.101393 0.238288 0.842413 -0.953036 -0.432706 0.024165
-0.304165 -0.963164 0.847079 -1.101552 -0.032515 0.206457 0.004933 -0.598129 0.481477 -0.517653 0.219695 -0.032377
0.050963 -1.290663 0.792152 -0.036400 -0.259894 -0.093802 0.055228 -0.258849 0.539077 -0.451699 -0.576021 -0.022497
-0.486682 -0.936382 0.500491 0.674666 -0.111989 -0.714970 -0.251385 0.123923 0.613338 -0.994364 -0.149220 0.613675
-0.149553 -0.609689 0.726446 -0.044233 -0.183306 -0.660645 0.607829 -0.665944 0.245866 -0.503696 -0.371666 -0.394897
0.101891 -0.684441 0.635441 0.506006 0.509322 -0.221401 -0.007292 -0.437876 0.421456 -0.980931 -0.108252 -0.142369
-0.295125 -1.090925 0.363490 0.137116 -0.359425 0.440072 0.860888 -0.103495 0.593368 0.556356 -0.120014 -0.113777
0.230115 -1.395377 0.261255 -0.315639 -0.026446 -0.276828 0.962160 -0.992297 0.773452 0.790700 0.540701 0.563168
-0.243235 -1.096075 0.838446 0.397430 0.273530 -0.686408 -0.481907 -0.168165 0.114979 -0.973668 0.194828 0.273956
-0.403380 -0.486806 0.146188 0.296622 -0.512868 -0.307244 0.126476 0.584150 0.381166 -0.960615 -0.767551 -0.146152
0.008662 -0.184180 0.407446 -1.566633 0.039794 -1.152659 -0.111534 -1.279574 0.121353 0.000683 0.008967 -0.698734
-0.008690 -0.954671 0.672913 0.317433 0.140846 -0.608413 0.076187 -0.484762 0.176845 -0.332978 -0.030781 0.283252
-1.188348 -0.061953 0.772769 -0.571164 -1.027452 -0.306910 -0.373565 0.210178 0.584988 0.130159 -0.408163 0.389741
0.223851 -0.973313 0.055287 -0.514983 0.288699 0.142489 -0.134006 -0.369978 0.302170 -1.175501 0.143328 -0.192406
-0.171356 -1.000494 0.914648 -0.394829 -0.208280 -0.727123 0.036973 -0.206676 0.493979 -0.395404 0.241370 -0.292240
0.225569 -0.547505 0.330793 0.619793 0.348570 -0.900381 0.482611 -1.116200 0.166330 -0.191770 -0.018178 -0.159017
0.090959 0.486225 -0.309912 0.233766 0.066213 -0.320792 0.307101 -0.732171 0.357120 0.116968 0.106593 -0.321201
-0.739406 -0.615486 0.310755 -0.372639 0.482789 0.390532 0.063900 -1.038649 0.180349 0.176117 -0.495723 -0.126204
0.572729 -0.953753 0.331766 -1.393452 0.650374 -0.098771 0.049056 -0.936169 0.093175 0.277959 0.054391 0.048160
-0.859512 0.053437 -0.351419 -0.361414 -0.601430 -0.161146 -0.219059 -0.139513 0.404379 0.256093 -0.024264 -0.133886
-0.418167 -0.726980 0.530755 -0.403572 -0.247035 0.207496 0.152425 -0.131135 0.646536 0.105655 -0.202684 -0.364444
-1.192375 -0.032401 0.405237 -1.119789 -0.847159 -0.305623 -0.513243 -0.445629 0.402455 0.051103 -0.203536 0.033097
-0.110876 -0.843256 -0.428402 -0.165579 0.116184 0.016202 -0.033946 -0.148812 0.685627 0.290414 0.600028 0.570594
0.685295 -0.510183 1.129398 -0.351748 -0.371777 -0.483192 0.151697 -0.675726 0.781068 -0.218609 0.685463 -0.268941
-0.939917 0.114149 0.602081 -1.341554 -0.625710 -0.106729 -0.129823 -0.516626 0.553392 -0.413317 -0.389490 -0.060652
-1.118889 -0.325960 0.386830 -0.916436 0.021822 -0.272097 -0.260570 -0.447029 0.719223 0.040044 0.050545 0.422046
-0.736032 -0.765639 0.406322 -0.711592 -0.755568 -0.273127 0.135681 -0.971347 0.599264 -0.030135 0.743411 -0.641451
-1.231260 -0.100979 0.579441 -1.280888 -0.413131 -0.904076 0.229627 -0.191285 0.278316 0.267346 -0.043667 -0.698845
-0.242693 -0.905923 -0.154022 -0.826948 0.011969 -0.371469 0.511219 -1.041739 0.412134 0.276637 0.252742 -1.288258
-0.936499 -0.962142 0.917309 -0.155894 -0.722067 -0.665410 -0.513188 0.012791 0.765687 -0.006321 0.403169 0.613698
-0.675668 -0.832535 0.681594 0.237991 -0.742643 -0.577549 -0.560952 0.440002 0.223357 0.517599 -0.068306 0.789113
-0.799588 0.165755 0.861505 -0.190637 0.210404 -0.725628 -0.354198 -0.554877 0.506598 0.130190 -0.281543 0.234443
-0.360938 -1.185843 -0.254521 0.044959 0.329289 0.304848 0.525961 -1.275633 0.764863 -0.039091 -0.205308 -0.381821
-1.304077 -0.354013 -0.032167 -0.747287 -0.342802 -0.557559 0.130684 -0.947119 0.032439 0.255761 0.491112 -0.700149
0.327543 -1.059377 -0.004214 -0.500455 -0.355728 -0.794144 0.266158 -0.073790 0.654387 -0.005300 -0.278234 -0.265255
-0.636060 -0.764770 0.376050 -0.260268 -0.498638 0.039665 0.071940 -0.481233 0.722621 0.186620 -0.014225 0.537928
-0.392617 -0.880659 0.631761 0.058559 -0.682100 -0.419302 -0.343406 -0.244820 0.417350 0.060381 -0.442370 0.230882
-0.977772 -1.116724 0.663695 -0.703797 -0.613217 -0.580990 -0.550898 -0.032043 0.684938 -0.333504 0.270419 0.322390
-1.381243 -0.438630 0.060216 -0.084277 -0.456725 -1.044938 -1.176029 0.290231 0.511758 0.349179 0.842404 0.544912
-0.089440 -0.006941 0.866980 -0.206605 -0.899162 -0.362662 0.361761 -0.785453 0.119381 0.074036 -0.236035 -1.021826
-0.379959 -0.029669 0.427302 -0.715196 -0.504072 -0.769415 -0.420426 -0.123902 0.451648 0.576999 0.057684 -0.181745
-0.161970 -0.516760 0.607459 -0.795971 -0.094096 0.327331 0.024393 -0.532963 0.422963 -0.552517 0.128691 -0.146634
-0.671398 -0.320462 0.441125 -0.211117 0.484213 0.309854 0.077345 -0.837617 0.639280 -0.107084 -0.184854 0.062913
-0.658650 0.137265 0.100475 -0.088829 -0.233409 0.115659 -0.228758 -0.033895 0.604894 -0.336670 -0.141184 -0.279525
-0.812325 -0.256355 0.909127 0.060929 -0.151646 -0.417365 -0.552992 -0.160472 0.397194 0.117132 0.384771 0.294204
-1.229077 -0.796964 0.067743 -0.248617 0.035410 -0.333290 -0.748385 -0.010196 0.265344 0.585623 0.349021 -0.314868
-1.191254 -0.156828 0.136685 -0.945910 -0.672798 -0.496158 0.235946 -0.854602 0.618959 0.679209 -0.030466 -0.235688
-0.820677 0.064707 0.739273 -0.642422 -0.751058 -1.142692 -0.306218 0.743366 -0.186556 0.794195 0.623982 -0.442456
-0.540076 0.188592 1.746854 -0.695793 -0.562199 -0.512222 -0.329461 -0.425655 0.250906 -0.006283 0.521531 -0.365682
-0.936499 0.139346 1.021407 -0.878067 -0.592378 0.052702 -0.268680 -0.151820 0.737051 -0.341364 -0.426587 0.374603
-0.368883 -0.390771 0.181084 -1.137342 0.001254 -0.580343 -0.089165 0.096050 0.368915 0.684142 0.180288 0.061894
-0.415050 -0.600584 0.907846 -0.988054 -0.059367 -1.195324 -0.483399 -0.870297 0.596609 0.391665 0.743798 0.102326
-0.162456 -1.756691 0.293824 -0.253852 -0.029921 -0.256682 0.499646 -0.691273 0.659944 0.104608 0.043979 -0.217178
-0.319506 -0.733847 1.354324 -0.472912 0.193043 -0.599714 -0.041909 -0.580520 1.003848 -0.323874 -0.055003 0.330862
-0.512028 -0.630614 1.064256 -0.213985 0.036924 -0.479588 -0.201469 -1.024035 0.918418 0.452404 0.654475 -0.070570
-0.916113 -0.515729 0.476164 0.042344 0.034316 -0.842386 -0.601138 -0.145186 1.151653 0.410691 0.804877 0.309388
-0.194571 -0.375422 0.797059 0.162726 -0.077308 -0.216606 -0.178243 -0.441006 0.407668 -0.471399 0.125580 0.272015
-1.004988 -0.896362 0.788661 -0.384430 -0.310938 -0.609288 -0.505408 -0.440580 1.093367 0.424095 0.278523 0.154487
-0.654449 -0.829456 0.546220 0.035245 0.075774 0.006972 0.298414 -0.606412 1.142424 -0.287275 0.076279 0.902096
-0.772039 -0.648330 0.749292 -0.096011 -0.859723 -0.100663 0.216008 0.727060 0.657863 0.138591 -0.377242 0.188343
-0.440044 -1.445589 0.756668 -0.161308 -0.307694 -0.373206 0.321422 -0.155043 0.268100 -0.098964 0.212682 -0.330415
-1.061097 0.251767 0.845907 -0.831549 -0.713148 -1.206412 -0.613581 -0.048558 -0.555168 0.754638 0.487535 -0.602624
0.144491 -0.356054 0.859608 -0.181429 0.039396 0.377886 0.378619 0.378933 0.376425 -0.150635 -0.680434 0.351326
0.568028 0.332263 0.861307 -0.825234 -0.723250 -0.811985 -0.358071 -0.026981 0.097155 1.032212 -0.497481 0.026166
-1.233482 0.182134 0.339979 -0.765217 -0.244533 0.059787 -0.910452 -0.199131 0.912100 0.591783 0.362035 0.559592
0.109272 -1.348802 0.149468 -0.495333 0.692353 -0.419132 -0.051419 -0.196049 0.218737 -0.231367 -0.051625 -0.570326
-1.154863 -0.364802 0.903515 -0.283436 0.047399 0.067740 0.044644 -0.866501 0.308687 0.209591 0.054436 -0.107346
-0.826790 -0.132580 0.536163 -0.707791 0.050239 0.226863 -0.146102 -0.401832 0.491436 -0.352894 0.061427 0.251699
-0.256197 0.017238 -0.052066 0.444569 -0.338931 -0.716886 -0.056377 -0.535511 0.223120 -0.011975 0.417795 -0.899209
-0.993085 -0.654605 0.961877 -0.196935 -0.755083 -0.057917 0.123362 -0.318743 0.917221 -0.527701 -0.400991 0.237390
0.325407 -0.737816 1.291453 -0.565235 0.335038 -0.536683 0.318105 -0.574288 0.365516 -0.244833 -0.243142 -0.360227
-0.860086 0.699216 -0.068486 -0.335554 -0.905277 -0.829156 -0.427341 -0.065643 0.394115 0.012905 -0.023872 -0.140941
0.475241 0.264088 0.813701 -0.156233 0.025040 0.616359 0.468307 0.581604 0.254710 0.126782 -0.060648 -0.056836
0.045825 0.185500 0.042698 0.459397 -0.452846 0.145790 0.231575 0.118261 0.445317 0.169245 0.152694 -0.283993
0.194334 -0.528255 1.493474 -0.520487 0.156492 -0.876511 0.231718 -0.368242 -0.267541 0.086185 -0.118909 -0.821932
-1.116079 -0.176339 1.094380 -0.553858 -0.193749 -0.081201 -0.666326 -0.925844 0.769178 0.284117 0.574966 0.194247
-0.104255 -0.149580 1.060258 -0.643237 0.194201 -0.920740 -0.482098 -0.174483 0.944348 0.334789 0.391513 -0.653349
0.391194 -0.479228 1.219636 -0.977852 1.008589 -0.162296 0.305143 -1.071129 0.261606 0.529795 0.288113 -0.540458
0.436054 0.230001 1.180698 -0.582325 0.156734 -0.384425 0.117558 -0.629436 0.652409 0.377626 0.123978 -0.674421
0.505970 -0.372998 0.499228 0.391631 0.134456 0.381553 0.252732 0.120370 0.027359 -0.445827 -0.248487 -0.578801
0.056034 -0.604082 0.377540 -0.351486 -0.361830 -0.261549 0.656429 -0.278659 0.371885 -0.257279 -0.737101 -0.596596
0.040193 -0.802946 0.483568 -0.031027 0.178176 0.421334 0.153250 -0.447629 0.234636 -0.663626 0.000524 -0.462930
0.319033 -1.029461 -0.557266 -0.258573 0.686868 0.406843 0.206989 -0.073287 0.530456 -0.743652 0.049688 -0.091355
0.047546 -0.466236 1.520790 -1.069697 0.471516 -0.281442 0.093694 -0.729816 -0.004676 0.060146 0.061006 -0.386490
0.314153 -0.533823 1.031514 -0.411465 0.070416 -0.195864 0.060039 -0.028625 0.441214 -0.627266 -0.287206 0.033315
0.018555 -0.942724 0.798863 -1.063766 0.151198 -0.169183 -0.035821 -0.302766 0.622371 -0.256472 0.547610 0.325614
0.423473 -0.130717 1.340442 -0.841820 0.455501 -0.256430 0.123636 -0.968552 0.166981 -0.651527 -0.445803 -0.633219
-1.051840 0.202161 0.909534 -0.281082 -0.485047 -0.664936 -0.753612 0.154776 0.623237 -0.075925 0.442649 0.624546
0.040779 -1.131781 0.452622 -0.864795 0.226718 -0.518668 0.354287 -0.986940 0.827394 0.019061 0.076794 0.055376
0.315507 0.051825 0.536538 -0.591153 -0.724291 1.217737 1.346958 -0.410339 0.316354 -0.180071 -0.248780 -0.333111
-0.243192 -0.420437 0.651217 -0.128981 0.138227 1.077060 0.496582 -0.016365 0.313544 0.599497 -0.040043 -0.525622
0.028309 -0.711829 0.655157 -0.449128 -0.242511 1.582768 1.195618 -0.774381 0.731687 0.536026 -0.374918 -0.343194
0.095184 -0.242096 1.121905 -0.643089 -0.616007 1.256996 0.856961 -0.723709 0.890210 0.693326 -0.185411 -0.043402
-0.056726 -0.685367 0.258027 -0.767544 -0.304074 1.298946 0.977070 -0.860400 0.752270 0.183786 -0.013275 -0.029559
0.132491 -0.892702 0.078375 -0.713298 -0.227766 1.264699 0.900493 -0.698700 0.616811 0.257084 -0.148497 0.075790
-0.052523 -0.632459 0.285259 -0.448745 0.106009 1.239786 1.098266 -0.574755 0.402887 0.564591 -0.419379 -0.264438
0.156016 -0.893337 0.470354 -0.584563 -0.137128 1.589319 1.227925 -0.792656 0.683436 0.547635 -0.318210 -0.203715
0.162751 0.032545 0.524702 -0.880035 -0.486744 1.231873 0.645320 -0.335583 0.694927 0.588885 -0.281066 0.449896
1.010337 0.941902 0.288857 -1.179067 0.451896 0.124870 0.532402 -0.464052 -0.138712 0.729265 -0.016524 -0.738118
0.357606 -0.289123 0.651752 -0.431841 -0.430839 1.418633 1.132524 -0.246324 0.368664 0.141558 -0.191042 -0.378017
0.158909 -0.524709 0.604562 -0.355299 -0.344851 1.530482 1.108270 -0.451548 0.306300 0.199003 -0.364692 -0.392998
0.100772 -0.353170 0.304255 -0.581665 -0.282625 1.617962 1.029450 -0.217089 0.419220 0.015897 -0.698017 -0.235970
0.083091 -0.881365 0.214609 -0.620196 -0.387871 0.785014 0.875876 -0.706277 0.928308 -0.088302 -0.297780 0.204320
0.242136 -0.675956 0.864113 -0.150101 -0.130267 1.085035 1.108399 -0.373251 0.721422 0.678052 -0.071547 -0.519876
0.060650 -0.806378 0.249073 -1.020264 -0.286040 0.915920 0.527372 0.017915 0.508870 0.922685 -0.224992 0.363616
0.233572 0.066317 0.890823 -0.415888 -0.669548 1.408996 1.252860 -0.195926 0.229504 0.214828 -0.331191 -0.489242
-0.228758 0.528405 0.372843 -0.623026 -0.619548 0.590690 0.662741 -0.354577 0.800935 1.131703 -0.214738 -0.359743
0.058922 -0.380453 0.698822 -0.193594 -0.267910 1.518258 1.181028 -0.382004 0.441966 0.292929 -0.500529 -0.523058
0.134027 -0.488205 0.653877 -0.569241 -0.485188 1.431582 1.226649 -0.583787 0.611027 0.189466 -0.230653 -0.273478
0.048753 -0.521771 0.761477 -0.959266 -0.434096 0.801760 0.846230 -0.936258 1.068943 0.277826 -0.374463 0.052112
