0.435077 0.405214 0.327111 -1.402300 -0.204801 -0.843973 0.401163 -1.015638 0.837375 -0.499926 0.032460 -0.260836
0.244762 0.341404 -0.458637 -0.261893 -0.571830 -0.047686 -0.146820 0.428560 0.608897 0.281269 -0.490958 -0.058491
-0.345234 -0.624570 0.221641 -0.216405 0.824741 0.508878 0.388650 -1.026213 0.666478 -0.086564 -0.530483 -0.214414
-0.091357 -1.461021 0.335758 0.218637 0.098553 0.381748 -0.368391 -0.140808 0.325343 -0.719720 -0.244458 0.480225
0.044093 -1.543212 0.297264 -0.045322 -0.141133 0.015341 0.301642 -0.036526 0.304436 0.167613 0.377199 0.631153
-0.397085 -1.764224 0.261981 -0.791913 -0.067315 -0.141582 -0.120669 -0.081696 1.105107 -0.627885 0.118062 0.142658
-1.246162 0.674837 0.470327 -0.237141 -0.754362 -0.365245 0.288447 -0.127077 -0.348159 -0.225805 -0.596113 -0.244891
-0.240344 -0.790295 0.560147 -0.175059 -0.642420 -0.377060 0.264920 -0.713478 -0.154080 -0.113785 -0.173891 -0.374721
-0.748659 -0.892684 0.692148 -0.613667 -0.233636 -0.667374 -0.075186 -0.324446 0.688315 0.804642 0.188983 -0.250350
-1.010137 -1.309835 0.039101 -0.744966 0.330036 -0.530822 0.348577 -0.593933 0.600341 0.340797 0.159692 -0.273271
0.162628 -1.474216 0.099449 0.094710 -0.385457 -0.236827 0.316588 0.010553 0.280207 -0.347857 -0.608529 0.105862
-0.296451 -0.941068 -0.429741 -0.285378 0.693788 0.226624 0.366319 -0.645466 0.577327 -0.202346 -0.200012 -0.215068
-0.060547 -0.576815 0.217489 -0.120869 -0.446514 -0.225645 -0.241018 -0.020998 0.254903 -0.866043 -0.136406 -0.201792
0.312796 -0.010073 1.392407 -0.914630 -0.458397 -1.557622 0.421546 -0.838066 0.318163 0.403977 -0.132103 -1.136113
0.315457 -0.922073 0.371239 0.040125 -0.461857 -0.327763 0.367007 0.370912 0.794672 -0.692635 -0.227002 0.327633
-0.085703 -1.618496 0.551242 0.033259 -0.099840 -0.219958 0.259281 -0.450343 0.592597 -1.045546 -0.190546 -0.127120
0.262008 1.272364 1.624608 -0.579375 0.216753 -0.124235 -0.184984 -0.307098 0.216158 0.546313 0.446785 -0.461328
-0.312212 -1.068472 1.132413 -0.631953 -0.060125 0.385399 -0.164892 0.184831 0.315645 -0.676057 0.132521 0.192949
-0.083272 -1.319659 0.185168 0.169022 -0.110150 -0.318571 -0.282316 0.158732 0.720097 -0.774360 0.176009 0.118740
-0.116203 -1.033438 0.454433 -0.499563 -0.216345 0.429292 0.506166 -0.275792 0.662349 -0.664205 -0.072531 0.293952
-0.999231 0.031771 -0.113090 -0.394594 -0.114725 -0.072739 -0.396146 -0.073907 0.629333 0.089773 0.131462 0.214658
-0.022295 -0.246709 0.573429 -0.156909 0.938188 0.373317 0.734157 -0.557807 0.740122 -0.429287 -0.525476 0.047505
-0.458805 -0.321662 0.338060 -0.312292 -0.880973 -0.493650 -0.559532 -0.072972 0.973784 0.078814 -0.317883 0.483392
0.292789 -0.423173 0.037547 0.320920 -0.371909 0.632677 0.142650 0.651587 0.688167 -0.126490 -0.459011 0.288714
-0.526824 -1.122200 0.216956 -0.284100 -0.395067 -0.235681 -0.210061 -0.188170 0.925388 -0.180291 -0.065566 -0.196211
-1.046184 -0.841251 0.872684 0.461401 -0.297878 -0.576336 -0.170294 -0.137458 0.095106 0.610824 -0.258676 -0.099945
-1.212785 -0.117086 -0.051926 -0.612206 -0.371101 -0.434852 -0.202948 -0.166805 0.095680 0.386364 0.305213 -0.438115
-1.155014 -0.137618 0.353015 -0.401365 -0.303596 -0.660921 -0.874287 -0.286026 0.519914 0.059802 0.071984 0.046548
0.428728 -0.817997 0.620993 -1.327890 0.684835 -0.441492 0.215025 -1.290438 0.413518 0.221128 0.441585 -0.493414
0.366833 -0.634224 0.876894 -0.845012 0.852539 -0.901471 -0.056430 -1.160775 -0.025503 -0.047102 0.220433 -0.366688
0.110756 -1.000953 0.445125 -0.993522 0.022180 -0.647427 0.583644 -0.395870 0.857149 -0.122215 0.326563 -0.024062
-0.971523 -0.633788 0.792651 -0.833343 0.574842 -0.854140 -0.441220 -0.827022 0.665902 0.661767 0.264315 0.211011
-0.538076 1.268526 -0.038993 0.029935 -0.342721 0.085959 -0.292163 0.862976 0.880570 0.503537 0.607964 -0.647239
-0.077738 -1.033718 1.185213 0.432333 -0.070540 -0.240639 -0.369369 0.516057 0.076690 -0.735122 -0.415982 0.096626
-0.316909 -0.644439 0.294663 0.440665 0.439071 -0.491976 -0.053295 -0.665852 0.398631 0.097395 -0.261391 -0.399569
-0.185889 -0.840261 0.804907 -0.131106 0.300899 0.247217 0.072782 0.030541 0.413454 -0.838073 -0.178531 0.217586
0.855193 -0.531101 0.510983 0.448863 -0.183118 -0.538067 0.214104 -0.204998 0.105667 -0.354403 0.367382 -0.071486
0.440043 -0.451881 0.537536 0.513575 0.742853 -0.171951 0.062243 -0.596426 -0.242039 -0.368802 0.416190 -0.004491
-1.175157 -0.098467 0.265358 0.822632 -0.251139 -1.533991 0.004312 -0.017599 0.334436 0.041986 0.233414 -0.496979
0.042723 -0.829404 0.310364 0.437824 -0.299629 0.093085 -0.352616 -0.447479 0.126582 -0.864234 0.079006 0.001517
-0.931306 1.142705 0.226348 0.301001 -0.311376 -0.574444 -0.274679 0.707268 0.655845 -0.106885 -0.378113 -0.227477
-0.145663 -1.026538 1.002234 0.350909 0.167175 0.278009 0.333605 -0.076628 0.083147 -0.207079 -0.426716 0.338336
-0.679025 -0.737801 0.121655 -1.350276 -0.081468 0.163910 0.527141 -1.029639 0.160746 -0.023550 -0.594624 -0.429291
-0.451336 -0.775188 0.884671 -0.595606 0.222993 0.041943 0.748253 -1.027357 -0.107994 -0.119760 -0.114124 -0.516849
0.189904 -0.002784 0.448371 -0.805110 -0.476717 -0.716512 -0.318734 0.087680 0.367076 0.119224 0.637126 0.514967
-0.135230 -0.873927 0.892082 0.133496 0.286210 0.067880 0.370066 -0.593615 0.483221 -0.500067 -0.413283 0.071005
0.350167 -0.635015 0.557907 -0.170890 -0.286831 -0.014237 0.081804 -0.289625 0.372943 -0.362058 -0.277410 -0.499654
-1.179251 -0.422403 0.666424 0.428445 -0.460994 0.026410 -0.320167 0.456337 0.528577 -0.170756 -0.035514 0.227780
-0.595615 -0.743704 0.358583 -0.840983 -0.466086 -0.548115 0.462319 -0.725376 0.657097 -0.081180 0.158705 -0.296461
-0.787202 -0.542244 0.625959 -0.467318 -0.054569 -0.370403 0.489313 -0.895119 -0.190798 0.050541 -0.088391 -0.357862
-0.086859 0.289803 1.200050 -1.202137 0.598595 -0.656893 0.373862 -1.599380 0.247584 -0.062545 -0.594655 -0.686573
-0.615265 -0.760985 -0.619364 -0.491855 -0.625250 -0.405480 -0.478032 -0.593885 0.747454 0.274694 0.514723 -0.298726
-0.008974 -0.556546 -0.160726 -0.242301 -0.116387 -0.196952 -0.375737 0.272523 0.822712 0.028069 -0.391416 0.121798
-1.139526 -0.221468 0.884735 -0.614481 -0.357322 -0.758385 -0.764271 -0.021655 0.841387 0.870083 0.435290 0.287471
0.225321 -0.229143 0.592346 -0.685170 0.499414 -0.205864 -0.400633 -0.687702 0.420173 0.624741 0.616662 0.004235
-0.896536 -0.439083 0.469033 -0.653617 -0.197367 -0.033255 -0.301336 -0.087733 0.841162 0.563556 0.530093 0.041656
-0.571199 -0.929778 -0.443766 -0.968919 0.051397 -0.213141 -0.142854 -0.623525 0.067523 0.389784 0.650884 -0.182711
-1.097065 -0.144140 0.200754 -0.122768 -0.754136 -0.308991 0.155800 0.070769 -0.312067 0.695707 0.433166 -0.374143
-0.857019 -0.067005 0.545933 -0.722778 -0.500246 -0.313049 -0.220114 -0.152034 0.176087 0.564016 0.183487 -0.295865
-0.945044 0.455538 -0.479581 -0.179263 -0.371381 -0.566744 -0.312720 -0.108060 0.331469 -0.008661 -0.066319 -0.270768
0.153007 -0.514619 0.442754 0.328324 0.425212 0.352257 0.352871 -0.166204 0.504249 -0.438400 0.275023 0.270044
-0.840007 0.488791 0.737737 -1.086519 -0.030706 -1.750437 0.027717 -0.757497 0.906750 0.968762 0.181811 -0.098067
-0.709720 -0.992232 0.498550 -1.020824 0.407352 -0.280824 -0.209248 -0.874985 0.869169 0.230605 0.330409 0.397417
-0.401309 -0.287984 0.050818 -0.247277 0.060091 -0.185257 -0.030344 -0.236934 0.724073 -0.297404 -0.047135 0.161882
-1.073201 -1.298840 0.529260 -0.300129 -0.360241 -0.577518 -0.471971 0.150802 0.747407 0.368622 0.469574 0.151040
-0.722116 -0.551070 0.962419 -0.670857 -0.577544 0.463567 0.322750 -0.409566 0.799252 -0.631746 -0.048951 0.283734
-0.466201 -1.776078 0.137816 -0.385342 -0.191638 -0.079055 0.569646 -0.692252 0.756911 -0.041679 0.283983 0.053238
-0.598759 -0.297535 0.609632 0.103629 0.809294 -0.674342 -0.225529 -1.075873 0.497484 -0.798970 -0.398832 0.531385
0.302511 -1.357006 0.273592 -0.398278 0.082105 -0.445610 0.589629 -0.665060 0.702849 0.187754 0.799944 -0.303094
-0.174600 -1.125393 1.057926 0.004652 -0.028090 0.399793 0.355842 -0.313368 0.342798 -0.505323 -0.092329 -0.040354
-0.289656 -0.779256 0.598310 -0.146597 0.653205 -0.608971 -0.371612 -0.336125 0.721026 -1.051067 -0.290109 0.641251
0.234143 0.407164 0.838700 -0.531922 0.116973 -0.867558 1.003899 -0.451527 0.281107 0.390290 0.062915 -0.349516
-0.473528 -0.726348 0.870977 0.118035 -0.383672 -0.611139 0.250777 -0.484105 1.107047 0.195783 -0.236087 0.030477
0.023600 -1.193404 0.338973 0.007262 0.220666 -0.185487 0.142693 -0.475593 0.217224 -0.575857 -0.276591 -0.384779
-0.263609 -0.607530 0.841323 -0.292895 0.005057 0.035692 0.044344 -0.119470 0.579372 -0.397973 -0.400345 0.399882
-0.347374 -0.447758 0.165514 0.368694 -0.291236 -0.538025 -0.124140 -0.396907 0.460745 -0.930128 -0.010393 -0.413881
-0.091357 -1.461021 0.335758 0.218637 0.098553 0.381748 -0.368391 -0.140808 0.325343 -0.719720 -0.244458 0.480225
-0.304765 -0.902332 0.125406 -0.251178 0.101596 0.186586 0.522905 -0.565023 0.489823 0.304172 -0.009295 0.179283
0.162584 -0.958063 0.578683 -0.098602 0.304659 0.214784 0.335697 -0.614618 0.367421 -0.561639 -0.067012 0.285208
-0.224095 -0.853439 0.686884 -0.638312 0.223364 -0.203303 -0.404157 -0.710011 0.727314 -0.735760 0.257354 0.116622
-0.113910 -1.209422 0.696122 0.017323 0.509268 -0.616870 0.002955 0.408887 0.599206 -0.633452 0.160592 0.405913
0.638297 -0.897721 0.861012 -0.161088 -0.208301 -0.203198 0.145136 0.063967 0.569122 -1.235344 -0.973999 -0.661845
0.016484 -1.273319 0.464889 -0.716973 -0.589239 -0.321734 0.552309 -0.762626 0.661315 0.005893 0.113606 -0.583028
-0.136035 -0.587582 0.608502 -0.613559 0.100227 -0.126303 0.450878 -1.545989 0.824161 0.093049 0.195525 -0.055474
-0.150819 -0.258248 0.573166 -1.041987 0.512062 -0.985179 -0.543833 -0.996852 0.226092 -0.136032 0.536006 0.132479
0.682754 -0.566171 1.581466 -0.453074 -0.135454 -0.809499 0.550181 -0.671436 -0.133731 -0.143577 -0.164131 -0.728750
-0.304166 -1.477489 -0.452476 0.453998 0.233748 -0.080784 -0.000831 0.404663 0.890528 -0.881506 0.037370 -0.053479
0.117940 0.051501 -0.043208 -0.387966 0.430291 -0.125837 -0.214881 -0.890739 0.247011 -0.452377 0.213589 0.145805
-0.400788 -1.124984 0.119835 0.072323 0.929472 -0.354342 0.707607 -0.796540 0.685114 -0.606036 0.786140 0.230213
0.365061 -1.547955 -0.080176 -0.886962 0.403065 0.096967 -0.031077 -0.075268 0.255859 -0.991835 -0.154010 -0.228466
0.135399 -1.713003 0.631255 -0.615421 -0.249391 0.086896 0.408688 -0.404964 0.363688 -0.481757 0.059060 -0.388455
0.162628 -1.474216 0.099449 0.094710 -0.385457 -0.236827 0.316588 0.010553 0.280207 -0.347857 -0.608529 0.105862
0.374824 -0.522040 0.401370 -0.264010 -0.801708 -0.124643 -0.383170 -0.580513 0.333745 -0.485486 -0.044809 -0.409581
0.009019 0.600643 1.155575 0.372159 0.169831 -0.877784 0.450036 -0.725768 -0.103023 0.284389 -0.134430 -0.263159
-0.755935 -0.127060 1.365153 -0.973037 0.101846 -0.593832 -0.072505 -0.833383 0.405924 0.974865 0.052518 -0.332703
-0.856017 -0.575761 0.555945 -1.240717 0.261182 -0.771674 0.580157 -0.941420 0.431490 1.025804 0.681549 -0.706425
0.129208 -1.013099 0.645407 -0.001729 0.032146 -0.539202 -0.248397 -0.052759 0.352303 -0.861006 -0.023102 0.047054
-0.437207 -0.898097 0.148800 -0.144297 0.364659 -0.167497 0.424570 -0.983322 0.546544 -0.175988 -0.401201 0.062116
0.743263 -0.909414 0.480327 -0.958942 -0.289222 -0.168173 0.612892 -0.688151 0.409741 0.031853 -0.278955 -1.070853
0.097080 -1.191820 -0.064802 -0.099524 0.070106 -0.163956 0.061355 0.046222 0.425216 -1.025228 -0.329346 0.094738
0.002410 -0.496236 -0.287340 0.408904 0.328372 -0.552759 -0.121339 -0.057364 0.833135 -1.238248 0.298051 0.240094
-0.310372 -1.052779 0.524288 -0.236183 0.440379 -0.076916 0.140539 -0.166952 0.503272 -0.700371 -0.376060 -0.415882
0.050815 -1.247639 0.606522 0.051901 0.025383 0.275439 0.014714 -0.095216 0.328495 -1.149525 -0.114703 0.250721
-0.711404 0.377606 0.743461 -0.686326 0.026577 -0.734544 -0.116639 -1.090743 0.391203 0.395472 0.543791 0.077811
0.239422 -0.350589 0.873805 -1.302615 0.663437 0.344778 0.147701 -1.014268 0.268106 -0.259742 -0.515206 0.109197
-0.056548 -1.023144 0.544495 -0.652300 0.034962 0.265816 0.637080 -0.725049 0.209022 0.241446 0.435497 0.228573
0.180625 -0.645329 1.104378 -0.381100 -0.325545 0.692548 0.469485 -0.379584 0.392256 -0.839593 0.247846 -0.170784
-0.156463 -0.500505 1.419027 -0.258051 -0.615994 0.122183 0.686581 -0.230313 -0.053627 -0.342337 0.183447 -0.830770
-0.615700 -0.799185 0.204907 -0.247152 -0.162400 -0.084006 0.416102 0.074753 1.120311 -1.050108 -0.555421 -0.030093
-0.494112 -0.023530 0.838458 -1.448446 -0.134100 -1.142224 -0.736357 -0.684055 0.883737 0.773240 0.876391 -0.511353
-0.169713 -0.369212 0.424658 -0.856218 -0.259484 -0.184594 0.718488 -0.023962 0.944989 -0.005246 -0.424374 0.085934
0.578860 -0.944317 1.150860 0.207138 -0.686542 -0.513441 0.068357 -0.040714 0.776347 -0.497599 -0.796042 -0.165524
0.123773 -1.123734 0.660085 -0.411703 0.155483 0.241587 0.673082 -0.661371 0.131283 -0.418137 -0.394925 -0.444348
0.244283 -0.825027 1.396594 -0.725119 0.082452 -0.705532 -0.293738 -0.455650 0.375402 0.173638 0.034791 -0.643430
0.588712 -0.826346 1.156928 -0.311016 -0.200432 0.564277 0.730362 -0.443717 -0.143567 -0.635250 -0.834718 -0.900839
-0.053663 -0.894404 1.728023 -0.393829 0.073072 0.165475 -0.001196 0.088995 0.187609 -0.503936 -0.347667 -0.020798
-0.109214 -0.507539 0.493442 -1.386024 1.160861 -0.209894 -0.696472 -1.503851 0.315643 -0.128438 0.423018 0.028971
0.516232 -0.825588 0.359012 -0.500674 -0.440556 -0.376442 0.092915 -0.104587 0.366400 -0.346676 -0.352661 -0.339671
0.110467 -0.211047 0.713611 -0.252592 0.368257 -0.262034 0.505441 -0.737031 0.234169 0.191290 0.442653 -1.267137
-0.850187 -0.550195 0.836977 -0.442555 0.401794 -0.434360 0.257154 -0.617687 0.449910 0.679256 0.278154 -0.979598
-0.662238 -1.043810 0.775244 -0.079137 0.098364 -0.629179 0.308607 -0.557628 0.381466 0.017203 0.258367 -0.887068
0.404367 -0.233853 0.578516 -0.923799 0.640616 -0.596966 -0.133290 -0.802276 0.608033 -0.110395 -0.262612 -0.202786
0.453599 -0.903961 0.614475 -0.118253 -0.349540 -0.739460 0.772992 -0.567989 0.376121 -0.711424 -0.523988 -0.225910
0.030764 -0.669926 0.977186 -1.332876 0.201269 -0.314306 0.081962 -1.940520 0.456946 0.723892 0.303927 -0.634767
-0.128465 -0.525017 0.889755 -0.988065 0.316352 0.037537 0.306115 -0.920642 1.231910 0.141610 0.282287 0.131434
0.417519 -0.829944 0.649238 -0.998434 -0.020095 -1.135267 0.339050 -0.675256 0.471110 0.141315 0.411820 -0.313935
-0.076270 -0.786646 0.758322 -0.943557 0.558723 -0.003974 0.169494 -0.308095 0.618687 -0.365252 -0.804818 0.284766
0.031815 -0.684037 0.516513 -0.511314 0.591876 -0.291176 -0.020271 -0.380524 0.526353 -0.599412 -0.672572 0.023810
0.000441 -0.539044 0.863361 -0.477374 0.438253 -0.161564 0.901824 -0.447574 -0.342251 -0.631527 -0.623342 -0.651231
0.386184 0.248459 1.072901 -0.553153 -0.552704 1.471499 1.350257 -0.475709 0.255823 0.527624 -0.195142 -0.849051
0.203897 -0.349097 0.516259 -0.728151 -0.518756 1.388816 1.231999 -0.526029 0.544748 0.128737 -0.187080 -0.197863
0.196835 -0.436001 0.453576 -0.611991 -0.435953 0.974350 1.123385 -0.475258 0.444333 0.029277 0.015144 -0.132219
0.415843 -0.138455 0.783324 -0.575697 -0.339933 1.307290 1.062576 -0.294428 0.297587 0.165719 -0.221058 -0.507762
0.355001 -0.674464 0.199388 -0.325790 -0.372548 0.832483 1.032527 -0.138660 0.461225 -0.288229 -0.157484 -0.273675
0.252524 -0.226678 0.714070 -0.509839 -0.324950 1.598815 1.247366 -0.425112 0.397224 0.369230 -0.475087 -0.346001
0.415027 -0.294964 0.423293 -0.080472 -0.405261 0.932587 0.997600 0.021885 0.614167 0.232912 0.033410 -0.261974
0.341672 0.161046 0.575406 -0.216454 -0.627609 1.171768 1.020132 0.214964 0.354633 0.227589 -0.310424 -0.628197
-0.523791 -0.004783 1.318845 -0.503240 -0.308414 1.289776 0.840447 -0.676574 0.343899 0.771539 -0.423146 -0.062900
-0.006684 0.093352 1.011688 -0.570317 -0.629118 1.235755 1.058157 -0.565079 0.435626 0.261415 -0.344115 -0.438916
0.265322 -0.282950 0.951372 -0.151873 -0.237711 0.928986 0.881140 -0.233125 0.629384 0.293860 -0.092480 -0.470719
0.123202 -0.452159 0.676646 -0.912878 -0.270102 1.018202 0.934316 -1.277401 0.599091 0.648266 -0.471220 0.143580
0.221930 -0.588859 0.636152 -0.430259 -0.499222 1.268132 1.223280 -0.563989 0.401132 0.188814 -0.182340 -0.282620
0.306090 -0.225806 0.594624 -0.655726 -0.501551 1.432344 1.109484 -0.248593 0.368542 0.086223 -0.235805 -0.262789
0.531060 0.082679 0.897885 -0.490894 -0.396190 1.377567 1.148366 -0.229856 0.153053 0.356895 -0.195661 -0.698224
0.312400 -0.334253 0.833392 0.001758 -0.203891 1.530147 1.080082 -0.242786 0.317896 0.431919 -0.264441 -0.631184
0.247922 -0.447583 0.721262 -0.466198 -0.412212 1.522092 1.223906 -0.487847 0.462698 0.200083 -0.255029 -0.308368
0.377878 -0.352625 0.698106 -0.420615 0.030277 1.315434 0.941504 -0.395032 0.506753 0.526324 -0.058198 -0.328627
-0.555359 -0.556870 -0.089415 -0.044009 -0.076952 -0.218106 0.459138 -0.607096 0.836186 -0.724075 -0.444151 0.586890
0.062531 -0.188200 1.326051 -0.771022 -0.541073 1.234465 1.264597 -0.978794 0.899231 0.301962 -0.152512 -0.128981
-0.278392 -1.105084 0.452980 -0.730670 -0.010101 1.439050 0.864849 -0.744831 0.741612 0.454579 -0.490903 0.170256
0.332540 -0.321811 0.580824 -0.599096 -0.443972 1.454650 1.153075 -0.335781 0.384193 0.078105 -0.189445 -0.279615
