-0.779570 0.211246 0.934162 -1.005575 -0.219650 -0.940583 0.258101 -1.149080 0.444566 0.465280 0.540140 -0.370033
-0.514082 -0.765656 -0.170157 -0.726656 -0.255014 -0.154703 -0.032182 0.152191 0.949926 0.083680 0.446690 0.307076
0.191426 -1.287507 0.487243 0.258669 0.372734 -0.112815 0.355523 -0.546752 0.184476 -0.669317 0.305694 -0.233915
-0.436094 -0.972919 0.064187 0.111720 0.462485 -0.011515 0.399732 -0.775242 0.311371 -0.130430 0.506255 0.311075
-0.039888 -0.026431 0.709248 -0.157504 -0.289618 -0.396812 0.131611 -0.247683 0.244789 0.090056 0.490639 0.104092
-0.189591 -0.507992 0.894208 -0.775757 0.051999 0.278258 -0.108116 -1.013151 0.347764 -0.269592 0.109813 0.286567
-0.041236 -0.780395 0.345956 -0.529065 0.483423 -0.007892 -0.411980 0.175139 0.779138 -0.889390 -0.065955 0.116868
-0.053331 -1.745374 -0.243122 -0.221776 0.441686 -0.153470 0.247056 0.041700 0.776746 -0.722871 -0.155118 0.215996
0.048330 -1.109099 0.536863 -0.735945 -0.403376 0.804957 0.547073 -0.152822 0.550840 -0.575543 -0.289859 0.205538
-0.143254 -0.897967 0.567354 -0.614524 0.036205 -0.032356 -0.097368 -0.878457 0.783374 -0.269701 -0.205649 -0.106800
0.008015 -0.878440 -0.069107 -0.251448 -0.013697 -0.327469 -0.154453 -0.192521 0.711606 0.026039 0.142716 0.421448
-0.289527 -1.051917 0.345056 0.728445 0.381321 -0.298378 -0.016000 0.107044 0.340968 -0.156921 0.306482 -0.308841
-0.243175 -1.047962 -0.003134 0.616779 0.979166 -0.575606 -0.520647 -0.435145 0.163320 -0.030030 0.693300 -0.002901
0.211283 -0.146759 0.881170 -0.193899 -0.019298 0.577326 0.056728 0.323264 -0.010713 -0.190574 -0.129291 -0.268230
0.224034 -0.309684 0.857327 0.566443 0.085563 0.325272 0.160916 -0.029295 -0.009165 -0.317073 -0.024331 0.029935
-0.562108 0.290266 0.136648 0.043682 -0.570270 -0.085208 -0.599535 0.310524 0.467532 -0.194748 0.141581 0.451595
0.295662 -1.194242 1.479343 -0.325265 0.136465 -0.300872 0.602842 -0.099059 0.433020 -0.134345 -0.437096 -0.569017
0.292063 -0.678476 0.891283 -1.483122 0.364420 0.099198 -0.522628 -0.863216 0.624566 0.190729 -0.196532 0.131471
0.277249 -1.037359 0.771514 -1.034352 0.246502 -0.185837 -0.180175 -1.172271 0.709306 -0.173017 0.274834 -0.345120
-0.404147 -0.399742 0.932394 -0.029097 0.205196 -0.449542 -0.858192 -0.306782 0.772473 -0.700385 -0.252333 0.032887
0.929491 -1.023417 0.301956 -0.054061 -0.498975 -0.528380 0.077972 -0.064276 0.633579 -0.947724 -0.394733 -0.385269
-0.000178 -1.478362 0.167629 -0.381785 0.154854 0.280315 0.764747 -1.007936 0.817222 -0.488971 -0.691475 0.209998
-0.248934 -1.069608 1.002135 -0.431050 0.662491 0.466497 -0.184789 -0.739761 0.767072 -0.770000 0.095468 0.411719
-0.027856 -0.592768 -0.437451 -0.699860 0.583034 -0.103416 0.351673 -1.257658 0.285833 -0.156167 0.062813 -0.570176
-0.002635 -0.584405 0.676977 -1.029441 0.125275 -0.238341 0.424369 -0.897244 0.525892 0.158657 0.067164 -0.342712
-0.045873 -1.335564 0.927622 -0.937316 0.003246 -0.135186 -0.083111 -0.586305 0.267881 -0.120073 0.226313 -0.497942
0.093735 -0.988475 0.727283 -0.683494 0.491797 0.185670 0.250142 -0.362123 0.519457 -0.851579 -0.187439 0.243525
0.351025 -0.566824 1.321874 -0.855950 0.064630 0.107413 0.147305 -0.521382 0.791011 -0.946318 -0.327720 -0.602985
-0.188376 -0.885667 1.062353 -0.683863 0.572458 -0.639002 0.141158 -0.539598 0.358671 0.237597 0.442483 -0.029662
-0.000649 -1.463113 0.495364 -0.078839 -0.187293 -0.509831 0.198032 -0.076687 0.747055 -0.762588 0.177545 0.366597
0.070305 -1.381579 0.311305 0.092294 0.540856 0.551579 0.098821 -0.556810 0.328807 -0.584878 -0.116825 0.030174
-0.911538 -0.703501 0.296357 0.466392 -0.429481 -0.853234 -0.928317 -0.177207 0.534597 -0.042085 0.296743 0.924887
-0.320041 0.048029 0.124780 0.311665 -0.233495 -0.147077 0.359713 0.347172 0.302876 0.030993 -0.080099 -0.124310
-0.184917 -0.699299 1.212487 -0.433174 0.044693 0.339910 0.723058 -1.015881 0.031823 -0.730807 -0.371845 -0.524721
0.194519 -0.807186 0.924834 -0.106111 0.054812 -0.148457 -0.062052 0.416370 0.618996 -0.852059 -0.889519 -0.017272
-0.198886 -1.149939 0.637056 -0.448279 0.540230 -0.267822 0.358248 -0.891512 0.280147 -0.547595 -0.175952 -0.006000
0.311861 -0.432307 0.363409 -0.421199 0.491025 0.037537 0.503463 -0.404652 0.006175 -0.661384 0.034821 -0.406678
0.140138 -1.461987 0.512786 -0.398684 -0.258923 0.066077 -0.056750 -0.202313 0.723922 -0.965262 -0.164465 0.157279
-0.815648 -0.642704 0.440672 -0.702947 -0.449098 -0.138998 -0.024295 -0.136495 0.575659 0.560561 0.232742 0.050357
0.150293 -0.167626 1.413328 -0.437674 0.009494 -0.199351 0.182313 -0.759238 0.327702 -0.053340 0.161239 -0.554574
0.255096 -1.390434 0.814447 -0.285044 -0.431039 0.520813 0.155305 -0.145694 0.394148 -0.666414 -0.497750 -0.315937
0.493532 -0.435798 1.291005 -0.676257 0.050663 -0.025243 -0.288044 -0.563194 0.433669 -0.153199 0.029127 -0.047411
0.722209 -0.943347 1.103344 -0.253326 -0.447775 -0.514884 -0.270091 -0.186712 -0.276172 -0.775614 -0.698494 -0.556748
0.103194 -1.123536 0.753842 -0.147897 0.372527 -0.434408 -0.094984 -0.184766 0.492065 -0.144819 0.261800 0.538476
0.564268 -0.399547 1.314786 -1.133801 0.330431 -0.099778 -0.083001 -0.702837 0.058568 -0.664360 -0.311473 -0.682523
0.081315 -0.170299 0.869292 -0.365936 1.096538 -0.156363 0.151107 -1.133945 0.578948 -0.544293 -0.185671 0.229763
0.353179 -0.624970 1.059432 -0.646797 -0.291199 -0.549034 -0.221014 -0.273907 0.170291 -0.495823 -0.279829 -0.337802
0.494963 -0.283902 1.234929 -1.158653 0.529606 0.169869 -0.132559 -0.829029 0.195125 -0.218003 -0.524670 0.033340
0.390037 -0.903909 0.732540 -0.966302 0.369924 -0.115359 0.178929 -0.892519 0.451383 -0.246416 -0.025454 -0.145487
0.207283 -0.864947 0.862044 -0.485024 -0.081319 0.416983 0.315703 -0.401139 0.253493 -0.487591 -0.119113 -0.147889
-0.211561 -1.213373 0.605486 -0.822921 0.021175 0.407829 0.710208 -0.705182 0.649370 -0.282008 0.104895 -0.174604
-0.111715 -0.126265 -0.219945 -0.620235 0.200148 -0.441108 -0.417625 -0.436657 0.419151 -0.227766 0.163818 0.081655
0.190764 -0.280435 0.090694 -0.220160 -0.267800 -0.207502 0.447919 0.010095 1.017504 -0.820077 -0.217091 0.617241
0.718143 -0.805526 0.041411 0.069237 0.545131 -0.232395 0.088542 -0.454519 1.269366 -0.355218 0.202596 0.439723
-0.193841 0.624482 1.350847 -0.644395 0.468823 -1.057911 -0.036001 -0.384873 0.097055 0.523031 0.352512 -1.171492
0.385703 -0.166536 0.849455 -0.707946 0.060293 0.062854 -0.060386 -0.177284 0.791759 -0.198981 0.633891 0.363570
0.371298 -1.123702 0.879642 0.098662 -0.000286 -0.300648 0.492717 -0.172991 0.541380 -0.312465 -0.021223 -0.182520
-0.320950 -0.776795 1.406809 -0.522733 0.108943 0.266278 0.039177 -0.435738 0.498750 -0.286890 0.416136 0.139554
0.025045 0.126572 0.604345 -0.966948 0.487702 -0.142882 0.827157 -0.518289 -0.133027 0.076992 -0.304637 0.031945
-0.039210 -0.108126 0.523142 -1.026921 -0.658402 -0.880021 -0.537997 -0.105166 0.582986 0.424939 0.383179 0.134223
0.066076 -0.873912 0.499747 -0.630252 -0.186268 0.710639 0.633712 -0.217998 0.578691 -0.878283 0.059121 0.051851
0.348897 -0.420307 0.464957 -0.960042 0.196750 -0.102886 0.849879 -0.577576 0.047903 -0.821916 -0.331940 -0.010825
0.301382 -0.578852 0.692187 -0.252758 -0.392532 0.528959 0.644556 -0.274515 0.327959 -1.051048 0.100009 -0.035854
-0.179536 -1.037051 0.627732 -0.126264 -0.107597 0.020293 -0.255161 -0.283956 0.326480 -1.030842 0.130134 0.230473
-0.707284 -0.723536 1.627015 -0.741241 0.533654 -1.061926 0.087457 -0.670029 0.063313 0.222749 0.780146 -0.493493
0.109394 -0.546079 1.730206 -1.086493 -0.620438 -0.777482 0.443753 -0.597345 0.134039 0.444361 -0.464477 -1.006714
-0.869541 -0.573086 0.910183 -0.534283 -0.375377 -1.212449 0.212172 -0.312220 0.313724 0.638253 0.522031 -0.168747
-0.600766 0.166364 1.277278 -1.325524 -0.573368 -0.410674 0.115018 -1.112335 0.443432 0.297062 -0.200830 0.150366
-0.851198 -0.122011 -0.332145 -0.280813 0.386386 0.017382 -0.336464 -0.568169 0.513076 0.553157 0.259309 -0.261463
-0.408910 -0.442347 0.904304 -0.831158 -0.585084 -0.777002 0.003718 -0.430501 0.221101 0.775686 0.152115 -0.747078
-0.137299 -0.389813 -0.189666 -0.341736 -0.608464 0.014726 -0.187381 -0.644471 -0.459868 0.479369 0.071695 -0.501903
-1.088244 -0.959991 0.878998 0.132452 -0.204204 -0.466654 -0.351086 -0.494492 0.255447 0.017593 0.744914 0.415763
0.151700 -0.704444 0.088579 -0.353446 -0.349453 0.599720 0.564713 0.276953 0.667850 -0.212207 0.597454 -0.261469
-0.436698 -1.362340 1.087257 0.274242 0.266763 0.027422 -0.393250 -0.225554 0.617681 -0.754148 0.266557 0.232127
-1.254112 -0.883032 -0.001034 -0.405382 0.296892 -0.595229 0.425290 -0.127521 0.176415 0.162525 0.431752 -0.277323
-0.237857 -1.175583 0.636809 -1.063373 -0.032400 0.043655 -0.414083 -0.467926 0.913651 -0.971280 0.095740 0.371094
-0.788226 -0.596923 0.317710 0.180149 0.225261 0.205143 0.524910 -1.027097 0.701366 0.560342 0.225207 -0.376065
0.346732 -1.344738 0.077678 -0.262390 -0.234277 0.326174 0.296267 -0.007753 0.659060 -0.393590 -0.181518 0.321148
0.355870 -0.207419 1.190385 -1.230424 -0.214323 -0.377900 0.219341 -0.789305 0.575649 -0.202861 -0.452085 -0.416979
-0.194683 -0.470380 1.182559 -0.937649 -0.012003 -0.555588 0.139650 -0.497081 0.574821 -0.513302 -0.126891 -0.480788
-0.389360 -0.229706 0.118848 0.177397 0.227143 0.445013 1.145997 0.055333 0.377866 -0.010494 0.377083 -0.741897
0.097291 0.052070 0.778477 -0.419734 -0.709847 1.400947 1.171841 -0.355155 0.475692 0.130485 -0.149902 -0.491849
0.347116 0.052343 0.927318 -0.543575 -0.598998 1.306401 1.219058 -0.465890 0.297775 0.275340 -0.454175 -0.761033
0.399829 0.023074 0.813543 -0.375581 -0.513597 1.430533 1.185778 -0.155819 0.296092 0.174672 -0.205069 -0.517830
0.171568 -0.428223 0.483428 -0.809926 -0.430039 1.209989 1.047021 -0.323681 0.224875 -0.183398 -0.036083 -0.274534
0.016859 -0.780391 0.411869 -0.177934 -0.098273 1.441381 0.753939 0.091372 0.587696 0.273630 -0.528631 -0.144053
0.186389 -0.391834 0.585942 -0.463237 -0.481888 1.457662 1.160095 -0.435309 0.359677 0.170379 -0.236493 -0.329623
0.160426 -0.309710 0.767991 -0.800440 -0.559775 1.487495 1.141315 -0.582023 0.672165 0.181842 -0.232404 -0.218814
0.099500 0.518299 1.091938 -0.435672 -0.484132 1.390808 1.172840 -0.042395 0.171264 0.372469 -0.435787 -0.587567
0.110228 0.040366 1.031703 -0.433115 -0.674433 1.475225 1.138657 -0.328739 0.367254 0.371183 -0.348324 -0.322986
0.084215 0.193960 0.986770 -0.347267 -0.412535 1.456014 1.307106 -0.313485 0.366143 0.341406 -0.482149 -0.500646
0.301401 0.289184 1.140559 -0.440693 -0.587053 1.428243 1.283285 -0.300401 0.128097 0.299680 -0.457465 -0.750334
0.311784 -0.321598 0.583823 -0.624423 -0.498238 1.423977 1.279591 -0.466303 0.463985 0.187775 -0.273679 -0.233518
0.328122 0.351899 0.540715 -0.336638 -0.773276 1.248761 1.172917 -0.138159 0.255597 0.548347 0.018601 -0.506893
0.319661 -0.235869 0.502847 -0.645669 -0.514348 1.202329 1.181734 -0.513833 0.528934 0.175348 -0.061420 -0.452169
0.189469 -0.491696 0.683433 -0.333612 -0.052006 0.679191 1.277801 -0.481492 0.145372 0.499896 -0.029404 -0.784974
-0.033827 -0.752594 0.402754 -0.698230 -0.188440 1.330898 0.930257 -0.647492 0.734802 0.267238 -0.209573 0.051046
0.504780 0.205856 1.157943 -0.256862 -0.381721 1.301495 1.271137 0.080021 -0.148126 0.697520 -0.222281 -0.874416
0.075713 -0.624349 0.547419 -0.676429 -0.275356 1.538630 1.086971 -0.496611 0.607245 0.289361 -0.353005 -0.198386
0.200198 -0.439246 0.596745 -0.572667 -0.533677 1.386571 1.319653 -0.643537 0.588386 0.141041 -0.202648 -0.220843
-0.023636 -0.060987 0.619546 -0.915500 -0.688029 0.789845 0.708238 -0.648183 0.475162 0.431395 -0.155084 0.171078
-0.211091 -0.039759 0.808755 -1.029936 -0.360453 0.395592 0.717402 -0.907882 0.756564 0.395339 0.153486 0.323992
