-0.015419 0.053698 0.840507 -0.668174 -0.017078 -0.305032 0.229475 -0.728589 0.491079 0.379282 0.038754 -0.582079
-0.129084 -0.254792 1.160077 -0.778389 0.323322 -0.873348 -0.671273 -0.797195 0.060741 1.124230 -0.111683 -0.486330
0.922974 0.356220 -0.020928 0.293938 -0.557627 -1.116058 -0.225791 -0.139897 0.450773 -0.687541 0.096281 -0.691857
-0.142338 -1.081623 0.792338 -0.606906 0.439920 0.051971 -0.205766 0.156301 0.475712 -0.912091 -0.557124 0.385462
-0.386843 -0.067766 1.011136 -0.815425 0.082114 -0.684830 0.336820 -1.134039 0.802631 0.240259 -0.487422 -0.357909
-0.251918 -0.707388 0.762612 -0.250039 0.133475 0.252830 -0.149091 -0.963142 1.172862 -0.086309 0.049046 0.486886
-0.629263 -0.702417 0.373232 -0.325053 0.309353 0.364667 -0.145611 -0.374393 0.216349 0.276779 0.204267 -0.086503
-0.316676 -0.336524 0.047453 -0.493695 -0.082873 0.211808 0.045939 0.193111 0.821615 -0.083314 -0.159713 0.116208
0.376437 0.041363 0.769852 -0.820223 -0.055738 -0.644550 0.148757 -0.523208 0.387781 0.156233 -0.137237 0.089143
-0.764117 -0.625386 0.578387 -0.562438 -0.024148 0.295109 -0.230603 -0.671213 0.500786 0.796119 -0.312204 0.180780
-0.250515 -0.539558 0.160320 0.194770 -0.075749 -0.045643 -0.048726 -0.346895 0.160901 0.118113 -0.166954 -0.554273
-0.477767 -0.910434 1.067204 -0.807114 -0.489071 0.134245 0.190017 -0.996496 0.558723 0.152012 0.070707 -0.585763
-0.147187 -1.210678 0.165410 -0.080747 0.059278 0.388533 0.088270 -0.398882 0.520112 -0.086465 0.004541 -0.286033
-0.210600 -1.157026 0.196256 -0.368669 -0.062306 -0.907196 -0.031304 -0.219472 0.084406 -0.119758 0.058482 -0.515582
-1.465787 -0.041194 0.478598 -0.051277 -0.059335 -0.454656 -0.175351 -0.063176 0.616366 0.304306 -0.159586 -0.002678
-0.175768 -0.429322 0.624632 -1.221252 0.428869 0.036544 -0.625611 -0.508067 1.127815 0.031546 0.117278 -0.587602
0.070433 -0.951668 0.536256 -0.870000 0.294381 0.014703 0.139770 -1.313582 0.901530 -0.263480 -0.293138 -0.352149
-0.581716 -0.776538 0.729400 -0.741676 -0.166188 -0.502708 0.186767 -0.791592 0.289332 0.228872 0.178571 -0.444851
-0.860485 -0.550774 0.295846 -1.115675 -0.396583 -0.891161 -0.080141 -0.934324 0.016462 0.115708 0.902296 -0.549726
-0.910739 -0.548935 0.484307 -0.810317 -0.487644 -0.138489 -0.153773 -0.345591 0.978834 0.277748 0.247693 0.367373
-0.543083 0.627341 0.268782 -0.392867 -0.688285 -0.905156 -0.368219 -1.053538 0.453253 -0.003233 -0.107382 0.507842
-0.940768 -0.007089 0.462866 -0.011122 -0.489358 -0.735769 -0.457126 -0.510119 0.699896 -0.031248 0.072386 0.426331
-0.718423 0.222993 1.458388 -0.276245 -0.296273 -1.669498 -0.216546 -1.207390 0.457668 0.518755 0.600307 0.196563
-0.016742 -0.624464 0.115550 -0.194320 -0.051707 -0.379778 -0.316842 -0.377506 0.449503 -0.921701 -0.414110 0.048404
-0.009758 -0.029308 1.687489 -1.093626 -0.033056 -0.845449 0.234376 -0.951115 0.610461 0.582659 -0.280722 -0.669991
-0.395439 -0.782185 0.895276 -0.606375 -0.458392 0.377490 0.752499 -0.611984 0.428231 -0.665240 -0.081798 -0.170049
0.142179 -0.419463 0.810475 0.084633 -0.362345 -0.627087 -0.379528 0.686746 0.195495 0.015996 -0.110037 0.571093
-0.379312 0.540030 1.095223 -0.393539 -0.330356 -0.256477 -0.254702 -0.386146 0.584332 0.547579 0.216779 0.550454
0.348077 0.321730 -0.210199 0.176976 -0.077410 0.116491 0.562325 -0.636779 1.060365 0.317398 -0.690995 -0.027070
-0.651611 0.288367 0.153163 -0.169455 -0.105218 -0.653317 -0.364446 0.179471 0.244799 0.926934 0.319543 -0.034662
-0.648568 0.852489 0.419591 -0.674064 -0.181079 -1.074249 -0.289043 -0.300775 0.170147 0.683018 0.763082 -0.354292
-0.503719 -0.615249 0.734603 -0.214261 0.450053 0.097879 0.349157 -0.321210 0.883081 -0.145457 0.633676 0.075249
-0.205726 -0.959660 0.524303 0.188825 0.249521 0.657534 -0.269174 0.043030 0.705100 -0.442464 0.282867 0.045918
0.162712 -1.083540 0.696474 0.035726 0.055792 0.412151 0.091064 0.042670 0.481806 -0.808437 0.004623 -0.055413
-0.497193 -1.140819 0.326445 -0.336934 -0.246886 -0.018292 -0.461343 -0.312876 0.192562 -0.547585 -0.306603 0.077525
-0.148872 -0.464492 0.584663 -0.334194 -0.554669 0.004617 -0.375580 0.367444 0.897661 -0.583902 -0.442497 0.118145
0.171594 -0.399459 0.140270 -0.597136 0.399810 -0.151675 0.815455 -0.716813 0.301557 0.008840 -0.081052 0.248672
-0.709608 -0.188017 0.452840 -0.454814 -0.776806 -0.724918 0.273265 0.278604 0.003359 0.252750 -0.143566 -0.971822
-0.805114 -0.263833 0.359361 -0.282433 0.131191 -0.081825 0.355281 -0.181574 -0.319174 1.151308 0.153325 -0.239776
-0.432621 0.249228 0.548118 -0.453819 -0.823758 0.185828 0.647546 -0.480304 0.456251 0.272168 -0.041793 -0.279894
0.285237 1.449753 0.777000 -0.713442 -0.086704 -0.980554 -0.164197 -0.239747 0.466413 -0.328643 0.050406 -0.599405
-0.391579 -1.314442 1.191717 0.163285 -0.328427 -0.385786 0.344618 -0.342440 0.313497 -0.485579 0.106581 -0.723275
-0.490156 -0.801697 0.243766 -0.076235 -0.122981 0.108617 0.116382 -0.308884 0.210670 0.164137 -0.276557 -0.536308
-0.310066 0.296222 0.370297 -0.048998 -0.571478 -0.043806 0.253949 -0.196968 0.556346 -0.087783 -0.905126 0.334857
0.173798 -0.702434 0.857409 -0.541904 0.265072 0.170479 0.349269 -0.102288 0.272423 -0.630570 -1.149134 -0.229932
0.204292 -0.869253 1.272514 -1.444918 0.387097 -0.294897 0.080862 -0.788279 0.623776 0.742578 0.030916 0.311855
0.747213 -0.820161 0.747128 -0.680900 -0.048266 0.714017 0.698744 -0.679892 0.386138 -0.160000 0.312889 -0.723145
0.601908 -0.589434 1.177330 -0.711362 0.816510 -0.502171 0.446764 -1.346191 -0.368711 0.198050 -0.017899 -0.824260
-0.477426 -0.249997 0.064999 -0.330918 0.045468 0.235853 0.208683 -0.314095 -0.368633 -0.089736 0.207326 -0.309005
0.009572 -0.410477 0.824300 -0.874225 0.133114 -0.145830 0.238028 -0.255798 0.116572 -0.240258 -0.233605 -0.284525
-0.340370 -1.265216 0.781720 -0.871376 0.832851 -0.771476 0.004046 -0.509567 0.698699 0.045037 0.108261 -0.320438
-0.172068 -1.129098 0.523345 -0.873026 0.747309 -0.390343 0.116523 -0.842439 0.393823 0.074302 0.175751 0.044939
0.324752 -0.569273 1.225628 -1.260529 0.521280 -0.678656 -0.228699 -1.147442 0.243802 -0.031943 0.382026 -0.540365
-0.009758 -0.029308 1.687489 -1.093626 -0.033056 -0.845449 0.234376 -0.951115 0.610461 0.582659 -0.280722 -0.669991
-0.227679 -0.535171 0.781247 -0.199498 0.642417 0.161104 0.068905 -0.544728 0.763012 -0.228372 0.003172 -0.322749
0.270081 -0.356930 0.941072 0.140071 -0.045846 0.412326 0.424925 0.746050 0.638275 -0.510073 0.200484 -0.018896
0.424783 -1.488963 0.742559 0.277372 -0.368405 -0.235679 0.575417 -0.208775 0.204171 -0.253842 0.043099 -0.239422
-0.178588 -1.422604 0.702742 -0.398693 0.199431 -0.318941 -0.712991 -0.353382 0.846568 -0.428736 -0.055500 0.521901
-0.666533 -0.924009 0.929857 -0.006721 -0.235667 0.163994 -0.153061 0.293174 0.601462 -0.228080 0.391297 0.404922
0.272777 0.210202 0.880548 -0.730547 0.135205 -0.276560 0.275453 -0.689453 0.658540 0.451967 0.252013 -0.015015
-1.125420 0.320477 0.298609 -0.533540 -0.484264 -0.514210 0.394860 -0.070375 0.247327 0.240256 -0.204425 -0.710326
-0.512547 -0.507876 0.534565 -0.332076 -0.542998 -0.906352 -0.245298 -0.074651 0.510119 -0.276560 0.199759 -0.189620
-0.682578 0.478092 0.758274 -0.689242 -0.331314 -0.986015 -0.808719 -0.504898 0.626776 0.543909 0.113281 0.162090
-0.856921 -0.408026 -0.393896 -0.069617 -0.218138 -0.710219 -0.153290 0.388920 1.111457 0.467445 -0.000571 0.021034
-0.364736 0.399902 -0.150207 -0.857051 -0.429867 -0.663533 -0.153653 -0.340530 0.683078 0.803725 -0.224304 0.423951
-0.651719 0.173841 0.200722 0.081663 -0.424805 -0.327637 0.110528 -0.555407 0.181155 -0.108947 0.631097 -0.517201
-0.761128 -0.466912 0.180662 0.459292 0.358862 -0.987991 0.150071 -1.061397 0.079732 -0.187942 0.294739 -0.815370
-1.341025 0.006103 0.029424 -0.218802 -0.635623 -0.796037 -1.288894 0.606501 1.002427 0.340369 0.843252 0.685781
-1.045511 0.039048 -0.185051 -0.391681 -0.041483 -0.485265 -0.196598 -0.571109 0.374546 -0.366123 0.314786 -0.831534
-0.308935 -1.527608 0.626303 0.115864 0.035919 -0.044115 -0.256693 -0.241104 0.480411 -0.909351 0.187875 0.458334
0.051013 0.413739 0.366254 -0.608315 -0.572784 -0.588128 -0.167976 0.036870 0.307663 0.401658 0.048614 -0.467525
0.088190 -0.428390 0.489650 -0.448301 0.309825 -0.821120 -0.070075 -0.585100 0.434045 -0.121970 0.396792 0.113098
-0.604883 -0.669167 0.684311 -0.077219 0.623696 -0.335622 0.226455 -0.991893 0.850937 -0.323236 -0.523315 0.431681
0.393494 -0.272945 0.865658 -0.004478 0.246828 -0.611265 -0.088444 -0.581099 -0.323625 -0.034364 0.032533 -0.115739
-0.606822 -0.733557 0.119965 0.072992 0.434425 -0.110037 0.202940 0.390704 0.964167 -0.484271 0.086813 0.548973
0.799452 -0.052808 0.381141 -0.163703 -0.610310 -0.825598 0.171517 -0.960733 0.022322 0.288307 -0.946572 -0.735384
-0.393030 -0.861903 0.860114 -0.113599 -0.320147 -0.313897 -0.107551 -0.133857 0.475059 -0.123610 0.195635 0.569716
-0.756561 -0.101812 1.016951 0.062738 -0.231451 0.161947 -0.268886 -0.538442 0.530116 0.135768 0.056002 0.066718
0.409174 -0.535634 0.786990 -0.670380 0.551057 -0.528988 0.526201 -1.225886 0.199022 0.167737 -0.241707 -0.264675
-0.333589 0.072162 0.108612 -0.446658 -0.649803 0.219086 -0.218097 0.263280 0.466155 0.134561 -0.102829 -0.238440
0.166767 -0.044133 0.731370 -0.553647 -0.662573 1.318527 1.203497 -0.481758 0.489162 0.074018 -0.163583 -0.400130
0.076855 0.188936 1.081727 -0.527313 -0.475629 1.465516 1.423679 -0.596833 0.492506 0.525567 -0.390841 -0.624945
0.322755 -0.602782 0.446400 -0.750841 -0.264069 1.564199 1.180499 -0.383961 0.363013 0.125383 -0.243437 -0.092110
0.405417 -0.013336 0.747374 -0.438044 -0.463332 1.468305 1.203717 -0.239956 0.355531 0.319630 -0.060923 -0.524251
0.434996 0.092811 0.921641 -0.538279 -0.511490 1.515927 1.178836 -0.122019 0.062552 0.251191 -0.326151 -0.640804
0.293269 0.396082 1.072194 -0.209542 -0.430690 1.355686 1.256624 -0.149152 0.163377 0.527074 -0.390521 -0.776794
-0.106561 -0.280330 0.548427 -0.694326 -0.602121 1.246049 1.092239 -0.820318 0.736545 0.003394 -0.032840 -0.111658
0.285666 0.263506 1.101537 -0.473657 -0.566050 1.485152 1.338308 -0.370533 0.264463 0.374927 -0.381947 -0.689583
0.394974 -0.393601 0.588518 -0.559506 -0.439815 1.427314 1.262862 -0.409047 0.454553 0.168694 -0.071069 -0.298978
-0.051983 -0.544488 0.662902 -0.406155 -0.354575 1.561396 1.145568 -0.736036 0.613779 0.501211 -0.318704 -0.410770
0.338730 -0.584058 0.510731 -0.555885 -0.395595 1.424414 1.161938 -0.361608 0.384262 0.037731 -0.164175 -0.225529
0.255498 -0.346336 0.851472 -0.212631 -0.297736 1.448116 1.248372 -0.318011 0.368191 0.295712 -0.132205 -0.590849
0.049868 -0.179675 0.633103 -0.608263 -0.604774 1.303437 1.101005 -0.358561 0.574439 -0.110563 -0.200256 -0.150636
-0.456096 -0.080556 0.569771 -0.980383 -0.751168 0.650439 0.651583 -0.681614 0.434398 0.099045 -0.389334 -0.631180
0.023572 -0.462727 0.566100 -0.503981 -0.376720 1.537961 1.103248 -0.467738 0.453291 0.161323 -0.433333 -0.315253
0.249087 -0.446379 0.504969 -0.697089 -0.469306 1.459178 1.277653 -0.545906 0.468018 0.089840 -0.174470 -0.144092
0.183526 -0.201566 0.675322 -0.585087 -0.586819 1.518608 1.306034 -0.480735 0.542581 0.171550 -0.330791 -0.427240
0.179058 -0.133996 0.697225 -0.573498 -0.532838 1.374172 1.079802 -0.253151 0.342577 0.286965 -0.202324 -0.468777
0.290209 -0.300136 0.592389 -0.640848 -0.522763 1.397731 1.202176 -0.438128 0.521694 0.104240 -0.077936 -0.313957
0.250832 -0.457814 0.763633 -0.507953 -0.463214 1.230502 1.230411 -0.768934 0.648557 0.378945 -0.043530 -0.421625
0.542784 -0.117441 1.013935 -0.165976 -0.536118 1.462964 1.364899 -0.309601 0.172131 0.202624 -0.219308 -0.666114
0.436165 -0.225833 0.846904 -0.311174 -0.311898 1.584704 1.245205 -0.287446 0.329965 0.326848 -0.282108 -0.530458
0.369490 -0.386134 0.100421 -0.273999 0.090683 0.445506 1.178072 -0.669352 0.537969 0.025621 -0.519967 -0.195371
0.111896 -0.364599 0.556277 -0.767683 -0.558242 1.421770 1.270774 -0.579361 0.591350 0.047115 -0.262162 -0.103377
0.203386 -0.163956 0.816228 -0.505914 -0.207106 1.077910 1.409120 -0.086979 0.280788 -0.032134 -0.222828 -0.236763
0.275900 0.018409 0.883069 -0.366312 -0.567981 1.483832 1.213936 -0.187306 0.290594 0.245625 -0.335826 -0.518990
0.103243 -1.372444 0.699799 -1.338159 -0.629912 0.099141 -0.108239 -0.272511 0.151546 0.227389 -0.484610 0.232993
0.413330 -0.340275 0.782105 0.141821 -0.076199 1.377138 1.058002 -0.183796 0.318708 0.589587 -0.216999 -0.773165
0.332220 -0.308390 0.589625 -0.598804 -0.427919 1.502780 1.214771 -0.368481 0.409024 0.164894 -0.207078 -0.299299
0.390490 -0.200414 0.867967 -0.399804 -0.313529 1.634311 1.265287 -0.376915 0.310325 0.432773 -0.372204 -0.534361
0.465284 -0.500945 0.337592 -0.458739 -0.186677 1.070628 1.124185 -0.323301 0.384895 0.637455 0.104420 0.018425
