0.207679 0.807615 1.233961 -0.553373 0.780399 -1.036318 0.328775 -1.162859 0.236536 -0.462795 0.043829 -0.108570
0.192062 -0.753506 0.600131 -0.383911 0.192056 -0.094555 -0.019829 -0.702755 0.375744 -0.860049 -0.757218 -0.617066
-0.104286 -1.186710 0.378066 -0.009253 0.029738 0.204624 0.315566 -0.323214 0.346101 -0.569768 0.063363 -0.122825
-0.723385 -0.237943 -0.297137 -0.775329 0.569439 -1.211185 -0.393676 -1.084010 0.794177 1.157228 0.449764 -0.651898
0.326333 -1.550522 0.442095 -0.270507 -0.033157 -0.116097 0.700279 0.038956 0.274612 -0.820840 -0.249457 -0.106338
0.190624 -1.220105 0.501821 -0.010612 -0.151039 0.529693 0.801908 -0.106004 0.576941 -0.366431 -0.538388 -0.240328
0.202031 -0.282553 1.411924 -0.525686 0.774370 -0.434521 -0.148062 -0.595985 0.388522 -0.109797 -0.267548 -0.155735
-0.182850 0.805767 0.612922 -0.170084 -0.032415 -0.255040 -0.301092 -0.171507 0.272311 0.471683 -0.258682 -0.479555
0.162548 -0.993265 0.454728 -0.560741 -0.483733 -0.901752 0.403971 -1.224883 0.262716 0.186235 0.243554 -0.186774
-0.023789 0.731042 0.125620 -0.857935 0.285917 -0.303187 -0.349998 -0.328459 0.274217 0.542161 0.106701 -0.027853
-0.282493 -0.795067 0.713300 -0.307706 -0.317113 0.279046 -0.054443 -0.137741 0.351656 -0.309549 0.149199 0.385212
0.144660 -0.915226 0.370754 0.038913 -0.439407 -0.557291 0.319484 0.041406 0.416379 -0.455803 0.551247 -0.672446
-0.348638 -1.379168 0.823647 -0.230805 -0.010299 0.108448 0.410001 -0.845123 0.251811 -0.140387 -0.318286 -0.055372
0.366359 -1.305488 0.235636 0.259735 -0.144311 -0.083340 0.180810 -0.392941 0.418547 -0.840388 -0.227130 0.208564
-0.194973 -0.282504 0.732320 -0.289729 -0.155727 -0.150638 0.641818 -0.625428 0.405022 -0.455785 0.067446 -0.508849
-0.514267 0.069336 0.038814 0.217764 -0.013119 -0.618684 -0.129610 -0.035569 0.246243 0.552300 0.054378 0.268289
-0.231724 0.692648 0.473643 0.338913 0.575241 -0.690195 0.243870 -0.386901 0.976808 -0.024442 0.753310 -0.239161
-0.027528 -0.548314 0.464499 -0.454984 -0.210185 0.281274 0.220760 -0.094819 0.965361 -0.385511 0.611272 -0.378085
0.307870 0.253477 0.906549 -0.234867 0.307231 -0.506059 -0.201852 -0.501965 0.451681 0.936879 0.503019 -0.766721
0.115028 -1.290546 0.678563 -0.221280 -0.192679 0.066380 0.020126 -0.032816 0.299181 -0.709013 -0.331463 -0.061342
0.343388 0.352841 1.072126 -0.646418 -0.589836 0.801299 0.399058 0.097696 1.000542 0.031987 0.535068 -0.509336
-0.666521 0.881715 0.197340 0.555832 -0.510543 -0.662897 -0.484233 0.412660 0.423095 -0.442689 -0.116975 -0.837152
-0.428276 -1.010294 0.596661 -0.169783 0.135948 -0.404168 -0.428261 0.044541 0.583651 -0.379942 0.157921 0.585767
0.485743 -0.770103 0.251613 -0.569196 -0.824919 -0.250966 0.099439 -0.755117 0.266370 -0.226044 0.126601 -0.031280
-0.585463 -0.232055 -0.020948 -0.367002 -0.539381 -0.086029 -0.339247 0.559526 0.883447 0.509215 -0.205572 0.521058
0.451184 -0.878738 1.021522 -0.725415 0.024783 -0.475957 0.400892 -0.664758 0.136830 -0.627976 -0.247857 -0.400032
-0.401349 0.569830 0.383145 -0.074253 -0.170459 -0.409728 -0.384388 -0.007145 0.438603 0.292994 0.387901 0.451683
-0.207834 -1.476567 0.496672 -0.360730 -0.372537 0.121419 0.268542 -0.258913 0.673154 -0.798698 -0.073752 0.207948
0.361836 -1.146821 0.237473 -0.365197 -0.223579 0.041022 0.398101 -0.271617 -0.023924 -0.583993 -0.144386 -0.073953
-0.108293 -1.076697 1.096358 -0.377505 -0.271485 0.164092 0.495035 -0.545013 0.650224 -0.227331 -0.484303 -0.089903
0.136127 -0.471550 0.768231 -0.668289 -0.200936 0.593830 0.233099 -0.130470 0.867157 -0.222165 -0.749655 -0.127928
-0.154976 -0.810792 0.403201 -0.371855 -0.083732 0.367274 0.140395 -0.284486 0.598545 -0.370044 -0.215626 0.119600
0.162075 -1.028252 0.626443 -0.383177 0.078119 0.153216 0.162982 -0.076148 0.050647 -1.169941 -0.535160 -0.183739
0.678360 0.748865 0.440396 -0.593026 0.573532 -0.430414 0.168541 -0.546995 0.443534 -0.005454 -0.355034 -0.202697
0.384459 -0.251456 0.896388 0.149549 0.347471 0.280693 0.370313 -0.390165 -0.097007 -0.791004 -0.452055 -0.487227
0.568592 -1.056028 0.728373 -1.066203 0.148767 -0.478992 0.972652 -0.769728 0.277903 -0.166318 -0.078850 -0.202337
0.084013 -1.286291 0.394699 -0.291578 0.198054 -0.104098 -0.039317 -0.109477 0.524376 -1.400411 -0.548750 0.106658
-0.059042 -0.511912 0.764830 0.039037 0.070708 0.048786 0.106317 -0.542254 0.933034 -0.306139 0.479740 0.299807
0.086537 -0.564638 0.365832 -0.973506 -0.412336 -0.210097 0.749607 -0.296677 0.375143 -0.171170 0.116381 -0.799286
0.068751 -0.524307 0.902418 -0.211708 0.337956 -0.406747 -0.556723 -0.054086 0.645455 -0.159528 -0.017366 -0.259200
-0.167530 -0.501445 1.210340 -0.445111 0.722719 -0.430209 -0.170239 -0.284862 0.408850 -0.433609 -0.127964 0.140352
0.252646 -0.511497 1.114344 -0.783415 -0.569744 -0.051047 -0.162943 0.259231 0.810167 -0.785825 -0.346159 -0.132794
-0.486213 -0.439042 0.705495 -0.894092 0.714172 -0.673279 0.748807 -1.037594 0.489046 0.164714 0.348544 -0.626854
0.608383 0.420687 0.921814 0.151111 0.513481 0.377217 -0.247246 0.240665 0.132664 -0.486005 0.080503 -0.064332
0.687295 0.076164 -0.228340 -0.373119 0.403901 -0.095969 0.477921 -1.077644 0.717925 -0.715683 -0.673151 -0.152519
0.632332 -0.288657 0.617344 0.466422 0.478418 0.081045 0.572423 -0.313252 -0.160516 0.058873 0.069491 -0.296401
0.130241 -0.868880 0.532454 -0.676066 0.481807 -0.017776 -0.482266 -0.106209 0.759135 -0.533712 -0.314912 0.472577
-1.050765 -1.175477 0.377938 -0.350402 -0.360084 -0.765449 -0.295682 -0.758583 0.323987 0.504590 0.632774 -0.226754
-0.092888 -0.433447 0.909367 -0.399247 -0.088763 -0.277649 0.248489 -0.177513 0.315356 -0.360283 -0.274361 0.183149
-0.131793 -0.586482 1.324278 -0.662428 0.491213 -0.232681 -0.325174 -0.182149 1.069419 -0.130490 -0.421594 0.318935
0.494130 -0.192278 1.449530 -0.664558 0.288850 -0.418906 0.266987 -0.652813 0.369231 -0.033808 -0.562105 0.162799
-0.072657 -0.840089 0.168778 0.002647 0.419351 -0.162697 0.579579 -0.637378 0.723011 -0.453317 0.086657 -0.207211
-0.296366 -0.511588 0.477381 -0.682451 0.996443 0.237334 -0.121987 -0.647679 0.968970 0.274823 0.008612 0.547082
0.281744 -1.534811 0.285704 -0.653885 0.296031 -0.041509 -0.296214 0.101777 0.566701 -1.038193 -0.051167 -0.114880
0.098746 -1.153981 0.913518 -0.732518 0.263430 -0.288459 -0.404367 -0.718244 0.663815 -0.310568 0.533621 0.006688
-0.361200 -0.851711 1.058019 0.002369 -0.051219 -0.344166 0.210268 -0.289881 0.468179 -0.038800 0.165636 0.006898
0.196185 -0.429232 0.738037 -1.021652 0.889993 0.072360 0.182088 -1.118710 0.595138 0.160001 -0.101923 0.700743
-0.333573 -0.580354 0.932205 -0.278941 -0.349875 -0.409930 -0.261858 0.040930 1.070901 -0.386138 0.066145 0.589971
-0.287817 -0.826989 1.077977 -0.577725 0.297926 0.105558 0.153018 -0.168396 0.754248 -0.673713 -0.111179 0.278246
-0.025743 -0.542980 1.318552 -0.451323 -0.336955 -1.060958 -0.072524 -0.682206 0.649854 0.385458 0.261428 -0.341101
-0.533938 -0.595562 0.855281 -0.439979 0.028968 0.451215 0.776823 -0.793549 0.150085 -0.370849 -0.276332 -0.287635
-0.256173 -0.980969 0.840384 -0.073206 -0.379411 -0.093760 -0.010719 -0.446389 0.211556 -0.503392 -0.103009 -0.124210
-0.161250 -0.909353 0.638421 0.192389 0.268119 0.605491 -0.115617 -0.244330 1.009833 -0.359510 0.088442 0.472443
-0.806190 -0.877008 0.786261 0.281271 0.099658 -0.102356 -0.294873 -0.204474 0.191102 0.276356 0.040183 -0.069665
-0.104195 -0.449902 1.335829 -0.683168 -0.349692 -0.812947 -0.605818 -0.229731 0.620124 0.413149 -0.102203 -0.192540
0.419706 -0.597887 1.371689 -1.187379 0.424263 -0.579779 -0.029352 -0.904809 -0.147091 -0.108618 -0.146887 -0.566414
-0.080501 -0.800587 0.536869 0.325361 0.269392 -0.033453 0.113796 -0.050235 0.363666 -0.470741 0.403384 0.496837
-0.343181 -1.256303 0.778624 -0.131120 -0.360667 0.175568 0.413108 -0.493682 0.488048 -0.490150 -0.309554 0.218070
-0.094576 -1.120321 0.301824 -0.694686 0.472137 0.381532 -0.265679 -0.615695 1.032926 -0.476951 0.042710 0.682486
-1.503440 -1.289384 0.792274 -0.198524 -0.405828 -0.547493 -0.478151 -0.147749 0.643888 0.636306 0.664653 0.332788
0.386125 -0.781298 0.596712 -0.791495 -0.238145 0.201202 0.489028 -0.156846 0.505628 -0.646853 -0.602941 -0.102775
0.713269 0.085441 -0.014573 -0.655991 0.300402 0.080388 0.294799 -1.047722 0.707043 0.134987 -0.623414 0.090281
0.013441 -0.541840 0.754942 -1.117043 0.398301 0.052746 0.364947 -0.326552 0.188443 -0.478191 -0.382052 -0.214610
-0.319388 -1.048000 -0.203871 -0.635884 0.292383 -0.205864 0.019783 -0.416797 0.887537 -0.241116 -0.159617 -0.486523
0.004483 0.249716 0.357018 -1.135275 -0.542977 -0.612289 -0.558289 -0.016845 0.589636 0.366612 0.380034 0.038784
0.211375 -0.825756 0.978278 -0.763766 -0.108838 -0.082339 -0.353484 0.088935 0.815489 -0.459174 0.112701 0.229188
0.153368 -1.050051 0.304742 0.214397 0.248024 0.098478 0.084069 -0.515741 0.496310 -0.619350 0.019617 -0.011903
-0.894414 -0.629224 0.561620 -0.783361 0.726383 -1.084934 0.379848 -0.829637 0.697522 -0.253996 0.808358 -0.226044
-0.780512 -0.242778 0.201559 -1.179401 -0.154573 -0.146207 -0.563411 -0.980951 0.756775 0.062637 0.004345 -0.020892
0.447793 -1.171231 -0.330585 -0.049869 -0.189970 -0.409196 0.097952 0.009441 0.626658 -0.275475 -0.273767 0.222882
-0.240331 -1.373303 0.276410 0.144743 -0.153128 -0.279992 -0.339184 -0.022692 0.305096 -0.999767 -0.028144 0.526391
-0.106448 -0.982724 0.601043 0.056289 0.003150 -0.114111 -0.137452 -0.281979 0.495911 -0.329219 0.083086 0.236160
-0.683083 0.589442 -0.867966 -0.264224 -1.021117 -0.849752 -0.204955 -0.133810 0.512223 0.384029 0.147033 -0.224230
0.093511 -0.939524 0.790585 0.306288 0.383095 0.130409 0.312675 -0.315990 0.226221 -0.276649 0.073585 0.234106
0.322928 -1.005081 0.716768 0.467898 -0.149657 -0.141819 0.429645 -0.125566 0.408923 -0.514666 -0.251240 -0.311349
-0.206582 -0.899611 0.773995 0.045275 -0.490853 -0.274867 -0.109074 0.214381 0.272754 -0.417713 -0.226155 -0.274693
-0.243114 -0.815589 0.952591 -0.429590 -0.483052 0.206357 0.297223 -0.202750 0.141589 -0.525817 -0.200045 -0.531738
-0.864959 -0.189506 -0.016592 -0.816150 -0.331649 0.042335 -0.250629 0.157365 0.206880 -0.034278 0.295321 -0.160879
-0.804965 -1.038194 0.091206 -0.243946 -0.051066 -0.606197 -0.052169 -0.699314 0.788273 0.160283 0.128573 0.083961
-0.136444 -0.097516 1.365471 -0.525931 0.255084 -0.850547 0.075185 -0.576050 0.086050 0.374018 0.150609 -0.575801
-0.891137 0.519956 -0.226621 -0.613338 -0.356239 -1.499395 -0.043654 -0.152234 0.524155 0.226359 0.819590 -1.079976
-1.235435 -0.350316 0.939209 -0.153522 -0.551336 -0.896905 -1.090559 -0.142782 0.481786 -0.244301 0.737165 0.893579
-0.960574 -0.766431 0.582240 -0.176522 -0.363009 -0.629457 -0.751320 -0.125410 0.833100 -0.639317 0.250299 0.337211
-0.240976 0.052266 1.085884 -0.197458 -0.603178 -0.685506 -0.352750 0.479479 0.033158 -0.631290 0.051737 0.049347
-0.969895 -0.244700 0.907078 -0.344583 0.006481 -0.454323 -0.606345 -0.155245 0.210653 -0.515738 0.036419 0.456452
-0.914432 -0.373378 0.341736 -0.862200 -0.793518 -0.541842 -0.643217 0.243837 0.485084 0.436969 0.610235 0.203472
-1.191295 -0.327655 1.086911 -0.951926 -0.495678 -0.948427 -0.440904 -0.667591 0.695579 0.875894 0.878943 -0.069045
-0.244326 0.321644 0.629474 -0.617850 0.011156 -0.273244 0.122794 -0.156909 0.761093 -0.057104 0.063062 -0.267538
-0.833211 0.172741 1.454369 -1.149596 -0.601934 -0.524307 0.031350 -1.082348 0.780958 0.143351 -0.164458 -0.512029
0.238663 -0.188448 -0.091725 -1.005211 -0.112874 0.016419 -0.308594 0.002679 0.983037 0.537937 0.227712 -0.525607
0.096446 -0.560841 0.366157 -0.190655 -0.223212 -0.431903 0.048257 -0.759744 0.461416 0.208437 -0.082944 -0.312937
-0.272277 0.082527 0.824573 -0.830589 -0.185556 -1.013143 -0.844763 -0.153838 0.649885 0.129556 0.016027 -0.384792
-0.679301 -0.625102 -0.574468 -0.149933 -0.391801 -0.270959 -0.018649 -0.307099 0.425767 0.220798 0.384275 -0.200226
0.236222 -0.634561 0.309963 -0.877688 -0.255487 1.440471 1.180007 -0.541486 0.602004 0.295744 -0.203165 -0.011007
0.114496 -0.512453 0.249321 -0.831987 0.027131 1.504740 1.183046 -0.904637 0.671026 0.267309 -0.283703 0.067576
0.156033 -0.946140 0.250263 -0.876888 -0.031328 1.385162 1.084324 -0.659566 0.745617 0.327567 -0.282617 0.109565
0.089938 -0.717168 0.333189 -0.734103 -0.386160 1.380585 1.148434 -0.622014 0.557751 0.173952 -0.236299 -0.043099
0.139857 0.090501 1.068947 -1.564259 0.073274 0.217085 0.564418 -1.264747 0.567112 0.436429 0.135368 0.209698
0.162392 -0.350740 0.643339 -0.490863 -0.554835 1.342990 1.250421 -0.608330 0.626398 0.168326 -0.145742 -0.341625
-0.160206 -0.631583 0.793441 -0.063743 0.474641 0.845755 0.452955 -1.026289 1.030574 1.037135 -0.254906 -0.489050
0.191204 -0.399872 0.665447 -0.463434 -0.491347 1.399722 1.228119 -0.546903 0.588673 0.222298 -0.162632 -0.376228
0.438214 0.248363 1.930562 -0.805803 -0.575735 0.256742 1.068637 -1.028909 -0.120810 0.722860 -0.248454 -1.206968
0.247077 0.044104 0.637481 -1.195732 -0.567516 1.141890 0.566769 -0.631026 0.113019 0.505144 -0.652596 0.226268
-0.114750 -0.428468 0.269833 -1.111649 -0.154006 0.822794 0.574669 -0.890327 0.800330 -0.196449 0.276904 0.410063
-0.048501 0.004718 0.551859 -1.052992 -0.721134 1.072842 1.188638 -0.597079 0.472724 -0.174471 -0.314337 -0.334354
-0.121635 -0.451709 0.450370 -1.168515 -0.394444 1.454069 0.877090 -0.470261 0.656428 0.180544 -0.380361 0.208103
0.451472 -0.019435 0.832527 -0.360533 -0.462931 1.473760 1.099279 -0.043479 0.219630 0.311975 -0.286000 -0.522713
0.232043 0.151245 1.183081 -0.169555 -0.438463 1.417546 1.348059 -0.469728 0.280087 0.432287 -0.306242 -0.899989
0.282900 -0.207565 0.845450 -0.758000 -0.130323 1.324618 1.086367 -0.721885 0.255277 0.492665 -0.216317 -0.434090
0.378463 0.141025 1.031491 -0.332342 -0.546885 1.482724 1.440560 -0.416630 0.358554 0.501942 -0.215840 -0.730827
0.152940 -0.064624 0.732348 -0.590224 -0.591836 1.442125 1.200974 -0.389010 0.466398 0.091359 -0.311422 -0.302622
0.520491 -0.474552 0.754005 -0.197846 -0.461036 1.034973 0.771874 -0.031682 0.163795 0.221569 0.137010 -0.370494
0.325220 -0.414894 0.669981 -0.404617 -0.312455 1.567362 1.200133 -0.398318 0.380165 0.394475 -0.250881 -0.429878
0.286842 -0.458639 0.554409 -0.708976 -0.158755 1.511459 1.067675 -0.627289 0.543325 0.416147 -0.214605 -0.316576
-0.163465 -1.179660 0.842738 -0.862537 -0.067804 0.491348 0.267254 -0.784319 1.433783 0.384267 -0.018273 0.440614
