0.151083 0.366549 1.022774 -1.077862 0.372266 -0.503529 0.156796 -0.409211 0.303439 -0.475824 -0.185769 -0.147150
-0.381394 0.064470 0.353634 -0.258849 -0.485820 -0.908851 0.117541 -0.504194 -0.176935 -0.300961 0.367765 -0.788951
0.715331 -1.075526 0.662132 -0.341131 -0.502012 0.043649 0.210950 -0.149590 0.642626 -0.014777 0.117086 0.016311
0.135353 0.138602 0.884402 0.188195 -0.358326 -0.256598 -0.206999 0.417359 -0.261789 0.058506 0.462813 -0.372202
0.047437 -0.658351 1.379178 -0.428062 -0.458922 0.131411 0.154422 -0.850020 0.580708 -0.557478 -0.175893 -0.255170
-0.152828 -0.069257 1.056883 -0.282430 -0.414987 0.167942 -0.340167 -0.546647 0.434589 -0.066307 -0.670267 -0.197246
0.374270 -0.477250 0.816681 -0.541438 0.372279 -0.029956 0.552784 0.165631 0.107822 0.088796 -0.113423 0.254040
0.541751 1.091177 0.798005 -0.265653 -0.054511 -0.688554 -0.242810 -0.450614 0.166061 0.473929 -0.436925 -0.857175
0.776827 -0.748611 0.533673 -0.900416 0.530507 -0.324071 0.697014 -0.609467 0.239200 -0.839977 -0.358782 -0.456189
-0.056653 -1.137821 1.128563 -0.174277 0.082451 -0.375383 -0.404202 -0.632381 0.659844 -0.520629 -0.323334 -0.346719
-0.213975 -0.333930 1.718420 -0.296416 0.602055 -0.286565 -0.099684 -0.393100 0.429750 -0.081692 0.053765 -0.229409
-0.728946 -1.202002 0.439027 -0.054100 0.492945 -0.290868 -0.253370 -0.587204 0.353730 -0.144714 0.322946 -0.185670
-1.131722 -0.470651 0.637740 -1.074999 -0.077251 -1.012622 -0.198343 -0.893804 0.604326 0.635654 0.504666 -0.371357
0.302678 -0.240764 1.165521 -0.248266 0.633976 -0.293160 0.934696 0.005701 0.145991 -0.312526 -0.337410 0.210447
0.354323 -1.040519 0.253184 -0.189386 0.197465 -0.408000 -0.454239 -0.253031 0.254954 0.029107 0.165551 0.176328
0.426972 -1.073821 0.345426 -0.983603 -0.039035 -0.116727 -0.115384 -0.470748 0.274388 0.306776 0.777236 0.155449
0.338692 -0.381279 0.717039 0.054082 0.289514 -0.056013 0.582798 -0.368639 0.107025 -0.466644 -0.077517 -0.026928
0.635728 -0.084109 0.936567 -1.067214 0.217740 0.176164 0.185098 -0.123114 0.618260 -0.412201 -0.482305 0.040359
-0.236345 -0.505809 0.798097 -0.941533 0.128754 -0.612565 -0.119230 -0.819718 0.972436 -0.008133 -0.107545 0.315866
0.285266 -0.487452 1.013607 -0.178668 0.281550 -0.390761 0.611079 -0.386950 0.092302 -0.737811 -0.407017 -0.420477
0.008691 -0.068993 0.630841 -0.529660 0.083437 -0.482858 -0.126009 -0.272369 0.509282 -0.394821 -0.371484 -0.249424
-0.422525 -0.919116 0.338924 -0.443616 0.482435 -0.021804 -0.312202 -0.898053 0.732499 0.073870 0.022629 0.052392
0.215314 -0.459993 0.623759 -0.678341 0.594177 -0.505974 -0.005019 -0.720338 0.359692 -0.026587 0.323370 -0.144421
0.363665 -0.182343 0.683365 -0.307862 -0.461370 -0.052489 0.093207 0.288737 0.057697 -0.219260 -0.490347 -0.346172
-0.452235 -0.389861 0.551808 -0.424897 0.084694 -0.949042 -0.190197 -0.543472 1.114627 0.412549 0.587212 -0.197381
0.092800 -0.728172 0.681247 -1.066439 -0.559749 -1.210440 -0.525966 0.344120 0.860422 -0.026416 0.181331 -0.658706
0.129170 -0.486620 0.807238 -0.449258 -0.156345 -1.285732 -0.279690 -0.944223 0.850551 0.653512 -0.054100 -0.629892
0.542090 -0.411418 1.419654 -0.538159 0.382460 -0.037442 0.300017 -0.526815 -0.063130 -0.523302 0.378710 -0.263446
0.335867 -0.417124 1.387037 -0.214292 0.369279 -0.016938 0.238455 -0.364327 0.472851 -0.282789 -0.072069 -0.193021
-0.209482 -0.428324 0.973100 0.184597 0.290092 -0.250306 0.416786 -0.381123 0.933852 0.094687 -1.050741 0.065208
0.122650 -0.537918 1.057001 -0.835740 0.011733 -0.617958 0.208721 -0.513173 0.401715 -0.014221 0.546233 -0.035099
-0.252073 -1.184725 0.705177 -0.747220 0.105348 0.285320 -0.254134 -0.315119 0.279427 -0.530039 -0.443262 0.013100
-0.166586 -0.097440 0.978687 -0.530333 -0.367329 -0.784903 -0.680942 -0.094283 0.722444 0.169232 -0.477175 -0.138199
0.371639 -0.298188 0.614223 -0.466984 -0.417186 -0.252868 -0.824122 -0.092273 1.059454 -0.399025 0.619248 0.039196
-0.127936 0.017329 1.267520 -1.074983 -0.253635 -0.796867 -0.197618 -0.384106 0.686366 0.463908 0.631906 0.269321
0.082695 -0.391227 0.930901 -0.064591 -0.353709 -0.732274 -0.128844 0.160254 0.649442 -0.595663 -0.395674 0.452968
-0.055088 -0.047207 1.234195 -0.926498 0.801998 0.495893 0.291032 -1.022481 0.257707 0.219008 -0.668368 -0.593592
-0.225769 -0.072127 0.831431 0.217517 -0.414617 -0.842868 -0.294002 -0.388411 0.374883 0.018569 0.077947 -0.801589
-0.448156 -1.206064 0.633948 -0.453420 0.595404 0.214902 -0.089603 -0.611221 0.617191 -0.313378 -0.108198 0.167860
0.081200 -0.839220 0.811166 -0.384927 0.414826 -0.276898 0.506021 0.086345 0.505619 -0.381572 -0.259284 0.092947
-0.383497 0.391072 0.393893 0.077523 -0.136260 -0.546481 -0.116085 -0.073653 -0.020748 -0.363220 0.267048 -0.114914
-0.386008 -0.105648 0.957062 -0.004232 -0.541361 0.127347 0.220889 -0.284266 0.210274 -0.398505 0.130018 -0.595446
-0.225615 -0.638124 0.933467 0.551209 0.151344 -0.626042 -0.281374 -0.580203 0.708948 -0.647822 0.084562 0.407338
0.327729 -0.706022 0.666375 0.193774 0.202041 0.414123 0.509393 -0.650234 0.736415 -0.938454 0.201492 -0.256261
-0.111785 -0.785049 0.961163 0.246602 0.209557 0.278145 0.358790 -0.311445 0.606875 -0.477228 -0.357889 0.097279
0.411925 -0.921732 1.290525 -0.496558 0.413426 -0.182041 0.265731 -0.145642 -0.081108 -0.272087 0.387986 -0.540565
0.116522 -1.092103 0.863802 -0.663083 0.038563 -0.030930 -0.222508 -0.294746 0.795208 -0.778490 0.313625 0.367627
-0.310112 -1.199786 0.875554 -0.494477 -0.148391 -0.787028 0.736290 -0.206358 -0.162257 0.163879 0.272327 -1.054443
-0.012076 -1.393283 1.192965 -0.201387 -0.159545 -0.098446 -0.115805 -0.360859 -0.044469 -0.176797 -0.517589 -0.233255
-0.889562 -0.762431 -0.256107 -0.128834 -0.129182 -0.577165 -0.150840 -0.083341 0.094896 -0.361685 -0.516784 -0.192485
0.249673 -0.673060 0.094496 0.202966 0.054238 -0.218365 -0.097009 0.516249 0.239980 0.070428 0.089271 0.898015
0.576647 -1.015826 0.624393 -1.088591 0.685375 0.192614 -0.043903 -0.775383 0.192520 -0.012868 -0.178706 -0.410984
0.104095 -0.128905 -0.389777 0.525750 0.244563 -0.347931 0.567345 -0.433413 0.329857 -0.061106 0.216775 -0.807143
0.523950 -0.684671 0.130953 0.430497 0.073671 -0.118017 0.987524 -0.933654 0.562509 -0.030084 0.440554 0.078445
-1.563838 0.556392 0.768754 -0.697141 -0.640525 -0.797059 -1.020885 -0.575487 0.717084 0.805167 0.256853 0.298239
-0.584187 -0.230063 1.368518 -0.653988 0.449971 -0.588501 0.274711 0.096745 0.092471 0.108764 0.311009 -0.264828
0.559608 -0.425516 0.902200 -1.095463 0.389908 -0.781084 -0.060417 -0.477469 0.940759 -0.253663 0.603631 0.054713
0.006570 -0.550906 0.824167 0.015519 0.353305 -0.604210 -0.272582 -0.128832 0.631620 -0.546550 -0.457379 -0.086740
-0.311752 -0.989004 1.422544 -0.273322 0.158203 -0.851311 0.367952 -0.661156 0.324865 0.355262 0.877091 -0.435758
-0.229150 -0.139673 0.692499 -0.323407 0.158383 -0.543538 0.316464 -0.863116 0.893113 0.097561 -0.205919 -0.356575
-0.010979 -1.033099 0.771401 -0.944142 0.282535 -0.065359 0.279265 -0.867306 0.295187 0.257784 0.994441 -0.084780
-0.205465 -0.754094 -0.287437 -0.593889 0.619164 0.438683 0.196235 -0.820491 1.069407 -0.372130 0.264110 0.475503
-0.295102 -0.268550 0.448375 -0.298080 0.345872 -0.564845 0.355637 -1.100036 0.910496 0.408217 0.571537 -0.354523
0.111362 -0.724064 0.811758 -0.328816 -0.107963 -0.902346 0.548965 -0.074495 1.117055 -0.146916 0.557871 -0.321354
0.645347 -0.296948 0.733183 -0.560039 -0.414756 -0.092589 0.708943 -0.776574 0.361360 -0.581180 -0.179546 -0.580545
0.338553 -0.072562 0.687548 -0.219460 0.345586 -0.946493 0.476394 -0.965728 0.508786 0.158055 0.402988 -0.904681
0.027501 -0.073052 0.646006 -1.558012 0.306714 -0.755909 0.188143 -1.206835 0.228761 0.310078 0.257458 0.100525
0.367036 -1.378845 0.964402 -0.564883 -0.155765 -0.205665 0.787113 -0.145053 0.633255 0.013839 0.053890 -0.699366
0.777970 -0.915317 0.097649 -0.341851 -0.745973 -0.280601 0.893833 -0.017685 0.390946 0.676024 -0.406172 -0.600822
0.062717 -0.377479 0.595034 -0.556530 0.494672 -0.353199 0.551653 -1.152922 -0.157906 0.276194 -0.113860 -0.698864
-0.114993 -0.543170 0.269892 -0.723028 0.132476 -0.150097 1.212327 -1.192310 0.290228 -0.095973 0.080221 -0.204291
0.208874 -0.884487 0.527420 -0.197180 -0.299147 -0.055285 0.139135 -0.538316 0.367606 -0.433873 0.047335 -0.187525
-0.980190 -0.735848 -0.037817 -0.216806 0.392703 -0.802838 0.677482 -0.701296 0.554360 -0.176146 -0.089773 -0.899244
0.156758 -0.100140 0.854887 -1.128334 0.664457 -0.895879 0.270736 -1.126651 0.105374 0.182750 0.158673 -0.657739
0.436904 -1.016111 0.640983 -1.163403 0.085832 0.406001 0.482069 -0.702388 0.771284 0.026446 0.271822 -0.037539
0.235626 -0.465987 1.157813 -0.158886 0.453904 0.087412 0.223353 -0.710626 1.031998 -0.385326 0.070288 0.098064
0.394760 -0.654275 0.901894 -1.210724 0.468100 -0.096187 -0.101095 -0.843124 0.143529 -0.224988 -0.145015 0.047829
0.001066 -0.785281 0.585446 -0.702672 -0.562900 -0.456884 0.233891 -0.522912 1.057096 0.558453 0.560845 0.261421
-0.377210 -0.932568 1.130995 -0.778519 0.840960 -0.105742 0.090454 -0.864527 0.603465 -0.220939 0.022445 -0.038100
0.222349 -0.537539 1.259237 -0.654276 0.255238 -0.107963 -0.446006 -0.458840 0.713929 -0.313604 0.302972 0.099757
0.155263 -1.673044 0.339028 -0.487206 0.430136 0.122777 0.369072 -0.823671 0.540549 -0.192585 -0.045647 -0.174869
-0.666973 -0.131302 0.436822 0.646669 -0.441812 -1.620295 -0.228260 -0.071052 -0.342659 -0.889272 0.279014 -0.692933
-0.388038 0.445795 1.064433 -1.317016 -0.052197 -1.252583 -0.575937 -0.682564 0.567120 0.955690 0.272348 -0.813099
-0.699325 -1.099648 0.036518 -0.289392 0.367181 0.277236 0.040832 0.163692 0.583441 0.263883 -0.319876 0.217760
-0.225309 -1.144073 0.898880 -0.739600 -0.022392 -0.159217 0.503644 -0.369095 0.423560 0.950314 0.197242 -0.886467
0.142670 -0.222636 1.477096 -0.576910 -0.233698 0.030245 0.073177 -1.227843 0.531539 0.753398 -0.503706 -0.615817
-0.196180 -0.433506 -0.353466 0.075419 -0.166256 -0.222243 -0.426174 0.640798 0.790180 0.310332 -0.011654 0.840886
-0.782176 0.198216 0.348665 -0.772303 -0.349614 -0.973831 -0.189555 -0.262366 0.069541 0.367183 0.057977 -0.190491
-0.597220 -1.133628 0.102034 -0.312967 0.891955 0.072950 -0.039853 -0.998428 0.535967 0.238805 0.410746 -0.151516
0.203805 -0.174079 -0.247686 -0.491184 -0.274189 0.062706 -0.305381 -0.551366 0.683701 -0.009411 -0.188973 0.115712
-1.290411 0.185901 0.433814 -0.776107 -0.159748 -0.401960 0.183912 -0.294062 0.130353 -0.666083 -0.372762 0.147037
-0.642628 -0.040325 -0.392863 -0.542832 -0.046070 -0.429514 -0.068632 -0.362423 0.804864 0.098698 -0.129914 -0.210633
-0.848134 0.048152 0.126187 0.175812 0.240612 -0.395000 0.025794 -0.079250 0.153435 0.811894 -0.071830 -0.331622
0.008362 -0.201767 -0.154562 -0.880525 -0.055331 -0.299577 0.230499 -0.282442 0.840682 -0.091559 -0.533693 -0.094800
-0.903736 -0.404740 0.357999 -0.899057 0.065957 0.260930 -0.263186 -0.536290 0.538588 0.055015 0.024260 -0.051587
0.312783 -0.986657 0.534176 0.063864 -0.183903 0.192732 -0.099847 -0.507485 0.804907 0.450198 -0.317983 -0.200504
-0.754202 -0.309583 -0.036802 -0.148140 0.298479 -0.301899 0.194144 -0.788716 0.143512 -0.361356 -0.367083 -0.137255
0.316359 -0.211461 0.850180 -0.137956 -0.231724 1.230501 0.995983 -0.114057 0.232624 0.247178 -0.149017 -0.529466
0.130519 0.123267 1.415133 -0.182157 -0.361802 1.444563 1.154313 -0.451083 0.374021 0.829628 -0.356910 -0.628706
0.340043 -0.073060 0.790562 -0.530451 -0.481443 1.035181 1.227995 -0.506213 0.698920 0.218243 -0.121490 -0.278648
0.208963 -0.127643 0.484628 -0.833598 -0.623420 1.235474 1.233923 -0.536056 0.400204 -0.072897 -0.171573 -0.306669
0.112103 -0.456914 0.545755 -0.758216 -0.410009 1.449538 1.211703 -0.635691 0.592082 0.373773 -0.265171 -0.096330
0.345897 0.332705 1.083121 -0.428077 -0.641983 1.443864 1.283053 -0.147214 0.167084 0.299503 -0.348500 -0.671658
0.103585 -0.266938 0.710519 -0.586825 -0.576892 1.413912 1.350066 -0.667707 0.662952 0.142358 -0.250987 -0.265933
0.376360 -0.086646 0.766460 -0.319922 -0.489813 1.417633 1.208953 -0.188987 0.290273 0.198200 -0.254609 -0.480972
0.447852 -0.242444 0.696054 -0.436965 -0.438184 1.467501 1.229467 -0.243221 0.307303 0.175486 -0.177869 -0.407894
0.556388 0.375806 1.164836 -0.626922 -0.476279 1.247925 0.884770 -0.078372 0.240138 0.369558 -0.261158 -0.606929
0.097251 -0.513209 0.588086 -0.833229 -0.327955 1.594408 1.176786 -0.630326 0.620848 0.169885 -0.226134 -0.222336
0.358638 -0.167353 0.262414 -0.855851 -0.196314 1.379999 0.722627 -0.521741 0.461201 0.573043 -0.263700 -0.248457
0.036782 -0.444737 0.357418 -0.603242 -0.182191 1.388779 1.126778 -0.409067 0.435306 0.473962 -0.290216 -0.170697
0.269368 -0.522961 0.654609 -0.428864 -0.287912 1.598640 1.163579 -0.402190 0.421668 0.364007 -0.305379 -0.413864
-0.147446 -0.186094 0.402182 -0.369166 -0.677582 1.074629 0.949518 -0.061180 0.411043 0.029110 -0.420730 -0.454299
-0.009493 -0.183134 0.272975 -0.876859 -0.562721 0.875624 0.913996 -0.250801 0.743729 0.128996 -0.352327 -0.290830
0.150338 -0.360880 0.565712 -0.725572 -0.455278 1.452065 1.210799 -0.496138 0.619406 0.121656 -0.312011 -0.131329
-0.029386 -0.604457 0.423153 -0.985804 -0.296747 1.557616 1.234636 -0.703995 0.650413 0.212021 -0.475823 0.102002
0.171797 -0.484069 0.677356 0.068659 0.161809 1.442548 1.023551 -0.190660 0.439190 0.817241 -0.343009 -0.552693
0.341833 0.161733 1.056167 0.113019 -0.307732 1.430226 1.299844 -0.265830 0.188531 0.743680 -0.440366 -0.860050
0.529362 -0.225784 0.955668 0.181907 0.176681 1.076135 0.939037 -0.334617 0.214080 1.122921 -0.097692 -0.946936
0.446970 -0.673750 0.523437 -0.521887 -0.279698 1.266727 1.264084 -0.565540 0.526001 0.226684 -0.214169 -0.147087
0.206718 -0.378816 0.630815 -0.522227 -0.311847 1.561282 1.046662 -0.237904 0.407618 0.259447 -0.290820 -0.411193
-0.374792 -0.151381 0.999751 -0.716729 -0.463765 0.498177 1.032531 -0.610205 0.386905 0.149711 -0.139358 -0.588663
0.255892 -0.243323 0.988333 0.271796 -0.394715 1.557810 1.243240 -0.361216 0.584043 0.136027 -0.296844 -0.459809
0.076149 -0.498614 0.626749 -0.475572 -0.217366 1.439346 0.990529 -0.662951 0.643815 0.516995 -0.293581 -0.490723
0.346500 -0.301209 0.605537 -0.514698 -0.498148 1.369309 1.122303 -0.229319 0.347536 0.029777 -0.163484 -0.306648
0.283670 -0.077661 0.705890 -0.489803 -0.574337 1.420008 1.250595 -0.442686 0.430371 0.117047 -0.207058 -0.402960
0.137020 -0.519435 0.662084 -0.613347 -0.329838 1.395524 1.217797 -0.691900 0.665706 0.463514 -0.122585 -0.239904
0.251810 -0.081330 0.833171 -0.632583 -0.529305 1.474008 1.244241 -0.444467 0.483412 0.242464 -0.292826 -0.454607
0.362633 0.151719 0.973389 -0.448250 -0.755416 1.372956 1.314285 -0.353510 0.245526 0.080812 -0.250704 -0.588087
0.136276 -0.063636 0.719776 -0.575197 -0.214314 1.290512 1.128953 -0.305465 0.686691 0.469848 -0.284380 -0.442361
-0.007994 -0.620953 0.427980 -0.884020 -0.389987 1.463237 1.210307 -0.750713 0.714950 0.131870 -0.314090 0.027461
0.074120 -0.512339 0.438121 -0.906210 -0.358647 1.519881 1.274112 -0.732448 0.662110 0.239391 -0.268920 -0.038393
0.375749 -0.079666 0.822831 -0.109630 -0.392693 1.463668 1.202821 -0.159520 0.313761 0.336402 -0.252810 -0.610644
0.085604 -0.290023 0.801629 -0.400852 -0.561165 1.506841 1.155573 -0.556919 0.425203 0.272618 -0.308717 -0.456137
