-0.139246 -0.753899 0.787469 0.478962 0.415439 -0.621236 -0.772468 -0.754297 0.995331 0.008933 -0.128283 0.072216
-0.932242 -0.667332 0.727152 -0.265983 -0.522345 -0.188191 -0.018916 -0.601873 -0.280792 -0.381290 -0.311010 -0.430717
0.246457 -1.507983 1.094565 -0.441730 0.095146 -0.012143 0.036039 0.150516 0.184994 -1.128021 -0.248375 -0.025015
1.088357 0.088202 0.499465 -0.194173 -0.214673 0.470020 0.485503 -0.899446 -0.240976 0.146467 -0.058845 -1.302437
-0.589420 -0.296159 0.199895 -0.763731 -0.039289 -0.887164 0.298793 -1.591857 0.492064 0.177850 -0.085079 0.081752
0.255290 -0.998649 0.230252 -0.831790 0.014818 -0.075667 0.684715 -0.931567 0.088651 -0.068931 0.481174 -0.437730
0.257378 -1.093398 0.191230 -0.096323 -0.184866 0.228764 1.237480 -0.702725 0.553525 0.130650 0.152786 -0.067406
-0.473607 -1.275067 -0.361951 0.114719 0.333967 0.535200 0.887889 -0.964977 0.336326 0.256091 -0.052843 -0.099370
0.489923 -1.071495 0.307727 -0.600783 0.684411 -0.404895 0.584434 -0.686738 0.328795 0.036683 0.147923 -0.039063
0.535737 -0.941227 -0.309526 -1.235134 -0.133062 -0.108462 0.385544 -0.626267 0.417330 -0.140565 -0.422800 -0.353245
-0.541359 0.320569 0.603637 -0.315209 -0.331074 -1.173268 -0.004700 -0.338997 0.115181 -0.241335 -0.108733 -0.606157
0.334054 -0.174371 0.964362 -0.487994 -0.917949 -1.064042 -0.126976 -0.124270 0.058327 0.717655 0.226581 -0.204525
0.307253 -1.154692 0.181300 -0.274811 0.312101 -0.306379 -0.583483 -0.020228 0.601548 -0.160418 -0.023289 0.310722
-0.009991 -1.079052 0.376652 -0.182701 0.616595 0.472066 0.136841 -0.888492 0.124406 -0.034179 0.325778 -0.294250
-0.367371 -0.337344 -0.040854 -0.513081 -0.123436 -1.012220 0.575321 -0.563966 1.002336 -0.377119 -0.608784 -0.595123
0.210746 -1.129125 0.746240 -0.179298 0.030252 0.214329 0.112145 0.008628 0.730909 -0.747854 0.259766 0.041899
0.019310 -1.034116 1.078714 0.016629 -0.047616 0.055808 -0.115722 -0.013630 0.501478 -0.386358 0.147970 -0.179359
-0.273764 -0.660919 0.599481 0.360208 0.615849 -0.474017 0.389623 -0.018049 0.650972 -1.312574 -0.730193 0.412773
-0.141861 0.507072 0.672190 0.237311 0.062680 -0.419743 -0.455334 -0.145448 0.305006 -0.056481 0.129969 -0.626675
0.058389 0.541809 0.836904 -0.196931 0.877580 -0.848403 -0.454640 -0.428662 0.404717 0.650927 0.173536 0.143640
-0.498626 0.586900 0.727766 -0.431973 -0.682681 -0.572560 -0.065585 -0.611610 0.110031 -0.023596 0.175267 0.375868
-0.106365 0.238651 1.036885 -0.774747 0.335136 0.393894 0.492884 -0.331224 0.908734 0.104114 -0.078066 -0.298676
0.288254 0.124550 0.460259 0.446835 0.511417 -0.447693 -0.182483 -0.421038 0.610837 0.259090 0.452103 0.246268
0.181591 -0.417614 0.212001 -0.126624 0.016671 -0.364864 -0.456381 0.014899 0.722691 -0.351637 0.274914 0.628361
-0.363899 0.637452 0.738770 -1.241960 -0.407514 -0.266479 -0.628988 0.265829 0.298017 1.278254 0.491904 -0.275609
-0.478377 -1.657698 0.062965 -0.038608 0.140740 0.362348 0.790212 -1.028649 0.562120 0.171006 -0.083745 -0.493870
-0.088314 -0.853176 0.467804 0.378405 -0.213446 0.043516 0.742241 -0.530125 0.341429 -0.672310 -0.024696 0.138044
0.227079 -1.332119 0.653287 -0.182507 -0.264721 -0.568921 -0.145327 -0.118124 0.791325 -0.410933 0.406200 -0.350315
-0.150914 -0.534942 0.321878 -0.419042 -0.449064 -0.903115 0.453990 -0.989381 0.003268 -0.435677 -0.435099 -0.985638
0.019521 -1.166488 0.417771 -0.050727 0.116043 0.143579 0.240618 -0.476995 0.247840 -0.765916 -0.960227 -0.336470
0.261168 -1.369218 0.896428 0.253837 -0.535290 0.500982 0.372104 -0.497529 0.885782 -0.233443 -0.047103 0.339412
-1.034871 -0.249236 0.449730 -0.320763 -0.909983 -0.656351 -0.303871 -0.355329 0.369996 0.352034 0.064060 0.239271
-0.164081 -0.781590 -0.304389 0.217236 0.693196 0.464156 -0.580333 -0.597689 0.365744 0.238255 0.236313 0.243670
-0.821668 -0.000106 0.597510 -0.212926 -0.210325 -0.578640 -0.072687 -0.274123 0.205817 -0.470910 0.134224 -0.380353
-0.527462 -0.829186 -0.186502 -0.413409 -0.230429 -0.431970 0.406637 -0.392702 0.482015 -0.503766 -0.035651 -0.332764
-0.303504 -1.117611 0.686210 -0.048273 -0.068564 -0.197821 0.935089 -1.309495 0.053021 0.011648 0.202736 -0.663688
-0.261619 -0.293995 0.537761 0.018248 -0.331327 -0.093751 0.412633 -0.397073 0.627384 -0.294893 -0.897603 -0.724034
-0.605263 -0.626232 0.490624 -0.457673 -1.054170 -0.440151 0.209807 -0.188357 0.640152 0.004643 -0.258341 -0.113615
-1.120362 -0.673877 0.230014 -0.807168 -0.458563 -0.743175 -0.276097 -0.544422 0.953317 0.489103 0.472825 0.359836
-0.375363 -0.630572 0.675234 -0.464783 0.351757 -0.451968 -0.674256 -0.381082 0.006325 -0.298082 0.304547 -0.412718
-0.149846 -0.871380 0.216347 -0.126828 0.093078 -0.555168 0.146755 -0.689132 0.111504 0.452490 0.364728 -0.318652
-0.184407 -0.967333 -0.539187 0.129386 0.088521 -0.011011 0.267745 -0.341012 1.050132 0.135619 0.175135 0.288790
-0.103756 -0.427299 0.026682 -0.531680 -1.005526 -0.354983 0.028762 0.142392 0.638168 0.042281 0.145577 0.209592
-0.047037 -0.644058 0.351252 0.035928 -0.299103 -0.493692 0.203733 -0.283910 0.451107 -0.033087 0.023309 0.158035
-0.342483 -1.101482 0.400407 -0.680765 -0.050803 0.324719 0.244620 -0.077301 0.603322 -0.078678 -0.166007 0.251675
0.108127 -0.049139 0.561641 -0.575873 0.321170 0.066085 1.001073 -1.023051 0.035090 -0.238203 -0.277969 -0.481634
-1.116728 -0.917912 -0.346703 -0.727516 -0.117987 0.111245 -0.091139 -0.608888 0.756236 -0.256379 0.164629 -0.062666
-0.528090 -0.959586 -0.209925 0.180390 0.261634 -0.578321 -0.334058 -0.715023 0.580584 0.119689 -0.092695 0.014578
-0.386959 -0.679526 0.303654 -0.561741 -0.296598 -0.514082 -0.526377 -0.408697 0.623017 0.039321 0.093439 0.044155
-0.620049 -1.144363 -0.111880 -0.510259 0.703562 -0.218999 0.180085 -0.264436 0.572292 0.398905 0.697153 -0.238242
-1.366919 -0.106378 0.303594 -0.742504 -0.664101 -0.225312 -0.382380 -0.598385 0.375397 0.332055 0.124305 -0.518666
-0.647386 -0.461436 0.643957 -0.481302 -0.544561 -0.245390 -0.334298 0.183873 0.446037 0.388500 -0.150032 0.002714
-0.031637 -0.550324 0.143798 -0.607387 -0.127374 -0.544399 -0.415534 -0.249373 0.783924 0.155640 -0.135705 -0.393564
0.796509 -0.776428 0.376580 -0.549747 -0.158923 -0.522606 0.293358 -1.067176 0.601737 0.025552 -0.385398 -0.777577
0.677474 -0.473955 -0.070381 0.834966 -0.429275 -0.714341 0.408543 -0.261486 0.531160 -0.862792 0.030890 -0.097679
-0.052161 -0.130990 -0.064725 0.717606 0.209506 -0.667815 0.342638 -0.296986 0.554395 -0.180165 -0.538898 0.982279
-0.004100 -0.540742 0.244647 -0.904327 -0.109110 -0.026739 -0.256446 -0.178620 0.949789 0.172383 -0.032458 -0.194873
0.042208 -1.253876 0.592021 0.204273 0.005232 0.187156 0.768517 -0.588944 0.657323 0.003885 -0.363958 -0.456334
0.135194 -1.071407 0.517354 -0.613481 0.654969 -0.079800 -0.452604 -0.710556 0.440363 0.162589 0.251057 0.413153
-0.290157 -0.015060 -0.116018 -0.298668 -0.329145 -0.624459 -0.383769 -0.013878 0.570039 -0.074313 0.503129 0.351927
-0.808155 -1.086931 0.099717 -0.370595 0.359779 0.035921 -0.599128 -0.718312 1.649340 0.205158 0.088998 0.259596
-0.020481 -1.209948 -0.592047 0.213579 0.348071 -0.056197 -0.017444 -0.316498 0.966370 -0.273658 0.146572 0.674136
-0.223180 -0.352833 0.566516 0.837871 -0.453024 -0.610092 -0.162941 0.085963 -0.270063 -0.676064 -0.857316 -0.522694
-0.419825 -0.533166 0.597652 -0.618563 0.317784 -0.052076 -0.786654 0.233649 0.710379 -0.177441 0.423078 0.566548
0.220436 -1.108469 0.751541 -0.135814 0.039538 0.134956 0.321394 -0.647391 -0.110303 -0.181096 -0.131478 -0.683227
-0.059213 -1.328375 -0.414081 -0.182134 0.326085 -0.179512 0.001137 -0.793365 0.625933 0.149331 -0.146403 0.190878
-0.757769 -0.159248 0.260379 -0.763995 -0.746073 -0.084097 -0.567894 -0.150104 0.636180 0.704330 -0.332404 0.072204
-0.786280 -0.444253 -0.145533 -0.680321 -0.022970 -0.718836 0.244844 -1.243905 0.148445 0.889303 0.719633 -0.480298
-0.144351 0.091349 0.320987 -1.602862 0.235310 -0.770807 0.344098 -1.422220 0.730228 0.712509 0.151308 0.281026
0.152516 -0.884634 0.727877 -0.394716 -0.080500 0.860102 0.436826 -0.104440 0.568667 -0.067773 0.063431 -0.193177
0.485522 -0.421801 0.034875 -0.309554 0.373207 0.365166 0.679977 -0.531650 1.073943 0.380978 -0.303940 -0.257335
-0.447882 0.287471 0.561083 -0.233034 0.124257 0.316120 0.859286 -0.754143 0.931375 -0.754383 -0.457788 0.284512
-0.658660 -0.658192 0.149297 -0.708158 0.569661 0.247919 0.001579 -1.036377 0.577172 -0.132500 -0.117478 0.538969
0.361067 -0.861873 0.920032 -0.342194 0.374379 -0.262980 0.015929 -0.835785 0.213842 -0.168207 0.370543 -0.532893
0.728561 -0.598071 0.690155 -0.457511 -0.154072 0.061374 0.793123 -0.665541 0.013128 -0.696371 -1.216686 -0.352863
-0.172071 -1.388653 0.256471 -0.034795 0.077842 -0.209682 0.621554 -0.154059 0.237549 -0.184321 0.070535 -0.296796
-0.447106 -1.603755 -0.205639 0.093291 -0.007295 -0.294882 0.465402 0.010852 0.356795 -0.427705 -0.053037 0.158793
0.222223 -0.920733 0.412145 -0.796578 0.265793 -0.351481 0.018406 -0.067864 0.655505 -0.896126 0.161937 0.129613
-0.376792 -0.899719 1.273734 0.388910 0.337121 -0.601594 0.557669 -0.794010 0.402134 0.359515 -0.678520 -0.099171
-0.173288 -1.045247 0.266932 -0.831385 0.316302 -0.592323 -0.110629 -1.292309 0.773961 0.043152 -0.152189 0.128024
-0.186395 -0.295438 1.451784 -0.981176 -0.040397 0.330719 0.712183 -0.848599 0.345468 -0.477206 -0.043336 -0.172275
-0.986195 -0.481233 1.194855 -0.445724 -0.341753 -1.244944 -1.122790 -0.114954 0.572735 -0.558582 0.519484 0.483573
-0.476854 -0.834320 0.177182 -0.034181 -0.198227 0.493686 0.119809 -0.263321 0.491827 0.043795 -0.256778 -0.196819
0.599852 -1.258027 0.605937 -0.228298 0.435863 -0.611609 0.147413 -0.111547 0.506778 -0.017158 0.289584 -0.074667
0.215783 -1.250721 1.124579 0.264485 -0.153704 -0.441049 -0.023075 0.262086 0.305652 -0.614838 -0.104109 -0.122741
-0.124078 0.253815 -0.040269 -0.307390 -0.042566 0.495879 -0.132591 -0.601222 0.744682 0.072385 0.159250 -0.417143
-0.154011 -0.772458 0.745634 -0.651038 0.807115 -0.598815 0.253096 -0.715107 0.521251 -0.002338 0.172527 -0.058595
-0.126767 -1.030072 0.871735 -0.094305 0.217869 -0.235688 0.249628 -0.984165 0.265169 -0.364594 -0.280530 -0.467733
-0.207550 -0.579100 0.775288 -0.402352 0.365324 -0.371024 0.002709 -0.842322 0.351666 -0.755114 -0.598536 -0.612438
-0.567326 -1.122785 0.148142 0.508803 0.169768 -0.073469 -0.042369 -0.264398 0.404269 -0.670838 0.018921 0.475195
0.190163 -0.133263 0.812117 0.069580 0.897969 -0.810973 0.227665 -0.332388 0.028097 -0.206877 -0.628941 -0.193036
0.389231 -0.548882 0.836337 -0.532169 0.562186 -0.263059 0.360717 -0.838131 0.638315 -0.051739 -0.755894 -0.107509
-0.822406 -0.272082 0.079977 -1.619810 -0.087758 -0.673418 -0.945208 -0.621006 0.608889 0.668772 0.632435 -0.107990
-0.664909 0.516693 1.364481 0.072547 -0.393176 -0.521989 -0.345283 -0.218480 1.220532 -0.467756 0.194588 0.529477
-0.331478 -0.505960 0.835798 -0.627710 0.494655 -0.086907 0.403929 -0.300740 0.676773 0.178030 0.551474 0.530320
-0.428735 -1.067190 0.000744 -0.696419 0.145688 -0.002013 -0.055021 -0.335177 0.680658 0.287728 0.424714 -0.199411
-0.333314 -0.288179 0.313613 -0.387313 -0.079850 0.255656 -0.361620 -0.239122 0.282306 -0.091931 0.314791 -0.242384
-0.258317 -0.899834 0.485497 0.105420 0.029452 0.351086 0.331598 -0.624270 -0.230541 0.440714 -0.027882 -0.118739
0.084918 -0.298898 0.062953 0.226101 -0.094836 0.115957 -0.058864 -0.726583 0.597317 0.028435 -0.490129 -0.011056
-0.550391 0.131968 0.643948 -0.318853 -0.971096 -1.030107 0.018661 -0.033958 -0.122603 0.244574 0.469567 -0.712075
-0.189601 0.597347 0.948902 -0.308224 0.266223 -0.449875 0.680876 -0.597717 0.180780 0.087527 -0.227129 -0.594398
-0.262997 -0.119220 0.254257 -0.448355 -0.110573 -0.446172 0.165593 -0.677139 0.859255 -0.127844 -0.366931 -0.403610
-0.309502 -0.876801 0.672491 -1.071998 0.164742 0.371241 -0.341753 -0.610523 0.820599 0.246455 0.552807 -0.087721
-0.807024 0.547513 0.356933 -0.592663 -0.385041 -0.577973 -0.551538 0.080168 0.136056 0.750594 0.287794 -0.361125
-0.818991 0.139924 0.347913 0.018439 -0.479992 0.293436 -0.160713 0.304689 0.592117 0.174924 0.559851 -0.695599
-0.683261 -0.037052 1.386671 0.355416 -0.208341 -0.041530 -0.078419 -0.177452 0.532574 -0.332600 0.640794 0.357012
-0.677820 -0.644334 0.026895 -0.118933 0.066868 0.046734 -0.448857 -0.495588 -0.119762 0.123796 0.729619 -0.213108
-0.357944 -0.305665 0.227154 -0.042237 -0.043632 -0.532864 -0.333916 -0.289177 0.471384 0.066660 0.248388 -0.384167
-0.912869 0.313581 0.370585 -0.906692 -0.319611 -0.909388 -0.198234 -0.737408 0.460332 0.506491 0.076910 -0.475944
0.342797 -0.343240 0.819178 -0.423707 -0.591225 1.511468 1.181971 -0.424567 0.861036 -0.423700 -0.629841 -0.419965
0.158920 -0.530847 0.435146 -0.834061 -0.388331 1.342430 1.145201 -0.596612 0.680159 0.165186 -0.157120 -0.091249
0.176195 -0.588976 0.509262 -0.664766 -0.354665 1.515890 1.264952 -0.602408 0.558876 0.267300 -0.267835 -0.196212
0.268829 -0.222972 0.572968 -0.500060 -0.380801 1.403590 1.044714 -0.383112 0.464110 0.158041 -0.091124 -0.451202
0.396350 0.123141 0.859560 -0.469482 -0.583914 1.449794 1.319495 -0.128091 0.219962 0.259132 -0.343961 -0.466549
0.327561 0.199446 0.940331 -0.450501 -0.593087 1.428550 1.271134 -0.360499 0.385394 0.369846 -0.159035 -0.664325
0.302950 -0.906360 0.439694 -0.757474 -0.534929 0.496241 0.868890 -0.313627 0.773374 0.117348 -0.017217 -0.208931
0.294119 -0.043971 0.874656 -0.463762 -0.672398 0.947001 1.280237 -0.644753 0.481424 0.320977 -0.450934 -0.453740
-0.082448 -0.959909 0.042509 -0.919182 -0.200038 1.278355 0.833343 -0.800624 0.722554 0.151861 -0.249819 0.262215
0.333124 -0.624641 0.616561 -0.447860 0.471716 1.186028 1.083615 -0.229217 0.589391 0.818890 -0.323747 -0.225704
0.326937 -0.401588 0.435380 -0.468426 -0.027216 1.068759 1.234831 -0.743737 0.251078 0.171648 -0.245676 -0.347034
0.315555 -0.329084 0.536908 -0.796960 -0.044568 0.540311 1.136504 -0.952198 0.400179 0.277172 -0.284149 -0.034756
0.283306 -0.009405 0.756758 -0.551220 -0.618913 1.419316 1.239678 -0.349126 0.398457 0.103395 -0.194077 -0.438969
0.013174 -0.514973 0.504938 -0.958711 0.026122 0.924916 0.899929 -1.336780 0.499110 0.392635 -0.119259 -0.448005
0.422560 -0.056810 0.804616 -0.393813 -0.419440 1.546085 1.363229 -0.339022 0.323283 0.496766 -0.351289 -0.484902
0.215422 -0.331416 0.753258 -0.354692 -0.422986 1.529321 1.232650 -0.438212 0.393810 0.329394 -0.285055 -0.494640
