0.163437 0.448686 0.971550 0.488687 0.700427 -0.575592 0.854280 -0.460569 0.372239 -0.127801 0.299879 -0.196570
0.700991 -0.305771 1.397500 -1.039565 0.268745 -0.277404 0.369036 -0.419003 -0.236427 -0.103085 -0.703287 -0.545209
-0.947599 1.153260 0.990474 -0.568128 -0.351618 -0.522782 -0.800557 -0.398163 0.521298 0.430723 -0.012009 0.570427
-0.334228 -0.864210 1.016597 -0.463956 0.253404 0.191185 0.312078 -1.040827 0.513645 -0.101245 0.177350 -0.318987
-0.509837 0.289853 0.738287 -0.566981 -0.191011 -0.774279 0.108776 -0.143206 0.042977 0.292877 -0.136212 -0.553757
-0.453110 -0.524655 0.245039 0.454252 0.346930 -0.181392 -0.086725 -0.654784 0.401352 0.153379 0.372077 -0.362214
-0.376494 0.355196 0.943573 -0.243285 0.058275 -0.598694 0.318154 -0.098677 -0.245300 0.540196 0.157267 -0.389855
0.152939 -1.152105 0.601113 0.299043 -0.331687 -0.467434 -0.000719 -0.251061 0.645345 0.000364 0.357310 -0.182814
-0.117282 -0.112757 0.596805 -0.015208 -0.129423 -0.383792 -0.063437 -0.670684 0.932632 -0.004985 -0.005638 0.288012
-0.075313 -0.321861 0.082799 0.073186 0.545819 -0.175021 0.701841 -0.770249 0.228113 -0.116907 -0.794183 0.367787
-0.028206 -0.703735 0.907622 -0.621969 -0.054216 -0.771493 -0.254203 -0.784290 0.572726 0.080130 0.603742 -0.236609
-0.295689 -0.285107 1.018968 -0.027579 0.565270 0.187431 -0.373242 -0.711403 0.319815 0.145594 0.643493 -0.148749
-0.313456 -0.400314 0.775108 0.178906 0.266466 0.273964 0.552372 0.071694 0.733382 -0.894564 -0.594140 0.526563
0.454353 -0.164502 1.111216 -0.143460 0.764528 -0.617331 -0.050245 -0.585152 0.172579 -0.118092 -0.349414 -0.144265
0.089209 -0.805354 0.633029 -0.165625 -0.300733 -0.380817 -0.009096 -0.358561 0.393350 -0.500851 0.390373 -0.337984
0.483505 -1.095590 0.370456 -0.076456 0.090709 -0.329842 0.223508 0.066406 -0.035759 -0.434658 0.369379 -0.493200
-0.001453 -0.829282 -0.127077 0.435249 -0.371137 -0.551921 0.018307 1.008179 0.739721 -0.799333 -0.424177 0.211546
0.110865 -0.542797 0.797272 -0.752221 -0.050024 0.333891 -0.019542 0.046687 0.845566 -0.536054 0.134939 -0.340999
-0.882078 -0.260594 -0.039314 0.595137 -0.400045 -0.235360 -0.054277 0.007819 0.788213 0.211217 0.537771 -0.161911
-0.452486 -0.011752 0.179965 -0.087893 0.427154 0.070810 -0.094291 0.065303 0.759770 0.057612 -0.255868 0.722241
0.329037 -0.497980 1.079842 -0.667055 0.731680 -0.537848 0.339510 -0.236587 0.102441 -0.779038 -0.592426 -0.049100
0.555844 -1.035577 0.389057 -0.798246 -0.504915 0.146970 0.120789 0.194158 0.773151 -0.759028 -0.040107 0.165325
-0.037526 -0.781635 0.843454 -0.006889 0.037635 0.140520 0.258445 -0.243888 0.474118 -0.965468 -0.395297 -0.357500
-0.077692 -0.101471 0.590095 0.105074 0.564674 -0.545409 -0.311541 -0.689196 0.109376 0.574779 -0.041796 0.015256
-0.071920 -0.758914 1.125343 -0.437938 0.005212 -0.000230 0.261926 -0.305031 0.412694 -0.463417 0.080832 -0.456314
0.229258 -0.531653 1.371660 -0.880078 0.027432 -0.153385 0.294951 -0.527019 0.483382 -0.352221 -0.085930 -0.693835
0.690000 -0.294841 1.079512 -0.883182 0.139338 -0.920434 0.174198 -0.875198 0.155726 0.133551 0.289834 -0.986907
-0.064727 -0.406889 0.999190 0.200452 0.103016 -0.383878 -0.045129 -0.372260 0.817309 0.139588 0.220254 -0.204615
-0.070459 -0.992764 1.007886 -0.643580 -0.040237 -0.275227 0.085800 -0.755721 0.919103 -0.196866 0.417245 -0.137148
0.470469 -0.184294 0.861101 -1.113859 0.149214 -0.269812 -0.131513 -1.095411 0.300075 0.046827 0.557607 -0.357938
-0.082240 -1.027202 0.783379 -0.627854 0.513985 -0.107804 0.587239 -0.757436 0.660055 0.079220 0.618462 -0.242529
-0.152814 -0.574420 0.621896 -0.344700 0.174625 -0.360282 -0.117433 -0.931556 1.079354 0.095281 0.163937 0.054674
0.094671 -1.389029 0.658828 -0.574593 0.477777 0.525979 0.349335 -0.129360 0.548697 -0.193603 -0.007664 0.196323
0.148001 -0.962456 1.476678 -0.922945 0.012960 -0.633458 -0.922202 0.325840 0.614840 -0.282700 0.187704 0.105849
0.219429 0.297451 0.937458 -0.791699 0.368632 0.139280 -0.310863 -0.817070 0.167316 -0.397048 0.213015 -0.300239
0.173388 -0.427079 0.680914 -0.452589 0.229539 -0.584160 -0.626978 -0.272882 0.798146 -0.564097 0.014448 0.032634
0.522030 -0.526920 1.194216 -0.280027 -0.257621 0.268265 0.297257 -0.309663 0.197531 -0.563748 -0.335499 -0.862028
0.276886 -0.831632 0.662332 -0.225087 0.431889 -0.048377 -0.084992 -0.627577 0.840150 -0.309731 0.045228 0.121148
-0.184880 -0.412218 0.828912 -0.533140 0.272230 -0.332155 0.537414 -0.508293 0.924000 0.111123 0.342310 -0.274325
-0.352571 0.066481 0.273568 -1.376930 -0.468946 -0.248653 -0.244723 0.075463 0.189564 0.115431 0.525168 0.218228
-0.206692 -0.431056 0.932757 -1.263034 -0.233027 -0.670910 0.130205 -0.394730 0.994698 -0.188712 0.117554 -0.200401
-0.516509 0.257307 1.543700 -0.031653 -0.062062 -0.498931 -0.217745 -0.501504 0.607969 -0.368215 0.234515 0.668290
-0.881758 -1.097960 0.474990 -0.298457 -0.309018 -0.734583 -0.142140 -0.766256 0.495617 -0.124813 0.245265 -0.552996
-0.070357 -0.904236 1.123846 -0.771665 -0.497816 -0.308176 0.540910 -1.020567 0.793189 0.221918 0.369280 -0.248242
-0.038442 0.181630 1.238516 -0.834498 -0.141715 -0.405106 0.054233 -0.863336 -0.210572 0.215480 -0.403753 -0.232036
-0.543064 -0.141068 -0.281707 -0.818172 0.094346 -0.343916 -0.133611 0.596159 0.922046 -0.566555 -0.333837 -0.506076
0.431485 -0.034211 1.027918 -0.858966 -0.146618 -0.320590 -0.097772 -0.714429 0.286359 0.093764 0.202815 -0.337546
0.599709 -0.672179 1.115600 -0.812096 0.607447 0.117065 -0.265700 -0.435945 0.428511 -0.272523 -0.160723 -0.464034
0.413676 -0.720387 0.990959 -0.579402 0.708274 -0.705883 0.306369 -0.806013 0.089004 0.036145 0.261880 -0.593546
0.334985 -0.660915 1.229769 -0.411473 -0.091782 -0.186533 0.195424 -0.348271 0.478452 -0.257171 0.228614 -0.231902
-0.953587 -0.000545 1.338141 -0.090226 0.413060 -1.222403 -0.494366 -0.277746 0.575998 0.041665 0.454638 0.155949
-0.151804 -0.860292 0.663575 0.412457 -0.160391 -1.038527 0.048057 -0.171164 1.070267 -0.296342 0.692286 -0.028006
-0.397430 -0.433644 0.231142 0.510575 -0.563829 -0.010318 0.984237 -0.457553 0.327510 -0.100233 -0.588217 -0.748225
0.263784 0.532307 1.299115 -0.570216 0.077223 -0.048619 -0.325026 -0.743232 0.882547 -0.097807 0.314901 0.190179
0.153737 0.164524 1.055569 -0.953671 0.330489 -0.472810 0.385141 -0.271108 -0.185839 -0.068187 -0.830506 -0.171140
0.367584 0.144966 1.287720 -0.625621 0.788835 0.044951 0.507289 -0.570950 0.156048 -0.175275 -0.275779 0.187890
0.130933 0.054496 1.448617 -0.662626 0.637050 -0.513836 0.191303 -0.612308 0.242847 0.165549 -0.331504 -0.171041
-0.349379 -0.523856 0.559285 -0.272329 0.023876 -1.192482 -0.421971 -0.193988 0.870279 0.280696 0.984790 -0.011407
0.264880 -0.499951 1.087558 -0.495685 -0.064413 -0.188895 0.077033 0.048555 0.818093 -0.333195 -0.466800 -0.140837
0.513956 -0.118865 1.752292 -0.586907 0.038881 -0.283980 0.202478 -0.592122 0.192062 0.101909 -0.016938 -0.738137
0.220737 -1.096479 0.898428 -0.897421 0.131845 -0.158983 -0.062108 -0.251346 0.070765 -0.442196 -0.266181 -0.157095
-0.655188 -1.114730 0.714421 -0.850363 0.114876 -0.315261 0.316685 -0.629423 0.450974 0.849711 0.662758 -0.350169
0.414312 -0.918569 0.706159 -0.175732 0.399454 -0.155084 0.366785 0.283491 0.231246 -0.675483 -0.671954 0.119804
0.040006 0.225783 0.219132 -0.349584 0.200400 -0.489133 0.328564 -0.837213 0.359406 0.227480 0.009294 -0.795757
-0.444078 -0.397597 0.783958 -1.048468 0.207557 -0.046320 -0.060238 -0.663589 0.890125 -0.153946 0.266488 0.570884
0.136732 -0.509824 0.127735 -0.830239 0.394162 0.414505 0.331854 -0.619114 0.665479 0.139643 -0.198064 -0.052868
-0.261911 -1.063480 0.646389 -0.415795 -0.256160 0.390712 0.204152 -0.453047 1.096698 -0.517650 0.275853 0.499614
0.310072 -0.516490 0.684562 -0.460395 0.399309 -0.415498 0.936785 -0.071250 0.015316 -0.077898 -0.272820 -0.401484
-0.291418 0.014717 1.071451 -1.059239 0.311410 -1.237572 0.299709 -0.962844 -0.100023 0.652275 0.332543 -0.983443
-0.693079 0.523651 1.169715 -0.478567 0.083211 -0.020503 0.075575 -0.200567 0.564350 0.607119 0.275729 -0.182504
0.080281 0.059212 0.609950 -0.827968 0.235368 -1.844775 -0.122062 -0.848863 0.194364 0.151602 0.228363 -0.362121
0.019607 -0.989719 0.843566 -0.858221 0.881739 0.099793 -0.347449 -0.933086 0.641854 -0.574166 -0.135347 0.041406
-0.351932 -1.061795 -0.466627 -0.222608 0.494633 -0.247972 -0.057826 -0.670102 0.829423 -0.016047 0.049444 0.133428
0.063674 -0.605317 1.397996 -0.246430 0.414480 0.357687 0.121805 -0.614457 0.680468 -0.350365 -0.102732 0.091749
0.286341 -0.510970 1.471953 0.341566 0.112006 0.438898 0.444205 -0.291590 0.623872 -0.646797 0.055211 -0.163062
0.270874 -0.691043 1.471320 -0.387640 0.388068 0.302728 0.280468 -0.216181 0.343794 -0.343473 -0.333770 -0.097883
-0.102505 -0.324706 0.992570 -0.254204 -0.628634 0.242911 0.699707 -0.502555 0.218624 -0.405818 -0.016731 -0.449754
0.046625 -0.797339 1.171848 -0.660763 0.357001 -0.543247 -0.090090 -0.175538 0.412804 -0.388843 -0.477672 -0.085292
0.099187 -1.200316 0.519816 -0.303657 -0.346925 0.236791 0.516364 -0.149483 0.282201 0.060350 -0.425033 -0.314039
-0.338179 -1.203751 0.246879 -0.602076 -0.004006 -0.131456 0.439938 -0.977187 0.132503 0.478574 0.331991 -0.519069
0.140815 -0.894534 0.743159 -0.240480 0.627766 -0.579789 -0.375566 -1.270364 0.818999 0.298539 0.285739 -0.008130
0.326899 -0.431664 1.283571 -0.336077 0.590649 -0.017579 0.317688 -0.890234 0.314625 -0.454389 0.180381 0.000468
-0.766099 -0.516519 0.331763 -0.807963 0.174962 -0.750106 -0.315072 -0.521578 0.052228 0.613623 0.761021 -0.390087
-0.664722 0.029310 0.507145 -0.111363 -0.694030 -0.472605 -0.109664 -0.517945 -0.044111 -0.314316 0.002236 -0.395161
-0.217369 -0.412237 0.602022 0.062861 -0.120673 0.450458 0.467640 -0.392705 0.010696 -0.089960 -0.253395 0.166800
-0.519255 -0.294273 -0.457885 -0.419295 0.007392 0.045864 -0.774558 -0.858582 0.804480 0.213567 0.292551 0.313710
0.584741 0.283573 0.637803 -0.796294 -0.215661 -0.791558 -0.656425 -0.868853 0.405219 -0.272577 0.039689 -0.611758
0.281386 -1.173280 0.309690 -0.043542 -0.317366 0.038547 0.216944 0.132728 0.213054 -0.119257 -0.441765 -0.250583
-1.159561 0.230356 0.229878 -1.047819 -0.998583 -0.476283 -0.905029 0.397702 -0.020978 0.624250 -0.006943 0.197104
-0.142430 -1.244080 0.653849 -0.158184 -0.040348 0.341634 0.155924 -0.179735 0.501843 -0.638100 -0.438407 0.382580
-0.264266 -0.417924 0.708631 -1.018577 -0.270628 0.185745 0.030333 -0.622573 0.470086 -0.205307 0.107723 0.269455
-0.973456 0.774595 -0.015330 -0.487491 -0.353917 -1.103022 0.038607 -0.108205 0.803928 0.632671 -0.179859 -0.160366
-0.835486 -0.422535 0.541123 -0.713155 -0.864007 -0.076969 -0.109596 0.078127 0.362493 0.456663 0.183113 -0.169272
-1.639547 -0.102208 -0.157623 -0.276427 -0.887441 -1.064647 -0.683869 0.044561 0.415368 0.057673 0.344228 0.096838
-1.030107 -0.241112 0.621535 -0.746432 -0.303321 -0.305238 -0.307173 -0.015960 0.427614 0.390155 -0.118018 0.294920
-0.893751 -0.537244 0.618266 -0.665509 -0.836853 -0.754393 -0.590745 0.297181 0.462489 0.863001 0.041843 0.286043
-0.249829 -0.505498 0.393673 -0.142298 0.024007 0.376134 0.220194 -0.452820 0.348673 0.249125 -0.483565 -0.403635
-0.599606 -0.507456 0.798224 -1.384159 -0.088539 -0.524701 -0.719306 -0.245541 0.334751 1.140708 0.373980 0.009596
-1.414963 0.023228 0.586539 -0.902106 -0.523589 -1.238940 -0.633726 -0.325441 0.363874 0.442139 0.107704 -0.059950
-0.674307 -0.672863 -0.264824 -0.643683 0.106428 0.245225 0.370846 -0.703547 0.340184 0.721727 -0.509173 -0.365779
-1.143386 0.270225 0.090349 -0.896434 -0.125032 -0.450868 -0.991446 -0.295963 0.138963 0.597475 0.054996 -0.426647
-0.926487 0.079964 0.463106 -0.282694 -0.540465 -0.537581 0.109716 -0.269333 -0.384558 0.503142 -0.115178 -0.512988
-1.180799 0.422527 1.081649 -0.793368 -0.240230 -0.883192 0.007558 -1.125553 -0.126784 0.262438 -0.207974 -0.255944
-1.203514 -0.154728 0.140068 -0.542911 -0.284781 -0.514078 -0.772819 0.132066 0.562893 0.574368 0.616277 0.342849
-0.535339 0.244935 -0.281048 -0.364696 0.101557 -0.629977 -0.432772 -0.072874 0.388209 0.190895 0.459129 -0.245343
-0.277802 -1.067979 0.805725 -0.794688 0.372552 -0.092047 -0.041269 -0.786460 0.602601 -0.556688 -0.287861 -0.129566
-0.027701 -1.273708 0.936272 -0.640196 -0.038558 -0.082727 -0.408361 -0.443496 1.001318 0.127441 0.289137 -0.069029
0.079418 -1.317837 1.186571 -0.177439 -0.496742 0.328330 0.228651 0.091358 0.398794 -0.669220 -0.541260 -0.118162
-0.418471 -0.226400 1.314306 -0.727015 -0.906067 -0.228568 0.406283 -0.381872 0.679049 -0.322084 -0.243414 -0.204080
-0.365635 -0.407790 0.975171 -0.032196 0.115852 0.851036 0.095928 -0.222149 0.499750 -0.300836 0.044303 0.013960
-0.441184 -1.276788 0.942010 -0.783846 0.416285 -0.099262 -0.009004 -0.881813 0.820840 -0.580874 -0.348832 0.052328
-1.360281 -0.856430 0.996885 -0.912348 -0.299975 -0.373337 -0.345829 -0.492580 0.869771 0.062702 0.692408 0.705624
-1.090617 -0.823206 0.679344 -0.400275 -0.330784 -0.627401 -0.727314 -0.290954 1.071630 -0.037424 0.494950 0.664055
-1.106686 -0.682799 0.798011 -0.266493 -0.692096 -1.013450 -0.697601 -0.108183 0.874071 -0.025583 0.541302 0.716325
-0.703008 -0.295655 0.548973 0.460383 0.224389 -0.194745 -0.150701 -0.476557 0.362138 -0.197232 0.121564 0.267584
-0.725998 0.117863 0.337729 -0.604330 -0.311467 -0.208929 -0.446781 0.066483 0.735415 0.635876 0.849400 0.344644
0.219381 -0.072318 0.448270 -0.708226 -0.275435 -0.589610 0.394472 -0.115959 0.277421 0.367314 -0.533236 -0.384416
-0.599720 -0.249438 0.235521 -0.156257 -0.317561 -0.592390 -0.245154 -0.236699 0.212328 0.238821 0.223095 -0.122833
-0.019755 0.285286 -0.166615 -0.600890 -0.261324 -0.016377 -0.265067 -0.096760 0.963757 1.032775 -0.464726 0.113276
-1.337944 -0.940451 0.313067 -0.452360 -0.136314 -0.854240 0.086175 -0.959068 0.566823 0.379716 0.191523 -0.549517
0.086054 -1.207680 -0.083088 -0.324661 0.021755 -0.123275 0.149759 -1.045012 0.635169 -0.267283 0.095215 0.089305
-0.583038 -0.430065 -0.125501 -0.525708 -0.946087 -0.401059 -0.362385 -0.077684 0.897782 0.114509 -0.129845 -0.083547
-1.109084 -0.583856 0.039823 -0.200461 -0.161557 -0.097653 -0.631296 0.554524 0.150267 0.687713 0.750509 0.453423
-1.478527 0.166764 0.141830 -0.545430 -0.887168 -1.049646 -1.050786 0.117831 0.997370 -0.438376 0.393770 -0.280347
-1.180608 0.433327 0.476711 -0.616659 -0.416658 -0.827374 -0.407075 -0.320995 -0.278482 0.492857 0.689137 -0.426381
-0.781488 -0.591109 1.046112 0.027551 0.029062 -0.649669 -1.064746 -0.001817 0.914542 -0.354834 0.362996 0.836905
-0.348506 0.089688 0.076876 -0.214295 -0.214938 -0.084190 -0.414351 0.621258 0.333907 0.444883 -0.044251 -0.169486
-0.881567 -0.447611 0.403875 -0.913107 -0.132436 -0.881080 -0.991612 -0.393574 0.668566 0.821510 0.122451 -0.392354
-0.194778 -0.148904 -0.968045 -0.057125 -0.275843 -0.097116 -0.174417 0.088886 0.849983 -0.129038 -0.003948 -0.004607
-0.575446 0.150530 1.370090 -0.571026 0.060883 -0.175193 0.277501 -0.844474 0.607021 0.143325 -0.508251 -0.127903
-0.530900 -0.588983 0.252533 -0.479643 0.313957 -0.194845 0.442815 -0.749198 0.610295 0.004913 0.793091 -0.153499
-0.654609 -0.373786 -0.796847 -0.751706 -0.038108 -0.712259 0.228709 -1.060801 0.724843 0.378562 0.296074 -0.641162
-0.863132 0.580602 0.271111 -0.026229 -0.313492 -0.693607 -0.571547 -0.392105 0.528598 -0.022604 -0.094489 0.199930
-0.378130 -0.363418 1.053751 0.932783 0.348714 0.476622 0.627650 -0.635076 0.044928 0.026074 -0.104237 -0.004730
-0.508580 -0.111626 1.007911 -0.266543 -0.241943 -0.048049 0.030100 -0.204604 0.047955 0.258582 -0.580329 -0.217987
-1.022397 -1.108835 0.046846 -0.582437 -0.130009 -0.287024 -0.267670 -0.674604 1.159110 0.180477 0.240534 0.057240
-0.506175 -1.224319 0.735409 0.235600 -0.095007 0.213409 -0.192142 -0.373073 0.159872 -0.608830 -0.033515 0.322524
-0.567060 0.417825 -0.022996 -0.669708 -0.439023 -0.931468 -0.587119 -0.572289 0.375702 0.678566 -0.036789 0.175250
-0.055368 -1.459762 0.154493 -0.526023 -0.014050 0.227815 0.424576 -0.526308 0.606176 0.235996 0.326584 -0.558733
0.024046 -1.605221 0.851046 0.039264 -0.414891 0.268892 -0.004927 0.150452 0.728441 -0.830327 -0.639443 0.168133
-0.625555 -0.349171 0.832624 -0.189923 -0.214507 0.375793 0.427953 -0.520709 0.524233 -0.382252 -0.149458 0.198147
-0.928588 -1.314029 1.229017 0.035448 -0.251399 -0.101589 -0.096968 0.044799 0.932338 0.297325 0.307605 0.737017
-0.046021 -0.642817 0.237344 -0.432627 -0.392859 1.368024 1.084911 -0.455331 0.503433 0.212239 -0.154803 -0.684566
0.041925 -0.956822 0.128489 -0.964512 -0.046205 1.388389 0.895671 -0.773796 0.583987 0.318890 -0.201503 0.253148
-0.115584 0.026025 1.337762 -0.793152 -0.459575 0.857877 0.700844 -0.757302 0.330640 0.340377 0.505193 -0.076718
-0.542866 0.106675 0.477551 -1.003385 -0.096350 -0.183751 0.552903 -0.591911 0.486950 0.609624 0.437587 -0.912332
0.218114 -0.761376 0.360855 -0.577418 -0.311765 1.333136 1.199354 -0.645311 0.586047 0.333824 -0.140072 -0.148343
0.288125 -0.060176 0.884766 -0.583431 -0.552053 1.095535 1.205516 -0.417219 0.523736 0.226993 -0.119679 -0.457277
-0.066414 -0.200796 0.876844 -0.731275 -0.170572 0.708146 0.894321 -1.129437 0.727703 0.026390 -0.304454 -0.104645
0.158211 -0.494739 0.526069 -0.517798 -0.578123 1.335525 1.207444 -0.499616 0.566412 -0.015095 -0.182970 -0.252914
0.338331 -0.224606 0.687162 -0.404047 -0.378153 1.509387 1.074150 -0.238999 0.329532 0.325099 -0.204875 -0.514481
0.690515 0.141629 0.954817 -0.681015 -0.513832 0.909813 1.484806 -1.291077 0.537949 0.684307 -0.490282 -0.798439
-0.005954 -0.375931 0.545568 -0.843880 -0.368173 1.192269 1.112454 -0.820306 0.633405 0.129352 -0.082260 -0.444134
-0.049289 -0.294552 0.706006 -0.701191 -0.659329 1.380949 1.217798 -0.660318 0.723498 0.138608 -0.354200 -0.129084
0.173645 -0.589337 0.351420 -0.831627 -0.366124 1.272589 1.155436 -0.669491 0.577668 0.199160 -0.187719 -0.106197
-0.054136 -0.454115 0.881716 -0.345986 -0.508431 1.415798 1.243998 -0.808959 0.461708 0.382428 -0.185985 -0.395966
0.178107 -0.578209 0.295915 -0.244749 -0.292125 0.964904 1.378845 -0.309350 0.655603 -0.319300 0.003512 0.177711
0.009793 -0.720390 0.356123 -0.741557 -0.339486 1.425856 1.020190 -0.475890 0.526648 0.150860 -0.261627 -0.106240
0.390239 -0.101542 0.928640 -0.607222 -0.399631 0.979769 1.006379 -0.245452 0.274438 0.104053 0.105837 -0.490339
0.231527 -0.449753 0.702029 -0.490853 -0.418799 1.139815 1.151563 -0.489106 0.628688 0.132544 -0.140316 -0.311096
0.208139 -0.612907 0.840325 -0.210112 -0.409956 1.061524 1.251948 -0.572136 0.473058 -0.369117 -0.270409 -0.435934
0.033649 -0.593927 1.083553 -0.135015 0.148567 0.815307 0.954293 -0.410505 0.026196 0.294277 -0.169976 -0.648403
-0.039774 -0.234449 1.152090 0.057629 -0.040765 0.491914 0.791071 -0.577311 0.458604 0.235016 -0.054057 -0.325720
0.008936 -0.757740 0.445041 -0.756976 -0.234280 1.414347 1.189770 -0.560243 0.644167 0.264079 -0.187213 -0.046665
0.593918 -0.275200 0.648577 -0.189329 -0.352560 1.364523 1.273908 -0.221742 0.338521 0.271255 -0.213293 -0.611737
0.112111 -0.624823 0.400949 -0.669219 -0.371981 1.298266 1.196653 -0.703341 0.716816 0.125461 -0.102551 -0.081878
0.187228 -0.791703 0.367868 -0.426528 -0.266893 1.116287 0.936442 -0.378899 0.737805 0.362985 0.000003 -0.151879
0.472739 -0.202323 0.762466 -0.284494 -0.415292 1.477894 1.160220 -0.150246 0.219538 0.241351 -0.163100 -0.541537
0.199442 -0.606268 0.422188 -0.581275 -0.387224 1.350990 1.178503 -0.587346 0.523574 0.315852 -0.091804 -0.237495
0.250753 -0.269352 0.700710 -0.480758 -0.502717 1.487987 1.148765 -0.331391 0.399742 0.233445 -0.177773 -0.272027
0.377688 -0.181243 0.738829 -0.310028 -0.568398 1.438121 1.418565 -0.669299 0.456350 0.282223 0.164601 -0.528538
0.245017 -0.535222 0.203672 -0.852136 -0.244105 1.348876 0.925967 -0.723904 0.810862 0.377833 -0.357752 0.021277
0.596802 -0.539046 0.363749 -0.361141 -0.049180 1.439892 1.083446 -0.655526 0.437289 0.823992 0.056042 -0.711338
0.014058 -0.156970 1.051356 -0.246306 -0.543805 1.390093 1.005691 -0.536333 0.613321 0.540046 -0.182675 -0.642559
0.272403 -0.318767 0.654825 -0.514636 -0.467133 1.301589 1.267485 -0.544234 0.669461 0.337883 -0.231500 -0.293967
0.399575 -0.081699 0.701931 -0.522809 -0.443923 1.499745 1.155982 -0.173035 0.331986 0.230557 -0.224158 -0.467082
0.062777 -0.377225 0.662824 -0.610651 -0.398681 1.557857 1.196395 -0.533019 0.553520 0.389529 -0.445619 -0.214007
0.200983 -0.511839 0.282091 -0.856363 -0.331728 1.389979 0.819666 -0.393340 0.610696 0.074291 -0.101910 -0.071422
0.188743 -0.197118 0.388916 -0.668013 -0.342753 1.196385 1.146921 -0.391850 0.302135 0.071092 -0.420927 -0.228619
0.126113 -0.442724 0.638198 -0.542658 -0.431038 1.531340 1.254517 -0.594471 0.528202 0.265289 -0.368411 -0.270249
0.305003 0.442017 1.107867 -0.294354 -0.444347 1.427297 1.227797 -0.035203 0.038996 0.533139 -0.438222 -0.790061
0.299724 -0.457024 0.884608 -0.608130 -0.217449 -0.113062 0.424274 -0.307419 1.058468 0.604430 0.217420 0.017547
0.348951 0.446782 0.710583 -1.197939 -0.608220 0.883124 0.711514 -0.418722 -0.423357 0.929233 -0.001173 -0.858856
-0.065913 -0.262480 0.732353 -0.769492 -0.404348 1.431286 1.033246 -0.613259 0.447913 0.462271 -0.075350 -0.511460
-0.024206 -0.433602 0.187383 -0.863887 -0.060752 0.945667 1.275605 -0.176834 0.459363 0.552016 -0.085317 -0.383563
0.220648 -0.435869 0.782645 -0.478650 -0.188359 0.991296 1.168674 -0.650696 0.688787 0.175880 -0.235279 -0.472277
0.385179 -0.068910 0.864561 -0.720036 -0.441603 1.177410 1.148799 -0.462039 0.247536 0.186956 0.198773 -0.697647
0.459994 -0.116540 0.765405 -0.281801 -0.451352 1.442081 1.162924 -0.162255 0.256978 0.284762 -0.122101 -0.581622
0.192068 -0.929693 0.667587 -0.317034 -0.498241 1.090805 1.358350 -1.076964 0.679326 0.621166 0.149906 -0.295252
0.125414 -0.822317 0.266328 -0.925300 -0.279312 1.394554 0.986056 -0.622955 1.179345 0.282999 -0.302119 0.184254
0.211160 -0.024533 0.589032 -0.954363 -0.428426 1.096054 1.121504 -0.597384 0.398100 0.157978 -0.080411 -0.567375
0.467649 -0.192811 0.165322 -0.438412 0.340753 0.219485 0.671971 -0.134297 0.130756 1.370719 0.328230 -0.587623
