-0.008506 -1.335220 0.789799 0.132927 -0.159582 0.316494 0.250493 -0.076595 0.751327 -0.554818 -0.283541 -0.120558
-0.923350 -0.934523 0.227761 -0.459950 0.563746 -0.451424 -0.437038 -1.165808 0.048389 0.746816 0.483559 0.330860
0.624987 -0.529472 0.928271 -0.651627 -0.440812 -0.738311 0.149651 -0.139666 0.579216 0.009133 -0.428031 -0.804735
-0.273534 -0.205293 0.935381 -0.083495 -0.424667 -0.663661 0.010402 0.179343 1.130615 -0.334490 -0.513490 0.598030
0.179141 -0.906896 0.923845 -0.272149 0.313776 0.219354 -0.155068 -0.104031 0.684154 -0.231936 -0.038080 0.053234
0.007133 -1.426683 -0.064125 0.070229 0.596850 -0.005220 -0.134860 -0.157486 0.412350 -0.405119 -0.091714 -0.151566
0.340074 -0.965618 0.903157 -0.086348 0.427442 -0.071642 0.108198 -0.142607 0.336075 -0.075852 -0.316268 0.160563
-0.047648 -1.310657 -0.152551 -0.878904 -0.021677 0.410420 0.620291 -0.176870 0.991965 -0.229680 0.132721 0.159959
0.389216 0.168818 0.967614 -0.532688 -0.710452 -0.389828 -0.011433 -0.182684 0.985245 -0.045244 0.109967 -0.237302
-0.606397 -0.179613 0.449927 1.261222 0.307104 -0.641958 0.026685 -0.411141 -0.297602 -0.064353 -0.116511 0.235108
-0.883587 -1.553306 0.258342 0.167265 0.144886 -0.136833 0.645793 -0.777864 0.807850 -0.206394 0.175729 -0.189323
0.283064 -0.144988 0.867688 0.102239 0.347426 -0.761481 0.065900 -0.505682 0.159255 -0.614029 -0.706846 0.111725
0.815158 -0.730071 0.906950 0.205083 -0.673629 -0.573508 0.617722 0.408828 0.113394 -1.034936 -0.152938 0.007301
-0.201097 -0.978135 1.163368 0.169034 0.438761 0.232034 -0.272086 0.159261 0.823673 0.009035 0.173690 0.331068
0.157370 -1.236004 0.186678 -0.315688 0.649344 -0.009001 -0.405794 -0.562557 0.551125 -0.776328 -0.237988 0.228895
-0.337813 -1.396334 0.600933 0.081655 0.140235 0.479969 0.385926 0.136879 0.739269 -0.457597 -0.285019 0.013776
-0.562680 -0.065561 0.935246 -0.816435 0.328938 -0.910664 -0.796292 -1.272230 0.904470 1.244014 0.284313 -0.184989
-0.738503 -0.117785 0.723863 -0.237507 -0.119622 -1.100116 -0.348268 0.189931 0.640485 0.627006 0.519613 0.259337
-0.801022 -0.475284 0.514703 0.043945 0.347656 -0.519063 0.505940 -1.385857 1.426328 -0.344904 -0.213443 0.428768
-0.885788 -0.739614 0.988462 -0.122186 -0.541232 0.169111 -0.407072 0.193488 0.421522 -0.298882 -0.287054 0.468534
-1.017991 -0.712304 0.855029 -0.303119 -0.567323 0.009174 -0.017411 -0.311299 0.840519 -0.011637 0.038286 0.682336
-0.834289 -0.802282 0.596693 0.079326 -0.401000 -0.383631 -0.788082 0.073312 0.639158 -0.840711 0.132743 0.717212
0.151848 -1.118641 0.470385 -0.322964 -0.067474 0.698841 0.467233 -0.871884 1.053046 0.118290 0.180785 -0.278013
-1.442475 0.854109 0.626035 -0.697485 -0.775208 -1.312425 -0.573658 -0.342969 0.055499 0.517281 0.132999 -0.251858
-0.989137 0.341747 0.490821 -0.669059 -0.537561 -0.274152 0.236704 -0.882863 0.038659 0.368421 -0.260518 -0.619478
-0.306080 -0.088056 0.094140 -0.574031 -0.197337 0.042046 -0.108874 -0.051330 0.233877 0.065580 0.101542 -0.226631
-0.906859 -0.279478 0.805124 -0.141086 -0.484338 -0.177577 0.055609 -0.287506 0.554880 0.286785 0.310778 -0.218890
-0.942548 -0.003845 0.449468 -0.035276 -0.744694 -0.244640 -0.188621 -0.493931 -0.350151 0.017124 0.196818 -0.534956
-1.059471 -0.136203 0.446242 -0.583267 -0.327064 -0.229935 -0.524243 -0.846823 0.389298 0.101584 0.340322 -0.510980
-0.437978 -0.843293 0.016874 0.306846 0.092148 -0.058653 0.004555 -0.887999 0.463956 -0.356400 -0.209696 0.279110
0.240823 -0.736732 0.237532 -0.214551 -0.111983 0.425215 0.184961 0.012528 0.591881 -0.361045 -0.166410 -0.027841
-0.441030 0.700023 0.888312 -1.057991 -0.137453 -1.075347 -0.082283 -0.758078 0.946837 0.231041 -0.127735 -0.761604
-0.704498 0.333687 0.351693 -0.871350 -0.390067 -0.189541 -0.132443 0.489803 0.472741 0.471722 0.051574 0.013167
-1.003009 -0.450485 1.220956 -0.557966 0.272702 -0.584042 -0.986898 -0.634389 1.014193 0.986676 0.658410 0.096307
-1.192079 -0.542943 0.783871 -0.750209 0.302898 -0.352855 -0.589427 -0.799928 0.417705 0.441526 0.371723 -0.126884
-1.064742 -0.950666 0.900897 -0.434712 -0.327260 -0.329335 -0.041566 -0.080957 0.722296 0.484376 0.435911 0.184537
-0.949650 -0.025853 1.137527 -1.159621 -0.881344 -0.155319 -0.134152 -0.646669 0.811679 -0.103216 0.021106 0.369141
-1.324877 -0.206730 0.394549 -0.357978 -0.661145 -0.392281 -0.834658 -0.159790 0.481451 -0.366238 -0.021550 0.440223
-1.104201 -0.227848 1.188372 -0.794606 -0.750974 -0.934783 -0.432454 -0.339668 0.507842 0.448914 0.403566 0.672310
-1.021408 0.105114 -0.586521 -0.169009 -0.417500 -0.687027 -0.537624 0.484696 0.611859 -0.313531 0.072489 -0.018786
-0.952796 0.233309 0.640454 -0.318081 -0.742833 -1.018704 -0.045570 -0.666730 0.270161 0.383085 0.055552 0.125542
-0.916270 -0.179494 0.378581 0.401937 -1.154540 -0.908321 -0.074004 -0.376615 0.144527 0.101031 0.068169 0.178355
-1.477191 -0.093070 0.564245 -0.611797 -0.753214 -1.290134 -0.832375 0.373819 0.666933 0.260363 1.002776 0.477269
0.112422 -0.576062 1.064461 0.409031 0.374742 0.062487 0.642686 -0.748544 -0.111663 -0.300380 -0.953965 -0.657772
0.338244 -0.668025 1.692721 -1.163957 0.631223 0.060019 0.364305 -0.570823 -0.051953 -0.241170 -0.170596 -0.491565
-0.485380 -0.622464 0.320506 -0.457233 -0.657585 0.405879 -0.433665 -0.108878 0.363797 -0.180964 -0.605186 -0.304587
0.609712 -1.108397 0.620727 -0.416173 -0.145695 -0.242969 0.161403 0.033612 0.329395 -0.426090 -0.197987 -0.152516
0.498635 -0.381938 0.123859 0.558938 -0.010866 -1.055257 0.239881 0.211335 -0.293020 -0.694037 -0.555970 -0.465195
-0.407126 -1.299027 0.493979 -0.036041 0.200695 0.325340 0.306592 -0.637429 0.670068 -0.332178 0.234331 0.465800
-0.241065 -1.432160 -0.174075 0.162809 0.161702 -0.297444 1.097742 0.311590 -0.187302 -0.220501 0.160149 -0.584104
0.305943 -0.391704 0.134547 -0.387047 0.407747 -0.028521 0.533219 -0.967914 0.658494 -0.314196 -0.675474 0.092787
0.539329 -0.750424 0.707518 -0.837152 -0.027489 -0.099256 0.584492 -0.375943 0.623932 0.245095 0.536910 -0.377670
0.028636 -1.188015 0.284506 0.058993 -0.081400 0.226455 0.208826 -0.191625 0.362175 -0.748167 0.277246 0.293023
0.194398 -0.697514 0.197905 -0.183148 0.288667 0.687791 0.012618 -0.725248 0.934243 -1.007061 0.040278 0.226119
-0.037914 -0.949016 0.776407 -0.305367 0.322190 -0.709258 -0.167890 -0.894941 0.332384 -0.870959 -0.319967 -0.222083
-0.178833 -1.243520 0.300681 -0.804934 -0.299451 0.418910 0.469404 -0.600882 0.752273 -0.151653 0.350188 -0.076600
0.238705 -0.268885 0.483206 0.129501 0.099293 0.006860 0.391208 0.126865 0.262364 0.042152 0.020147 -0.128927
-0.278126 -0.687222 0.453048 0.533013 0.138310 -0.253163 0.147265 -0.147803 0.110412 -0.721484 0.363525 0.464825
-0.641190 -0.565557 0.879141 0.131063 -0.234319 -0.077663 -0.313440 -0.107699 0.244894 -0.641464 -0.125946 -0.225112
0.306334 -0.842342 0.978356 -0.883902 -0.045640 0.078839 0.396309 -0.026298 0.186979 -0.449422 0.158715 0.056350
1.009882 -1.070777 1.046825 -0.514376 -0.217750 -0.315088 0.313508 -0.526369 0.341236 0.173801 -0.186691 -0.257072
0.274369 -0.889381 0.875086 -0.922781 -0.369570 0.547884 0.345672 -0.481986 1.004560 -0.269610 -1.021248 -0.230524
-0.483009 -0.072386 -0.158629 0.675525 -0.060747 -1.224656 0.310808 -0.923394 -0.087373 -0.538825 -0.732653 0.100683
-0.354290 -1.145210 1.087639 -0.486079 -0.584027 -0.425164 -0.196402 -0.180610 0.571093 -0.441029 0.108551 0.013720
0.177404 -1.013678 0.815908 -0.699999 0.542082 0.225931 0.180078 -0.636677 0.688206 -0.080163 0.264153 -0.416780
0.131843 -0.594075 0.184378 -0.668954 0.024852 -0.373479 0.336181 -0.584847 1.184018 -0.077342 -0.032962 -0.354971
0.214861 -0.945968 -0.841820 -0.315602 1.479827 0.163290 0.883383 -0.758268 0.608881 0.109999 0.489842 0.011361
0.178914 -0.770367 0.696767 0.206113 0.812059 -0.304292 0.187891 -0.101031 0.257938 -0.856108 0.201293 -0.205249
-0.538437 -0.842121 1.010332 -0.920008 -0.563469 -0.574322 -0.193333 -0.122015 0.447233 0.472793 0.824434 -0.387932
0.618417 -0.010342 0.520530 0.285604 0.004468 -0.667631 0.002161 -0.012592 0.266611 -0.628772 -0.441921 0.059965
0.354685 -0.867655 0.782890 -0.782917 -0.393492 0.132008 0.104018 -0.493810 0.595126 0.235953 -0.574997 -0.630343
-0.896636 -0.305293 0.847353 0.105956 -0.269248 0.191484 -0.208104 -0.492732 -0.017803 -0.162331 0.113522 0.635088
-0.418686 -0.591547 0.972095 0.056910 -0.497231 -0.118584 0.440140 -0.165865 0.691114 -0.096126 -0.680373 -0.413097
-0.184721 -1.364544 0.879126 0.113755 -0.038223 -0.244583 0.575022 -0.769670 -0.053049 0.384549 0.146661 -0.051895
-0.564813 -0.606833 0.754660 -0.052943 0.211455 0.037728 -0.117714 0.183050 0.421883 -0.777130 -0.145978 0.093135
0.391339 -0.636927 0.715211 -0.131705 0.035983 -0.069540 0.758129 -0.425545 0.465470 -0.995789 -0.796671 -0.092524
0.739866 -0.513108 0.531555 -0.259104 0.581620 0.070815 0.608903 -0.568866 -0.305679 -0.028563 -0.114556 -0.324663
0.390891 -0.148362 0.592952 -0.831784 0.273152 -0.785017 0.304425 -0.134161 0.493004 0.103514 -0.157147 -0.459888
-0.035889 -0.663606 0.396813 -0.401425 -0.357431 -0.472844 0.515445 -0.594306 0.484577 -0.628962 0.376003 -0.128956
0.482790 0.925589 0.875978 -1.412856 0.365527 -0.677342 -0.151314 -0.757040 0.379182 1.018007 -0.174888 0.138743
0.353064 0.731037 0.149214 -1.325186 0.064116 -0.493017 -0.197411 -0.097708 0.108562 0.943668 -0.596301 -0.183007
0.685652 -0.590464 0.822660 -0.863266 0.355548 -0.421234 -0.108178 -0.216584 0.426538 -0.954046 -0.310543 -0.203045
0.534694 -0.884561 0.938355 -0.292854 -0.229636 -0.517017 -0.230975 0.140851 0.507734 -0.960559 -0.105969 0.093444
-0.054739 -0.990990 0.658850 0.095821 0.421400 -0.619282 -0.268113 0.196953 0.729266 -0.923324 0.062571 0.421060
-0.241952 -0.794297 0.632713 -0.360611 0.856552 -0.372012 0.408197 -1.637675 0.891293 0.524161 0.170431 0.267073
-0.114330 -0.257576 0.261454 -0.949087 0.360846 -0.308739 -0.058805 -1.148667 0.318580 -0.321130 0.137617 -0.593993
-0.351772 0.164701 0.860391 -0.530986 0.285476 -0.881464 -0.214797 0.207313 0.793251 0.612480 0.655005 -0.065215
0.186387 -0.620585 1.545872 -0.312275 -0.063298 -0.452783 -0.276112 -0.892417 0.637899 -0.605293 -0.274822 -0.239279
0.676279 -0.770010 0.832722 -0.585804 0.439719 0.112219 0.515514 -0.404517 0.561184 -0.266397 -0.194622 0.280739
0.444645 -0.141409 0.881231 -0.546856 0.134816 -0.301027 -0.428365 -0.157967 0.234148 -0.098279 -0.282444 -0.082188
0.178786 -0.508581 1.501820 -0.562605 -0.175700 -0.727452 -0.151569 -0.227139 0.384233 0.571313 0.373354 -0.376589
0.646016 -0.558936 1.039228 -0.992220 0.107187 -0.587885 0.358713 -0.728750 -0.079651 0.218084 -0.880425 -0.385482
-0.077782 -0.654087 1.251942 -0.423984 0.245875 -0.768405 -0.025241 -0.438443 0.408820 -0.214955 -0.041106 -0.255431
0.404358 -1.154528 0.634249 -0.329180 0.318292 -0.338668 -0.194593 -0.341931 1.031766 -0.328105 0.226113 0.331846
0.368201 -1.097470 0.425516 0.074869 -0.103781 -0.172369 0.096447 -0.085041 1.349379 -0.410646 0.042406 0.070303
0.404407 -0.914950 0.407051 -0.307719 -0.335449 -0.914387 0.528698 -0.180695 0.723200 -0.654030 0.014146 -0.430298
-0.131365 -0.678811 1.491822 -0.292303 0.135751 -0.248382 -0.304587 -0.301350 0.536328 -1.090890 0.159255 0.318385
0.264517 -1.153057 1.020995 -0.561527 -0.033061 0.103719 0.091281 -0.686815 0.884053 -0.014552 0.118977 -0.383886
0.467759 -1.171682 0.020121 -0.425341 0.220844 0.049508 0.012177 -0.374006 1.018966 -0.815537 0.086358 0.369802
0.304293 -0.547661 1.236050 -0.864031 0.463447 -0.334930 0.031570 -0.424601 0.290383 -0.365026 0.212898 0.061222
0.491276 -0.356226 1.774939 -0.922891 0.276558 -0.148797 0.109995 -0.660849 -0.028640 -0.071772 0.172967 -0.447513
0.308902 -0.494054 1.583278 -0.621731 0.261742 -0.202273 0.292625 -0.560974 0.082997 -0.199160 -0.040105 -0.356020
0.101704 -0.452794 1.376456 -0.518634 0.172049 -0.112435 -0.110388 -0.425836 0.685888 -0.465383 -0.027132 -0.081776
-0.042290 -0.406084 1.551036 -0.503354 0.496569 -0.375678 -0.220375 -0.342865 0.298565 -0.114849 0.023266 -0.212099
0.076566 -0.401584 1.269634 -0.492762 0.655353 -0.378106 -0.060826 -0.254169 0.541660 -0.365565 -0.004938 0.113286
0.213769 -0.415084 1.665710 -0.817908 0.364591 0.058983 0.077463 -0.455750 0.175093 -0.105786 -0.070596 -0.374508
0.212254 -0.632951 1.757569 -0.852700 0.323961 -0.147619 -0.369194 -0.300111 0.325861 0.011624 0.130580 -0.450533
0.294366 -0.691341 1.530874 -0.245553 0.087821 -0.348202 0.513920 -0.165876 0.181919 -0.405996 0.132156 -0.394404
0.156682 -0.555787 0.571862 -0.532255 0.780619 -0.098131 0.317027 -1.078763 0.261659 -0.810909 -0.154228 -0.474660
-0.143716 -0.367010 1.143871 -0.367494 0.186149 -0.454667 -0.574975 -0.007029 0.910183 -0.579778 -0.304990 0.410011
0.089646 -0.296293 1.221934 -0.379864 0.350797 -0.601676 -0.420755 -0.077532 0.719226 -0.509799 -0.374938 0.122676
0.056802 -0.354602 1.243995 -0.457734 0.484545 -0.601083 -0.248830 -0.144369 0.572275 -0.550119 -0.304961 0.088004
0.249144 -0.563296 1.438992 -0.634146 -0.021056 -0.310440 -0.246112 -0.264935 0.226589 -0.756812 -0.305168 -0.156043
-0.344023 -1.141311 0.662765 -0.522171 -0.389568 -0.855885 0.196713 -1.012721 0.735172 0.352870 0.900747 -0.533788
-0.092803 -0.197926 1.507979 -0.906415 -0.072325 -0.128667 -0.183080 -0.323269 0.577894 0.140134 0.260825 -0.223413
0.502458 -0.212913 -0.836753 0.066952 0.561755 0.244418 0.284047 -0.833435 0.990955 -0.518179 -0.057102 0.046357
-0.402805 -0.489716 -0.027983 0.178213 -0.278142 -0.259053 -0.261666 0.052156 0.605199 -0.248209 -0.379302 -0.342942
-0.742162 -1.210145 0.855485 0.199493 -0.015612 0.222098 0.283719 -0.434608 0.479608 0.136273 -0.004299 0.455039
-0.485380 -0.622464 0.320506 -0.457233 -0.657585 0.405879 -0.433665 -0.108878 0.363797 -0.180964 -0.605186 -0.304587
-0.559249 -1.463653 0.045720 0.164134 -0.122166 0.037457 0.552879 -0.847650 1.263547 0.270167 0.131890 0.101894
0.100835 -0.232263 0.015200 0.410114 0.039273 -1.151986 -0.053574 -0.515467 0.642380 -0.191984 0.190926 0.615323
-0.407126 -1.299027 0.493979 -0.036041 0.200695 0.325340 0.306592 -0.637429 0.670068 -0.332178 0.234331 0.465800
-0.161195 -0.854889 0.506069 -0.105952 0.499886 0.561814 0.194877 -0.659728 0.735117 -0.186667 -0.141356 0.497445
-0.155031 -0.243139 0.394674 0.376288 0.643886 -0.076182 0.758378 -0.819341 0.155885 0.244989 -0.490561 0.408223
0.194398 -0.697514 0.197905 -0.183148 0.288667 0.687791 0.012618 -0.725248 0.934243 -1.007061 0.040278 0.226119
0.002029 -0.705707 0.391225 -0.970629 0.735222 0.544395 0.222438 -1.019739 0.707165 -0.059879 0.049087 -0.563719
-0.125931 -0.445713 0.859999 -0.270496 0.343300 -0.462975 0.434411 -0.367880 0.236427 -0.545600 -0.585816 -0.025782
-0.801976 -0.509267 0.405786 -0.370186 -0.034926 -0.756964 -0.340228 -0.035901 0.291138 0.397579 1.032659 -0.197731
-0.291203 -0.494446 -0.124856 -0.518011 -0.113453 -0.001351 -0.341791 -0.457857 0.529079 0.390658 0.372145 -0.248187
-0.089601 -0.946267 0.298712 0.112095 -0.390351 -0.392589 -0.200311 0.225038 0.282381 -0.533766 -0.531775 0.377925
-0.267782 -1.226575 0.838647 0.047995 0.152219 -0.482893 -0.673249 0.249753 0.130528 -0.845497 -0.457496 0.159685
0.299043 0.255971 -0.141436 0.580466 -0.132336 0.317531 0.712610 0.247289 1.210958 -0.474340 -0.810108 0.026835
0.307882 -1.088950 0.465965 -0.321608 0.076420 0.352214 0.035622 -0.577190 0.781719 -0.100931 -0.242153 -0.270153
-0.468224 -0.672384 0.940454 -0.766304 0.196404 -0.645397 0.035844 -0.914008 0.010331 -0.166079 0.311828 -0.367182
0.058171 -0.414615 0.369326 0.377413 -0.229817 -0.599134 -0.251197 0.178703 0.132014 -0.131327 -0.075501 0.565164
-0.377576 -0.575181 0.358855 -0.257742 -0.208872 0.914560 0.281368 -0.855003 0.176180 0.074202 -0.255777 -0.528443
-0.918514 -0.603696 1.075037 0.319205 -0.226107 -0.588403 -0.200445 -0.313768 0.433170 -0.506261 -0.086718 0.192705
0.055383 -0.612258 0.595835 0.006287 0.250987 -0.816305 -0.598753 0.224509 0.187163 -0.667513 -0.037223 0.372296
-0.012198 -1.261925 0.471421 0.163006 0.206793 0.423648 0.257384 0.270544 0.190986 -0.414455 -0.435406 0.254245
-0.768418 -1.369111 0.447032 0.667165 -0.364504 -0.634280 -0.064375 -0.059528 0.896916 -0.345180 0.109282 0.060581
-0.320103 -1.019784 0.432913 -0.581576 0.122305 -0.167363 0.184559 -1.085462 0.277760 0.207750 0.117399 0.168696
-0.351500 -0.297593 1.271827 0.310273 0.514217 -0.716220 -0.286581 -0.487355 0.704379 -0.489441 0.158597 0.545859
-0.241541 -1.077786 0.814074 -0.263858 -0.373830 0.666269 0.418372 -0.537175 0.548298 -0.818004 -0.127022 0.324338
-1.086029 -0.727062 0.446996 -0.446960 -0.200226 0.056391 -0.273444 -0.511815 0.049344 0.152603 -0.049798 -0.026146
-0.321391 -1.324365 0.394944 -0.425851 0.076606 0.162331 -0.229786 -0.695213 1.023533 -0.002802 0.240011 0.087956
-1.026065 -0.973593 0.644678 0.202297 -0.346601 -1.011383 -1.232386 -0.081125 0.488349 0.030323 0.332700 0.885240
-0.361251 -1.257732 0.771229 -0.070588 -0.129919 0.226369 -0.011520 -0.310875 0.374914 -0.201644 -0.085143 0.170139
-0.269690 -0.690416 -0.215926 -0.410393 -0.146849 0.352296 0.045425 -0.473123 0.557297 0.282379 0.128621 -0.492324
0.233266 -0.478511 1.073664 -0.510187 -0.185013 0.525331 0.322482 -0.066488 0.602168 0.255768 -0.609417 0.008778
0.431994 -0.713484 0.218362 0.057229 -0.015330 0.198479 0.241134 -0.486617 0.241743 0.000606 0.083660 -0.149921
-0.448960 -0.982820 0.610826 0.576140 -0.346859 -0.186754 -0.337159 -0.227159 1.101469 -0.987897 0.003079 0.208798
-0.265256 -0.142088 0.158963 0.194527 -0.300375 -0.711373 0.098877 -0.978989 -0.070244 -0.606222 0.187381 -0.411001
-0.549280 -0.213565 0.802548 0.780948 -0.437961 -0.706040 0.513039 -0.796845 0.213119 -0.122499 -0.389945 -0.617804
-0.540730 -0.633099 0.661024 -0.543953 -0.088396 0.399061 0.206159 -0.424051 0.397184 -0.132574 -0.373850 0.068514
-0.347128 -0.253345 1.354178 -0.511530 0.107175 -0.155289 -0.365556 -0.392770 0.751645 -0.016031 0.084688 0.471482
-0.249815 0.021141 -0.289195 -0.424754 -0.261286 -0.427193 -0.090344 -0.505651 0.083431 0.399124 0.833657 0.204237
-0.331446 0.127339 0.642327 -0.153448 -0.282166 -0.606092 0.604191 -0.401171 0.369803 0.374003 0.066325 -0.402986
0.446966 -0.667515 0.101807 0.287335 -0.022488 0.412726 0.285302 -0.061961 0.940547 -0.633948 0.165834 0.318997
-0.790804 -1.285417 0.265918 0.434112 0.781086 -0.574821 0.230724 -0.914932 0.258432 -0.012710 0.421329 0.061201
0.068530 -0.889012 -0.287227 -0.134197 -0.464414 0.062958 -0.154492 -0.340002 0.371943 0.652994 -0.042014 0.180395
-0.896208 -1.137947 0.422729 -0.169678 -0.653094 -0.117980 -0.073162 -0.054462 0.851732 -0.194638 0.480588 0.675742
-0.236590 -0.886106 0.118500 0.545185 0.434999 -0.109436 -0.498339 -0.100317 0.249191 -0.157996 -0.071497 0.239857
-0.401582 -0.925584 -0.259645 0.021491 0.318600 0.336830 -0.198445 -0.044145 0.818603 -0.785091 -0.565613 0.334798
-0.398860 -1.392463 0.312405 0.607821 0.477045 -0.099940 0.238131 0.241253 0.446215 -0.657682 0.191334 0.536791
-0.195882 0.420198 0.425735 0.152999 0.232457 0.315654 0.051867 -0.593573 0.666058 -0.701756 -0.146800 -0.063478
-0.168905 -0.485957 0.780494 -0.510906 0.513096 -0.095822 0.067866 -0.278816 0.254168 -0.417072 -0.435342 0.691741
-0.710697 -0.885472 0.527524 -0.232308 0.648165 -0.160884 0.248894 -0.932893 -0.193884 0.400578 0.601976 -0.375693
-0.225674 -0.876602 -0.190978 -1.150600 0.473889 -0.353897 0.382480 -0.997326 1.014414 -0.591981 0.132098 0.362806
-0.489492 -0.654126 0.052017 0.154247 0.318167 0.306999 -0.256882 -0.384750 0.582331 -0.360661 0.386493 0.312898
-0.430998 0.086604 0.673722 -0.200160 0.192026 0.382626 0.096072 -0.827534 0.156205 -0.295795 -0.226492 -0.624722
0.496275 0.167316 0.570154 -0.753208 -0.325622 -0.982430 0.228857 -0.623257 -0.004022 -0.549401 -0.718090 -0.474914
-0.782773 0.081199 0.685953 -0.231574 -0.670239 -0.637178 -0.774694 -0.758021 0.310126 0.270609 -0.254935 -0.542912
-0.583789 -0.466936 0.882057 -0.138585 0.032238 0.570743 0.467868 -0.793828 0.737511 -0.235813 -0.499004 -0.441378
-0.896804 -1.299629 0.547251 -0.395349 0.115829 0.266996 -0.318341 -1.132859 1.464645 0.294988 0.193899 0.554703
-0.856176 -0.664365 0.841068 0.160342 -0.106803 0.017960 -0.444825 -0.067582 0.489791 -0.131540 0.266207 0.481686
0.681369 -0.766335 1.248888 -0.428130 0.022706 -0.206916 0.282084 -0.381497 -0.385937 -0.387839 -0.655745 -0.827613
0.357443 -0.242831 0.078105 -0.570371 -0.356972 -0.012328 -0.285360 0.392043 0.868547 -0.333445 -0.368137 -0.084246
-1.116048 0.013979 0.412383 -0.381967 -0.693508 -0.414181 -0.440535 0.057831 0.621507 0.212508 -0.161926 0.524042
0.078980 -1.004122 0.781304 -0.740049 -0.126339 -0.060284 -0.306156 0.043133 0.638371 -1.113785 -0.310980 0.021748
-0.101511 -0.829031 1.202394 -0.706452 -0.315603 -0.865787 -0.295693 -0.239322 0.561996 -0.155198 -0.240166 -0.214821
-0.159097 0.518273 1.450454 -0.399436 -0.145243 0.385703 0.008519 -0.137497 0.481457 -0.050070 -0.012041 0.166958
-0.500273 0.323884 0.868577 -0.607724 -0.155089 -0.707575 -0.978468 -0.315315 0.550256 0.363443 0.005722 0.626755
-1.390876 -0.388715 0.372853 -0.005796 -0.470508 -1.171524 -1.008298 0.183424 0.673721 0.094999 0.788817 0.630250
-0.653867 -0.092104 0.397036 -0.579889 -0.193675 -0.222880 -0.493614 0.532159 0.727287 0.883044 0.081090 0.480084
-0.299013 0.807271 0.798936 -0.091218 -0.880053 -0.531110 -0.639347 -0.415634 0.478276 0.700945 -0.019790 -0.112061
-0.199383 0.260111 0.157893 -0.028743 -0.042665 -0.312106 0.465326 -0.916330 0.433687 -0.169073 -0.209077 0.597788
-0.295701 -0.269970 0.557711 -0.477430 -0.474093 0.935327 0.782177 -0.543231 0.979140 0.179147 -0.106500 -0.209798
0.452934 -0.396555 0.368891 -0.748929 -0.320089 1.381065 1.078051 -0.153906 0.301971 0.114912 -0.139821 -0.128985
0.184044 -0.023371 0.572648 -0.584690 -0.623744 1.256115 1.210894 -0.581320 0.476102 -0.059456 -0.004819 -0.244287
-0.023288 -0.969626 0.279460 -0.711035 -0.257773 1.316463 0.795368 -0.518992 0.511065 0.004399 -0.291389 0.049558
-0.533636 -0.120196 1.034707 -0.513873 -0.072508 -0.104753 0.461339 -0.249577 0.639807 0.594488 -0.185945 -0.370072
-0.723549 -0.350575 -0.659761 -0.245438 -0.362967 0.208110 0.902648 -0.214233 0.542117 -0.000459 0.963126 -0.809357
0.219902 -0.515969 0.542058 -0.681351 -0.313312 1.541901 1.252116 -0.541945 0.546486 0.258355 -0.340294 -0.167259
0.141216 -0.371556 0.721486 -0.456430 -0.314555 1.549007 1.240779 -0.577438 0.626330 0.496664 -0.338252 -0.410883
0.254377 -0.897563 -0.059672 -0.921658 -0.033670 1.209803 0.808470 -0.706359 0.543582 -0.056139 -0.003986 0.309141
0.025578 -0.318689 0.607633 -0.815835 -0.578872 1.408353 1.152618 -0.481574 0.599623 -0.106821 -0.364628 -0.073593
0.404843 -0.633794 0.263221 -0.084758 -0.223651 1.067182 1.282580 -0.020010 0.426918 0.062559 -0.235975 -0.072175
0.413838 -0.067470 0.789567 -0.691124 -0.205413 0.422276 1.155264 -0.049263 -0.068087 0.100176 0.178600 -0.462244
0.113056 -0.545960 0.571169 -0.769982 -0.113101 1.089181 0.999414 -0.589971 0.819884 0.447622 -0.344833 -0.007499
0.342093 -0.238764 0.394681 -0.870393 -0.277841 1.425701 0.849105 -0.531490 0.456626 0.119192 -0.283567 -0.402233
-0.105941 -0.802097 0.617700 0.798144 0.071164 1.145182 0.461863 -0.021034 0.546578 0.864622 -0.668512 -0.588954
0.680658 0.390644 1.587761 -0.035950 -0.488283 0.804232 0.871315 -0.247329 0.045710 0.664995 -0.216664 -1.502347
0.320454 -0.062645 1.548431 -0.956625 -0.564491 0.511987 0.728590 -0.794304 0.535247 0.571162 0.110911 -0.431224
0.485504 0.190500 1.128209 -0.646920 -0.641168 1.501146 1.336045 -0.429725 0.155929 0.415405 -0.222195 -0.802437
0.141216 -0.371556 0.721486 -0.456430 -0.314555 1.549007 1.240779 -0.577438 0.626330 0.496664 -0.338252 -0.410883
0.284784 -0.394468 0.257209 -0.767649 -0.329958 1.212528 1.082584 -0.484626 0.573731 0.049964 -0.210820 0.209592
0.482864 0.350620 1.284625 0.079464 0.085579 0.480972 0.458942 -0.204211 0.306457 0.324021 0.220892 -0.592326
0.130397 0.185254 1.040317 0.023167 -0.313265 0.951513 0.988589 0.453301 0.211836 0.880116 0.019871 -0.107731
-0.134765 0.702306 0.764742 -0.325934 0.362473 0.352350 0.713777 -0.028606 0.368072 0.457898 -0.416833 -0.696604
-0.115598 -0.927190 0.299963 -0.630470 -0.081282 0.865633 1.085305 -0.906855 0.835527 0.029047 -0.284325 -0.227868
0.215492 -0.442640 0.733123 -0.547960 -0.201528 1.565220 1.109873 -0.536846 0.528674 0.432428 -0.575582 -0.343853
-0.127227 0.058142 0.717178 -0.850796 -0.523427 1.171356 1.160144 -0.418571 0.409325 0.023223 -0.226787 -0.252302
0.245702 -0.423895 0.506622 -0.581825 -0.457837 1.334871 1.360203 -0.607982 0.658655 0.260731 -0.119005 -0.222443
0.188982 -0.322136 0.747418 -0.390184 -0.565050 1.418864 1.207968 -0.505678 0.505032 0.124195 -0.148916 -0.435666
0.303107 -0.104653 0.723240 -0.826557 -0.492127 1.488739 1.212888 -0.385274 0.445715 0.225814 -0.226243 -0.365400
0.373874 0.078725 1.058898 -0.375559 -0.538087 1.433928 1.381306 -0.312486 0.142171 0.333082 -0.373739 -0.647171
0.484363 0.061244 0.781015 -0.648419 -0.504807 0.893677 1.255494 -0.113493 0.188149 -0.029100 -0.217202 -0.872688
0.091095 -0.653578 0.808529 -0.022841 -0.306211 1.479906 1.166927 -0.714201 0.538611 0.487792 -0.402139 -0.536258
