-0.207042 -1.354751 0.302675 0.602485 -0.121886 0.425249 0.703033 -0.377915 0.495784 -0.052139 0.287050 -0.194333
-0.269634 -1.129760 0.959039 -0.435085 0.615146 -0.084386 0.003507 -0.805371 0.593161 0.054008 0.447549 0.213860
-0.021893 0.941281 0.664491 -0.367210 0.662267 -0.536736 -0.353745 -0.602557 0.897554 0.308286 -0.256764 0.206317
-0.439103 -1.032690 1.202644 -0.744988 0.549154 -0.352610 -0.156381 -0.870845 0.732034 0.176591 0.187382 -0.115453
0.295262 0.464292 0.761935 -0.711129 0.513690 -0.729463 0.525127 -0.547642 0.011794 -0.079455 -0.289378 -0.056941
-0.418835 0.383984 0.667664 -0.187595 0.493404 0.509931 0.236757 -0.291058 -0.043199 0.221308 0.173795 -0.471729
0.280711 -1.101806 0.718236 -0.658321 0.688425 0.043888 -0.666466 -0.527343 1.022080 -0.417535 0.567279 0.422950
0.054645 -0.675718 -0.007930 -0.783132 -0.190321 -0.018202 1.071971 -0.393939 0.438881 0.597428 -0.070492 -0.322608
0.174446 -0.780105 0.204367 -0.529410 -0.005235 0.333007 0.022980 -0.279275 0.926971 -0.233395 -0.235179 0.181676
-0.582994 -0.597369 0.171563 -0.410438 -0.096699 -0.275564 0.385907 -0.844548 0.608035 0.235988 -0.378536 0.201659
-0.410709 -0.364235 1.131512 -0.989444 0.317628 -0.669508 0.021673 -0.734947 0.347659 -0.448676 0.054034 -0.032354
0.528761 -0.160107 1.704630 -1.022579 -0.273443 -0.557825 -0.121253 -0.341410 0.291780 -0.145571 0.170044 -0.863813
0.025635 -0.061582 1.453320 -0.625437 0.700718 -0.485531 0.608054 -1.163021 0.402424 0.239581 -0.297152 -0.092731
0.059020 -1.141247 0.467190 -0.347944 -0.236528 -0.627888 -0.289377 -0.010218 0.776689 0.290430 0.742598 -0.019841
0.172359 0.198451 0.671160 -1.532307 0.342237 0.003190 -0.038175 -0.454428 0.717944 0.278104 -0.090112 0.286813
-0.078191 -0.181022 0.983200 -1.208742 -0.268183 -0.421338 0.373784 -0.603522 0.976577 -0.018688 0.035646 -0.783461
-0.168159 -0.703847 0.437506 -0.910444 0.824239 -0.229141 0.020332 -1.131900 1.016196 0.070238 0.068849 0.005847
-0.100120 -0.725048 1.206483 -0.010946 0.373430 -0.419972 0.147236 -0.249822 0.475686 -0.172227 0.330658 -0.309902
0.011073 -0.595333 1.149495 -1.166252 0.009475 -0.405220 -0.833862 -0.382277 0.527640 -0.225052 0.652684 -0.038714
-0.119150 -0.068422 1.371336 -0.747687 0.358739 -0.207248 -0.077209 -0.241437 0.212596 -0.103951 -0.252861 0.562363
0.341861 -0.265589 0.608519 -0.947224 0.632479 -0.377891 -0.333332 -0.717346 0.427448 0.432875 -0.165115 -0.296443
-0.285122 -0.516209 0.472343 -0.612699 1.106754 -0.293185 0.297719 -0.622150 0.934059 -0.074955 -0.073870 0.478182
-0.032314 -0.571480 0.831034 -0.664226 -0.141614 -0.184967 0.514077 -0.264883 0.934277 -0.986427 -0.386635 0.177759
-1.351861 0.289019 0.846081 -0.167559 0.003814 -0.170002 0.110215 -0.351798 0.952748 -0.322715 -0.226803 0.195091
-0.625257 -0.117024 -0.164736 -0.706067 -0.437125 -0.367061 -0.086985 -0.752804 0.092746 0.749142 0.043506 0.443861
-0.162959 -0.920858 0.310228 -0.834866 0.282363 -0.018204 -0.308350 -0.863518 0.192011 0.162807 0.715524 -0.128745
0.024602 0.047441 1.702957 -0.658232 -0.213274 -0.966853 -0.073675 -0.115741 0.416949 0.007663 0.301084 -0.204998
-0.080571 -0.460682 1.372908 -0.571490 0.025340 -0.578121 -0.082418 -0.032014 0.833089 -0.113434 -0.479153 -0.082011
0.534660 -0.197482 1.159931 -1.603010 0.845473 -0.489722 0.471977 -1.167410 0.398397 0.462355 0.280400 -0.279370
0.081122 -0.769778 1.309997 -0.591400 -0.075176 -0.510778 -0.134440 -0.309224 0.409339 0.226365 0.241872 -0.684455
0.366090 -0.461178 1.344241 -0.480733 -0.051266 -0.715694 -0.304825 -0.369002 0.863167 0.180339 -0.452507 -0.115679
-0.220510 -0.983624 1.211144 -0.542644 0.200988 -0.749602 -0.835926 -0.307183 0.595980 -0.358774 0.184343 0.134155
0.239652 -0.407240 0.954355 -0.208507 0.021608 -1.190276 -0.043524 -0.544109 0.678394 0.301548 0.386626 -0.294552
-0.691555 -0.031122 -0.341923 -0.809285 -0.598697 -0.451633 -0.356976 0.210753 0.305108 0.467389 0.142053 -0.103158
0.281021 -0.376958 0.521160 -0.030700 0.093613 -0.248413 0.430384 -0.248964 0.206205 -0.020313 0.480512 -0.519701
0.327802 -0.354755 0.783119 -0.438753 0.315268 -0.887881 0.372411 -0.696147 0.006623 -0.130880 -0.134133 -0.113366
-0.486775 -1.161656 0.483017 0.217851 0.779995 -0.656556 -0.065032 0.134274 0.659545 -0.351927 0.235094 0.331656
-0.296671 -0.092829 0.371848 -1.108211 0.141716 -0.763085 -0.275630 -0.755019 0.798539 0.320686 0.629528 0.264382
-0.155700 -0.658613 0.009818 -1.287499 0.232664 -0.256181 0.454567 -0.503185 0.667409 0.256668 0.133449 0.138183
0.660374 0.118510 0.986657 -0.390638 0.270386 -0.749243 0.443067 -0.469940 -0.209471 0.327122 0.526402 -0.755493
0.089698 -1.153531 0.544732 -0.789375 0.253800 0.092272 -0.146933 -0.522575 1.271376 -0.193966 0.898626 0.474089
-0.462382 -0.466998 1.087899 0.281584 0.027216 -0.397807 0.004427 0.138731 1.077606 -0.464938 -0.381111 -0.226136
-0.168405 -0.153063 1.196214 -0.299356 0.512183 -0.898152 0.525551 -1.246986 0.128828 0.609809 -0.062143 -0.412913
0.601973 0.233547 1.165411 -1.218796 0.573492 -0.229868 -0.303190 -0.558657 0.768370 0.360700 0.273842 0.152475
-0.002672 -0.346629 1.087132 -0.292600 0.663764 -0.352197 0.320798 -0.699029 0.416391 0.473891 0.160085 -0.699075
-0.603013 -0.353659 0.861721 -0.546425 0.278054 -0.128650 -0.419078 -0.780803 1.181041 0.280378 0.044799 0.120988
-0.154568 -0.892397 0.583680 -0.669324 0.559786 -0.047395 0.318013 -0.614450 0.776118 0.031066 0.340096 0.545780
0.554064 -0.915923 1.164626 -1.313978 0.466395 -0.033245 -0.184354 -0.747631 0.663977 -0.024496 0.205746 -0.234171
0.308370 -0.495488 0.650497 -0.661362 0.087292 0.226019 0.048377 -0.271814 0.439407 0.121311 0.109659 0.344219
0.334813 -0.272313 1.177289 -0.267485 0.199426 -0.600399 0.426339 -0.612798 0.499639 -0.437917 -0.291171 -0.277328
-0.289343 -0.696631 1.430004 0.083103 0.269293 -0.081986 -0.096762 -0.601482 1.225351 -0.111987 0.083246 -0.055589
0.057394 0.310449 0.642210 -0.906216 -0.305100 -0.488173 -0.448510 -0.085988 0.584318 0.245748 -0.194055 0.027680
0.743334 -0.018774 1.230158 -0.561212 0.552255 -0.450000 0.675491 -0.641764 0.125082 0.010393 -0.389293 -0.955161
0.220754 -0.476272 0.959725 -0.467777 -0.102101 -0.487519 0.416060 -0.919467 0.958441 0.261073 0.578030 -0.096777
-0.242173 -0.057816 1.040370 -1.116945 0.691368 -0.531687 0.328616 -1.049653 -0.162105 0.124272 0.874293 0.074621
-0.605763 -0.437679 0.737553 -0.037918 -0.266628 -0.260975 -0.241788 0.033292 0.835405 0.148582 0.240290 0.338818
-0.388891 -1.024251 0.674286 -0.866960 -0.244170 -0.064217 -0.105268 -0.484755 0.889878 -0.445440 0.128128 0.161026
-0.491368 -0.748651 0.466930 -1.335116 0.717471 -0.778236 -0.014105 -1.099139 0.159086 0.424648 0.037234 -0.734907
0.078511 -0.839290 1.046610 -0.726180 0.330309 -0.197426 0.270711 -0.995301 0.876562 0.162281 0.117894 -0.105037
0.348297 -1.321973 0.685600 -0.141947 -0.365523 0.074253 0.203614 -0.247795 0.570356 -0.264065 -0.164391 0.093571
-0.121792 0.077416 0.679457 0.448418 0.015670 -0.521836 0.209226 -0.450020 0.682164 0.182512 0.171350 -0.093380
-0.353163 -0.739555 1.068113 0.020589 0.707816 -0.398660 0.263152 -0.913079 0.300088 -0.026024 0.256316 -0.482513
-0.413710 -0.828145 0.897594 -0.579476 0.370199 -1.260771 -0.010863 -0.885439 0.326442 0.242539 0.696138 -0.441493
-0.087220 -1.532879 0.768182 -0.105219 -0.077586 0.202309 0.195578 -0.382535 0.019034 -0.420641 -0.277929 0.013981
-0.194087 -0.905116 -0.132167 -0.658345 0.254170 -0.679356 0.150963 -0.311383 0.535066 -0.058192 0.351216 -0.452898
0.692208 -0.808119 0.414357 -0.475818 -0.294985 0.009169 -0.208900 0.086723 0.591564 -0.148340 -0.017975 0.040252
0.198617 -0.404697 0.896402 -0.941849 0.767819 -0.010081 0.467235 -1.016037 0.292832 -0.242420 0.265971 0.186002
0.123401 -0.897768 0.840021 -0.547333 -0.130058 -0.312764 0.793529 -0.106903 0.849237 -0.380302 -0.103436 -0.385691
0.033075 -1.404955 0.970121 -0.663546 0.282680 -0.725928 0.178694 -0.081082 0.444835 -0.434469 0.461831 -0.088170
-0.134422 -0.731039 0.284188 -0.480436 0.494057 -0.622160 0.054801 -0.378926 0.316821 0.053461 -0.236857 -0.093430
-0.556240 -0.869740 1.219583 -0.261543 0.357135 -0.943502 -0.106597 -0.615604 0.986842 -0.127744 0.515951 0.069720
-0.927241 -0.407865 0.970713 -0.093446 -0.359945 -1.012078 0.823947 -0.760690 1.127887 -0.008372 0.078504 0.146175
0.396882 -1.134419 0.217885 -0.602185 -0.167791 0.052863 0.711028 -0.396099 0.891892 -0.528276 -0.254126 -0.430885
0.561360 -0.430241 0.089909 -0.443764 -0.383040 0.851317 0.801526 -0.125730 0.727028 0.093524 -0.525659 0.214688
0.212245 -0.396764 0.671698 -0.585258 -0.426121 1.529335 1.278519 -0.556178 0.580191 0.240132 -0.180548 -0.311941
0.081153 -0.276472 0.644244 -0.510713 -0.593403 1.421867 1.219612 -0.549491 0.616604 0.153717 -0.221015 -0.275508
-0.088526 -0.689393 0.083835 -0.644582 0.084533 1.049614 0.940255 -0.567641 0.613560 0.317876 -0.350716 0.023077
0.372897 0.360125 1.097835 -0.580208 -0.808845 1.375891 1.320054 -0.347009 0.182143 0.219963 -0.189135 -0.725125
0.341486 0.138374 0.902101 -0.684186 -0.670623 1.410409 1.288674 -0.427617 0.357147 0.220874 -0.149275 -0.561190
-0.185671 -0.660794 0.125402 -0.289011 -0.060296 0.621395 0.766892 -0.417053 1.117686 -0.048493 -0.790459 0.032135
