-0.318790 0.047925 0.542700 -1.660943 0.000215 -1.284000 0.081630 -1.001880 0.497264 0.508173 -0.154048 -0.783861
-1.093113 -0.482383 0.201166 -0.832419 -0.185035 -1.031315 -0.363668 -0.250009 0.512011 0.507567 0.556308 -0.422994
-1.024213 -0.999507 0.110785 0.197213 -0.700456 -0.776374 -0.435477 -0.127731 0.744295 -0.118861 0.829060 0.520745
-0.295485 -0.685055 -0.156602 -0.428920 0.033945 -0.101823 0.466975 -0.689834 0.525616 0.384733 0.181263 -0.763174
-0.565874 -1.112328 0.478103 -0.009506 -0.272080 -0.191477 0.651531 -1.024887 0.293795 -0.112279 -0.194596 -0.188294
0.078007 -0.857850 1.242414 -0.420725 0.386197 -0.263829 -0.475881 0.443537 0.521130 -0.517055 -0.491567 -0.409962
-0.041012 -0.701297 1.197718 -0.904377 0.169906 -0.345620 -0.486677 -1.276480 0.538970 0.255744 0.122214 -0.138967
-0.714587 -1.076634 -0.174085 0.147080 -0.130862 -0.884716 -0.248320 0.075352 0.391965 -0.156644 -0.354475 0.187143
-0.008515 -0.973147 0.965474 -0.856956 -0.186502 -0.152302 -0.151744 -0.895874 0.225598 0.252931 0.227174 -0.289618
-0.602196 -0.286316 0.406164 -0.574668 -0.534679 0.025805 -0.176163 -0.109292 0.841118 -0.567134 -0.207552 0.059247
-0.376727 -0.052694 -0.542534 -0.305682 -0.548370 -0.437569 -0.048237 -0.420354 0.465142 -0.644581 -0.479660 0.007928
0.197586 -0.603868 -0.199762 -0.271027 0.076872 -1.066035 0.174431 -0.550906 0.469056 0.393932 -0.023672 -0.316959
-0.485059 -0.765838 -0.037569 -0.683456 0.108541 -0.764069 -0.156497 -0.409269 0.475354 0.434990 0.066706 -0.475955
-0.807974 -0.035150 0.510999 -0.004168 -0.744415 -0.211824 -0.585110 0.371419 0.457575 0.133851 -0.228271 0.238010
-1.061618 -0.790146 0.006006 -0.358172 -0.664431 -0.226023 -0.171100 -0.283200 0.560410 -0.051122 0.012648 0.147010
-1.106652 0.173051 0.145154 -0.334466 -0.856805 -0.233026 0.243808 -0.325533 -0.487026 -0.184354 -0.068383 -0.169864
-0.649753 -0.085512 -0.117446 -0.596204 -0.551414 -0.129908 -0.483297 0.110539 0.559615 0.059248 -0.091090 0.481581
-0.063506 -0.815747 -0.458464 0.062092 0.007523 -0.039940 0.608658 -0.386169 0.669537 -0.448660 -0.069542 0.172322
-0.372364 -1.258462 -0.016425 -0.230618 -0.169024 -0.051390 0.832165 -0.659132 0.774760 -0.120491 -0.207928 -0.552175
-0.977553 -0.325386 -0.065215 -1.305796 -0.567635 -0.630854 -0.809110 -0.482789 0.942062 0.476237 0.451992 -0.039387
0.265489 -0.950666 0.712674 -0.309712 -0.246054 0.181557 -0.327398 -0.376576 0.385493 0.282088 0.227239 -0.143399
0.954553 -0.952385 0.956350 -0.587291 -0.400825 0.194486 0.651420 -0.614994 1.070082 0.201835 0.602479 -0.167367
0.558158 -1.158466 0.647568 -1.018565 0.138901 0.285572 0.131648 -1.082680 0.667778 0.053133 0.097268 -0.383953
-0.298843 -0.718676 -1.061017 0.281395 0.568174 -0.500701 0.025289 -0.424812 0.199906 -0.754888 0.097213 -0.543135
-0.179843 -0.447755 0.624600 -0.379446 -0.240463 -0.275166 -0.237776 -0.458918 0.083332 0.281250 0.066733 -0.211229
-0.260816 -0.667268 0.139190 -0.645176 -0.176995 -0.846206 0.276285 -1.385738 0.587722 0.511683 -0.069125 -0.756871
-0.142166 -0.573971 0.738434 -0.186376 -0.725215 -0.517261 0.078329 0.355030 -0.099860 -0.216513 0.160683 0.304682
0.387995 -0.427614 0.520706 -0.575726 -1.052510 -0.024472 -0.027364 -0.320768 0.508021 -0.010721 -0.715112 -1.061540
-0.621755 -1.155867 0.947635 0.008601 0.057875 -0.626621 -0.705529 -0.154312 0.446792 -0.586458 0.098005 0.599954
-0.749109 -1.219597 0.849794 0.228910 -0.129469 -0.445391 -0.448985 0.243290 0.555610 -0.340154 0.074195 0.789376
-1.256114 -0.181428 1.304113 -0.888690 -0.101960 -0.955235 -0.250435 -1.077676 0.543736 0.159084 0.638770 0.053149
-1.077796 -0.362006 0.793853 -0.031323 -0.230732 -0.709637 -0.503143 -0.321220 0.286149 -0.178215 1.004224 0.283432
-0.666665 -0.427077 0.971970 0.065026 0.016091 -0.938667 -0.431781 -0.148041 0.423722 -0.704234 0.216942 0.165435
-0.660503 -0.879701 0.649842 -0.710149 -0.048447 -0.091105 0.378805 -1.406256 -0.190398 0.231667 -0.098155 -0.543683
-0.683316 -1.100640 0.305492 -0.000200 -0.331576 -0.329591 -0.364611 0.308289 0.552325 0.473019 0.298404 0.460229
-0.201091 -0.698097 1.018838 0.098396 -0.080324 -0.906176 0.179381 -0.299934 0.730836 0.117200 0.011667 -0.537761
-0.074438 -0.836144 -0.211875 0.159633 0.920477 0.056159 0.153072 -0.796708 1.180514 -0.374285 0.474144 0.610425
-0.165846 -1.142818 0.477684 0.040177 -0.302234 -0.051440 0.401432 -0.282510 0.582327 -0.514630 -0.343361 0.190554
-1.147978 -1.693160 0.953196 0.085999 -0.192957 -0.483262 -0.765442 0.099518 0.734228 0.159216 0.760651 0.368466
-0.570828 -0.906139 0.514535 -1.019163 -0.261346 0.024760 0.111126 -0.856995 0.486291 -0.433904 -0.114659 -0.048173
-0.277059 -0.749119 0.133838 -0.102029 0.122889 -0.302747 -0.013030 -0.414270 0.374596 -0.489056 0.537442 -0.095287
-0.566576 -0.681451 0.057097 -0.278296 0.305003 -0.124207 -0.374829 0.004689 1.066857 0.314411 0.593720 0.123755
-0.786164 -0.250601 0.530786 -0.400445 0.265337 0.031402 0.749948 -0.390357 0.152438 -0.047877 -0.760588 -0.785078
-0.958492 -0.529175 0.044256 -0.627469 -0.039426 -0.484054 -0.185997 -0.324955 0.047345 0.647494 -0.037347 -0.875303
-0.416707 0.555963 0.495473 -0.184932 0.371218 -0.341792 0.577283 -0.081883 0.409732 0.183911 -0.303970 0.156674
-0.301773 -1.150595 0.441532 -0.291978 0.365374 -0.371586 -0.103310 -1.352182 0.711593 0.441868 0.671897 -0.297575
-0.034921 -0.512184 0.476460 -0.067132 -0.295326 -0.139834 1.226554 -0.867532 0.351657 -0.099868 -0.232000 -0.249574
0.538057 -0.327805 -0.008801 -0.170066 0.066590 0.170453 0.070412 -0.412034 0.233941 0.070709 0.103486 -0.500128
0.413351 -0.234724 0.266799 -0.227757 -0.045162 -0.311732 0.266155 -0.432243 0.876445 -0.100874 0.520565 -0.261953
-0.648070 -0.807513 0.878769 -0.134534 -0.498100 -0.065393 -0.081299 -0.102264 0.408168 0.044892 0.318361 0.165777
-0.911186 0.077717 0.753714 -0.331242 -0.400454 -0.413484 -0.282910 -0.010746 0.096241 0.452551 -0.616239 0.344104
0.461889 -0.260688 0.718434 -0.339305 -0.520649 -0.313059 -0.216568 0.335002 0.880847 -0.001796 -0.596663 0.059686
-0.056084 -0.863316 0.485261 -1.299224 -0.136095 -0.554801 -0.169016 -0.532813 0.665293 0.186074 -0.171651 -1.000966
-0.323084 -1.039800 0.157298 -0.572949 0.469232 -0.386294 -0.544814 -0.662507 0.613906 0.694168 0.150609 -0.339971
-0.318528 -0.543322 0.357343 -0.473604 -0.584158 -0.235394 -0.139832 0.045685 1.029112 -0.361312 0.082215 0.187033
-0.365511 0.117828 0.202702 -0.076135 0.163598 -0.875604 0.133791 0.173812 0.233634 -0.090828 -0.120714 -0.086477
-0.420086 -0.660606 -0.106070 -0.681437 -0.677012 0.390421 -0.007163 -0.820598 0.744997 -0.111690 -0.131240 -0.628812
-0.194997 0.400122 0.442152 -0.401866 0.147575 -0.196013 -0.477980 -0.427297 0.838207 0.282066 0.524593 0.199253
-0.158103 -0.429725 -0.188082 -0.721557 -0.070466 -0.260503 0.185489 -0.659797 0.871941 0.344602 0.268073 -0.190311
-0.815929 -1.202563 0.586188 -0.312190 -0.407988 -0.315031 0.326466 -0.523943 0.634295 -0.179437 0.148332 -0.396117
-1.013135 -0.150138 0.603850 -0.373043 -0.744841 -0.718807 -0.070791 -0.156253 0.769880 0.818615 -0.248248 0.371103
-0.963287 -1.101177 -0.211343 -0.230637 -0.059613 0.046464 -0.021855 -0.351258 0.354108 0.037646 -0.129959 -0.086296
-0.595284 -0.794241 0.359340 -1.081849 -0.087269 -0.218591 0.208598 -0.607166 0.792896 -0.260476 0.005318 -0.459984
-0.547254 -0.524037 0.487416 -0.230633 -0.700807 -0.005268 -0.282547 0.374484 0.466736 -0.249676 -0.066984 -0.221792
0.146008 0.023199 1.199571 -0.861394 -0.072636 -0.955247 -1.255157 -0.482068 0.701449 1.269539 0.346325 -0.276570
-0.074532 0.841581 1.273824 -0.577019 0.085901 -0.671941 -0.024883 0.110461 0.338898 0.598069 0.431010 -0.515969
-1.139223 -0.122962 1.318389 -1.112867 -0.494416 -1.208491 -0.954243 0.359266 0.613273 0.895586 0.933889 0.193847
-0.049101 0.859322 0.615486 -0.519319 0.114180 -0.258844 -0.228467 0.254738 0.458800 0.632017 0.658753 -0.436398
-0.597131 -0.587654 0.701059 -1.695118 0.240333 -0.490619 0.162084 -1.114700 0.858819 -0.009638 -0.289117 -0.240782
-0.913050 -0.514438 0.927818 -0.147913 -0.332283 0.178619 -0.028374 -0.128511 0.840704 0.255816 0.167488 0.467764
-1.370023 -0.582203 0.924461 -0.095057 -0.521468 -0.887558 -0.943434 -0.286478 1.110374 -0.632405 0.564927 0.955545
-1.089352 -0.239708 -0.063828 -0.917896 -0.401802 0.035065 -0.734625 0.193279 0.462582 0.430790 0.155064 0.110711
-0.246720 -0.265615 0.087166 -0.236192 0.089598 -0.330548 0.057038 -0.214800 0.700251 -0.270142 0.048887 0.502330
-0.978185 -0.217436 0.364156 -0.309365 0.418974 -0.985613 -0.027095 -0.839822 -0.088080 0.329722 0.679134 -0.115161
-1.071123 -0.313359 0.501186 -0.418761 -0.274443 -0.933910 -0.376628 -0.581807 0.205807 0.057722 -0.083727 -0.288271
-0.858050 -0.174372 0.616961 0.417177 -0.340540 0.061758 -0.346732 -0.017134 0.221060 0.192040 -0.535991 0.751506
-1.211511 -0.635877 0.686044 -0.031588 -0.356860 -0.777214 -0.997003 -0.118319 0.692008 -0.521850 0.672082 0.756190
-0.929772 -0.740477 0.615065 0.200795 -0.105626 -0.399337 -0.175027 -0.421510 0.746318 0.133325 0.461740 0.454884
0.392380 -0.151000 0.017816 -0.552399 -0.447269 -0.426077 -0.390952 0.370084 0.681772 0.352423 0.198928 0.394898
-0.254837 -0.691097 0.063134 -0.851961 0.072892 0.137317 -0.125528 -0.411736 1.043256 -0.282285 -0.002186 0.039588
-0.856432 -0.084174 0.596066 -0.300507 -0.295125 -0.276747 -0.163137 -0.417072 0.274579 -0.385286 0.308773 0.314563
0.884088 -0.653651 0.840587 -0.156730 -0.158330 0.275543 0.248836 -0.288639 0.558685 -0.523701 -0.060963 -0.941127
-0.161517 -1.231749 0.544986 -0.144125 0.097924 0.228663 -0.023028 -0.545371 0.782556 0.230019 -0.066139 0.670044
0.035748 -0.556253 -0.140118 0.284249 0.444708 -0.496307 -0.161230 -0.555363 0.828421 -0.108320 -0.303877 0.184160
0.037284 -0.977473 0.753604 0.315256 0.700174 0.101966 0.261005 -0.606917 0.615153 -0.434096 -0.257379 -0.373841
-0.221048 -1.209256 0.705105 -0.692801 0.492546 -0.562567 -0.088904 -0.127714 -0.123076 -0.298901 0.233474 -0.434153
-0.461870 -0.532316 0.585105 -0.407469 0.049147 0.167410 -0.165186 -0.502613 0.706153 0.074172 0.067101 -0.446183
-0.704240 -0.594335 -0.025226 -0.223403 0.053491 -0.327749 0.088562 -0.783153 1.017961 -0.669900 -0.151426 -0.905991
-0.052990 -0.766137 0.326215 -0.831249 -0.038260 -0.037045 -0.092157 -0.545024 0.746064 0.157281 0.044747 -0.658078
-0.604568 -0.680554 0.362417 -0.274289 0.074184 0.379450 -0.151344 -0.587322 1.059245 0.085301 -0.017128 -0.219937
-0.576890 -0.469578 0.723287 -0.187199 -0.098866 -0.109238 -0.047145 -0.406716 0.876503 0.001257 0.044122 0.336400
-0.426115 0.532040 0.155951 -0.026488 -0.318503 -1.057915 -0.833799 -0.010883 0.416430 0.409474 0.051553 0.285827
-0.122465 -0.320471 0.816837 -0.418115 0.071175 -0.714072 0.124771 -0.786791 0.209378 0.244335 0.157908 0.147792
-0.233130 -0.514084 0.150264 -0.610813 0.090052 -0.640087 0.058699 -0.339796 0.728091 0.420636 -0.107489 0.225445
-0.330058 -0.703533 -0.108877 -0.596696 0.290466 -0.183645 0.211814 -1.290435 0.159366 0.023085 0.266841 -0.860873
-0.207764 -0.147966 0.630442 -0.047379 -0.122877 -0.473453 -0.497567 -0.567040 0.106980 0.066421 -0.184556 -0.580697
0.262064 0.581954 0.214883 0.103166 -1.192004 -1.044520 0.317460 0.086006 0.290952 0.141707 -0.252135 -0.354051
-0.102656 -0.286654 1.363002 -1.094813 -0.167071 -0.919942 0.078929 -1.310210 0.622017 -0.086035 -0.337842 -0.178383
-0.414030 -0.284006 0.387946 -0.345699 -0.480665 -0.709308 -0.489193 -0.652840 0.332278 0.291933 0.048591 -0.718335
0.063660 0.113490 0.597546 -1.351691 0.055559 -0.378000 -0.113575 -1.096892 0.232918 0.005378 -0.095477 -0.602399
-0.116153 0.030370 1.238658 -0.945899 0.498291 -0.166368 0.496685 -1.090376 0.199670 -0.162525 0.400659 -0.316506
-0.045660 -0.570457 -0.058890 -0.299412 0.039221 -0.383024 0.120548 -0.450752 0.894286 -0.265308 0.413022 -0.080839
0.037555 -0.504053 0.617446 -0.202528 0.282313 -0.790031 -0.384263 0.257408 0.856320 -0.105364 0.379844 0.724591
0.409402 -0.003145 -0.011916 -0.542587 -0.054786 -0.508174 -0.229256 0.105520 0.572376 0.159042 0.139098 -0.260825
0.289469 -0.436803 0.430690 -0.609980 -0.223640 -0.466356 0.178361 -0.598862 0.561339 -0.109905 -0.480937 -0.408537
-0.121627 -0.552978 0.574014 -0.362733 -0.430211 -0.753885 0.368782 -0.702454 0.167854 0.479430 0.075567 0.026237
-0.250609 -0.788637 -0.030620 -0.314658 0.465339 -0.675807 -0.522289 -0.539741 0.329969 0.358489 0.292591 0.020108
-0.603645 -0.141483 -0.163160 -0.713405 -0.027631 -0.082658 -0.044330 -1.381356 0.486614 -0.180333 -0.239321 0.708516
0.310979 -0.930491 0.981255 -0.541198 0.130703 0.295217 0.423941 -1.008542 0.331852 0.300951 -0.143832 -0.344886
0.051323 -1.064441 0.616984 -0.394487 -0.047201 -0.073619 0.159290 -0.338267 0.752833 -0.984845 -0.184659 0.496374
-1.197500 -0.267783 0.212009 -0.448525 -0.076353 -0.459842 -0.830990 -0.459545 0.290667 0.639760 0.004783 0.164423
-0.889224 -1.202642 1.031563 -0.602864 -0.441464 -0.400062 0.321447 -0.887906 0.836904 0.073996 -0.047735 -0.366536
0.330853 -1.746965 -0.143403 -0.036561 -0.206689 -0.266740 0.239736 -0.235484 0.365743 -0.583853 0.346611 -0.048928
0.360863 -1.354862 -0.604343 -0.019162 0.678496 0.024404 0.455644 -0.408537 0.597086 -0.652672 0.057859 0.613759
-0.159386 -1.084729 0.661622 -0.234952 -0.151079 -0.057891 0.047793 -0.282386 0.500604 0.247189 -0.363608 0.598708
-0.458092 -0.491273 0.596075 -0.648165 -0.557635 -0.334124 0.294418 -0.304639 0.841968 -0.552722 -0.800247 0.493364
-0.445784 -1.122699 0.457000 -0.203217 -0.091512 -0.375776 0.366969 -0.019324 0.291482 -0.065460 -0.038589 -0.153314
0.105680 -0.838277 0.825473 -0.018808 0.298256 -0.517841 -0.124073 -0.259628 0.731621 -0.748439 0.429063 0.170537
-0.303851 -1.056165 0.371302 0.102618 0.065642 -0.718068 0.002871 -0.342416 0.616521 -0.197795 0.227523 -0.037050
0.059693 -0.762820 0.429549 0.239632 0.893955 -0.686216 -0.024653 -0.394992 0.704049 -0.695942 0.316639 -0.061153
-0.205069 -0.569953 0.401826 -1.274283 0.365480 -0.267397 -0.293468 -1.467340 0.067573 0.472165 0.342074 -0.020521
0.425902 -0.316443 0.489763 -0.306060 -0.154725 -0.698099 -0.146124 -0.488727 0.752344 0.579734 -0.760958 -0.048027
-0.338641 0.059424 0.609137 -0.501057 0.515503 -0.686455 -0.155789 -1.125268 0.686609 -0.049659 -0.542746 -0.197810
0.485133 -0.237178 1.369678 -0.816896 0.293735 0.028839 0.199775 -1.122179 -0.015224 0.134436 -0.227094 -0.402064
0.063912 -1.265990 0.264759 0.042160 0.771044 -0.319325 0.461435 -0.687880 -0.029583 -0.397214 -0.410348 -0.129181
0.207375 -1.287868 0.642251 0.253965 -0.581248 0.469974 0.521205 0.048545 0.509823 -0.467206 -0.490971 -0.297672
-0.055768 -0.716996 0.708257 -0.125829 0.080674 -0.736805 -0.121587 -0.605117 0.651294 -0.506210 -0.062634 -0.258117
0.325338 -0.530352 1.094782 -0.146573 -0.097855 -0.352031 0.343219 -0.222013 0.400498 -0.300431 -0.622952 -0.593995
0.186099 0.251159 0.663886 -0.479015 0.086594 -0.502908 0.037854 -0.094200 0.547677 0.448009 0.423968 -0.021519
-0.064360 -0.381991 1.146881 -0.340278 0.600793 -0.360703 -0.041568 -0.381033 0.361405 -0.639831 0.125237 -0.073920
0.565417 0.163162 0.717261 -0.925658 -0.079560 -0.829822 0.252074 -0.146123 -0.210162 0.340189 -0.529174 -0.111222
0.232509 -0.053433 0.746682 -1.072028 0.261538 -0.513211 -0.112203 -0.504081 0.854183 0.298806 0.027403 -0.045833
0.414793 -0.178438 0.233696 -0.287525 0.277866 -0.287135 0.230982 0.042421 0.312954 0.033923 -0.808803 -0.107542
0.095371 -0.606834 0.729642 0.503875 -0.281886 -0.388819 0.085942 -0.510924 0.465420 0.017494 -0.059355 -0.489110
0.206269 -0.054927 0.936692 -0.419989 -0.443973 -0.402025 0.043794 0.120774 0.675467 -0.570724 0.181991 -0.720181
0.622112 -0.745725 0.127704 0.098721 -0.206571 -0.524600 0.282210 -0.018025 0.624360 -0.576331 -0.859039 -0.115579
0.170012 0.084790 -0.039119 -0.326302 0.861220 -0.048104 0.442266 -0.991732 0.331832 -0.264495 0.036384 -0.020378
-0.331346 -0.463998 0.547235 0.800030 0.434002 -1.087362 0.098062 -0.149075 0.201327 -0.878491 0.405454 0.239069
0.162919 -0.511532 0.747094 0.052962 0.309222 -0.227713 0.236945 -0.837367 0.947288 -0.380274 0.256164 -0.171730
-0.005737 -0.766449 0.832750 -0.191326 0.164592 -0.077023 0.162101 -0.753664 0.391390 -0.517175 -0.273093 -0.056096
-0.081069 -0.194664 0.274155 0.245187 0.689639 -0.371392 0.387308 -0.215081 0.438621 -0.204833 -0.024263 -0.052162
-0.568267 -0.845249 0.689899 0.296535 1.067943 -0.776200 0.164108 -1.050791 0.050801 0.131734 -0.485407 -0.111496
0.154432 -0.344593 1.265466 -1.304389 0.146001 -0.064118 0.704497 -0.960685 0.442481 -0.219466 0.407669 -0.315605
0.183355 -0.982808 0.436401 -0.777837 0.162089 0.100352 -0.045925 -0.478956 1.273288 0.085577 -0.155318 0.145096
-0.255502 -1.036557 0.291511 -0.312530 0.225200 -0.151673 -0.015914 -0.465241 0.826328 0.317564 0.219988 -0.150465
0.214018 -0.332248 0.942237 -0.388464 0.606108 -0.368726 0.300363 -0.675485 -0.052128 -0.321608 -0.221609 0.348091
0.811674 -0.533228 1.433804 -0.818853 0.283455 -0.044936 0.225151 -0.796554 0.102397 -0.300246 0.215646 -0.817513
0.393219 -0.696781 0.645987 -0.236729 0.320994 0.308463 0.259712 -0.264122 0.554284 -0.303872 -0.305830 -0.407508
-0.111872 -1.330236 0.484497 0.167192 0.005602 0.010214 0.639496 -0.831856 0.762098 -0.389363 -0.499595 0.290702
-0.194222 -0.860019 0.362842 -0.663874 0.179229 -0.250871 0.464222 -0.339340 0.348456 0.018081 0.217662 -0.280073
0.126942 0.083707 0.511974 -0.459545 -0.216366 -0.645814 0.113333 -0.968746 0.641474 -0.601015 -0.141365 0.268576
0.239518 -0.329849 0.406699 -0.301772 0.651407 0.009904 0.148392 -0.497709 0.604402 -0.136104 -0.431801 -0.670985
-0.213227 -1.327169 0.882542 -0.513479 -0.135773 -0.795174 0.606369 -0.327321 0.347164 -0.186693 0.334606 -0.398178
-0.335564 -1.495610 0.519961 -0.652106 0.614978 0.253022 0.232405 -0.390448 0.556287 -0.009601 0.550204 -0.004230
-0.686506 -0.440902 0.998484 -0.521108 -0.362403 0.265387 -0.092225 -0.481389 0.134572 0.387270 0.149915 -0.154970
-0.108160 -0.654708 0.276202 -0.228374 -0.036168 0.237012 0.442573 -0.953042 0.409334 0.016473 0.147285 -0.652453
-0.043760 -0.327079 0.889447 -1.069786 -0.590621 -0.496410 0.160491 -1.017591 0.390767 -0.177187 -0.007567 -0.828665
0.011459 -1.042737 0.922669 -0.810346 0.156697 -0.143816 0.152048 -1.185051 0.101707 -0.547642 -0.098419 -0.716909
0.134474 -0.864422 0.176612 -0.691157 0.065459 -0.272955 -0.725181 -0.578653 1.491523 0.037842 0.050466 0.362075
-0.428013 -0.978216 0.621193 -0.766388 0.602833 -0.333981 -0.260969 -0.621459 0.405527 -0.235151 0.170834 0.315905
0.254329 -0.226452 0.381526 -0.081044 0.393277 -0.534666 -0.624636 -0.331086 0.578538 -0.071501 0.162970 -0.431172
-0.427304 -0.224035 0.668371 -0.168972 0.621169 -0.457387 -0.177875 -0.745701 0.208585 0.030373 -0.678366 0.098499
-0.025693 -0.461844 0.625430 -0.734611 0.209412 -0.746916 0.337898 -0.488167 0.578195 0.090019 0.003502 0.028705
-0.934075 -0.691722 0.646003 -0.719016 -0.269497 -1.056044 -0.535441 -0.759119 0.873690 0.146160 0.343823 -0.918244
-0.391478 -0.372147 0.798827 -0.400198 -0.384362 -0.883451 0.534082 -0.398623 0.274399 -0.346711 -0.441047 -0.063804
-0.046349 -0.579168 0.306412 -0.858590 0.367336 0.109517 0.021319 -0.478965 1.202913 -0.046795 0.184157 0.297505
-0.742874 -0.081752 0.612840 -0.667024 -0.121278 -1.026138 -0.143118 -0.172772 0.461058 0.585302 0.652395 -0.144801
-0.238008 -0.541604 0.802033 -0.398636 0.439165 -0.278760 0.655470 -0.826139 0.163814 0.280269 0.039032 0.141401
-0.337783 -0.395383 0.312810 -0.568077 0.109495 -0.675212 -0.102477 -0.233251 0.333360 -0.219403 0.288784 -0.623558
-0.692671 -0.848109 0.384771 -0.808470 0.491273 -0.064824 0.096488 -0.958374 0.414162 0.537481 0.216938 -0.274196
-0.299771 -0.314312 0.900683 -1.149067 0.457309 -0.241583 0.216682 -1.211672 0.305813 0.116844 0.246429 -0.259805
-0.357876 -0.512340 0.311161 -1.071836 -0.061092 -0.707902 0.530557 -1.221680 0.814173 0.452406 0.472142 -0.526697
-0.856470 -0.650027 0.458226 -0.288385 0.047006 -0.846127 -0.098116 -0.615811 1.030717 0.390030 0.296783 -0.207578
-0.612629 -1.346925 0.082801 -0.185310 0.430998 -0.037236 0.136975 -0.239467 0.639243 -0.781135 0.040997 -0.137879
-0.035026 -0.815469 0.095291 -0.903353 0.360300 -1.061111 -0.337451 -0.609261 0.895667 0.450486 0.533585 -0.122421
-0.555668 -0.295100 0.185608 -0.567287 0.378384 -0.695997 -0.295877 -0.420143 1.158798 0.327112 0.429949 0.848350
-0.541853 -0.294850 1.004539 -0.990687 0.218412 -0.156342 0.570062 -1.121800 0.605704 0.261792 -0.479088 -0.515749
-0.928292 -0.558578 0.683285 0.290879 0.145460 -0.495483 0.002564 -0.291752 0.328833 -0.426151 -0.051548 0.277009
-0.822762 -0.434769 0.689190 -0.626298 0.431879 -1.020287 -0.103227 -1.031121 0.678603 0.455385 0.463187 -0.156626
-0.071315 -0.808047 -0.039651 -0.292044 0.313048 -0.305018 -0.041019 -0.506622 0.939881 -0.335773 0.354342 0.067855
-0.020275 -1.004041 -0.046939 -0.451353 0.332482 -0.073337 0.317373 -0.852002 0.885250 0.366249 0.213914 0.005723
-0.231927 -0.719030 0.300097 -1.048976 -0.412643 -0.850835 0.277163 -0.506356 0.936953 0.034312 0.382023 -0.170244
-0.897387 -0.591896 0.548401 -0.692245 0.560787 -0.177060 -0.016212 -0.703355 0.527018 0.237697 0.457895 0.325314
-0.156806 0.132007 1.871737 -1.644014 -0.570537 -0.366198 -0.061712 -0.462874 0.539422 0.191674 0.358832 -0.582144
0.148183 -0.290604 0.622305 -0.763757 -0.468810 1.539235 1.155788 -0.523237 0.604641 0.119640 -0.173692 -0.299274
-0.083672 -0.486313 0.606390 -1.232875 -0.062612 0.971667 0.914297 -0.856233 1.078421 0.051003 -0.057145 0.228686
-0.127414 -0.691725 0.848298 -0.572481 -0.087510 0.248142 0.617740 -0.877670 1.173969 -0.025130 -0.188485 0.135814
0.212883 -0.529512 -0.216749 0.184389 -0.115735 0.434858 1.294145 0.068484 0.854454 -0.196141 -0.211552 -0.065980
0.408316 -0.333409 0.732437 -0.282537 -0.463312 1.391358 1.293315 -0.440720 0.368941 0.249505 -0.105112 -0.500759
0.124780 -0.238973 0.659257 -0.824738 -0.527016 1.466735 1.252919 -0.573476 0.558069 0.146122 -0.370347 -0.210266
0.171263 -0.233800 0.600415 -0.720998 -0.500063 1.451071 1.225313 -0.432838 0.510129 0.075502 -0.349366 -0.166050
0.228351 -0.483091 0.324216 -0.054472 0.314959 0.709916 0.920738 0.129552 0.583184 0.622999 -0.226958 -0.529345
0.415215 -0.181182 0.847817 -0.237005 -0.450931 1.480934 1.166332 -0.238951 0.261534 0.284502 -0.209741 -0.584159
0.299626 -0.362866 0.796727 -0.433776 -0.311293 0.846789 0.970040 -0.395696 0.677814 0.150541 -0.251107 -0.194283
0.144668 -0.795114 0.206889 -0.986565 -0.162234 1.413026 1.294694 -0.835020 0.698784 0.408617 -0.256768 0.143721
0.338537 -0.449087 0.609656 -0.407273 -0.426420 1.419953 1.215698 -0.409192 0.371870 0.245036 -0.244952 -0.343894
0.402809 -0.187355 0.466242 -0.131284 -0.233107 1.580024 1.154830 -0.155611 0.391091 0.414988 0.171010 -0.602487
0.113540 -0.195199 0.811744 -0.646369 -0.033136 0.836754 0.690942 -0.585008 0.432820 0.211388 -0.020967 -0.205507
0.244998 -0.324281 0.677749 -0.472667 -0.473493 1.463014 1.235704 -0.441647 0.466659 0.209880 -0.245901 -0.365045
0.341864 -0.280322 0.720185 -0.438053 -0.309385 1.571976 1.137437 -0.316047 0.412607 0.400114 -0.206740 -0.492712
