-0.147001 -0.838342 0.126304 -0.531842 -0.033613 0.612766 0.408498 -0.085558 0.309264 -0.341786 -0.270404 0.176161
-0.678658 -0.592987 0.011954 -0.535332 -0.566101 -0.938623 -0.576767 -0.066107 0.539523 -0.385404 0.056656 -0.125372
-0.346348 0.814628 0.412282 0.203832 -0.374111 -0.065363 0.555882 -0.585595 0.368191 0.262442 0.320492 0.012986
-0.583339 -0.622727 0.378993 0.110565 0.118615 -0.112624 0.143490 -0.868710 -0.371820 0.466060 0.165730 -0.798397
-1.142542 -0.016400 1.229333 -0.965238 -0.278838 -0.421422 -0.416539 -0.375042 1.004323 0.072112 0.260463 -0.081910
-1.022161 -0.366850 0.280699 -0.275864 -0.227138 0.053011 -0.109759 -0.497674 0.786270 0.031956 -0.254775 0.355128
-0.120778 -0.934473 0.375985 -0.213572 -0.720907 -0.215907 -0.365279 -0.303709 0.363433 -0.445767 -0.050194 -0.277292
-0.614222 -0.279536 0.547029 -0.011953 0.164080 -0.178275 0.273950 -1.052005 0.334485 -0.494569 0.254871 -0.178402
0.283135 -0.021047 1.139754 -0.289890 -0.646097 0.029110 0.411092 -0.675275 0.804388 -0.559800 -0.085439 -0.785152
-0.179822 -0.838844 0.138091 -0.073336 -0.566449 0.262510 -0.424817 0.250708 0.692524 0.266619 0.096692 0.309588
0.015580 -0.936518 0.320102 0.165357 -0.114820 0.223126 0.248680 -0.530342 0.536886 -0.423085 -0.493686 -0.444478
0.265385 -1.074720 0.911337 -0.115832 -0.319234 -0.244996 0.250491 -0.032203 0.359601 -0.087379 -0.186605 -0.417404
0.663380 -1.238452 0.769912 -1.189854 0.501752 -0.035468 -0.531619 -0.205327 0.600457 -0.805997 -0.295110 -0.149808
-0.074314 -0.518417 0.547919 -0.390357 -0.207487 -1.048577 -0.215822 -0.575715 0.499724 0.339914 0.751090 -0.088884
0.029224 -0.843983 0.651490 -0.255356 -0.093706 0.064905 -0.048461 -0.186484 0.732741 -0.544504 -0.529902 -0.023814
0.628699 -1.207601 0.323225 -0.259910 -0.672189 -0.268811 0.340902 0.456771 0.275405 0.040603 -0.075046 -0.369467
-0.094103 -0.270983 0.403453 -0.651806 0.443489 -0.148964 -0.167431 -0.298380 0.246936 0.372932 0.236222 -0.070490
-0.361709 -0.615336 0.809341 -0.307299 -1.347136 -0.314725 -0.254422 0.038238 0.570968 0.058519 0.081139 -0.483085
0.504654 -1.076305 0.733054 -0.175041 0.235201 -0.231269 -0.400635 0.140460 0.441706 -0.763610 0.069428 -0.252808
-0.546744 -0.804503 -0.476067 -0.401511 0.391311 0.079619 -0.171590 -0.180277 1.044115 0.377083 0.007301 -0.288979
-0.315649 -0.695066 1.636507 -0.737681 -0.065869 -0.412465 0.290619 -1.195634 0.555700 0.558414 -0.104697 -0.341254
-0.997866 -0.384673 0.262551 -0.787137 -0.216356 -0.784751 -0.327926 -0.647527 1.319235 -0.280905 0.306705 0.122576
0.284194 -0.878201 1.082031 -0.691911 0.022127 -0.227264 -0.280008 -0.022998 0.272621 -0.899848 -0.113740 -0.137267
-0.149172 -0.098967 1.305102 -1.097772 -0.295012 -0.233321 0.124243 -0.921068 0.605590 0.089415 0.355251 0.544713
-0.274939 -0.170981 1.223588 -0.811549 0.688833 -0.353444 0.135557 -0.624640 -0.073875 0.549685 -0.102339 0.402233
0.508301 0.009831 1.264336 -0.146354 0.641357 -0.634934 0.491036 -0.610799 0.226676 -0.032453 0.406337 -0.939378
0.222122 -0.898756 0.798998 0.075918 0.285801 -0.046215 -0.019250 -0.131538 0.787082 -0.926105 0.147365 0.432934
-0.809500 0.255285 0.774882 0.141351 -0.566936 -0.843520 0.004264 -0.345045 0.845724 -0.015000 0.356459 -0.205318
0.331322 -0.670487 1.752417 -1.022932 0.209887 -0.238143 -0.258028 -0.357185 0.060379 -0.005597 -0.021823 -0.602812
-0.251082 -0.080168 0.975821 -0.146436 0.326264 -0.825871 0.462080 -0.545225 0.412540 0.259653 -0.268088 0.108994
-0.042269 -0.579882 0.754603 -0.305296 0.775661 -0.672158 0.558575 -0.029976 0.522815 -0.111947 0.013262 -0.834746
-0.098799 -0.541772 0.666005 0.310249 0.383363 -0.302553 0.703940 -0.443530 0.689676 -0.278089 -0.484531 0.506622
-1.203714 -0.400261 0.487185 -0.119375 -0.142782 -0.534621 -0.387301 -1.126095 0.486426 0.556994 -0.001773 -0.083718
0.403405 -1.273626 0.411206 -0.360162 0.679516 0.033024 -0.264666 0.024063 0.857469 -0.421094 0.002755 0.029701
-0.288260 -1.428560 -0.448599 -0.516100 0.680736 0.025796 0.319084 -0.079170 0.489892 -0.155170 0.093658 -0.131453
-0.611931 -0.534663 0.528246 -0.807153 -0.171367 -0.776583 -0.572844 -0.281418 0.286665 0.442073 0.220530 0.070101
-0.241336 -0.435266 0.114873 -0.429459 0.604847 0.041070 0.333684 -0.293622 0.649446 -0.567596 0.372292 0.329839
-0.381044 1.112475 0.684662 -0.553121 -0.443223 -0.631644 -0.929418 -0.652528 0.340967 0.205093 0.222011 0.174628
-0.496011 -0.403429 0.862358 -0.014240 0.321605 -0.461045 0.564146 -0.638187 -0.280951 -0.512915 0.509559 -0.932990
0.319991 -0.277421 0.354365 -0.243972 -0.280982 0.011466 0.040143 -0.342631 0.639717 -0.527118 -0.220503 -0.206037
-1.962081 -0.937062 0.201902 -0.565886 -0.395685 -0.738375 -0.636294 -0.128866 1.178657 1.023854 0.319477 0.723834
0.164422 -1.415200 0.664782 -0.387167 0.387855 0.374165 0.459543 -0.258495 0.669627 -0.611619 -0.150745 0.266569
0.484030 -0.331933 1.558021 -0.081060 0.176685 0.230352 0.056400 -0.482723 0.552825 -0.034130 0.043495 -0.238501
0.359176 -0.396867 1.830487 -1.000952 0.401178 -0.279042 -0.043623 -0.661626 0.131914 -0.120977 -0.049634 -0.361974
-0.205714 -0.637687 -0.130458 0.311548 0.694576 -0.574454 -0.626810 -0.522067 1.054106 -0.403727 -0.103602 0.243288
-0.993493 0.524375 0.137186 -1.015457 -0.409157 -0.677605 0.307481 -0.758069 0.818851 0.061419 0.117591 0.625950
-0.031411 -1.020838 0.859461 -0.541928 -0.037080 0.597896 0.772558 -0.892639 0.344428 -0.286995 -0.428197 0.144646
-0.372949 -1.125783 0.654426 0.196168 1.116490 -0.557476 0.115157 -0.929533 0.652861 0.016343 0.753567 0.602310
0.221152 -0.823198 1.378658 -0.393497 0.151307 0.488515 0.535625 -0.828424 0.016540 -0.375033 -0.377367 -0.403734
0.194558 -1.258439 0.015748 -0.379211 0.159234 0.814606 1.021545 -0.395116 0.656691 -0.537917 -0.185412 0.311843
-0.256105 -0.978273 0.725207 -0.058589 -0.245129 0.189199 -0.189569 -0.354929 0.244681 -0.917151 -0.154827 -0.091251
0.329271 -1.144743 0.468174 -1.103668 0.994628 -0.210222 0.204597 -1.407996 0.023383 0.590417 -0.160099 -0.472806
-0.427844 -0.694588 0.225618 -0.277446 0.470906 -0.169916 -0.364548 -0.928443 0.381877 0.278311 0.343788 -0.222253
0.366439 -0.564323 0.747640 -0.528789 0.083578 0.517215 0.073655 -0.663819 0.379949 -0.307197 0.219933 -0.439991
-0.221332 -0.818485 1.202166 -1.012796 0.056447 -0.650169 0.310880 -0.553414 0.527848 0.050101 0.568413 -0.299641
0.360368 -0.782458 0.700533 0.284447 -0.228276 -0.172455 0.592403 -0.481987 0.083361 -0.241929 -0.119114 -0.733815
0.067704 -0.918822 0.625837 -0.302526 0.082469 -0.348659 0.599389 -1.309614 0.471689 0.305221 0.387446 0.156588
-0.076279 -0.989153 1.038765 -0.279603 -0.101127 0.141393 0.732856 -1.039408 -0.041217 -0.346767 -0.516457 -0.862992
0.456687 -0.264489 1.239556 -0.859913 0.318101 -0.044900 0.233446 -0.573700 0.362588 -0.276736 -0.671407 -0.193129
-0.170148 -0.620348 0.753981 -0.299201 0.500892 -0.367014 0.020727 -0.555916 0.497380 0.101897 -0.058905 -0.206792
-0.077356 -0.931545 0.482108 -0.027863 -0.258818 -0.228979 0.503712 -0.425812 0.876103 -0.417953 -0.623252 -0.522454
-0.549293 -0.058490 0.829305 -2.050691 0.253388 -0.465378 0.351465 -1.318620 0.225107 1.369723 0.739306 -0.819619
-0.206721 -0.419159 -0.307334 -0.281582 0.429605 -0.314283 -0.403713 -0.534430 0.418061 0.412531 0.008369 -0.137461
0.022057 -1.372488 0.308115 -0.697190 0.153667 -0.177768 0.108125 -0.394900 0.693517 -0.275502 0.284670 -0.027559
-1.026703 -0.180401 0.609119 -0.781874 -0.738126 -0.773756 0.027486 -0.474403 0.777300 -0.019453 0.380164 -0.310477
-0.597832 -0.228066 1.422262 -1.548196 -0.405088 -1.222482 0.245587 -1.005095 0.144740 0.399659 0.559727 -0.825593
-0.577069 -1.290874 0.571160 -0.842425 0.272477 -1.146275 0.102156 -0.835355 0.418946 0.527355 1.001045 -0.469740
-0.012953 -1.117270 0.725504 -0.391971 -0.368504 -0.484464 -0.027468 -0.220682 0.536913 -0.311441 -0.842918 -0.086447
-0.441275 -1.565040 1.218635 -0.659580 0.166951 -0.134962 0.418289 -0.420952 0.646020 0.662967 0.399168 0.333500
-0.477142 -1.002531 1.111438 -0.762530 0.452951 -0.090121 0.536610 -1.430872 0.442820 -0.309241 -0.272514 -0.251911
0.327102 -0.432132 0.887245 -1.312850 0.214244 0.042941 0.216444 -1.336249 0.398122 -0.164796 -0.506435 -0.075283
-0.259796 -1.472330 0.367907 -0.665089 0.471083 0.066878 0.386849 -0.890525 0.512098 -0.377431 -0.641239 -0.122666
-0.348491 -1.021955 0.866954 -0.404331 -0.292629 0.353405 0.524085 -1.266227 0.560362 -0.518110 0.027433 -0.607324
0.097344 -0.371468 1.215343 -0.664630 -0.141789 0.493293 0.538418 -0.315601 0.704866 -0.734791 -0.426471 -0.414705
-0.074983 -0.544496 1.180840 -0.500347 0.477316 0.619113 0.801934 -0.674460 0.292882 -0.250543 -0.341489 -0.008651
-0.599475 -0.740711 0.451706 0.640465 0.110363 -0.552176 -0.224412 -0.262040 0.814379 -0.924056 -0.023229 -0.128652
-0.028283 -0.825304 1.237969 -0.559852 0.486270 -0.465450 -0.164050 -0.466867 0.313883 -0.487972 0.046538 0.147401
0.273049 -0.551114 1.645233 -0.879755 0.255709 -0.305800 -0.089997 -0.632594 0.303718 -0.402239 0.097734 -0.229950
0.387104 -0.614499 0.958305 -0.778033 0.576196 -0.102541 -0.066287 -0.594704 0.472996 -0.147283 0.016073 0.009189
0.156866 -0.062976 0.668138 -0.697028 -0.602781 1.425903 1.222249 -0.333127 0.437952 0.038836 -0.334195 -0.208766
0.079728 -0.369557 0.248123 -0.592005 -0.350142 1.175298 0.842357 0.169445 0.455896 -0.100570 -0.247716 -0.351704
0.194340 -0.211959 0.618345 -0.656806 -0.418318 1.457955 1.222578 -0.428046 0.571529 0.295483 -0.333900 -0.247323
0.083673 -0.071617 0.595631 -0.513738 -0.738606 0.853491 1.306644 -0.460393 0.384305 -0.007465 0.130621 -0.582928
0.207484 -0.387930 0.518421 -0.825325 -0.396351 1.168882 1.064658 -0.570610 0.500291 0.215078 -0.193106 -0.311444
0.317967 -0.153140 0.604652 -0.471779 -0.661491 1.231168 1.239687 -0.404062 0.490612 0.071342 -0.017734 -0.315993
0.368097 -0.606014 0.667733 -0.270739 -0.230888 1.496829 1.235354 -0.376586 0.331982 0.266969 -0.255253 -0.437110
0.455704 -0.470912 0.786567 -0.478712 -0.092166 1.083404 1.287252 -0.572476 0.327529 0.605948 -0.401530 -0.818541
0.331030 0.513259 1.136216 -0.249322 -0.463364 1.408951 1.336913 -0.183338 0.144322 0.696634 -0.376861 -0.892882
0.274693 -0.516443 0.281595 0.397508 0.135320 1.122770 1.073501 0.343606 0.452868 0.336929 -0.290197 -0.556342
0.447035 0.381760 1.089197 -0.009028 -0.228119 1.406430 1.223555 0.144920 -0.115090 0.822447 -0.454700 -0.913272
0.122784 0.220688 1.248660 -1.115605 -0.810533 1.075836 1.266830 -0.638913 0.424538 0.013349 -0.672694 -0.725885
0.263508 0.074804 1.012125 -0.092247 -0.210451 1.432888 1.390862 -0.312477 0.255425 0.612716 -0.220039 -0.691617
0.473628 0.179508 1.032373 -0.474529 -0.592890 1.378580 1.256342 -0.255894 0.230677 0.452357 -0.403603 -0.612843
0.346628 0.061993 0.955678 -0.360910 -0.515975 1.482830 1.267707 -0.383734 0.370909 0.339075 -0.243727 -0.650676
0.236815 -0.438224 0.458335 -0.147615 -0.007246 1.601892 1.311171 -0.429780 0.604790 0.280847 -0.199118 -0.507292
0.105198 -0.622189 0.390195 -0.651589 -0.212053 1.415687 1.102812 -0.791387 0.633682 0.306630 -0.015427 -0.163507
0.094014 -0.215675 0.179062 -0.804797 -0.485421 1.353347 1.240089 -0.586667 0.295810 0.087819 -0.254333 -0.500177
0.211289 -0.559837 0.640988 -0.723701 -0.580309 1.388351 1.145358 -0.624515 0.618364 0.119785 -0.146666 -0.131871
-0.050269 -0.531194 0.475574 -0.629383 -0.631793 1.277160 1.109976 -0.606077 0.600634 0.046460 -0.104236 -0.298033
0.270269 -0.081567 0.704198 -0.327634 -0.529092 1.198893 1.342668 -0.470803 0.334104 0.144204 -0.025947 -0.375371
0.139775 -0.603485 0.507120 -0.716254 -0.436438 1.425898 1.270669 -0.659346 0.639654 0.097311 -0.212353 -0.079779
0.235936 0.347685 0.030034 -0.372499 -0.133839 0.016999 0.651787 0.252032 0.885737 0.419178 -0.320618 -0.378170
0.075429 0.021674 0.713183 -0.279131 -0.275953 1.473142 1.138052 -0.326025 0.535463 0.620602 -0.158270 -0.590544
