-1.261714 -0.052043 0.845648 -1.161511 -0.405464 -0.690753 -0.122400 -1.662395 0.166672 0.548107 0.287281 -0.711456
-0.019461 -0.187388 0.131673 0.030191 -0.314825 0.584413 -0.037833 -0.182527 0.216178 0.315965 -0.141646 -0.146095
0.208980 0.315050 1.127616 -0.412522 -0.363419 -0.165737 -0.194658 -0.205925 0.420903 -0.294710 0.289215 -0.758046
-0.128517 -0.728356 0.937094 -0.373442 0.382980 -0.740025 -0.623134 -0.387450 0.482349 -0.638894 0.423078 -0.314937
0.403953 -0.473316 0.841507 -0.746513 -0.344680 -0.115220 -0.304245 0.059101 0.528647 -0.209678 0.040131 -0.488149
-0.533770 -0.619686 0.077310 -0.488927 0.178896 0.251780 -0.729761 -0.787374 0.730271 0.742338 0.038878 0.057806
0.212671 0.124059 0.457614 -0.278551 0.274713 -0.359005 -0.480881 -0.092644 0.401341 -0.215108 0.076022 -0.389172
-0.276196 -0.926203 0.029815 -0.248978 0.367711 -0.194058 0.006478 -1.013173 0.511928 -0.077729 0.512717 -0.653894
-0.192337 -1.046781 0.425367 0.372650 -0.585593 -0.195002 -0.000501 0.398077 0.428823 -0.177201 -0.432575 -0.512072
-0.430927 -0.767326 0.383273 -0.272235 -0.563455 -0.001945 0.127257 -0.509184 -0.187948 0.730910 0.295459 0.099650
0.076482 -0.220285 -0.547744 -0.605512 0.100494 -0.422778 0.330856 -0.006923 1.017208 0.768069 -0.698505 -0.523112
-0.107848 0.091867 0.933318 -0.331426 -0.065621 -0.025294 0.211972 -1.409339 0.066517 -0.285974 0.883532 -0.813239
0.201212 -1.123144 0.219274 0.357770 0.248038 0.180066 0.417025 -0.751666 0.499238 -0.530023 0.041210 0.037864
0.229836 -0.982575 0.946380 -0.419384 -0.359868 0.164623 0.300264 0.111644 0.543642 -0.354815 0.522448 -0.556133
-0.765990 -1.387106 0.168511 0.132664 -0.081079 0.107059 0.375533 -0.388489 0.285934 -0.494212 -0.194563 -0.021198
-0.094276 -1.281777 0.415506 -0.318069 -0.075220 -0.023365 0.718867 -0.361123 0.343099 -0.193564 -0.101736 -0.700055
-0.088918 -0.929215 0.379266 -0.087622 0.332790 -0.253421 0.438266 -0.757360 -0.160238 -0.464970 -0.054206 -0.767727
-0.605110 0.358991 0.620430 -0.464169 -0.343123 -0.933394 -0.661514 -0.641563 0.601537 -0.058544 0.624101 -0.297078
-0.176119 -0.230835 1.262740 0.085743 0.156806 -0.781436 -0.374245 -0.186375 0.546157 0.151113 0.242764 0.259411
1.231458 -1.264867 0.616344 -0.404461 -0.605425 -0.555037 0.652917 -0.287791 0.448604 0.192711 -0.223664 -0.340500
0.126276 -0.593694 0.981795 0.421499 -0.767214 -0.914875 0.507916 -0.955453 0.530738 0.227992 0.160858 -0.507777
-0.637113 -0.767942 0.262872 0.143077 -0.367407 -0.256078 0.387458 -0.055693 0.648485 -0.740032 -0.734654 0.153396
-0.255383 -1.380655 0.379699 -0.038530 -0.298761 -0.006401 -0.358582 -0.192878 0.359841 -0.069863 0.324853 0.076143
0.073106 -0.605400 0.350857 0.548187 -0.088913 0.184548 0.294095 -0.347100 0.352807 -0.011845 0.255027 0.139368
-0.244284 -1.119380 0.839441 0.185322 0.334326 -0.076396 -0.416707 -0.056175 0.196850 -0.292937 -0.440253 -0.023764
0.410070 -1.435510 0.690347 -0.388892 -0.913079 -0.094739 0.465675 -0.553374 0.995889 0.245662 -0.204091 -0.106089
-0.325378 -1.406637 0.020810 -0.592817 0.379118 0.448547 0.729484 -0.161089 0.605084 0.165612 -0.331477 0.211640
-0.589785 -0.547953 0.900633 -0.985494 -0.372686 -1.241368 -0.380867 -0.996898 0.044448 0.287280 0.426212 -0.353944
-0.253370 -1.033012 0.491797 -0.263170 -0.476499 -0.561316 -0.275559 -0.194648 0.244240 -0.895739 0.345828 0.247316
0.187801 -0.701501 0.461524 0.002399 -0.050581 -0.222424 0.855699 -0.011469 -0.085173 -0.041742 0.291925 -0.135888
-0.141544 -1.483297 -0.067377 -0.456058 0.325051 -0.142266 -0.128963 -0.363337 0.458430 -0.915382 0.246163 -0.006321
-1.040168 -0.750882 0.646922 0.326450 -0.297923 -0.332216 -0.561206 -0.101994 0.711972 -0.288268 0.352262 0.595348
-0.173285 -0.244789 0.175040 -0.252280 -0.301246 0.185711 -0.382096 0.047643 0.722662 0.056514 -0.133277 0.290522
-0.815384 -0.419774 0.705673 -0.329630 -0.616610 -0.827478 -0.213614 -0.082964 0.397948 0.581308 0.343612 0.684077
-1.242198 -0.262860 0.571759 -0.250543 -0.825215 0.028919 -0.122429 0.099184 0.534314 0.609999 -0.275415 -0.087222
-0.376288 -0.801122 -0.033729 0.401344 -0.416449 -0.240024 0.400253 0.049916 0.371216 -0.196830 -0.221364 -0.247559
-1.426649 0.049807 0.636637 -0.325798 -0.799407 -0.877174 -0.532144 0.169921 0.513220 0.261081 0.120681 0.448871
-0.906884 -1.117075 -0.012741 -0.233592 0.905303 -0.297999 -0.329061 -0.760418 0.819242 0.435448 0.719736 0.259747
-0.908687 -0.100421 0.048232 -0.613348 -0.587460 -0.688649 -0.386481 -0.047004 0.511804 0.536130 0.459053 0.489102
-0.140878 -0.522048 0.867381 -0.617706 -0.493542 0.411803 0.268419 -0.728070 0.683822 0.075945 -0.055780 -0.042143
-0.596483 -0.141533 -0.447221 -0.605171 -0.158326 -0.163304 -0.018609 -1.278719 0.634183 -0.219013 0.098271 -0.178371
-1.158001 0.086327 0.581724 -0.648255 -0.473837 -1.150891 -0.453561 -0.278030 0.647188 0.619376 -0.080250 -0.029321
0.085945 -1.342183 0.676503 0.200582 -0.551901 0.291549 0.309065 -0.143307 0.787100 -0.758649 -0.910113 -0.313747
0.054815 -0.711136 0.489219 -0.934292 -0.175471 -0.153060 0.085665 -0.712832 0.851322 0.317295 -0.251584 -0.648622
-1.008954 -0.546432 0.942742 -0.272698 -0.789775 -0.054486 -0.279458 -0.206417 0.888060 -0.145406 -0.166780 0.498155
-0.468733 0.130795 0.537175 0.048465 -0.963551 -0.144567 0.088781 -0.276279 0.085812 0.364244 -0.695887 -0.285470
-1.235587 0.068886 0.609819 -0.408267 -0.566522 -0.750442 -0.166904 -0.211778 0.009427 -0.332895 -0.582693 -0.641050
-0.176772 0.269227 0.353400 -1.610837 0.036248 -0.364583 0.484159 -0.830881 0.409819 0.152148 0.618077 -1.006142
-0.284676 -0.192377 1.175373 -0.226086 -0.366499 -0.740667 -0.228580 -0.321242 -0.146411 -0.261511 -0.199151 -0.219214
0.233892 -0.854587 0.100047 -0.675684 -0.542815 -0.486261 -0.146084 -0.224147 0.479083 0.103034 -0.055961 -0.562564
-1.013489 0.122017 0.345929 -0.845413 -0.673277 -0.807718 -0.010552 -0.549015 -0.232890 0.556591 0.405939 -0.682502
-0.405091 -0.511682 -0.087804 -0.288320 -0.633617 -0.180908 -0.343896 0.536714 0.941757 0.219440 -0.307715 0.182582
-0.513336 -1.158820 0.399607 -0.229779 -0.128294 -0.567932 0.196177 -0.146871 1.123104 -0.187721 0.162342 -0.453486
-0.185795 -0.443533 0.366600 -0.093616 -0.677051 -0.020532 -0.068547 0.029886 0.303262 -0.451121 -0.600585 -0.258099
-0.940079 -0.426765 0.237456 -0.286793 -0.237090 0.138046 -0.336995 0.035983 0.386918 0.649014 0.206764 0.047906
-1.125351 0.445757 0.298344 -0.157593 0.035188 -0.139276 0.348413 -0.660777 0.093486 -0.270515 -0.332228 -0.087788
-0.808316 -0.359357 -0.203629 -0.285581 -0.563470 -0.522334 0.120525 0.274507 1.031113 0.274480 -0.155017 -0.139458
-0.322876 -0.172156 -0.235862 -0.515077 0.416435 -0.122656 0.156827 -0.383869 0.411611 0.599648 0.285075 -0.087870
-1.327570 0.104097 0.268843 -1.300676 -0.196673 -0.096267 -0.361430 -0.626723 0.314147 0.560073 -0.255781 -0.962328
-0.275486 -0.223278 0.690983 -0.395176 -1.090096 -0.249605 -0.987586 0.302911 0.164334 0.527631 -0.406238 0.763851
-1.108610 0.406157 0.603048 -0.631637 -0.109570 -0.381307 -0.694568 -0.851569 0.259540 0.747994 0.004167 -0.188304
-1.289150 -0.983847 0.083621 -1.193534 0.255137 -0.017101 -0.286950 -0.602977 0.770275 0.391874 -0.014482 -0.110805
-1.289874 -0.134130 0.821175 0.171913 -0.868983 -1.000566 -0.996003 0.227359 0.409839 -0.208452 0.433689 0.953030
-0.460019 -1.063595 0.307191 -0.366245 0.113949 -0.154167 -0.165331 0.087870 1.220617 0.320781 0.283432 0.215205
-1.466011 -0.043579 0.754374 -0.799872 -0.247599 -0.637378 -0.555035 -0.388112 0.760728 0.083420 0.213452 0.385294
-0.809427 -0.365704 0.915644 -0.603307 -0.941298 -0.166665 -0.267162 -0.744762 0.926367 -0.002585 -0.351513 0.292988
-0.424634 -0.395380 1.406593 -1.171560 -0.747467 -1.190323 -0.171661 -1.062086 0.211532 0.130668 0.376048 -0.919770
-1.109541 0.247284 1.304077 -0.150842 -1.181379 -0.565798 -0.516374 -0.051971 0.564380 -0.092720 -0.151635 0.741632
-0.970221 -0.668337 0.344350 -0.324097 -0.402141 -0.313966 -0.203859 0.269822 0.984346 0.812320 0.244216 0.488561
-0.982238 -1.366087 0.684444 -0.081049 -0.583393 -0.530734 -0.862450 -0.170077 0.609397 -0.128931 0.248568 0.563299
-0.579404 0.407949 0.465991 0.026412 -0.010582 -0.644376 0.174953 -0.341179 0.019143 0.364767 0.116154 -0.118421
-0.178304 -0.752317 0.112139 -0.375011 0.110883 0.308141 -0.091196 -0.779865 0.565765 0.061745 0.060193 -0.109470
-0.725484 -0.701850 -0.008494 -0.345818 -0.601182 -0.046092 -0.428275 0.053202 0.858266 0.550439 0.014785 0.100825
-0.497460 0.020062 0.075366 -0.450745 -0.502910 -0.709020 -0.169402 0.181469 1.099635 0.799873 0.457064 0.407963
-0.283753 -0.964593 0.257482 -0.106376 -0.153366 0.243407 0.053963 0.085029 1.086193 -0.661507 -0.488461 0.367151
-0.512537 0.206384 0.131524 -0.241510 -0.631265 -0.089618 -0.269327 -0.095947 -0.257780 1.125332 0.249564 -0.313446
-1.361584 0.270424 0.520039 0.292329 -0.562605 -0.139971 -0.164153 0.185712 -0.111592 0.365695 -0.453278 -0.036489
-0.833941 0.086373 1.395385 -0.811220 -0.279899 -0.909669 -0.302170 -0.389684 0.271610 0.866541 0.187029 0.277753
-0.305094 -0.514860 0.949443 -0.583808 0.448720 -0.814983 0.298405 -1.131979 0.040148 -0.013323 -0.047503 -0.714576
-0.537935 -1.194362 1.245762 -0.513084 -0.271389 -0.824555 -0.109668 -0.162493 0.574031 -0.063374 0.392710 -0.163794
0.196532 -0.232238 1.197193 -1.158768 0.248194 -0.257842 -0.067264 -0.540053 0.737716 -0.339326 -0.052288 0.281866
-0.249387 -0.967313 1.031712 0.320101 -0.083804 -0.729830 -0.010810 0.267593 0.539839 -0.269038 0.146099 -0.403179
0.309719 -0.712400 0.728258 -0.796223 0.206294 0.051505 0.874762 -1.024999 0.634196 0.111992 -0.212549 -0.233576
-1.186866 0.202752 0.531613 -0.093035 -0.913880 -1.032345 -0.309437 0.042000 -0.724639 0.505532 -0.151107 -0.019805
-0.109162 -0.432784 1.020777 -0.437016 0.521214 -0.520673 -0.074800 -0.385543 0.032243 -0.078789 -0.344976 -0.454372
0.469491 -1.130908 0.554942 -0.775618 0.161315 -0.127777 1.081566 -0.585676 0.044602 0.150920 -0.425505 -0.373298
-0.112599 -0.353161 0.669620 -0.474907 0.294460 -0.387087 -0.168037 -1.141781 0.769656 -0.600960 0.466579 0.498372
-0.503927 -0.402028 1.003075 -0.235432 0.454564 -0.729818 0.184556 -0.951987 0.606735 -0.195461 0.124381 -0.089181
0.251517 0.101964 -0.412910 -0.445285 0.280883 -0.829016 -0.237913 -0.849157 1.114209 0.070458 -0.648961 -0.507358
0.602038 -0.521535 0.570150 -0.995978 -0.173200 -0.609008 0.260085 -0.894491 0.934854 0.463715 -0.449657 -0.601738
0.259774 -0.133642 0.768970 -0.552720 -0.518225 1.521381 1.267228 -0.404270 0.443227 0.105196 -0.213302 -0.359077
0.037902 -0.781913 0.393821 -0.714769 -0.278484 1.330344 1.101547 -0.725186 0.736345 0.362481 -0.115341 -0.049521
0.164066 -0.241106 0.836889 -0.114948 -0.525801 1.405678 1.195702 -0.383880 0.342013 0.317132 -0.208147 -0.734280
0.055087 -0.199265 0.587100 -1.018165 -0.358420 1.173486 1.003939 -1.054870 0.581386 0.007013 0.202897 -0.047873
-0.143424 -0.744830 0.320474 -0.724569 -0.240272 1.382763 1.085396 -0.966374 0.767148 0.354216 -0.157047 -0.063768
0.150615 -0.439286 0.793023 -0.510916 -0.411003 1.409206 1.083179 -0.444803 0.385819 0.259172 -0.117534 -0.232841
0.034821 -0.190708 1.004235 -0.312599 -0.380227 1.371367 1.013427 -0.398284 0.419157 0.311171 -0.150590 -0.328349
0.509087 -0.862250 0.099022 -0.977991 0.259347 1.490804 0.981315 -0.490758 0.556745 0.547966 -0.388553 -0.146936
0.040378 -1.036594 0.337530 -0.463373 -0.247775 1.385489 1.093619 -0.798945 0.682021 0.489161 -0.372289 -0.129424
0.422539 0.011654 1.102308 0.238382 -0.059275 1.513778 1.338539 -0.110442 0.081008 0.888320 -0.511927 -0.883422
-0.046429 -0.578156 0.349164 -1.003998 -0.293579 1.465876 1.264670 -0.877978 0.791790 0.253178 -0.376887 0.117115
-0.381492 -0.098731 1.001270 -1.118097 -0.613129 0.980571 0.400634 -0.986716 0.608741 0.583121 -0.192346 0.246447
0.282479 0.120199 0.769208 -0.512998 -0.773555 1.212280 1.275680 -0.387312 0.333823 -0.064278 -0.183952 -0.414245
0.108382 -0.449941 0.495203 0.151761 -0.403328 0.561474 0.864661 0.247981 1.251080 -0.232656 0.250217 0.482956
0.101943 -0.085847 0.841090 -0.257531 -0.699280 1.350952 1.232028 -0.547775 0.502793 0.316672 -0.231340 -0.480581
0.156446 -0.514592 0.247568 -0.900875 -0.313923 1.319981 1.212424 -0.561260 0.533452 0.256000 -0.131772 -0.172172
0.584977 0.027061 0.523745 -1.161592 -0.557299 1.083916 1.186918 -0.648603 0.350479 0.279804 -0.001882 -0.673447
-0.048534 -0.594804 0.427642 -0.810473 0.107732 1.227734 0.749592 -0.945182 0.777872 0.910223 -0.131707 -0.391891
-0.235887 -0.166358 0.370882 -1.439128 0.049180 0.881712 0.809057 -1.063741 0.112590 0.832642 -0.427870 -0.442562
0.125252 -0.362173 0.541285 -0.782014 -0.309486 1.406482 1.204209 -0.658296 0.563369 0.222577 -0.361395 -0.160092
0.144270 -0.485046 0.537870 -0.800632 -0.276963 1.530515 1.159692 -0.574968 0.536877 0.397613 -0.191218 -0.227036
0.318216 -0.131237 0.745658 -0.501514 -0.547685 1.463624 1.201000 -0.303673 0.393101 0.086197 -0.155713 -0.428616
0.401551 -0.112060 0.737268 -0.436282 -0.491935 1.418198 1.100594 -0.148364 0.235435 0.180103 -0.073749 -0.554489
0.202347 -0.538565 0.572661 -0.629641 -0.323796 1.550081 1.237831 -0.553470 0.554886 0.294920 -0.290606 -0.224636
0.382703 -0.221691 0.960668 -0.270321 -0.390016 1.589548 1.099097 -0.270730 0.354153 0.508569 -0.218268 -0.498711
-0.160828 -0.471916 0.843467 -0.882641 -0.261429 1.572077 1.345184 -0.942041 0.661821 0.314256 -0.364507 0.089081
0.271624 -0.097837 0.940495 -0.347690 -0.613406 1.498497 1.130048 -0.420927 0.495219 -0.028404 -0.284982 -0.622055
0.436420 -0.310847 0.867715 -0.586462 -0.304489 1.167467 1.094455 -0.507407 0.547951 0.244555 0.000315 -0.439361
-0.179291 -0.696754 0.904198 -0.797429 -0.353522 1.258717 1.191595 -0.893804 0.745807 0.472998 -0.209766 0.084134
0.144348 0.018312 0.398815 -0.297731 -0.587485 1.335094 1.020520 -0.218467 0.204512 0.383670 -0.226717 -0.434296
0.132463 -0.232218 0.578917 -0.683394 -0.570268 1.375156 1.293307 -0.592414 0.539730 0.098838 -0.277077 -0.182103
0.315196 -0.316559 0.733556 -1.027636 -0.269258 1.475431 1.087994 -0.582105 0.476083 0.501098 -0.229999 -0.265723
0.255565 -0.660137 0.730273 -0.227922 -0.097554 1.623424 1.198237 -0.623010 0.540872 0.656835 -0.369803 -0.523221
0.434189 0.559791 0.984177 -1.058253 -0.348202 1.029871 0.836840 -1.135498 0.415212 1.096412 0.131768 -0.484886
0.212919 -0.254784 0.582777 -0.832137 -0.479335 1.428683 1.276857 -0.551056 0.518791 0.219907 -0.350443 -0.046698
0.290554 -0.421461 0.653645 -0.505621 -0.462554 1.442393 1.245609 -0.485449 0.506804 0.131948 -0.159297 -0.324463
