-0.012970 0.182680 0.485309 -0.642979 0.365819 -0.449089 -0.099535 -0.247921 1.146809 0.029882 -0.125770 0.470587
0.813617 0.170072 0.981139 -1.029482 0.399768 -0.607015 0.191011 -0.248346 0.061899 0.121641 -0.594685 -0.008375
-0.171070 -0.436083 0.621654 0.184501 -0.609074 0.206611 0.710221 -0.425253 0.867199 -0.124582 -0.256820 0.817538
-0.448249 -0.519869 -0.057594 -0.793049 -0.676612 -0.400900 -0.845834 -0.460865 0.556594 0.579818 0.332400 -0.528471
-1.207583 -0.495682 0.866358 -0.117469 0.031670 -0.235270 -0.224141 -0.464911 0.842281 -0.533221 0.329699 0.369648
-0.688462 -0.388705 0.809700 -0.322476 0.426713 -0.421251 -0.469210 -0.416426 0.484906 -0.156733 0.305993 -0.323834
-0.509844 -0.759873 0.479527 0.309836 -0.773259 -0.514163 0.301089 0.495411 0.638452 0.302272 0.036862 0.124774
-0.834146 -0.234269 0.306489 -0.257128 1.139301 -0.082327 -0.463592 -0.691224 0.121844 -0.087218 0.492470 -0.551651
-0.617565 -0.464018 0.512395 -0.428233 -0.670315 -1.544328 -0.163962 -0.400722 1.195413 -0.077353 0.035621 -0.286704
0.030238 0.167486 0.845998 -0.405770 -0.341200 -0.264151 0.788542 -0.490732 -0.538630 0.012540 -0.356137 -1.103763
0.778126 0.333627 1.262723 -0.235395 0.104077 -0.702580 0.124467 -0.570715 0.087358 0.015146 -0.046071 -0.677713
-0.450059 -0.501645 0.447292 -0.105955 0.188206 0.327524 -0.706819 0.383527 0.267264 0.397967 0.269049 0.987678
0.605828 -0.310882 0.488140 0.015642 -0.136198 -0.072064 -0.203123 0.010984 0.046714 -0.351253 0.424672 -0.437228
-0.106468 -1.162737 0.780687 0.305049 -0.017221 -0.158296 0.181062 -0.299222 0.685716 -0.341532 -0.188908 -0.268240
-1.336029 -0.139635 0.855114 0.376704 -0.599643 -0.563790 -0.189887 0.117999 0.838492 0.105887 -0.118249 0.428598
-0.089679 -0.510277 0.477712 -0.563256 -0.861121 0.407943 0.323914 -0.181301 0.796889 -0.332567 -0.371769 -0.408751
0.128065 -0.548886 0.499677 -0.323904 0.096833 -0.630106 -0.052475 0.133256 0.314431 0.436731 0.711028 -0.232079
-1.467620 -0.779504 0.129586 -0.544187 0.121978 0.188180 -0.521651 -0.408004 0.649790 0.312268 0.620682 0.063911
-0.435795 -0.360240 1.136774 -0.266685 -0.155359 -0.164668 -0.140060 -0.383924 0.682212 -0.701001 -0.329878 -0.678676
-0.035872 -0.918809 1.175721 -1.008830 0.181907 -0.036047 -0.138245 -0.512055 0.715416 -0.573308 0.434896 0.052637
-0.729677 -1.042669 0.498135 -0.388734 -0.052718 -0.364853 0.468231 -0.772121 0.275023 -0.448675 0.000451 -0.145439
-0.071357 -0.606672 -0.076442 -0.182307 0.481265 0.233883 -0.407412 -1.352646 0.473273 0.138753 0.075429 -0.197052
-0.972983 -0.847179 0.015454 -0.329097 0.286555 -0.455190 0.104087 -0.466311 0.621591 -0.660789 0.074195 0.305571
0.490116 -0.288256 1.240907 -0.959130 0.699161 0.076330 0.423169 -0.558542 -0.509254 -0.131426 -0.432427 -0.348401
0.060892 -0.952781 0.639370 0.281470 -0.041324 0.228538 0.309249 0.011017 0.522948 0.174658 0.047425 0.004153
-0.722657 -0.453365 0.671578 -0.699581 -0.600373 -0.407439 0.069903 -0.204050 1.043211 0.573438 0.413604 -0.168676
-0.099815 -0.532548 0.200751 0.095342 0.193229 -0.414221 0.997183 -0.577392 0.473449 -0.846524 -0.375549 0.257628
0.142768 -1.251421 0.994184 -0.728402 -0.213958 -0.229485 -0.327423 0.192573 0.354074 0.568305 0.169768 0.492161
-0.347422 -1.375331 1.425585 -0.482552 0.047471 0.450501 0.201106 -0.369823 0.330118 -0.130494 -0.140739 -0.158523
-0.710154 -0.188758 0.891976 -1.148556 -0.291914 0.361049 -0.441098 -0.704980 0.961977 -0.039983 -0.251643 0.256572
-0.177345 -1.353496 0.251272 0.269850 0.090814 0.324632 -0.022281 0.110153 0.546489 -0.821518 -0.308763 0.680476
0.631079 -0.509760 0.281906 -0.089825 -0.288782 -0.227423 0.009139 0.020586 0.864656 -0.488322 -0.856488 -0.125852
-0.417127 -0.173736 0.500504 -0.143680 -0.282965 0.166225 -0.162711 0.314351 0.497149 0.681692 0.577146 0.078944
-1.218609 -0.338061 0.273431 -0.369795 -0.969516 -0.093477 -0.288079 -0.030930 0.640125 0.204771 -0.259564 0.164297
-0.654215 -0.878720 0.166499 -0.042375 0.311486 -0.396467 0.324460 -1.004121 -0.115975 -0.258010 0.125643 -0.611828
-0.308388 -0.787343 1.325386 -0.809217 -0.093687 -0.135413 0.131649 -1.162885 0.221990 -0.176452 0.023211 -1.244436
0.261399 -0.870266 0.412016 0.203814 -0.349655 -0.198711 0.144008 -0.542461 0.920398 -0.308482 0.213168 -0.227210
0.088944 -1.134614 0.560699 -0.313150 -0.397554 0.169586 0.009262 -0.098817 0.349284 -0.477135 0.358026 -0.134071
-0.703886 -0.819064 0.445382 -1.295615 0.076453 0.032435 -0.117796 -0.559032 0.838307 0.109364 0.174342 0.245236
-1.495785 -0.797578 0.874430 -0.855926 -0.805065 -0.636493 -0.882383 -0.799816 0.640815 0.457196 0.506819 0.278938
-0.371280 -0.539804 0.682965 -0.520602 -0.395822 -0.112511 0.140049 -0.344413 0.336569 0.078289 -0.232339 -0.561506
-0.408466 -0.441615 -0.161697 0.405479 0.132935 -0.422479 0.185688 -0.840642 0.558804 -0.132941 -0.255879 -0.514481
0.032645 -0.726943 0.763729 -0.764315 -0.057884 -0.580656 -0.185922 -0.325398 0.461924 -0.613833 0.116038 -0.105407
-0.896216 -0.583952 0.329623 -0.600494 -0.499960 -0.910567 -0.563565 -0.664757 0.555993 0.988638 0.438151 -0.017933
-0.269018 -0.722573 0.681523 -0.810825 -0.300944 -0.135664 0.190982 -0.459832 0.761519 0.019101 0.455843 -0.284292
-0.538529 -0.833625 0.292415 -0.422352 -0.378207 0.038657 0.168732 -0.786747 0.777243 0.632827 0.060549 0.426619
-0.984201 -1.411057 0.625119 -0.602035 -0.151392 -0.358999 -0.101266 -0.304841 0.861011 -0.085259 0.190955 0.006926
-1.248190 -0.730054 0.380593 -0.360906 -0.150692 -0.181844 -0.791701 -0.639692 1.069760 0.481704 0.721026 0.133182
-1.038904 -0.555649 0.799433 -0.473091 -1.141013 -0.410585 -0.177656 -0.130200 0.391473 -0.112216 -0.092974 -0.307662
-0.634012 -0.472285 0.556016 -0.652494 -0.324512 -0.588813 0.023058 -0.693781 0.578044 0.576586 0.092261 -0.252311
0.121635 -0.001042 0.610350 -0.060747 -0.152508 -0.137026 0.590528 -0.317165 0.713302 -0.171031 -0.512228 0.119420
0.059953 -0.945771 0.218815 -1.458661 -0.617340 -0.074525 0.516171 -0.848777 1.161548 -0.161975 0.139674 0.203994
0.060887 -0.084515 0.206716 -0.122059 -0.291809 0.239140 0.433189 -0.167746 0.864002 -0.114394 -0.725687 -0.253671
-1.032187 -0.360274 0.992097 -0.477447 -0.715417 -0.594759 -0.044273 -0.057797 0.272132 0.702991 0.374036 0.296367
-0.870036 -0.414238 0.118942 -1.614706 -0.215446 -0.716274 -0.594988 -0.721154 0.561124 0.760908 0.465446 -0.477324
-0.007559 -0.339866 -0.075219 -0.823568 -0.321353 -0.548579 -0.586172 0.418104 0.895309 0.381272 -0.088384 0.574521
-1.410630 -0.300485 0.728946 -0.235231 -0.505520 -0.956971 -0.921681 0.347092 0.736907 0.432406 0.491569 0.288466
-0.468039 -0.402309 0.924597 0.497164 -0.121386 0.134803 0.754357 -0.097568 1.276521 -0.264809 -0.391740 -0.212247
-0.713403 -0.583441 1.041748 -0.376902 -0.905924 -0.739011 0.232877 -0.529376 0.596939 -0.383824 0.115650 -0.294630
-0.147786 -0.895848 1.091713 -0.897130 0.025076 -0.278874 0.622768 -0.873812 0.706391 -0.360776 0.054393 -0.000677
-0.875638 -0.671669 0.557269 -0.070630 0.013232 -0.998494 -0.290769 -0.221885 0.813706 -0.010880 -0.147945 0.079490
-0.338681 -0.927725 0.725797 -1.230960 0.167442 -0.853232 -0.303707 -1.038747 0.350730 0.186756 0.323962 0.245550
-1.032486 -0.602782 0.213123 -0.484022 -0.557193 -0.645364 0.079746 -0.251030 0.337756 0.845394 0.097996 -0.182074
-1.284373 -0.471379 0.016948 -0.889375 -0.739171 -0.583847 -0.237065 -0.355395 0.612366 0.538332 0.340326 0.146767
-0.970502 -0.137569 0.240433 -1.020588 -0.497884 -0.904093 -0.191310 -0.554238 0.436130 0.565544 0.473047 0.293193
0.074351 -0.642016 0.860912 -1.089734 0.283252 -0.100234 0.192538 -0.927681 0.427880 -0.549412 -0.219165 0.098529
0.165759 -1.017964 0.846928 -0.742362 -0.087802 0.117687 0.173942 -0.199924 1.048220 -0.758006 -0.238187 0.568295
-1.011320 -0.614111 0.929155 -0.433153 -0.559510 -0.336023 0.189730 -0.179784 0.567380 0.353513 0.110645 -0.070789
-0.175440 -0.153820 0.588936 -0.062022 0.497075 -1.112104 0.246184 -0.800362 0.179721 0.214500 0.417361 -0.600521
-0.579774 -0.821783 0.548879 -0.351180 0.298062 -0.270874 -0.074276 -0.939646 1.392263 -0.070987 0.263438 -0.142842
-1.028733 -0.148737 0.718425 -1.080096 -0.072066 -0.434690 -0.318714 -0.463272 -0.169359 0.692833 -0.074883 -0.539296
-0.486412 -0.734689 -0.306161 -0.623162 0.562254 -0.168525 0.262170 -0.558458 1.089138 -0.033465 0.169331 0.020775
-0.280879 0.348601 0.217440 -0.968500 0.334584 -1.193283 -0.662860 -0.589614 0.657903 1.284605 0.432143 0.277967
0.157650 -0.724960 1.189729 -0.714400 0.127467 -0.649698 0.298258 -0.642681 0.106597 0.410565 -0.237146 -0.483151
-1.166614 0.037935 0.879165 -0.349491 -0.085758 -0.740108 -0.598919 -0.317982 0.862590 0.782470 0.363110 0.113274
-0.269125 -0.407950 0.766337 -0.705988 -0.194299 -0.026852 0.537740 -0.422436 0.935407 -0.101796 -0.175231 0.346435
-0.555320 -0.595278 0.539346 -1.261739 -0.404799 -0.405784 0.029806 -0.395201 0.354779 0.775204 0.092641 -0.333168
-0.547656 -1.015885 0.228609 0.059688 0.720802 -0.163164 0.271530 -0.174221 0.703149 0.114001 0.467181 0.137692
-1.218078 -0.616617 0.877887 -0.874576 0.193655 -0.136989 0.059912 -0.990309 0.558956 0.067766 0.326373 -0.096772
-1.094444 -0.570315 0.452320 -0.090252 -0.358159 -0.822405 -0.195693 -0.548151 0.761860 -0.000408 0.048314 -0.014523
-0.519140 -0.016753 0.462422 -0.528765 0.009966 -0.912312 -0.362919 -1.128299 0.601443 0.105736 -0.218000 -0.188576
-0.448852 -0.388293 0.881538 -0.717431 -0.113946 -0.733261 0.307240 -0.825558 0.101868 0.171504 -0.277066 -1.008584
-0.422138 -0.905811 0.537077 -0.796047 0.038962 -0.545295 0.461847 -0.339832 0.485655 0.163798 -0.044267 -0.479116
-0.718309 0.341289 0.962672 -0.177466 -0.973977 -1.714979 -0.472151 0.211852 0.194119 0.549390 0.131886 -0.588670
-0.555425 0.281632 0.910528 -1.048062 -0.797996 -1.247655 -0.302436 -0.435209 0.479596 0.546869 0.438742 0.230223
-0.076266 0.545198 0.328592 -0.444366 -0.353379 -0.797736 -0.404541 -0.408116 0.316712 -0.680016 0.178845 -0.339792
-0.648194 0.177375 1.545942 -1.084951 0.666763 -1.054842 0.173175 -0.568845 0.594216 0.124570 0.073986 -0.612973
0.228174 -1.153043 0.726602 -1.322958 0.058888 -0.092501 0.166547 -0.464261 0.928243 -0.392285 0.402907 -0.633914
0.099996 -0.537285 0.585702 0.183194 0.678783 -0.476453 0.501908 -1.272378 0.064246 -0.263819 -0.288784 -0.346283
-0.260636 -0.752608 0.102804 0.125011 0.002880 0.132634 0.009509 -0.147419 0.192693 0.163280 0.476111 0.518104
-0.765817 -0.862076 -0.157167 0.233824 -0.020153 -0.076243 0.630504 -0.590358 0.609524 -0.043416 -0.148163 -0.039673
-0.617565 -0.464018 0.512395 -0.428233 -0.670315 -1.544328 -0.163962 -0.400722 1.195413 -0.077353 0.035621 -0.286704
0.373988 -1.054971 0.807874 0.071956 -0.270332 0.162101 0.441906 -0.659455 0.103187 -1.049578 0.042053 -0.693878
-0.567263 -0.602981 0.624482 -0.137997 -0.022660 -0.364251 0.500261 -0.670497 0.370720 0.042662 0.050385 -0.327497
0.535325 -0.526906 0.260660 0.773033 0.280311 -0.744430 0.720668 -0.437548 0.542505 -0.384727 -0.782914 0.094121
0.205274 -0.423238 0.229083 0.162553 -0.628770 0.403622 0.453884 -0.163882 0.068853 -0.031816 0.040378 -0.186836
-0.063358 -0.924924 -0.013425 -0.246424 0.394305 -0.086759 0.130649 -0.501209 0.129881 -1.008995 -0.300634 0.337340
0.130063 -0.764986 0.368777 -0.386101 0.226914 -0.362519 0.468320 -0.489545 0.392589 -1.559380 -0.988936 0.028364
-0.729677 -1.042669 0.498135 -0.388734 -0.052718 -0.364853 0.468231 -0.772121 0.275023 -0.448675 0.000451 -0.145439
0.914116 -0.369741 0.474571 -0.466044 0.214466 0.015718 0.722668 -0.413638 -0.022087 -0.673563 -0.910965 0.082308
0.572356 -0.238096 0.431965 -0.766769 0.292487 0.339429 0.750680 -0.616626 0.372489 -0.663196 -0.744852 0.406640
-1.194648 0.679567 0.684255 -0.054766 -0.412215 -0.100514 0.038024 -0.154813 0.009493 0.190571 -0.789402 0.025187
-0.216808 0.126664 0.537837 -0.924591 -0.237672 -0.694272 0.264584 -0.516641 0.455959 0.456498 0.374820 -0.378190
-0.836710 -1.637337 0.781327 -0.033939 -0.020908 -0.451513 -0.188514 -0.269498 0.638615 -0.637324 0.457407 0.336524
0.120010 -0.943238 1.349802 -0.850426 0.360910 -0.214249 0.123586 -0.622632 0.394326 -0.202442 0.145936 -0.174383
0.429164 -1.067988 0.596124 -0.853959 0.324025 -0.104818 0.507931 -0.272775 0.002156 -0.514442 -0.181852 -0.214326
0.365453 -0.671082 0.861066 0.168533 0.173982 -0.363916 0.671742 0.401189 0.507303 -1.196829 -0.505378 0.001227
-0.102967 -0.785787 1.235210 -0.192353 0.702782 -1.007980 -0.378248 -0.933422 0.852803 -0.310359 0.379033 0.595628
-0.660575 -0.379780 0.159734 0.512108 0.016331 -0.556060 -0.390506 -0.608975 0.291801 -0.222636 -0.166700 0.529615
0.283031 -0.635171 1.354685 -0.689374 -0.202953 0.238228 0.426803 -0.149421 0.505555 -0.422524 -0.761851 -0.324640
-0.051159 -0.648149 0.869778 -0.637856 0.563627 0.012274 0.202581 -0.803193 0.364348 -0.629588 -0.417884 0.131059
-0.091871 -0.923548 0.764040 -0.508034 0.101130 -0.254632 -0.005064 -0.494563 0.401720 -0.814251 0.075643 0.445991
0.522302 -0.838023 0.764618 -0.964661 0.473153 0.101064 0.091385 -1.492693 0.658128 0.393244 0.132413 0.106531
0.199939 -0.573187 1.175296 0.037324 -0.110522 -0.985038 0.531154 -0.064968 0.645662 -0.088887 -0.070055 -0.582810
0.308057 -0.768725 0.520177 -0.597096 0.295123 -0.570023 0.435611 -0.489976 0.480990 -0.440282 0.037299 -0.371714
-0.848703 -0.036116 0.193645 -0.853609 -0.471248 -0.661660 -0.344009 -0.118544 0.864202 0.290303 0.129263 0.154214
-0.447261 -0.356419 1.030324 -0.270449 -0.043508 0.006552 -0.327682 -0.145508 0.722085 0.086395 -0.073987 0.207320
-0.113083 -1.068460 0.658489 0.660122 0.288254 -0.063382 -0.654736 0.419451 0.238976 -0.628521 -0.213059 0.677329
-0.798996 0.704628 0.415851 -0.923354 -0.895964 0.402039 -0.533952 0.030098 -0.151619 0.491734 -0.351345 0.351651
-0.400377 -0.442164 1.405947 0.202728 -0.024732 0.084802 0.107927 -0.082937 0.557467 -0.163345 -0.117337 -0.483044
0.445751 -0.681178 1.184002 -0.216966 0.060097 0.083138 -0.238475 -0.539852 0.875362 -0.344526 0.268772 -0.249376
-0.364921 -1.306716 0.333508 0.454463 0.138118 -0.193591 0.223157 0.065400 0.464154 -1.074163 -0.577194 0.152485
-0.610808 -0.378942 0.377937 -0.192024 0.223020 0.057135 -0.241967 -0.728666 0.026828 0.348025 -0.316229 -0.023829
-0.397454 -0.302911 0.362645 -0.394683 -0.310477 0.297526 0.059710 -0.218432 0.303699 0.270652 -0.043408 -0.238043
-0.002918 0.560929 0.191858 -0.001330 0.096894 0.581957 -0.216066 -0.017080 0.365062 0.104963 -0.200695 -0.486132
0.207607 -0.913373 0.187614 0.226566 -0.214867 -0.108838 0.362858 0.099867 0.872402 0.034341 0.497346 0.140339
0.426073 -0.063214 1.142860 -0.737875 0.499473 -0.009510 0.519157 -0.803180 0.466250 0.479117 -0.617182 0.035472
-0.289455 -0.169979 0.210148 -0.095477 0.434134 -0.345280 0.038789 -1.083315 1.045677 0.360544 0.321946 0.277718
0.293988 -0.562355 0.139679 -0.281507 -0.053722 0.228836 -0.501479 0.142791 1.287014 0.082470 -0.029998 -0.015277
-0.464103 -0.927274 0.180210 -0.655743 -0.212122 -0.410009 0.266615 -1.033436 -0.107383 -0.571932 0.184296 -0.265043
0.225032 -1.065541 0.219596 0.067524 0.489182 0.697736 0.713249 -0.553782 0.381730 0.172532 -0.355907 0.352858
-0.817595 -0.911906 -0.168417 -0.143032 0.681258 -0.480629 0.102506 -0.587670 0.616260 -0.582776 -0.039600 0.293754
-0.163306 -0.083538 0.522630 0.150691 -0.010492 0.511781 0.230230 0.164950 0.419447 -0.453456 -0.271124 0.338577
-0.038638 -0.405041 0.898187 -0.133975 0.116052 0.504902 0.560448 -0.426474 0.329875 0.056991 -0.167426 -0.418017
-0.235494 -0.567911 1.019601 -0.142841 -0.415157 0.311546 0.036804 0.115596 0.567202 -0.616382 0.210569 0.088874
0.066946 -0.917876 0.558311 -0.458117 -0.409556 0.114462 0.327189 -0.190859 0.689109 -0.838949 0.413337 0.024675
-0.079692 -0.799904 0.506340 -0.111059 -0.167676 0.636876 0.595901 -0.485073 0.410209 -0.682878 0.101501 0.336616
-0.017946 0.879687 0.500685 -1.175857 -1.218405 -0.576586 -0.303712 -0.214336 -0.203095 1.009798 0.272043 -0.394259
-0.236818 -1.278794 0.879757 0.327161 0.073466 -0.655378 -0.716226 0.235113 0.206063 -0.953034 -0.194834 0.333479
-0.670449 -0.946843 0.173077 -0.297988 0.447737 -0.371289 0.329047 -1.001016 0.209028 -0.091621 0.127945 -0.430449
-1.016360 0.634286 0.539819 -0.029098 -0.564572 -0.701130 -0.393393 -0.347992 0.433713 -0.199643 0.365718 0.493769
-1.081227 0.285148 0.551237 -0.346191 -0.264295 -0.806219 -0.146197 -0.114319 0.061054 0.397605 0.493204 0.377674
-0.434813 -0.021437 0.340595 -0.403907 -0.535897 -0.333910 -0.209960 0.242160 0.188667 0.191026 0.326527 -0.092408
-0.391322 1.163706 1.180247 0.168858 -0.443657 -0.176918 -0.307310 0.278185 0.793073 0.482506 -0.046825 0.051937
-1.219995 -0.421593 0.521653 -0.619112 -0.504452 -1.171024 -0.505597 -0.311914 0.702453 0.406530 0.770780 0.214301
0.426530 -0.793028 -0.199401 0.404194 0.343722 0.025708 -0.207548 0.492175 0.854147 -0.224529 -0.131716 0.898780
-0.070088 -0.944648 0.665316 -0.635404 -0.156482 0.102918 0.428376 -0.287729 0.911618 -0.004741 0.618312 -0.056206
-0.246018 -0.493533 0.100044 -0.571634 -0.133755 0.590124 -0.238733 0.211093 0.749194 0.128972 0.395520 -0.191160
-0.656934 -0.976212 0.245284 -0.132497 -0.150975 0.117408 0.040508 -0.218474 0.602425 -0.216101 0.594697 0.170502
-0.968733 -0.731502 0.737242 -0.576921 -0.115761 -0.621713 -0.100267 -0.622021 0.479192 0.453483 0.554599 0.164727
-0.480556 -1.049939 0.525670 -0.146233 -0.147887 -0.020177 -0.191256 0.029791 0.741078 -0.202716 0.385081 0.392482
-0.151313 -0.307462 1.066284 -0.853424 -0.787653 0.023253 -0.207355 -0.353098 0.225829 0.073131 -0.137737 -0.442340
-1.325929 0.355475 0.561626 -0.472520 -0.459328 -0.591536 -0.628337 -0.455744 0.472508 0.412101 0.206490 0.258732
0.146890 -0.218431 0.334162 0.508347 0.009779 -0.193771 0.563744 -0.365943 -0.315621 -0.071920 -0.031002 -0.118262
-0.637208 -0.793510 0.310221 -0.794344 -0.394397 -0.361186 0.110841 -0.846983 0.096221 0.425773 -0.162111 -1.330286
-0.329711 -0.334078 0.456053 -1.323067 0.375144 -0.418398 0.298306 -1.659858 1.034888 -0.012193 -0.472983 -0.073014
0.207506 -0.538339 0.358635 -0.840470 -0.151046 0.003317 0.480800 -0.755840 0.239415 -0.033596 -0.032023 -0.808807
-0.283715 -1.071726 1.286878 -0.121743 -0.024058 -0.230226 0.494777 -0.862687 0.129919 -0.299697 -0.332800 -0.683769
-1.194476 -0.229881 0.887763 -0.077052 -0.400669 -0.475633 -0.426372 -0.200976 0.686008 -0.690560 -0.239312 0.293390
-0.644726 -0.610216 0.854388 -0.869772 0.451396 -0.876147 -0.679932 -1.027855 0.547438 0.669960 0.498923 -0.125053
-0.283306 0.073025 0.397853 -0.545628 0.586672 0.148358 0.249850 -1.039806 0.813715 0.742641 -0.087129 0.167735
-0.957043 -0.057081 0.601942 -1.030517 -0.416092 -0.428871 -0.283826 -0.195080 0.654426 0.141928 0.331441 0.458363
-0.928468 -0.499061 0.465540 0.004471 0.354919 -0.965860 0.478292 -0.763151 -0.025307 0.428075 0.389904 -0.258204
0.234457 -0.597653 0.576826 -0.731928 0.070225 0.938865 1.007270 -0.633985 0.969305 0.391875 -0.173603 -0.065190
-0.098143 -0.799556 0.452583 -0.727854 -0.321385 1.386831 1.232681 -0.763677 0.750766 0.270739 -0.287230 -0.090782
0.289473 0.023503 0.890271 -0.472071 -0.563273 1.335565 1.018551 -0.201924 0.377515 0.216620 -0.154547 -0.392264
0.277868 -0.389323 0.419334 -0.866128 -0.427014 1.442030 1.307656 -0.542571 0.491265 0.063388 -0.174383 -0.041161
-0.493795 -0.599816 0.967743 -0.187886 -0.161379 0.487399 0.699670 -1.003300 0.607208 0.063037 -0.337823 0.051469
0.226651 -0.955029 0.187538 -0.407651 -0.053725 0.998720 1.052669 -0.479986 0.560760 0.526393 -0.155711 -0.637033
0.249551 -0.112352 0.599370 -0.600733 -0.517345 1.501718 1.328266 -0.519083 0.550948 0.247366 -0.194511 -0.370972
0.170702 -0.037168 0.692835 -0.617505 -0.646698 1.357657 1.345357 -0.521927 0.457140 -0.095900 -0.158318 -0.237003
0.255380 -0.589298 0.561474 -0.532217 -0.288220 1.513917 1.191392 -0.520809 0.558444 0.394590 -0.187859 -0.323887
-0.040914 -0.534157 0.439924 -0.909365 -0.374723 1.493542 1.196268 -0.705043 0.721016 0.198183 -0.374022 0.005562
-0.144333 0.000447 0.479479 -0.584459 -0.214443 0.854577 1.544746 -0.460475 0.399843 0.229009 -0.074485 -0.564701
0.364714 -0.525234 0.601162 -0.414971 -0.382234 1.455225 1.287402 -0.475536 0.439474 0.418602 -0.161398 -0.374271
0.423211 -0.410163 0.705655 -0.169164 -0.278939 1.510275 1.090153 -0.195260 0.229158 0.398876 -0.224180 -0.621206
0.242888 -0.348499 0.530187 -0.633001 -0.528798 1.429241 1.369246 -0.535613 0.706938 0.009263 -0.162968 -0.355682
0.013122 -0.437234 0.342423 -1.053657 -0.432136 1.368286 1.282205 -0.740738 0.753367 0.103008 -0.304654 0.126226
0.149535 -0.360579 0.574630 -0.816751 -0.630741 1.210039 1.192202 -0.644632 0.588654 0.071353 -0.144447 -0.050982
0.391999 -0.094115 0.863692 -0.308157 -0.452567 1.425591 1.226091 -0.386276 0.408854 0.254567 -0.158672 -0.570744
0.183603 -0.130162 0.950658 -0.849501 -0.382746 1.465807 1.130706 -0.651518 0.537472 0.286789 -0.191517 -0.129198
0.246899 -0.736110 0.779095 0.071379 -0.246114 1.547426 1.075019 -0.533641 0.335433 0.463020 -0.386312 -0.618390
-0.068128 -0.454286 0.731251 -0.691757 -0.101087 1.262244 1.183292 -0.761375 0.624043 0.245068 -0.309774 0.049461
0.042313 -0.224395 0.791698 -0.726126 -0.451838 1.122688 1.321936 -0.476945 0.710715 0.102967 -0.267189 -0.321405
-0.138170 -0.263478 0.669231 -1.024360 -0.026230 1.684221 1.004902 -0.767870 0.591369 0.432910 -0.394830 0.261716
0.125838 -0.852156 0.358603 -0.801392 -0.342620 0.957077 1.057586 -0.954023 0.907228 0.015248 -0.278533 -0.119606
-0.098757 -0.598207 0.638495 -0.936953 -0.056622 0.924368 1.349710 -0.495498 0.354712 -0.006669 -0.104814 -0.092845
-0.099034 -0.549292 0.680194 -0.855611 -0.184403 1.655746 1.127789 -0.514062 0.834749 0.448597 -0.294351 -0.002415
0.173360 -0.184511 0.663922 -0.696007 -0.634666 1.434139 1.232378 -0.450449 0.502804 -0.005507 -0.183842 -0.248440
0.140922 -0.431469 0.580823 -0.447630 -0.455730 1.155195 1.292458 -0.662711 0.682210 0.273035 -0.271709 -0.232458
0.364714 -0.525234 0.601162 -0.414971 -0.382234 1.455225 1.287402 -0.475536 0.439474 0.418602 -0.161398 -0.374271
0.149520 -0.250098 0.796297 -1.270562 -0.203709 1.198537 0.926536 -0.869053 0.748719 0.057030 -0.060520 -0.057835
-0.019198 -0.732274 0.464335 -0.706189 -0.476888 1.458728 1.163757 -0.680778 0.638479 0.091228 -0.197834 -0.102147
0.374665 0.029798 0.787290 -0.418872 -0.557260 1.380416 1.205577 -0.249341 0.382473 0.130310 -0.099056 -0.493337
0.242169 -0.495643 0.579042 -0.425023 -0.442350 1.460584 1.250714 -0.624927 0.637780 0.366245 -0.098011 -0.244267
-0.372520 -0.278690 -0.224941 -1.343748 -0.162691 0.811674 0.639351 -0.221130 0.329927 0.639302 -0.328048 -0.041988
0.318511 -0.214726 0.708989 -0.425151 -0.325761 1.556518 1.205468 -0.372860 0.394088 0.440041 -0.307422 -0.469804
