-0.762864 -0.289005 0.458630 -0.848859 -0.178018 -0.533704 -0.588984 -0.579251 0.889464 0.759462 -0.136858 0.374132
-0.378176 -0.343623 1.008118 -0.697720 0.177287 -0.978287 -0.228684 -0.525929 1.187973 0.523163 0.402140 -0.266955
-0.472736 0.221603 0.320326 -0.982075 0.016474 -0.563723 -0.347378 -0.258922 0.763040 0.929776 0.376100 -0.046307
-0.078805 -0.306898 1.060965 -0.760305 -0.563460 0.335773 -0.621876 -0.469129 1.170223 0.675529 -0.544213 0.282813
-0.900419 -0.074406 1.100825 -0.614182 0.000185 0.190466 0.752040 -1.519650 0.318959 -0.224791 -0.040937 -0.223294
-0.501413 0.131661 0.108473 -0.237546 0.236920 -0.208487 0.072500 -0.153877 0.490847 -0.316493 -0.414618 -0.749142
-0.493690 -1.186646 0.908011 0.659639 0.061534 0.330493 -0.453689 0.191163 0.164020 -0.244417 -0.201086 0.371510
-0.007366 -0.755708 0.878647 0.423473 -0.309535 -0.393501 0.213362 -0.794931 0.471442 -0.517203 -0.098270 -0.229320
-0.426407 -0.336641 0.299463 -0.587654 -0.622963 0.591984 0.519249 -0.553083 0.587720 -0.057589 -0.063737 -0.126287
0.219543 -1.106817 0.806274 -0.197228 -0.216711 -0.016005 -0.261866 -0.568202 0.747781 -0.374637 -0.394163 -0.295929
-0.611065 -0.587829 1.126978 -0.432244 -0.598063 0.171795 0.119961 -0.342568 1.195117 -0.384033 -0.740094 0.844277
-0.544822 -1.317950 0.104716 -1.003517 -0.010959 -0.008145 -0.485586 -1.024710 0.511175 -0.521862 -0.182246 -0.180348
-0.508879 -1.298206 0.961554 0.356725 -0.242379 -0.143651 0.118206 -0.174761 0.723282 -0.156536 -0.606249 -0.438677
-1.373194 -0.113811 0.974371 -0.606148 -0.558301 -0.410280 0.165801 -0.220132 -0.277512 0.912683 0.083211 -0.316638
-0.906919 -0.252330 0.699910 0.036721 -0.902333 -0.460837 -0.339969 -0.251344 0.184365 0.102793 -0.136311 -0.043634
-0.477263 0.132944 0.672091 -1.376271 -0.616769 -0.197002 -0.785893 -0.783392 0.589946 0.647520 0.131399 0.317314
-0.613431 -0.121623 0.224117 0.087434 -0.091284 -0.770498 -0.272178 -0.091219 0.264822 0.293510 0.147892 -0.338021
-0.376044 -0.111134 0.994629 0.103597 0.310612 0.368461 -0.540302 -0.672762 0.562452 0.072671 0.293307 0.569934
-0.934538 -0.479584 0.586363 -1.049981 -0.732920 -0.319337 -0.459140 -0.106496 0.504447 0.340833 0.190946 0.000101
-0.234742 -0.850164 0.648957 -0.341931 -0.515881 0.052804 -0.084951 -0.541589 0.847037 0.343108 -0.375101 0.180754
-0.195914 0.352216 0.411924 -0.295090 -0.342709 0.150642 -0.011654 -0.016964 0.118252 0.403601 -0.256910 -0.016412
-1.491176 -0.146490 -0.317869 -0.034100 -0.779055 -1.373760 -0.659701 -0.063259 0.390245 0.399867 0.347665 0.176238
-0.848469 -0.406040 0.516501 -0.503359 -0.376967 -0.498394 -0.472602 -0.337717 -0.159034 0.015326 0.194153 -0.129719
-1.084199 0.090893 0.907303 0.205895 -0.439985 -1.390518 -0.269574 -1.402340 -0.061234 0.099617 -0.581394 0.059257
-0.484422 -1.200289 0.862579 0.074678 0.112664 -0.921020 -0.009701 0.217500 0.681282 0.206787 0.050162 -0.681023
-0.156033 -0.005481 0.626857 -0.653622 -0.198014 -1.011750 -0.095140 -1.012983 0.650849 0.608308 0.193493 -0.473385
-0.645867 0.372507 0.903767 -0.252748 -0.313175 -0.164100 -0.205632 -0.149403 0.509841 0.001031 -0.128734 0.148909
-0.769878 -0.503501 0.848123 -0.048299 -0.520275 -1.605365 0.069495 -0.543250 0.631323 0.844056 0.599896 -0.893262
-0.858672 -0.185983 0.979036 -0.276253 -0.556219 -0.226036 -0.166335 -0.346969 0.258198 0.548243 0.337307 0.185028
-1.309357 -0.004542 0.947208 -0.485927 -0.567693 -0.206077 -0.087706 -0.228849 0.378791 0.219429 0.347877 0.349631
-0.255348 -1.024674 0.191105 -0.481327 -0.152338 -0.110455 0.203707 -0.509579 0.579329 0.019929 0.127401 -1.028760
-0.835547 -1.121105 0.226350 -0.469900 0.113691 -0.706652 -0.883035 0.253050 0.431716 0.265098 1.072388 -0.118842
-0.876201 -1.194571 0.466498 -0.063673 -0.378811 -0.009394 -0.423784 0.170153 0.844001 0.026391 0.269428 0.790109
-1.054470 -0.412185 0.858777 -0.511172 -0.518699 -0.211672 -0.278706 -0.238687 0.639265 -0.293225 0.346735 0.851753
-1.386462 0.061621 0.391548 -0.596052 -0.041912 -0.526544 0.290970 -0.979655 0.643459 0.232674 0.296605 0.012038
-0.066839 -0.957873 0.054951 -0.419841 0.209532 -0.227386 0.626747 -0.511690 1.013488 0.049877 -0.248866 0.502681
-1.077132 -0.742593 -0.538362 -1.020105 0.281428 -0.529877 0.724217 -1.063698 0.341736 0.807755 0.225624 -1.013484
-0.725322 -1.079885 0.076292 -0.178652 -0.650027 -0.346597 0.545252 -0.543223 1.021125 0.236906 0.481816 0.006680
0.310207 -1.115817 1.083667 -0.892301 0.150008 -0.361635 -0.506035 -0.056309 0.375109 -0.715893 0.152168 0.237986
-0.839031 0.545756 0.574022 -0.358756 -0.502265 -0.975524 -0.227214 -0.187445 0.445830 0.389449 0.072499 -0.104880
0.498847 -0.414895 1.177239 -0.772978 0.392923 -0.431715 0.145136 -0.362067 0.275354 -0.604422 -0.107142 -0.247836
-1.141566 -1.109438 1.249944 -0.491842 -0.515283 -0.493379 -0.230101 -0.364725 0.929535 0.862581 0.531292 0.109580
-0.758116 -1.092330 1.198309 -0.010229 -0.625430 -0.170538 -0.322231 -0.185764 1.043089 0.426419 0.094157 0.283565
-1.495021 -1.173146 0.709926 -0.303693 -0.423633 -0.364026 -0.415529 -0.199809 0.853384 0.314114 0.799187 0.712834
-0.918524 -0.294219 0.072894 0.133568 -0.603445 -1.162681 -0.198625 0.124381 -0.111939 0.083870 -0.043066 -0.246032
-1.148720 -1.215091 0.935676 -0.076536 -0.512729 -0.243954 -0.309452 -0.264231 0.813130 0.404855 0.419935 0.471383
-1.212755 -0.978881 1.087624 -0.679926 -0.596707 -0.203441 -0.007618 -0.441229 0.656764 0.379507 0.378472 0.183428
-1.096300 -1.271477 0.928059 -0.314694 -0.565229 -0.171306 -0.321591 -0.339373 0.820065 0.501459 0.298641 0.413095
-1.090755 -1.106771 0.967450 -0.184254 -0.153707 -0.344018 -0.135104 -0.665344 0.800989 0.170289 0.798219 0.366480
-1.132603 -1.110268 1.031626 -0.479765 -0.696083 -0.335037 -0.210208 -0.137289 0.551337 0.563974 0.494613 0.228316
-1.320476 0.622169 0.745016 -0.062591 -0.718292 -0.817488 -0.591659 -0.036779 0.367119 0.603502 0.107033 -0.108558
-0.944758 -1.468359 1.153506 -0.190694 -0.353920 -0.440496 -0.171163 -0.018175 0.646007 0.256072 0.366740 0.076101
-0.405808 -1.064259 1.197253 -0.381398 0.114477 -0.479859 -0.051905 -0.165217 0.327530 -0.105751 0.140880 -0.092689
-0.650061 -1.191123 1.130637 -0.271495 -0.389493 -0.107990 -0.303512 -0.126376 0.745154 0.243771 0.334072 0.264385
-0.679868 -0.995605 0.259248 -0.817084 -0.447717 -0.021884 -0.519597 -0.426276 1.157815 0.241737 0.059558 0.102250
-0.568298 -0.895551 0.696360 -1.458212 0.328297 -0.072670 -0.347573 -0.781893 0.604528 -0.058669 0.560951 -0.371559
-0.521345 -0.625153 0.914856 -0.504419 -0.085906 -0.781774 -0.155504 -0.299180 0.450665 -0.023343 0.182877 0.276940
-0.715719 -0.519018 0.316301 -0.207898 0.002280 -0.725679 -0.396112 -0.520753 0.584736 -0.096453 0.150484 0.146513
-0.293744 -0.413439 0.128705 0.529966 -0.421337 -0.057562 0.396710 -0.612874 0.754381 0.011540 -0.315880 -0.386694
-1.178650 -1.347564 0.961114 -0.205247 -0.386187 -0.185899 -0.222405 -0.453484 0.875565 0.421396 0.501631 0.528751
0.154625 -1.196252 -0.324715 -0.239033 0.532082 0.135788 -0.187958 -0.497522 1.405338 -0.713972 -0.024333 0.222594
-0.721605 -0.920932 1.243942 -0.848606 -0.898912 0.185250 0.247525 -0.652189 0.700671 -0.081691 -0.058153 -0.191271
-0.722950 -0.194147 1.377429 -1.019711 -0.123608 -0.727242 -0.161820 -1.114332 0.309654 0.171567 0.424637 -0.502390
-0.140556 -0.277804 0.695067 -0.833895 -0.089048 0.088817 -0.278681 -0.114727 0.701935 0.270750 -0.102429 -0.060793
-1.382427 0.246106 0.281643 -0.278710 -0.215245 -0.803514 -0.587502 -0.600708 0.439586 0.591336 0.599482 0.249128
-0.325864 -0.953369 0.487717 -0.812725 0.079280 -0.343815 0.049757 -0.804512 0.988945 -0.481580 -0.210360 -0.375818
-0.428775 -0.384160 -0.128122 -0.685148 0.530425 -0.795385 0.053787 -0.874077 0.375315 0.248893 -0.201081 -1.124692
-0.680049 -0.545253 0.749002 -0.167558 0.153646 -0.694232 0.411023 -0.327476 0.318460 -0.168424 0.146500 -0.310815
-0.745584 -1.583355 0.980854 0.701792 -0.045815 -0.129918 -0.478270 0.097545 0.657324 -0.290611 0.065476 0.722283
-1.130850 -0.541439 0.610708 -0.940070 0.175444 -0.065735 -0.043712 -0.463156 0.656903 -0.686692 0.016038 0.671844
0.289437 0.147073 0.536083 -0.606738 -0.162400 -0.223566 0.651019 -0.785683 1.067741 0.115693 0.059180 -0.468534
-0.208969 -0.597086 1.846045 -0.662657 0.363660 -0.480306 0.450679 -0.923492 0.328198 -0.106512 0.070139 -0.916150
-0.862074 -0.697059 0.685427 -0.341471 -0.139884 -0.351993 -0.403221 0.278781 0.633332 0.068351 0.028645 0.311998
-1.184376 -0.623886 1.072108 -0.822275 0.164185 -0.616904 -0.754616 -1.029572 1.030375 0.060438 -0.057307 0.042159
-0.121245 0.078256 0.834158 0.294147 -0.074121 -0.037431 0.076893 -0.173831 0.843859 -0.097492 -1.019129 -0.107034
-0.514645 -0.255247 1.170574 -0.540648 -0.047461 -0.786449 -0.276822 -0.228835 0.474050 -0.117949 0.105400 0.218704
-0.365149 -1.241508 0.975405 -0.826217 -0.114516 -0.245080 0.437882 -0.537950 1.079500 0.171318 0.697829 -0.125350
-0.195158 0.283334 0.625763 0.138746 0.078694 0.250097 -0.398914 -0.564792 -0.263393 -0.654361 -0.009796 -0.298775
-0.072137 -1.170080 0.544255 -0.658316 0.265732 -0.767784 -0.033410 -0.586932 0.542227 0.172233 0.654758 0.330982
-0.083149 0.181939 0.920906 -0.211160 -0.276598 -0.234181 -0.152455 -0.434912 -0.363032 -0.164666 0.065572 -0.187982
-0.306179 -0.494556 1.226538 -0.383554 0.101873 -1.174401 -0.384322 -0.342415 0.517045 0.250942 0.335371 -0.702507
-0.912415 -0.093112 1.229518 -0.680240 -0.140816 -0.233806 -0.050133 -1.223765 0.304295 0.160220 0.150166 -0.129118
-1.181602 -0.391520 0.390838 0.100678 -0.702007 -0.882820 -0.218435 -0.187126 0.146119 0.570604 0.520019 0.371861
-0.402943 -0.785104 -0.569687 -0.115912 0.004130 -0.783371 -0.334909 -0.363828 0.917609 -0.234387 0.623252 0.003563
0.100936 -0.734644 0.774214 -0.539482 0.036677 -0.087677 -0.041484 -0.322147 0.393144 -0.327993 -0.198710 -0.033280
-0.456753 -0.233820 1.286902 -0.688616 -0.778644 -0.568449 0.218962 -0.929711 0.611119 0.186008 -0.400280 -0.780854
-0.623199 -0.034306 -0.127337 -0.813953 -0.402844 -0.486803 0.081443 -0.797327 0.598694 0.428500 0.204312 -0.411148
-0.500724 -1.349003 0.674608 0.252408 -0.346336 -0.063167 0.212949 -0.187131 0.963009 -0.337773 -0.311106 0.045938
-1.327112 0.106548 1.112294 -0.663252 -0.540886 -0.650622 0.160644 -0.410824 0.286041 0.170658 -0.147722 -0.022771
-0.549946 -0.292393 0.692708 -1.076262 0.452550 -0.489165 -0.022446 -1.140565 0.116046 0.337450 0.460560 -0.710528
-0.265635 -0.604423 0.043485 -0.355652 -0.460894 -0.442795 0.186252 -0.749699 1.044561 0.293000 -0.380899 -0.623712
-0.559803 -1.156376 0.589643 -0.171565 0.075007 -0.705566 0.074632 -0.840898 0.920625 -0.028680 0.202393 -0.297471
-1.036373 -0.906745 0.971896 -0.465310 -0.077646 -0.676988 -0.283007 -0.456479 0.794527 0.557291 0.495359 -0.449130
-0.787939 -0.449103 -0.070773 0.146910 0.160457 0.008189 -0.239533 -0.267610 1.195725 0.088049 0.018795 0.145060
-1.525543 -0.243940 0.603373 -0.531582 -0.896646 -0.543003 0.201838 -0.874316 0.590890 0.453020 -0.077122 0.036996
0.196280 -1.117563 0.865429 -0.316257 0.340559 -0.435122 0.208779 -0.500508 0.279966 -0.395501 -0.293103 0.089340
-1.660424 0.133820 0.673548 -0.609606 -0.641898 -0.666365 -0.948922 -0.585904 0.650235 0.671875 0.054667 0.597453
-0.199610 -0.104819 0.478481 -0.253515 -0.165887 -0.389174 0.272866 -0.608274 0.694412 0.411105 -0.569206 -0.620771
-0.090468 0.455680 0.437041 -0.542694 -0.477368 -0.579396 0.376470 0.084515 0.417915 -0.265673 0.061222 0.426033
-1.183141 -0.886611 1.075715 -0.315898 -0.296676 0.061517 -0.096603 -0.118282 0.824842 0.156567 0.441369 0.363666
-0.901776 -1.023781 1.136762 -0.095813 -0.529911 -0.283444 0.046688 -0.224902 0.746009 0.193883 0.229484 0.006433
-1.188908 -1.168584 0.818165 -0.384904 -0.349153 -0.143695 -0.360751 -0.142404 0.864118 0.396923 0.632200 0.474577
-1.058929 0.526112 0.025896 -0.390428 -0.224631 -0.630187 -0.046347 0.149111 0.673917 0.119860 0.366755 0.277503
-0.008975 -0.261075 1.473622 -0.421578 0.910239 0.047309 0.016052 -0.438588 0.384780 -0.450733 0.252037 0.113224
-1.104064 -0.966695 1.343846 -0.468097 -0.442138 -0.229083 0.242247 -0.619556 0.390337 0.263879 0.348132 -0.213809
0.535178 -0.461187 1.514921 -0.971416 0.003741 0.019666 0.072062 -0.416244 0.951710 0.009747 0.362648 -0.257018
-0.020884 -0.948564 0.562492 -0.518217 -0.054547 -0.433540 0.329206 -0.435180 0.579288 -0.136312 -0.360676 -0.189511
0.653440 0.006433 0.797271 -0.285555 0.089131 -0.076569 0.772431 -0.764008 0.608144 0.138077 0.052988 -0.367234
0.373710 -0.050354 1.703987 -1.042355 0.301408 0.049008 0.446955 -0.702946 0.440999 0.269439 -0.246164 -0.659959
0.351153 0.135407 1.032030 -0.442298 -0.151060 -0.733472 -0.090873 -0.860299 0.086869 0.423171 0.045820 -0.235114
0.705029 0.959641 0.791047 0.344820 0.011936 0.242553 0.491154 -0.440830 0.670401 -0.501267 -0.396752 -0.612725
0.939592 -0.785432 0.939064 -1.021535 0.021068 -0.086275 0.305807 -0.941641 0.113964 -0.955610 -0.477651 -0.736497
0.520044 -0.234445 0.141186 0.402203 -0.315316 -0.001195 0.141991 0.711426 0.697059 0.366134 -0.135863 0.940058
0.165540 -0.539097 1.495956 -0.124947 0.410312 -0.390612 0.365678 -1.127007 0.207576 0.239741 0.146513 -0.278581
0.163203 -0.470957 1.642757 -0.683854 0.371903 -0.822685 -0.025077 -0.400466 0.117830 -0.206075 -0.278079 -0.507975
-0.202329 -0.552553 1.308742 -0.342839 0.178432 -0.170283 0.183357 -0.057452 1.339457 -0.394746 -0.337313 0.231605
-0.193047 0.511151 -0.581913 -1.117943 -0.014779 -0.341187 0.130672 -0.223290 0.492845 0.038097 -0.187874 0.412212
-0.239017 -0.461303 1.093741 -0.862923 0.375937 -0.153201 0.172049 -0.950619 0.655450 -0.215867 0.054376 -0.403292
-0.668383 -0.907331 1.373432 -0.314275 0.572482 -0.552104 -0.372037 -0.410279 1.016456 0.246737 0.284250 0.285992
0.042262 -0.655982 1.179230 -1.381104 0.972449 -0.406555 -0.108368 -1.312029 -0.025817 1.141090 0.501774 -0.460160
0.326821 -0.123423 1.750349 -0.937129 0.306154 -0.344514 0.164028 -1.264768 0.547930 0.452396 0.120873 -0.551065
-0.775746 -0.078159 0.424955 -0.875806 0.048073 -1.144736 -0.769411 -0.880614 0.957623 0.446685 0.501244 -0.733318
-0.159294 -0.182864 0.713045 -0.635999 0.064876 -0.404206 0.430038 -0.750504 0.198901 0.322723 0.517164 -0.652779
0.362368 -0.212920 1.045044 -0.692216 0.865179 -0.007718 1.052537 -0.477310 0.138921 -0.467585 -0.780503 -0.167234
-0.386808 0.128111 1.393150 -0.542744 0.433195 -1.158434 0.462935 -0.793813 1.155422 0.166766 -0.068686 0.000428
-1.062462 -0.335006 0.551442 -0.335179 -0.721044 -0.581704 -0.333600 0.010493 0.408064 0.756164 0.716612 0.263953
-0.953386 0.469780 0.926444 0.025326 -0.580882 0.556556 0.371440 -0.634080 0.976152 0.351328 -0.382378 -0.807912
0.425594 -0.481201 1.276673 -0.582150 0.436559 -0.187529 0.027663 -0.633239 0.387260 -0.553211 -0.333213 -0.155284
0.411097 -0.620818 1.154900 -0.719985 0.388008 -0.296175 0.089716 -0.540478 0.654821 -0.478867 -0.274469 -0.165447
-0.061747 -0.478545 1.473776 -0.394112 0.668094 -0.401854 0.076973 -0.576331 0.409828 -0.399418 -0.164593 0.029475
0.040001 -0.598325 1.416778 -0.523890 0.560559 -0.402122 0.029969 -0.451205 0.330065 -0.285491 -0.027398 -0.133508
0.268740 -0.635365 1.457884 -0.948634 0.313840 -0.188694 -0.006907 -0.525405 0.284685 -0.244402 0.064784 -0.190673
0.353120 -0.488271 0.538074 -0.898621 0.456987 -0.531468 0.132801 -0.006375 -0.245750 0.901397 0.014367 -0.506221
-0.134927 -0.857923 -0.397571 -0.672358 0.514840 -0.031022 0.158433 -0.821540 1.348295 -0.037968 -0.072250 0.015215
0.239258 -0.772067 1.144917 -0.707858 0.220624 0.030185 -0.354681 -0.199263 0.581176 -0.314882 -0.079816 0.013935
0.276062 -0.608046 1.259377 -0.664308 0.489636 -0.212501 0.272598 -0.570868 0.260872 -0.450330 -0.069758 -0.198168
0.419710 -0.805667 1.245373 -0.691938 0.274235 0.065336 0.192761 -0.375685 0.650106 -0.309695 -0.392492 -0.261567
-0.084366 -0.679471 1.279388 -0.603935 0.352145 -0.403171 0.112276 -0.821880 0.847373 0.169975 0.143605 -0.272584
0.436538 -0.657558 1.381592 -0.828712 0.380862 -0.162699 0.044046 -0.532648 0.275172 -0.267951 -0.118668 -0.311662
0.499590 -0.053438 1.242005 -0.421472 -0.308460 -0.269453 0.104020 -0.133090 0.909991 0.412020 0.218117 -0.073961
-0.966060 -0.257269 1.129784 -0.133920 -0.373859 -1.118085 -0.430541 -0.350775 0.578463 -0.003622 0.104372 0.000646
0.264606 -0.274514 0.654469 -0.565942 -0.515106 1.415754 1.255144 -0.480411 0.344177 0.136189 -0.174349 -0.281113
0.174807 -0.903614 -0.099819 -0.829247 0.105292 1.391047 0.819711 -0.892377 0.710928 0.660362 0.153897 -0.104911
0.172207 -0.713948 0.460599 -1.007573 -0.314708 1.179954 1.197103 -0.831163 0.778111 0.065396 -0.285426 -0.072381
0.097906 -0.630010 0.308652 -0.877327 -0.353703 1.522083 1.222311 -0.635034 0.685919 0.096419 -0.392410 -0.028256
-0.108728 -0.829487 0.488230 -0.885589 -0.130891 1.274675 1.117265 -0.855696 0.583164 0.233368 -0.262659 -0.026670
0.261468 0.017477 0.917701 -0.705397 -0.657194 1.388392 1.259129 -0.509549 0.308553 0.056753 -0.413674 -0.424910
-0.347312 -0.979536 0.274354 -0.102244 -0.239813 0.402927 0.866682 -0.378406 0.977075 0.019616 -0.222924 0.274305
-0.257185 -0.403277 0.615185 -0.420112 -0.353194 0.766763 1.061388 -0.880066 0.825184 0.108404 -0.225004 -0.052643
-0.105738 -0.815585 0.652908 0.006056 0.234508 0.614886 0.990084 -0.847303 0.905803 0.287759 -0.357169 -0.389231
0.271219 -0.477061 0.568481 -0.531643 -0.383042 1.420186 1.253036 -0.400498 0.395091 0.293421 -0.046010 -0.314950
0.182614 -0.462824 0.639530 -0.716378 -0.535334 1.431489 1.317474 -0.590960 0.522527 0.084851 -0.247629 -0.156575
0.300423 0.207552 0.804197 -0.198494 -0.375784 1.366590 1.237924 -0.007232 0.090128 0.508073 -0.265191 -0.809868
0.383681 0.411305 1.105193 -0.390643 -0.546935 1.404011 1.183335 -0.131516 -0.060514 0.497872 -0.382791 -0.872173
0.294065 0.279939 1.016566 -0.225061 -0.311564 1.451091 1.182893 -0.043598 0.112246 0.529331 -0.370338 -0.737890
0.640911 0.135328 0.707583 -0.424522 -0.154896 1.355524 1.112123 -0.133979 0.047277 0.465177 -0.212906 -0.593076
0.494665 0.035930 0.917687 -0.216745 -0.502856 1.455990 1.138559 -0.021806 0.120412 0.431894 -0.264950 -0.611520
-0.625431 -0.267834 0.476602 -0.977161 -0.528285 0.617162 0.137662 -1.175124 0.489081 -0.064513 0.480924 -0.224718
0.096986 -0.352142 0.629094 -0.597442 -0.549682 1.357570 1.222189 -0.551154 0.627255 0.057317 -0.255477 -0.217954
0.277257 -0.144379 0.395688 -0.900245 -0.617213 1.075156 1.154565 -0.798692 0.530978 0.270023 -0.172813 0.016286
