0.008045 0.492528 -0.441774 0.462348 0.551840 -1.001516 0.077898 -0.140744 0.561337 -0.644115 -0.249568 0.646724
-0.023897 -1.293955 0.817265 0.077549 0.147061 -0.179310 -0.045118 -0.250927 0.038116 -0.554009 -0.670411 -0.274795
-0.384869 -0.729026 0.180090 -0.938810 -0.408695 -0.334777 -0.195495 -0.575692 0.364059 0.536797 0.055349 0.101103
-0.365760 -1.066267 0.547279 -0.048597 -0.188104 0.464899 0.605943 -0.791839 0.647203 -0.372102 0.045246 0.328843
0.133773 -0.976364 0.020844 -0.151292 -0.074097 0.051829 0.310003 -0.102875 0.391820 -0.914664 -0.227510 -0.015642
-0.135341 -0.656189 -0.453313 -0.127397 0.003909 0.094099 -0.181733 -0.188153 1.085597 -0.023689 0.315063 -0.024552
-0.876208 0.205622 0.457020 -0.552875 -0.086041 -0.847711 0.178565 -0.344035 -0.148308 0.591648 -0.391881 -0.371165
-0.632232 -0.505951 0.220106 -1.381646 -0.288580 0.296570 -0.530451 -0.793001 0.114484 -0.198133 0.392534 -0.060307
-0.430114 -0.532958 -0.244894 -0.764699 0.137247 0.548048 -0.337341 0.325181 0.723627 0.490771 -0.136735 0.205012
-0.912505 -0.392105 0.517023 -0.301225 0.002688 -0.366199 -0.590857 -0.261634 0.543308 -0.001860 0.691887 0.434189
-0.429503 -0.121023 0.376341 -0.347304 -0.150470 0.366943 -0.247248 -0.219270 0.664182 -0.132363 0.049678 0.217261
-0.366828 -0.454688 0.713264 0.009284 -0.415807 -0.072971 -0.052524 -0.492224 0.695366 -0.568175 0.083312 0.546835
0.317930 -0.211934 0.027885 0.644753 0.191628 -0.297760 0.637263 -0.173382 0.170480 -0.450214 -0.102616 -0.540279
0.270879 0.332422 0.866115 -0.116962 -0.143567 -0.603794 0.808554 -1.629298 0.215800 0.455051 -0.689129 -0.396635
-0.027287 -0.249735 0.522939 -0.179731 -1.026145 -0.277306 -0.256199 0.677748 0.131574 -0.396103 0.384602 0.182065
0.208466 -0.821841 -0.434397 -0.224388 -0.786792 0.270888 0.359541 -0.024524 0.933853 -0.193722 0.280797 0.665860
-0.096335 0.190908 0.685326 -0.970509 -0.175725 0.484288 0.302267 -0.813579 0.924840 0.445084 0.428592 -0.486319
-1.106550 0.264927 0.648261 -0.557063 -0.566286 -0.539616 -0.157362 -0.532551 0.470911 -0.259210 0.075710 0.255547
0.210056 -0.910610 -0.194474 0.224009 0.150320 0.001956 0.328718 0.083572 0.799689 -0.461614 -0.247838 0.213314
-1.080047 -0.047488 0.550329 -0.881823 -0.471097 -0.470238 -0.278777 -0.458967 0.739364 0.171235 -0.102941 0.353588
-0.527086 -1.456814 0.531514 -0.471316 -0.458016 -0.842935 -0.335732 0.322199 0.260641 -0.059245 0.646916 -0.276305
-0.368300 -0.426557 0.004239 -0.216369 -0.412830 -0.528846 0.038506 -0.050439 0.028487 0.463673 0.614966 0.431675
-0.603433 -0.413881 0.109388 0.341659 -0.333929 -0.394694 -0.005252 -0.233169 0.819709 -0.274461 -0.565119 0.855811
-0.441971 -0.909619 0.092817 -0.056297 0.200849 -0.046443 -0.482482 -0.710544 -0.117174 0.186437 -0.019129 0.290271
0.089837 0.582799 0.781020 0.631614 0.227407 -0.635322 0.141148 0.046732 0.695561 -0.306179 -0.204182 0.023068
0.325411 -0.604094 0.672037 -0.472819 -0.020921 0.084181 0.563726 -0.472509 0.581901 -0.551701 0.233266 -0.356723
-0.601312 -1.280109 -0.155258 -0.788260 0.032179 0.497983 -0.084659 -0.668079 1.154279 -0.444003 -0.058823 -0.054108
0.401057 0.084142 0.515792 -0.073052 0.162092 -0.436003 0.472851 -0.362049 0.801990 0.121886 -0.075500 0.090043
-0.047231 0.024735 -0.172793 -0.510169 -0.917691 -0.162875 -0.150804 -0.034838 0.617819 -0.064630 0.246549 0.231026
-0.756952 -0.826974 -0.007633 -0.365986 -0.059626 -0.367713 -0.208999 -0.318050 0.794759 0.763452 0.391932 -0.275256
-0.679318 -0.412603 0.928071 0.020734 -0.404339 -0.421510 0.001136 0.113359 0.582840 -0.161219 0.517903 0.313014
0.024960 -0.731685 0.259192 -0.140107 -0.105969 -0.070168 0.047401 -0.957231 1.123460 0.024236 -0.065304 0.361470
-0.029351 -0.433487 0.245645 -0.276482 -0.270489 -0.194268 0.099551 0.065188 0.729454 -0.255414 -0.067439 -0.309978
-0.541153 -0.588663 0.675733 -1.019721 -0.103885 0.452676 0.390668 -0.909013 1.145591 0.240859 -0.436533 -0.256184
-0.238347 -1.033492 0.624801 -0.015083 -0.321737 0.688640 0.593504 -0.539998 0.467395 -0.840436 -0.358689 0.033347
-0.257477 -1.097302 0.902189 -0.231228 -0.276991 -0.097736 0.196410 -0.162601 0.502303 -0.165294 0.124502 -0.269373
-1.532424 -0.411335 0.391959 -0.240429 -0.282802 -0.350079 -0.121146 -0.430773 0.450962 -0.229791 -0.798585 -0.294699
-0.706016 -0.601078 0.176322 -0.615036 -0.486075 -0.160080 -0.372407 0.151885 0.088940 -0.177552 -0.100178 -0.227829
-1.060784 -1.056025 0.511960 -0.427381 -0.230041 -0.357195 -0.332144 -0.211679 0.229693 0.457748 0.215613 -0.081979
0.018557 -1.193374 0.745102 0.078462 -0.253281 0.175791 0.320768 -0.168108 0.199279 -0.589200 -0.460698 -0.232145
-0.234836 0.201860 -0.409600 -0.503736 -0.516971 -0.534017 -1.020740 -0.286847 0.969880 0.621903 0.210961 -0.292657
0.170406 -0.976206 0.700268 -0.670085 0.236920 -0.896002 -0.116231 -0.676244 0.840213 -0.296219 0.269969 -0.786950
-1.652739 -1.024937 1.058232 -0.185112 -0.119997 -0.727235 -0.574612 -0.443399 0.757972 0.683948 0.789808 0.460885
-1.556372 -1.169442 0.929703 -0.237437 -0.241552 -0.521600 -0.220629 -0.497394 0.853996 0.579823 0.706560 0.416218
-1.159202 -0.993901 1.039195 0.360892 -0.526421 -1.289043 -1.093588 0.031007 0.813062 -0.275316 0.586757 0.531975
-1.018780 -1.309720 0.940902 0.454193 -0.549974 -0.756996 -0.881090 0.287403 0.848045 -0.003172 0.358609 0.614653
-1.604048 -1.347217 0.665870 0.171207 -0.271097 -0.698589 -0.937333 -0.041041 0.794014 0.394665 0.809237 0.724923
-1.712969 -1.232018 1.048840 -0.105626 -0.433040 -0.943755 -0.922251 -0.239827 0.632708 0.278782 0.804634 0.599761
-0.210207 -1.144767 0.185370 0.090638 0.141786 0.028459 0.612968 -0.822398 0.888985 -0.094503 -0.302382 -0.264049
-1.609389 -1.376093 0.889063 -0.113838 -0.354397 -0.914016 -0.827620 -0.211653 0.639064 0.248421 0.754433 0.494205
-0.378023 -0.744206 -0.048161 -0.516715 0.379912 -0.242484 0.471237 -0.716585 0.723018 0.307187 -0.866633 -0.285956
0.780680 -0.183279 -0.107000 -0.573436 -0.335611 0.030823 -0.215013 0.001866 0.297767 -0.263386 -0.180755 0.424233
-0.390763 -0.724331 -0.074017 -0.330527 0.434697 0.377559 0.333288 -0.844197 1.219456 -0.103839 0.186517 0.200432
-0.843808 -1.155675 0.927494 -0.002788 -0.512463 -0.070777 0.042300 -0.243827 0.994786 0.234167 -0.009212 0.272466
-0.084622 0.017884 0.086566 -0.202947 -0.060241 -0.786298 0.175324 -0.375790 0.412025 0.312651 -0.341305 -0.268829
0.344936 -0.776544 0.383747 0.377284 -0.241369 -0.464395 0.800516 -0.105594 0.509245 -0.285551 -0.358485 0.028083
-0.473099 -0.078809 0.473135 -0.380549 -0.658729 -0.926338 -0.330786 0.143980 0.954220 0.975103 0.690762 0.335947
0.162032 -0.948603 0.463471 0.019415 0.285884 -0.460503 0.439006 -0.701986 0.833647 -0.082974 -0.648745 -0.018861
0.499637 -0.843350 0.681564 -0.020707 0.704530 -0.325968 0.072087 -0.798513 0.634535 -0.726663 -0.204368 -0.335900
0.278783 -1.109040 0.484415 -0.357697 0.203914 -0.074193 -0.346910 -0.358199 0.633964 -0.277163 0.214867 0.470051
-0.007790 -1.196362 0.700675 -0.724537 0.308512 0.029981 -0.529548 -0.103894 0.636988 -0.576499 -0.413952 0.477897
1.008225 -0.901631 0.571676 -0.640515 -0.051897 0.275827 0.131043 -0.398861 0.593535 0.180112 -0.524119 -0.205111
0.376239 -0.186429 1.607934 -0.494644 0.132961 -0.104353 0.600084 -0.244439 0.400424 -0.384810 -0.313291 -0.903283
-0.993510 -1.075181 0.642012 0.759460 0.132469 -0.327972 0.289886 0.065974 0.706384 -1.029124 -0.339700 0.231511
-0.607994 -0.574869 -0.116413 -0.573001 0.292235 0.117552 0.053960 0.007418 0.753266 -0.597850 -0.247595 0.070364
0.656600 -0.159840 0.348185 -0.168983 0.486460 -0.359785 0.589159 -0.564441 0.577710 -0.723325 -0.494852 -0.167457
-0.064278 -0.135370 1.609431 0.087600 0.134320 -0.540565 0.329954 -1.116589 -0.190540 0.383870 -0.422304 -0.489384
0.161877 -1.091909 0.848124 -0.834801 0.589270 0.194644 0.144616 -0.600298 0.651739 -0.253522 0.443873 0.087062
0.152678 -0.591870 1.130597 -1.565589 0.341864 -0.245697 0.684292 -1.358610 0.828198 -0.434385 0.560572 -0.793138
-0.130684 -0.925680 0.028504 -0.695734 0.039653 0.245746 0.400399 -0.298223 0.836157 -0.946498 -0.834809 -0.129721
-0.624933 -0.689908 0.247120 -0.376108 0.069815 -0.522339 0.067762 -1.543623 0.900988 -0.117518 0.170435 -0.027087
0.002042 -0.332536 0.849985 -1.325394 -0.435948 0.308245 1.344875 -1.356685 0.490514 -0.698674 -0.452391 -0.596813
0.646141 -0.345869 0.812779 -0.392266 -0.592203 -0.537815 0.068980 0.544938 0.136894 -0.548829 -0.750087 -0.122528
0.293533 -0.419086 0.181145 -0.465978 0.644519 -0.271468 0.139607 -0.728510 0.510389 0.053519 0.897394 -0.546466
0.004997 -0.245861 0.408778 0.416290 0.118492 0.003247 0.469943 0.109152 0.151534 0.087229 0.107562 0.032059
-0.096941 -0.307942 1.083300 -0.538258 0.533214 -0.036551 -0.051131 -0.378300 0.898693 0.011152 -0.548259 -0.577999
0.335014 0.566886 0.604828 -0.720394 0.701077 0.223017 0.339042 -0.994120 0.273653 0.077322 0.088697 -0.414645
-0.028220 -0.189145 -0.057111 -0.575073 0.063341 -1.166730 -0.079144 0.215444 0.838952 0.556434 -0.203333 -0.072786
-0.451764 -1.050514 0.231528 -0.738373 -0.062445 -0.710738 0.057754 -0.606696 0.671670 -0.342962 0.265484 0.022495
-0.246645 -0.116713 0.246518 0.008817 0.570572 -0.174887 0.439542 -1.104109 0.824977 0.016150 -0.143669 -0.200021
0.472449 -0.768268 1.042679 -0.608963 0.931621 0.314916 0.532185 -0.221433 -0.112957 -0.429938 0.072383 -0.307943
0.731849 -0.444820 1.265874 -0.892917 0.485299 0.090681 0.331261 -0.491238 -0.471062 -0.575626 -0.218537 -0.875521
0.236219 0.037267 0.170235 -0.290427 0.413676 -0.272881 0.681143 -1.321031 0.949640 0.444663 0.048632 -0.058919
0.699019 -0.085403 0.958515 -0.701213 0.395319 -0.517697 0.175041 -0.625204 0.472277 -0.520753 -0.641321 0.078668
0.004194 -0.862558 1.535065 -0.436059 0.260106 -0.200885 -0.184307 -0.216599 0.753342 0.011728 0.112512 0.108918
-0.035984 -0.424623 0.844023 -0.525008 0.000319 0.004592 0.012841 -0.635072 0.419639 -0.062498 -0.088990 -0.142608
0.425183 -0.344190 -0.176990 -0.324183 -0.137778 -0.206928 0.372827 -0.801165 0.053951 0.010815 -0.674307 0.591419
0.103603 -0.499597 -0.396868 0.076351 0.496445 -0.487014 -0.479257 -0.421621 0.299219 0.128834 0.124180 -0.366354
0.549332 0.265571 0.011540 -0.577176 -0.224111 -0.782382 -0.108600 0.155343 0.669785 0.342799 -0.044942 -0.076260
-0.444099 -0.867934 1.173200 -0.254155 0.040322 -0.240247 -0.229064 -0.410535 0.891153 -0.608124 -0.016840 0.402577
0.067814 -1.295150 0.663561 -0.439774 0.098667 0.264939 0.194228 -0.493644 0.389973 -1.120038 -0.356113 -0.123777
-0.566642 -0.565448 1.269601 -0.687620 -0.232057 -0.579554 0.333311 -0.754921 0.085970 0.538574 0.306886 -0.397572
0.094407 -0.623958 0.784312 0.114670 -0.097903 -0.393087 -0.002752 -0.689956 0.429754 0.144685 -0.023473 -0.875936
-0.514187 -0.074794 0.827776 0.341156 -0.468089 0.049689 0.070140 -0.237881 -0.585987 0.388346 -0.232110 -1.138579
-0.623867 -0.232720 0.218302 0.959298 -0.280715 -0.836911 -0.137521 -0.346500 0.249804 -0.593736 -0.424305 0.118698
-0.654080 -0.212668 -0.115374 0.150608 -0.246552 -0.454878 -0.006229 0.262534 0.211024 0.317945 -0.725481 -0.047583
-0.892714 -0.747028 0.245167 -1.161985 -0.013740 -0.062514 -0.373290 -0.557012 0.214431 -0.141275 0.377249 0.456816
0.427034 -0.438855 0.732216 -0.069795 -0.728744 0.444893 0.786282 0.109400 0.490918 -0.288097 -0.055680 -0.350150
0.387184 -0.346462 0.644447 -0.093867 0.372281 0.388952 0.470165 -0.380322 0.846814 -0.317483 0.177683 0.618071
-0.214398 0.175064 0.445635 -0.355373 0.139070 -0.400848 -0.380070 -0.383782 1.044193 0.049950 0.090708 0.400474
-0.399147 -0.424508 0.903859 -0.699800 0.081904 0.375066 -0.179933 -0.314666 0.808839 -0.395355 0.196853 0.014275
-0.353127 -0.766035 0.513367 -0.331982 -0.565802 0.168617 0.142041 0.192626 1.290829 -0.130563 -0.087154 0.696593
-0.002717 -0.552673 0.403448 -0.376734 -0.227669 -0.243079 0.476675 0.311306 0.698200 -0.136703 0.323074 -0.432594
-0.624933 -0.689908 0.247120 -0.376108 0.069815 -0.522339 0.067762 -1.543623 0.900988 -0.117518 0.170435 -0.027087
0.602099 0.039160 0.111944 0.692322 0.723860 -0.023999 0.436006 -0.558055 0.554844 0.053727 -0.485699 0.151747
-0.216490 -0.595874 0.070921 -0.679258 -0.143516 0.337209 0.185609 0.239974 0.725799 0.346263 0.377224 -0.247081
-0.811687 -1.000671 0.087005 -0.427935 -0.113300 -0.302725 0.131258 -0.553787 0.420705 0.924598 0.756856 0.023084
0.133011 0.021477 0.431057 0.009136 -0.204021 -0.323590 -0.738965 0.376764 0.581513 -0.536039 -0.142249 0.421410
-0.468331 -0.256787 0.439966 -0.441270 0.312380 -0.530381 -0.084455 -1.089801 0.897284 0.634243 -0.187220 0.370672
0.335014 0.566886 0.604828 -0.720394 0.701077 0.223017 0.339042 -0.994120 0.273653 0.077322 0.088697 -0.414645
0.227105 -0.619773 0.532322 -0.656519 -0.311929 0.595546 0.610507 -0.672311 0.748429 -0.558344 -0.114751 -0.526040
0.226518 -0.811911 0.654038 -0.577916 -0.591033 0.397488 0.143740 0.055324 1.580068 -0.235701 -0.672773 0.060632
-0.594853 -0.307815 0.809701 0.485553 -0.256835 -0.198251 0.220222 -0.106692 0.531716 -0.464063 0.374080 -0.005056
-0.583613 -0.134440 0.490075 0.270167 -0.027959 -0.128996 0.584495 -0.577114 0.486753 -0.562675 -0.128475 0.076029
-0.467679 -0.778793 0.283117 -1.158758 -0.154684 0.002232 0.058608 -0.377980 0.732166 0.611747 0.334023 -0.319469
-0.222944 -1.227857 0.513155 -0.041684 0.196766 0.444718 0.254256 -1.011070 0.430914 -0.634016 -0.034214 -0.133206
-0.213727 -0.669928 0.341020 -0.379862 0.484038 -0.399079 -0.721603 -0.392651 1.108106 -0.407972 0.698597 0.479679
0.140814 -0.785911 0.210688 -0.013805 0.198630 0.117839 0.349103 -1.252797 0.447862 -0.339082 -0.677321 0.210347
-0.814479 -0.512297 0.836852 -0.241566 -0.660358 -0.983451 -0.252200 0.015394 0.195144 0.281893 0.377711 0.703632
-1.557854 -0.135372 -0.164373 -0.428758 0.124610 -0.397763 -0.763606 -0.808060 0.213736 0.812274 0.087356 -0.695730
-0.184406 -0.841749 0.104789 0.005271 -0.646985 0.229618 -0.043008 0.042345 0.342578 -0.317924 -0.415807 0.161304
-0.551499 -0.218679 0.550096 -0.767663 0.018677 -0.885902 -0.222350 -0.754570 1.223513 0.985256 -0.021198 -0.434893
-0.307255 -1.237133 0.470957 0.007303 0.262377 0.009841 -1.116229 0.145017 0.524398 -0.156889 0.122743 0.846614
-0.061953 0.221509 0.816140 -0.068898 -0.217906 -0.477743 0.441243 0.005465 0.029055 0.060255 -0.019421 -0.350932
-1.053263 -0.546150 1.021406 -0.107716 -0.044806 -0.697870 -0.351783 -0.722069 0.697782 0.145679 0.518957 0.090620
-0.393678 -0.343946 0.165542 -0.474925 -0.585488 -0.598799 0.069848 -0.092219 0.281508 0.217637 0.713959 -0.475072
-0.705447 -0.813260 0.223860 -0.173661 0.452769 -0.022523 0.241346 0.045229 0.167909 -0.015701 0.132052 -0.182635
0.344953 -0.580794 -0.074872 0.136002 -0.251932 -0.704782 0.170569 0.402444 0.158141 -0.071761 -0.018913 0.102668
-0.704392 0.231553 0.512125 -0.363897 -0.642585 -0.417922 -0.237775 0.285822 1.047512 0.053220 -0.394705 0.506509
-0.692496 0.352283 1.004133 -1.523913 -0.910297 -0.710138 -0.632992 -0.126447 0.170704 1.562286 -0.004440 -0.608838
-0.334772 -0.393547 0.545927 -0.300977 -0.220877 -0.968609 0.156737 -0.494418 0.908244 0.121994 -0.199149 -0.642970
-0.867783 -0.911773 0.640834 0.440468 0.224716 -0.342809 -0.453093 -0.385337 0.466088 -0.498120 0.366705 0.516127
0.380261 -0.608708 0.478654 -0.436464 -0.095823 1.562238 1.283120 -0.588901 0.436341 0.694521 -0.220768 -0.342222
0.216226 0.093762 0.984303 -0.444438 -0.595980 1.448369 1.154436 -0.326042 0.467695 0.335951 -0.321687 -0.504410
0.283052 -0.755534 0.694673 -0.694089 -0.206962 1.067359 1.036023 -0.502315 0.356026 0.007236 -0.175993 -0.153651
0.297352 -0.616113 0.604365 -0.629478 -0.144058 1.682063 1.186683 -0.387253 0.413676 0.314250 -0.375360 -0.266282
0.437624 -0.277148 0.607222 -0.442010 -0.498279 1.363729 1.146683 -0.188971 0.200893 -0.094393 -0.137902 -0.339206
0.187814 -0.190123 0.840258 -0.543823 -0.503650 1.484868 1.333011 -0.458330 0.401345 0.138594 -0.304148 -0.344805
0.357729 -0.256802 0.723395 -0.462541 -0.463685 1.518205 1.211298 -0.397684 0.356262 0.286684 -0.296856 -0.437255
0.159797 -0.806563 0.483414 -0.577752 -0.282911 1.462112 1.222944 -0.688254 0.619293 0.279257 -0.250731 -0.161653
0.040664 -0.535586 0.548334 -0.689532 -0.480528 1.440238 1.262516 -0.751339 0.701632 0.139915 -0.232735 -0.135198
0.204665 -0.455673 0.545826 -0.584394 -0.491457 1.376546 1.231117 -0.586451 0.572794 0.214126 -0.139472 -0.270984
0.138407 -0.538204 0.627455 -0.568234 -0.311864 1.567277 1.008452 -0.378180 0.486120 0.213598 -0.300070 -0.312653
0.243290 -0.605512 0.498905 -0.636651 -0.157535 1.441936 0.984504 -0.455442 0.480714 0.351410 -0.175890 -0.106761
0.306657 -0.596453 0.238794 -0.389287 -0.221006 1.329724 1.226722 -0.807958 0.572101 0.339829 -0.359383 -0.250669
0.261860 -0.146631 0.661090 -0.807531 -0.336452 1.616802 1.173970 -0.230186 0.208306 0.257914 -0.560677 -0.166984
0.252251 -1.275027 0.083886 -0.838103 -0.100303 1.461788 0.935061 -0.530957 0.573043 0.240031 -0.533259 0.286051
0.335174 -0.501362 0.691719 -0.330953 -0.099181 1.648642 1.071013 -0.385769 0.332502 0.447701 -0.340692 -0.451564
-0.185909 -1.181162 0.156033 -0.629686 -0.186573 1.383998 0.778619 -0.671942 0.543196 0.281574 -0.609647 0.149833
-0.173797 -0.204778 0.623345 -0.855933 -0.892334 0.859170 0.780407 -0.454437 0.651290 0.074665 -0.106418 0.103564
0.282669 -0.565987 0.487578 -0.520635 -0.237955 1.236292 1.099652 -0.554278 0.609191 0.017463 -0.027754 -0.156706
0.182356 -0.459074 0.594214 -0.471437 -0.217750 0.567552 0.681638 0.099363 1.264725 -0.225321 -0.356452 0.330861
0.185219 -0.552946 0.743822 -0.171666 -0.305392 1.391890 1.113303 -0.559095 0.566134 0.323945 -0.116571 -0.428051
0.309682 -0.194789 0.778478 -0.345479 -0.566591 1.382836 1.261082 -0.399545 0.438120 0.116998 -0.172653 -0.457321
-0.258796 0.510634 0.897159 -0.898685 -0.703963 0.789140 0.532043 -0.626513 1.096140 1.189597 -0.387498 -0.157155
0.388627 -0.029577 0.807476 -0.347433 -0.481241 1.475241 1.194574 -0.188798 0.277023 0.299119 -0.254922 -0.559368
-0.441180 -0.254189 0.689982 -1.077869 0.062322 -0.066831 -0.102736 -1.266055 1.303640 0.862105 0.210401 -0.128160
