0.111598 -1.006567 0.102259 -0.328874 -0.060793 0.200170 -0.220992 0.393265 0.409850 -0.668227 -0.016326 0.461936
-0.341346 -0.969910 0.111608 -0.253596 -0.103301 -0.334401 -0.352610 -0.109951 0.471506 -0.120032 0.258073 0.323101
-0.116902 -1.253999 0.084916 -0.313837 0.398217 -0.404996 0.395880 -0.876050 0.242580 0.467365 0.337787 0.153293
-0.405093 -1.389763 0.831317 -0.197555 -0.394416 -0.120742 -0.058667 -0.012728 0.647065 -0.440817 0.243701 0.565109
0.065220 -0.887656 0.892905 0.284351 0.094798 0.132014 -0.133889 0.028090 0.293945 -0.555003 0.041798 -0.010370
-0.178273 -0.753364 0.552908 0.348039 -0.169162 0.162545 0.531065 0.430869 0.037328 -0.425791 0.093847 -0.455439
0.121756 -0.740683 0.376589 0.144433 -0.236485 -0.359641 0.296334 -0.525114 0.719765 -0.140864 -0.353351 -0.643590
-0.733619 -0.396652 1.301922 0.411743 -0.273403 0.367625 0.370279 -0.823197 0.319628 0.492808 -0.427944 -0.005666
-0.305731 -1.381440 0.476893 0.521353 0.293294 -0.205011 -0.602836 0.154464 0.408695 -0.823538 0.042703 0.616063
-1.262132 -0.056281 0.109782 -0.650143 -0.077393 -0.887437 -0.652855 -0.424336 -0.293103 1.239974 0.488237 -0.077784
-0.383971 -0.676042 0.787976 0.061848 0.409750 -0.779990 0.186790 -0.473286 0.344175 -0.807819 -0.455374 0.317961
0.218535 -1.095478 0.551459 -0.580556 -0.546412 0.449744 0.010807 -0.096373 0.602602 0.199349 -0.769192 0.015032
-1.370120 -0.495561 0.194575 -0.335174 -0.180096 -0.267770 -0.313617 -0.532988 0.493937 0.243782 -0.215207 -0.083582
-0.772095 -1.246275 0.397572 0.671045 -0.248194 -0.085312 -0.639787 -0.021526 0.425475 -0.025893 -0.134670 0.213008
-1.098869 -0.782091 0.981917 -0.418028 -0.074585 -0.488576 0.061804 -0.715337 0.726709 1.083385 0.327790 -0.324796
-1.499872 -0.952956 0.592250 -0.325102 -0.429016 -0.366134 -0.611045 -0.285642 0.701228 0.652622 0.657279 0.554227
-0.690007 -0.463641 0.684876 -0.237667 -1.155882 -0.732268 0.082473 0.112215 0.394221 -0.200065 -0.203152 0.157864
-0.973677 -0.522883 0.446943 -0.361506 -1.130265 -0.652628 0.238136 0.084646 0.642437 -0.457382 0.153976 0.076941
-0.488708 -1.383574 0.955178 0.418193 -0.458336 0.043659 -0.207504 0.234998 0.652790 -0.114365 -0.054379 0.382653
-0.849486 -1.446055 0.301491 -0.272656 -0.622853 -0.603966 -0.650852 0.209557 0.513969 0.477731 0.216149 0.270337
-1.435483 -0.943562 0.508985 -0.809296 -0.407555 -1.219064 -0.456564 -0.373251 0.747397 0.187111 0.961866 0.152094
-0.407671 -0.654609 0.575695 -0.466485 -0.244708 -0.309297 0.852232 -0.997788 0.635881 -0.453672 -0.522969 -0.600771
-0.984612 -0.253708 0.634245 0.152064 -0.122959 -0.857046 -0.114502 0.084945 -0.103021 -0.389385 0.008603 0.250564
-0.434685 -0.387465 -0.203177 -0.838346 -0.004433 -0.370642 -0.857069 -0.372242 0.417033 0.831317 0.380005 -0.041667
-1.006534 0.319857 -0.299155 -0.377022 -0.440989 -0.674328 -0.888721 0.323919 1.041604 -0.041910 0.291165 0.116997
-0.687464 -0.375926 0.684547 -1.312394 -0.260694 -0.458262 0.509429 -0.572207 0.646403 0.238822 -0.042276 -0.370202
-0.813036 -0.568316 0.228480 0.011833 -0.678371 -0.908506 -0.617775 0.487310 0.675091 0.172391 0.141650 0.408486
-0.167394 -0.442967 0.159453 0.136228 -0.224227 0.434217 1.281463 -0.307309 0.359894 0.523633 0.022626 -0.619049
-0.318534 -0.419688 0.685475 -0.335756 -0.572153 0.278186 1.160173 -0.740873 0.291089 -0.048438 -0.356745 -0.582926
-1.147162 -0.134354 0.358734 -1.009593 -0.428785 0.103729 -0.567722 -0.457098 0.474445 -0.167750 0.106856 0.209472
-0.555744 -0.732440 0.218035 -1.129603 -0.256157 -0.415059 -0.557624 -0.440056 0.759412 0.284065 0.603793 0.168061
-1.102473 -1.085490 0.492343 0.309825 -0.405735 -0.303442 -0.683986 -0.001848 0.803546 -0.166879 0.360109 0.790913
-0.995194 -0.914551 1.132611 0.443443 -0.231865 -0.334580 0.046183 -0.264751 0.289012 0.689823 -0.388279 -0.132358
-1.068823 -1.106606 0.621462 -0.010892 -0.773375 -0.644338 -0.822788 0.221222 0.749868 0.316793 0.120264 0.445748
-0.964087 -0.858109 0.244271 -0.595529 -0.117221 0.192612 0.092295 -0.066026 0.420866 -0.012679 0.021708 0.313329
-1.398741 -0.446083 0.425481 -0.706881 -0.745705 -0.565312 -0.441285 0.215691 0.857563 0.427669 0.386857 0.447238
-0.945472 -1.031741 0.093717 -0.297548 -0.320537 -0.233635 -0.342236 0.222645 1.106692 0.642266 -0.220292 0.345587
0.275274 -0.865796 0.575556 0.333552 0.210277 -0.370994 0.278025 -0.334218 0.696304 -0.360724 -0.528016 -0.256289
0.135330 -1.140787 0.502186 -0.280200 -0.095868 0.674959 0.668155 -0.580531 0.485335 -0.322943 -0.215698 -0.223748
-0.920889 0.055712 0.881848 -0.585345 -0.737770 -0.456281 -0.320015 -0.618970 -0.039019 0.580626 0.257730 0.214227
-0.057624 0.414812 -0.017313 -0.190929 -0.258288 -0.175574 -0.354166 -0.201458 0.460355 0.184817 -0.357480 0.183396
0.546549 -0.844579 1.289790 -0.865748 0.090734 0.327778 -0.032240 -0.052061 0.346184 -0.762392 -0.128223 -0.501695
0.113696 -1.006579 1.211592 -0.458330 0.141686 0.444841 0.123991 -0.347203 0.752751 -0.259209 -0.030537 0.001847
0.087310 -1.163347 0.088164 -0.310498 0.128338 0.533953 -0.015152 -0.261926 0.729365 -0.728782 0.274384 0.249846
-0.147832 -1.372945 0.511137 0.012536 -0.156795 -0.182966 -0.335983 0.503151 0.692216 -1.170769 -0.144520 0.334955
0.433364 -1.180840 0.107515 0.049087 0.278170 0.661643 -0.164600 -0.072117 0.355630 -0.826679 -0.070976 0.283804
0.329449 -0.994095 0.786003 -0.236477 -0.218099 0.003425 -0.094269 0.694898 0.752254 -0.758782 -0.130723 -0.220194
-0.259122 -0.714909 0.251513 0.369638 -0.209855 -0.113291 -0.037736 0.112924 0.964596 -0.879519 0.181443 0.193408
-0.219917 -0.570104 1.200068 -0.351321 0.783653 -0.511113 -0.152002 -0.990399 0.520408 -0.009464 0.410368 0.089591
0.130404 -1.245404 -0.565562 -0.407812 0.814759 0.149215 -0.185973 -0.344163 0.497041 -0.705446 0.209250 0.587355
-0.095296 -1.184488 0.337327 -0.576217 -0.322590 -0.213099 0.273783 -0.218957 0.498329 -0.203705 0.147250 -0.508638
0.449581 -0.045844 1.274022 -1.068531 0.391720 0.107298 0.168618 -1.264542 0.681869 0.107512 1.042693 -0.556681
0.005854 -1.271746 0.603396 -0.302611 0.441284 -0.343113 0.311279 -0.773092 0.143162 -0.374869 -0.004665 -0.233421
-0.119760 -1.261187 0.595329 0.220016 0.338351 -0.117142 0.289617 -0.129739 0.251916 -0.988878 -0.823331 -0.063099
0.693060 -0.676130 1.008148 -1.219659 0.034069 -0.489894 0.529955 -0.569036 0.293040 -0.196163 0.374712 -0.542823
0.098711 -0.641236 1.381864 -0.438584 0.119276 0.200168 0.116625 -0.075660 0.536413 -0.813378 0.233545 0.132363
0.534802 -0.236974 1.396745 -0.351540 0.408427 0.121021 0.047797 -0.697845 0.403372 -0.307371 -0.005182 -0.338496
0.015741 -0.561652 0.550809 -0.127553 0.714626 -0.749045 0.918441 -0.542940 0.495697 -0.130540 -0.049661 -0.313977
0.147359 -0.269073 1.546334 -0.472694 0.377807 -0.372533 0.061507 -0.813305 0.426340 0.062706 -0.294693 -0.452015
-0.001052 -0.190196 1.210792 -0.626103 0.355403 -0.250342 0.433340 -1.141568 0.649083 -0.358883 -0.630473 -0.078180
0.568773 -0.869779 0.468908 -0.335608 0.675339 -0.913919 0.696516 -0.799229 0.188652 -0.322914 0.105654 -0.238587
0.278089 -0.791303 1.524302 -0.939414 -0.005346 -0.568261 -0.151797 -0.696142 -0.126415 0.716364 -0.142376 -0.498042
0.304387 -1.027159 0.605806 -0.190045 0.289268 -0.070356 -0.022411 0.209724 0.520937 -1.124360 -0.582726 -0.054101
0.578937 -0.786434 0.822575 -0.364779 0.297521 -0.179213 0.084768 -0.066531 0.035792 -1.039229 -0.636958 -0.405587
0.504155 -0.977258 0.953494 -0.363417 0.112749 0.041926 0.004637 -0.084261 0.203383 -0.905764 -0.622722 -0.321697
0.083926 -0.524386 0.979428 -0.126920 0.285240 -0.509307 0.329282 -0.729626 0.698876 -0.150395 -0.020300 -0.221199
0.174366 -0.922684 0.606510 -0.124451 0.168070 -0.313388 0.530959 -0.746668 0.401300 -0.299895 0.177940 -0.126815
0.148234 -0.316183 1.255016 -0.171644 0.119663 -0.034755 0.214024 -0.553078 0.702915 -0.554921 0.311568 -0.001069
0.449536 -0.927844 1.423408 -1.110896 -0.043989 0.044437 0.157884 -0.631572 0.700719 -0.289241 -0.059313 -0.276092
-0.417769 -0.952577 1.090155 -0.626058 0.082625 -0.271854 0.096831 -0.618173 0.468129 -0.039174 0.183247 0.167792
0.312804 0.405183 0.871723 -0.476438 0.140271 -0.793035 0.168884 -0.816266 0.160177 0.197116 0.086345 -0.710845
-0.174070 -1.393268 0.533089 -0.272477 0.326346 0.084819 0.510965 -0.690535 0.083115 -0.336319 0.067484 -0.096425
0.717409 -0.359909 1.229666 0.348365 -0.063408 -0.424155 0.439711 -0.172966 0.589069 -0.656346 -0.351781 -0.220075
-0.491664 -0.783717 1.037495 -0.578641 0.793914 -0.525277 -0.093836 -1.102984 0.857584 0.516147 0.569258 0.192554
-0.067135 -0.410879 0.661205 -0.096440 -0.010901 -0.260061 0.520659 -0.866258 0.402073 -0.191145 -0.301012 0.054675
0.091053 -0.819901 0.523010 -0.893593 0.463949 -0.620899 0.527710 -0.613598 0.707690 0.111144 0.166780 -0.122418
0.135426 -0.646447 1.567476 -0.885824 0.250186 -0.242976 0.100794 -0.748886 0.099190 -0.123191 -0.161118 -0.249150
0.224380 -0.662973 1.266831 -0.764030 0.055050 -0.240180 -0.045022 -0.575562 0.424874 -0.401922 -0.102565 -0.343987
0.161683 -0.811914 1.301253 -0.459437 0.166913 -0.405828 0.055072 -0.210618 0.431071 -0.579982 0.114732 -0.239904
0.448996 -0.465069 0.802969 -0.308345 0.842435 -0.357691 0.296847 -1.101375 0.518934 0.145100 0.259559 0.118222
0.037234 -0.795966 0.587929 -0.061708 -0.120372 0.600935 0.947148 -0.524790 0.007919 -0.570321 -0.343203 -0.124515
-0.053765 -0.364599 0.206547 0.098049 0.051712 -0.131825 0.340151 -1.091976 0.370122 -0.436596 -0.142806 -0.077822
0.018851 -1.250117 0.297613 0.290877 0.712960 0.224459 0.055822 -0.267257 -0.024696 -0.571453 -0.106207 -0.016254
-0.132191 0.188293 -0.338562 0.245250 -0.547514 0.021964 -0.175663 0.115749 0.507460 -0.284841 -0.165350 0.109760
-0.338751 -0.789918 0.269243 -0.482503 -0.288706 -0.238395 0.267019 0.160436 0.008650 0.240288 -0.438674 -0.448828
-0.404517 0.191457 0.933333 -0.490342 -0.170024 0.086601 0.195819 -0.272966 0.215954 -0.000953 0.373638 -0.191107
0.682566 -1.163240 0.150998 -0.207961 0.175692 -0.586361 -0.210323 0.051440 1.295122 -0.283823 0.004975 -0.499200
0.276035 -0.380946 0.709061 -0.101711 0.214702 -0.856119 -0.203436 -0.407617 0.911145 -0.123783 0.422129 -0.377049
-0.641582 -0.417758 0.984896 -0.283715 -0.647884 0.320621 0.721772 -0.853992 0.512117 -0.555178 -0.438412 -0.178380
-0.437116 -0.403221 0.482649 0.560470 -0.040519 -0.791467 0.129812 -0.345159 -0.188233 -0.420628 -0.241982 -0.224366
0.953784 -0.219003 0.542599 -0.478958 0.758112 -0.393725 0.534229 -0.393880 0.720477 -0.050085 -0.309173 -0.149529
-0.448332 -1.066622 0.547116 -0.158307 -0.345655 -0.327611 -0.667074 0.250291 0.598666 0.042562 0.187037 0.447220
-0.528824 0.002783 0.220809 0.493927 -0.135097 -0.241452 0.129822 -0.424467 -0.035984 -0.053289 -0.118308 -0.038495
0.190700 -1.229968 0.731824 -0.146761 -0.212594 -0.540169 0.467963 -0.856816 0.647911 0.247638 0.432588 -0.206923
-0.280850 0.845198 0.563666 -0.158580 -0.803287 0.257264 0.072611 -0.643668 0.308580 0.843725 -0.368689 -0.117882
-0.307064 -0.573532 1.002343 -1.027426 -0.093759 0.130603 0.543088 -0.897928 0.761695 0.051249 -0.175237 -0.060387
-0.322416 -0.701019 0.458094 -0.262791 0.499514 0.344044 0.111105 -0.077341 1.059943 -0.756960 0.146564 0.466114
-0.759679 -1.113592 0.327486 -0.125350 -0.264445 -0.997085 -1.301280 -0.118469 0.828918 0.126093 0.424245 0.332690
-0.779802 -0.606474 0.828569 -0.212796 -0.421612 -0.817398 -0.535232 -0.433234 0.573126 -0.227802 0.407615 0.238767
-0.295385 -0.891856 0.190104 0.002210 -0.291700 -0.283829 0.119767 -0.566666 0.315266 0.682480 0.241690 -0.259454
-0.632512 0.689219 0.246278 -0.245838 0.067405 -0.265351 0.391152 -0.813727 0.690704 -0.186196 -0.552126 -0.180185
-0.007981 0.202119 0.148911 -1.438641 0.571979 -0.666662 0.395648 -0.935412 0.647352 0.673919 -0.016419 0.027695
-0.074013 -0.247706 0.755622 -0.132110 -0.113214 0.210963 -0.103540 0.151152 -0.284931 -0.727673 0.152479 -0.346907
-0.777958 -0.782932 0.732194 -0.081124 -0.677526 0.046995 0.437356 -0.512785 0.098967 -0.572990 -0.455757 -0.427524
-0.564529 -0.451214 0.773853 -0.374082 -0.494086 0.065689 0.270701 -0.126749 0.786017 -0.213472 -0.197183 0.295552
0.021873 -1.450702 0.866138 0.286996 -0.474697 -0.320277 -0.192440 0.124559 0.589230 -0.717469 -0.414200 0.079194
-0.522758 0.456924 -0.064307 0.031097 -0.928861 -0.371822 -0.403803 0.631938 0.852154 0.086881 -0.622369 0.447201
0.172982 -1.154863 0.276870 0.047006 0.059581 0.090373 1.225301 -0.547650 0.763390 -0.462114 0.152377 -0.049363
-0.841002 -1.262358 0.755971 -0.288032 0.256730 -0.220381 -0.257592 -0.613515 0.316462 -0.452670 -0.036432 0.148829
0.294420 0.469208 -0.200940 -0.795272 -0.765278 -0.573264 -0.033815 0.065288 0.511844 0.310246 -0.154150 -0.361951
-1.027825 0.162031 0.698562 -0.503408 -0.083468 -1.348656 -0.469600 -0.817817 -0.224928 0.878086 0.346906 -1.628163
-1.205820 -0.679195 1.361854 -1.109238 -0.426333 -0.269130 0.074408 -0.407177 0.629789 0.353418 0.349687 0.141420
-0.634779 -0.709313 1.046484 -0.729676 0.174540 0.002189 0.115641 -0.191487 0.364831 0.759122 0.111360 -0.250492
-1.184143 -0.641136 0.855916 -0.858365 -0.287480 -1.067859 -0.559981 -0.356831 1.055210 0.455772 0.784568 0.121271
-1.044561 -0.713571 0.612807 -0.116142 -0.945046 -0.668118 -0.159485 0.048114 0.617454 0.247244 0.088734 -0.060997
-0.251045 -1.205565 0.946397 0.813576 -0.409603 0.185584 0.000888 0.230491 0.874785 -0.244864 -0.139971 0.095935
-0.016185 -1.269523 0.197447 0.297476 -0.356255 0.633512 0.211358 -0.074011 0.832636 0.041198 -0.093316 -0.071596
-0.589781 -0.733675 -0.214292 -1.157581 -0.691585 -0.001427 0.200725 0.266661 0.596402 0.235329 0.306368 0.115146
-0.701997 0.237103 -0.136846 -1.091275 -0.121953 -0.675503 -0.767165 -0.236589 0.016532 0.624201 0.279477 -0.360199
-1.325239 0.024856 -0.082238 -0.692483 -0.593773 -0.756571 -0.986547 -0.862854 0.002699 0.406050 0.888501 0.025935
-1.139023 -0.228772 0.595864 -0.577186 -0.749526 -0.002556 -0.411026 -0.490236 0.794295 0.044882 0.304309 0.343244
-0.552622 0.503539 0.721201 -0.480519 -0.549497 -0.060456 -0.281600 -0.041094 -0.264452 0.857563 -0.055303 0.222343
-0.969681 -0.472404 0.096382 -0.384718 -0.005086 -0.142465 -0.545219 -0.179212 0.600420 0.118672 -0.142693 -0.218844
-0.555356 0.043190 0.099367 -0.084177 -0.114333 -0.381107 -0.309626 -0.082433 0.656305 0.277455 -0.036251 0.562851
-0.669400 0.436107 0.027704 -0.515676 0.223642 0.482122 -0.470668 -0.315059 1.393879 0.230268 -0.115006 0.123041
-0.397613 0.113480 0.529901 -1.296992 -0.059651 -1.561153 -0.301037 -1.395149 -0.069140 0.857034 0.095591 -0.163555
-1.332165 -0.014249 0.613385 -0.392090 -0.737991 -1.342782 -1.225236 -0.163756 0.733601 0.287979 0.519592 0.968903
-1.398237 0.222426 0.810750 -0.647054 -0.608583 -0.766156 -0.894489 -0.072607 0.938059 0.012834 0.703031 0.965043
-0.210409 -0.244081 0.027710 -0.673874 -0.085468 0.113708 -0.484202 -0.858627 1.104356 0.155197 0.175787 -0.247592
-0.964901 0.103165 0.114676 -0.736511 -0.239720 -0.933834 -0.369739 -0.198499 0.262950 0.673491 0.610367 0.059084
-1.257822 0.041200 0.064821 -0.890633 -0.429307 -0.715444 -0.814413 -0.310764 0.275892 0.413669 0.897178 0.037424
0.529328 -0.924372 0.748580 0.326417 -0.312599 -0.059907 0.937132 -0.172041 0.625332 -0.476868 0.310294 -0.058864
0.008957 -0.196491 0.425160 -0.456123 -0.591502 0.931364 0.907369 -0.375392 0.503754 -0.115666 -0.014627 -0.421704
-1.028871 0.680158 0.210962 -0.764312 -0.643440 -0.953823 -0.382787 -0.332842 0.618242 0.626607 0.052960 -0.219913
-0.778370 0.039355 0.125343 -0.726613 -0.213553 -0.403428 -0.262790 -0.473733 0.156702 0.574742 0.735818 -0.712191
-0.040565 -0.346659 1.304644 -0.330085 -0.186514 -0.462584 -0.325199 -0.570077 0.528839 0.222822 -0.166591 -0.837091
-1.078462 0.580580 0.454022 -1.073522 -0.603843 -0.703635 -0.950226 -0.526027 0.284752 0.608061 0.425125 -0.120513
-1.126554 0.920886 0.330683 -0.660520 -0.131163 -0.266871 -0.195599 -1.163653 0.677644 0.623238 -0.783474 -0.580226
-0.685026 0.494097 0.484077 -0.250143 -0.325968 -0.892299 -0.392337 -0.846597 -0.221111 0.696013 -0.555930 0.272917
-1.200713 -0.503897 0.368287 0.514100 0.264261 -0.927566 -0.577918 -1.290190 0.570132 0.191278 0.166724 0.146736
-0.939533 -1.143014 0.525292 0.037680 -0.269205 -0.385483 -0.489011 0.109325 0.783088 0.075267 0.356265 0.731452
-0.870739 -0.786203 1.052777 -0.097194 0.022020 -0.111197 -0.340326 0.034907 1.003777 -0.005217 0.430300 0.564942
-0.923795 0.258240 0.796754 -0.295926 0.057384 0.057355 -0.201623 -0.237405 -0.245913 0.846473 -0.103077 -0.138039
-0.673627 -0.014110 0.521042 0.237079 -0.153972 0.672643 0.165063 -0.274811 0.805889 0.032617 0.074495 0.344356
-1.355631 0.064281 0.844644 -0.426407 -0.400146 -0.597854 -0.738733 -0.175320 0.784711 0.510101 0.451494 0.480095
-0.759999 -1.480238 0.903088 0.437402 -0.123536 -0.055855 -0.517857 0.040929 0.665345 -0.104511 0.227270 0.719656
-0.525442 -0.399125 0.655437 -0.426377 -0.505569 -0.428480 -0.318367 -0.153762 0.698761 0.097246 0.058904 0.282089
-1.305677 0.640226 0.206451 -0.257579 -0.289076 -1.256369 -0.412320 -0.536181 1.436864 0.408623 1.078387 -0.665128
-0.573382 -0.597096 0.927640 -0.265116 -0.570704 0.178758 -0.168898 -0.163634 0.755182 0.042868 0.329603 0.262140
-1.063034 -0.417703 0.695187 -0.659814 -0.497743 -0.402721 -0.459105 0.150956 0.831713 0.686476 0.468090 0.347518
-1.415573 -0.097396 0.445380 -0.443356 -0.775602 -0.268026 -0.420584 -0.565992 0.407833 0.172414 -0.021726 -0.016911
-0.091117 0.873236 0.211546 0.245028 -0.144683 -0.024405 -0.374840 -0.135827 0.187022 0.074035 -0.203621 0.061994
-1.120758 0.323841 0.112304 0.146280 -0.163949 -0.595589 -0.434068 -0.397985 -0.370014 0.126818 0.105420 -0.513115
-0.601115 0.855321 0.530121 -0.006888 -0.165015 -0.239255 -0.344960 -0.477509 -0.286684 0.192833 0.050488 -0.116058
0.065628 -0.595517 0.704682 -1.007041 0.064642 -0.432171 0.059452 -0.223643 0.925261 0.005090 0.206698 0.083312
-0.778656 -0.818694 0.792726 -0.577625 -0.505994 0.556431 0.384160 -0.372907 0.912174 -0.129644 -0.229183 0.347869
0.417969 -0.609015 0.454075 -0.508939 0.885352 -0.083682 -0.033714 -0.450162 1.298932 -0.546720 -0.297068 0.298491
-0.539445 -0.074910 0.035175 -0.503566 -0.229823 -0.602589 0.273205 -0.171924 0.560491 0.483057 -0.064377 -0.591531
-0.344032 -1.338171 0.922827 0.006355 -0.295848 -0.425856 0.783834 -0.826728 -0.307660 0.660441 -0.087782 -0.943334
-0.140727 0.179102 0.481386 -0.878429 -0.126628 0.197854 0.055063 -0.440981 0.186826 0.425421 0.037318 -0.545866
-0.208207 0.016940 0.797677 -0.768804 0.219602 -0.964534 0.338050 -0.563276 0.663846 0.238426 -0.146425 -0.197498
0.251658 -0.834768 0.413319 -0.521018 -0.206709 1.431939 1.249138 -0.725429 0.612696 0.464956 -0.183341 -0.211000
0.149342 -0.695848 0.306562 -0.583129 -0.356571 1.237314 1.060338 -0.629889 0.589392 0.281161 -0.005860 -0.196753
0.203734 -0.203663 0.791495 -0.564422 -0.283664 1.252580 1.077340 -0.637869 0.366629 0.287535 -0.035796 -0.780445
0.401075 -0.336462 0.711618 -0.311400 -0.395310 1.456909 1.194525 -0.223083 0.329221 0.189952 -0.163181 -0.440987
0.170151 -0.393906 0.597586 -0.495753 -0.497556 1.357659 1.185841 -0.541363 0.611754 0.276508 -0.078649 -0.377586
0.215012 -0.500200 0.835404 -0.180559 0.060059 0.780227 1.143312 -0.692723 0.434572 0.504689 0.111595 -0.741674
0.379262 -0.261804 0.867441 -0.182212 -0.465640 1.492182 1.281677 -0.393203 0.339840 0.245762 -0.131375 -0.585291
0.006010 -0.556958 0.932070 -0.713081 -0.558092 1.302010 1.003334 -0.632839 0.486322 0.225880 -0.206844 -0.105818
0.059261 -0.240056 0.631138 -0.763115 -0.575235 1.494839 1.214045 -0.492974 0.516435 -0.048396 -0.349763 -0.152670
0.318847 -0.394942 0.687431 -0.421496 -0.137016 1.244278 1.109567 -0.566346 0.508315 0.414295 -0.175996 -0.502670
0.335447 0.006517 0.862947 -0.373886 -0.575730 1.452248 1.263272 -0.180888 0.258806 0.150784 -0.356985 -0.477390
0.740594 0.010420 0.847841 -0.069912 -0.221035 0.676190 1.365745 -0.628048 0.316819 0.531220 -0.160309 -0.555015
0.118500 -0.819096 0.824200 -0.780254 -0.070716 1.205455 1.207756 -0.422976 0.234006 0.411978 0.091487 -0.340077
-0.079079 -0.308105 0.402004 -0.332968 0.210492 1.095990 1.200467 -0.482082 0.946541 0.968107 0.018561 -0.786681
0.388219 -0.180311 0.665578 -0.042983 -0.326157 1.085854 1.235569 0.048720 0.557994 0.111381 -0.324430 -0.507573
-0.055433 -0.658157 -0.099999 -0.340684 0.174526 0.425471 0.648508 -0.528360 1.169297 0.051279 -0.379215 -0.128859
0.191048 -0.233492 0.588587 -0.410977 -0.621910 1.406298 1.286223 -0.513362 0.614708 0.114401 -0.135148 -0.329746
0.113640 -0.560813 0.603272 -0.445141 -0.488957 1.487448 1.185916 -0.649731 0.663436 0.298893 -0.097156 -0.261272
0.253211 -0.626987 0.472468 -0.583265 -0.383244 1.366500 1.178456 -0.474849 0.486890 0.268424 -0.030857 -0.214629
0.146072 -0.083101 0.600533 -0.423238 -0.668870 1.361902 1.311205 -0.545030 0.691780 0.165091 -0.086857 -0.328428
0.380765 -0.017071 0.942427 -0.288854 -0.574678 1.452376 1.234298 -0.268006 0.254764 0.165826 -0.264111 -0.595375
