0.069390 -0.472339 1.441054 -0.400400 0.964223 -0.148419 0.321588 -0.665794 -0.397102 0.002895 0.034940 -0.842968
0.470726 0.849619 0.396662 -0.388034 -0.587307 -0.222885 0.161943 -0.091363 0.666794 1.042811 0.029111 -0.229295
0.140412 -0.119494 0.322450 0.070618 0.506452 -0.301877 0.604188 -0.738321 0.174713 -0.086090 0.005572 -0.186846
-0.125406 -1.169443 0.860308 -0.066473 0.490151 -0.514792 -0.592362 -0.009448 0.479500 -0.766391 -0.226294 0.248702
0.271617 -0.952096 0.872237 -0.729868 0.109654 -0.446262 0.430287 -0.872120 0.453965 -0.319836 -0.519078 -0.271946
-0.128591 0.237439 0.775496 0.023324 0.542965 -0.520653 -0.139718 -0.735252 0.745796 -0.258318 0.148006 -0.520421
0.869033 -1.260291 -0.363476 -0.285242 0.330947 -0.082263 0.309191 -0.311221 0.558004 -0.827801 -0.517526 0.137584
0.506152 0.730027 0.149928 -0.314566 -0.062338 0.140252 0.074812 -0.545027 0.712046 0.301983 -0.172663 0.327210
-0.442069 -1.127099 1.328773 -0.639743 0.069183 -0.475215 -0.109296 -0.228091 0.381550 -0.584153 0.200736 -0.268270
-0.050405 -1.266394 0.101574 -0.525707 0.426307 0.128093 -0.525406 -0.377943 1.067467 -0.511644 -0.032443 0.266779
0.209047 0.166691 0.934049 -0.069265 -0.069387 -0.809413 -0.284559 -0.569667 1.012744 1.111423 -0.076489 0.268818
-0.000196 -0.028210 0.100228 -0.138745 0.338470 -0.636548 0.398811 -0.705318 0.196989 0.084330 0.674018 -0.334581
0.294414 -0.714641 1.407108 -0.441756 0.501701 -0.437394 -0.166012 0.109302 -0.071579 -0.604866 -0.313154 -0.546440
-0.104514 -0.026463 0.172453 -0.769039 -0.183240 -1.220573 -0.382756 0.138427 -0.060603 0.144699 0.477555 -0.115408
-0.130284 1.078728 0.116172 -0.179553 -0.259209 -0.749363 -0.170939 -0.429305 0.069366 0.595095 0.184297 -0.367288
-0.245826 -0.588354 1.304182 -0.413200 0.521299 -0.032633 -0.168920 -0.602870 0.615540 -0.094517 0.057672 -0.145765
0.339898 0.556457 0.668470 -0.330286 0.330339 -0.440155 0.284151 -0.404949 0.412761 0.204124 -0.192271 0.009520
0.479790 -1.055007 0.417495 -0.710018 0.627136 0.253520 0.174491 -0.856850 0.138423 -0.228225 -0.152743 -0.053383
0.011146 -0.761719 1.060445 -0.298187 0.551546 0.344550 0.472121 0.062956 0.505812 -0.634105 -0.153388 -0.235106
0.228750 -0.837377 1.049625 -0.927878 0.223885 0.146432 0.473052 -1.020903 0.212764 -0.629606 -0.387098 -0.264698
0.064212 -1.488893 0.256537 -0.198742 0.282224 0.600225 -0.137021 -0.236218 0.732006 -0.351024 0.097228 0.487499
0.195482 -0.227309 1.400835 -0.315880 0.339168 -0.591730 -0.438643 0.166505 0.577779 0.171990 -0.189111 0.525693
-0.582447 -1.001188 0.125952 -0.556388 -0.084720 0.137617 0.101424 -0.539322 0.804162 0.292772 0.217187 0.191663
0.092667 -1.151422 0.663484 -0.110564 0.700120 -0.884762 -0.288867 -0.962042 0.994936 -0.101173 0.790989 0.409652
0.016603 -1.002528 0.447800 -0.449353 0.512823 0.851739 0.796117 -0.922413 -0.024800 -0.309193 -0.623612 0.071204
0.061402 -1.215095 0.320501 -0.219714 0.390934 0.148022 0.678194 -1.368897 0.370051 -0.585808 -0.426709 0.223268
0.571660 -0.729304 0.905846 -0.063324 -0.032612 -0.332461 0.043330 -0.167632 0.435994 -0.424559 0.175224 -0.130948
0.176744 -0.585512 0.456786 0.476481 0.535159 0.103096 0.395292 -0.673560 -0.189808 -0.252716 -0.086612 0.031146
-0.314263 -0.770009 1.089894 -0.403341 1.295355 -0.365643 0.127903 -0.857287 0.377568 -0.671285 -0.772226 -0.057712
0.006775 -1.306173 0.240142 -0.168627 -0.189456 0.268444 0.250029 -0.121659 0.409774 -0.368970 0.126033 -0.257515
0.381548 -0.824196 0.609235 -0.158995 0.348564 -0.698925 -0.197752 0.224144 0.644721 -0.575897 -0.079175 -0.324055
-0.556406 -0.743241 -0.018163 -0.646727 -0.621303 -0.125966 -0.336749 0.133355 0.549962 0.349964 -0.080326 -0.280625
-0.349261 -0.632999 0.774951 -0.199116 0.012660 -0.474417 -0.233364 0.321646 0.533096 -0.783776 0.348445 -0.131960
-0.233663 -0.817635 0.143814 -0.883184 0.059552 -0.228034 -0.342620 0.285355 1.262788 -0.609456 -0.076358 -0.195343
-0.353152 -0.546667 0.175887 -0.576833 0.047852 -0.939529 -0.819655 0.097022 1.242309 -0.411623 0.191199 0.598989
0.270553 -0.742445 0.283165 -0.717661 -0.713761 -0.259691 -0.186260 0.308499 0.118761 0.056618 0.190174 -0.042861
-0.015749 -1.114718 0.733685 0.077923 0.183007 0.869016 0.609245 -0.402922 0.632153 -0.256026 -0.166963 0.127602
0.311698 0.166299 0.782079 -0.298316 0.527100 -0.878388 0.090426 -0.528256 0.482627 0.203262 0.465597 -0.963634
0.154047 0.098148 0.957216 -0.248994 -0.484417 -0.287120 -0.205773 0.769332 0.888887 -0.456281 -0.504102 0.330240
0.045599 0.834882 0.864599 -0.786900 1.404863 -0.719048 0.025406 -1.358263 0.017839 0.067415 -0.104874 -0.557693
-0.241290 -1.420946 1.177113 -0.254363 -0.077752 0.166195 -0.055503 -0.347082 0.375017 -0.879815 -0.155322 0.156542
0.386567 0.022397 0.189558 -0.282487 -0.420334 -0.352450 0.258614 0.647041 0.143231 -0.633325 -0.110417 0.440989
0.555862 -0.277134 1.038765 -0.231776 -0.297318 0.256573 0.210378 -1.091618 0.563698 -0.471373 -0.089278 -0.630250
-1.115844 0.768950 0.675358 -0.920242 0.148634 -0.541812 -0.564503 -0.710864 0.272208 0.920906 0.705778 0.136067
0.025441 -0.939325 0.997734 -0.845814 -0.545666 -0.208124 0.005072 -0.531230 0.492819 -0.497002 0.362317 -0.508955
0.499890 -0.054770 0.717802 -0.690581 0.324042 -0.429211 -0.041971 -0.218093 0.729682 0.274207 0.224883 -0.078047
0.310511 -0.106215 1.432648 -0.905629 0.222449 -0.331263 -0.206141 -1.215347 0.498762 0.944322 0.461969 -0.416658
0.102753 -0.150980 0.621272 -0.313461 1.066896 0.049360 0.633944 -0.339196 0.543426 -0.162838 0.125582 0.369515
0.026430 0.356685 0.704361 -0.071366 -0.084724 -0.276864 -0.371289 0.280632 0.626765 -0.480128 -0.664384 0.465959
0.163242 -1.079381 0.898566 -0.093940 0.064213 -0.464310 0.139255 0.588343 0.234050 -0.794408 -0.607366 -0.385717
0.142934 0.390419 1.283818 -0.333200 -0.057995 -0.465844 -0.212211 0.082481 0.069533 -0.337413 -0.541421 -0.055047
0.109855 -0.775105 1.203388 -0.459145 0.445165 0.015232 0.172302 -0.234297 0.161144 -0.737064 -0.151241 -0.299509
-0.299485 0.880020 0.710796 -0.107802 -0.068863 -0.482899 -0.390521 -0.338282 0.464836 0.143946 0.139759 0.140999
-0.466775 -0.327825 0.718293 -0.104515 -0.278543 0.467806 0.367153 -0.529567 0.392670 -0.423035 -0.126354 -0.202490
-0.378118 0.638111 1.376256 -0.607250 -0.221759 -0.937162 -0.663803 -0.482106 0.319921 0.828792 0.461882 -0.035637
-0.051281 0.157855 0.027281 0.405397 -0.091282 -0.388381 0.131037 1.082474 1.105352 -0.487306 -0.800161 0.181084
-0.132011 -1.201881 0.250809 0.219762 0.059145 0.149168 0.065600 -0.899436 0.260238 -0.069582 0.260920 0.657719
0.352528 -0.918132 1.165718 -0.340941 -0.147880 -0.469693 0.397021 0.182465 0.561173 -0.511423 -0.050622 0.191340
-0.184389 0.598473 0.458598 -0.000033 -0.200146 -0.773647 -0.253992 0.146069 0.700073 0.854432 0.442203 -0.313295
0.060318 -0.297770 0.105207 0.244741 0.034874 -0.137645 0.209225 0.032976 0.287611 -0.057641 0.273662 0.305160
-0.514969 -1.295876 -0.171864 0.217692 0.079215 -0.179060 -0.227722 -0.223957 0.718707 -0.673394 0.500546 0.548043
-0.105677 -0.778598 1.211522 -0.390958 0.222722 -0.074891 0.181810 -0.367276 0.575713 -0.477638 0.310281 0.349303
-0.215803 -0.293618 0.563543 -0.396149 0.299322 -0.251726 0.548334 -0.098703 0.870864 -0.095644 -0.411989 0.442857
-0.620886 -0.800508 0.306114 -0.016805 -0.030807 -0.307290 0.396837 -0.656045 0.409113 -0.134561 -0.137899 -0.448632
0.400424 0.180756 0.973657 -0.020477 0.125858 -0.836626 0.538537 -0.629293 0.424454 0.104803 0.345004 -0.108844
-0.003338 -1.318963 0.489178 -0.474928 -0.185867 -0.553638 -0.080098 -0.234527 0.932229 0.231047 0.627352 -0.613003
-1.015435 0.419679 0.784457 -0.944087 -0.435411 -1.104186 -0.430191 -0.370199 0.850337 0.924296 0.559429 -0.052131
-1.549481 -0.797838 0.687105 -0.379276 -0.689951 -1.175595 -0.951652 0.061015 0.718194 0.229743 0.931729 0.752258
-0.470376 -0.206244 0.484410 -0.154300 -0.064897 -0.504735 -0.178821 -0.297920 0.860149 -0.296362 -0.116206 -0.464695
-0.895341 -0.379169 0.426131 0.447599 -0.545549 -0.292101 -0.961950 0.622520 0.425262 -0.076796 0.256668 1.057841
-0.885941 -0.849767 0.654492 0.040907 -0.343704 -0.424985 -0.450147 0.158694 0.696919 -0.152498 0.099400 0.413784
-0.104018 -0.635805 0.203033 -0.938292 -0.410920 -0.501323 0.419769 -0.372146 0.785853 -0.249522 0.365129 -0.456229
-1.098459 -0.847362 0.773220 0.049609 -0.125829 -0.408851 -0.485038 -0.166023 0.856621 -0.126047 0.713742 0.627408
0.710830 -0.065240 0.045398 -0.646423 -0.056043 -0.076869 -0.360532 -0.132743 0.656444 0.351901 -0.425775 0.269426
-0.863451 -0.641752 0.266265 -0.219225 -0.260614 -0.379473 -0.478769 0.061256 0.632650 0.428010 0.521786 0.391749
-1.109296 -1.078583 0.827740 0.319532 -0.230385 -0.645488 -0.856051 0.013174 0.692892 -0.188582 0.691907 0.774950
-1.108494 -0.665058 0.612672 0.274503 -0.159134 -0.492087 0.210269 -0.742578 0.212738 0.042363 0.186702 -0.287060
-0.922674 -0.405191 0.898639 -0.129258 -0.135311 -0.116461 0.105947 -0.223798 0.211666 0.731583 0.390175 0.068247
-0.201250 0.273505 0.498209 -0.028623 -0.819837 -0.577933 0.030378 -0.262105 0.379972 0.623226 -0.659424 0.147079
-0.047190 -1.295156 0.664457 -0.473651 0.168526 -0.197127 -0.165129 -1.063601 0.225612 0.151280 0.256366 0.257274
-0.193400 -0.536710 0.248985 0.571207 -0.463411 0.056834 -0.075555 -0.015868 0.033093 -0.854948 -0.325767 -0.383226
-0.376641 0.150956 0.122140 0.089917 0.158505 -0.197081 -0.287674 -0.912723 0.617235 0.012758 0.108420 0.170956
0.364709 -0.881959 -0.020361 -0.327059 0.182962 0.187095 -0.155210 -0.076196 0.886554 -0.064617 0.064539 -0.207471
-0.570480 -0.499915 0.585892 -0.438586 -0.249111 0.311865 -0.480127 -0.551596 0.706486 0.057989 0.126516 0.277488
-1.045954 -1.039510 0.673215 0.065085 -0.131555 -0.382930 -0.016490 -0.224928 0.953260 0.537188 0.290570 0.464051
-0.761265 -0.074028 0.642546 -0.255174 -0.360589 0.121339 -0.030766 -0.013057 -0.025002 0.551501 0.449904 -0.644545
-0.578803 -1.238969 0.416121 -0.527860 -0.531455 -0.079702 -0.244773 -0.461443 0.735022 0.179775 -0.128025 0.266278
-0.990664 0.010373 0.329187 -0.921535 -0.561495 -0.596046 -1.057987 0.091015 0.269437 0.369237 0.232673 -0.008877
-0.554620 -1.032367 0.008089 -0.066165 -0.271675 0.672941 0.574847 -0.196678 0.381624 -0.520556 -1.121174 0.244871
-1.411653 0.156158 0.947882 -0.285745 -0.923904 -0.572133 0.109838 -0.334988 -0.253569 0.345760 -0.251375 -0.030129
0.224184 -0.787736 0.739059 -0.698127 -0.610152 -0.456839 -0.004351 -0.511328 0.025124 0.048527 0.199972 -0.052786
-1.254392 0.037457 1.043171 -0.614460 -0.270315 -1.685074 -1.258344 -0.424638 1.060044 -0.145378 0.915549 0.638392
-0.986919 -0.958646 0.476744 0.348567 -0.324174 -0.493297 -0.826285 -0.149923 0.529038 -0.149448 0.219286 0.835463
-0.768416 0.218459 0.807218 -0.398786 -0.272460 -0.478181 -0.170361 -0.212091 0.472907 0.012033 0.691916 -0.180377
-0.679546 -0.115651 0.427451 -0.261051 -0.393111 -0.116949 -0.404890 0.277797 0.358947 0.045668 0.239477 0.124579
-0.716455 -0.438844 0.107304 -0.832729 -0.008176 0.671805 -0.461010 -0.534534 0.319678 -0.415247 0.228883 -0.441513
-0.937500 0.282022 0.407816 -0.347523 -0.104699 -0.200269 0.172457 -0.988165 0.455070 -0.759293 -0.108707 -0.527175
-0.500163 -0.497613 -0.029459 -0.628771 -0.373696 -0.087152 -0.627848 0.297886 0.452437 1.137465 -0.008997 0.393953
-0.818719 -0.450131 0.618841 0.005931 -0.576665 -0.417636 0.237639 -0.017839 0.815300 0.212909 0.403836 -0.734981
-1.197280 -0.060909 0.425001 0.223804 -0.754505 -0.884027 -1.069911 0.466986 0.402868 -0.282454 0.428246 1.066829
-0.372893 -0.780319 0.767617 -1.196717 -0.534913 0.347156 0.223526 -0.507218 0.859323 -0.378645 -0.034744 0.230242
-0.741624 -0.085274 0.681051 -0.495416 -0.338774 -0.381329 0.090402 -0.416353 -0.225594 0.124607 0.163465 -0.102174
-0.245334 -1.008015 1.025829 -0.454012 -0.427284 0.227613 0.582318 -1.012454 0.338226 -0.344922 -0.005269 -0.187996
-0.663303 -0.890489 1.151046 -0.457493 -0.424436 -0.737459 -0.337714 -0.233298 0.629915 0.348199 0.134694 -0.242687
-0.527852 -0.057584 0.383685 -0.006673 -0.613688 0.293253 -0.272478 -0.282852 0.515551 -0.487293 0.098479 -0.563801
-0.006133 -0.929287 0.896177 -0.532601 -0.413051 0.547961 0.307349 -0.410991 0.376879 -0.641456 -0.012697 0.007787
0.136620 -0.689693 0.195788 -0.327970 -0.148228 0.541792 0.082044 0.292135 0.474933 0.185731 0.560061 -0.137414
-0.040099 -0.560774 -0.763149 -0.121835 0.288638 0.308002 0.464118 -0.751571 1.337471 0.309940 -0.202386 -0.267778
-0.086924 -1.222013 0.343906 -0.660756 -0.190528 0.791113 0.181475 -0.155037 0.528747 -0.581250 0.153266 0.672945
0.116794 -1.185922 0.333528 -0.040177 0.274121 0.518538 -0.171955 -0.929813 1.210616 -0.076064 0.220190 0.081443
0.099737 -0.731534 0.462514 -0.992008 0.098251 0.039092 -0.686980 -0.928689 1.119566 0.167434 0.130936 -0.036216
-1.118292 -0.375035 -0.288995 -0.073206 0.566564 -1.400366 -0.664561 -0.860452 0.351199 -0.111632 0.278257 -0.217219
-0.776216 -0.669747 0.748496 -0.153043 -0.483618 -0.193840 0.110640 -0.357351 0.567954 0.704268 0.545494 0.148873
-0.547008 -0.341386 0.967053 -0.558778 0.424338 -0.181991 -0.618014 -0.298529 0.945528 1.362624 0.424045 0.097543
0.043867 -0.104541 0.242954 -1.005095 -0.293097 -0.009506 0.111519 -0.180979 0.307106 0.079875 -0.160220 0.148813
-0.716730 -1.182413 0.055883 -0.371728 0.580996 0.111745 0.518209 -0.693215 0.614038 0.444825 -0.292537 -0.467930
0.047226 -0.149693 0.020345 -1.038950 -0.190041 0.030952 0.051395 -1.273965 0.332420 0.445512 0.460781 -0.515778
0.869033 -1.260291 -0.363476 -0.285242 0.330947 -0.082263 0.309191 -0.311221 0.558004 -0.827801 -0.517526 0.137584
0.070610 -0.874599 1.158323 -0.670099 -0.096698 -0.384532 -0.512822 0.157607 0.690769 -0.835113 0.241033 0.319606
0.043389 -0.563682 1.011006 -0.467499 0.463796 -0.391306 -0.589966 -0.331796 0.861289 -0.261790 -0.222098 0.241794
-0.152149 -1.150642 -0.214841 -1.244664 0.128954 -0.444149 -0.084959 0.094047 0.380222 1.006448 -0.216755 0.223299
0.211257 -0.446143 0.591762 -0.312858 0.908398 -0.589197 0.270540 -0.771327 0.582076 -0.435687 -0.291500 0.079061
0.461027 -0.631542 0.820043 -0.794567 0.246074 -0.222856 -0.305558 -0.152734 0.661420 -0.846233 -0.355601 -0.375137
0.688134 -0.302085 0.120107 -0.268412 0.588025 -0.429679 0.744067 -1.219503 0.565152 0.060651 -0.674554 -0.245463
-0.037225 -0.625390 0.623152 -0.113413 1.482469 -0.051813 0.172574 -0.698426 0.556009 -0.635389 -0.698669 0.323343
-0.156047 -1.059754 0.446149 -0.259505 0.095330 0.735076 0.954506 -0.891535 0.518305 -0.546408 -0.446888 -0.259401
-0.044485 -0.973901 -0.040555 -0.340650 0.698070 -0.363797 0.897348 -0.834343 0.213682 0.071008 -0.569196 -0.631695
0.187037 0.085412 1.270918 -1.081513 0.722603 0.066594 0.137295 -0.507677 -0.334151 0.142025 -0.451784 -0.361515
0.218481 -0.423477 1.124194 -0.206149 0.598258 -0.425098 0.048079 -0.153979 0.504656 -0.783312 -0.372534 -0.106394
0.219802 0.020479 1.167864 -0.356751 0.160776 -0.350984 -0.227020 -0.113198 0.832222 -0.479664 -0.560587 0.305814
0.265646 -0.181397 1.566381 -0.279825 0.000498 0.349497 0.219337 -1.133846 0.278163 -0.271710 0.390221 -0.714955
-0.448268 -0.250212 0.230468 0.132543 0.058026 -0.937449 0.060166 -0.933983 0.237939 0.088811 -0.064360 -1.119427
-0.349181 0.324703 0.921849 -1.033789 -0.214371 -1.094131 0.183816 -0.866987 0.454511 0.104903 0.486543 -0.681654
-0.011790 -0.899682 1.510255 -0.902447 0.195966 -0.001936 -0.182448 -0.594894 0.632633 0.014780 0.149411 -0.206493
0.299748 -0.537721 0.300634 0.291201 -0.130802 -0.588699 0.792358 0.047673 0.857177 -1.039120 -0.275441 -0.533113
0.357472 -0.705483 -0.440372 -0.126354 0.078649 -0.638596 0.876826 -0.274730 0.091003 -0.211385 -0.728627 -0.323213
0.001404 -0.652077 0.456452 -0.517786 -0.018960 -0.361936 0.374079 -0.897022 0.532811 -0.102641 0.243156 -0.181373
-0.943865 -0.871404 1.164503 -0.922441 -0.102991 -0.727958 0.223195 -0.666818 0.569044 0.523125 0.566317 -0.062726
0.053560 0.090451 0.627973 -0.279619 -0.655644 -0.775903 0.454273 0.191934 0.416778 0.532788 -0.101727 -0.704493
-0.306768 0.047060 0.444748 -0.217817 0.039495 -0.545232 -0.346537 -1.222153 0.196679 0.567545 0.878014 -0.567352
-0.354461 -0.437351 0.112604 -0.907157 -0.139017 -0.250962 0.367219 0.380648 0.906513 -0.601004 -0.199712 0.307745
-0.551785 -0.062933 -0.189205 0.358110 0.227549 -1.030663 -0.379193 -0.508580 -0.206632 -0.147521 0.819586 -0.915185
0.052624 -1.365507 0.318152 -0.854031 -0.241340 0.950048 0.181994 -0.260688 0.535253 -0.253326 0.088868 0.501864
-0.366840 -0.835098 0.764275 -0.200034 -0.230030 -0.660764 0.052506 -0.589117 0.675362 0.489084 0.462428 -0.010809
0.240360 0.110110 0.440820 0.000436 0.451584 -0.777592 0.509966 -0.611418 0.741570 -0.487500 -0.637560 0.522132
-0.353229 0.595741 1.519006 -0.590860 -0.497908 -1.151196 0.322967 -0.542469 0.226558 -0.176943 -0.443901 0.020362
-0.160438 -0.646666 0.639044 -0.374940 1.030630 -0.577398 0.130877 -0.731885 0.489705 -0.390841 -0.147654 -0.006946
-0.313061 -0.951972 1.044206 -0.405372 0.034083 -0.195060 0.189535 -0.892089 0.870412 -0.080767 0.058218 0.119949
0.002955 -0.933249 0.888425 -0.621399 -0.052837 0.064545 -0.130767 -0.628569 1.049713 -0.514509 -0.669241 0.344904
-0.267644 0.147101 0.290458 -0.653399 0.604179 -0.643625 0.316601 -0.829705 0.436479 -0.295032 -0.390090 -0.017980
-0.244414 -0.639092 0.179132 -0.396898 0.560551 -0.729137 0.187354 -0.525775 0.518031 0.164882 -0.241697 -0.156870
0.585228 -0.424512 1.205420 -0.527570 0.247213 -0.034217 -0.381267 0.213235 0.424395 -0.578882 0.372798 -0.339424
-0.731970 -0.690778 0.720301 -0.381639 0.273972 -0.546184 -0.049774 -0.495939 1.010449 -0.351315 -0.111130 0.062666
0.400424 0.180756 0.973657 -0.020477 0.125858 -0.836626 0.538537 -0.629293 0.424454 0.104803 0.345004 -0.108844
-0.050212 0.143984 0.856848 -0.609370 0.156292 -0.759224 -0.235370 -0.608718 1.021672 -0.262548 0.459783 0.179508
-0.269364 -0.453946 0.868413 -1.018144 0.141616 -1.173545 -0.133665 -0.385990 -0.164289 0.125972 0.173639 -0.479699
0.162247 -0.240329 0.587634 -0.826972 -0.436197 1.479919 1.203795 -0.577958 0.648454 0.238320 -0.190931 -0.212242
0.208741 0.072671 1.163478 -0.474260 -0.825480 1.372639 1.316620 -0.676677 0.171086 0.258867 -0.385501 -0.483242
0.269719 -0.198615 0.469636 -0.187900 -0.191137 1.289581 0.979107 -0.160115 0.524229 0.425170 -0.412722 -0.506634
0.128769 -0.569332 0.544439 -0.714302 -0.435247 1.466086 1.262195 -0.665468 0.631461 0.110166 -0.249491 -0.119325
0.429858 -0.294780 0.597998 -0.469573 -0.246210 1.553451 1.127418 -0.245376 0.288833 0.445638 -0.143076 -0.469291
0.237375 -0.324134 0.799885 -0.448315 -0.526040 1.489848 1.484267 -0.760134 0.559204 0.428026 -0.130302 -0.483694
0.156510 -0.081766 0.810565 -0.550466 -0.646306 1.197403 1.101931 -0.276011 0.381224 0.196437 -0.171979 -0.685122
0.161480 -0.009883 0.868622 -0.539127 -0.543738 1.509560 1.178848 -0.367429 0.411236 0.157528 -0.282797 -0.375071
0.412688 0.306074 1.206306 -0.577497 -0.628115 1.519032 1.184840 -0.259357 0.203455 0.515230 -0.273160 -0.743919
0.486002 -0.120894 0.819000 -0.188313 -0.409242 1.484424 1.177532 -0.091165 0.130706 0.411734 -0.320845 -0.626485
0.282438 -0.290174 0.934276 -0.018165 -0.298974 1.568857 1.271779 -0.561363 0.464072 0.670381 -0.372050 -0.723200
0.114198 -0.192943 0.639365 -0.695335 -0.577070 1.399333 1.334870 -0.637511 0.513899 0.102514 -0.229290 -0.178815
0.156192 -0.384055 0.606319 -0.615355 -0.507851 1.368751 1.244203 -0.588073 0.650761 0.113295 -0.208807 -0.227413
0.567336 -0.292232 0.648216 -0.340895 -0.434541 1.376732 1.124585 -0.146904 0.208764 0.067285 -0.006525 -0.431172
0.102486 -0.240705 0.086713 0.049883 -0.731051 0.541736 0.955149 -0.159457 0.611674 0.288327 0.362686 -0.729961
0.053847 -0.383593 0.586110 -0.181963 -0.581811 1.575329 1.160587 -0.414000 0.336568 0.030916 -0.410792 -0.621353
0.412295 -0.044245 0.809282 -0.328777 -0.502778 1.450863 1.257265 -0.243055 0.306337 0.257869 -0.212465 -0.537069
