-0.209938 -0.454016 0.203526 -1.087179 -0.596110 -0.464419 -0.121126 -0.441869 1.072299 0.264626 0.488302 -0.520904
-1.072340 -0.974819 0.365048 0.115151 -0.467216 -0.303523 -0.524688 -0.069143 0.704981 -0.134210 0.078003 0.550174
-0.525980 -0.306261 0.611302 -0.516195 -0.096726 0.752913 -0.021919 -0.037686 0.289860 -0.465562 -0.074505 -0.604156
-1.090040 -0.886526 -0.791361 -0.449185 0.176978 -0.491819 0.339038 -0.631566 0.282805 0.086819 0.365547 -0.327347
-0.715601 -0.401003 0.210708 -0.185441 -0.550256 -0.169422 0.045327 0.477460 0.278693 -0.433706 0.144609 -0.208500
0.181364 -1.071702 0.798886 -0.186654 -0.415827 0.332747 0.411658 -0.146133 -0.083541 -0.500445 -0.851379 -0.471025
-0.577489 -0.239287 -0.067487 -0.450109 -0.149899 -0.006295 0.091544 -1.024536 0.404784 -0.318735 -0.347577 0.210720
-0.893359 -0.401910 -0.248639 -0.962052 -0.303530 -0.208670 -0.806797 -0.411024 0.599180 0.073375 -0.491269 -0.047216
-0.301545 -0.139015 0.285711 -0.092315 -0.105071 -0.129216 0.257510 -0.540107 0.136932 -0.172174 -0.150540 0.190918
-0.443519 -0.356031 0.150512 -0.985230 -0.138958 0.132491 -0.213505 0.029879 0.553262 0.437189 0.987638 -0.679404
-0.393809 -1.209341 0.307854 0.338284 -0.008911 -0.093295 -0.595394 0.143210 0.397095 -0.763961 0.254056 0.497070
-0.024242 0.172823 0.212505 -0.327977 0.484257 0.540423 -0.127442 -0.660101 0.590456 0.007093 -0.190357 -0.722149
-0.002821 -0.571312 0.320007 0.644373 0.095791 0.451408 0.057093 -0.744573 0.630468 0.216790 0.126037 -0.090352
-0.105746 -1.106873 0.412680 -0.157591 -0.144799 0.383359 0.004193 0.420270 0.279693 -0.789991 0.015407 0.309140
-0.713538 -0.576163 -0.207486 -0.286858 -0.862086 -0.176263 -0.405743 0.174954 0.356901 -0.001991 -0.034415 -0.295456
-1.146261 -0.149832 0.594351 -0.527107 -0.453846 -0.683395 -0.424342 0.306828 0.847675 0.838166 0.612021 0.729827
-0.280689 -0.587203 -0.025747 -0.659773 -0.416791 -0.238951 0.560621 -0.241787 1.189171 0.504017 0.006942 -0.041170
-0.629250 -0.320940 0.727477 -0.202281 0.081545 -0.099080 -0.107773 -0.579084 0.626371 -0.188778 0.505859 0.288263
-0.869697 -0.917768 0.393298 -0.250680 0.169623 -0.308794 -0.436173 -0.241207 0.737315 -0.110460 0.650547 0.845615
-0.611950 -1.117843 0.650616 -0.103440 0.020920 0.408410 -0.328084 0.098028 0.661534 -0.356667 0.309281 0.717007
-0.373949 -0.950529 0.737369 0.383779 -0.446531 -0.102309 -0.471373 0.424650 0.675801 -0.606100 -0.161354 0.695887
-0.378644 -1.058113 0.304636 -0.070023 -0.271234 -0.053752 -0.164732 -0.611819 0.713639 0.315199 0.079098 -0.195108
0.416872 -0.189703 1.414894 -0.325396 0.353024 -0.019054 0.305863 -0.690946 0.618535 -0.392195 -0.316513 0.012027
-0.027272 -0.230578 1.073803 -0.543429 -0.033427 -0.440808 -0.355069 -0.055929 0.216660 -0.488653 -0.433846 0.264685
-0.845778 0.009250 0.359805 -0.626846 -0.484296 -0.246734 -0.279180 -0.015408 0.800544 0.644663 -0.105638 0.248428
-1.109082 -0.238864 0.900101 -0.039452 -0.497739 -0.594971 -0.280110 -0.057932 0.446870 0.289980 0.250015 0.165573
0.010242 -0.749174 1.603310 0.064330 -0.138944 -0.412299 -0.336289 -0.380479 0.696235 -0.231856 0.063943 0.056868
0.125053 -0.461515 0.844303 -0.665779 -0.616654 -0.592296 0.372275 -0.373716 0.468415 -0.001009 -0.152523 -0.669084
0.348102 -0.160163 1.765824 -0.864090 0.091526 -0.238375 -0.102199 -0.353599 0.158637 -0.032190 0.252981 -0.487894
-0.107810 -0.570171 0.405240 0.278036 0.524250 0.278156 0.593190 -1.040359 0.250478 -0.345427 0.036726 -0.592424
-1.028404 -0.385668 0.976799 -0.361986 -0.686784 -0.537622 -0.280838 -0.286413 0.620930 0.060695 0.184124 0.184777
-0.947598 -0.740988 1.081677 -0.522337 -0.731998 0.042303 0.168692 -0.502547 0.742043 0.150291 -0.030986 0.176472
-0.533755 -0.053392 0.514962 -0.722322 -0.415169 -0.923366 -0.032456 -0.256101 1.189732 0.043889 -0.266390 0.337694
-1.007426 -0.122083 0.609026 -0.774249 0.259717 -0.335683 -0.220740 -0.312570 0.821347 0.289655 0.020886 0.840255
0.588789 0.112065 1.254162 -1.210363 0.065157 0.038966 0.627137 -1.093794 0.115908 -0.239433 0.181020 -0.218303
-0.454166 0.542081 0.732188 0.018845 0.224692 -0.138696 0.069998 -0.650711 0.388753 0.381374 -0.424675 -0.434441
-0.453858 -0.866416 0.805939 -0.007354 0.281168 0.322414 -0.022677 0.038239 0.504594 -0.176064 0.004063 0.054497
-0.685127 -0.220484 0.443220 0.012330 -0.091344 0.192841 -0.251757 0.130725 0.585064 0.197910 0.391802 -0.259379
-0.533983 0.121065 0.584584 -0.239899 -0.304367 0.058753 -0.025792 -0.074195 0.771218 0.097459 -0.026637 -0.172260
0.225279 -0.789571 0.068845 -0.426243 0.135624 0.347453 0.827565 -0.360449 0.577383 -0.259558 -0.021569 0.148469
-0.114424 0.008375 0.532531 0.003364 0.008925 -0.391685 0.607360 -0.461542 0.697670 -0.552564 -0.731091 -0.433794
-0.262900 0.685371 1.557888 0.081898 0.107877 -0.751429 -0.296799 -0.202321 0.661870 0.051983 -0.097890 -0.115887
-0.442050 -0.720481 0.500930 -0.316920 -0.070447 0.170029 -0.545584 -0.155741 1.096599 0.033741 0.753865 0.513986
0.406195 0.005674 1.349731 -0.470431 0.157695 -0.303493 0.525213 -0.675569 0.291455 -0.362488 0.268944 -0.296488
0.264370 -0.507417 0.351966 -0.028120 0.238667 0.326286 -0.047619 -0.344723 0.635191 -0.411687 0.080071 0.314236
0.084317 -0.811095 1.067434 -0.065549 -0.643008 -0.999208 0.475523 0.033379 0.447700 -0.161410 0.360702 -0.130196
-0.945570 -0.635805 0.761066 -0.095211 -0.139262 0.197711 -0.356282 -0.196413 0.874272 -0.587767 0.799383 0.625473
0.160618 -0.488939 0.316741 -0.115922 0.922332 0.080668 0.499195 -1.115747 0.734664 -0.195417 0.004046 0.498728
0.301299 -0.460831 1.367256 -0.258477 0.570538 -0.404392 0.207180 -0.835324 0.115025 -0.230684 -0.038573 -0.215632
-0.200474 0.074087 0.856687 -0.154879 -0.503364 0.201040 -0.043880 -0.623142 0.492801 -0.040373 0.212355 -0.047076
0.423117 -0.543709 1.147579 -0.221217 0.047888 -0.322924 0.125200 -0.277264 0.595465 -0.369931 -0.175981 0.012381
0.187548 -0.480606 1.432299 -0.103168 0.674674 -0.520301 0.208131 -0.320910 0.002182 -0.804982 -0.232909 -0.168327
-0.641592 -0.511056 0.889606 -0.499042 0.206342 -0.540996 -0.524505 -0.258515 1.196074 -0.149834 -0.075640 0.917406
0.225017 0.548298 0.968100 -0.417081 0.114887 0.058155 0.613503 -0.343402 0.345832 -0.732840 0.196525 -0.334116
0.162144 -0.239775 1.589310 0.038037 0.281698 0.010921 0.398447 -0.429460 0.237078 -0.389156 0.298939 -0.680093
-0.909888 -0.547641 0.275843 0.022958 -0.430643 0.021657 -0.594980 0.423869 0.719678 0.417394 0.359896 0.949846
-0.022698 -1.232583 1.201711 -0.191838 0.409136 -0.609772 0.029768 -0.321485 0.226267 -0.886460 0.242275 0.078870
-0.106119 -1.294914 0.635660 -0.910039 0.251967 0.145507 -0.062733 -0.753548 0.958315 -0.141636 0.299583 0.246565
0.010676 -1.342645 0.284820 0.229246 0.433209 -0.439639 0.360925 -0.149793 0.663148 -0.274681 -0.196888 -0.016340
-0.816777 -1.345526 0.631370 -0.093104 -0.028162 -0.626790 0.252102 -1.016696 0.441308 0.324151 -0.109109 -0.571881
-0.326187 -1.130925 1.249141 -0.723877 0.051973 -0.380152 0.523653 -0.877805 0.451494 -0.531701 0.075045 -0.534271
-0.351070 0.684133 1.431907 -0.583279 0.220980 0.035681 0.593900 -0.524596 0.613851 0.527478 0.458027 -0.126113
-0.530707 0.404566 0.691857 -0.909623 0.757589 -0.862670 0.564484 -1.097390 0.692358 0.538539 0.283470 0.229515
-0.158089 -0.556408 0.532555 -0.385149 0.252422 -0.513988 -0.183001 0.114390 0.812051 -0.271265 -0.075791 0.437888
0.364008 -0.868635 0.351851 -0.654084 0.931539 0.093515 0.391358 -0.900417 0.811375 -0.336440 -0.395256 0.110052
-0.380154 -0.482387 0.469077 -0.468018 0.141887 -0.462470 -0.641505 0.157470 1.207916 0.339407 -0.361913 0.794620
-0.143066 0.029453 0.474225 -0.708526 0.558937 -0.828564 -0.139502 -0.867772 0.575938 0.988797 1.242136 -0.737160
-0.437009 -0.834738 0.004414 -1.222546 0.089329 0.279446 0.588563 -0.980066 1.504102 0.184533 0.265676 0.525248
-0.760056 0.530274 -0.066445 -0.995436 0.007546 -0.516954 -0.775233 -0.086095 0.943641 1.155567 -0.083605 -0.019111
-0.747655 0.026628 1.187280 -0.754366 0.278212 -0.057075 0.340156 -0.401963 0.709959 0.546424 0.032898 -0.095406
0.371079 -0.657530 0.535793 -0.476634 -0.336396 1.402688 1.358308 -0.737421 0.680131 0.426338 -0.001677 -0.190230
0.257919 0.138416 0.625038 -0.445144 -0.610030 1.174639 1.185990 -0.546002 0.492903 0.015310 0.137493 -0.348166
-0.065416 -0.629598 0.670843 -0.380557 -0.333238 1.564704 1.231473 -0.902994 0.659199 0.462415 -0.373068 -0.303397
0.315019 -0.419118 0.722676 -0.330776 -0.372635 1.530890 1.188612 -0.393653 0.345163 0.238109 -0.285523 -0.418638
0.240296 -0.254473 0.432654 -0.679969 -0.481689 1.226419 1.287901 -0.350402 0.793421 -0.015061 -0.229450 -0.046164
0.207399 -0.735679 0.748635 -0.535418 0.045664 1.297679 1.045778 -0.642375 0.767085 0.586801 -0.391477 -0.574252
0.110236 -0.176424 0.666126 -0.869340 -0.262738 1.169719 0.972691 -0.996329 0.593941 0.310438 0.020525 -0.308685
0.308848 -0.349799 0.607652 -0.557863 -0.310736 1.501716 1.067500 -0.250603 0.266337 0.124383 -0.237729 -0.319870
0.280268 -0.267677 0.717671 -0.483778 -0.485863 1.479238 1.242374 -0.441777 0.444858 0.085250 -0.214294 -0.344694
0.303891 -0.465388 0.445921 -0.760355 -0.376896 1.010282 1.431153 -0.534322 1.092685 -0.372494 -0.491329 -0.098895
0.303797 0.165456 0.756669 -0.489137 -0.630351 1.361434 1.114409 -0.187253 0.327369 0.078054 -0.250199 -0.477680
0.142126 -0.238492 0.756239 -0.441485 -0.433603 1.536418 1.188298 -0.418462 0.456662 0.284965 -0.386224 -0.399159
0.146077 -0.343358 0.628775 -0.606894 -0.484430 1.480521 1.192958 -0.482150 0.524922 0.126728 -0.217368 -0.286040
-0.016541 -0.807892 0.867778 -0.918343 -0.206782 1.266379 0.995078 -0.828949 0.763062 0.253472 -0.106581 -0.325698
0.165938 -0.677508 0.530892 -0.602305 -0.305925 1.513221 1.244108 -0.696270 0.624920 0.321602 -0.178461 -0.229924
0.708241 -0.436154 0.710868 -0.221645 0.198716 1.089238 0.942053 -0.265561 0.241590 0.298560 -0.111182 -0.582876
-0.145865 -0.501900 0.331813 -0.755472 -0.522875 1.101509 1.047296 -0.607575 0.647242 -0.023557 -0.171848 0.031963
0.061443 -0.523623 0.491208 -0.754644 -0.290947 1.543284 1.159392 -0.623469 0.524803 0.239714 -0.448197 -0.019199
0.175340 -0.318394 0.705657 -0.814288 -0.408968 1.198237 1.108146 -0.652108 0.249780 0.286273 -0.195167 -0.506121
0.160863 -0.638762 0.447490 -0.701794 -0.347398 1.463989 1.180812 -0.612489 0.537801 0.234835 -0.155675 -0.135940
