0.506518 -1.307662 0.486609 -0.570711 -0.458760 0.083496 -0.169369 0.335006 0.161205 -1.059964 -0.217895 0.088533
-0.221332 0.260817 0.432548 -0.720468 -0.258809 0.895101 0.128083 -0.091835 0.970703 -0.070529 0.158029 -0.462224
0.379911 -0.589938 1.286922 -0.070091 0.431915 -0.120848 0.100664 0.289990 0.202941 -0.537903 -0.924307 -0.466187
-0.054240 0.046972 0.837962 0.077786 0.386164 0.326151 0.239127 -0.180357 0.439757 -0.252051 0.109646 -0.012189
-0.408205 1.129702 0.319003 0.565969 -0.103324 -0.433656 0.131635 0.017660 0.283786 -0.493272 -0.295255 -0.810673
-0.434592 -0.845181 0.761186 -0.288171 -0.344716 0.813306 0.068059 -0.198959 0.656695 -0.244627 -0.189257 0.905468
0.152617 -1.280360 0.922076 -0.035341 -0.230726 0.436248 0.197675 0.103275 0.220940 -0.902333 -0.574715 -0.112925
-0.383767 -1.238714 0.855071 0.241171 0.285863 0.042308 -0.034001 -0.089666 0.433225 -0.700038 -0.028759 0.241134
0.259421 -0.919401 1.314845 -0.065441 -0.024001 0.543379 0.643885 -0.207761 0.295641 -0.208061 -0.131202 -0.723019
-0.043635 -1.296199 0.138113 -0.286616 -0.520230 -0.314602 -0.223045 -0.419120 0.982802 -0.353409 0.422730 -0.195201
0.447292 -0.978142 0.325659 -0.546610 -0.439903 -0.002140 -0.109110 0.273952 0.625957 -0.694294 -0.249793 0.413573
-0.840306 0.112548 0.296526 -0.209692 -0.209864 -0.199680 -0.322921 -0.553787 0.807203 0.315286 0.919504 0.274137
0.175188 -0.901349 1.080951 -0.551097 0.160149 -0.723978 0.007948 -0.982902 0.596015 0.096173 0.597025 -0.389065
-0.133351 -0.579479 0.623442 -0.541610 -0.610887 -0.711566 -0.039403 -0.140372 0.974250 0.801936 0.066893 -0.752006
0.373162 -0.627744 1.302747 -0.774433 -0.107751 -0.244193 -0.046323 0.154613 0.658570 -0.188985 -0.154436 0.536546
0.306885 -0.475331 0.922122 -0.103365 0.054708 -0.266578 -0.002314 -0.543004 0.196720 0.053346 0.210791 -0.130319
0.438106 -1.066774 0.431690 0.118384 0.106407 0.340369 -0.284384 -0.491504 -0.549241 -0.019526 -0.311544 0.024366
0.324474 -1.129356 0.435928 0.217633 0.280416 0.182895 0.324086 -0.808755 0.791273 -0.805232 -0.026354 -0.496713
-0.466914 0.334462 0.195519 -0.584746 -0.017533 -1.102533 -0.998933 -0.067408 0.301888 0.785880 0.109749 0.084656
-0.123116 -1.005971 0.053395 -0.256810 0.795799 -0.368505 0.441050 -0.421581 0.466568 -1.017911 -0.606365 0.251429
0.255910 -1.095479 0.287006 -0.521006 0.656699 -0.239238 0.185529 -0.714150 0.727988 0.506593 0.621542 -0.068703
0.160787 -0.679093 1.492405 -0.629683 -0.147643 -0.188783 -0.334172 -0.105971 1.020198 0.191917 0.568752 0.342814
-0.268766 -0.638467 0.735919 -0.593453 0.489234 -0.271496 0.054414 -0.928709 -0.065281 -0.139533 -0.028121 0.174820
0.033144 -0.542323 0.913188 0.290121 0.367896 0.276317 0.316349 -0.552374 0.148462 -0.430080 0.213178 -0.156098
-0.002280 -0.169798 1.201923 -0.357309 -0.536371 0.215466 0.548107 -0.833893 0.086000 -0.418044 0.443899 -0.651521
-0.225693 -0.457833 0.749626 0.544613 -0.182583 -0.094801 0.354629 0.222814 0.305239 -0.666699 0.005673 -0.413378
0.315221 -1.329798 0.399547 -0.169069 -0.512835 -0.321636 0.225112 -0.137777 0.149325 -0.502626 0.434583 -0.396243
0.346526 -0.906509 1.055261 0.250290 0.086772 0.237287 0.386301 -0.186981 0.215570 -0.568692 0.163619 -0.367070
-0.115029 -1.039877 0.895936 0.208616 0.109154 0.360493 0.264388 -0.095685 0.493582 -0.462252 0.034536 0.277626
-0.054869 -1.411028 0.600156 0.070619 0.343131 0.321016 -0.369448 -0.031490 0.828659 -0.998787 0.195988 0.536933
-0.082585 -1.271171 0.757712 0.002267 -0.026520 0.336156 0.228096 -0.341449 0.517166 -0.831686 0.100640 0.406431
-0.372895 -0.799033 0.174482 -0.237536 0.359562 -0.669030 0.102247 -1.168629 0.260230 0.518314 0.433859 -0.473876
-0.006279 -1.067140 0.163497 -0.201389 0.255372 -0.092837 0.136088 -0.024189 0.320357 -0.388573 0.156275 -0.380473
-0.203220 -1.257838 0.505353 0.031131 -0.013714 0.002914 0.139357 0.172576 0.322146 -0.843525 -0.035548 0.405625
0.187246 -1.280208 0.676108 -0.170763 -0.267200 -0.335928 -0.294869 -0.091686 -0.001894 -1.150483 -0.386785 -0.343419
-0.394847 -1.477682 0.020363 0.287427 -0.028750 -0.893294 -0.210747 0.243756 0.732229 -0.371760 0.426176 0.296221
0.949870 -0.620844 0.516378 -0.086418 0.129006 -0.677623 0.255107 -0.965689 -0.129642 -1.114499 -0.763510 -0.523846
0.071209 -1.248777 0.530403 -0.237855 0.011494 -0.243157 -0.500949 0.845825 0.542060 -1.318733 -0.127402 0.304361
-0.352670 -0.982590 -0.013548 -0.144057 0.194026 0.182402 0.045796 -0.364745 0.701583 -0.430961 0.339194 0.080847
-0.688344 -0.415865 1.488909 -0.793194 -0.376942 -0.477454 0.244002 -0.973352 0.651189 0.549812 0.024065 -0.566811
0.221550 -0.447101 0.843156 -0.714548 0.053941 0.416287 0.592374 -0.553468 0.258141 -0.438903 -0.504290 -1.164071
-0.340859 -0.803278 0.181077 -0.018251 0.390298 -0.378374 -0.535548 -0.363567 1.124826 -0.711896 -0.010189 0.215704
-0.010286 -0.492261 1.112358 -0.741623 -0.321842 -0.578175 -0.124486 0.024291 0.669833 -0.222420 -0.065781 0.193828
0.887456 -0.219716 1.734612 -0.642123 0.432385 -0.321371 0.844563 -0.460101 0.188859 -0.523534 -0.622728 -0.790060
-0.478736 -0.978602 0.270435 0.171593 -0.055980 -0.208599 0.666719 0.405190 0.326390 -0.365847 -0.340238 0.125246
0.374957 -0.097730 1.090368 -0.338442 0.472704 -0.832297 0.172058 -0.697493 -0.142510 -0.468753 -0.157094 -0.401670
0.170607 -0.063212 1.016075 -0.849290 0.264010 0.081975 0.647359 -0.465085 -0.090455 -0.731312 0.086908 -0.407366
0.033773 -0.734100 0.736221 -0.567180 -0.105356 -0.342731 -0.264260 -0.114209 1.095902 -1.001454 0.109368 0.295933
0.241036 -0.274639 1.011961 -0.892797 0.575766 0.396702 -0.074631 -0.565041 0.394418 0.005772 0.516424 -0.693348
-0.261934 -0.533827 0.793638 -0.599542 -0.567301 0.308095 0.030941 -0.609975 1.092488 -0.858614 0.583962 -0.301143
0.871073 -0.284036 0.898779 -0.401321 0.483652 -0.527851 -0.146573 -0.050431 0.116333 -0.610110 -0.003478 -0.303499
0.305694 -0.434728 1.082338 -1.186502 1.107834 -0.556755 -0.167775 -1.122374 0.315210 0.232858 -0.130487 -0.499643
-0.080520 -0.691139 0.886709 -0.929097 0.647097 -0.381336 0.078488 -0.561972 0.389770 -0.387708 0.168912 0.481832
-0.609202 -0.166738 0.969623 -0.773662 0.138424 -0.546310 0.045763 -0.562638 0.066460 -0.414118 -0.318546 -0.045543
0.380634 -0.407789 0.642564 -0.775302 1.227964 -0.858755 0.365339 -1.174177 0.062068 0.006865 0.240843 -0.583362
0.246552 -0.805678 0.794203 -0.491838 0.500928 -0.311962 0.150998 -0.521772 0.442691 -0.418317 -0.109135 -0.348358
0.028015 -0.543483 0.822522 -0.574406 0.183887 -0.803223 0.165329 -0.491703 0.315293 -0.623536 0.721128 -0.246093
-0.146915 -0.637835 0.831666 -0.871073 0.399277 -0.272183 -0.531780 -0.934510 0.830077 0.090074 0.496215 0.002733
0.096666 -0.485016 1.073134 -1.070537 0.528485 -0.081218 0.122202 -1.171142 0.550296 -0.123085 0.213647 -0.566782
-0.339745 0.293061 0.773870 0.196241 -0.132731 -0.025456 -0.276236 0.096707 0.173661 0.921223 0.586851 -0.185488
0.020308 0.093950 1.088287 -0.843479 0.184849 0.206399 0.355330 -0.745198 0.680678 -0.259601 0.411867 -0.279112
0.991289 -0.337430 0.780309 -0.730359 0.333009 0.002681 0.534890 -1.011732 1.107429 -0.723745 -0.623525 -0.474247
0.317042 -0.536855 1.022058 -0.334219 0.106878 0.502366 0.185491 0.068924 0.596776 -0.560072 0.413478 -0.153801
-0.688621 0.042353 0.802958 -0.096847 -0.199356 0.074545 0.202936 -0.365698 0.395180 0.898830 0.368370 -0.119731
-0.279461 -0.682066 0.196969 0.354844 -0.153081 -0.992678 0.616864 0.179327 0.925838 -0.276249 0.414556 -0.160771
-0.146120 -1.116188 0.867184 -0.059691 0.031339 0.327579 0.454571 -0.483263 1.062107 -0.473959 -0.383928 0.433210
0.137986 -0.952432 0.446332 -0.314510 0.186851 0.092934 -0.115899 -0.373576 0.702091 -0.331838 0.301356 0.697727
-0.822369 -0.999096 0.324731 0.524032 -0.004361 -0.288239 -0.213942 0.244457 0.314415 -0.200362 -0.123506 0.151156
0.040995 -1.066915 0.358591 -0.174260 0.378353 -0.007895 0.000495 -0.826818 1.131750 -0.084097 0.241640 0.326048
0.158867 -0.385158 0.627376 -0.790345 -0.034249 0.161491 0.252708 -0.855414 0.758142 0.094342 -0.101152 -0.309833
0.168583 -0.985385 0.675402 -0.729978 0.257810 -0.127854 0.513105 -0.804039 0.204586 -1.030536 -0.795166 -0.591006
-0.043128 -0.804261 0.592140 0.305884 -0.053372 -0.240382 -0.002914 -0.456550 0.759433 0.308787 0.674903 -0.238431
-0.217434 -0.870342 1.341083 -0.949275 -0.161003 0.260095 0.289682 -0.489631 0.399613 0.045438 0.126417 -0.051618
0.398474 -0.952406 0.728100 -0.988670 0.037286 -0.178054 -0.030013 -0.276727 0.226997 -0.637001 -0.158491 -0.715356
-0.228412 -1.025459 0.824562 -0.283045 0.750212 -0.054655 0.345056 -0.939995 0.797718 -0.552587 0.277449 0.377821
-0.204566 -0.723885 0.615904 -0.920286 -0.170293 -0.566402 -0.159272 -0.598684 0.964576 -0.099946 -0.026707 -0.263854
-0.410844 -0.432588 1.219546 -0.380731 -0.546601 -0.474990 0.035888 -0.207984 0.700710 -0.229747 0.418060 0.382549
0.233065 -0.673539 0.156498 0.429197 0.858871 -0.681340 -0.186921 -0.678198 0.714690 0.144011 0.472102 0.196286
-0.077789 -0.665759 0.596851 -1.743634 0.185993 -0.058949 0.186419 -0.894677 0.597630 0.558504 0.269168 -0.341951
-0.119759 -0.138219 0.502052 -0.779583 0.652208 -0.097182 -0.242336 0.143040 1.289192 0.338709 0.314026 0.490686
0.390954 -0.519529 0.665551 -0.642872 0.970060 0.238243 0.076754 -0.713555 0.907225 -0.637662 0.341502 0.074371
-0.261807 -1.250690 1.008779 -0.402156 -0.119263 0.084838 0.731948 -0.482895 0.572872 -0.137202 0.050303 -0.353071
-0.031507 0.061880 1.312142 -0.614783 0.361642 -1.002129 0.764590 -1.161538 -0.073679 0.184942 0.201117 -0.557660
-0.966719 -0.728103 0.899982 -0.568346 -0.014991 0.200032 -0.661459 -0.435889 0.625806 0.582522 0.575960 0.657556
-0.729448 -0.188591 0.955038 -0.433081 -0.049833 0.349691 0.702316 -0.131313 1.223377 -0.274089 -0.378357 0.280403
-0.769778 -0.851364 0.562052 0.118511 -0.538749 -0.703225 -0.791047 -0.273776 0.395726 -0.257422 0.121260 0.605319
-0.017857 -0.348637 -1.028135 -0.787726 -0.101900 -0.236757 -0.067474 -0.662813 0.741500 0.373078 -0.234322 -0.146380
0.016479 -0.305895 0.877212 -0.360562 -0.273994 -0.308848 -0.014531 0.468370 0.491334 -0.561128 0.033988 -0.653762
-1.421353 -0.348722 0.198578 -0.443488 -0.187962 -0.195492 -0.426409 -0.591177 0.238601 0.105411 -0.185885 -0.136592
0.434010 -0.953173 0.114910 -0.539929 0.985075 0.288277 0.335874 -0.923057 0.739825 -0.305035 0.498993 -0.121054
-0.029851 -0.274409 0.358972 -0.492153 0.066964 0.078784 0.169550 -0.220039 0.778661 0.100430 -0.242575 -0.318678
-0.330603 0.014274 0.726802 0.009081 -0.139414 -0.372886 0.601068 -1.336655 0.224849 -0.500512 -0.416591 0.182419
-0.498848 0.189750 1.563889 -0.579205 -1.049993 -0.412360 0.487257 -0.634156 -0.113444 0.042964 -0.178665 -0.916452
0.206046 -0.589812 0.400525 0.063073 0.280778 -0.139255 0.014073 0.225199 0.337014 0.241357 -0.035367 0.326521
-0.985442 0.038859 1.161085 -0.344819 -1.098200 -0.716551 0.118962 -0.821626 -0.306005 0.742559 -0.368951 -0.907100
0.093015 -0.573475 0.824000 -0.404352 -0.540989 0.227255 0.360366 -0.994621 0.189952 -0.542739 0.635182 -0.409401
-0.533908 0.191129 0.804745 -0.728282 -0.514213 0.151940 -0.240521 -0.594032 0.304553 -0.232021 0.624359 -0.551252
-1.335113 -0.223019 0.443568 -1.522334 -0.195901 -0.219873 -0.241355 -1.247333 0.769627 0.551008 0.113566 0.121963
-0.492275 0.220112 0.776853 0.471006 -0.796080 0.338178 0.249342 0.374198 -0.107054 -0.090999 -0.209141 0.086020
-0.114688 -0.968838 1.515586 -0.295023 0.357651 -0.888046 0.382948 -0.788226 0.132896 0.161269 0.006181 -0.753925
-0.197092 0.088184 0.673513 -0.575857 -0.307514 -0.441540 -0.092236 -0.070570 0.514990 0.313704 -0.325941 0.013304
0.050517 -0.264518 1.444772 -0.384918 0.617748 -0.899334 0.386892 -0.656346 0.264683 0.573994 -0.221953 -0.192307
-1.161029 0.446120 0.237881 -0.544772 -0.547553 -0.315922 -0.661095 0.109112 0.621482 0.320605 -0.022506 0.102993
-0.728201 0.015837 1.012204 -1.074085 -0.600756 -0.495593 -0.338579 -0.485550 0.398725 0.484493 0.094205 0.049360
-0.605875 -0.661240 0.246164 -0.762511 0.029008 -0.354185 0.406945 -0.568922 0.371980 0.861893 -0.108903 -0.909658
-0.921805 -0.334026 0.300407 -0.146371 -0.698982 -0.574615 -0.289859 0.215713 0.571029 0.798456 0.046286 0.415307
-0.897946 -0.181040 0.086118 -0.873295 -0.560940 -0.356456 -0.406535 0.067159 0.311293 1.086165 0.677177 0.308880
-1.002390 -0.810908 0.055966 -0.604123 -0.045493 -0.344077 0.133621 -0.450560 0.858751 0.824248 0.160773 -0.041496
-0.947280 -0.138936 0.598690 -0.865548 -0.783900 -0.400161 -0.088913 -0.299180 1.085740 0.266391 -0.332272 0.237741
-1.217574 -0.536364 0.707877 -0.275166 -0.820762 0.426791 0.065012 -0.118848 0.666093 0.201581 -0.338137 -0.094943
0.028552 -0.821000 1.294833 -1.197267 0.280945 -0.547708 0.176769 -1.289334 0.648171 0.388695 0.466800 -0.590651
-0.721409 -0.350974 0.482184 -0.391315 -0.583744 -0.652303 -0.606605 0.011890 0.353962 0.148906 0.468627 0.648519
0.270838 -0.622619 1.309148 -0.661242 0.329059 -0.194001 0.163001 -0.720980 0.430713 -0.143208 -0.194497 -0.298874
0.361644 -0.900247 0.918982 -0.889156 0.691510 0.063123 0.215895 -0.476260 0.048441 0.002438 0.080143 0.377081
-0.531906 -0.032149 0.863324 -0.501052 -0.687711 -0.226634 -0.631908 0.087736 0.079508 0.213429 -0.335301 0.692732
-0.039875 -0.517594 0.319884 -0.444692 0.320562 -0.326243 1.045449 -0.769373 0.065697 -0.336404 0.042136 -0.560804
-0.283582 -0.543013 0.264291 -0.885034 -0.048227 0.106576 0.219738 -0.990950 0.505353 0.368041 -0.332844 -0.851781
0.085100 -0.732932 0.775311 -1.288940 1.288546 0.168847 0.061266 -1.198581 0.821828 0.150114 0.528311 -0.000528
0.422962 -0.829767 1.421958 -0.688139 -0.277723 -0.533015 0.116010 -0.640551 0.555457 -0.014008 0.094441 -0.614093
-0.058375 0.138913 1.043921 -1.154729 -0.394050 -0.712151 -0.494770 -0.581305 0.230630 0.164931 0.213193 0.147607
-0.926874 0.693508 0.304661 -0.293836 -0.672941 -1.382242 -0.242564 -0.200494 0.354095 0.316302 0.938968 -0.402692
0.210463 0.375463 0.192095 -1.360312 -0.162353 -0.212166 -1.040602 -0.592705 0.750979 0.473261 -0.179439 0.078935
0.055492 0.302222 -0.131037 -1.064428 0.476820 -0.797505 0.018629 -0.091888 -0.047067 0.464988 -0.351601 0.282127
-0.150978 0.580276 1.488931 0.226367 0.257359 0.175706 -0.098815 -0.303695 0.794167 0.047239 0.305987 0.082575
0.232255 -0.696610 1.219404 -0.045197 0.341791 -0.212053 -0.041504 0.293130 0.213338 -0.356582 -0.788515 -0.462945
-0.031800 -0.225928 0.581760 -0.346745 0.628725 0.191237 0.086986 -0.243929 0.319583 0.186565 0.272471 -0.337879
-0.262625 -1.399534 0.825614 -0.288041 -0.084438 0.566704 0.288512 -0.101446 0.449728 -0.925008 -0.516557 0.105591
-0.380692 -0.636377 1.400322 -0.939107 0.221541 -0.499315 -0.035032 -1.104878 0.494297 0.156888 0.943450 -0.536158
0.438871 -0.922115 0.514730 -0.269354 -0.634460 0.191235 0.546915 0.351078 0.507578 0.197771 0.219680 -0.270829
-0.657798 0.908718 1.629825 -0.878907 -0.396347 -0.757108 -0.175295 -0.760278 0.148072 0.365229 -0.276938 -0.029705
-0.473416 -0.123791 0.380149 0.267281 -0.188270 0.056350 -0.064891 -0.733147 0.484587 0.647105 -0.033660 -0.065940
-0.330603 0.014274 0.726802 0.009081 -0.139414 -0.372886 0.601068 -1.336655 0.224849 -0.500512 -0.416591 0.182419
0.111814 -1.145977 0.367493 -0.319950 0.258199 -0.068743 -0.441648 -0.067152 1.193565 -0.887731 0.093786 0.260243
-1.191917 -1.099116 0.177364 -1.131031 -0.138039 0.342688 0.689716 -0.755004 1.047234 0.282246 0.801077 0.079497
-0.372917 -0.473463 0.966683 -0.530613 0.198876 0.306210 0.357267 -0.698407 0.730653 -0.781007 -0.552833 0.433124
-0.310265 -0.858241 0.395390 -0.627841 0.763024 0.320906 0.608309 -0.855823 0.516219 -0.711949 -0.448752 0.374786
0.025893 -0.899641 0.489307 0.412184 0.178190 0.234596 -0.213121 -0.431564 0.601411 -0.799229 0.651634 0.606490
0.612168 -1.040018 0.500780 -0.396872 -0.788529 -0.179859 0.008399 0.546059 0.405065 -1.046653 -0.600152 -0.371007
-0.798294 -0.706589 0.345349 -0.276723 0.610344 -0.421132 -0.050661 -1.028366 0.489081 0.358674 0.389854 -0.387507
0.336829 -1.539486 0.905260 -0.273376 -0.905221 0.010502 -0.106307 -0.365181 0.891831 -1.082130 -0.533818 -0.246657
-1.008139 -0.625886 1.052150 -0.742566 -0.022164 -0.438347 0.181913 -0.988027 0.461460 0.563957 -0.077966 -0.486314
-0.338520 -1.544630 0.271048 -0.224783 0.014018 0.167160 0.913541 -0.947634 0.790095 0.541937 0.263619 -0.491767
-0.394565 -0.796906 0.198340 -0.126510 0.684319 -0.080985 -0.296047 -0.645730 0.326935 -0.358543 0.097845 -0.120331
0.009579 -1.232325 0.158457 0.016881 0.096951 -0.064541 0.526236 0.262540 0.416690 -0.696689 -0.038864 0.049792
0.782621 -0.247239 0.282645 -0.553943 0.290746 -0.263860 0.458740 -0.055369 0.339837 -0.819035 -0.745533 -0.005026
-0.499124 -1.131398 0.984218 -0.429326 0.074418 0.316236 0.382580 -0.451792 0.764710 -0.149638 0.057987 0.195262
-0.370241 -0.707373 1.218909 -0.570662 0.308834 -0.466854 0.267644 -0.967583 0.334296 0.441329 0.419299 -0.319450
0.169000 -0.823611 1.162608 -1.073302 -0.118897 -0.725101 0.604056 -0.959916 0.120467 0.877847 0.210335 -0.919607
-0.498191 0.072541 0.339004 -0.376063 -0.527913 -0.203021 -0.022218 -0.199193 0.623118 -0.303767 0.255546 0.337330
-0.586550 -0.004709 0.904927 -0.666466 -1.042221 -0.887856 -0.439332 -0.032554 0.565943 0.145406 0.722601 0.315066
0.289269 0.037173 0.838930 -0.349742 -0.583138 1.401980 1.260504 -0.304676 0.393753 0.108534 -0.237871 -0.468019
0.204846 -0.289524 0.739362 -0.372065 -0.492328 1.474056 1.247924 -0.426191 0.455592 0.186046 -0.281050 -0.401699
0.405017 -0.442845 0.537558 -0.423990 -0.211674 1.509824 1.043147 -0.022132 0.282393 0.393033 -0.293729 -0.332360
0.195367 0.403785 1.160616 -0.378390 -0.521768 1.434734 1.193213 -0.249694 0.178772 0.397451 -0.424732 -0.766496
-0.244987 -0.521510 1.116262 -0.266574 -0.013846 0.972089 0.944627 -0.859389 0.698210 0.467704 -0.049273 -0.515626
0.385465 -0.244329 0.532855 -0.551176 -0.278659 1.418677 1.017046 -0.096937 0.266429 0.259599 -0.253344 -0.358971
0.309984 -0.606759 0.732908 -0.368931 -0.252179 1.578738 1.214318 -0.518706 0.513688 0.286569 -0.311406 -0.320942
0.203250 -0.123785 0.968569 -0.744517 -0.334609 0.717856 1.283737 -0.620519 0.868225 -0.166144 -0.307118 -0.294827
0.267472 -0.842049 0.489639 -0.730535 0.037807 1.242664 1.078213 -0.538724 0.706952 0.350893 -0.136985 -0.246676
0.447361 -0.773946 0.279056 -0.579143 -0.573347 0.425926 0.965123 -0.749848 1.180330 -0.373954 -0.237056 -0.235881
0.234338 -0.094338 0.671348 -0.526338 -0.425521 1.476090 1.189848 0.013637 0.365287 0.113171 -0.374498 -0.638170
0.122177 -0.296125 -0.113289 -0.570554 -0.161149 0.985103 0.961592 -0.199193 1.177322 0.140623 -0.693770 0.293678
0.028337 -0.415708 0.689742 -0.648200 -0.328031 1.502664 1.362926 -0.797498 0.780868 0.530979 -0.305211 -0.240714
0.324701 -0.003744 0.801949 -0.325469 -0.598355 1.388282 1.157882 -0.215188 0.313705 0.160569 -0.154602 -0.555008
0.391386 -0.095792 0.834580 -0.292782 -0.444553 1.497561 1.160138 -0.225613 0.313017 0.304867 -0.196241 -0.607923
0.432321 -0.479668 0.568500 -0.529552 -0.354318 1.266966 1.292026 -0.547757 0.366155 0.344111 -0.257779 -0.224831
0.030744 -0.903506 0.243708 -0.867187 -0.118919 1.460495 1.209253 -0.895348 0.745619 0.437232 -0.315871 0.089370
0.167094 -0.547345 0.459359 -0.524718 -0.477127 1.395257 1.180953 -0.550992 0.532662 0.238801 -0.087300 -0.293944
0.224032 -0.541426 0.930418 -0.970006 -0.352807 0.655409 0.895233 -0.977539 0.908742 0.352737 0.341610 -0.062227
-0.370260 -0.491373 0.762268 -1.274298 -0.941495 0.462502 0.616445 -0.783739 0.443696 0.522163 -0.109543 -0.497548
0.391959 -0.509451 0.489064 -0.707922 -0.544101 1.282976 1.040364 -0.290294 0.463865 -0.022690 -0.209901 -0.326547
0.354520 -0.171044 0.252602 -0.383194 -0.652714 1.028073 0.769624 0.035661 0.232520 0.212790 -0.200405 -0.389525
0.383488 -0.004576 0.813934 -0.524837 -0.526759 1.271792 1.091401 -0.299075 0.463563 0.099754 -0.192271 -0.406437
0.318365 -0.040807 0.778187 -0.501480 -0.498433 1.498527 1.208314 -0.227379 0.354217 0.230607 -0.190119 -0.453403
0.456829 -0.461978 0.728654 -0.116222 -0.072737 1.614166 1.149574 -0.440549 0.414560 0.646824 -0.283159 -0.615055
