-0.198052 -0.529483 0.366034 -0.104966 0.159972 0.019085 0.129033 -0.999677 0.699597 0.239374 -0.172341 0.141987
-0.349022 -0.357812 0.095556 -0.364619 0.040562 -0.101268 -0.084792 -0.253411 0.005834 -0.185027 -0.221483 -0.138858
-0.971164 -0.740463 0.215792 0.437269 0.027189 -0.672839 0.081328 -0.398202 0.495187 -0.149182 0.006374 -0.085030
-0.572486 -0.985798 0.477721 0.126102 0.830060 -0.398155 0.165254 -1.239152 0.105245 -0.163661 0.188766 -0.235778
0.323496 -0.503700 1.617510 -0.838920 0.106158 -0.408970 -0.450484 -0.356333 0.672242 -0.042195 0.367959 0.368407
-0.234738 -1.421985 0.917384 -0.176394 -0.236344 -1.100829 -0.375508 -0.314404 0.778688 -0.131448 0.408612 -0.106787
0.232944 -0.964093 0.950306 -0.392411 -0.749366 -0.353114 0.411253 -0.146748 0.779110 -0.387479 0.134381 -0.119622
-0.129844 -1.207240 0.631116 -0.856727 0.511729 -0.535944 -0.229413 -0.952494 0.909617 0.162968 1.039213 -0.558950
0.449919 -1.016037 0.768537 -0.640677 -0.165897 -0.344113 0.251655 -0.874557 0.795458 -0.219920 0.316138 -0.002261
-0.368556 -0.503209 -0.552565 -0.114530 0.102991 -0.373667 0.139179 -0.356826 0.646976 0.083207 0.243444 -0.177437
-0.154994 -0.805664 0.152221 -0.684362 0.814738 0.151176 0.119714 -0.572026 0.363232 -0.400940 -0.821717 0.210057
-1.238417 -0.940198 0.109179 -0.367264 -0.722758 -0.548890 -0.898409 0.454117 0.894469 0.069604 0.360592 0.582847
0.548280 -0.913103 0.144969 -0.177482 0.225984 0.109730 0.677792 -0.707050 0.193839 0.219038 -0.034178 -0.108756
-0.356690 -1.140713 0.215632 -0.446121 -0.353346 -0.113220 0.100335 -0.575505 0.987990 0.245589 -0.390151 0.301411
0.205522 -1.083750 0.808320 -0.624093 -0.280603 -0.185672 -0.141844 0.086788 0.008143 -0.551847 -0.022453 0.208618
-0.025642 -1.227513 0.438977 -0.748877 -0.171152 0.578682 0.651586 -0.237995 0.427319 -0.101593 -0.371717 -0.730532
-0.378226 -0.328230 0.683428 -1.107406 -0.274568 -0.669839 -0.199613 -0.245053 0.378189 1.087851 -0.537131 -0.219881
0.244990 -0.818278 0.090024 0.316351 0.514643 -1.013070 0.231272 -0.827586 0.322971 -0.479969 0.431828 -0.731707
-0.171428 -1.205806 0.793094 0.406436 0.284514 -0.771295 0.371004 -0.558526 -0.299356 -0.297456 0.134237 -0.400269
-0.513401 -0.343119 1.071556 -0.676582 -0.480236 -0.786060 -0.575133 -1.099871 0.890596 0.116667 -0.572982 -0.003496
-0.496261 -0.493909 0.505527 -0.177785 -0.189476 -0.783467 0.587062 -0.334092 0.291046 -0.083614 0.020765 0.108769
-0.159316 -1.158206 0.215863 -0.656815 0.204673 0.197966 0.047609 -0.189563 0.423308 -0.759213 0.057642 -0.008476
-0.066487 -1.019385 1.416574 -0.495780 -0.035492 -0.667916 0.090274 -0.508773 -0.006005 0.160039 0.583292 -0.168374
-0.396582 -0.674639 -0.235309 -0.149823 -0.424710 -0.435094 0.036800 -0.758327 0.264876 0.907201 0.670529 -0.442004
-0.132005 -0.747604 1.432743 -0.598720 -0.297207 -0.797483 0.204191 -0.843208 -0.249069 0.445761 0.199165 -0.417663
0.599255 -0.796654 1.043693 -0.667742 0.061606 -0.015867 0.308805 -0.400248 -0.106950 -0.496058 -0.324973 -0.400458
-0.727373 0.499531 0.878542 -0.580141 -0.970485 -1.874672 -0.698163 -1.047418 -0.401830 0.792425 0.266631 -0.663922
-0.537225 -0.544220 0.122489 -0.893545 0.261891 -0.677795 0.687655 -1.305973 0.633095 0.918891 0.105856 -0.396021
-0.873624 -0.612050 0.194169 -0.687855 0.112991 -0.857222 0.223924 -1.283653 0.697167 0.520051 -0.077651 -0.400322
-0.813911 0.027988 0.677775 -0.412941 -0.702330 -0.954518 -0.429101 -0.255115 1.207621 -0.049128 0.368117 0.177395
0.342712 -0.765448 -0.699545 -0.008010 0.212814 0.409476 0.350348 -0.244176 1.389222 -0.176942 0.004413 0.012657
-1.159600 -0.301568 0.034405 -0.399051 -0.124944 -0.328057 -0.184570 -0.640463 0.472907 0.483937 0.311821 -0.527924
-0.487203 -0.441226 0.482126 -0.586857 -0.466991 -0.649455 -0.005741 -0.015389 0.272657 0.016182 0.226753 0.484296
-0.981853 -0.839525 0.480343 -0.007617 -0.505627 -0.405313 -0.178266 -0.339882 -0.013337 0.444847 -0.110249 -0.179379
-0.405918 0.015167 1.137889 -0.261417 0.193393 0.098939 -0.465383 -0.309080 0.348795 0.715044 0.349752 0.101759
-0.844509 0.106440 0.813883 -0.015383 0.143713 -0.784168 -0.216608 -0.138364 0.351656 0.562815 0.306219 0.462693
0.283003 -0.600585 -0.713135 0.346283 -0.343765 -0.241399 0.121755 0.687355 0.677070 -0.434984 0.336612 0.176275
0.168789 -1.697323 -0.255342 -1.055480 0.578178 -0.137594 0.108603 -0.352274 0.521038 0.767460 0.703508 0.465935
-0.396241 -1.363312 -0.650552 -0.162879 0.360798 -0.571946 0.233205 -0.447920 1.006052 -0.042308 -0.045486 -0.246194
-1.331217 -0.275384 0.410687 -0.685744 -0.268612 -0.513593 -0.456933 -0.325949 0.039077 0.948487 0.310011 -0.306442
-1.242073 0.101556 0.524485 -1.231093 0.074176 -0.572439 -0.625444 -0.684969 1.175818 0.428714 0.360729 0.025405
-0.371039 -0.705726 0.060874 -0.833662 0.261954 0.080996 -0.058113 -0.458671 1.041018 0.633125 0.182500 -0.157867
-0.440456 0.139954 0.585191 -0.305899 -0.464111 -0.494757 0.344201 -0.041053 0.059397 0.114414 -0.382230 -0.285671
0.067216 -1.554687 0.437238 -0.218992 0.361951 0.366517 -0.420121 0.208331 0.313976 -0.072413 0.345065 0.323291
-0.045780 -0.944653 0.547395 -0.570646 -0.200824 -0.000613 0.031245 0.092477 0.466335 0.036025 0.371501 0.300020
-1.283228 -0.185271 0.142047 -0.727185 -0.303850 -1.004451 -0.589066 -0.092128 0.586300 0.302273 0.856878 -0.139627
-1.284914 0.129006 0.546870 -0.996459 -0.735768 -0.661635 -0.299076 -0.023862 0.715998 0.406455 0.155293 0.295947
-0.425911 -0.097567 0.248299 -0.341605 -0.869464 0.031948 -0.574754 0.512595 0.488245 0.063730 0.515739 0.046881
-1.294607 -0.140424 0.318876 0.001528 -0.792344 -1.142712 -1.195005 0.580599 0.516376 -0.267577 0.540773 0.872887
-0.991646 0.334220 0.157710 -0.711875 -0.935653 -0.759642 -0.774091 0.117309 0.539674 0.200865 -0.189023 -0.056184
-0.629624 -0.227296 -0.105145 -0.400606 0.173803 -0.270998 -0.248337 -0.440691 0.306407 0.516845 -0.059712 -0.041200
-1.030161 -1.030618 0.609313 -0.218687 -0.173428 -0.516202 -0.627152 -0.166306 0.913676 0.081887 0.634031 0.542620
-0.692184 -1.146631 0.922325 -0.360863 -0.490457 -0.506022 -0.647300 0.392272 0.728390 0.149986 0.642733 0.490546
-1.312377 -0.903332 0.572880 -0.684382 -0.289269 -0.501747 -0.401548 -0.199992 1.132625 0.334630 0.719974 0.479359
0.370952 -1.404269 0.655149 -0.088570 0.070922 -0.123435 0.017596 -0.142402 0.235520 -0.528694 -0.018627 0.027677
-0.164109 -0.253115 0.024993 0.275088 -0.285140 -0.033371 -0.243269 0.990114 0.651140 -0.510124 -0.052166 0.835598
-0.343764 -0.924458 -0.014117 -0.128878 0.353944 -0.096846 0.150154 -0.577347 -0.273129 -0.424866 -0.045799 -0.823372
-1.293852 -0.656122 0.636809 -0.195131 -0.180672 -0.663154 -0.561416 -1.057339 0.257527 0.062176 0.096240 0.252819
-0.836059 -0.646900 0.397682 0.093578 -0.413085 -1.023714 0.289945 -0.425206 0.328955 -0.224929 -0.088359 0.273923
0.109672 0.369014 0.904746 0.187648 0.222175 0.274608 0.992886 -0.487548 0.527698 -0.159864 -0.351624 -0.617180
-0.909381 0.265859 0.682816 -0.956991 -0.517772 -0.981322 -0.242279 -1.488570 0.264591 0.866265 0.394930 -0.209612
-0.548925 -0.352511 0.374176 0.374167 -0.066904 -0.143423 0.123382 -0.621859 0.070900 -0.081102 -0.042730 -0.028555
0.486670 -1.073541 0.900219 -0.698353 0.445552 -0.693234 -0.025565 -0.562350 1.043794 0.121193 0.684683 -0.034083
-0.054371 -0.041190 -0.184108 -0.511914 -0.144047 -0.501079 -0.121556 -0.237792 0.664555 0.415478 -0.331770 -0.164038
0.051432 -0.828478 -0.132114 0.210552 0.223534 -0.351054 0.018185 -0.370715 1.131998 -0.336082 0.221718 0.403783
0.088008 -1.193084 0.289370 0.175224 0.266885 0.044127 0.401075 -0.611280 1.316586 -0.338816 0.152814 0.194201
0.087354 -0.528102 0.970677 -0.245594 0.266188 -1.123841 -0.045140 -0.632920 0.370852 -0.194585 -0.351592 -0.335923
-1.366901 -0.081888 0.509247 -0.566132 -0.128215 -0.813152 -0.257052 -0.483621 0.260157 -0.241285 0.528696 -0.214691
-0.360881 0.853274 0.687015 -0.377738 -0.655217 -0.278222 -0.715580 -0.265344 -0.281898 0.299886 0.084374 -0.218117
0.351159 -0.205075 1.126522 -0.207344 -0.340369 1.538081 1.035309 -0.300937 0.381106 0.595153 -0.315425 -0.551871
-0.029742 -0.858991 0.147312 -0.488844 -0.012469 0.582962 1.312583 0.057500 0.627365 0.346244 0.071949 -0.033029
0.049953 -0.992204 -0.022955 0.029433 0.235686 0.406828 1.277477 -0.351533 0.471992 0.266675 0.268671 -0.352925
0.101094 -0.291531 0.844579 -0.363895 -0.505308 1.551818 1.265828 -0.485034 0.376530 0.208260 -0.383267 -0.454565
0.297505 -0.029593 0.736281 -0.644953 -0.344675 1.188189 1.116199 -0.683936 0.503686 0.321118 -0.282885 -0.565897
0.106903 -0.358722 0.791051 -0.686303 -0.736448 1.317273 0.892359 -0.513617 0.768568 0.199319 0.006144 -0.148077
0.058629 -0.283320 0.859974 -0.462894 -0.598984 1.472716 1.172756 -0.562126 0.408769 0.075183 -0.178818 -0.274996
0.056519 -0.109301 0.432803 -0.876893 -0.442409 0.798259 0.239142 -0.251622 0.494890 0.383816 -0.282816 0.050208
0.294902 -0.009699 0.763071 -0.453542 -0.667854 1.375831 1.312358 -0.382349 0.383384 0.077004 -0.203787 -0.390043
0.202668 -0.320768 0.632188 -0.605548 -0.580936 1.356802 1.181963 -0.370508 0.412551 -0.066346 -0.183288 -0.300583
-0.082694 -0.747830 0.023149 -0.537256 -0.226485 1.551661 1.185147 -0.287933 0.641724 0.388183 -0.397635 -0.549319
0.061336 -0.813128 0.094033 -0.583138 -0.226814 1.010856 1.001918 -0.223203 0.840549 0.167235 -0.311004 0.144149
0.087463 -0.617038 0.470017 -0.757444 -0.244076 1.650862 1.115979 -0.520403 0.518583 0.313719 -0.386262 -0.094913
0.149608 0.132476 0.725121 -0.558176 -0.371260 1.411314 0.995203 -0.192533 0.130193 0.247070 -0.234533 -0.567660
0.250193 -0.782114 0.357214 -0.440761 -0.096707 1.450704 0.804954 -0.803069 1.222746 0.390897 -0.538550 -0.044625
0.039469 -0.117012 0.550796 -0.599457 -0.570084 1.243877 1.201027 -0.771125 0.563618 -0.038213 -0.029537 -0.188197
-0.078891 -0.045281 0.819864 -0.610586 -0.603273 1.456155 1.091540 -0.572837 0.290166 0.283259 -0.420012 -0.116883
0.183178 -0.066993 0.953364 0.054186 -0.400352 1.456927 1.250019 -0.286417 0.357801 0.489328 -0.314098 -0.672654
0.302161 -0.347398 0.655040 -0.695030 -0.373481 1.540162 1.237023 -0.534295 0.518145 0.259640 -0.152158 -0.397433
0.340696 0.095086 0.856478 -0.534303 -0.782334 1.192504 1.365410 -0.444340 0.454440 0.330975 -0.250805 -0.393982
0.215865 -0.274328 0.369595 -0.813103 -0.084075 0.905903 1.130598 -1.141179 0.639428 0.073708 -0.198456 0.096814
-0.059881 -0.756902 0.681873 -0.657855 -0.196996 1.235857 1.192258 -1.130912 0.590201 0.119706 -0.420435 -0.264025
0.194728 0.337079 1.163292 -0.265539 -0.550688 1.364309 1.410177 -0.388290 0.212445 0.386263 -0.389170 -0.725274
0.218835 -0.432875 0.707334 -0.309810 -0.359559 1.558351 1.002453 -0.278411 0.313256 0.337440 -0.297462 -0.468405
0.238122 -0.077133 0.832117 -0.366880 -0.642628 1.418877 1.333112 -0.481975 0.454421 0.200590 -0.217580 -0.460429
0.477048 -0.069368 0.728037 -0.338407 -0.413799 1.439075 1.140675 -0.116338 0.227294 0.285729 -0.188636 -0.546234
-0.229803 0.791889 0.214069 -0.791375 -0.026559 0.647128 0.861237 -0.969133 0.837487 0.514356 0.180766 -0.410378
-0.046153 -0.668288 0.495496 -0.712336 -0.250775 1.544682 1.331796 -0.986151 0.827532 0.526674 -0.416140 -0.068436
