-0.624286 -0.118686 0.240454 -1.016649 -0.409969 -0.843928 -0.214737 -0.423048 0.987510 0.551470 0.489387 0.224179
-0.743943 -0.049324 0.051700 -0.675311 -0.061263 -0.336894 0.064112 -1.264658 -0.072906 0.066936 0.555936 -0.473665
-0.587501 0.235734 0.591142 -0.108685 0.503878 -0.665269 0.118257 -0.395757 0.305276 -0.271424 0.551339 0.216439
-0.145795 -1.261448 0.245898 0.249293 -0.083809 -0.838991 -0.266368 -0.120826 0.292724 -0.475958 -0.117925 0.735164
-1.162719 -0.037957 0.612035 0.432808 -0.720096 -0.547746 -0.280737 -0.217775 -0.503425 0.039694 -0.217242 -0.196064
-0.536905 -0.971159 0.763338 0.164168 -0.022870 -0.233562 -0.006296 -0.490448 0.059120 -0.348670 -0.314899 -0.168321
0.011335 -1.058599 0.381719 -0.241773 0.310925 -0.181769 0.638806 -0.546836 0.571688 -0.600428 0.062924 0.288073
-0.548342 -1.491769 0.915064 0.062900 0.028838 -0.050899 0.043716 -0.037023 0.565836 -0.336470 -0.045748 0.282728
-0.188682 -0.189040 0.195229 -0.377820 -0.179302 0.822219 0.443224 -0.372692 0.882359 -0.449941 -0.047872 -0.026969
0.085163 -0.769093 -0.459477 -0.253662 -0.091714 -0.294208 0.235776 -0.506066 0.692395 -0.304034 -0.725249 -0.002746
0.032402 -1.116848 0.709247 0.141132 0.725838 -0.433296 0.382281 -1.190194 0.149240 0.254309 -0.035744 -0.533833
0.250820 -1.282867 0.453495 -0.417322 -0.207419 0.083510 -0.114660 0.019772 0.428294 -1.027947 -0.121183 -0.030863
0.381371 -1.031842 1.187739 -1.005531 -0.189949 -0.680965 -0.208468 -0.267432 0.284995 -0.609231 0.092140 -0.671456
0.022062 -0.228323 1.686102 -1.457944 0.209741 -0.843196 -0.216001 -0.829957 0.417790 0.452162 -0.107810 -0.093880
0.065369 -0.990615 0.668614 -1.031670 -0.749643 0.431489 0.416461 -0.005731 0.991328 -0.477615 -0.311554 -0.474132
0.023406 -0.899973 0.972798 0.373202 0.408865 0.015936 -0.318676 -0.035575 0.088642 -0.547887 -0.167266 0.107536
-0.131408 -1.260833 1.182840 0.101686 0.522511 -0.272748 0.101661 -0.366948 0.406348 -0.216348 -0.268340 -0.096695
-0.769264 0.171144 0.584947 -0.318455 -0.593858 -1.220560 -0.239437 0.475513 0.260713 0.610680 -0.168091 -0.479598
0.305230 -0.154723 1.186872 -0.929760 0.303052 -0.266832 0.132623 -0.466425 0.255878 -0.404604 -1.004841 -0.143380
-0.933337 -1.243376 0.359978 -0.319789 -0.111819 0.053495 -0.432280 -0.347194 0.857037 0.098488 -0.289773 0.783577
-0.822499 -1.250930 0.601653 0.534587 -0.429270 -0.571398 -0.608830 0.273079 0.913751 -0.495737 0.471681 1.056244
0.054354 -0.174246 0.847106 -1.064554 0.355142 0.424116 0.206723 -1.374631 0.871574 -0.388392 0.674933 0.016859
-1.044804 -0.771532 0.300545 -0.675264 0.017136 -0.498641 -0.233490 -0.189773 0.525789 0.570985 0.446974 -0.027303
-0.156419 -0.544979 1.004900 -0.747217 0.631146 0.439850 0.169364 -0.765615 -0.044518 -0.133154 -0.679751 -0.388582
-1.042442 0.009786 0.829034 -0.228882 0.192889 0.034139 -0.202205 -0.752648 0.483637 -0.415078 0.232424 0.179513
-0.716072 -0.483452 0.604288 -0.759911 0.347865 -0.233822 -0.099987 -1.284639 0.423818 -0.002525 -0.055223 -0.306448
0.286997 -0.482230 1.402340 -0.820451 0.289729 -0.169848 -0.129333 -0.545133 0.301385 -0.084461 0.176035 -0.047291
-0.243246 -0.526917 0.423942 -0.599589 -0.338124 0.288561 -0.111798 -0.062679 0.257455 0.830191 0.404601 0.355053
-0.238251 -0.887846 1.266361 -0.728328 0.000490 -0.717974 -0.544993 0.031175 0.852683 0.085668 0.391068 0.150800
-0.880213 -0.513782 0.356131 -0.809536 -0.162944 -0.133536 -0.574628 -0.404916 0.615466 0.449161 0.368754 0.037488
0.132456 0.116396 0.990409 0.410968 0.678219 -0.038725 0.472301 -0.244150 0.914630 -0.086575 0.178278 0.079771
-0.469653 0.264214 1.087931 0.166567 0.331109 -0.775831 -0.432837 -0.456509 0.926496 0.131218 0.724539 -0.010207
-0.565663 -1.235767 0.972711 -0.182508 -0.246511 0.283855 0.285052 -0.443649 0.748626 -0.067353 0.049371 0.384777
0.104443 -0.739157 1.745343 -0.950428 0.405694 -0.161163 0.141392 -0.811690 0.181075 -0.196997 0.023167 -0.280082
-0.568054 -0.157806 -0.280329 -0.311882 0.173298 -0.858868 -0.406950 -0.281228 0.949360 0.216729 0.324147 -0.097556
0.359670 -0.823932 1.142267 -0.874941 0.365403 0.011217 -0.014991 -0.402028 0.542698 -0.320898 0.034303 -0.124917
0.089344 -0.466124 1.702747 -0.759002 -0.289741 -0.579687 0.070911 -0.456425 0.273750 0.230526 0.340613 -0.260371
0.355642 -0.501159 1.183492 -0.932302 0.433719 -0.013751 0.184004 -0.352382 0.309963 -0.372034 0.134685 -0.192375
0.274952 -0.831416 0.671929 0.642708 0.229944 0.256748 -0.076420 -0.184087 0.524965 -0.976333 -0.038794 -0.053640
-0.777458 0.097739 -0.152897 -0.923607 0.309604 -0.871994 -0.081968 -1.052472 0.194819 1.020113 0.179499 0.532919
-0.107246 -0.715109 0.442775 -0.239417 -0.303727 -0.268294 0.663312 -0.185963 0.597523 -0.324371 0.481223 0.331464
-0.287777 -0.071412 0.702696 0.463202 0.196408 0.460577 -0.263293 0.224897 0.450387 -0.130398 0.094464 -0.383789
0.024154 -0.719341 1.142050 0.019820 -0.006154 0.086554 0.228938 -0.704813 0.041549 -0.585141 0.015558 -0.269391
-0.794469 -0.882526 -0.335841 -0.118268 -0.127604 -1.050143 -0.274898 -0.329499 0.664889 -0.176033 0.147662 -0.504162
-0.630070 -0.452850 0.595417 -0.259261 0.254249 -0.629860 0.429790 0.174129 0.771004 -0.477366 -0.405354 -0.129165
-1.307323 0.672557 0.606747 -0.253742 -0.862812 -1.121531 -0.766180 0.051668 0.045261 0.073419 0.555574 0.045870
-0.292844 0.379418 1.169196 -0.290691 -0.574821 -0.226822 -0.314601 -0.254970 -0.416100 -0.031258 0.379128 -0.308815
-0.269454 -0.833336 1.235241 -0.154030 0.306480 -0.276750 0.668976 -0.971280 0.208597 0.274277 -0.440923 -0.742871
-0.257683 0.622420 0.833851 -0.181159 0.225195 -0.685166 0.033000 -0.400148 0.103437 0.268595 0.441555 -0.740519
0.130861 -0.439781 0.476453 0.083539 0.684582 -0.384435 0.775793 -0.532488 0.379028 -0.281306 -0.603860 0.018037
-0.542905 0.824791 0.441414 0.395590 -0.230438 -0.612180 -0.639035 0.052482 1.001871 0.404266 0.404340 -0.161302
0.458487 -0.859394 0.940720 -0.466478 0.035434 -0.002561 0.276416 -0.074931 0.599108 -0.688191 0.261964 -0.161589
0.058656 0.016731 0.614764 -0.341022 -0.233935 -0.402467 -0.445288 -0.277376 1.131656 0.551498 0.064861 -0.660408
-0.159422 -0.251621 0.631610 -0.063714 -0.082137 0.446478 0.382049 -0.381440 0.604680 0.045980 -0.152102 -0.655342
0.559215 -0.122331 1.496929 -0.682938 -0.072614 0.104853 0.578690 -0.269698 0.342676 -0.707122 0.307995 -0.629475
0.029993 -0.694133 1.468311 -0.642419 0.383334 -0.138956 0.159424 -0.636391 0.382423 -0.359588 0.160583 -0.170301
-0.002081 -1.060579 0.348400 0.246392 0.009302 -0.636127 -0.292257 -0.301061 0.409132 -0.127763 0.030372 0.428347
-0.786204 -0.343911 -0.490914 -0.285292 -0.298372 -0.210287 0.534660 -0.368512 0.338051 -0.200040 -0.232080 -0.612250
0.525203 -1.188168 -0.120062 -0.270962 0.214147 -0.019544 -0.211683 -0.282166 0.711741 -0.162878 -0.130126 -0.045542
0.193444 -0.818282 0.479967 0.110749 -0.365100 -0.055449 -0.108878 -0.133879 0.681911 -0.994329 -0.613789 -0.865759
0.104888 -0.684211 0.284368 -0.183872 -0.331628 -0.478411 0.478437 -0.212655 0.506603 -0.191674 -0.532377 0.007124
0.562336 -1.268800 0.477491 0.276068 -0.519532 -0.553406 0.487522 0.238779 0.809876 -0.633992 0.020501 0.250874
0.033191 -1.044226 -0.019966 -0.403095 0.239388 -0.168594 -0.021827 -0.253183 0.954283 -0.689429 -0.014082 0.365313
0.055377 -0.788724 0.245373 -0.473321 0.384385 -0.513683 -0.079846 0.097290 0.714769 -0.649262 -0.432240 0.476735
-0.065715 -0.278328 0.856702 -0.212880 0.233890 -0.937771 -0.079361 -0.195389 1.023628 -0.035351 0.482400 -0.638842
0.446636 -0.749083 0.962990 0.016951 -0.448383 0.078587 0.091002 0.283900 -0.140742 -1.075071 -0.668745 -0.439466
0.512667 -0.820390 0.956892 -0.609880 -0.582625 0.178518 0.211180 0.212285 0.557471 -0.353264 -0.452167 -0.506266
-0.357531 -1.654094 0.871137 -0.768876 -0.217088 -0.826804 0.697997 -0.699058 0.785436 0.092822 0.157049 -0.465759
0.688771 -0.679426 0.726624 -0.597422 0.118230 -0.129557 0.577182 -0.791511 0.546374 0.081833 -0.812339 -0.242335
0.337201 -0.808555 0.218854 -0.556759 0.544800 -0.255355 -0.086614 -0.584275 0.828363 -0.395392 -0.496818 0.042532
0.543410 -0.451916 1.056452 -1.434220 0.273468 -0.874789 0.349289 -1.258392 0.288519 0.155320 0.175816 -1.195202
0.290976 -0.281140 0.865137 -0.722365 0.635775 -0.639676 0.344591 -0.945006 0.999426 -0.283802 -1.137974 0.007165
-0.673943 -0.560146 1.716750 -1.313133 0.060659 -0.103378 0.274345 -1.255886 0.712934 0.270172 0.272599 -0.270355
-0.038772 -1.253724 0.324340 -0.855532 -0.019049 0.025573 0.475414 -0.729708 0.889090 0.671333 0.830860 0.336243
-0.661266 -1.234081 0.726188 -1.026472 -0.066776 0.090833 0.441384 -0.725725 0.581453 0.580898 0.391021 0.109010
-0.130344 -0.464650 1.441264 0.100530 1.460816 -0.131282 0.241845 -0.668638 0.496617 -0.449212 -0.144595 0.064114
0.441837 -1.037188 0.494867 -0.201650 -0.212243 -0.215590 -0.318004 -0.105033 0.616776 -0.856433 -0.168995 0.159164
-0.482770 -0.600312 0.323487 0.153516 -0.019765 -0.111922 -0.010645 0.406865 1.274186 -0.990361 -0.214712 0.954668
0.248299 -0.508993 -0.275191 -0.623734 0.477613 -0.230496 0.778154 -0.256365 1.026328 -0.188555 -0.248872 0.225226
0.209572 -0.746761 1.517372 -0.832741 0.124077 -0.298366 -0.128876 -0.613195 0.471560 0.139851 0.448939 -0.138967
-0.731176 -0.348507 1.093962 -0.946579 0.151376 -0.972005 -0.436890 -0.273683 0.824357 0.677231 0.531616 -0.018079
-0.010585 -1.084319 1.155420 -0.882371 0.251945 -0.412341 -0.016038 -0.159724 0.373244 0.118710 0.093817 -0.386894
-0.245525 -0.682997 1.213660 -0.590802 -0.076942 0.392767 0.682051 -0.562506 0.722274 -0.450498 -0.319526 0.170782
0.096886 0.032833 0.934850 -0.568805 -0.129391 -0.229974 0.251937 -0.330721 1.007381 0.557304 0.014072 0.208308
0.374238 -0.821069 1.143820 -0.411247 -0.592386 -0.791044 -0.331800 0.655868 0.935396 -0.815210 0.148723 0.100650
0.182556 -0.940928 1.399761 -0.471263 -0.045956 -0.293471 0.002298 -0.523606 0.396269 -0.188715 -0.203394 -0.798293
-0.965716 -0.423145 0.167464 -0.939142 0.219196 -0.788323 -0.340349 -1.046805 0.411579 0.152310 0.602467 -0.038179
0.262342 0.144042 0.506575 -0.652317 0.552779 -0.030055 -0.107401 -0.629902 0.994184 0.689510 0.257229 -0.183777
-0.672832 0.160978 0.703250 -0.878326 -0.102451 -0.743801 0.323515 -1.404565 0.855028 0.541405 0.613554 0.092889
-0.489544 -0.873561 0.183351 -0.601407 -0.976612 -0.021219 -0.103712 -0.157451 0.623641 0.025899 0.341007 -0.290372
0.149278 -0.202510 0.886953 -0.239942 -0.231526 0.070882 0.321379 -0.337792 0.941941 -0.564652 0.000809 -0.086122
0.134650 -0.758124 1.377983 -0.542012 0.233236 -0.330318 -0.183993 -0.167475 0.269244 -0.341258 0.073086 -0.217981
0.454428 -0.360233 0.891861 -0.418702 0.240728 0.247457 0.177822 -0.504674 0.758498 -0.472811 0.010135 0.484060
-0.273860 0.582388 0.624059 -1.235642 0.435494 -0.062750 -0.476954 -0.328110 -0.055707 -0.031602 -0.003065 -0.349551
0.410229 -0.174409 0.512459 -0.313477 0.269135 0.031234 0.609696 -0.369715 0.436299 -0.343052 -0.346571 0.470996
0.319293 0.026001 1.939000 -0.621238 0.628370 -0.207620 0.696937 -0.924837 -0.088868 0.104192 0.467152 -1.362021
0.248596 -0.227100 0.668101 -0.472311 -0.649152 1.304549 1.264983 -0.464847 0.483915 0.037371 -0.118233 -0.351623
0.069220 -0.329887 0.550248 -0.725923 -0.589435 1.318441 1.270993 -0.672516 0.705200 0.059398 -0.177041 -0.141598
0.081384 -0.322339 0.455137 -0.693784 -0.554180 1.394167 1.145958 -0.438532 0.604052 0.118565 -0.305808 0.048104
0.641331 -0.548927 0.351168 -0.609929 -0.003956 0.990224 1.002805 -0.491027 0.503734 -0.085550 -0.268560 0.287472
0.383295 0.561736 0.977595 -1.033350 -0.299940 0.003067 0.501851 -0.208690 0.285901 0.801553 0.106192 -1.672420
-0.000397 -0.541454 0.669032 -0.602856 -0.287450 1.609172 1.188370 -0.639123 0.684050 0.449755 -0.373019 -0.360426
0.551344 -0.228749 0.828276 -0.274251 -0.271155 1.576397 1.222547 -0.159826 0.192557 0.431499 -0.266953 -0.624332
0.410138 -0.347914 0.676290 -0.362764 -0.431228 1.419700 1.360592 -0.481435 0.466616 0.205725 -0.041998 -0.404005
0.485248 -0.272113 0.727573 -0.406602 -0.437823 1.456082 1.264016 -0.307864 0.309438 0.206680 -0.120045 -0.445390
0.215209 -0.006494 0.830624 -0.415383 -0.596759 1.421949 1.228100 -0.414307 0.488854 0.129399 -0.158688 -0.489685
0.344334 -0.233316 0.711596 -0.473194 -0.477659 1.453764 1.264940 -0.378510 0.436262 0.175150 -0.199652 -0.385321
0.413650 -0.375028 0.601581 -0.348436 -0.253266 1.231595 1.100303 -0.410387 0.066689 0.379737 -0.099334 -0.696732
0.269736 -0.405566 0.557935 -0.584453 -0.474688 1.418202 1.163874 -0.349844 0.381141 0.051220 -0.201163 -0.270425
0.084649 -0.786835 0.265082 -0.890844 -0.305715 0.859988 0.722369 -0.876680 1.609876 0.070883 -0.101990 0.450570
0.256337 -0.031350 0.862126 -0.328397 -0.567974 1.307679 1.208613 -0.320662 0.468745 0.092121 -0.280041 -0.566492
0.164620 -0.591533 0.466145 -0.677625 -0.346411 1.454699 1.126109 -0.451388 0.501161 0.156732 -0.297606 -0.153398
-0.129831 -0.514369 0.517020 -0.648667 -0.170121 1.001136 1.112092 -0.407636 0.817106 0.000129 -0.323759 0.123694
0.132131 -0.970041 0.719873 -0.641081 -0.018897 1.060285 0.989402 -0.623814 1.249957 0.338223 0.078108 0.190747
0.117364 0.105492 0.819561 -0.247596 -0.614792 1.288052 1.304797 -0.350215 0.457342 0.086914 -0.250910 -0.424274
0.183669 0.314504 1.083163 -0.284473 -0.497622 1.438305 1.249423 -0.163338 0.178905 0.403657 -0.444789 -0.651784
0.212575 -0.574274 0.780466 -0.237231 -0.272796 1.602115 1.304276 -0.657962 0.474429 0.426235 -0.455832 -0.407138
0.332020 0.031849 0.831707 -0.200659 -0.347400 1.422739 1.135455 -0.121831 0.303558 0.296894 -0.243969 -0.584666
0.415665 0.204020 0.986123 -0.366783 -0.513654 1.456120 1.166367 -0.070698 0.099973 0.307004 -0.314263 -0.697237
0.299467 -0.356790 0.673657 -0.682559 -0.326256 1.480254 1.011340 -0.240159 0.475698 0.394024 -0.325495 -0.231404
0.443955 -0.007062 0.782023 -0.465084 -0.492422 1.441620 1.190113 -0.213262 0.209312 0.318134 -0.228312 -0.583209
0.174864 -0.752857 0.407923 -0.657492 -0.156667 1.544307 1.197835 -0.680683 0.527168 0.417121 -0.295815 -0.117737
0.084100 -0.343107 0.845712 -0.263432 -0.239486 1.212897 1.020876 -0.260054 0.442640 0.238955 -0.265746 -0.600390
0.258217 -0.296907 0.473544 -0.516600 -0.283597 1.404544 1.261736 -0.563185 0.548737 0.215720 -0.198842 -0.214442
-0.360632 0.248621 0.695689 -0.399086 -0.551380 0.629664 0.950964 0.012401 0.231565 0.031953 -0.043870 -0.670207
0.052061 0.497078 1.094395 -0.616066 -0.313714 1.447681 1.000882 -0.495299 0.806655 0.917537 -0.489038 -0.036973
0.169665 -0.352455 0.762522 -0.976904 -0.451382 1.413701 1.106942 -0.700156 0.583813 0.233756 -0.264189 0.241287
0.118873 -0.727532 0.894281 -0.503855 -0.202563 0.902052 0.776241 -0.841030 1.039096 0.334073 -0.168977 -0.353600
0.076160 -0.015653 0.921916 -1.069819 -1.006620 1.249699 0.826282 -0.764645 0.079715 0.655119 -0.194784 -0.467433
-0.113688 -0.095854 0.776514 -0.534964 -0.632236 0.581901 0.709944 -0.508472 0.177226 0.298241 0.001003 -0.156806
0.106663 -0.412651 0.486744 -0.797593 -0.520913 1.388285 1.218591 -0.588340 0.624557 0.056909 -0.195574 -0.119571
