-0.406561 0.068108 0.302267 -0.874297 0.085584 0.129738 0.106932 -0.574167 0.214402 0.907036 0.291455 -0.246654
-0.147755 -0.552422 0.460112 -0.466823 0.024829 -0.400910 -0.362744 -0.807867 0.556350 -0.482138 0.132520 -0.402336
0.084810 -1.461521 -0.005862 -0.383481 0.206981 0.594875 0.587208 -0.760247 0.746314 0.007532 -0.294489 -0.207287
-0.258250 -0.859010 0.530304 -0.270583 -0.043804 0.189341 0.358005 -0.601892 0.664315 -0.734363 0.233331 0.289651
-1.311457 -0.437186 0.656630 -0.361040 -0.130914 -0.040848 0.167683 -0.549767 0.387391 -0.180277 -0.262105 0.304174
0.218659 0.122331 0.121723 -0.559781 1.056576 -0.525409 0.715973 -0.620148 -0.158766 0.616527 -0.178181 -0.890769
-0.384243 -1.304965 0.123775 -0.685554 0.178416 0.131866 0.321172 -0.909978 0.777386 -0.054044 -0.088598 0.128569
-0.376403 -0.183512 0.883089 -0.247177 -0.503506 -0.396995 -0.316404 -0.209684 0.603728 0.168477 -0.209352 -0.050350
-0.318204 -0.233290 -0.315570 -0.368791 -0.085582 -0.267361 0.476721 -0.620175 0.019330 -0.100577 -0.036849 -0.360087
-0.991641 -0.064912 -0.003704 -0.917130 -0.442971 -0.254322 -0.132490 -0.636802 -0.026221 0.503240 -0.183421 -0.870327
-0.209786 -1.111080 0.482515 -0.084437 -0.155871 -0.009464 -0.398264 -0.944621 0.969870 0.156683 -0.494511 0.202461
0.175008 -1.150658 0.883775 -0.586076 -0.252379 0.091723 -0.229646 0.193804 0.122607 -1.238477 -0.464063 -0.254655
-0.227880 -0.721025 -0.008021 -0.148051 0.277371 0.066309 -0.218864 0.268870 0.493193 0.299322 0.289540 0.558889
0.523236 -0.735476 0.707803 -0.834374 0.697432 0.247382 0.818327 -0.617696 0.028340 -0.875003 -0.498653 -0.115825
-0.133035 0.643902 1.479665 -1.244368 -0.241336 -1.008072 -0.518540 -1.108639 0.566237 0.255429 0.333387 -0.817715
-1.567543 0.232980 0.730617 -0.555674 -0.569772 -0.945800 0.063580 -1.245382 -0.109089 -0.347175 -0.027683 0.046273
0.400558 -0.929306 0.972877 -0.562802 0.073793 0.358688 0.102871 -0.125262 0.055277 -0.835231 -0.339234 -0.214365
-0.103928 -1.586653 0.132039 -0.267904 0.407451 -0.230186 0.015710 -1.387555 0.800378 0.552426 0.103632 0.165959
-0.610743 -0.002757 -0.003761 -0.522942 -0.488759 -0.120487 -0.358248 0.514249 0.465429 0.013475 -0.385388 0.256686
-0.160027 -0.390699 0.143172 -0.836948 0.233338 -0.012618 -0.178418 -1.067620 0.832298 0.540705 0.171416 0.549272
-1.300819 0.209411 -0.121725 -0.991336 0.318187 -0.399435 -0.399527 -0.359871 -0.035874 0.731358 -0.033512 -0.489591
-0.236034 -0.459057 -0.441628 0.123286 -0.431214 -0.631919 -0.146170 0.509238 0.600981 0.256738 -0.052734 -0.152570
-0.752330 -0.151332 0.713536 -0.600262 -0.424892 -0.430403 -0.112279 -0.028112 0.728081 0.651532 -0.049467 0.162713
-0.387035 -0.892315 0.657991 0.054907 -0.063991 0.214321 0.032420 -0.636628 0.372741 -0.337118 0.173750 0.217882
-0.105614 0.347347 0.432003 0.665659 1.148880 -0.956747 0.788181 -0.411745 -0.000042 -0.249156 0.001787 0.071514
-1.450988 0.508035 0.752039 -0.832088 -1.141929 -0.516067 -0.344447 -0.604997 0.307217 -0.138000 -0.062778 -0.027463
-0.344635 -0.062102 1.085860 -0.176404 -0.726775 -0.223309 0.075570 -0.247846 -0.455346 0.361058 -0.396905 -0.945768
-0.170806 -0.577635 -0.128267 -0.367191 0.238540 -1.020717 0.536980 -0.863329 0.899682 0.357947 -0.214865 0.056858
-0.334793 -1.077372 0.505846 -0.838134 -0.315609 0.650367 0.104045 -0.785075 0.329614 -0.312168 -0.190503 -0.189124
-0.174913 -1.249873 0.154090 -0.947323 -0.008739 0.411814 0.421796 -0.743673 0.372185 0.001577 0.198226 -0.344021
-0.276476 -1.164813 -0.165433 0.004404 0.461101 -0.160150 -0.159144 -0.452589 0.466776 -0.056671 -0.121487 0.301307
-0.049551 -1.512909 -0.148700 -0.495573 0.350186 0.509126 -0.043503 -0.423951 0.781962 -0.396372 0.147834 0.490553
0.277392 -1.174324 0.676093 -0.488761 -0.042394 -0.724786 -0.190463 -0.199911 0.707182 -0.163109 0.772992 0.379871
0.530200 -0.383655 1.420621 -1.506077 0.497165 -0.056576 0.177538 -1.041458 0.115197 -0.055274 0.350980 -0.580709
0.223458 -0.293835 0.527985 -0.159680 0.566564 -0.717963 -0.389561 -1.075599 0.317392 -0.082993 0.236510 -0.277156
0.575594 -0.263221 0.319508 -0.393839 -0.258655 -0.735587 0.229356 -1.202302 0.464534 -0.909479 -0.657651 -0.549243
0.003974 -0.885045 -0.659257 -0.878970 -0.007765 -1.038362 0.517160 -0.302176 0.257790 -0.113529 -0.010227 -0.551689
-0.677236 -0.786204 1.247945 0.051402 0.479365 -0.279464 0.061430 -1.018084 0.600849 -0.135942 -0.054885 -0.417825
0.177078 -0.939709 0.438400 0.119581 0.098134 0.434535 -0.178208 -0.293389 0.487235 -0.669656 -0.055907 -0.166610
-0.145375 -0.537815 1.050634 -0.363233 -0.112270 -0.597193 0.285514 -1.574898 0.434664 0.196911 0.690571 -0.219456
-0.969205 -0.576394 -0.474516 -0.304374 -0.163749 -0.302688 -0.273551 -0.791738 0.735719 -0.041496 0.185412 -0.545762
-0.789876 0.014837 0.248328 -0.993256 -0.175874 -0.503865 -0.732930 -0.475031 0.669126 1.007482 0.477588 0.425008
-0.789827 0.038017 0.888001 -1.197252 -0.536503 -1.169113 -0.801524 -0.484059 0.218338 0.654639 0.346745 0.128174
0.252957 -0.290992 1.595172 -0.690478 0.577081 0.071731 -0.061321 -0.979095 0.400765 -0.175346 -0.109187 -0.311614
0.041215 -1.090526 1.328879 -1.184676 0.985542 -0.588831 -0.236823 -0.848247 0.512215 -0.329412 0.129793 -0.088811
-0.096075 -0.346939 0.058903 -0.017933 -0.564056 -0.250817 -0.213885 -0.422519 0.421301 -0.245731 -0.046632 0.001786
0.651555 -0.059704 0.107910 -0.130280 0.341158 -0.617941 -0.138435 -0.772139 0.639137 0.904596 -0.206377 -0.829266
-0.503880 0.320351 0.262664 -0.068998 -0.357817 -0.506215 -0.071514 -0.354529 0.843294 0.312293 -0.375155 -0.094068
0.625100 0.013763 0.222374 -0.097940 0.490832 -0.336007 0.482335 -0.552433 0.925642 -0.292769 -0.553835 0.333430
-0.073342 -0.101407 -0.801451 -0.243943 -0.156472 -0.510725 0.469272 -0.596376 1.185350 0.358728 0.566708 0.176170
0.347044 -0.519797 1.056485 -1.020918 -0.311158 -0.252544 -0.060021 0.308971 0.625539 -0.195115 0.194377 -0.170247
-0.446962 -0.438440 0.619529 -0.388593 -0.334255 -1.378901 -0.009947 -0.064654 0.120909 -0.311372 0.972573 -0.078260
0.202509 -1.275389 0.911006 0.197852 -0.115706 0.048595 0.088254 -0.445592 0.116520 -0.449604 -0.237112 0.112820
0.027205 -0.996731 0.278181 -0.618728 -0.257040 -0.124880 0.573577 -0.349892 0.197279 0.220538 0.252946 -0.641119
-0.275037 -0.842097 -0.335438 -0.437117 0.021704 -0.599698 -0.506753 -0.503428 0.858265 0.056244 0.806134 0.084317
-0.468149 -1.205232 0.305809 -0.837301 0.173822 0.141275 -0.003149 -0.566178 0.771098 -0.608849 0.036571 0.126945
0.080554 -1.012238 0.899476 -0.191391 0.327185 -0.259231 -0.278105 -0.472813 0.571775 0.023658 -0.135836 -0.104926
0.103561 -0.919761 -0.113416 0.651758 -0.262648 -0.895074 -0.723235 -0.384778 0.178393 -0.081924 -0.147805 0.494250
-0.759190 -0.419542 -0.023037 0.596085 0.066759 -1.172413 -0.234486 -0.617196 -0.196926 -0.283097 0.527595 -0.345800
-1.451708 -1.005994 -0.253853 -0.340854 0.092369 -0.558612 0.157724 -0.359215 0.720528 0.945995 0.605314 0.404343
-0.172774 -0.694571 0.825925 -0.969173 0.024657 -1.274878 -0.059490 -1.166374 0.397786 0.929235 0.931847 -0.380970
-0.482271 -0.036750 0.767323 -0.426631 -0.213383 0.417289 0.143780 -0.386014 0.371943 0.194602 0.041765 -0.255871
-1.183084 -0.627733 0.121824 0.064924 -0.354672 -0.823642 -0.048509 -0.469910 0.753166 0.222878 0.518077 -0.196153
0.008944 -1.396185 0.301283 0.074296 0.545820 -0.046076 -0.013636 -0.056392 0.544980 -0.516056 0.177450 0.244944
-0.244821 -1.414016 0.181000 -0.494388 -0.558422 -0.138181 0.385739 -0.102128 0.833078 -0.446020 0.727227 0.232470
-0.388279 -0.027033 1.082397 0.276947 -0.489172 -0.127990 0.349573 -0.596158 0.230669 0.252931 0.232680 -0.354362
0.068310 -0.668895 0.642444 -1.101490 0.722945 -0.939138 0.843973 -0.998240 -0.037217 0.169048 -0.249479 -0.682871
-1.120777 -0.323663 0.338047 0.379183 -0.528559 -0.519389 -0.014152 -0.040074 -0.458550 0.093052 0.026857 -0.371300
-0.907699 0.446393 0.791303 0.256878 -0.166416 0.366954 0.265059 -0.375934 0.240199 0.116359 -0.693698 0.117963
-0.266691 -0.805349 0.406400 -0.008130 0.093078 0.392978 0.450151 -1.177882 0.484269 -0.237603 -0.284435 0.087477
0.107339 -0.842449 1.017504 -0.048485 0.384462 0.118952 -0.030478 -1.099843 0.272265 -0.173131 -0.219448 0.200564
-0.376403 -0.183512 0.883089 -0.247177 -0.503506 -0.396995 -0.316404 -0.209684 0.603728 0.168477 -0.209352 -0.050350
-0.348235 0.501480 0.716979 -0.279614 0.616674 0.523858 -0.329185 -0.398946 0.536581 0.460837 -0.448125 0.172097
-0.559821 -0.086921 0.344312 -0.643024 -0.419380 -0.421528 -0.544999 -0.696076 0.611426 -0.422955 0.137169 -0.304336
-0.356330 0.386725 0.609758 -0.985267 -0.444531 0.713487 -0.515153 0.393883 0.646848 0.711557 -0.037049 0.228452
-0.861954 -0.287160 0.041822 0.001617 0.031449 -0.865605 -0.773341 -0.686015 0.679446 -0.035872 0.511701 0.155478
-0.134611 -0.245275 1.004274 -0.196481 -0.456816 0.612563 0.592925 -0.092626 0.490052 -0.447615 -0.025291 -0.064512
-0.534541 -0.408301 0.997269 0.259635 -0.086951 0.246499 -0.121303 0.078205 0.500538 0.027552 0.236670 0.363368
-0.934510 0.667166 -0.144931 -0.740349 -0.376902 -0.560751 -0.169635 0.326721 0.257320 0.669444 0.651204 0.173155
-0.596443 0.850774 0.682293 -1.150056 0.489940 -0.772769 0.046822 -0.458907 0.282869 0.811946 0.130591 0.012759
-1.025064 0.006480 0.761565 0.228204 -0.455726 -0.193683 -0.057584 -0.623633 0.056371 -0.022628 0.137904 -0.126517
-0.459331 0.278353 0.892204 -0.496932 0.095520 0.394948 0.053004 -0.381488 0.305671 -0.300155 0.252780 0.130027
-0.936203 -0.271537 0.794779 -0.068538 -0.390711 -0.106215 -0.421544 -0.034812 0.555731 -0.422913 0.447590 0.525865
-0.544481 0.329678 1.747272 0.125960 -0.132210 -0.097115 0.308736 -0.338651 0.012906 0.631120 0.226181 -0.479529
-0.766917 -0.586508 0.936071 -0.050787 -0.256769 0.232209 -0.251405 0.057988 0.763138 -0.210938 0.432023 0.433097
-0.711994 -0.943969 0.940183 0.574941 -0.190794 -0.098282 -0.244923 -0.161078 0.514206 0.244959 0.193572 0.073452
-0.647516 -0.326001 0.758164 -0.118245 -0.064203 -0.095855 -0.212604 0.316341 0.619947 0.009499 -0.125726 0.523870
0.080585 -0.620788 -0.101874 0.070103 0.533467 -0.646967 0.205408 -0.674490 0.784256 0.137040 0.160548 0.820769
0.501450 -0.234720 0.408291 0.419342 -0.162043 0.159885 0.564382 0.567089 0.320752 -0.572403 -0.061284 -0.108802
-0.919117 -0.553751 0.748723 0.771738 0.591313 -0.532336 0.677265 -0.303887 0.662832 -0.570751 0.285050 0.140263
-0.587942 -0.121125 -0.520516 -0.139289 0.094641 -0.234291 -0.252193 -0.458745 0.136462 -0.043232 0.262501 -1.081108
0.006794 -0.175705 1.391024 -0.399474 0.120706 0.574000 0.271431 -0.480109 0.332325 -1.017926 -0.006832 -0.428485
-0.247592 -0.559721 1.081207 0.122431 0.184920 -0.142222 0.058946 -0.113448 0.418341 -0.377515 -0.018484 0.101797
-0.261495 -0.796384 0.508272 -0.043352 0.224013 -0.151031 -0.544996 0.054305 0.950973 -0.345443 0.471529 0.338234
-0.939278 -1.178953 -0.034616 -0.672859 0.211851 -0.285267 -0.851400 -0.414696 0.924306 0.138803 0.359913 0.117426
0.158491 -0.808368 0.679209 -0.947556 0.480952 -0.156979 0.037102 -0.740371 0.190674 0.316922 -0.049623 -0.275855
-1.046707 -0.531368 0.355977 -0.056612 -0.401987 -0.873707 -0.928546 0.477695 0.409459 0.665911 0.691921 0.707788
-0.468737 -0.941528 -0.465665 0.596198 0.277149 -0.197968 0.242102 -0.986779 0.721743 -0.304514 0.238982 -0.466580
-0.156060 -0.663755 -0.550257 -0.677802 -0.289853 0.112138 0.267866 -0.596160 0.804279 0.456478 0.089014 -0.423392
-0.665200 -0.096583 0.926003 -0.921293 -0.532393 -0.005772 -0.138614 -0.847179 0.736180 0.208597 0.093077 -0.229522
-0.089076 -0.586273 0.929327 -1.152131 -0.662509 0.902511 0.394508 -0.518460 0.670960 0.198580 -0.170311 0.216577
-0.196777 0.182261 1.017476 -0.786159 -0.972409 1.048896 0.731826 -0.227865 0.603375 0.518763 -0.500171 0.043946
0.311471 0.120829 0.910272 -0.760031 -0.611589 1.462434 1.297102 -0.415700 0.360262 0.320465 -0.205905 -0.541536
0.413364 -0.070281 0.605633 -0.509351 -0.659930 1.285638 1.277873 -0.265636 0.249433 -0.048173 -0.105697 -0.309851
0.129129 -0.486756 0.593001 -0.570507 -0.385280 1.502161 1.093905 -0.490596 0.532312 0.281573 -0.284714 -0.319746
-0.655134 0.244079 0.404902 -0.739574 -0.323355 -0.012282 0.368891 -0.301292 -0.127006 0.637945 0.370148 -1.254755
0.238079 -0.051055 0.612327 -0.508138 -0.670306 1.298749 1.172638 -0.192886 0.375938 0.109747 -0.077133 -0.405041
0.219295 -0.312765 0.545578 -0.670055 -0.462677 1.443977 1.222169 -0.530572 0.513546 0.178922 -0.169430 -0.229767
-0.052533 -0.394825 0.568829 -0.479129 -0.340506 0.235163 0.886580 -1.113897 1.199745 -0.136274 -0.885927 -0.091789
0.177089 -0.515874 0.502502 -0.622385 -0.061492 0.868546 0.953412 -0.262358 1.029208 0.271294 -0.359831 0.262400
0.142249 -0.703595 0.455107 -0.306275 -0.289144 1.307262 1.143395 -0.535709 0.551700 0.630651 -0.196941 -0.326201
0.116239 -0.613100 0.297489 -0.980322 -0.332295 1.428842 1.029274 -0.524857 0.482121 0.080648 -0.151997 0.161765
0.032048 -0.497296 0.471647 -1.118747 -0.206656 1.001666 0.870617 -0.873882 0.819724 0.387806 -0.216352 -0.458276
0.335701 -0.199010 0.752615 -0.410926 -0.529876 1.451556 1.278508 -0.406947 0.390540 0.072744 -0.175378 -0.381128
0.496125 0.184614 0.974420 -0.602448 -0.520438 1.523822 1.420501 -0.415032 0.216486 0.668124 -0.325253 -0.695686
0.500145 0.140838 1.032323 -0.280853 -0.428344 1.495594 1.224595 -0.188995 0.122001 0.429751 -0.324205 -0.785156
0.033138 -0.374052 0.404774 -0.724134 -0.422908 1.329555 1.121674 -0.318274 0.263831 -0.029520 -0.353971 -0.121515
0.269731 0.039587 0.864989 -0.537883 -0.587404 1.445835 1.210142 -0.319063 0.370593 0.130636 -0.303308 -0.473945
0.412113 0.329189 1.101230 -0.420798 -0.528270 1.482476 1.245566 -0.194422 0.092889 0.443652 -0.381783 -0.797126
0.388387 -0.095599 0.837516 -0.287836 -0.437499 1.512641 1.230321 -0.253062 0.311302 0.373087 -0.275236 -0.570104
-0.002928 -0.848909 0.288327 -0.383877 -0.221161 0.875531 1.260441 -0.614011 1.033664 0.154320 -0.157618 0.079546
0.389342 0.038318 0.731428 -0.461510 -0.628238 1.350060 1.265093 -0.253001 0.330005 0.073888 -0.134372 -0.422754
0.490508 -0.003697 1.036588 -0.483781 -0.727264 1.478616 1.343617 -0.530429 0.442571 0.135960 -0.356937 -0.553555
0.206244 -0.485278 0.786785 -0.002223 -0.108376 1.656693 1.053761 -0.641564 0.374342 0.798346 -0.313504 -0.787555
0.394484 -0.219695 0.702621 -0.324125 -0.332701 1.502443 1.029244 -0.068938 0.199716 0.302571 -0.253289 -0.518840
