-0.264237 -0.642988 0.739752 -0.499634 -0.222301 0.452985 0.002189 -0.299878 0.740326 0.275905 -0.179705 0.198227
-0.629014 -0.678851 0.108472 -0.478521 0.401859 0.670954 0.213714 -0.650100 0.890823 -0.745667 0.041575 0.482845
-1.221019 0.001914 0.189663 -0.341198 -0.280925 -0.546002 -0.065380 -0.854428 0.154256 -0.343075 -0.093423 -0.224188
-0.287385 -0.580024 0.512303 -0.336959 0.425789 0.474474 -0.118388 -0.087165 -0.344301 1.058533 0.004856 -0.025204
0.035164 -1.073862 0.355985 -0.068917 0.211632 -0.420156 0.440403 -0.642207 -0.048603 0.130252 -0.183450 -0.072842
-0.749040 -0.448389 0.759490 -0.153523 0.236219 0.482520 -0.019876 -0.434465 0.692124 0.054569 0.011219 -0.213158
-0.894106 0.035440 0.578907 -0.100400 -0.696263 -0.358657 -0.317512 0.255015 -0.456006 0.151106 0.008450 -0.105221
-1.066085 -0.172861 0.150727 0.101167 -0.315107 -0.251757 -0.696978 -0.499518 0.029355 -0.062781 0.649480 0.228114
-0.702756 -0.176711 0.426517 0.075142 -0.342792 0.397581 -0.289089 -0.255055 0.344504 0.127787 0.286896 -0.129557
-0.430200 -0.928733 0.599159 -0.021287 0.477638 0.480209 0.919345 -1.500026 0.099684 0.002939 -0.212510 -0.542343
-1.163324 -0.343474 0.459660 -0.060056 -0.086006 -0.590777 0.310172 -0.677648 0.730412 0.084162 0.473994 -0.233654
-0.368000 -1.581303 0.468667 -1.143758 0.446055 -0.017895 0.944260 -0.694788 0.397076 0.525119 0.371746 -0.486213
-0.773222 -0.522569 0.887710 -0.212931 -0.571452 0.161412 0.198866 -0.233377 0.656442 -0.559369 -0.300761 0.206737
-1.098320 -0.847805 0.917182 0.365005 0.166884 -0.016093 0.074733 -0.887174 0.199710 0.619547 -0.140472 0.072139
-0.566854 -0.387729 0.469518 -0.337924 0.013906 0.617198 0.342814 -0.097708 0.420011 -0.391996 -0.404229 0.200288
-0.931249 -0.441260 0.235329 -0.283582 -0.374655 0.170318 0.119233 -0.445797 -0.021703 -0.236343 -0.230446 -0.212743
-0.848628 -0.327475 1.245744 -0.888466 0.118971 0.883772 -0.051711 -0.196297 0.669142 -0.447555 -0.087385 0.150197
0.138628 0.264968 0.255143 -0.067502 0.895022 -0.712549 0.498758 -1.305150 -0.014618 -0.267663 -0.366959 -0.347185
-0.063779 -0.498125 0.564932 0.187304 -0.180766 0.038531 0.169440 -0.020168 0.938961 0.117666 0.650065 0.396563
-0.131985 -0.922848 -0.186576 0.106645 -0.616564 0.280815 0.426379 0.355666 1.089497 -0.405090 0.703015 0.694201
-1.345049 -0.042517 0.820715 -0.644169 -0.654423 -0.208026 -0.625674 -0.045236 0.822115 0.153766 0.334561 0.692070
-0.985015 -1.032940 0.475484 0.131849 -0.417253 -0.342032 -0.444922 -0.058807 0.722005 0.273510 0.415363 0.702059
-0.876258 -1.039652 0.737084 0.292970 -0.645145 -0.359186 -0.542004 0.255036 0.682131 -0.093012 0.266936 0.743590
0.848537 -0.515714 -0.386986 0.264164 0.303543 0.365640 0.665763 -0.036556 1.347853 -0.739883 -0.311906 0.030897
0.330700 -0.927818 -0.123483 -0.241874 0.132652 0.591610 0.341192 -1.148101 0.692486 0.407128 -0.580444 -0.255217
-0.987316 -1.147228 1.201807 0.084411 -0.252558 -0.026946 -0.108077 -0.338853 0.711877 0.535372 0.016443 0.384334
-0.957837 -1.242416 0.901076 0.065137 -0.483329 -0.111926 -0.203318 -0.132748 0.823048 0.276805 0.193689 0.517002
-1.148007 -0.344480 0.818912 -0.606739 -0.289107 -0.008212 -0.174063 -0.566821 0.882376 -0.076342 0.236671 0.625851
-0.843434 0.453224 -0.045893 -0.548306 -0.289829 -0.668983 -0.539889 -0.398712 0.922518 -0.287564 0.330688 0.113594
-0.223352 -0.118931 -0.378393 0.352715 -0.490878 -0.138115 -0.281990 0.298554 1.094303 -0.999532 -0.322510 0.141111
0.169625 -1.128424 1.312657 0.548625 -0.466384 -0.510924 0.143447 -0.133128 0.266186 -0.760746 -0.588312 -0.542187
-1.156889 -0.449644 0.378890 -1.135855 0.002961 -0.838066 -0.342262 -0.656836 0.244326 1.091087 0.670174 -0.357302
0.043975 -0.775302 0.435245 0.165686 0.219159 0.768050 0.561762 -0.639716 0.667058 -0.311501 -0.278194 -0.287959
-0.327416 0.010537 1.305213 -0.784620 -0.480239 -1.067608 -0.801624 -0.068465 0.493697 -0.565259 0.207560 0.145287
-0.378032 -0.759418 -0.283037 -0.329366 -0.731594 -0.288069 -0.070007 0.167847 0.756129 0.474391 0.317146 0.312957
-0.384563 -0.750066 0.534940 -0.507348 -0.332216 0.187456 0.714135 -0.506433 0.761675 -0.840463 0.100692 0.011962
-1.121570 0.146238 0.322620 -0.440773 -0.467538 -0.631516 -0.459880 0.163627 -0.077636 0.387330 0.427718 0.227287
0.010169 -1.352682 0.684901 -0.183041 0.396103 -0.219814 0.299591 -0.633580 0.448190 -0.036465 0.417962 -0.186614
-0.871873 0.286901 0.427427 -0.609277 -0.572122 -0.255401 -0.566409 -0.031692 0.468898 0.264826 0.021481 0.184292
-0.561765 -0.375443 1.026597 -1.019582 -0.115824 -0.513607 -0.055279 -0.410459 0.469537 0.257207 0.390814 0.099187
-1.140333 0.046554 0.745690 -1.227312 -0.788691 -0.243397 0.247153 -0.771307 -0.066027 0.301653 0.077291 -0.118019
-0.938992 -0.404542 0.779575 -0.888192 -0.637419 -0.151816 -0.760297 -0.703827 0.625774 0.083192 0.244204 0.634315
-0.583023 -0.416942 0.449677 -0.191683 -0.111907 0.207308 0.679718 -0.416484 0.638364 -0.077881 -0.543835 -0.202697
-0.180585 -0.558212 0.175459 -0.166138 0.366098 0.164896 0.387045 -0.778203 0.732018 0.903260 0.504421 0.142443
-1.497886 0.120912 0.928071 -0.981423 -0.482245 -0.713336 -0.494404 -0.817470 -0.302854 0.512533 0.354515 -0.594076
-0.313582 -0.634903 0.183355 -0.504688 -0.411902 0.572208 0.067414 -0.718238 0.614287 0.109134 -0.057764 -0.161626
-0.804980 -0.701951 0.814535 -0.465168 -0.421435 -0.397202 -0.158477 -0.415666 -0.346419 0.295711 -0.171597 -0.531263
-0.843651 -0.592322 0.478430 -0.407397 0.289025 0.057934 -0.736902 -0.165101 1.154823 -0.044528 -0.544109 0.013147
-0.777327 -0.725502 0.466466 -0.473976 -0.827087 -0.028598 -0.293465 -0.308380 0.963125 0.367993 0.698103 0.703882
-1.001631 -0.364930 0.293023 -0.515571 -0.570521 -0.557144 -0.514519 0.001653 0.475990 0.385904 -0.047789 0.047489
-0.430503 -0.625576 0.877642 -0.782094 -0.458011 0.083102 -0.128525 -0.033703 0.723300 -0.043182 0.508192 0.626294
-1.263265 -0.102983 -0.218967 -0.331289 -0.459677 -0.606871 -0.199905 -0.005142 0.125027 -0.079228 -0.094022 -0.262030
-0.278335 -0.151483 -0.589514 0.029303 0.413407 -0.071138 -0.148515 -0.119904 1.198876 0.085376 -0.123666 0.319662
-0.193722 0.304727 1.104742 -1.348886 -0.656861 -0.759771 -0.139109 -0.421524 -0.251092 0.577942 0.154627 -0.193567
-0.386836 -0.298404 0.424366 -0.907552 0.522036 -0.671587 -0.383473 -1.078191 0.641281 -0.265665 0.059261 0.075891
0.043847 -0.726314 0.857809 -0.219512 -0.603218 0.092780 0.480828 -0.628390 0.632478 0.695180 -0.308616 -0.229151
-1.032952 -0.673919 1.086608 -0.016728 -0.605386 -0.202216 0.245465 0.255943 0.318632 0.508198 -0.004223 -0.045486
-0.943283 -0.623747 0.797444 -0.334694 -0.596968 -0.703733 -0.248850 -0.283733 0.878514 0.671331 0.828986 0.275396
-0.887106 -0.717398 -0.290349 -0.416124 -0.264388 -0.536430 -0.423625 -0.132740 0.637575 0.572068 0.386571 0.312362
-0.818639 -0.655210 0.505796 -1.177707 -0.100673 -0.173651 -0.112089 -1.038026 0.516591 0.378595 0.480046 -0.259778
-0.961152 -0.895766 0.618840 0.380495 -0.101278 0.277089 0.033386 -0.489939 0.864443 0.058474 0.178853 0.558449
0.044080 -1.191178 0.844737 -0.284388 -0.699186 -0.410910 -0.692753 -0.322779 0.709752 -0.376926 0.170515 0.058948
-0.503200 -0.482015 1.132264 0.324029 -0.450177 -0.221107 0.655549 -0.555825 0.835601 -0.014983 -0.419542 0.105572
-0.403111 -0.476191 0.438587 -1.096593 0.634895 -0.230879 -0.345062 -0.498108 0.430227 0.459356 0.121635 0.026314
-0.842801 -0.769477 0.492799 0.193324 -0.709622 -0.636268 0.164926 -0.065460 -0.032421 0.328176 0.506000 -0.474685
-0.058231 -0.892530 0.380560 -0.486622 -0.350279 -0.113936 -0.363270 -0.913588 0.825673 -0.867257 -0.611798 -0.250405
-0.163266 -0.740500 0.727450 -0.672993 -0.085298 -0.584851 -0.712354 -0.441604 0.653457 -0.058640 0.200181 0.264665
-0.315977 -0.588255 1.096981 0.072669 -0.010141 0.302818 0.490392 -0.804591 0.366081 -0.233725 -0.289121 -0.166964
-0.548274 -1.107195 1.199622 -0.021884 -0.259240 0.062035 0.125066 -0.310109 0.362075 -0.493497 -0.369520 0.281711
-0.230994 -0.135681 0.099573 -0.814068 -0.676805 0.195846 0.127306 -0.734180 0.974376 0.096029 0.369406 -0.185349
0.452200 -0.397624 0.907093 -0.579423 0.655456 0.240658 0.354925 -1.074986 0.378521 -0.655296 0.028414 -0.108592
-0.151168 -0.365615 0.518917 -0.002717 -0.614232 -0.183826 0.823794 -0.336345 1.237014 -0.506319 -0.613304 -0.421524
0.557808 -0.206681 0.630630 -0.166235 0.329281 -0.091433 0.293462 -0.338954 0.605574 0.102574 0.231973 -0.211764
-0.324797 -0.633606 0.055501 -0.115868 0.155085 0.268532 -0.369057 -0.810030 0.259208 0.283432 -0.013425 -0.187187
0.391255 -0.133043 0.419516 -0.121305 0.022756 0.467577 0.797971 -0.611747 0.741147 -0.484239 -0.048637 -0.116644
0.164435 -1.184310 0.720679 -0.669517 -0.080547 0.072808 0.574384 -0.009662 0.565163 -0.054760 0.325616 0.307904
-0.695574 -0.230585 -0.137418 -0.116671 0.358289 -0.375624 -0.118095 -0.550224 0.591877 0.103207 0.118136 -0.108849
0.138598 -1.553910 0.156064 0.045398 -0.197042 0.172965 0.167263 0.053305 0.674937 -1.125704 -0.600286 0.017657
-0.587154 -1.083473 0.211484 -0.259460 0.492926 0.132969 -0.092204 0.030419 0.714721 0.051585 -0.388923 0.283017
-0.022456 -1.208023 0.459222 -0.591573 -0.796936 -0.204442 0.506705 -0.189461 0.551942 -0.077820 0.495284 -0.151555
-0.177339 -0.830481 1.119721 -0.165270 0.196495 -0.074676 0.200528 -0.706535 0.550145 -0.465389 0.278496 0.146926
0.406216 -0.720107 1.200331 -0.349137 -0.151360 -0.471474 0.516431 -0.170778 0.383739 0.207053 -0.140813 -0.130876
-0.158707 -0.601988 1.323224 -0.971171 -0.174124 -0.156741 0.142920 -0.265980 1.035383 -0.221110 -0.456508 0.051933
0.078895 -1.139249 0.041825 -1.366040 0.325500 0.395526 0.002632 -0.830760 0.491703 -0.013575 0.414068 0.209982
0.308225 -1.040227 0.602305 -0.403141 -0.042961 -0.060313 0.374536 0.191314 0.599555 -0.637285 0.132044 0.213234
0.530898 -0.563738 1.168141 -0.829576 -0.421564 -0.274269 0.357968 0.446618 0.606512 -0.738490 -0.221547 0.225924
0.914130 -0.546099 0.883589 -0.143939 0.379328 -0.850981 0.349034 -0.307856 0.087937 -0.364302 -0.592863 -0.135159
-0.272723 0.920469 1.350393 -1.004891 -0.162666 -1.113304 -0.150493 -0.913674 0.458469 1.250083 0.392082 0.100866
-0.019983 0.939426 1.263664 -0.632981 -0.316736 0.274234 -0.029653 0.101058 1.382039 0.823930 0.334485 0.188019
-0.689451 -0.624218 -0.273972 -0.500527 -0.287965 -0.262896 0.271062 -0.031575 0.470354 0.422048 0.577290 -0.509809
-0.860318 -0.635928 0.815562 0.515091 -0.425726 -1.253327 -0.373336 -0.281515 0.868608 0.149971 0.714733 0.263425
-0.573461 -0.229180 0.057742 -0.810687 -0.722870 0.009839 -0.001027 -0.196495 1.067396 0.123519 0.169048 0.540776
0.188440 -0.957073 0.092831 -0.169242 0.453185 0.697518 -0.131262 -0.938191 0.373288 -0.542903 0.312925 0.239368
-0.320919 -1.316569 0.877194 0.195600 -0.731313 0.072074 -0.030921 -0.042804 0.393354 -0.120832 -0.036573 0.444890
-1.069392 1.066899 -0.102869 -0.196420 -0.830953 -0.969972 -0.373859 -0.015571 0.165729 0.279883 0.150400 -0.244751
-0.246534 -1.037651 0.493042 -0.706792 -0.262866 0.653641 0.079596 0.090827 0.793953 -0.174656 -0.335151 0.385964
-0.291049 0.193184 0.366215 -0.446215 -0.331309 0.606651 -0.275384 0.230639 0.713971 0.498513 -0.175892 0.516587
-0.588266 -0.806357 0.790890 -0.234300 -0.552260 -0.121429 0.179844 -0.375857 0.944251 -0.674666 -0.246000 0.060664
-0.649895 -0.281351 0.352420 0.098034 0.054507 -0.905657 -0.410641 0.104315 1.043922 0.182798 0.016954 0.467341
-0.370167 0.136100 1.033039 -0.177653 -0.376090 -0.796304 -0.473176 0.201100 1.164707 0.633124 0.470051 0.447367
0.005876 -0.525062 0.568143 -0.159143 0.128394 -0.257687 0.269522 0.111505 1.018478 0.017217 0.130125 -0.710554
-0.618239 -0.720692 0.577899 -0.376962 0.474062 -0.712480 -0.516794 -1.161683 0.191726 0.180050 0.767858 0.077278
-0.999066 -0.180127 0.623416 0.203666 -0.728540 -1.053404 -0.185399 0.388090 0.329226 0.076126 0.297273 0.048577
0.059712 -0.450587 0.227271 -1.027036 -0.381208 -0.027158 0.009582 0.424584 0.677171 0.261648 0.400321 0.095664
0.414678 -0.211783 1.082644 0.242056 0.471969 0.165839 -0.203303 -0.338773 0.546568 0.028270 -0.187454 -0.188166
0.354191 -0.480124 0.058963 -0.219642 0.183272 -0.204637 -0.042557 0.519178 1.171913 -0.901104 -0.028613 1.092936
-0.182824 -0.169531 0.808927 -0.574630 -0.425601 -0.203700 0.346907 -0.676441 0.688592 -0.114092 0.515460 -0.655809
0.585996 -0.174485 0.739234 -0.284198 0.391948 -0.016155 0.412962 -0.556921 0.840237 -0.408205 -0.068597 -0.092257
-0.524309 -0.301038 0.042341 -0.192405 0.312855 -0.307989 1.039082 -1.571423 0.161282 -0.236054 -0.747098 -0.515688
0.532152 -1.150748 0.477721 0.273783 -0.283510 0.300379 0.388243 -0.093048 0.682046 0.101235 0.509067 -0.151803
-0.063706 -0.915000 0.211944 -1.383530 -0.029139 -0.076733 -0.182987 -1.019396 0.898301 -0.066528 1.110066 0.120292
-0.548611 -1.231548 0.441065 -0.147185 0.252057 0.444882 0.016265 -0.623053 0.914998 -0.723398 -0.226692 0.383224
-0.015684 0.062880 -0.225112 -0.194026 0.476223 -0.530156 0.049147 -0.069622 0.834345 -0.641611 -0.529953 -0.764806
0.489589 -0.374813 0.550439 -0.046214 0.803468 -0.709735 0.480955 -0.458155 0.383208 0.168294 0.528417 0.609189
0.050177 -1.205362 0.230128 -0.331622 0.751277 -0.094398 0.505994 -1.331890 0.377301 -0.063416 0.155639 -0.396719
-0.815372 -0.431024 0.743994 -0.385942 -0.768544 -0.044182 -0.102036 -0.608963 0.556427 -0.111365 0.045760 0.167240
-0.453707 -0.859452 0.436587 0.391309 -0.209342 0.254080 -0.080566 0.043915 0.279372 0.510926 0.346095 0.102805
0.373179 -0.901066 1.045407 -0.070785 -0.803726 -0.104263 0.363346 -0.537865 0.341919 -0.698853 -0.303240 -0.486632
0.305247 -0.966710 0.938354 -0.095184 -0.312572 0.411643 0.362726 -0.444648 0.603601 -0.547860 -0.191816 -0.106344
-0.166124 0.322900 0.243641 0.598032 0.301060 -0.679932 0.273458 -1.125438 -0.142918 0.243578 0.628640 -0.292188
-0.331688 -0.027461 -0.143127 -0.499424 0.129948 -0.400028 -1.029730 -0.246779 0.594939 0.776420 0.192940 0.358543
-0.818576 -0.795290 0.745214 0.162861 -0.412503 -0.404513 -0.375346 0.018099 0.661403 0.067551 0.452115 0.516358
0.142656 -0.420916 1.080380 -0.705972 0.686320 -0.154724 0.526955 -0.825958 -0.016680 -0.316548 0.219274 -0.033013
-1.196211 -0.253047 0.095663 -0.320280 -0.011101 -0.359648 -0.479030 -0.464581 0.656187 0.186926 0.195551 -0.110750
-0.596563 0.043610 0.422036 -0.401814 -0.335198 -0.270060 -0.537192 0.369123 0.245366 0.173297 0.569107 -0.140846
-0.585272 -0.839243 1.299019 0.130365 -0.215651 0.201245 -0.252458 0.028919 0.748795 0.427644 0.088341 0.176572
-0.802105 -1.096401 1.161024 0.116067 -0.234651 0.071009 -0.257339 -0.135778 0.768331 0.376087 0.279976 0.394361
-0.766595 0.155716 0.835939 0.036777 -0.334832 -0.430040 -0.402536 0.035377 1.192437 0.435009 0.548394 0.497901
-0.830729 -0.555665 0.976996 -0.355894 -0.227752 0.102476 -0.173311 -0.041733 1.022611 0.023851 0.228617 0.475600
0.521352 0.070173 0.712022 -0.618039 0.706323 -0.517531 0.426638 -1.133728 0.055976 -0.175616 -0.858190 -0.017665
-1.014599 -0.379978 1.277795 0.191920 -0.337934 -0.065963 -0.313519 -0.368729 0.867546 -0.134114 0.298728 0.537006
-1.341966 -0.781203 1.028580 0.428356 -0.569048 -0.286720 -0.473886 0.043138 0.652882 -0.020544 0.018466 0.536160
-1.242328 -0.006709 0.365994 -0.646096 -0.721308 -0.953279 -0.351564 -0.250994 0.721717 0.297544 0.506970 -0.007736
0.478202 -0.578406 1.416124 -0.508784 -0.034134 0.127696 0.580766 -0.675699 -0.252369 -0.396520 -0.249145 -0.780389
0.221402 -0.586741 0.649221 -0.652343 -0.238086 -0.393424 0.389228 -0.195946 0.441794 -1.129353 -0.380120 -0.314870
0.459699 -1.355625 0.777374 -0.708040 0.185965 -0.065506 0.600006 -0.528118 0.466203 -0.048613 -0.111912 -0.687365
-0.820263 -0.236234 1.448468 -0.595126 -0.129644 -0.708008 0.131177 -0.491231 0.346767 0.190837 -0.253615 -0.445500
-0.650886 -0.117227 1.522503 -0.289862 0.360540 -0.723621 0.295053 -0.661286 0.072423 0.288139 0.260957 -0.183357
-1.004819 -0.197344 1.042627 -0.017146 0.390237 -0.776706 0.259235 -0.582741 0.414515 0.048120 0.112444 -0.062703
0.114244 -0.803909 1.419888 -0.527206 -0.296619 -0.580582 0.204234 -0.887586 0.893273 0.750850 0.936207 0.091253
-0.203719 -0.682657 1.004450 -1.054401 0.835305 -0.503649 0.280306 -0.948040 0.192067 0.232095 -0.447720 -0.639897
0.031443 -0.300736 1.295132 -0.450639 0.248331 -0.417905 0.298802 -0.949346 0.573709 -0.106291 0.319527 -0.036721
0.080496 -0.811719 0.825967 -0.368062 -0.201097 -0.388782 -0.156927 -0.198966 0.677853 -0.327503 -0.150566 -0.171326
0.338447 -0.471648 0.542515 0.097905 0.513455 -0.824550 0.728986 -0.781216 1.006649 -0.272101 -0.040693 0.173270
-1.073109 -0.759462 -0.348089 -0.056563 -0.024889 -0.244711 0.023740 -0.084953 0.873978 0.006902 -0.365526 -0.627081
-0.683011 -0.674421 0.185212 -0.450942 -0.720463 -0.003657 0.038736 0.197701 0.374035 0.574050 0.554173 -0.070104
-0.207885 -0.843474 0.455331 0.335948 -0.326062 -0.356096 -0.457897 0.995354 0.574829 0.331749 0.181831 -0.497259
-0.392910 -0.973027 1.282596 -0.652338 0.289970 -0.788182 -0.321834 -0.568023 0.566845 -0.147703 0.420204 -0.153012
-0.364605 -1.120732 0.821912 -0.274383 0.542598 -0.490423 0.156028 -0.574825 0.589134 -0.387155 0.366741 0.026228
-0.016821 -1.360760 0.308391 -1.227873 -0.070429 0.274114 0.125590 -0.424144 0.559636 0.120837 0.517772 -0.480567
-0.226728 -0.004646 -0.133328 -0.629123 -0.333078 -0.015099 0.817771 -0.293718 0.802240 0.506740 -0.399318 0.049078
-0.712083 -0.781284 0.346607 -1.214103 -0.442305 0.133155 0.287984 -1.011183 0.002388 0.267100 0.480978 -1.009325
-0.338267 -1.206241 0.112245 -0.444478 0.501947 -0.195621 -0.184645 -0.395710 1.010578 0.467999 0.615329 0.530455
-0.132619 -0.409412 0.705031 0.281871 -0.243207 -0.672306 0.115236 -0.491015 0.159725 0.117173 -0.136552 -0.401862
0.415944 -0.445617 0.771128 -0.709073 0.176294 0.019875 0.813808 -0.617910 0.216072 -1.048472 -0.112302 -0.750576
-0.488291 -0.247739 0.093301 -0.213850 -0.319772 -0.170529 0.231922 -0.495029 -0.063153 0.300179 0.290108 -0.500157
-0.182824 -0.169531 0.808927 -0.574630 -0.425601 -0.203700 0.346907 -0.676441 0.688592 -0.114092 0.515460 -0.655809
0.532152 -1.150748 0.477721 0.273783 -0.283510 0.300379 0.388243 -0.093048 0.682046 0.101235 0.509067 -0.151803
-0.570738 -0.776392 0.486699 -0.348985 -0.251890 -0.390673 0.666584 -0.689629 0.817166 -0.392699 -0.177596 0.180752
0.445236 -0.156124 0.775341 -0.058292 -0.320068 0.997819 1.401288 -0.592856 0.111046 0.007549 -0.352066 -0.914407
0.162118 -0.560193 0.513518 -0.276022 -0.111733 1.388508 1.148792 -0.620634 0.523301 0.398898 -0.507353 -0.439573
0.010180 -0.459342 0.752336 -0.510084 -0.377285 1.403147 1.248146 -0.888796 0.672275 0.449921 -0.456510 -0.450500
0.062776 -0.659348 0.785673 -0.443081 -0.155045 1.435973 1.336443 -0.944161 0.659011 0.326138 -0.304053 -0.627302
0.343769 -0.333814 0.827108 -0.277386 -0.240237 1.496509 1.124800 -0.354470 0.479990 0.394214 -0.236633 -0.521040
0.363720 0.011946 0.968330 -0.709559 -0.510311 1.544940 1.430153 -0.588378 0.387389 0.543987 -0.315204 -0.597691
0.264811 -0.291034 0.561106 -0.625146 -0.466783 1.432299 1.221126 -0.417606 0.454215 0.123732 -0.222275 -0.251344
0.096449 -0.751432 0.486235 -0.668173 -0.220647 1.499697 1.113514 -0.739295 0.675383 0.379362 -0.214796 -0.211551
-0.129461 -0.993462 0.559794 -0.523727 0.068575 1.198587 1.118633 -0.718205 0.722504 0.176113 -0.272471 -0.265795
0.195352 -0.446725 0.705566 -0.528675 -0.334687 1.579863 1.138562 -0.410961 0.515469 0.243363 -0.282041 -0.338363
0.268545 -0.520113 0.493055 -0.639553 -0.399816 1.432719 1.386243 -0.676632 0.587166 0.315019 -0.251297 -0.161873
0.251980 -0.274107 0.711756 -0.483595 -0.339986 1.593320 1.301543 -0.443435 0.472594 0.450250 -0.420185 -0.406864
-0.315831 -0.826262 0.445744 -0.888122 -0.118110 1.407752 0.732669 -0.673563 0.785408 0.666929 -0.046006 -0.634459
-0.168452 -0.279652 0.841521 -0.641700 -0.569312 1.418070 1.380178 -0.780106 0.737083 0.352778 -0.159095 -0.120620
0.226410 -0.477038 0.634026 -0.548933 -0.398314 1.531958 1.287399 -0.566043 0.529628 0.307927 -0.270425 -0.302735
-0.250663 -0.437580 0.597079 -0.761963 -0.281945 0.763508 0.873102 -0.559043 0.571275 1.094471 0.093610 -0.654109
0.050408 -0.794883 0.724099 -0.778534 -0.193026 1.341533 1.052986 -0.614461 0.832332 0.293021 -0.226298 -0.184628
-0.138534 -0.231494 0.753775 -0.283493 -0.474696 1.441373 1.143294 -0.200984 0.631248 0.241370 -0.238099 -0.295438
0.405184 -0.410139 0.845804 -0.080396 -0.173983 1.558513 1.171812 -0.408433 0.383382 0.552304 -0.331161 -0.651531
0.227177 -0.203454 0.794535 -0.328627 -0.535085 1.391608 1.041849 -0.237183 0.142283 0.095601 -0.228690 -0.501882
0.416840 -0.121291 1.014736 -0.298711 -0.496039 1.224942 1.328047 -0.287280 0.192919 0.271395 -0.009826 -0.635841
