0.500733 -0.299980 0.117583 -0.668498 0.479714 -0.548268 0.357258 -1.583001 0.358529 0.753043 -0.371200 -0.398256
-1.077979 0.088385 0.390384 0.160447 -0.972031 -0.841412 -0.326249 0.267657 0.269124 0.277349 -0.728794 -0.124252
0.359084 -0.844575 0.367695 -0.563287 -0.212719 -0.597488 0.217581 -0.545315 0.441928 0.022377 -0.021886 -0.563574
-0.356487 -0.616681 0.380966 -0.395760 -0.757222 -0.013759 0.303552 -0.178878 0.059590 -0.000795 -0.311692 -0.873819
0.294036 -0.868064 0.947974 -1.082694 -0.113837 -0.558031 -0.539947 -0.466938 0.164834 -0.254096 0.012168 -0.539118
-1.026397 -0.213920 0.923644 -0.647584 -0.625797 -0.056427 0.473551 -0.553924 0.211210 0.274854 0.284931 -0.444977
0.159774 -0.076917 -0.955322 -0.064159 -0.106201 -0.479918 0.238920 0.146626 0.750903 0.501739 -0.540050 -0.492164
0.141679 -1.460500 0.471354 0.033395 0.457484 -0.335922 0.034431 -0.578511 -0.002274 -0.350515 0.195204 -0.447512
-0.731655 -0.165250 0.513322 -0.707784 -0.550032 -0.461283 0.007520 -0.464380 0.354455 0.808329 -0.076621 -0.041382
-0.675896 -0.673881 0.328872 -0.371452 -0.457400 -0.467461 0.053879 0.034137 0.361404 0.288982 0.269303 0.153522
-0.706452 -0.322229 0.734322 -0.683712 -0.761210 -0.470076 -0.199738 -0.627198 0.522906 0.287850 -0.067807 -0.267056
-1.118643 -0.282278 0.362941 -0.542298 -0.690696 -0.207540 -0.149818 -0.310685 0.498030 0.234953 -0.131039 0.420341
0.363904 -0.884471 0.766177 -0.493640 0.375752 0.181639 0.182005 -0.135793 -0.034839 -0.891294 -0.938305 -0.388827
-1.154105 -0.801372 0.235894 -0.519644 -0.526302 -0.640100 -0.444518 -0.037975 0.544802 0.858778 0.421231 0.452512
-0.221826 -1.061999 0.361134 -0.083136 0.029103 0.457594 0.151465 -0.484706 0.590589 -0.567478 -0.290291 0.105384
0.107882 -0.684771 1.300468 -1.004871 0.667321 0.210487 0.249330 -0.930044 0.449206 -0.128830 -0.196419 -0.144561
0.478467 -0.689642 0.718085 -0.724453 0.247937 0.037864 0.649523 -1.037932 0.356645 -0.334964 -0.602419 -0.140506
-1.229852 0.438610 0.864368 -0.903917 -0.571074 -0.497872 -0.004928 -0.860529 0.218249 -0.233726 0.299128 -0.195314
-0.773370 -0.584576 0.350149 -0.841587 -0.422401 0.004980 -0.022501 -0.013738 0.447923 -0.399261 0.198976 0.204274
-0.348413 -0.111341 0.201163 -0.367007 -0.067631 -0.934434 0.192420 -0.192441 0.284960 -0.419518 0.107937 -0.722907
-0.950849 -0.319755 -0.077596 -0.376358 -0.085461 -0.328666 0.260904 0.035642 0.525062 0.432377 0.137157 -0.572012
-0.512639 -1.036701 1.032836 -0.528964 -0.469697 -0.284880 -0.064450 -0.453441 0.804257 0.277455 0.103768 -0.081530
-0.300857 -0.481955 0.178630 0.173544 0.505983 -0.495541 0.073095 -0.482201 0.405523 0.212345 -0.464004 0.502759
-0.299061 -1.580042 0.897824 0.140290 -0.083565 -0.254546 0.096703 -0.368552 0.669695 -0.620444 -0.112242 0.056220
-0.663711 -0.568332 0.697556 -0.636309 0.238103 -0.951817 -0.494794 -0.786897 0.404670 0.276618 0.058010 -0.259052
0.138625 -0.450936 1.553236 -1.332717 0.458292 -0.002021 -0.115450 -0.563131 0.619782 0.007031 -0.003685 -0.114892
0.082348 -0.635471 0.968633 0.022914 0.708120 -0.757254 0.392844 -1.008883 0.621216 0.240658 0.645169 -0.307426
-0.748542 -0.622868 1.238208 0.018499 0.105252 0.031623 -0.138956 -0.630837 1.235885 0.250586 -0.140582 0.345668
-0.674144 -0.315633 0.398657 0.004719 0.157224 0.684736 0.318431 -0.061791 0.510166 -0.233810 -0.036248 -0.193162
-0.982290 -0.600423 0.448733 0.029234 -0.603937 -0.087257 -0.212666 -0.004648 -0.091491 0.386628 0.158988 -0.249641
-0.317309 -1.049075 1.210411 0.297112 -0.426291 0.106830 0.020805 -0.377343 0.719427 0.132158 -0.092865 0.112087
-0.906602 -0.815855 0.813701 0.097213 -0.098734 0.457967 0.068605 -0.508088 0.552631 0.457752 0.047694 0.169034
0.368420 -1.177007 0.838206 -0.118737 0.511305 -0.014775 0.308851 -0.538664 0.038169 -0.719672 -0.028019 -0.414848
0.122178 -0.649092 0.424279 0.243702 0.315615 0.174048 0.599040 -0.406373 0.835527 -0.913560 -0.413688 -0.047603
-0.528694 -0.243913 -0.044099 -0.670123 -0.681816 -0.486085 -0.075176 -0.349738 0.681849 0.243037 0.335490 0.048841
-0.080830 -0.378309 0.308578 -1.071849 -0.061989 -0.658407 0.136428 -0.865670 0.893836 0.168263 0.025133 -0.612652
0.463584 -1.101529 0.582790 -0.364900 0.157240 -0.545964 0.425536 -0.730263 -0.199335 -0.199521 -0.402353 -0.645843
-1.103840 -0.420319 0.901929 -0.078905 -0.597804 -0.842294 -1.093701 0.238054 0.897659 -0.396128 0.387374 1.232241
-0.782692 -0.630299 0.914762 -0.059757 -0.034087 0.069362 -0.115148 -0.404516 0.642297 -0.505891 0.373091 0.444433
-1.372763 -0.036418 0.698895 -0.173145 -0.621697 -0.502747 -0.500278 -0.271389 0.258483 0.672959 0.323499 0.690428
-0.895246 0.092110 1.073548 -0.117520 -0.522345 -0.356240 -0.386389 -0.287932 0.882218 0.460204 0.200416 0.885637
-0.613544 -0.838972 0.990700 0.058567 -0.469254 0.330583 0.348474 -0.453458 0.576122 -0.376051 -0.629697 0.258839
0.162163 -0.903449 1.074750 -0.251407 1.020054 -0.233216 0.791443 -0.654901 -0.242531 -0.063010 0.395482 -0.410107
-0.910301 -1.226792 0.625034 0.575287 -0.225785 -0.910034 -1.045203 0.188702 0.522300 -0.554553 0.566752 0.933079
0.387334 -0.733754 1.482445 -1.032179 0.370336 -0.457852 -0.031813 -0.776030 0.095335 -0.203893 -0.140695 -0.454972
-1.265448 0.158151 0.242943 -0.874771 -0.969766 -0.410525 -0.163138 -0.082125 0.356883 0.314680 -0.066540 -0.025546
0.157180 -0.549977 0.764941 -0.986413 0.506184 -0.904694 -0.011561 -0.738443 0.507363 0.903697 0.410376 -0.211807
-0.096278 -1.096422 -0.800389 -0.025152 0.704106 0.391122 -0.207837 0.118172 0.667569 -0.046740 -0.079596 0.304636
-1.074274 -0.378273 1.083730 -0.248668 -0.503584 -0.064459 0.051790 -0.353929 0.737985 0.263853 0.057573 0.643994
-1.116430 0.320741 0.100362 -0.537770 -0.605739 -0.080732 -0.601771 0.177171 0.560036 0.136941 0.176789 -0.119632
-0.519611 -1.023511 0.644977 0.825062 0.182198 -0.329888 -0.582773 -0.342489 0.466380 -0.799881 0.360187 0.626137
-0.863537 -1.383107 0.679573 0.690720 -0.309627 -0.725026 -0.881451 0.070221 0.787333 -0.538987 0.320434 0.853389
0.314519 -0.482812 1.018517 -0.863287 0.529636 0.125709 0.396198 -1.095879 0.053778 -0.485157 -0.487852 -0.293669
0.108305 -0.782636 0.755220 -0.651192 0.356522 -0.138316 0.372765 -0.587017 0.561929 -0.724752 -0.592472 0.132432
0.059396 -1.072723 0.424644 -0.796436 0.304678 -0.125869 0.710071 -0.703628 0.559712 -0.055808 -0.264485 -0.216472
-0.713604 -1.115416 0.821705 0.135307 -0.365999 0.013003 -0.022720 -0.369172 0.681511 0.241300 0.331943 0.367926
-0.552009 -0.016929 0.656294 -0.900848 -0.466419 0.058099 0.268622 -0.805163 0.129805 -0.060141 0.231515 -1.073666
-0.540829 0.187762 0.470932 0.414276 0.171201 0.184768 -0.234812 -0.505815 0.561137 -0.107721 0.032530 -0.062742
-0.477462 -0.142333 1.473657 -0.067935 -0.624938 0.236183 -0.001602 -0.226780 0.469167 0.025176 0.115379 -0.335793
-0.540408 0.355434 0.465072 -0.235093 -0.221413 -0.559825 0.137081 0.280563 0.290053 0.497499 0.431273 0.096990
-0.611487 -1.172287 1.191751 -0.097259 0.057675 -0.313334 -0.370878 -0.268339 0.746855 -0.204660 0.330039 0.429707
-0.468666 -0.191292 -0.757261 -0.369847 -0.993290 -0.405630 -0.328551 0.455257 0.918962 -0.057799 0.326441 0.098185
0.257295 -0.562936 1.060110 -0.913958 0.086618 -0.317088 -0.062578 -0.208562 0.215816 -0.496815 0.326736 -0.011858
-0.907356 -0.088523 1.132985 -0.188353 0.598887 -0.844483 -0.067605 -0.950031 -0.084705 0.086030 0.645634 -0.151228
-0.803045 -0.347912 0.524159 -0.715519 -0.076541 -0.531490 -0.011368 -1.237363 0.166583 0.046982 -0.218415 -1.081560
0.477149 0.321525 1.481272 -0.748679 -0.059778 0.025711 0.285332 0.097688 0.380520 0.045422 0.082309 -0.321752
-0.106598 -0.453440 0.704540 -0.487908 -0.025260 0.087566 -0.091822 -0.106633 0.904825 -0.654246 -0.295483 0.234829
0.525728 0.097193 0.235010 -0.162960 -0.529259 -0.167584 0.078014 -0.216772 0.878872 0.327159 -0.354139 0.162928
-0.083106 -1.219548 0.625883 0.406602 -0.008491 -0.281840 -0.177845 0.336693 0.457397 -0.896240 -0.332980 0.079601
-0.729635 -1.082568 0.523215 0.524867 0.123375 -0.417892 0.353806 -0.371797 0.437476 -0.362763 -0.477489 -0.237776
-0.218941 -0.484003 1.123423 -0.119123 0.500917 -0.247547 0.026074 -0.465781 0.557692 -0.389402 -0.248136 -0.195977
0.304739 -0.947388 0.547642 -0.848526 0.174353 -0.083923 0.524522 -0.411203 0.189258 -0.383194 -0.261119 -0.433238
0.125864 -0.887453 1.157623 -0.764514 0.582466 0.114325 0.263180 -0.906349 0.595032 -0.248236 -0.129859 -0.048858
-0.211622 -0.877650 0.181312 0.069734 0.383616 -0.120973 0.435257 -0.032492 1.272989 -0.310380 -0.126165 0.482209
0.123110 -1.030023 1.493876 -0.663032 -0.067752 -0.095516 -0.074414 -0.161878 0.458419 -0.249302 0.036897 -0.111890
-0.381090 -0.256064 0.415536 -0.743020 0.134467 -0.271270 0.310704 -0.593804 0.639804 0.466570 0.426663 -0.421965
0.529693 -1.541638 -0.009232 -1.034605 -0.299892 -0.208868 0.164202 -0.522666 0.819892 0.237541 -0.047765 0.058678
0.058747 -0.497732 0.826016 -0.058114 -0.107711 -0.604150 0.321799 -0.327099 0.288092 0.086301 0.032243 0.162746
-0.216202 -0.808654 1.050595 -1.157489 0.282767 0.228492 0.295999 -0.731011 0.737657 -0.208096 -0.720991 -0.167581
-1.431317 -0.014960 0.368482 -0.242817 -0.156820 -0.772969 -0.114071 -0.573811 0.150327 0.458968 0.126421 -0.084014
-0.747470 -1.126908 0.724585 0.255934 0.308130 -0.612646 -0.224128 -0.164452 0.894988 -0.236348 0.167563 -0.073788
-0.214941 -0.461517 0.591275 -0.513927 0.573062 -0.717816 0.167011 -0.819516 -0.111616 0.234878 0.230769 -0.070078
-0.675892 -0.502867 1.078837 -0.344379 -1.025555 -0.492985 -0.371484 0.017760 -0.181858 0.351423 -0.075181 0.067422
0.278991 -0.140019 0.778565 -0.658619 -0.583039 1.444264 1.308085 -0.558381 0.501149 0.232075 -0.194380 -0.430026
0.277286 -0.144926 0.755838 -0.756732 -0.528658 1.384599 0.938696 -0.158012 0.452802 0.083080 -0.078167 -0.240439
0.115062 0.134102 1.040367 -0.509875 -0.769206 1.302866 1.023053 -0.299886 0.169185 0.214150 -0.212977 -0.319236
0.363750 -0.081408 0.748865 -0.336109 -0.334377 1.290790 1.210088 -0.090870 0.177097 0.242055 -0.144077 -0.572583
0.120368 -0.432004 0.579522 -0.456142 -0.362820 1.285188 1.041459 -0.334733 0.433791 0.221798 -0.220080 -0.475544
0.164472 0.246783 1.033064 -0.357582 -0.515714 1.442534 1.303216 -0.305331 0.297161 0.298136 -0.408364 -0.584643
0.260711 0.206470 0.994442 -0.310112 -0.543626 1.419313 1.323259 -0.242200 0.221429 0.237922 -0.381907 -0.574122
0.284586 0.351757 1.170309 -0.326462 -0.499928 1.478751 1.294197 -0.243464 0.157286 0.478075 -0.455755 -0.776708
0.198613 0.077730 0.839673 -0.328728 -0.470806 1.462471 1.190165 -0.169852 0.291296 0.255984 -0.373485 -0.532672
0.064880 -0.461686 0.451414 -0.591341 -0.419725 1.289946 1.166499 -0.563531 0.811936 0.014799 -0.240816 -0.222711
-0.041860 -0.943690 0.151324 -1.033522 -0.075449 1.556401 1.002798 -0.750275 0.662389 0.257378 -0.345021 0.226797
0.261092 -0.235125 0.682056 -0.556399 -0.557021 1.444396 1.295629 -0.447807 0.429272 0.046153 -0.230531 -0.300983
0.198041 0.275252 0.979013 -0.259961 -0.515470 1.409886 1.221001 -0.186163 0.286968 0.380305 -0.366775 -0.655482
0.255467 -0.250660 0.633265 -0.574905 -0.619320 1.397824 1.127705 -0.346507 0.349643 -0.057911 -0.141190 -0.307023
0.249359 -0.335108 0.501956 -0.414807 -0.290883 1.430500 1.081588 -0.212413 0.314983 0.679790 -0.053856 -0.650354
-0.044309 -0.580672 0.610272 -0.518444 -0.411999 1.421289 1.225719 -0.830850 0.617875 0.386316 -0.342612 -0.264110
-0.063541 -0.903019 0.271523 -0.948108 -0.107607 1.553713 1.141372 -0.853967 0.709914 0.342671 -0.460814 0.171071
0.098524 -0.577887 0.558709 -0.733835 -0.431210 1.476225 1.239394 -0.651164 0.689157 0.121655 -0.276820 -0.081673
0.292503 -0.216935 0.697866 -0.752354 -0.672831 1.323167 1.244466 -0.728957 0.581205 0.201314 -0.196707 -0.145281
0.306865 -0.292849 0.632443 -0.556850 -0.275073 1.592755 1.157207 -0.326882 0.341765 0.350266 -0.341091 -0.319783
-0.317789 -0.571005 0.146360 -1.022982 -0.115043 0.527604 0.001570 0.125503 0.558209 0.698941 0.210177 -1.052615
