-0.278280 -0.941604 -0.540156 0.076924 0.640890 -0.219977 0.326286 -0.386899 0.633026 -0.477780 -0.310670 0.101914
-0.622601 -0.883158 0.672827 -0.283081 0.001431 0.665277 0.028047 0.074534 0.641705 -0.351005 -0.025207 0.081076
-0.881597 -0.715457 0.693399 0.080826 -0.376253 -0.399839 -0.075002 -0.602402 0.108056 -0.233573 -0.547325 -0.293691
0.402780 -0.299606 -0.133139 -0.452235 0.281982 0.575403 0.516413 -0.365628 0.630512 0.203519 -0.550211 -0.339138
-1.277887 -0.592638 0.132970 -0.310518 -0.326479 -0.201215 -0.135637 -0.575741 1.335720 0.423430 0.408296 0.018554
0.130695 -1.006483 -0.146292 -0.088369 0.042589 0.566225 -0.168572 -0.911186 0.062507 0.315656 0.014527 -0.151749
-0.623735 -0.371117 0.565230 -0.559410 -0.509641 -0.041388 -0.128695 -1.107726 0.394513 0.178567 -0.437921 -0.844716
-0.321845 -0.959734 -0.358842 -0.382906 0.224721 0.909836 -0.103590 -0.544948 1.404090 0.132919 0.169058 -0.442627
-0.249691 -0.227509 0.586312 0.142190 -0.243707 0.624788 -0.172375 0.724687 -0.073862 0.293302 -0.519942 0.527147
-1.400951 -0.354782 0.527917 -0.761658 -0.322684 -0.775450 -0.374507 -0.411701 0.522093 -0.193691 0.187957 -0.201252
-0.244548 -0.575176 0.148907 -1.142407 -0.782771 0.322967 -0.078572 -0.607673 0.839153 0.506065 0.114730 -0.158059
-0.146551 -0.776172 0.855712 0.527436 0.126549 0.365564 0.355867 -0.283571 0.319995 -0.297222 0.394865 0.076985
-0.001971 -0.992136 0.356365 -0.262291 -0.244261 0.294518 -0.143428 -0.082858 0.719444 0.086911 0.113420 0.155642
-0.689175 -0.658197 0.555358 -0.109011 -0.412935 0.093124 -0.383358 0.246005 0.626875 0.048002 0.027310 0.762915
-0.085830 -0.962543 0.489449 -0.137570 0.396691 0.225260 0.152993 -0.938029 0.449026 -0.025705 0.086685 -0.122228
-0.411121 -0.586681 1.371510 0.269742 -0.500810 -0.548791 0.512688 -0.914103 -0.152952 -0.119170 -0.585516 -0.819257
0.136370 -1.064946 1.197524 0.653550 -0.612984 0.352273 0.703427 -0.759040 0.297962 -0.163783 -0.846862 -0.532758
-0.651695 -0.883275 0.717779 0.169296 -0.490016 -0.446215 0.110379 0.106039 0.079614 -0.016213 -0.334150 -0.476825
0.243920 -0.582790 -0.124233 0.041057 -0.570335 -0.559956 -0.051764 -0.188124 0.349771 0.019040 -0.241399 0.068664
-0.513759 -0.362211 -0.202104 0.352933 0.750365 -0.185036 0.390563 -0.664923 0.771188 0.022374 -0.128423 -0.392714
-1.080326 -0.666288 0.635897 -0.434716 -0.482057 0.046792 0.017640 -0.442362 0.787583 0.695666 0.274074 -0.062155
-0.250458 -0.295269 0.078460 0.598491 -0.052612 -0.284323 -0.274053 0.551608 0.072432 -0.187219 0.813323 0.279422
0.305804 -0.840608 -0.162634 -1.006298 -0.336869 -0.052604 0.046371 -0.071165 0.867233 -0.228360 -0.226203 -0.186194
-1.278416 -0.573119 -0.467604 -1.043611 -0.003518 -0.602398 -0.556855 0.019680 0.999171 0.285105 0.644653 -0.022998
0.335673 -0.245231 1.026443 0.162555 -0.276400 0.438791 0.379200 0.339639 0.414757 0.259258 0.077618 -0.525995
-0.150787 -0.540814 0.762426 0.159776 -0.389193 0.137784 0.028524 -0.253596 -0.069604 -0.495950 -0.122281 -0.049086
0.272808 -0.384921 0.155772 -0.118034 0.016356 0.089629 -0.308259 0.085355 0.685029 0.348626 -0.083466 0.245722
-0.428733 -0.285992 0.336063 -0.185790 -0.430424 0.374312 0.245311 0.136499 1.065758 -0.355237 -0.369496 0.416364
0.216108 -0.663621 0.330411 -0.421664 0.222770 0.222371 -0.441385 -0.643681 1.119938 0.494400 0.470696 0.637668
-0.859743 -1.085607 0.844449 -0.211389 -0.313899 -0.220783 -0.127582 -0.254372 0.821839 0.594024 0.361533 0.325699
-1.445690 -1.216052 0.666760 -0.048062 -0.291802 -0.764653 -0.979876 -0.020345 0.777220 -0.048037 0.845186 0.947435
-0.723237 -1.060882 0.821626 -0.048524 -0.402014 0.200672 -0.014656 -0.263939 0.868743 -0.189746 -0.116261 0.584181
-0.735004 -1.473450 0.667941 0.234535 -0.529232 -0.317930 -0.525392 0.348329 0.755261 0.011136 0.093997 0.803648
-0.664028 -0.338640 1.001870 -0.906669 0.314441 -0.600834 0.081202 -0.859691 0.211852 0.367317 0.302157 -0.843004
-1.004733 -0.637834 0.354967 -0.255654 -0.785294 -0.599742 -0.608469 0.458821 0.427341 0.977084 0.207137 -0.050233
-1.210464 0.239601 0.155941 -0.238397 -0.194269 -0.986574 -0.365154 -0.109679 0.447922 0.476592 0.068039 0.269557
-0.537941 -0.122953 0.489430 -0.355400 -0.513794 -0.633567 -0.058336 0.254364 0.327829 0.366697 0.201096 -0.018892
-0.779408 -0.373192 0.143695 -0.934991 -0.597359 -0.516553 0.213439 -0.433128 0.220255 0.602850 0.063065 0.408517
-0.891983 -0.368163 -0.231795 -0.330653 -0.685752 -0.908949 0.083747 -0.312489 0.541557 0.773556 -0.000956 -0.173318
-0.004827 -0.334428 -0.408199 -0.590789 -0.186063 -0.134384 0.282659 0.055144 -0.001109 0.385121 0.147956 0.003860
-1.241785 0.061054 -0.251019 -0.075697 -0.616455 -1.034332 0.098627 0.330511 0.273341 0.273322 0.067770 -0.258926
-0.801515 -0.559703 -0.281268 -0.761732 -0.405154 -0.933589 0.221868 -0.091884 0.746949 0.820011 0.595556 0.258317
-0.963988 0.064569 -0.166194 -0.744993 -0.282856 -0.272508 -0.237482 -0.443944 0.520600 0.408130 0.060838 -0.106506
-0.087264 -1.156577 0.627085 -0.422020 0.185112 -0.083333 0.304958 -0.968210 0.476447 -0.420154 -0.308043 -0.271447
-1.625245 -0.745244 0.445699 -0.831676 0.164728 -0.410099 0.462383 -0.528103 0.584224 0.792427 0.042562 -0.370832
-0.480293 0.136443 1.246648 -0.777397 0.045840 -0.180918 0.289473 -1.145104 0.643388 0.720852 0.348640 0.085505
-0.664352 -0.025343 0.447636 -0.143085 0.086956 -1.361149 0.111187 -0.487502 -0.279694 0.522167 -0.571329 -0.430720
-1.028856 -0.823340 0.593438 -0.134714 -0.482229 -0.404708 0.269993 -0.419989 0.690666 0.194883 -0.079254 -0.436908
-0.328523 -0.413749 0.062587 0.086826 -0.165496 0.327397 0.593833 -0.246331 1.019663 -0.374630 -0.405620 -0.049349
-0.790079 -0.441651 0.268046 -0.663985 0.407654 0.600269 0.151446 -0.541077 0.231622 0.123407 -0.239360 -1.072249
-1.295307 -1.296338 0.670988 -0.336765 -0.557951 -0.440644 -0.837202 -0.088829 0.858206 0.320206 0.238417 0.684587
-0.840066 -1.080481 0.661065 -0.719654 0.132082 0.004703 -0.441457 -0.675257 0.724550 -0.030121 0.114103 0.334194
-1.337241 -0.548567 0.319569 -1.116204 -0.180300 -0.621791 -0.359974 -0.206300 -0.399915 0.805512 0.712696 -0.343668
-0.611156 -1.217996 1.340965 0.179323 -0.292077 0.179465 0.066385 -0.284723 0.820500 0.138683 0.001358 0.322658
-0.950662 -1.201412 0.587813 0.288608 -0.479073 -0.526686 -0.862780 -0.342430 0.734658 0.097613 0.410697 0.903208
-0.013209 -0.368717 1.097307 0.493178 0.535224 0.464883 0.413555 -0.267542 0.078351 0.074062 -0.156872 -0.670246
-0.443432 -1.030824 1.318109 0.420309 0.277884 0.278859 0.493565 -0.722334 0.562822 -0.081151 -0.402419 -0.128234
-0.609139 -0.755717 0.879921 -0.457806 -0.616856 -0.072973 -0.445659 -0.207068 0.437568 -0.695254 -0.264674 0.138690
-0.736665 -1.145642 0.608768 -0.457015 0.163240 -0.109525 -0.168860 -1.206633 1.194095 0.280078 0.477397 0.492896
-0.756156 -0.254696 0.829405 -0.399529 -0.567305 -1.244455 0.180860 -0.508345 -0.190652 0.106713 0.324065 -1.043339
-0.463292 -1.044769 0.919662 0.016686 0.151367 0.261489 0.089259 -0.401416 0.781855 0.337720 0.069296 -0.039049
-0.454281 -0.607149 0.691637 -0.165118 -0.289416 -0.432975 -0.379008 -0.639031 0.346049 0.377075 0.049894 -0.182408
0.788855 -0.132033 0.306738 -0.162027 0.187876 -0.296530 0.420870 -0.235831 0.059440 0.477566 -0.175271 -0.642459
-0.368101 -0.159593 0.271444 -0.925717 -0.192883 -0.850820 -0.268256 -0.739553 -0.233304 0.158336 -0.037529 -0.397743
0.155076 -0.863629 -0.285797 -0.539129 -0.473549 -0.382670 0.704412 -0.483582 0.401231 -0.072753 -0.653931 -0.714920
-0.883519 -0.775962 0.568332 -0.244987 -0.545794 -1.138354 -0.019142 -0.435504 0.368809 0.319684 0.091750 0.002949
-0.644114 -0.744420 1.087799 -0.874067 -0.366184 0.175005 0.191576 0.001753 1.160024 -0.023450 0.377750 0.220643
-0.500483 -0.546989 0.533879 -1.428217 -0.222365 -1.070507 -0.444947 -0.582933 0.691986 0.061406 0.062810 -0.697815
-0.691360 0.037687 0.952418 -0.909641 0.523114 -1.203243 0.156056 -0.624653 -0.263441 0.173794 0.123767 -0.380737
-0.286736 0.074418 0.642474 -0.744347 0.027787 -0.640598 0.732497 -0.908122 0.407290 0.254447 0.083043 -0.814241
-1.230818 -0.443382 0.902367 -1.046661 0.161500 0.277204 0.084579 -0.654529 1.042620 -0.066434 -0.088393 0.403249
-0.553486 -0.474331 0.547480 -0.964738 -0.005591 0.321417 0.008995 -0.667990 1.010299 -0.097539 0.338362 0.103637
0.037165 -0.911795 0.407732 0.348610 -0.358189 -0.172264 -0.007135 -0.121125 0.088124 -1.021995 -0.123965 0.060736
-0.903950 -0.135634 0.881991 -0.869044 -0.064596 -1.016395 -0.349869 -0.580463 0.338076 0.736249 0.381529 -0.423917
-0.520328 -0.634708 0.211033 -0.178953 -0.106131 -0.280121 -0.237972 -0.069171 0.488484 -0.068815 0.309398 -0.041678
-0.626504 -0.150998 0.257126 -0.822326 -0.243586 -0.275947 -0.008518 -0.386651 0.184701 0.893632 0.103685 -0.362226
0.443539 -0.429015 0.822343 -0.174026 -0.354725 -0.212692 0.306967 -0.282994 0.666173 -0.160532 -0.401601 -0.070993
-1.336357 0.467616 -0.163288 0.304236 -0.474914 -1.217106 -0.497612 -0.088849 0.568721 0.118137 -0.016399 -0.133709
0.010975 0.627965 0.634728 -0.447739 -0.251917 0.166404 -0.134639 0.603969 1.015150 0.379230 0.260037 -0.381393
-0.231562 -0.591161 0.633782 -0.171506 1.006389 -0.617175 0.340679 -1.290182 -0.127323 -0.343730 -0.628308 -0.044283
-0.307541 0.351484 0.234416 -0.670887 0.030690 0.128811 0.360523 0.177541 0.349371 0.576695 0.198082 -0.487611
0.329593 -0.457435 0.547295 -0.779457 -0.029747 -0.022770 -0.183377 -1.171957 0.834504 -0.012103 0.109705 -0.303412
-0.715914 -0.163556 0.156669 0.357275 -0.130459 -0.240890 0.068400 -0.277596 0.741922 -0.578821 0.097259 0.332400
-0.619174 -0.332833 -0.236279 -0.166417 0.255396 -0.486261 -0.696992 -0.230584 0.239768 -0.116590 0.062543 0.213013
0.209003 -1.046861 0.202748 0.228330 -0.209962 0.223527 0.069698 -0.313653 0.160179 -0.082579 -0.121066 -0.344910
0.225596 -0.016207 1.019561 -1.494617 0.634450 -0.521714 0.293927 -0.775941 -0.144907 0.541300 0.014542 -0.465125
-0.753238 -0.595804 -0.425380 0.561575 -0.002921 0.498498 0.236876 0.010936 0.679068 0.278954 0.480723 -0.286899
0.102863 -0.456896 0.443625 -0.597195 0.366228 -0.307581 -0.764908 -0.683064 0.741497 0.057748 0.441219 0.062264
0.026176 0.178544 1.069572 -0.942009 0.759569 -0.027310 0.229921 -1.310300 0.583674 0.304125 0.312290 0.113845
-0.200345 0.495224 0.416759 -0.876376 -0.053385 -0.615352 -0.124347 -0.330442 0.138027 0.267848 0.143696 0.057464
0.198037 -0.598785 1.370260 -0.299397 0.334377 -0.723904 0.102445 -0.954866 0.754258 0.104756 0.629320 -0.405342
-0.425314 -0.185239 0.506958 -0.332841 -0.638533 0.197041 0.441367 0.124703 0.461402 0.488861 -0.007296 0.292503
-0.108548 -0.986990 0.337694 -0.280872 0.333869 -0.365842 -0.043258 -0.738212 0.751852 -0.156773 0.492325 -0.128170
0.536819 -0.455226 0.468475 -0.991471 -0.360726 -0.627965 -0.078556 0.218421 0.784258 -0.639769 0.058410 -0.364519
-0.178204 -0.362690 1.444839 -0.107217 -0.379407 -0.271520 -0.225197 -0.335087 0.173975 -0.415756 0.232313 0.101939
0.081722 -0.473494 1.227647 -0.963614 0.374008 -0.422915 -0.038955 -0.712505 0.435646 0.439527 -0.123435 -0.017814
0.086550 -0.887401 1.249662 -0.665503 -0.446914 -0.003299 0.210892 -0.787191 0.156604 0.511690 -0.455932 -0.625143
0.217588 -0.244126 0.588317 0.077723 0.025422 0.428661 0.036193 0.238636 0.219121 0.075453 -0.245318 -0.222931
0.074731 -0.459886 1.149933 -0.609595 0.540399 -0.900237 0.085340 -0.571356 0.289971 -0.366918 -0.188171 -0.223715
-0.302655 -0.801244 0.755160 -0.921832 1.027868 -0.587359 -0.310338 -1.370544 0.472203 0.214644 0.013794 -0.400021
-0.334397 -1.024756 0.776691 -0.598287 0.331935 -0.274095 0.169618 -0.552722 0.846482 -0.398470 0.348534 0.056256
-0.635393 -1.074613 1.103224 -0.004960 0.591766 -0.681499 -0.070954 -0.480333 0.421063 -0.399853 0.286478 -0.139809
0.112394 -0.545743 0.690897 -0.626751 0.163301 -1.047027 -0.855348 -0.660167 0.287761 0.006737 -0.104677 -0.024709
-0.108482 -1.140431 0.426892 -0.375346 0.395453 0.255527 0.336664 -0.697925 0.971134 -0.375666 -0.625670 0.036972
0.182608 -0.779599 0.676765 -1.212316 0.440365 -0.194697 0.458522 -0.822029 0.640900 -0.237316 0.202003 0.346416
0.528367 -1.061872 0.757209 -0.273206 0.155084 -0.060771 0.372428 -0.462781 -0.032749 -0.920708 -0.451780 -0.649824
0.082407 -0.956458 0.385507 0.159290 0.474754 -0.290916 0.318957 0.059926 0.442762 -1.178466 -0.583904 0.037593
-0.118612 -0.989136 1.068024 0.245802 0.018239 -0.347379 0.377566 -0.706237 0.596172 -0.267095 -0.759927 -0.391794
0.188179 -1.065798 0.522809 -0.219063 0.013920 0.138308 0.369699 -0.696197 0.371426 -0.970674 0.021748 -0.220014
0.438089 -1.446076 1.153633 -0.227645 -0.163183 -0.276141 0.067487 -0.307548 0.859746 -0.267526 -0.304867 0.208486
0.045331 -1.209776 0.747340 -0.701877 -0.105010 0.269319 0.065876 -0.592559 1.177291 -0.378825 0.258128 0.555707
0.307684 -0.825883 0.707399 -0.344497 0.581364 0.169459 -0.001395 -0.811466 0.531530 0.101172 0.343238 -0.788591
-0.609962 -0.962053 0.782657 -0.526023 -0.283111 -0.318406 -0.352297 -0.455086 1.002213 -0.033254 0.231336 0.141802
-0.530401 -1.249452 0.266329 -0.586564 0.628725 -0.744878 0.411679 -0.620354 0.521665 0.640857 0.387586 0.031055
-0.102592 -0.072895 0.948491 0.067862 -0.187462 0.377875 0.468638 0.062828 0.673042 -0.202463 -0.418821 -0.212209
0.511435 -0.835095 0.842351 -1.598901 0.329043 0.095029 0.631250 -1.698896 0.568362 0.197695 -0.491663 -0.601758
0.157953 -0.587900 0.233773 0.240446 0.466791 0.094073 0.607281 -1.072388 0.591650 -0.499763 -0.365714 0.116874
0.264543 -0.679921 0.286206 -0.113807 0.108683 0.194707 0.614089 -0.698241 0.660051 -0.101185 0.024462 0.020192
0.791908 -0.602727 1.080145 -0.565205 0.363819 -0.197057 0.262372 -0.144190 0.047124 -0.742274 -0.451863 -0.481994
-0.216947 -0.691496 1.279996 -0.185022 0.139738 -0.541591 0.432840 -0.831414 0.771599 0.329984 0.507207 -0.057660
-0.722914 -0.926962 -0.332425 0.195307 0.283660 -0.478743 0.151307 0.132373 1.407540 -0.381153 0.102678 0.531659
-0.338389 -0.983400 0.885172 -0.484409 0.744755 -0.280065 -0.073688 -0.576574 1.048903 -0.195173 0.074159 0.166055
-0.200107 -0.119222 0.517785 -0.262243 -0.173671 -0.672593 0.527235 -0.258775 0.400791 -0.370426 -0.258456 -0.387609
-0.312211 -0.625944 0.593785 -0.469889 0.145835 -0.198075 0.356395 -1.208372 0.805163 -0.494795 -0.114512 0.028044
0.363079 -0.361585 0.716514 -0.077444 0.130186 -0.555642 -0.224319 -0.201110 0.942963 -0.465254 -0.541792 0.421458
-0.216030 -1.137681 0.904619 -0.346854 0.047799 -0.150257 0.125962 -0.800806 0.779408 -0.210874 0.195222 -0.046356
0.136877 -1.041768 0.780311 -0.616959 0.165039 0.584466 0.332349 -0.313763 1.063182 -0.739342 -0.113925 0.499931
-0.097510 -0.754159 1.186275 -0.369022 0.733335 -0.040661 0.056642 -0.904337 0.320562 -0.222699 0.093397 -0.326354
-0.765731 -0.948881 1.241685 -0.428068 0.259299 -0.751500 -0.612459 -0.314462 1.159295 -0.024480 0.295341 0.537381
-0.189274 -1.079817 1.284635 -0.347324 0.239378 -0.297065 0.063328 -0.397165 0.631115 -0.235198 0.319784 0.332698
-0.673153 -0.325704 0.807794 -0.047159 -0.294854 0.228759 0.425226 -0.993472 0.922908 -0.488238 -0.563698 -0.597402
0.544560 -1.164211 1.202942 -0.847045 -0.438428 -0.607919 0.207952 -0.426559 0.371267 -0.185988 0.066853 -1.050450
0.227965 -0.856058 1.001995 -0.159097 0.499056 -0.600838 -0.000801 -0.179870 0.113838 -0.626958 -0.513206 -0.379914
0.292285 -0.951728 0.798100 -0.578338 0.412565 -0.051578 -0.098550 -0.356653 0.253447 -0.817548 -0.369050 -0.137462
-0.233328 -1.175538 -0.350223 -0.194635 0.113385 0.110198 0.224003 -0.891896 0.645466 -0.059222 0.328585 1.009550
0.292969 -0.180330 0.775245 -1.293923 0.109371 -0.445938 -0.059730 -0.744827 0.479572 1.098299 0.623137 -0.577036
0.233263 -0.402208 0.482815 0.141337 0.522452 -0.414784 0.099828 -0.535690 0.576600 -0.502955 0.647144 0.340380
-0.299484 -0.727158 0.667516 -0.737258 0.341820 -0.994103 0.055174 -0.855158 0.259125 0.478340 0.422722 -0.527012
-0.084532 -0.708440 0.190965 -0.271550 0.889888 -0.576424 0.059596 -1.144792 0.879763 -0.512650 0.163611 -0.022042
0.201800 -0.436025 1.073826 -0.435996 -0.220534 -0.410590 -0.086817 0.016469 0.130109 0.245426 -0.235784 0.096048
-0.054592 -0.006733 0.252441 -1.027074 -0.138382 -1.172788 0.125460 0.100911 0.589118 -0.022485 -0.283316 -0.340165
0.037799 -0.355603 0.951221 -0.842398 -0.546894 1.422572 1.089881 -0.633020 0.553649 0.474529 -0.299413 0.045416
0.220759 -0.326196 0.498680 -0.219090 0.062556 1.323466 1.213108 -0.223332 0.397195 0.219797 -0.140371 -0.100581
0.191404 -0.818172 0.309974 -0.327595 0.297762 0.670720 0.908124 -0.340845 0.501289 -0.042059 -0.221319 -0.445552
0.040215 0.021365 0.227469 -0.665435 -0.687706 0.517209 0.600265 0.130052 0.197518 0.962279 0.432580 -0.704674
0.152542 -0.403104 0.613282 -0.595578 -0.461466 1.478551 1.138674 -0.464165 0.523266 0.133660 -0.212999 -0.283579
0.136248 -0.068415 0.786333 -1.057092 -0.356353 1.239851 1.100380 -0.939269 0.735860 0.345567 -0.110282 -0.256143
-0.139282 -0.083533 0.802818 -0.546012 -0.318596 1.173878 1.277179 -0.542233 0.517326 0.260477 -0.430449 -0.336155
-0.726768 0.923905 -0.105386 -1.159471 -0.619437 -0.155848 0.097092 -0.103623 0.290327 0.630208 0.476056 -1.108252
-0.375430 -0.866912 -0.046719 0.369741 0.190443 0.757042 0.210651 -0.317727 0.715686 0.369531 -0.655869 0.410572
-0.035703 -0.416977 0.463481 -0.951815 -0.522346 1.419610 1.210790 -0.610239 0.657229 -0.033731 -0.374185 0.052292
0.159721 -0.798870 0.313963 -0.845226 0.067836 1.768868 1.034512 -0.489766 0.653132 0.506697 -0.335500 -0.216561
0.070807 -0.612583 0.552834 -0.605290 -0.339671 1.455467 1.174935 -0.628300 0.350310 0.299150 -0.199489 -0.420047
0.256434 -0.125787 0.696181 -0.720298 -0.538730 1.488191 1.293349 -0.459534 0.380671 0.123678 -0.330508 -0.269409
0.236087 -0.190532 0.717204 -0.596150 -0.472876 1.528377 1.315411 -0.457538 0.380320 0.157771 -0.396007 -0.228643
0.355714 -0.332853 0.849339 -0.283908 -0.478640 1.383527 1.260790 -0.416963 0.291493 0.433003 0.058337 -0.584621
0.136854 -0.210000 0.798611 -0.877609 -0.527981 1.327653 1.275043 -0.770090 0.427178 0.107722 -0.238827 -0.436634
0.137480 -0.570823 0.266177 -0.948975 -0.390055 1.249906 1.223991 -0.787287 0.772580 0.145277 -0.019774 0.037958
0.391614 -0.036319 0.543670 -0.482901 -0.675615 1.237646 1.133220 -0.231511 0.184163 0.096938 0.019466 -0.541951
0.145488 -0.410290 0.836327 -0.292614 -0.228889 1.316630 1.232820 -0.447349 0.555371 0.668024 -0.225540 -0.462588
0.123888 -0.334398 0.600795 -0.702719 -0.467847 1.480403 1.367369 -0.687156 0.617103 0.239998 -0.323448 -0.173083
-0.060889 0.778312 0.635640 -1.117458 -0.324918 0.436975 0.784904 -1.192505 0.470712 0.951209 -0.222322 -0.043759
0.259219 -0.696506 0.455405 -0.581348 -0.304485 1.423560 1.256238 -0.652914 0.576258 0.288446 -0.212962 -0.178296
