-0.374313 -1.172377 0.706979 0.079285 0.040080 -0.027574 0.365852 -0.801541 0.734985 -0.689313 -0.306411 -0.386422
-0.279359 -0.972582 0.045826 0.173253 0.112718 0.506473 0.166194 -0.650325 0.670173 -0.176803 0.026391 0.715491
0.114333 -1.003503 0.270911 -0.054030 0.094069 0.390521 0.103110 -0.752337 0.943085 -0.638832 0.127090 0.357627
-1.186502 0.253835 -0.479832 -0.646050 -0.510286 -0.700959 -0.439464 0.384275 0.084666 0.772729 0.501479 0.099379
-1.562035 0.590496 0.270364 -0.497313 -0.875712 -0.313290 -0.339100 -0.131850 -0.094217 -0.166369 0.156949 -0.135201
-0.189159 -0.224541 1.714218 -0.358601 -0.101483 0.009209 0.165725 -0.264579 0.378482 -0.448309 -0.177658 -0.021447
-1.090817 -0.968254 0.764493 0.157548 -0.482933 -0.127727 -0.396334 -0.192415 0.394691 -0.027104 -0.008192 0.632374
-0.692872 -0.679882 -0.308225 -0.338711 -0.281853 -0.577820 -0.456474 -0.464675 0.458823 -0.217303 0.366164 0.103624
-0.590412 -1.176289 0.638675 -0.284287 -0.221537 -0.354460 -0.121701 0.173079 0.723768 -0.061777 0.602089 -0.156454
-1.151381 0.006168 0.832691 -0.123689 -0.569288 -0.568635 -0.847234 0.168479 0.361790 -0.245168 0.274915 0.738226
-1.018624 -0.417723 0.870353 -0.502943 -0.715640 0.091046 0.138661 -0.749808 0.606347 -0.254937 -0.261118 0.330496
-0.854764 -0.642893 1.490495 -0.770697 0.069238 -0.567504 -0.143470 -0.994962 0.179889 0.462143 0.223868 -0.030544
-0.520899 -0.899285 1.283690 -0.089497 0.481844 -0.054770 0.369200 -0.677874 0.029080 -0.265671 -0.606154 -0.453963
-0.761723 -1.046604 1.445379 -0.462506 -0.261116 -0.617626 -0.277780 -0.682249 1.073834 0.750975 0.496664 -0.110459
0.056810 -0.043410 0.721044 -0.251329 0.736329 -0.477101 -0.280007 -1.357835 0.172528 0.101648 0.352956 0.155011
-0.709721 -1.033991 1.020634 -0.115822 -0.282967 0.482163 0.359640 -0.533542 0.532029 -0.025308 0.014563 0.227166
-0.101653 -0.444528 0.860462 -0.241116 0.176013 0.353768 0.085410 -0.612664 0.391394 -0.226586 -0.187686 -1.021133
0.686631 -0.706333 1.374445 -0.855203 0.063562 -0.613435 -0.469797 0.262964 0.456971 -0.243025 -0.074959 0.152297
-0.568248 -0.274791 0.718306 0.416274 -0.509260 -0.031125 -0.182280 -0.091026 0.317293 0.384453 0.046630 0.470564
-0.061810 -1.169981 1.229060 -0.157815 0.205978 -0.618729 -0.545153 -0.761051 0.474159 -0.059513 0.611929 0.285539
-0.025459 -0.756849 1.817092 -0.518160 -0.260211 -0.197947 0.321729 -0.167041 0.470501 0.081860 -0.270303 -0.235000
0.122985 -0.580982 1.168626 -0.757353 0.243192 -0.321448 -0.263999 -0.272331 0.601499 -0.336919 -0.179779 -0.078709
-0.680724 0.795132 0.488746 -0.333032 -0.541819 -0.418531 -0.246558 -0.358323 0.904053 -0.023025 0.187669 0.206578
-0.365613 -0.388826 1.104904 0.243761 0.067848 -0.134794 -0.232398 -0.362743 -0.067861 -0.764517 -0.275283 -0.157048
-0.410456 0.817826 0.935454 -0.307007 -0.285540 0.260604 0.322266 0.014136 0.460783 0.766929 0.477788 -0.353152
-0.180539 -0.885571 0.743176 -0.506022 -0.136365 0.348989 0.478926 -0.122659 0.257869 -0.598975 -0.562171 -0.052377
0.084003 0.876140 0.227720 -0.925368 0.680049 -0.508415 -0.171988 -0.385610 0.515391 -0.162815 -0.528896 0.722401
0.079024 -1.293293 -0.092292 -0.700862 0.722939 -0.182333 0.838081 -0.246413 0.232365 -0.189169 0.118016 -0.334192
-0.260025 -0.834324 -0.252055 -0.398995 0.216675 -0.504729 0.749953 -0.754847 0.713178 0.470313 0.772882 0.040617
-0.592509 -0.282800 0.960306 -0.179543 0.070404 0.631909 -0.064949 -0.164080 0.758370 -0.316457 0.124470 -0.049379
0.622438 -0.002677 0.530171 0.605118 -0.500798 0.194267 0.233740 0.242771 0.429082 0.303325 0.435885 0.002544
-0.081656 -0.973683 0.872175 -0.748484 0.155255 -0.733749 -0.310329 -0.753078 0.713868 0.481233 0.597187 0.081449
-0.049259 -0.909165 0.155690 -0.599925 -0.158600 -0.183836 0.391295 -0.114438 0.087155 -0.976112 -0.009874 -0.737927
-0.418011 -1.158311 0.034753 -0.369476 0.342200 -0.126825 -0.089778 0.058897 0.293562 -0.812152 -0.272490 0.211752
0.348546 -0.550791 0.104553 -0.282939 0.590112 -0.033647 0.621310 -0.311980 -0.256991 -0.701238 -0.270883 -0.920381
0.151579 0.406884 0.523772 0.060375 0.315676 0.322527 -0.097264 -0.109210 0.062014 -0.228465 0.097899 -0.777252
0.648840 0.810573 0.234838 -0.299036 0.003403 0.070072 0.089901 0.016528 0.084730 0.191083 0.048560 -0.320969
-0.782583 -0.689526 0.363299 -0.689377 0.336428 -0.414419 -0.516029 -0.716795 1.052040 0.257442 0.009424 -0.261356
0.798765 -0.690273 0.041396 0.623829 0.473276 -0.480232 0.812447 -0.575794 -0.072229 -0.035819 0.103823 -0.391662
0.187196 -1.253512 0.010344 -0.790948 0.468573 0.273206 0.012990 -0.503493 0.562106 -0.962288 -0.146880 0.144566
-0.550606 0.572523 1.582558 0.375135 -0.317444 -0.448732 0.057935 -0.094466 0.658739 -0.360204 0.263176 0.039356
-0.082650 -1.082467 1.063179 -0.610284 0.006536 -0.165760 -0.326159 -0.065454 0.534281 -0.705674 0.234913 0.376454
-0.758570 -0.285137 -0.202815 -0.167171 0.139526 -0.077848 0.475064 -0.504171 -0.054067 0.111318 -0.234362 -0.140533
0.281376 -1.172618 0.274390 0.486864 -0.219628 0.485179 0.096169 -0.000863 0.527493 -0.359853 -0.489345 0.191149
-1.224182 0.134530 0.577047 -0.130022 -0.343985 -1.351634 -0.482263 -0.027570 0.891220 0.148686 0.448332 0.090975
0.124669 -0.471896 0.301730 0.020943 0.138418 -0.407356 -0.041685 -0.819220 0.212481 -0.210081 0.421027 -0.162111
-1.080719 0.172846 0.754306 -0.313739 -0.181236 -0.893605 -0.149623 -0.301167 0.292616 0.132946 0.072192 -0.500800
-0.288862 -0.213610 0.526992 0.422243 0.486450 -0.551594 0.551945 -0.132246 0.690206 -0.424602 -0.741941 -0.233663
-0.886197 -0.612060 0.775386 -0.136152 0.439207 0.009356 -0.602467 -0.168704 1.003785 0.094036 0.744916 0.890169
0.285988 -0.004430 0.784863 -0.465546 0.180360 -0.201186 0.187874 -0.873189 0.476487 -0.496045 0.054499 -0.707061
-0.302377 -0.576461 0.757851 0.218833 -0.296866 -0.339348 0.227724 -0.219021 0.428374 -0.490167 0.832810 -0.411591
-0.217564 -0.479657 0.144981 0.125442 -0.261747 -0.298834 0.297527 -0.292681 0.735125 -0.090556 -0.012717 0.248437
-0.814963 0.405993 0.490439 -0.445199 -0.656367 -0.532820 0.196134 0.316368 0.202061 0.230493 -0.394203 -0.857473
-0.307321 -1.504966 1.158832 -0.029999 -0.490603 -0.383722 -0.113677 -0.021839 0.258734 0.056078 -0.029465 -0.265088
1.239126 -0.787374 1.560782 -0.444080 0.079809 -0.224910 0.141112 -0.389145 -0.295243 -0.908873 -0.479893 -1.175324
-0.388197 -0.599840 1.158103 -0.445237 -0.427991 0.178850 0.760326 -0.274211 0.137232 0.371348 0.663217 -0.007915
-1.474297 0.131589 0.753458 -1.078699 -0.227011 -0.986321 -0.629786 -0.618583 0.920208 1.436069 0.933166 -0.091028
-0.546139 -0.900037 0.876004 -0.575410 0.124491 -0.243851 0.328363 -0.880718 0.571385 0.070696 0.075116 -0.199612
-0.695542 -0.751680 1.145602 0.139310 0.387270 -0.650989 0.075603 -0.517555 0.558574 -0.035871 0.110205 -0.001393
-0.514725 -1.136084 0.626664 -0.368882 -0.193533 -0.191139 -0.084518 -0.759963 0.218476 0.316965 -0.205172 -0.636891
0.333372 -0.371128 1.739252 -0.172751 0.154443 -0.223129 -0.147141 -0.468435 0.450560 -0.141274 0.202194 -0.554324
-0.305251 -0.421300 1.320495 -1.007391 0.992254 -0.898999 -0.301004 -0.803905 0.947981 0.275865 0.528204 -0.191227
0.050791 -0.400539 0.919305 -1.264952 -0.236992 -0.604803 -0.360564 -1.094306 0.808047 0.291958 -0.005361 -0.796041
-0.163489 -0.856343 0.419894 0.449119 0.778718 -0.404588 0.304656 -0.957018 0.627229 -0.893368 -0.129380 -0.028811
-0.958016 0.814406 0.917323 -0.386032 -0.326664 -0.641922 -0.529065 -0.672126 0.857860 0.622317 0.431660 0.456385
0.445912 -1.004793 0.887883 -1.447967 0.592804 0.082247 0.181345 -1.356920 0.181821 0.081705 -0.273062 -0.215594
0.722349 -0.225375 0.394358 0.050980 -0.413632 -0.482440 0.402728 -0.451599 1.337844 -0.585199 -0.467911 0.068872
-0.374703 -0.738980 -0.290196 0.165262 0.389998 -0.029979 0.583362 0.031202 0.821432 -0.355847 -0.067695 0.072429
-0.399922 -0.668026 -0.003284 0.051500 0.337324 -0.303284 0.368704 -0.623380 0.117846 -0.193931 -0.407280 0.131152
-0.127828 -0.523883 1.591072 -0.835775 0.259471 -0.439369 -0.356461 -0.419121 0.210236 -0.415956 -0.129518 0.001501
-0.544997 -0.461548 1.187771 -0.667381 -0.168515 -1.042035 -0.029070 -0.730399 0.339063 0.107047 0.307136 -0.524201
-0.042750 -0.139527 0.180325 -1.252277 -0.499439 -0.650619 -0.693522 -0.223521 0.917416 0.188029 -0.201909 0.107641
0.249553 -0.667171 1.026070 -0.358684 -0.405857 -0.191925 0.245273 -0.218680 0.471488 0.394257 0.030984 -0.085733
0.251105 -0.573866 0.061438 0.205540 0.619337 -0.487367 0.167988 -0.638415 0.311920 0.381173 -0.387007 0.426385
0.468317 0.028172 -0.132020 -0.223200 0.838667 -0.198319 0.842359 -0.968710 0.081275 0.252010 -0.447464 0.184681
0.339393 -0.403729 1.786068 -1.062711 0.066220 -0.166231 -0.209964 -0.605762 0.188519 0.001506 -0.169018 -0.485905
-0.332895 0.075072 0.965773 -0.693163 0.133244 -0.956742 -0.213149 0.057395 -0.028489 0.791627 0.422650 0.393943
0.157686 -0.497063 1.410930 -0.003475 -0.260461 0.406277 0.467804 -0.472425 0.629704 -0.128172 -0.399887 -0.821343
0.044689 0.394188 1.572207 -0.562851 0.325778 -0.553171 -0.216525 -0.681506 0.210203 0.420830 0.026411 -0.268612
0.011585 -0.862198 0.003383 -0.188524 0.269496 -0.021189 0.460231 -0.674042 0.828789 -0.405711 -0.092312 -0.244350
-0.881989 -1.268391 0.610137 -0.145585 -0.351612 -0.483194 -0.194426 -0.590792 0.336080 -0.277141 0.239823 -0.216866
0.238720 -0.891448 0.152897 -0.505665 0.402201 0.081315 0.015518 -1.198261 0.485371 0.549365 -0.242392 -0.054590
0.179956 -0.034625 1.024879 -0.951940 -0.742379 1.326997 1.344173 -0.720685 0.359668 0.273829 -0.491566 -0.605869
0.173403 -0.337918 0.729257 0.751685 0.126020 1.269191 0.970959 -0.069781 0.282157 0.907936 -0.289895 -0.817167
0.309944 0.072728 0.959996 -0.756036 -0.649070 1.480460 1.319093 -0.555415 0.332219 0.213065 -0.284278 -0.548001
0.583462 -0.444955 0.696882 -0.113713 -0.188800 1.413404 1.046855 -0.095376 0.170612 0.340001 -0.165781 -0.566113
0.237938 0.109571 0.877521 -0.545036 -0.583999 1.475449 1.265035 -0.491084 0.389101 0.336921 -0.170258 -0.538130
0.101636 -0.558248 0.260739 -1.080026 -0.375604 1.375748 1.194942 -0.616303 0.627450 0.019193 -0.244784 0.148596
0.134912 -0.105951 0.666947 -0.956295 -0.397777 1.586844 1.104236 -0.459190 0.662066 0.280556 -0.287247 -0.111545
0.138427 1.040531 1.094238 0.036122 -0.452382 0.866459 1.172273 -0.069425 -0.241631 0.272352 -0.119653 -0.681033
0.249918 -0.949876 0.261539 -0.700002 -0.134551 1.340013 0.962358 -0.471381 0.497585 0.105278 -0.228716 0.004340
0.289704 -0.063758 1.102057 -0.453093 -0.665656 1.227247 1.137455 -0.180102 0.356051 0.070152 -0.137181 -0.415537
0.399139 0.132133 0.821057 -0.551062 -0.650690 1.403198 1.345013 -0.403911 0.328501 0.356164 -0.099917 -0.571958
0.271247 -0.496129 0.450392 -0.756016 -0.299679 1.437568 1.177647 -0.503874 0.537373 0.213034 -0.099867 -0.202294
0.369699 -0.364872 0.767167 -0.131620 -0.349059 1.455032 1.188879 -0.226241 0.332897 0.358788 -0.092100 -0.551580
0.105831 -0.569284 0.445297 -0.155273 -0.293354 0.928877 1.052571 -0.271733 0.209731 0.353801 -0.259099 -0.028143
0.258329 -0.220053 1.097724 -1.227032 -0.337691 0.784763 0.825669 -0.944744 0.456822 0.598926 -0.063419 -0.003981
0.104901 -0.409585 0.207049 -0.680545 -0.092078 1.126734 1.151654 -0.091263 0.645476 0.265900 -0.489268 -0.256994
0.223345 0.521092 0.887283 -0.010050 -0.235414 0.990977 0.890087 -0.246187 0.333886 1.062192 -0.525965 -0.870153
0.308116 0.113907 0.860582 -0.238231 -0.514646 1.472471 1.176925 0.004323 0.163325 0.128692 -0.331928 -0.493967
0.237397 -0.405920 0.324367 -0.403838 -0.123760 1.440253 1.072869 0.095005 0.679124 0.296776 -0.285678 0.029051
0.331573 0.368656 1.083927 -0.660057 -0.798569 1.339765 1.330290 -0.596950 0.153366 0.135576 -0.068512 -0.646552
-0.099996 -1.161324 0.958328 -0.777094 0.102234 0.812576 1.011164 -0.899979 0.147919 0.346194 -0.256657 -0.099399
