0.219230 -1.156693 0.668466 -0.192006 -0.111509 0.115532 0.180956 -0.365930 1.112163 -0.348942 -0.025110 -0.187787
0.944553 -0.926124 1.048944 -0.950227 -0.296533 -0.121574 0.443298 -1.015959 -0.377841 -0.285883 -0.738210 -1.363004
-0.199819 -1.527612 0.733574 -0.017211 -0.238221 0.094550 -0.205581 -0.442241 0.751756 -0.703943 -0.023504 0.065071
0.730681 -1.249453 1.105039 -0.254241 -0.413803 0.233042 -0.391623 -0.795109 0.695647 -0.487831 -0.459955 -0.448097
0.561470 -0.629514 1.348171 -0.836755 -0.009222 -0.379817 0.599653 -1.248198 -0.345870 0.101075 -0.349409 -1.088042
-1.348049 -0.368115 0.468294 -0.438635 -0.587988 -0.982669 -0.879524 0.150870 0.252088 0.074092 0.390027 0.211026
-0.499900 -0.070405 0.385649 -0.915893 0.009549 -0.492733 -0.886342 -0.230081 0.570353 0.069099 0.729634 0.503734
-0.816828 -0.390327 -0.045275 -0.455192 0.594231 -0.524674 0.154626 -0.773705 0.049259 0.032086 0.422776 -0.411230
-0.154518 -0.415696 0.441434 -0.024861 -0.012842 -0.350746 0.475342 -0.928946 0.010156 -0.483296 -0.158678 -0.977468
-1.273738 -0.745812 0.446073 -0.407607 -0.281853 -0.107197 -0.771746 0.267846 0.832958 0.362938 0.708225 0.458768
-0.234211 0.923453 0.510936 -0.604626 -0.850417 -0.703031 -0.100312 -0.901012 0.073566 0.326452 -0.744148 0.245945
-0.575951 -0.541124 0.985721 0.156096 0.410467 0.126440 -0.187018 -0.637978 0.486889 -0.805273 0.244048 0.580143
0.106884 -1.197502 1.130137 0.252179 -0.235809 -0.050277 0.297951 -0.301337 0.329518 -0.525015 -0.303636 0.021795
-0.080183 -0.537851 1.230624 -0.350719 -0.137111 0.649966 0.551645 -0.329484 0.310018 -1.015387 -0.315609 -0.019918
-0.444239 -0.412959 0.473995 -0.375775 0.338588 -0.231704 -0.899724 0.146480 0.662244 0.171220 0.678726 -0.359862
0.186904 -0.670237 0.792714 -0.841623 0.867930 -0.385496 0.770829 -0.963586 0.108865 -0.094478 0.047492 -0.129385
-1.178795 -0.836618 0.296451 -0.506742 -0.174281 -1.172244 -0.353504 -0.722485 0.934102 0.203138 0.861298 0.163048
-0.339402 -0.556896 0.005834 0.088975 0.508922 -0.268511 0.151628 -0.507956 0.326350 0.330573 0.339367 -0.169105
-0.602441 -0.807301 0.549144 0.226938 -0.500980 0.036772 -0.523481 0.251727 0.747423 -0.325666 -0.029005 0.371029
-1.093441 -0.282639 0.619158 -0.666541 -0.173464 0.086547 -0.263098 -0.492720 0.794415 0.268440 0.230174 0.067179
-0.549280 -0.932762 0.554395 0.504902 -0.096811 -0.636247 -0.688463 -0.113760 0.421065 -0.483842 0.116048 0.480633
-0.882224 -0.157088 0.571791 -0.363100 -0.641242 -0.510962 -0.641206 0.397777 0.373264 0.389319 0.466285 0.380111
-0.011091 0.226464 0.877404 -0.379659 0.010711 -0.318590 0.072908 -0.434988 -0.110083 0.671716 -0.074775 -0.867866
-1.175062 -0.293428 0.901568 0.058702 -0.716134 -0.564605 -0.570136 0.297547 0.350436 -0.170414 0.060514 0.562196
-1.325101 -0.447688 0.809972 0.212245 -0.702617 -0.816301 -0.713974 0.219117 0.484291 0.007787 0.334142 0.815828
-0.988097 -0.744413 0.990798 -0.130454 -0.174891 0.039987 -0.233943 -0.238764 0.517462 0.614646 0.511241 0.335515
-1.071478 -0.218656 0.201446 -0.277395 -0.372932 -0.154289 -0.853051 -0.582162 0.447671 0.371012 0.046846 -0.077867
-0.999034 -0.194428 0.598287 -0.486914 -0.788105 -0.586383 -0.339370 -0.196626 0.766688 0.344347 0.298824 0.785552
-0.679437 0.091469 0.881844 -0.661658 -0.815127 -0.398243 -0.245834 -0.013998 0.343359 -0.049799 -0.029000 0.037257
-0.340546 -0.846920 1.241141 -0.613847 0.110008 -0.955721 0.268971 -1.546737 0.728895 0.295667 0.118028 -0.891270
0.347114 -0.558958 0.790456 -1.042317 0.044437 -0.773313 0.427674 -0.481704 0.509401 0.515690 0.370670 -0.280124
-0.824992 1.097437 0.842569 -0.060053 -0.040499 -0.979917 -0.581021 -0.193725 0.504087 0.486398 0.444651 -0.156270
-0.568396 -0.323687 0.866609 0.203844 0.326316 0.365806 0.104829 -0.501462 0.394720 -0.038904 -0.082609 0.292168
-0.920437 -0.147731 0.063220 -1.778579 -0.748346 -1.247114 -0.463070 -0.527389 0.232546 0.618511 0.968701 -1.055392
-0.238903 -0.079395 -0.363534 -0.624179 -0.576220 -0.375459 -0.222882 0.156597 1.086926 0.934906 -0.158230 0.008210
-0.758568 0.569515 1.269480 -0.311432 -0.868302 0.088410 -0.060149 -0.184239 0.526873 0.083853 0.134389 0.564879
-0.528890 0.938869 1.223368 -0.565996 -0.501152 0.295909 0.179371 -0.581233 0.513383 0.175700 -0.246159 0.505641
-0.385504 -0.063584 1.464909 -0.022381 0.017310 0.009559 -0.104607 -0.045609 0.566627 0.518383 0.606315 -0.349913
-0.777351 0.449305 0.746146 -0.323311 -0.119128 -0.347854 -0.049573 -0.172947 0.491666 0.541704 -0.022092 -0.268985
-0.526181 -0.397617 1.239166 -0.265220 0.143402 -0.125366 -0.155576 -0.136926 0.632137 0.724500 0.588134 0.091720
-0.709600 -1.273034 0.530140 -0.216010 0.424107 -0.087475 -0.316599 -0.046211 0.252623 0.175196 -0.142549 -0.006866
-0.257595 0.005502 1.869182 -0.272683 0.342680 -0.509954 0.004360 -0.447558 0.652220 0.348698 0.474356 -0.388241
-1.562522 -0.182305 0.472470 -0.475216 0.139350 -1.256388 -0.396307 0.083279 0.465415 0.179220 0.880661 -0.171922
-0.582980 -1.122376 0.693434 -0.423316 0.127686 0.293001 -0.001012 -0.967086 -0.074219 0.516777 0.344506 -0.151527
-0.347771 0.457394 1.253076 -0.097376 -0.636061 0.117795 0.211703 -0.102608 0.278533 -0.118923 0.143841 0.004223
-0.453396 -0.962254 0.137068 -0.087162 0.372527 -0.267306 0.204731 -0.972322 0.202021 0.572416 0.946136 0.036712
-0.452017 -0.756992 -0.011822 0.799652 0.420576 -0.363824 -0.307075 -0.143216 0.509305 -0.126577 0.827293 0.216336
-0.512518 0.438049 0.697439 -0.822282 -0.047102 -1.077933 -0.504140 -0.322870 0.815957 1.060258 0.365106 0.003177
-0.781351 0.105324 0.875067 -1.084200 -0.208939 -1.042812 -0.363507 -0.223668 0.722532 0.895154 0.369985 -0.092355
-0.326333 -0.295956 1.038162 0.017645 -0.185545 -0.129676 -0.040468 0.030720 0.485888 0.025657 0.428086 -0.644405
-0.065520 0.579285 1.379169 -2.042996 -0.051982 -1.607210 0.061626 -1.179932 0.138045 0.688525 0.611506 -0.702268
-0.851151 0.365117 0.945323 -0.272766 -0.250952 -0.667386 -0.325227 -0.208840 0.150027 0.280043 0.164670 -0.079251
0.078300 -0.489407 0.037559 -0.024613 1.038726 -0.020756 0.323650 -0.789615 0.497027 -0.059850 -0.188834 0.575470
0.029298 -0.702905 1.145692 0.210043 0.238806 0.462952 0.263227 -0.319587 0.498522 -0.613108 -0.036324 0.119937
-0.397190 0.481534 0.927126 -0.896067 -0.107661 -1.393124 -0.269181 -0.474917 0.115993 -0.111990 0.100895 0.190260
-0.287430 -0.127880 0.316201 -0.541302 -0.122648 -0.593470 -0.113659 0.083802 1.013241 0.073115 0.326270 -0.219585
0.217472 -0.821672 0.783804 0.709616 0.221270 0.346062 0.460810 -0.065227 0.489632 -0.656476 -0.023461 0.087699
-0.742399 -0.182517 0.126628 -0.761862 -0.064050 -1.074350 -0.219611 -0.623474 0.883325 0.066402 0.282682 -0.625255
-1.374060 -0.101157 0.732316 -0.877065 -0.823473 -0.436709 -0.577949 -0.225947 0.600834 0.387121 0.003231 0.094528
0.078614 -1.072999 -0.079115 -0.604176 0.788269 0.021288 0.480461 -1.442275 -0.205640 -0.112879 0.203521 -0.175683
-0.942482 0.203838 0.679377 -0.903733 -0.383754 -0.750621 -0.161636 -0.645320 0.217266 1.164107 0.774788 -0.477105
-0.679697 -0.486014 0.745574 0.067856 -0.317921 -0.978034 -0.473759 -0.496721 0.273855 0.251133 -0.049406 -0.188994
-0.657584 -0.944599 0.791729 0.362857 0.236663 -0.197077 -0.278994 -0.150728 0.597534 -0.347886 0.561469 0.367025
-0.163674 -0.584088 0.762096 -0.300035 0.259988 -0.997893 0.110137 -0.992452 0.007256 0.219960 -0.310483 -0.860850
0.093246 -0.492014 0.426556 -0.865690 -0.315056 1.216524 1.104839 -1.099204 0.974548 0.569833 0.038807 -0.112657
0.555159 -0.797324 0.522878 -1.023389 0.115382 0.692651 1.247379 -0.787481 0.393199 0.243130 -0.255142 -0.309433
0.173801 -0.226588 0.692091 0.062583 -0.358215 1.320189 1.108660 -0.176500 0.398891 0.391323 -0.180363 -0.537822
-0.033508 -0.342732 0.499671 -0.628955 0.325535 0.210012 0.906717 -0.738010 0.537623 0.283561 -0.142664 0.379648
0.324223 -0.512259 0.290579 -0.838960 -0.307127 1.288531 1.047904 -0.262457 0.330129 0.112081 -0.342779 -0.008782
0.294993 0.344445 0.997789 -0.423155 -0.441706 1.481579 1.240623 -0.118154 0.096643 0.497078 -0.479807 -0.677663
0.412873 0.084117 0.959016 -0.255532 -0.512344 1.444370 1.242838 -0.132848 0.195657 0.235589 -0.301805 -0.618824
0.133728 -0.585136 0.265720 -0.928775 -0.338053 1.327280 1.152394 -0.721388 0.676203 0.082879 -0.014032 0.064218
0.399905 -0.230700 0.443588 -0.570616 -0.351379 1.391755 1.131050 -0.209012 0.271433 0.621077 -0.340425 -0.456815
0.159476 -0.733844 1.002829 -0.653104 -0.445205 0.803270 0.436007 -0.262070 0.513655 -0.193935 0.208224 -0.157459
-0.033109 -0.593116 0.606807 -0.550778 -0.263769 1.512547 0.919526 -0.435990 0.577819 0.491158 -0.226899 -0.344078
0.293674 0.449205 0.887555 -0.198605 0.062370 1.011961 1.080673 -0.040277 0.410078 0.535072 -0.323593 -0.632141
0.226638 0.399243 1.139984 -0.242640 -0.336196 1.315824 1.179171 0.030367 -0.087162 0.774191 -0.411461 -0.708307
0.108673 0.235811 0.946957 -0.952174 -0.403787 1.384646 0.953740 -0.599179 0.310360 0.690356 -0.346745 -0.538222
0.045554 -0.663649 1.153087 0.120837 0.082912 0.915727 0.863476 -0.354476 0.337245 0.246210 -0.177388 -0.402962
0.765571 -0.220377 0.525840 0.081540 -0.218713 1.377680 1.110325 0.094635 -0.127627 0.168943 -0.252101 -0.355539
-0.007721 -0.490018 0.417923 -1.073800 -0.381490 1.349746 1.138761 -0.823365 0.670582 0.147684 -0.290858 0.068968
-0.013673 0.202288 0.885095 -0.737720 -0.618679 0.736734 0.902810 -0.551153 -0.052731 0.120026 -0.662175 -0.645093
0.357629 -0.346962 0.609678 -0.665761 -0.422485 1.423921 1.019089 -0.333925 0.412980 0.198364 -0.142927 -0.156717
-0.066777 -0.313791 0.534967 -0.667668 -0.201769 1.266457 1.096235 -0.395968 0.346515 0.089958 -0.465043 -0.237137
0.192646 -0.328353 0.647677 -0.541734 -0.480268 1.461672 1.316055 -0.528518 0.505123 0.241188 -0.352507 -0.262813
0.457253 -0.442030 0.498899 -0.758947 -0.354650 1.399845 1.059050 -0.427620 0.173356 0.324127 -0.260190 -0.217886
-0.339305 -1.021406 0.927539 -0.446504 -0.221092 0.785702 0.784460 -0.853449 0.582434 -0.321232 0.085126 -0.050947
-0.515219 -1.222237 0.911397 -0.490608 -0.074959 0.514431 0.320266 -0.610039 0.839105 0.231422 0.128172 0.255157
0.157679 0.277609 1.042140 -0.137625 -0.497228 1.384631 1.356594 -0.254023 0.336845 0.349074 -0.360186 -0.628523
0.112110 -0.538845 0.473444 -1.082032 -0.464670 1.428379 1.216930 -0.761481 0.745848 0.161999 -0.164711 0.025131
0.147780 -0.559231 0.544098 -0.819258 -0.426710 1.486123 1.214906 -0.739373 0.773858 0.263932 -0.080985 -0.145305
0.050749 -0.412513 0.403706 -0.944663 -0.406506 1.349396 1.347471 -0.621937 0.576923 0.144724 -0.295481 0.067477
-0.061011 -0.575882 0.259579 -1.008183 -0.180742 1.495737 1.089113 -0.780780 0.675002 0.230484 -0.323876 0.182192
0.029929 -0.707464 0.773089 -0.394348 -0.115684 1.394999 0.975855 -0.251536 0.586167 0.205243 -0.099403 -0.283771
0.025879 0.045715 0.805830 -0.146518 -0.528967 1.394994 1.062646 -0.448553 0.646724 0.416124 0.048627 -0.394158
0.534785 -0.112973 1.015813 -0.642207 -0.444634 1.047054 1.391431 -0.547681 -0.000375 0.339792 -0.230419 -1.155898
0.260650 -0.487347 0.429492 -0.664634 -0.335172 1.382187 1.182053 -0.601113 0.569753 0.431274 -0.179601 -0.276305
0.570614 -0.125185 0.745380 -0.134993 -0.081107 0.736517 1.326268 -0.309638 0.109227 0.457746 -0.194774 -0.852179
0.113322 -0.141687 0.631986 -0.779699 -0.606843 1.399882 1.224769 -0.479834 0.595157 0.002208 -0.210447 -0.188114
0.310655 -0.405319 0.650801 -0.459268 -0.507648 1.431864 1.236082 -0.420550 0.397836 0.058154 -0.160368 -0.320482
0.201827 -0.418477 0.532851 -0.714998 -0.467920 1.405579 1.075891 -0.435501 0.558378 0.090399 -0.114776 -0.224206
