0.141656 -0.441683 0.429560 -0.824140 -0.009574 0.021184 0.333507 -0.406737 1.218589 -0.048740 0.015102 0.196102
-0.148136 -1.021637 0.387633 -0.178942 0.188703 0.325557 0.210912 -0.332451 0.191716 0.144921 -0.000784 -0.593956
0.257782 -1.078650 0.848492 -0.371299 -0.423405 0.035504 0.979900 -0.314813 0.352205 -0.405801 0.581115 -0.141448
0.748400 -0.650675 1.279142 -1.278103 0.217115 -0.158858 0.045826 -0.949746 0.277705 0.029733 0.028468 -0.221410
-0.710724 -0.587385 0.380070 -0.005248 0.114453 -0.800489 -0.130591 -0.455507 0.805765 0.088793 0.548729 0.631259
-0.555103 -0.313649 0.990830 -0.189383 -0.431868 -0.631121 -0.226494 -0.266719 0.231696 0.097161 0.202305 0.332010
0.111716 -0.770802 1.382740 -0.075439 0.333027 -0.507093 -0.514114 -0.021152 0.271778 -0.891710 0.133810 0.075141
0.588856 -0.560406 1.499783 -0.892537 0.308959 -0.283593 -0.108462 -0.748150 0.500382 -0.433583 0.159280 -0.201810
0.452550 -0.097455 1.555031 -0.411453 0.762659 -0.537055 0.040733 -0.759397 0.147094 -0.490044 0.328495 -0.196628
-0.699365 -0.756633 0.633656 -0.645928 -0.569812 0.021444 -0.013485 -0.500734 0.867810 0.131242 -0.016016 -0.458719
-0.546698 -0.720759 1.094237 -0.269743 0.362045 -0.912078 -0.228012 -0.883239 0.708754 0.139368 0.277665 -0.266263
0.168968 -0.001347 0.697521 -0.591667 0.474000 -0.620592 -0.360522 -0.548041 0.884107 -0.217132 0.379267 0.326107
0.369020 0.016460 1.040373 -0.872536 0.303383 -0.000068 0.564469 -0.334079 0.462170 -0.502247 -0.495190 0.002020
-0.161538 -0.306998 0.061441 0.139615 0.019520 -0.258163 0.510296 -0.020175 0.403449 0.339849 -1.016883 -0.328912
0.107398 -0.257811 0.218886 -0.379028 -0.628052 -0.287083 0.184795 0.421385 0.332965 0.213604 -0.425517 -0.182693
-0.884692 -0.329876 0.305283 -0.363130 -0.131457 -0.363996 0.012526 -0.729661 0.892361 0.158329 -0.439555 -0.091103
-1.018942 -0.165148 0.761968 0.168937 -0.353372 -0.835571 0.044741 -0.300564 0.047982 0.654276 0.198599 -0.339989
-0.325783 -0.311361 1.259607 -0.875459 -0.505953 -0.465045 0.208501 -0.205332 0.723358 0.429494 0.067882 -0.320342
-1.252993 -0.492225 0.136671 -0.413740 -0.169614 -0.544032 0.248179 -0.544744 0.049183 0.259458 0.216403 -0.657508
-0.362004 -0.802674 0.385271 -1.193499 -0.014140 -0.657066 0.702349 -0.841618 0.394991 -0.012233 0.096758 -0.905531
0.286819 -1.146613 0.536467 -0.868287 0.157143 -0.167659 0.059610 -0.711570 0.756888 0.016893 0.123569 -0.232312
-1.191107 -0.703477 -0.009775 -0.806074 -0.123009 -0.180578 -0.528955 -0.862927 0.300335 -0.013047 0.213654 0.294292
-0.079022 -1.219895 0.379566 -0.311817 -0.082951 0.909570 0.097952 -0.471524 0.463722 -0.451981 -0.273944 0.135216
-0.608298 -0.007899 -0.379416 -0.201398 0.113730 0.453363 -0.409351 -0.159641 0.293624 -0.470473 0.813956 -0.316679
0.257782 -1.078650 0.848492 -0.371299 -0.423405 0.035504 0.979900 -0.314813 0.352205 -0.405801 0.581115 -0.141448
0.151638 -0.873963 0.623262 0.441552 0.342647 0.109096 0.517072 -0.691058 0.644118 -0.735129 -0.342381 -0.159202
0.217097 -1.139580 0.226261 -0.659615 -0.465377 -0.294628 0.144225 -0.184909 0.965244 -0.399163 0.713822 -0.138500
-0.209102 -0.990634 0.788635 -0.487763 -0.119583 0.241925 0.292728 -0.789756 0.840716 -0.925312 -0.098354 -0.009912
-0.739968 -1.622751 0.634132 -0.391417 -0.266570 -0.019963 0.088475 -0.147060 0.422107 -0.415487 -0.249179 -0.209471
-0.000560 -1.193196 0.686967 -0.308016 -0.392956 0.228555 0.604669 -0.383243 0.528198 -0.229470 0.410301 -0.395367
0.119453 -0.567214 0.093186 -0.811587 -0.674671 0.858600 0.976476 -0.712891 0.707326 0.110951 0.276303 0.055076
-0.470766 -0.892402 0.299884 -0.255002 0.220456 0.030941 -0.741103 -0.805630 0.857872 -0.690550 0.712241 0.003685
0.098765 -0.401656 1.033608 0.464273 0.867731 -0.503324 -0.446939 -0.399193 0.282962 -0.498678 0.411671 0.138208
0.277990 0.111937 1.573761 -0.491961 -0.166945 0.156723 -0.266933 -0.120949 0.854630 -0.269073 0.291113 0.079161
-0.571021 -1.259390 0.269202 0.916898 0.020442 -0.564451 -0.747499 -0.361410 0.483383 -0.324338 -0.016022 1.186868
-0.609897 0.167091 -0.095341 -0.729151 -0.564346 -1.145879 -1.119678 -0.079072 0.677048 0.057923 0.900404 -0.037403
-0.387282 -0.583428 -0.047924 -0.092873 -0.132062 -0.428190 0.246655 -0.051496 0.232133 -0.288251 -0.034587 -0.348840
-0.970365 -1.005833 0.955714 0.054223 -0.259509 -1.095753 -0.943624 0.162763 0.507936 -0.586931 0.321539 0.438431
-0.703303 -0.106702 0.077222 -0.200444 -0.628957 -0.358543 -0.764094 0.260838 0.521049 0.126071 0.222363 0.342442
-0.879104 -0.196450 0.693297 -0.828024 -0.668981 -1.117116 -0.978705 0.026590 0.399358 0.407666 0.274052 0.641693
0.068108 -0.751621 0.695297 -0.072873 -0.183339 -0.067304 0.298819 -0.249515 0.093823 0.716308 0.204160 -0.221293
0.310131 0.033907 -0.424652 -0.338592 -0.736713 -0.916056 -0.446172 0.407222 0.206787 0.943750 -0.697561 0.061959
-1.088917 0.188433 0.276578 -0.927192 -0.514408 -0.816992 -0.904163 -0.202013 0.316306 0.544841 0.702083 0.099758
-0.902270 0.148189 0.221928 -0.527632 -0.234634 -0.337522 -0.745212 -0.825736 0.430104 0.232099 0.085873 -0.002214
-0.380665 0.052882 0.046514 -0.761372 0.107678 -0.633474 -0.227748 -0.497173 0.908970 -0.079409 0.232499 -0.073573
-0.400298 0.272266 0.762135 -0.478446 -0.042686 -0.539286 0.156952 -0.960677 0.685458 0.746508 0.292704 0.063690
-0.374660 0.025657 -0.005605 0.130873 -0.417168 -0.642980 0.524925 -0.316481 0.446708 0.435352 0.366915 -0.273749
-0.227428 -0.151437 -0.125853 -0.579276 0.241250 -0.247500 -0.213063 -0.504604 0.198588 0.454919 0.058732 -0.642030
-1.467608 -0.002711 0.673745 -0.389484 -0.910676 -0.742978 -0.500822 -0.624719 0.370521 0.436251 -0.233037 -0.308966
-1.146683 0.129953 0.408497 -0.395311 0.027591 -0.315565 -0.072575 0.095966 0.320383 0.289846 -0.047905 -0.196779
-0.072052 -0.684355 0.302616 -0.646994 -0.185492 -0.524375 0.040431 -0.561416 0.568345 0.324987 0.074406 -0.413108
-0.886129 0.244525 0.863379 0.024495 -0.544574 -0.263863 0.305553 -0.300582 0.001436 0.561468 0.283887 -0.423551
-0.498676 -0.169545 -0.031473 -0.452529 -0.509951 -0.521760 -0.381373 -0.253657 0.277992 0.601396 0.086040 0.513741
-0.902660 -0.360479 1.001808 0.198448 -0.136801 0.099885 -0.376059 0.287196 0.504795 -0.732254 0.758060 0.217213
-0.310373 -0.662222 1.089667 -0.030922 -0.910505 0.214843 0.120834 0.193359 0.810818 -0.754339 -0.463368 0.658810
-0.831933 -0.319690 0.572484 -0.177514 -0.747444 -0.853247 0.521210 -0.383174 0.834908 0.044208 -0.545480 -0.458860
-0.801386 0.236535 0.066397 -0.776106 -0.504610 -0.052033 -0.280341 -0.370795 0.315931 0.249448 -0.202478 -0.051428
-1.211868 0.485180 0.893839 -0.815762 -0.586774 -0.584189 -0.323812 -0.254511 0.581454 0.338210 0.091226 0.389341
-0.689505 -0.977202 -0.020634 -0.604081 0.192654 -0.017988 -0.386515 -0.091309 0.668408 0.011661 0.267057 0.310162
-1.128971 0.134704 0.393672 -0.446247 -0.711596 0.206295 -0.420413 -0.379547 0.573853 -0.190815 -0.632242 -0.046547
-1.075363 0.218944 0.921857 -0.450248 -0.346102 0.143497 0.160657 -0.537910 0.758138 0.033571 -0.308595 0.070064
-0.910877 -0.626182 0.381211 0.301186 -0.315762 -0.922352 -1.205216 -0.073223 0.811474 -0.437041 0.615300 0.932248
-0.133471 -1.000183 0.175136 -0.639799 0.123468 0.193284 -0.066495 -0.106240 0.176459 0.536143 0.153874 -0.337589
-1.145081 -1.207319 0.420245 -0.361702 -0.491156 -0.479977 -0.302162 -0.052047 0.506165 0.935515 0.463602 0.231774
-1.032347 -0.690812 0.394625 -0.579858 -0.665231 0.065029 -0.506078 -0.445051 0.901094 0.234386 0.032547 0.118003
-0.737850 -0.480604 -0.145840 -0.160251 -0.172560 -0.193585 -0.576406 0.158557 0.624291 0.272579 0.366988 0.161234
-1.340276 -0.221279 0.802431 -0.967118 -0.435102 -0.618885 -0.349085 -0.529956 0.824205 0.563360 0.385496 0.267225
-1.105872 -0.554011 0.174287 -0.260715 -0.677977 -0.651381 -0.396243 0.348938 0.754300 0.053906 0.578348 0.663808
-1.103969 -0.404198 0.004867 -0.319196 -0.493481 -0.584881 -0.244055 0.070575 0.754138 -0.033671 0.453668 0.582820
-0.763477 -0.889346 0.394236 -0.663823 0.106902 0.131347 -0.390133 -0.272777 0.439009 0.833425 0.430694 0.297729
-0.669120 -0.285738 1.362881 -1.071124 -0.591170 -1.060202 -0.248150 -0.764952 0.274044 0.579902 -0.031179 -0.514993
-0.827547 -0.494653 0.548390 -0.001070 -0.224963 -0.405685 -0.074933 -0.717688 -0.135480 -0.374420 -0.199522 -0.050162
-0.617686 -0.292928 0.840904 -0.766696 -0.808221 0.346861 -0.144273 -0.385263 0.411508 0.615559 -0.342372 -0.159162
-0.410595 -0.700067 1.324544 -0.269306 -0.270615 -0.193609 -0.046365 -0.072969 0.645589 -0.529428 0.145858 0.521420
-0.708148 -0.328854 0.583499 -0.176145 -0.447660 -0.790412 -0.239996 -0.051683 0.590010 0.268489 0.495740 0.157075
-0.964866 0.372548 0.678219 0.185970 -1.005546 -0.919799 -0.915513 0.141257 0.228533 0.032675 0.372219 0.173920
-1.104350 -0.062906 0.107681 -0.337810 0.256626 -0.807164 0.536857 -0.651094 0.777863 -0.313561 -0.270866 -0.892908
0.270915 -0.157617 0.218936 -0.298328 -0.389952 -0.124887 -0.124685 0.500336 0.332740 0.709361 -0.298197 0.354419
0.453135 -0.401981 0.386789 -0.281267 -0.200811 0.743264 0.214582 0.338159 0.919498 0.250512 -0.371098 0.211795
-0.323514 -0.261872 0.629329 -1.291215 -0.407207 -1.172185 -0.169725 -1.175911 0.814478 0.419481 -0.017880 -0.158995
0.097322 -0.438230 0.942907 -0.344139 0.512645 -0.516758 -0.053862 -0.292574 0.402135 0.372525 0.184150 -0.032800
-0.866222 -0.494264 0.617202 0.162244 -0.412597 0.272712 -0.310249 -0.582248 0.418567 0.266908 0.034849 0.234586
-0.339760 0.003598 0.415336 -0.237746 -0.097425 -0.348025 -0.045227 -0.728400 0.468944 0.747000 0.511119 -0.222980
0.631008 -1.121272 1.013667 -0.438099 0.639741 0.324568 0.548060 -0.931337 0.331711 0.424023 -0.886257 -0.230226
0.289552 -0.527011 0.145759 -0.414469 -0.299282 0.544142 1.107589 -0.649824 0.180511 0.037236 0.249564 -0.608088
0.042888 -0.976493 0.013143 -0.119970 0.136910 0.739669 1.175679 0.070680 0.350765 -0.235109 0.020704 -0.386874
-1.306968 -0.600426 0.843102 -1.204349 0.062717 0.552171 -0.853200 -0.811955 0.920648 0.084190 0.743947 0.404134
-0.327692 -1.235745 1.042419 -0.220434 0.178659 -0.920265 -0.100735 -0.185355 0.150857 -0.408379 0.160525 -0.149771
0.194603 0.048122 1.097597 -0.583473 0.396114 -0.287181 0.112591 -0.177838 0.502809 -0.650912 -0.249814 -0.083780
0.402599 -0.646043 0.724908 -1.114981 0.534844 -0.779174 0.643901 -0.832308 -0.183925 0.242118 -0.505653 -0.778324
-0.632766 -1.299211 0.178392 -0.387753 0.910909 -0.660684 0.234430 -0.682527 0.408314 0.102438 0.484017 -0.177505
-0.039462 -1.108892 0.670010 -0.443530 -0.323412 -0.484808 -0.056677 0.207431 0.687896 -0.276399 0.652796 0.534086
0.179359 -1.002742 1.900685 -0.898446 -0.127393 -0.948504 -0.609530 -0.138409 0.164402 -0.027950 -0.012163 -0.583336
-0.076069 -1.165505 1.358037 -0.514520 -0.045752 -0.804840 0.090293 -0.057806 0.373834 0.263057 0.071763 -0.042133
-0.130693 -1.173514 0.183712 -0.133267 0.638472 -0.254588 0.196315 -0.635958 0.442039 -0.713571 0.929156 -0.097016
0.596650 -0.133734 1.196673 -1.006718 0.203977 -0.494993 0.207057 -0.032020 0.287038 -0.664596 -0.147000 -0.355813
0.282739 -0.786804 1.370811 -0.813711 0.665134 -0.679574 0.407930 -1.347186 0.024426 0.152535 -0.422949 -0.809948
0.050147 -0.738467 0.671550 -0.100649 0.480261 -0.155974 -0.474516 -0.395110 0.789456 -0.534991 0.308473 0.434212
0.047076 -0.748052 0.523774 -0.532901 0.185996 -0.556528 0.182474 -0.707763 0.756976 0.240869 -0.005942 0.331402
0.106175 -0.797609 0.746347 -0.729066 -0.191987 0.026050 0.113982 -0.384503 0.518764 0.263742 0.161310 -0.521754
0.000308 -0.692119 1.172785 -0.838871 -0.146136 -0.775317 -0.405612 -0.384673 0.404626 -0.193397 0.254206 -0.136166
-0.678458 -0.489317 0.482504 -1.031743 0.378277 -1.095319 0.034380 -0.771350 0.742552 0.159336 0.561308 0.109620
-0.617773 -0.509747 0.420688 -1.234086 0.268181 -0.698360 -0.105959 -0.738271 1.104032 0.141605 -0.025356 0.077431
0.045347 -1.444113 0.108655 -0.251425 0.476637 0.410923 0.962165 -0.402983 0.487049 -0.540126 -0.259420 0.201437
0.297722 -0.210909 0.749093 -0.317234 -0.639727 1.370722 1.232540 -0.410661 0.347488 0.030673 -0.118406 -0.434980
0.184487 -0.404874 0.653414 -0.571211 -0.367474 1.581827 1.212428 -0.461506 0.475541 0.299356 -0.349899 -0.312107
0.223085 -0.375918 0.686960 -0.563293 -0.435194 1.505689 1.338076 -0.594935 0.603065 0.250361 -0.221171 -0.302636
-0.195395 -0.765033 0.887092 -0.330857 0.186810 0.751202 0.559473 -0.153785 0.809241 0.566975 -0.299629 0.312692
0.077470 0.117662 1.379732 -0.905870 -0.621930 0.827984 0.977753 -0.808828 0.571072 0.384601 -0.472535 -0.294627
0.175362 -0.382261 0.514275 -0.604647 -0.414665 1.395359 1.290515 -0.679210 0.990111 0.008767 -0.480061 -0.096220
0.409289 -0.116665 0.616608 -0.802125 -0.305122 1.242998 1.105121 -0.492102 0.376526 0.158209 -0.260622 -0.481071
0.232153 -0.039413 1.127265 -0.815969 -0.619731 1.055012 1.091953 -0.658909 0.381281 0.201211 -0.273284 -0.375385
-0.460543 -0.182461 0.337652 -1.305882 -0.161904 -0.131767 -0.353708 -1.164053 0.907983 0.654320 0.369311 -0.352173
0.150268 -0.274691 0.762128 -0.569752 -0.556706 1.433128 1.365203 -0.700581 0.562827 0.305320 -0.246185 -0.337759
-0.051036 0.091418 0.703573 -0.740490 -0.650943 1.224704 0.872482 -0.295849 0.221037 0.094606 -0.088032 -0.280891
0.358297 0.027143 0.951877 -0.499698 -0.674134 1.432441 1.276954 -0.450423 0.338558 0.236679 -0.090112 -0.516917
0.136776 -0.323831 0.670547 -0.594144 -0.467011 1.456670 1.200420 -0.474710 0.542555 0.217441 -0.294658 -0.349202
0.193747 -0.321591 0.677920 -0.298004 -0.379726 1.190748 1.402033 -0.946737 0.543239 0.526476 -0.188240 -0.563727
0.417223 -0.247033 0.749077 -0.220501 -0.384709 1.374014 1.109581 -0.032965 0.231800 0.244932 -0.072047 -0.500902
0.526217 -0.159417 0.737214 -0.095057 -0.197101 1.300156 1.181968 -0.063945 0.231455 0.379182 -0.230044 -0.693520
0.407222 -0.079481 0.811038 -0.340756 -0.594577 1.401465 1.232709 -0.264057 0.331094 0.167192 -0.100894 -0.500602
0.344419 0.410266 0.669341 -0.883708 0.194740 0.493909 0.388362 -0.839611 0.216229 0.477558 -0.280376 -0.134300
-0.175147 -0.784289 0.322376 -0.641029 0.044630 0.614611 0.987995 -0.705189 1.017866 0.370852 -0.570199 -0.056105
