-0.748030 0.423892 0.629185 -0.318941 0.059730 -0.348386 0.311957 -0.145589 0.745945 -0.635119 -0.116217 -0.323991
-0.013664 -0.744266 0.564051 -0.391783 0.422746 0.434768 0.820539 -1.007684 0.281474 0.054038 0.302895 -0.557474
-0.207236 -1.296161 0.378255 0.486556 0.081062 -0.020248 0.311124 -0.367652 0.487344 -0.369933 -0.547083 -0.156821
0.027969 -0.531915 -0.444424 -0.282272 0.223819 0.167202 0.737935 -1.011704 0.306852 0.444382 -0.099912 -0.319223
0.722953 -0.461657 1.103572 -0.063123 0.156081 -0.632975 0.254707 -0.845995 0.337319 -0.420588 0.187326 -0.402266
-0.690212 -0.928935 -0.094253 -0.478620 0.327293 -0.338430 0.748855 -0.291186 0.293579 0.038547 0.018731 -0.466409
-0.100782 -0.982166 0.116351 0.265445 0.141784 -0.464637 0.503198 -0.047302 0.100258 -0.677899 0.177240 -0.407076
0.553457 -0.945012 0.362443 0.002150 -0.477069 -0.543636 -0.135717 0.766363 0.755012 -0.662240 -0.311580 0.027624
-0.278247 -1.096904 0.683861 -0.862187 -0.296237 0.621151 0.145696 -0.472143 0.573917 -0.791016 -0.267167 0.005842
0.051882 -1.115853 0.274168 -0.377963 -0.076755 0.628981 -0.409716 -0.149019 0.932858 -0.311367 -0.112329 0.509693
-1.187540 -0.327541 0.065149 -0.081480 -0.809684 -0.189683 0.323484 0.125621 0.786859 -0.477954 -0.197090 0.268908
0.200568 -0.950797 0.756159 0.392271 -0.280474 0.084668 0.687705 0.242503 0.434654 -0.527512 -0.258643 -0.145641
-0.269385 -0.545432 0.885849 -0.427387 0.132172 -0.808044 0.001607 -1.029515 0.427464 -0.097780 0.671564 0.100657
0.152184 -0.859354 0.509173 -0.997404 0.632734 -0.171063 0.285290 -0.634971 0.217066 -0.033413 -0.069870 -0.655572
-0.002876 -0.134550 0.295845 0.620084 0.554305 -0.803182 -0.024255 0.141030 0.682067 -0.207019 -0.061722 -0.093426
0.094658 -1.150623 0.608001 -0.464399 -0.068209 -0.101211 -0.442635 0.280793 0.641889 -0.900910 0.137931 0.286876
-0.607256 -1.151080 0.245164 -1.063994 0.057547 0.165129 0.334478 -1.188935 0.488250 0.251387 0.376005 -0.019608
0.049958 -0.310299 1.281867 -0.409852 0.699268 0.116406 0.125063 -0.523437 -0.111128 -0.330757 -0.349076 -0.296162
-0.974697 -0.699124 0.102418 0.713924 0.238371 -1.284527 0.293294 -0.650525 0.586761 0.036676 0.469490 -0.046134
-0.200779 -1.403705 0.457394 -0.045041 -0.027621 -0.166142 0.470106 -0.474207 0.494519 -0.653443 0.047072 0.231099
-0.216374 -0.381600 1.233590 -0.136393 0.489249 -0.952744 -0.349609 -0.323035 0.498163 -0.100075 -0.181291 0.259473
0.434690 -0.684086 0.682004 -0.064129 0.020299 -0.628310 1.099019 -0.165194 -0.185296 -0.379825 -0.267540 -0.162429
0.015198 -0.399362 0.261103 -0.745037 0.378251 -0.317594 0.521257 -0.556654 0.371969 -0.911145 0.559351 -0.268353
0.397279 -0.658879 1.241942 -0.657953 0.397589 0.771579 0.534477 -0.851355 0.401591 -0.702952 -0.320796 -0.674502
0.089566 -0.468051 0.329380 -0.325002 -0.146347 0.276848 -0.147712 -0.019502 0.627458 -0.410322 0.276597 -0.561589
0.606667 -0.782078 0.206372 -0.039587 0.326462 -0.451919 0.502437 -0.229537 0.189727 -0.043529 0.407236 0.350481
0.016050 -0.310498 0.203778 0.263797 0.702542 -0.099344 0.507456 -0.708356 0.555591 -0.726199 -0.557304 0.133782
-0.305570 -0.547837 0.097970 -0.058563 -0.443681 -0.251094 0.010553 -0.241610 0.439554 -0.146338 0.641420 0.661323
-0.701827 -0.951593 0.032222 0.204384 0.234199 -0.124117 0.029553 -0.678464 0.459550 -0.103948 -0.374277 0.194684
-0.029817 -0.611373 0.934542 -1.296826 0.817885 -0.088646 -0.530926 -0.489008 0.393089 -0.310677 -0.220002 -0.232774
-0.140630 -0.991087 1.026745 0.137241 -0.189327 0.132405 0.295360 -0.039489 0.455640 -0.509269 -0.756623 0.010125
0.118426 -0.405495 1.719066 -0.603898 -0.185903 -0.303491 -0.454275 -0.002927 0.741056 -0.157659 -0.097096 -0.149123
0.465134 -0.679585 1.272614 -1.014094 0.253095 -0.848015 -0.351539 -0.511707 0.270758 0.082721 -0.378487 -0.332303
-0.087851 -0.277575 0.948888 -0.259553 0.305676 -0.237221 0.175653 -0.454327 0.622660 -0.595740 -0.150666 0.197306
-0.059317 0.043143 1.002758 -0.985405 0.146355 -0.287471 0.117647 -1.088709 1.107589 -0.439311 0.175898 -0.508790
0.645316 0.063813 1.154106 0.089934 0.599437 -0.120290 0.114448 -0.890090 0.033497 -0.596725 -0.031859 -0.758339
-0.073456 -0.841770 0.725094 -0.660910 0.572259 -0.169187 -0.466808 -0.148972 0.883541 -0.362421 0.618656 0.002231
0.112624 -0.405493 1.033222 -0.627735 0.386517 -0.598268 0.144819 -0.392781 0.407421 -0.525470 -0.203669 -0.508009
-0.613216 -1.075483 0.612372 -0.152834 0.290388 -0.357650 0.090596 -0.793755 0.934056 0.717000 0.193126 -0.241577
0.634136 0.090217 0.903948 0.317684 0.807883 0.221759 0.264157 0.532893 0.253708 -0.452225 -0.283623 -0.236214
-0.482207 -0.195020 0.189664 0.476758 -0.437721 -0.043355 0.081346 -0.021493 0.843844 0.820782 0.526629 0.061574
0.895413 -0.314208 1.687752 -0.521922 0.023582 0.144248 0.487476 -0.311081 -0.489213 -0.377104 -0.367592 -0.899839
0.875314 -0.774868 1.650641 -0.791140 -0.173400 -0.158325 -0.106841 -0.228629 -0.304153 -0.408453 -0.634652 -0.809643
0.132292 -0.508883 0.750839 -0.191338 0.538778 0.019160 0.377902 -0.821601 0.191476 -0.326441 -0.742156 -0.338410
0.448495 -0.969606 1.172549 -0.464386 0.359427 0.006801 0.469979 -0.877463 0.393394 -0.195691 -0.043357 -0.203387
-0.410815 -0.976894 1.166597 -0.772025 0.655115 0.303301 0.468832 -0.778990 0.770908 -0.151665 -0.077819 -0.072572
-1.085854 -0.765346 0.369537 -0.307326 -0.920252 -0.273235 -0.381962 0.098664 0.782109 -0.310562 -0.190345 0.400997
0.037365 -0.897207 0.666704 -0.023661 0.295668 -0.040283 0.160814 -0.584905 0.477409 -0.484932 0.349973 -0.296996
-0.001186 -1.290665 0.462123 -0.294108 0.077644 -0.454444 -0.641757 0.260877 0.406871 -0.667868 0.045716 -0.327227
0.165418 -0.525628 1.138821 -0.090081 0.034460 -0.194945 0.118346 -0.530028 0.593886 -0.790744 -0.086426 0.067857
-0.439079 -1.113969 0.855009 -1.145714 0.362517 -0.063416 0.325902 -0.610157 0.633442 0.317975 0.132288 -0.406352
-0.131448 -0.089345 0.505107 0.164665 -0.487017 -0.581585 -0.156546 0.123761 -0.138029 0.359999 -0.139786 -0.641833
-0.740965 -0.678697 0.696907 -0.044116 0.218140 -0.187042 -0.287519 -0.122312 0.533326 0.476099 0.483102 -0.340450
-0.113472 -0.690750 1.011083 -0.038336 -0.103439 0.128740 0.341038 -0.185642 0.573235 -0.142638 0.358941 -0.173891
-0.349648 -0.373198 0.575749 -0.027065 0.222488 -0.416583 -0.541419 -0.816252 0.588681 -0.288528 0.068749 0.083029
-0.408817 -1.180130 1.148412 -1.037349 -0.823708 -0.517179 0.558076 -0.693217 0.704886 0.241732 -0.346572 -0.751457
0.562540 -0.837472 0.321961 -0.133442 -0.366791 0.047800 0.854456 -0.170664 0.476710 -0.157932 0.208405 -0.727017
-0.620476 -1.324468 0.333693 -0.115010 0.316994 -0.398979 -0.591473 -0.059007 0.693328 -0.734048 -0.357422 0.374836
-0.280124 -1.455153 0.039796 -0.128579 0.302596 -0.239285 0.142828 -0.842393 0.888353 -0.271359 0.634599 0.413695
-0.457454 -1.242040 -0.179797 -1.332090 -0.060941 -0.144227 0.500985 -0.412449 1.154743 -0.379338 0.286249 0.007337
0.030144 -0.771650 0.762008 -1.101207 -0.264368 0.274207 0.904446 -0.678657 0.449743 -0.373667 -0.064515 -0.538050
-0.441211 -0.812593 0.739208 -0.284974 0.224715 0.789794 0.642280 -0.973842 0.364013 -0.305888 -0.229706 0.007464
0.118443 -0.780135 0.469296 -0.513195 0.549399 -0.634948 0.331802 -0.987782 0.675992 -0.435549 0.145948 -0.380115
0.601292 -0.666892 0.826895 -0.261073 -0.126897 -0.428472 0.170289 -0.358302 0.848594 -0.886443 -0.138350 0.154432
0.184626 -0.451913 0.731474 0.625242 0.546915 -0.115178 0.534270 0.230866 0.294958 -0.508060 -0.097439 0.189751
-0.038820 -1.065365 0.687046 -0.341111 0.306937 -0.053783 0.514460 -1.363071 0.323748 -0.033633 0.212767 -0.310638
0.211668 -0.838805 -0.055369 0.119135 0.856171 0.859350 0.421679 -0.547686 0.365181 -0.173296 -0.114829 0.230518
0.388917 -0.231903 0.196543 -0.253934 0.841799 -0.267524 0.133292 -0.381191 0.650350 -1.019852 -0.243202 -0.391566
0.906719 -0.916955 1.229035 -0.887249 -0.002239 -0.298287 -0.339151 0.076598 0.363570 -0.789949 -0.552084 -0.421671
0.116420 -1.727530 0.151805 -0.138577 0.103244 -0.112602 0.474627 -0.413980 0.306311 -0.387687 0.156279 0.065322
-0.387765 -1.073262 0.137288 -0.535803 0.407241 -0.490977 -0.042140 -0.725615 0.707560 -0.807395 0.020262 0.345796
-0.734270 -0.577660 0.675192 -0.788356 0.101940 -0.435647 0.579544 -1.749100 0.102862 -0.032678 0.045967 -0.550259
-0.398686 -0.909267 0.506735 -0.400233 0.279003 -0.282487 0.420064 -0.687782 0.438320 0.119975 0.043339 -0.177303
-0.183640 -1.143206 0.385817 -0.265124 0.399470 0.035448 0.622355 -1.233996 0.132317 -0.386938 -0.522469 -0.542410
0.201568 -1.247487 0.562716 0.009915 -0.290115 0.449742 0.272543 -0.124974 0.526909 -1.125040 -0.297372 0.304067
0.065773 -0.819441 0.454639 -0.399395 -0.764421 -0.044344 0.197948 -0.491903 0.500058 0.018623 -0.199165 -0.895084
-0.189615 -1.211632 0.172465 0.080641 0.299740 -0.009054 -0.350257 -0.615946 0.606209 -0.851275 0.218508 0.428629
0.229603 -1.312745 0.488323 -0.002642 -0.315234 0.159146 0.295170 0.310115 0.565384 -0.895236 0.039755 0.200487
0.210549 -0.743715 1.295389 -0.681115 -0.408750 0.341701 0.748157 -0.524508 0.456348 -0.173753 -0.015032 -0.417697
-0.505129 -1.345657 0.386411 0.137782 0.090603 -0.027608 -0.073749 -0.268009 0.506148 -1.016681 -0.046402 0.451101
-0.330353 -1.078326 0.651840 -0.201891 0.207163 0.333281 0.628172 -0.761083 0.271037 -0.212050 -0.779490 -0.180924
0.069708 -1.249769 0.702813 -0.961751 -0.225831 0.320393 0.760906 -0.101884 0.325046 -0.176021 0.024666 -0.235058
-0.284197 -0.998062 1.106586 0.919216 0.226232 -0.065752 -0.252172 -0.096710 0.314167 -0.351723 -0.257316 0.145281
0.143745 -0.569522 0.576753 0.224223 0.643482 -0.272447 -0.125232 -0.559270 0.743103 -0.631008 0.256361 0.156987
0.348569 -0.572590 0.880490 -0.804084 -0.389609 0.078533 0.070081 -0.983968 0.322058 0.204027 0.316028 0.019682
0.135993 -0.933087 0.844676 -0.305774 -0.148503 0.411957 0.437305 -0.661489 0.393638 -1.141721 -0.793445 -0.308111
-0.306507 -0.395477 0.594312 -1.083355 -0.160433 -0.531341 0.019794 -0.783095 0.062666 0.124424 0.625487 -0.597564
0.324319 -0.763710 1.687350 -0.574465 0.301043 -0.432747 0.117296 -1.003068 -0.085353 0.044595 -0.473740 -0.706915
-0.148453 -1.055444 -0.245460 0.093718 0.440937 -0.308696 -0.572610 -0.440803 0.766637 -0.318128 0.164778 0.528050
0.256885 -0.602944 0.408622 0.178976 0.497250 0.086856 -0.329098 0.521516 1.100930 -0.724966 -0.319917 0.374909
-0.969978 -0.882877 0.575695 -0.289345 0.296662 -0.792573 -0.026920 -0.150443 0.827986 -0.131221 -0.051419 0.130247
-0.540792 0.103885 0.441277 -1.155219 -0.071390 -1.078479 -0.232015 -1.217680 0.686406 0.355102 -0.187478 -0.000936
-0.361394 -1.199303 1.162760 -0.126201 0.050889 -0.405721 -0.701115 -0.037200 0.529323 -0.761599 0.217058 0.266499
-0.562881 -0.686142 1.096065 -0.443113 -0.226306 0.133550 0.274288 -0.476226 0.339308 -0.733534 -0.049389 -0.195349
0.092585 0.915138 0.022962 -1.136202 0.252614 0.415509 0.382709 -0.599126 -0.385832 0.700841 -0.661674 0.091713
0.006060 -0.985708 0.465189 0.102078 -0.007554 -0.615178 0.418924 -0.588396 0.096895 -0.512534 0.063180 -0.075574
0.247221 -0.448482 0.080217 0.150323 0.591203 -0.475822 0.155245 -0.445778 0.581280 -0.354544 0.143971 0.317002
-0.589216 0.189264 0.793179 -0.054430 -0.063322 -0.322465 0.527660 -0.508071 0.247537 -0.046168 0.190934 -0.014533
0.868512 0.832706 0.060676 0.088199 -0.121921 0.251785 0.322158 -0.197080 0.899840 -0.434003 -0.342502 0.389986
0.107024 0.223833 0.917946 0.097052 0.920079 0.026354 0.394042 -0.742658 0.501092 -0.515350 -0.473731 0.097397
-0.267473 0.311437 0.884687 0.073757 -0.456803 -0.572928 -0.190150 0.008130 -0.320370 -0.357742 -0.164503 -0.403440
0.235454 -0.791213 0.880469 -1.028590 0.668864 0.431795 0.511435 -0.707280 0.659274 -0.852414 -0.432181 -0.136019
-0.346779 -1.110638 1.370545 -0.219431 -0.063977 -0.543225 -0.068176 -0.146917 0.273510 -0.289898 0.513554 0.345059
0.183193 -0.405754 0.916681 0.856041 0.039991 0.719355 0.405832 0.234873 0.182130 -0.446519 -0.394372 -0.602923
-0.363169 -0.751835 0.886380 0.028185 0.290225 -0.431327 0.270768 -0.846043 0.335554 0.216973 -0.316716 -0.161927
-0.120908 -0.120185 1.061343 -0.170274 0.780495 0.693235 -0.697295 -0.463228 0.798247 -0.320882 0.088635 -0.497535
0.037475 -0.009678 1.574128 0.165382 -0.083696 0.056319 0.170473 0.007994 -0.114501 -0.452617 0.347255 -1.023459
0.539749 -0.170148 0.356227 0.320018 0.271091 0.323034 0.193339 -0.577057 0.265829 0.167899 0.072045 0.237887
-0.915673 -0.232402 0.669761 -0.932827 -0.438691 -1.290111 -0.148351 -1.127558 0.607047 0.714054 0.182810 -0.033527
0.380988 -0.510680 0.860875 -1.248742 0.194803 -0.839912 -0.179768 -1.070925 0.165631 -0.458550 0.545248 -0.415025
-1.070797 -0.370060 0.488545 -0.710186 -0.181441 -0.655618 -0.280760 -0.466580 0.472197 0.939837 0.399753 -0.240666
0.596221 -0.588357 1.057541 -0.556660 0.095148 -0.455992 0.603247 -0.768055 -0.346180 -0.077759 -0.440545 -0.678176
-0.487374 -1.113059 0.227080 -0.521246 0.559067 -0.853663 0.696591 -0.526752 0.389080 0.063244 -0.172025 -0.647919
0.256500 -0.406596 1.545078 -1.241563 0.239516 -0.184223 0.337562 -1.214798 -0.066787 0.065440 -0.511136 -0.037820
0.436724 -0.400829 1.549775 -0.437145 0.536683 -0.212145 0.159219 -0.346123 0.020462 -0.237454 -0.219396 -0.416541
0.110675 -1.018067 1.633447 -0.109799 -0.125254 -0.660912 -0.494569 0.188336 0.618496 -0.301605 -0.128398 -0.244882
0.935024 0.256967 1.515307 -0.686121 0.763359 0.039797 0.390573 -0.806842 0.043760 0.022071 0.381804 -0.417428
0.519989 -0.140108 1.591711 -0.203003 0.519452 0.124029 -0.566397 0.068456 0.166024 -0.322740 0.429798 -0.187365
-0.370902 -0.302118 1.249167 -1.110571 -0.174817 -1.176074 0.311174 -0.941776 0.525060 0.474227 0.248829 -0.159727
-0.352652 -0.134510 0.640132 -0.571216 -0.548888 0.040838 0.134087 -0.204552 0.658607 -0.607751 -0.239676 0.178517
0.451104 -0.373450 1.570248 -0.566926 0.231889 -0.195822 -0.598987 0.198831 0.816035 -0.337741 0.305162 -0.265806
0.049651 0.000391 1.608151 -0.214488 0.489520 -0.201726 0.123836 -0.493411 0.483810 -0.007626 -0.002851 -0.139556
-0.025944 -0.269390 1.606422 -0.831144 0.576390 -0.770322 0.500456 -1.063346 0.123152 0.427062 0.905481 -0.496820
0.646415 -0.014544 1.474309 -0.217506 0.430442 -0.151623 0.913700 -0.499736 0.115011 -0.173693 0.703251 -0.520155
-0.265971 -0.844254 1.309390 -0.834961 0.139179 -0.396176 0.101222 -0.928753 0.541224 0.180190 0.296869 -0.479843
-0.537556 -0.706306 1.815063 -0.659709 0.518280 -1.030064 0.230127 -1.151680 0.216231 0.718624 -0.019768 -0.653448
0.227964 -0.236649 1.500427 -0.391408 -0.167586 -1.053314 -0.011355 -0.348908 0.594736 0.186261 -0.448837 -0.499984
-0.133458 -0.793508 0.735936 -0.959334 0.599148 -0.212428 0.002014 -0.488696 0.916567 -0.211699 0.351443 -0.030925
-0.147109 -0.656870 0.335667 0.960941 0.420916 -0.428654 0.297131 -0.459009 0.401221 -0.854166 -0.080124 0.567290
0.318262 -1.166626 0.307706 0.455913 0.047990 0.073548 0.373222 -0.281884 0.562965 -0.473132 -0.210272 -0.000210
-1.063963 -1.074858 0.313193 0.422118 0.149047 -0.759040 0.396526 -0.538630 0.233064 -0.353894 0.424037 0.190184
-0.746210 -1.316985 0.513837 0.333681 0.005186 -0.298048 -0.631471 -0.297369 0.217561 -0.402606 -0.239699 0.252004
-0.462744 -1.074071 0.247777 0.983717 0.419398 -0.399420 0.325247 -0.698264 0.225125 0.192195 0.297866 0.475581
-1.045327 -0.333299 0.265917 -0.050247 0.224753 -0.634336 -0.118373 -0.811084 0.072770 0.654580 0.547158 -0.118756
-0.817973 -0.298658 -0.182703 -0.226847 0.019258 -0.311535 0.363524 -0.115141 0.536448 -0.155590 -0.359689 -0.443184
0.127894 -0.903204 0.110815 0.040156 0.045633 -0.543581 0.101053 -0.296191 0.377022 -0.733959 -0.092546 0.509117
0.411501 -0.973818 0.622083 -0.820328 -0.233473 -0.123805 -0.353805 0.406423 0.473576 -0.404733 -0.480571 0.108043
-0.699552 -0.372796 0.517666 -0.074737 0.233635 -0.193699 0.418394 -0.384744 -0.089300 -0.107520 0.108755 -0.720758
-0.569676 -0.672294 0.728455 -0.517894 -0.640319 -0.492515 0.488139 -0.291147 0.076685 -0.224600 0.339403 -0.130566
0.124651 -0.087444 0.853318 -0.518949 0.345825 -0.832902 0.524557 -0.883180 0.066234 0.159337 -0.061075 -0.313852
-0.381665 -1.170044 0.500872 -0.209586 0.166415 0.716477 0.571497 -0.250443 0.548347 -0.564092 -0.524050 -0.191929
-0.088278 -0.954242 0.492559 0.606025 -0.175070 -0.624744 0.214000 -0.186476 -0.079627 -0.295582 0.047715 0.037643
-0.423478 -0.849161 -0.479438 -0.980013 0.197166 0.243363 0.660497 -1.115579 0.921905 -0.099701 0.291965 -0.017199
-0.685306 -0.617717 0.431410 0.252585 -0.208080 -0.821073 0.026524 -1.111452 0.343456 -0.607531 -0.085236 -0.227748
-0.464149 -0.912762 0.496723 -0.194810 0.349097 0.610326 0.497876 -0.792721 0.373539 -0.215305 -0.524406 -0.078874
0.200568 -0.950797 0.756159 0.392271 -0.280474 0.084668 0.687705 0.242503 0.434654 -0.527512 -0.258643 -0.145641
0.130887 -0.159727 0.227192 -0.372403 -0.143689 -0.680677 -0.099632 -0.175047 0.706057 0.267925 0.376599 -0.095303
-0.825911 -0.652512 -0.122146 0.347470 0.225765 -0.354429 0.312340 -0.089548 1.026531 -0.145312 0.073419 0.278952
-0.169980 -1.153440 0.765318 -0.421017 0.249385 -0.414395 -0.555559 -0.153332 0.188083 0.172323 0.667992 0.306144
-0.307493 -0.532420 0.358607 -0.386981 -0.106643 0.273006 0.274666 -0.490801 0.039414 0.211406 0.270932 -0.669131
-0.272310 -0.891611 -0.221114 -0.428861 0.017896 0.283141 -0.605644 -0.584387 1.230301 -0.352948 0.268758 -0.020054
-1.102057 -0.632164 0.923103 -0.132956 -0.280012 -0.823775 -0.006721 -0.465752 -0.120727 -0.172554 -0.091670 -0.240754
-0.347432 -1.601591 0.257771 -0.193953 -0.095002 -0.098194 0.180625 -0.145918 0.616765 -0.234471 0.072633 0.469334
0.256089 -1.202892 0.225549 -0.311541 0.218844 0.391095 0.333071 -0.330691 0.709852 -0.600900 -0.521135 -0.259758
0.116420 -1.727530 0.151805 -0.138577 0.103244 -0.112602 0.474627 -0.413980 0.306311 -0.387687 0.156279 0.065322
-0.000544 -0.551016 0.445195 -0.220579 0.363426 0.012403 -0.331203 -0.473491 0.439094 0.178168 0.219016 0.014416
-0.574626 -1.019966 1.105023 -1.107239 -0.234209 -0.482150 -0.742281 0.030952 0.987720 -0.346077 0.541444 0.258343
-0.643098 -0.057262 0.082648 -0.332518 0.181543 0.085949 0.196987 -0.908483 0.944000 -0.783628 -0.126105 -0.053466
0.439288 -0.693331 0.775235 0.233456 -0.031358 -0.195730 0.606514 -0.300857 0.992935 -0.458663 -0.463307 -0.094158
-0.874170 -0.002925 0.330016 0.047162 -0.326489 -1.161365 -0.280222 0.588502 0.598448 -0.091845 -0.052260 0.148379
-0.896331 -0.800803 0.463967 -0.197149 0.129033 -0.247803 0.421142 -0.989527 0.105402 0.126792 -0.102453 0.040877
-0.227723 -1.088226 0.657310 -1.256976 0.212713 0.292980 0.418276 -1.255050 0.265720 -0.191115 -0.070719 -0.570758
-0.262838 -0.624888 0.337537 -0.327073 -0.586972 -0.441557 0.295411 -0.040501 0.496099 -0.335635 -0.388095 -0.331214
0.013340 -0.517249 0.867137 -0.389991 0.179039 0.592845 0.687928 -0.420891 0.462765 -0.409402 -1.243028 -0.635425
-0.087698 -1.294721 0.777516 -0.123706 -0.240767 0.295245 0.234677 -0.077321 0.280049 -1.056524 -0.391351 0.164108
-0.112362 -1.274384 0.532130 -0.168867 -0.034273 -0.158682 0.139788 -0.457800 0.239189 -0.684546 -0.055845 0.257948
0.714973 -0.067174 0.431661 -0.216731 0.811733 0.507514 0.287792 -0.696654 0.674257 -0.291630 -0.210966 0.202296
0.638620 -0.494168 0.476187 0.795175 -0.270596 -0.638300 0.328989 -0.162142 0.347244 -0.990398 -0.505981 -0.520529
0.201568 -1.247487 0.562716 0.009915 -0.290115 0.449742 0.272543 -0.124974 0.526909 -1.125040 -0.297372 0.304067
-0.753711 -0.855215 0.263609 0.002316 -0.091299 -0.224060 0.207531 -0.298676 0.486594 0.026579 -0.075154 -0.109672
-0.158799 -1.187998 0.691275 -0.394284 -0.320970 0.045707 0.107685 0.047319 0.689220 -0.931060 0.096820 0.034942
-0.219412 -0.892704 0.380484 -0.302200 -0.098463 -0.133036 0.572729 -0.495255 0.265817 -0.256635 -0.267295 -0.584817
0.091759 -1.438752 0.412287 -0.166030 0.267755 0.332541 0.033651 -0.346420 0.771837 -1.035532 -0.291134 0.203692
-0.347543 -0.352418 -0.145475 0.487854 -0.191976 -0.469906 -0.342026 -0.635135 0.716439 0.421658 0.100370 0.325255
0.212365 -0.763205 0.781048 -0.474739 0.234576 -0.234743 -0.040293 -1.144655 0.893282 0.062357 0.197855 0.021788
0.652562 -0.423059 0.552845 -0.372385 -0.924663 -0.204405 0.315456 0.169464 0.267900 -0.083532 -0.340023 -0.075337
-0.237522 -0.834340 0.980017 0.504685 0.087654 -0.430551 -0.404295 0.223956 0.374994 -0.947142 -0.155852 0.209305
-0.284197 -0.998062 1.106586 0.919216 0.226232 -0.065752 -0.252172 -0.096710 0.314167 -0.351723 -0.257316 0.145281
-0.523375 -0.573687 0.650901 -0.207134 -0.056957 -0.614930 -0.600554 -0.284259 0.550033 -0.671129 0.023348 0.206633
-0.496535 -1.173481 0.624075 -0.279693 -0.052867 -0.593554 -0.096096 -0.369330 0.356421 0.291329 -0.061303 -0.598389
-0.553721 -0.421371 0.200138 0.362181 0.350232 0.125860 -0.122519 -0.264894 0.538252 0.059699 -0.118944 0.289710
-0.322496 -0.256558 -0.329523 -0.132120 -0.158254 -0.465454 0.494594 -0.147369 0.401178 -0.264833 -0.005700 -0.624948
-0.882319 -0.059152 -0.300599 0.265241 -0.232788 -0.907142 -0.309273 0.184528 0.214339 -0.651345 0.101228 -0.336162
-0.031876 -0.159058 1.505404 -0.926898 0.160917 -0.498787 -0.633156 -0.330144 0.041669 0.603364 0.034448 -0.603685
-0.584816 -1.001851 0.119551 -0.006483 0.342572 0.373717 0.486239 -0.053254 1.527518 -0.457245 -0.673707 0.511867
-0.051738 -1.030353 0.389382 -0.146360 -0.138078 -0.325176 0.279279 -0.199997 0.486742 -0.045178 0.150982 -0.341993
0.256885 -0.602944 0.408622 0.178976 0.497250 0.086856 -0.329098 0.521516 1.100930 -0.724966 -0.319917 0.374909
-0.516907 -1.166952 0.851353 0.444098 -0.227658 -0.232607 0.613675 -0.343613 1.003826 -0.641822 -0.979654 0.099016
-0.204087 -0.715781 0.761659 0.438066 0.071615 -0.667997 0.384945 -0.649320 0.524134 -0.809466 0.142685 -0.368500
-0.981428 -0.812449 0.651900 -0.317815 -0.178371 -0.682648 -0.058451 -0.526531 0.249012 -0.183619 0.253659 0.033683
-1.005936 -1.003719 -0.268969 -0.081070 0.405857 -0.548196 0.060145 0.022350 0.997039 -0.004447 0.203232 0.413134
-0.438555 -0.598058 0.828548 0.194637 0.161664 -0.811379 -0.198227 -0.850953 -0.170327 -0.393019 0.091850 0.011400
-0.488721 -0.289301 1.076586 0.165586 0.379519 -0.232212 -0.122704 -0.903494 -0.127485 0.399739 -0.230765 0.061729
0.438656 -0.743169 0.852456 0.615976 -0.581871 -0.261228 0.150559 -0.111352 -0.124787 -0.581493 0.411278 -0.637516
0.215358 -1.266325 0.488118 -0.088712 0.228471 -0.010581 0.184205 -1.170123 0.423748 -0.722858 0.151938 -0.190982
-0.041331 -0.160478 -0.102724 -0.142278 -0.284599 0.160439 -0.554865 0.214781 0.122080 0.497644 -0.153248 0.129019
0.148754 -0.789262 0.554909 0.013346 0.345407 -0.661792 0.546093 -0.311726 0.053231 -0.347039 0.217769 0.238721
-0.709422 -1.045883 0.500881 -0.046386 -0.593330 0.150470 0.158143 -0.167660 0.603080 -0.242723 -0.007092 0.529505
-0.392034 0.485751 0.345357 -0.480904 -0.462272 -0.782668 0.322821 -0.446970 0.127262 -0.049814 0.101276 -0.314266
-0.851276 0.508119 -0.412550 0.803561 0.163499 -0.797304 -0.302050 0.092937 0.978641 -0.846118 0.155879 -0.209160
-1.092415 0.031994 0.291369 -0.269585 -0.491821 -0.475843 -0.513152 0.093517 0.721175 -0.350359 0.111724 -0.109982
-0.639198 0.679016 0.162010 0.192429 -0.157924 -0.579067 -0.309674 -0.895249 1.579682 0.437511 -0.015824 -0.081352
-0.157261 -0.812329 0.637386 -0.424130 -0.317432 0.114566 -0.244489 -0.873256 0.260445 0.073390 -0.147914 0.054141
-0.425931 -0.512501 0.901266 -0.749256 -0.673354 -0.330107 -0.135754 -0.484623 0.236618 -0.152958 0.421726 -0.343509
0.292706 -0.230476 0.583084 0.414884 0.084204 -0.236894 0.319862 -0.535024 0.746969 0.022809 0.236361 -0.323144
-0.394935 -0.840468 1.294645 0.374239 -0.502601 0.306284 0.155133 -0.042480 0.737393 0.059184 -0.263157 0.074712
-0.090295 -0.415671 0.374678 -0.628912 -0.048298 0.480331 0.428715 -0.518305 0.902549 0.195540 0.042026 0.126559
-0.618666 -0.789493 0.727538 0.563169 -0.583543 -0.418606 -0.338215 0.067526 0.270042 -0.083842 0.320251 0.448760
-0.665382 -0.463964 0.480883 0.441416 0.360931 -0.988318 -0.182868 -0.518615 1.148643 0.090294 0.219822 0.708670
-1.124998 -0.585109 1.127499 -0.079534 -0.289928 -0.715885 -0.794258 -0.579503 1.348729 0.059671 0.243838 1.088670
-0.998278 -0.472568 1.268883 -0.309429 -0.295548 -0.519939 -0.895278 -0.340425 1.265241 -0.290487 0.363044 0.901715
0.259025 -0.186002 1.455982 -0.924695 -0.427351 -0.330758 0.017606 -0.677837 0.706465 0.003231 -0.102476 -0.370390
-0.266529 -0.346551 1.004957 -0.291895 0.145390 0.337738 -0.276537 -0.945369 0.068973 -0.028434 0.046006 -0.194908
0.317615 -0.250226 0.525257 0.105156 -0.029071 0.310868 -0.043030 -0.137910 0.938333 -0.154530 0.010901 -0.211165
-0.082564 -0.525437 1.254150 -0.593712 -0.464196 -0.013628 -0.030825 -0.703859 1.199120 -0.292304 0.212961 0.365253
-0.668140 -0.911215 0.677688 -0.166506 -0.522017 -0.764742 0.104137 -0.711495 1.028082 0.040586 -0.020317 0.910562
-0.245741 -0.150134 -0.131666 0.276310 -0.481519 -0.274035 -0.192760 0.185342 0.627039 -0.273182 0.123101 0.397566
-1.245568 -0.646661 0.882919 -0.649688 -0.450542 -0.587672 -0.164062 -0.464592 0.731555 0.692932 0.543003 0.214888
0.123439 -0.217485 0.544909 -0.347772 0.657526 -0.074433 -0.577192 -0.514982 0.738724 -0.167177 -0.056994 0.534454
-0.829663 -0.733537 0.759087 -0.506091 -0.080752 -0.060485 0.101356 -0.148587 0.244420 0.777729 0.702726 0.264032
-0.323654 -0.546949 1.367791 -0.168844 -0.528199 -0.233752 -0.538329 -0.193374 0.515801 -0.315270 0.847136 -0.020324
-0.822941 -0.669539 1.714809 -0.386200 -0.172512 0.957721 0.049513 -0.260571 0.552321 0.217623 0.023872 -0.251249
-0.530473 -0.843653 1.246426 0.097848 -0.131462 -0.251805 -0.054498 -0.385056 0.643596 -0.174494 0.086858 -0.104519
-0.051149 -0.542064 1.015457 0.134781 -0.116995 0.476647 0.615954 -1.054734 1.216718 -0.356358 -0.427089 -0.017861
-1.060339 -0.286621 1.120686 0.171029 -0.068525 -0.533746 -0.886579 -0.145370 1.007302 -0.002152 0.408593 0.568326
-0.775904 -0.314822 1.251138 -0.449590 -0.703210 -0.418121 -0.261145 -0.071728 0.770185 0.215036 0.101571 0.185789
0.112360 -0.618346 1.448834 0.200893 -0.052264 -0.444581 -0.221618 -0.704464 0.368271 -0.175293 0.035055 -0.296608
-0.062100 -0.555689 1.419613 0.095424 -0.129770 -0.532381 -0.078983 -0.777267 0.304162 -0.016454 -0.121081 -0.334234
-0.426785 -0.243897 0.264542 0.375539 0.184521 -1.018300 -0.226888 -0.880946 0.796589 0.157172 -0.219720 0.549514
-1.063517 -0.221604 0.199223 -0.767376 -0.375552 -0.627537 -0.610334 0.014133 0.760162 0.511596 0.559857 0.319052
-0.428325 -0.152402 0.109939 -0.668372 0.066680 -0.850231 -0.673809 -0.924929 0.050238 0.119144 0.720592 -0.302940
0.213171 -1.061324 0.639678 -0.228689 0.380521 0.637890 0.210141 -0.444021 0.658016 -0.351884 -0.427825 -0.414909
-1.049021 -0.510708 1.005110 -0.530249 -0.094855 -0.628556 -0.432009 -0.291284 0.947822 0.931817 0.309770 0.246385
-0.077077 -0.060077 1.204587 -0.226555 -0.074929 0.262803 0.001043 -0.265568 1.115102 0.169687 -0.299605 -0.444523
-0.398895 0.601554 0.609724 -0.373428 0.000967 -0.122885 0.075938 -0.336340 0.407072 0.407966 0.521095 -0.463609
-0.174462 0.969267 1.133941 0.083679 -0.510921 -0.328361 0.433468 -0.029658 -0.140872 0.586583 0.082433 -0.588531
0.455116 -0.673580 0.937872 -0.381207 0.174260 -0.731297 -0.098370 -0.133356 0.271702 -0.702019 -0.269460 -0.357311
-0.064215 -0.198089 0.862044 -0.704352 -0.053281 0.233284 0.654316 -1.132321 0.259945 -0.048131 0.281213 -0.480893
-0.015577 -0.161027 0.301545 0.385291 -0.484493 0.101134 0.428898 -0.245769 0.354454 -0.737917 -0.286151 -0.047926
-0.939548 -0.308846 -0.245984 -0.910372 0.168280 -0.583156 -0.306402 -0.299373 1.051737 0.789102 0.633462 0.328799
-1.019068 -1.271181 0.539938 -0.776474 -0.383153 -0.487180 -0.228490 -0.232756 0.765004 1.009870 0.503362 0.098325
-0.308664 -1.427159 0.364013 -0.352497 -0.115122 -0.419961 -0.374488 -0.526488 0.617779 0.555040 0.333897 0.140476
-0.521961 -1.306910 0.804252 -1.088944 0.144626 0.421130 0.187563 -0.653270 1.189168 -0.200458 0.231776 -0.196208
-0.729675 -0.030733 0.620216 0.090998 -0.438644 -0.995013 -0.141388 -0.078922 0.104120 0.883263 0.322928 -0.432973
-0.888218 -0.443305 0.301004 0.121708 -0.513049 -0.694660 -0.349609 0.125534 0.474291 0.791043 0.468312 0.180347
-1.287717 -0.042690 0.213391 -0.010677 -0.390385 -0.923007 -0.940487 0.339521 0.796356 0.151226 0.596102 0.668931
0.412068 -0.035026 0.842173 -0.321728 -0.557222 1.360325 1.100133 -0.151091 0.320851 0.194893 -0.109319 -0.514761
0.220564 -0.136360 0.756146 -0.503132 -0.589779 1.402292 1.218366 -0.417778 0.474023 0.126073 -0.159970 -0.364858
0.258898 0.411568 1.512105 -1.029704 -0.547181 1.025680 1.101750 -0.757029 0.179139 0.973920 -0.326086 -0.633073
0.066624 -0.543461 0.311693 -0.943713 -0.260297 1.498173 1.161191 -0.608890 0.585514 0.244753 -0.409947 0.099231
0.422086 -0.404423 0.702558 -0.301793 -0.256073 1.528740 1.122122 -0.217019 0.254866 0.291170 -0.237429 -0.459777
0.303939 -0.142767 0.814352 -0.325776 -0.510337 1.480362 1.254754 -0.246120 0.260512 0.360842 -0.222197 -0.542107
-0.088418 -0.701786 0.387754 -0.358980 -0.180013 0.134620 0.645988 -0.819455 1.068926 -0.153245 -0.226819 -0.268848
0.229320 -0.215551 0.677334 -0.630717 -0.420055 1.205068 1.069438 -0.631787 0.412129 0.255170 -0.045414 -0.406723
-0.126997 -0.275641 0.234970 -0.409443 0.043753 1.020629 0.169948 -0.503240 0.550641 0.800427 -0.508477 -0.417292
0.065725 -0.500754 0.897891 -0.360648 -0.154405 0.520817 0.593069 -0.711535 0.752254 0.344784 0.371421 -0.047073
0.340927 -0.567215 0.669922 -0.471506 -0.372015 1.164669 1.223760 -0.609959 0.798950 0.273615 -0.389129 -0.421954
0.220802 -0.382241 0.557294 -0.651320 -0.597121 1.288842 1.179835 -0.525339 0.592637 0.034495 -0.100400 -0.193501
0.101846 -0.889161 0.591851 -0.386809 -0.437407 1.124213 1.172219 -0.658037 0.684378 0.453664 -0.177609 -0.137294
0.184595 -0.549692 0.475319 -0.704117 -0.399762 1.464568 1.119789 -0.426084 0.418518 0.051591 -0.345419 -0.081104
0.048946 -0.441328 0.435873 -0.918973 -0.401066 1.487838 1.119183 -0.515561 0.574530 0.085027 -0.363591 0.012221
0.195227 -0.231602 0.704070 -0.446530 -0.633427 1.411756 1.203958 -0.443794 0.382144 0.067607 -0.090875 -0.415983
0.230302 -0.494669 0.523743 -0.409326 -0.275729 0.990333 1.088579 -0.552077 0.599382 0.198543 -0.274503 -0.362581
0.332863 -0.681266 0.606082 -0.337177 -0.253572 1.509865 1.119125 -0.369163 0.412962 0.226845 -0.257480 -0.285414
0.213220 -0.144403 0.753738 -0.640994 -0.315863 1.353212 1.140322 -0.385886 0.697885 0.191825 -0.355420 -0.323313
0.245774 -0.778087 0.501057 -0.517980 -0.141858 1.581858 1.273892 -0.645147 0.579914 0.551527 -0.518630 -0.170571
0.363289 -0.530640 0.459767 -0.597382 -0.270664 1.462340 1.024620 -0.374835 0.430611 0.258616 -0.100295 -0.347324
0.053251 -0.322450 0.418346 -0.931545 -0.307128 1.485828 1.139065 -0.640940 0.534224 0.054299 -0.257287 0.029683
0.319966 -0.486135 0.675870 -0.389722 -0.320174 1.496735 1.164512 -0.363441 0.408777 0.249799 -0.293769 -0.360296
0.021286 0.127873 0.906351 -0.510479 -0.742714 1.181570 1.139248 -0.461217 0.247335 0.076234 -0.209776 -0.276248
0.288731 -0.144289 0.748593 -0.491891 -0.615436 1.416311 1.249596 -0.380339 0.418535 0.108849 -0.081485 -0.399068
0.109276 -0.676246 0.531417 -0.683634 -0.306996 1.521589 1.238575 -0.699245 0.679518 0.265937 -0.318167 -0.126810
-0.097297 -0.403867 0.202315 -0.146481 0.304779 1.045161 0.716662 -0.152604 0.766773 0.270613 -0.506503 -0.309350
