-0.313157 0.212063 -0.396436 0.223488 0.499284 -0.911800 0.565341 -0.051126 0.202396 0.541884 -0.063455 -0.448362
0.878143 -1.119679 1.025194 -0.558548 -0.743301 0.240062 0.268956 0.234665 0.091981 -0.512254 -0.513972 -0.173540
0.090438 -0.899811 1.076114 -0.695598 -0.272937 0.102952 0.059257 -0.356139 0.152049 -0.942939 -0.220779 -0.449930
-0.043108 -0.961188 0.948942 -0.114198 0.493775 -0.411295 -0.114933 -0.011850 0.076885 -0.746508 -0.455867 -0.191139
-0.421067 -0.900008 0.580957 -0.374717 0.150045 -0.620606 0.422821 -1.256439 0.473859 0.833449 0.070167 -0.711335
-0.380650 -0.461318 0.767477 -0.798631 0.141234 -0.357743 0.374963 -0.510824 0.881084 0.250029 0.226105 0.610864
-0.536235 -0.626432 -0.389572 -0.032985 -0.668095 -0.634673 -0.013452 -0.438375 1.183534 0.082084 -0.417488 0.035622
-1.444434 -0.123501 0.620247 -1.345555 -0.245605 -1.058616 -0.257126 -0.879706 -0.184949 0.773268 0.542284 -0.737087
0.402809 -0.924368 0.888248 -0.769973 0.360867 -0.482155 -0.282572 -0.471933 0.418518 -0.372425 0.020559 -0.267059
-0.599829 0.122306 0.240315 0.202715 -0.115721 0.082876 -0.014226 -0.446510 0.527763 -0.331043 0.253441 -0.215007
0.350957 -0.532743 1.309158 -0.801537 0.283156 -0.844783 0.051157 -0.814569 0.480536 0.245947 -0.061147 -0.112905
0.176266 -0.570311 0.626451 -0.704509 -0.515491 -0.634007 -0.338573 -0.160632 0.743424 -0.421406 -0.348512 -0.664141
-0.239002 0.020638 0.650936 -0.708364 -0.384927 -1.434161 -0.158830 -0.939672 0.599472 0.590823 0.286128 -0.374621
-0.321173 0.361767 0.806281 -0.523858 -0.218614 -0.864253 -0.395828 -0.862091 0.328094 0.035928 0.487719 -0.105654
-0.160452 -1.373604 0.713162 0.241896 0.043351 0.473354 0.044257 -0.219883 0.479395 -0.527010 0.089839 0.535011
-0.244669 -0.701279 0.815668 0.533242 -0.181610 0.507032 0.255164 -0.144714 0.648999 -0.527509 0.180405 0.229781
0.766994 -0.863741 1.123484 -1.158524 0.592073 -0.270334 0.344283 -1.980221 0.635562 0.792741 0.021791 -0.044842
-0.442195 -0.760290 0.958871 -0.239277 0.018253 0.235585 0.284211 -0.708874 0.396324 -0.531341 -0.710067 -0.626609
-0.201356 -0.727929 0.117894 -0.545356 -0.304792 -0.049239 0.222481 -0.207172 0.998274 0.624333 -0.062140 0.266586
0.040153 -0.773560 0.593923 -0.125535 0.034100 0.302997 0.114658 -0.302021 0.061076 -0.054476 0.265766 -0.514468
-0.283603 -0.170157 0.508978 -0.606641 -0.540394 0.100103 0.066127 -0.034271 0.507049 0.625946 0.602566 -0.216418
0.318214 -0.595852 0.563247 0.172533 0.118290 0.177551 0.393872 -0.580446 0.360448 -0.383448 0.195892 -0.211013
-0.450081 0.466255 0.764329 -0.112334 -0.356189 0.199729 0.383276 -0.364637 -0.093742 0.005141 -0.620902 -0.598186
0.213459 -0.947640 0.274676 0.130554 0.372233 -0.166513 -0.130431 0.109655 0.488763 -0.205166 0.372011 -0.042716
-0.605991 -1.125538 0.716264 0.904066 0.129231 -0.782582 0.094465 -0.521162 0.202851 -0.472632 0.229055 0.085806
0.280092 -1.390060 0.326416 -0.016521 0.014443 -0.317630 -0.057912 -0.770071 0.367065 -0.170872 -0.305220 -0.041504
-0.036316 -1.334884 0.747233 0.316253 0.047318 -0.121404 0.080593 0.077498 0.174951 -1.073438 -0.494201 -0.011547
-0.220553 -0.390444 0.656596 -0.009252 -0.104044 0.343591 0.028772 0.408785 0.449762 -0.120761 0.467442 0.115922
0.609106 -0.069267 0.836592 -0.559437 0.030971 -0.255316 -0.298081 0.140249 0.259535 0.345390 0.169766 0.181897
-0.338598 -1.338043 0.291953 0.416966 -0.234646 -0.338673 0.355406 -1.018179 0.685464 0.074195 0.247314 0.216531
-0.288647 -1.418567 0.374691 0.188191 0.097799 0.007161 0.391455 -0.408134 0.546071 -0.997667 -0.222305 0.014350
0.317100 -1.353301 0.433604 -0.171231 -0.103463 0.895218 0.146095 0.130075 0.156821 -0.509804 -0.284677 0.423491
-0.079719 -1.636041 0.369129 0.129807 -0.174808 -0.034964 0.264470 -0.219839 0.639521 -0.987209 -0.709878 -0.324816
0.049999 -0.720808 0.731354 -0.022920 0.413315 -0.319162 -0.271762 -1.032778 0.564167 0.375252 -0.068999 -0.390558
-0.669465 0.352742 0.475005 -0.106077 -0.205957 -0.597451 0.298405 0.059299 -0.288559 0.564294 0.082889 -0.357112
-0.366770 -0.579664 0.434319 0.468559 0.363601 -0.293303 0.242258 -0.667537 0.283090 0.390735 0.744991 -0.411796
-0.665577 -0.597389 0.637336 -0.160805 -0.216824 -0.764498 -0.037807 -0.131415 0.519150 -0.173768 0.176617 -0.451231
-0.490969 -0.318059 0.620566 -0.126899 -0.430185 0.895127 0.176931 -0.276987 0.347143 0.681191 -0.007689 -0.029459
-0.235889 -0.832504 1.434319 0.197396 0.321215 0.350115 0.340249 -0.399088 0.391349 0.186042 0.310730 -0.274101
-0.664348 0.173781 0.715863 -0.835865 0.008750 -1.155600 0.107727 -0.123183 -0.223108 1.277843 0.502353 0.046452
-0.054850 0.644557 0.318937 -0.049445 -0.675989 0.368948 0.439112 0.050926 0.051264 0.067967 -0.029048 0.155361
-1.238156 -0.243827 0.442131 -0.440727 -0.400364 -0.192119 -0.332240 0.096675 0.978045 0.347431 0.554296 0.507187
-0.914930 -0.076409 0.652491 -0.218931 -0.338779 -0.616001 -0.667169 0.067595 0.909455 -0.013623 0.560613 0.670159
-0.647383 -0.651544 1.174117 0.103350 -0.318308 0.172946 0.273192 -0.917757 0.728067 0.073515 -0.280434 -0.274260
-1.096144 -1.250243 0.326995 0.294696 -0.536038 -0.752574 -0.756729 0.398461 0.600904 0.239152 0.369001 0.441798
-0.862381 -0.863718 1.015730 -0.101077 -0.456424 -0.158266 -0.229380 -0.951867 0.804110 0.338459 0.208352 0.110486
-1.020209 -1.027021 0.867669 0.464883 -0.578043 -0.241882 -0.145108 -0.161564 0.899148 0.075705 0.087330 0.480757
-0.647378 0.020353 -0.270812 -0.115175 -0.316813 0.126550 0.056077 0.051632 0.559555 0.417510 -0.124532 0.054885
-0.675890 -0.186481 -0.038314 -0.086403 0.017684 -0.030668 0.189525 -0.607723 0.237381 0.237943 0.096971 -0.631228
-0.648746 -0.724443 0.065482 -0.575256 0.026697 0.557145 -0.021450 -0.856681 0.642405 0.661735 0.288241 -0.485840
-0.850252 -0.287119 -0.027644 -0.296433 -0.020985 -0.388285 0.047729 -0.098836 -0.261513 0.835688 0.330869 -0.325420
-0.846930 -0.686431 -0.053868 0.370396 -0.351971 0.134304 0.251970 -0.142185 0.247186 -0.742331 -0.089425 -0.033558
-0.096077 -0.919072 0.496113 -0.847493 -0.388756 0.138413 0.001346 -0.390145 0.101258 -0.393532 -0.382719 -0.313940
-0.899913 -0.283110 0.894539 -0.353963 -0.340151 -0.040320 0.326585 -0.333555 0.751424 0.180491 0.242630 -0.321934
-1.372053 0.316348 0.580372 -0.578185 -0.286473 -0.493872 -0.137071 0.228545 0.509854 0.046638 0.357253 0.290517
-1.237853 -0.743789 0.732943 -0.709056 -0.423534 -0.786360 -0.470709 -0.161240 1.029690 0.743793 0.651572 0.517257
-1.124942 -0.777216 0.848767 -0.213553 -0.623712 -0.592299 -0.548197 0.228786 1.012902 0.666712 0.346095 0.718759
-0.786626 -0.937721 0.428003 -0.190637 -0.168974 0.267414 0.277854 -0.438062 1.123457 -0.373592 0.217105 0.275767
-0.628014 -0.804254 0.555857 -0.412121 -0.409311 -0.000454 0.525199 -0.750444 0.190757 -0.386451 -0.391245 -0.463526
-0.383231 -1.348476 0.217790 0.060361 -0.091808 0.009894 0.284361 -0.345557 0.512241 -0.215885 0.343366 0.214156
-0.126555 -1.300674 0.321214 0.032361 -0.368003 0.084297 0.347055 -0.318009 0.436034 -0.473976 -0.005086 -0.329790
0.111887 -0.807421 0.040426 -0.349307 -0.294009 0.288364 0.374654 0.260313 0.293535 0.245612 0.143982 0.609675
-0.138667 0.002635 1.085136 -0.761626 -0.110452 -0.713103 -0.187133 -0.541395 0.384698 0.673346 -0.098650 -0.020683
-0.984367 -0.761276 1.242787 -0.477780 -0.671372 -1.004509 -0.906098 -0.065095 1.032174 -0.060874 0.533039 0.610620
-1.563100 -0.975468 0.587808 -0.388335 -0.060023 -0.684947 -0.725475 -0.148370 0.843502 0.498216 1.191188 0.394249
-1.544131 -0.875312 0.813593 -0.127065 -0.331721 -0.958733 -0.970929 -0.255728 0.590276 0.107415 0.886295 0.654519
-1.526464 -1.103511 0.834969 0.156154 -0.249134 -0.850794 -0.924695 -0.327784 0.696607 0.308486 0.796589 0.727468
-0.832336 -0.758991 0.669450 0.165794 -0.519708 -1.119440 -0.134435 -0.119842 0.489676 0.767053 -0.084072 -0.040495
-1.494012 -0.736732 0.641012 -0.276372 -0.165699 -0.545300 -0.779898 0.038890 0.819304 0.378593 1.084332 0.625268
-1.067216 -0.884604 0.349348 -0.144502 -0.111657 0.405051 0.332500 -0.731703 0.019391 -0.366293 -0.320452 0.006665
-0.404347 -0.058164 0.585394 -0.044682 -0.228412 0.026841 0.402936 -0.385295 0.010013 -0.147374 -0.279905 -0.342682
-0.725313 -1.190570 0.723526 -0.282116 0.828549 0.088066 0.319401 -0.978774 0.600797 0.428842 0.737793 0.024048
-0.495992 0.078474 0.335960 -0.965167 -0.130913 -0.152356 -0.235094 -0.525721 0.521062 -0.173042 -0.303260 0.040461
0.021785 -0.318464 0.902192 -0.808155 0.122942 -0.547227 -0.060101 -0.531282 0.564962 0.115211 0.166063 0.008634
0.106718 -0.027549 1.036437 -0.537693 0.192851 -0.936518 0.556330 -0.610393 0.255761 0.021730 -0.037056 -0.162778
-0.347537 0.049926 1.066083 -1.095156 -0.443518 -0.893164 -0.396150 -1.084008 0.962861 0.580673 0.330674 0.060345
-0.217592 0.011503 0.065006 -0.019424 -0.086581 -0.490208 0.453098 -0.596806 0.331619 -0.620529 -0.080066 -0.815611
-0.529377 -0.887527 0.589278 -0.460149 -0.356508 -0.346909 0.284727 -0.328302 0.129161 0.224751 0.093904 -0.270413
-0.119870 -0.049967 0.008298 -0.246737 -0.749988 -0.151082 0.238393 0.464314 1.059189 -0.511545 -0.359971 0.071893
-0.318853 -0.374641 0.302001 -0.482166 -0.323144 -0.844099 -0.155208 -0.744126 0.665813 0.438732 0.347201 -0.307873
-0.482737 0.176495 0.839044 -0.921938 -0.449369 -1.083384 -0.311001 -0.441213 0.665685 -0.239445 -0.429531 -0.037458
-0.787499 0.131004 0.604019 -0.126514 -0.764182 -1.155902 0.154153 -0.046048 0.230581 0.333218 -0.503801 -0.018526
-0.652035 -0.395157 0.481376 -0.943150 -0.112626 -0.949900 -0.254369 -0.666183 1.574205 -0.342168 -0.048423 0.716811
-0.445319 -0.590734 0.383637 -1.331934 -0.261156 -0.953029 -0.214274 -0.696070 1.061239 0.068550 0.185314 -0.430840
-0.581570 -0.637422 0.616495 -0.761448 -0.082453 -0.574610 -0.143662 -0.762537 0.295792 0.467592 -0.033704 -0.095364
-0.508211 -0.105024 0.724480 -1.134114 0.113484 -0.670551 -0.143350 -0.954504 1.099105 0.237639 -0.246576 0.689214
-0.956484 -0.594745 0.909944 -0.115291 0.046403 -0.829570 -0.140831 -0.603831 0.916390 -0.238612 0.328443 0.372140
-0.612112 -0.077056 0.704430 -0.945149 -0.138824 -0.989260 -1.187842 0.191595 1.070175 0.693687 0.249785 0.482434
-1.219170 -1.026679 -0.412770 -0.249406 0.209613 -1.072247 -0.129809 -0.315624 0.598809 0.437110 0.702785 -0.235899
-0.156685 -0.960897 0.795562 -1.060443 -0.616391 -0.135942 0.269654 -0.469254 1.164146 -0.172871 0.000053 0.507752
-0.354115 -0.293110 1.219577 -0.823249 -0.394403 -0.380517 -0.369761 -0.902316 0.757854 0.608636 0.158047 0.365641
-0.833066 -0.146236 0.318067 -1.064078 -0.230722 -0.797202 0.176016 -1.053924 0.670473 -0.012766 -0.192343 -0.340958
-0.258163 -0.587053 1.089213 -0.390682 0.287142 -0.246899 0.075235 -1.350095 -0.083210 0.513239 0.291372 -0.651090
-0.212013 -0.456466 0.595376 -0.416745 0.300247 -1.364184 -0.086534 -0.526060 0.963939 0.415574 0.681732 0.434532
-0.516812 -0.370894 0.611884 -0.367235 0.068538 -0.351647 0.070580 -0.504653 1.503162 -0.202423 -0.374523 0.158301
-0.247692 -0.590726 -0.243138 -0.139958 0.415254 -0.359786 -0.354413 -0.088477 0.363000 0.234857 0.306454 0.079315
-0.572844 -0.502611 0.866028 -0.292036 -0.311598 -0.085693 -0.070827 -0.683752 1.176438 -0.455956 0.024786 0.489275
0.367164 -0.252291 1.127350 -0.645376 -0.358210 -0.898287 -0.043367 -0.055303 -0.037967 0.049761 0.160594 -0.194516
-1.000057 -0.689012 0.612924 -0.211979 -0.482623 -0.378382 -0.429527 0.054766 0.900023 0.353567 0.356043 0.733639
-0.437484 0.155304 0.549927 -0.127466 -0.209984 -0.604716 -0.300205 -0.396546 0.575443 0.564451 0.211413 0.258645
0.346803 -0.615684 0.854330 -0.244767 -0.253415 -0.171675 -0.278737 -0.203680 0.652347 -0.125546 -0.133753 -0.340196
-0.727885 -1.308187 0.959339 -0.173693 0.444341 -0.230232 -0.075673 -0.294166 0.944881 -0.375642 0.053990 0.589958
-0.095922 -1.251150 1.420251 -0.616088 0.333447 -0.338929 0.410441 -0.410117 0.170141 0.017818 -0.231429 -0.568742
0.157439 -0.665712 0.707793 -1.122027 1.105424 0.017593 0.416168 -0.751167 0.514033 0.123766 0.114084 -0.587811
-0.323469 -0.007348 1.533133 -1.020957 0.658991 -0.007305 0.507484 -1.525948 0.556567 0.316565 0.024521 0.004772
0.376417 -0.432067 1.212954 -0.755580 0.567019 -0.240346 0.296889 -0.521166 0.305023 -0.609667 -0.291790 -0.101889
-0.090968 -0.494361 1.277639 -0.749619 -0.163257 -0.158815 -0.176457 -0.199059 0.616560 -0.590966 -0.187840 -0.137598
0.289519 -1.021233 0.829248 -0.451549 0.399003 -0.467274 0.321142 -0.623171 0.433477 0.035405 0.041182 -0.468853
-0.046292 -0.475745 1.047340 -1.104239 -0.512123 0.696410 0.750628 -0.523702 0.709119 0.218772 -0.332714 -0.371962
0.182372 -0.460336 0.413744 -0.849236 -0.445128 1.396703 1.254870 -0.593003 0.581429 0.145699 -0.199041 -0.039999
-0.115542 0.155721 0.035085 -0.826266 -0.063574 -0.094755 0.071082 -0.095305 0.140051 0.165857 0.307692 -0.370848
0.112940 -0.585934 0.486049 -0.794044 -0.411569 1.486426 1.247375 -0.621156 0.596978 0.090293 -0.304500 -0.050982
0.030168 -0.703867 0.384704 -0.662226 -0.323023 1.359885 1.165997 -0.811768 0.727431 0.322309 -0.124655 -0.152219
0.247801 -0.123989 0.700187 -0.457908 -0.499692 1.421103 1.081104 -0.254940 0.366778 0.142249 -0.209023 -0.449869
0.366600 -0.151775 0.913472 -0.230673 -0.445897 1.460572 1.367210 -0.375714 0.216196 0.451719 -0.166629 -0.735877
0.362866 -0.127435 0.742084 -0.424750 -0.387798 1.520936 1.185574 -0.268578 0.330447 0.284698 -0.280616 -0.468999
0.353007 -0.116833 0.704537 -0.327612 -0.578815 1.471855 1.052968 -0.215274 0.377894 0.165042 -0.001461 -0.520607
0.045838 -0.514755 0.140933 -0.272522 -0.037230 0.272620 0.782272 0.022850 0.638954 -0.196590 -0.254267 -0.537475
0.343228 -0.304986 0.800273 -0.336951 -0.287893 1.444609 1.048407 -0.119829 0.208034 0.278190 -0.058515 -0.409437
0.137394 -0.182044 0.503907 -0.754229 -0.646687 1.300599 1.056160 -0.445665 0.389641 -0.050037 -0.148222 -0.316557
0.362076 -0.362066 0.726897 -0.451655 -0.440712 1.518355 1.282862 -0.449305 0.453602 0.216590 -0.135597 -0.402215
0.199774 -0.300782 0.382504 -0.692169 -0.593677 1.309681 1.196872 -0.496740 0.427529 0.100103 -0.191325 -0.179834
0.220169 -0.308109 0.659850 -0.438667 -0.560781 1.399796 1.230558 -0.405220 0.326938 0.253241 -0.107795 -0.584418
-0.058236 -0.009421 1.032847 -0.828106 -0.302450 1.571239 0.857280 -0.718976 0.707706 0.713054 -0.482830 -0.107324
-0.105310 -0.139313 0.876608 -0.769435 -0.568553 1.311163 0.615739 -0.275758 0.485012 -0.001461 -0.152194 -0.395990
0.338560 -0.213020 0.656977 -0.815990 -0.376429 1.308790 1.303331 -0.638579 0.464987 0.175635 -0.334419 -0.425502
0.414815 -0.176664 0.742827 -0.489858 -0.389535 1.416609 0.952623 -0.146977 0.261487 0.284837 -0.082285 -0.520765
0.105846 -0.328357 0.752046 -0.305092 -0.529104 1.305874 1.244366 -0.596078 0.635437 0.149852 -0.154527 -0.422364
0.186704 -0.418893 0.564053 -0.605116 -0.314787 1.564691 1.279514 -0.582075 0.514993 0.423633 -0.354127 -0.274431
0.152629 -0.245840 0.737148 -0.423294 -0.590116 1.446611 1.338225 -0.589216 0.543885 0.108927 -0.320781 -0.282156
0.237442 -0.373841 0.583897 -0.473543 -0.375545 1.458749 1.189281 -0.395164 0.542016 0.230061 -0.217681 -0.381016
0.305151 -0.222814 0.732795 -0.499241 -0.637353 1.363747 1.309274 -0.443309 0.415439 0.107538 -0.076594 -0.400568
0.420701 0.187818 1.031059 -0.462415 -0.507558 1.242111 1.092966 -0.254903 0.435313 0.202081 -0.245641 -0.560811
0.350719 0.097847 0.888693 -0.375433 -0.572741 1.434174 1.195145 -0.190357 0.270197 0.220324 -0.285767 -0.576096
0.213815 -0.368367 0.627309 -0.594724 -0.496552 1.379858 1.158273 -0.448032 0.457507 0.184340 -0.096576 -0.310028
0.250336 -0.511039 0.288783 -0.562110 -0.476829 1.367969 1.049430 -0.440451 0.537876 -0.114217 -0.168273 -0.270477
0.345652 -0.501641 0.542910 -0.619044 -0.283994 1.548043 1.184997 -0.411668 0.404348 0.213062 -0.209460 -0.240351
0.241394 -0.142098 0.576796 -0.740550 -0.959460 0.991352 0.734186 -0.293571 0.216583 0.082566 -0.326879 -0.197859
