-0.558914 -0.112739 0.019446 -0.654838 -0.242795 -0.599827 -0.309771 -0.466577 0.520904 0.550658 -0.046201 -0.633148
-0.719010 0.495001 0.295365 -0.656988 0.078134 -0.842395 -0.634794 -1.324877 0.439588 0.190515 0.265427 0.672221
-0.072439 -0.511270 0.400267 -0.405741 1.111465 0.401474 0.639493 -0.621584 0.434708 -0.318996 -0.376333 -0.388392
0.099950 -0.958473 0.277419 -0.596039 0.231165 0.728166 0.162152 0.052176 0.581803 -1.056749 -0.322381 0.734470
0.056254 0.446286 0.114541 0.713909 0.839733 -0.014863 -0.404871 0.088652 0.163200 -0.631049 -0.559881 0.035179
-0.103030 -1.376556 0.389205 -0.117999 -0.026213 0.165625 0.793997 -0.158355 0.634240 -0.067992 -0.176313 0.167766
-0.868684 0.085985 0.258532 -0.225247 -0.704634 0.120269 -0.341144 0.080596 -0.088409 -0.042206 -0.243452 -0.348808
-0.670992 -0.746766 0.056010 -0.445431 0.775844 0.218152 0.588714 -0.894845 0.223153 0.684284 -0.349750 -0.572830
-0.099418 -0.818056 0.884851 -0.207053 -0.315205 0.512867 0.690338 -0.886632 0.591446 -1.122139 -0.430206 -0.202760
-0.244608 -0.447409 -0.100648 -0.515605 0.942406 0.563062 0.455651 -0.869856 0.036033 -0.122317 -0.155224 -0.591055
-0.911279 -1.119194 0.571178 -0.117923 -0.156480 -0.011317 -0.232917 -0.167254 0.879876 -0.073017 0.298640 0.788955
-0.262936 -0.810493 -0.197078 -0.251240 0.340138 -0.556137 0.242597 -0.671975 0.646878 0.139260 0.450015 -0.447588
-0.796634 -0.671950 -0.048174 -0.504922 0.150631 0.053230 0.371714 -0.336653 0.866895 -0.369083 -0.313522 -0.052966
-0.167431 -0.968669 1.647376 -0.108000 -0.273709 0.145919 0.560141 -0.581528 -0.098231 -0.016002 0.023024 -0.606134
-0.195336 -0.832800 0.319041 -0.153738 0.224224 0.232722 0.858803 -0.613282 -0.067987 0.325581 -0.577615 -0.558785
-0.225061 -0.977202 1.022209 -0.213745 0.163130 0.309705 0.146840 -0.658912 0.088950 -0.540809 -0.263691 0.085755
-0.137041 -0.491026 0.512989 0.691762 0.673182 0.378741 -0.406299 -0.594335 -0.098149 -0.081691 -0.152613 -0.117405
-0.845483 -0.177822 1.038873 -0.581603 0.181763 -1.339955 0.574438 -1.136992 0.272208 0.360836 0.583217 -0.664771
-0.644706 -0.672602 0.708381 -0.400744 0.132377 -0.510975 0.325819 -0.687645 0.561004 -0.395725 0.559822 0.177086
-0.011237 -0.717981 0.755559 -0.062663 -0.296343 0.417270 -0.000379 -0.080448 0.385355 0.315377 -0.123408 0.393693
0.472497 0.214425 0.737788 -0.606568 0.850397 -0.234904 0.641162 -0.547833 -0.088046 0.200926 -0.863489 -0.014533
-0.451282 -1.360571 0.078419 -0.234090 0.610355 -0.346823 0.187170 -0.353544 0.653246 -0.588390 0.321269 0.007469
0.232208 0.178439 0.883031 0.680121 -0.108452 -0.368800 0.297699 -0.192040 0.775228 0.220216 0.199389 -0.350033
0.589924 -0.821483 -0.228505 -0.666664 0.040669 -0.091860 0.609400 -0.510356 0.628621 -0.800156 -0.373165 -0.190373
0.059211 -0.508347 0.269178 -0.486386 -0.465051 0.103608 -0.270914 -0.100078 0.468300 -0.339049 -0.427892 -0.370881
-0.257926 0.268594 0.063742 -0.050214 -0.275496 0.176268 0.043748 0.195710 0.438751 0.044870 -0.506534 -0.194653
0.107520 -1.308965 1.250106 -0.155032 -0.142501 -0.021656 0.217220 -0.575875 0.059279 -0.468187 0.162105 -0.513283
0.242724 -0.102940 0.131302 -0.464260 0.088530 -0.314573 -0.030720 -0.084021 0.581624 -0.326453 -0.025052 0.151804
0.094237 -1.183988 0.808524 -0.259433 -0.258582 -0.471918 -0.045418 -0.155729 0.396483 -0.293061 -0.506841 -0.062300
-0.295006 -0.904708 0.698184 -0.012151 -0.309987 0.047001 0.397775 -0.683104 -0.279671 -0.316142 -0.222667 -0.820361
-0.250326 -1.426891 0.466097 0.444668 -0.471366 -0.239018 0.514595 -0.225404 0.024051 0.239120 -0.588719 -0.234703
-0.513649 -1.231288 0.274582 -0.862150 0.394795 0.368355 0.479905 -0.578125 0.579640 -0.661965 0.117723 0.039416
-0.155644 -1.348344 -0.097843 -0.360612 0.246144 0.394512 0.792000 -1.049733 0.456473 -0.041781 -0.086029 -0.521635
0.634727 -0.489554 0.430345 0.290007 0.438286 0.574319 0.161168 -0.267237 0.872807 -0.365360 -0.313925 0.040733
-0.973296 -1.133749 0.765829 0.244428 -0.077533 -0.006853 -0.575173 -0.585004 0.240162 -0.040413 -0.250807 0.004175
-0.229691 -0.956691 -0.008175 0.039146 -0.329000 0.511188 -0.397885 0.228173 0.504669 -0.008322 -0.361093 0.210548
-0.459711 -0.882700 0.609148 0.242984 0.007678 0.236409 0.418353 -0.270095 0.389640 0.421358 0.306309 -0.370517
-0.383471 0.902660 0.425058 -0.070844 0.260323 -0.013835 0.401472 -0.553033 0.355300 -0.200913 -0.368362 0.323968
0.366900 -1.040491 0.973147 0.423067 -0.114235 -0.190646 0.698130 -0.495028 -0.158549 0.499666 0.066289 -0.144615
0.557928 -1.014376 0.429962 0.633384 -0.022453 0.481976 0.160701 -0.238184 0.550005 -0.578516 -0.382180 -0.371601
-1.442788 0.935342 -0.472329 -0.130538 -0.933326 -0.271402 -0.021530 0.395074 0.447368 0.552194 0.403214 -0.369534
-0.746756 0.325004 -0.139640 0.001446 -0.201878 0.128856 -0.432952 0.098622 0.499161 0.014126 0.571367 -0.092384
-0.224561 1.137503 1.123555 -0.177917 -0.534080 0.001749 0.033263 -0.423061 0.876259 0.769973 0.355307 -0.128014
-0.174649 -0.368440 -0.091080 0.256251 -0.252391 0.147142 0.267664 -0.111415 0.697113 -0.192275 -0.244132 0.087423
-0.150584 -0.136730 0.455798 0.211498 -0.259166 0.185951 0.724501 -0.459805 0.640741 -0.379857 0.191103 0.402901
-0.836009 -1.026653 0.673413 0.095199 -0.498810 -0.017881 -0.425131 0.323703 0.743719 -0.202026 0.201502 0.604466
-0.817130 -0.977039 0.669342 0.325898 -0.610157 -0.469069 -0.686706 0.411179 0.605023 -0.200486 0.208908 0.854076
-1.148343 -0.511806 0.545265 -0.331816 -0.725197 0.012643 -0.030377 -0.482734 0.683834 -0.061309 0.045708 0.295035
-0.984212 -0.279143 0.738376 0.011523 -0.350582 -0.731738 -0.355448 -0.348105 0.027437 -0.638518 0.124581 0.205897
-0.125131 -1.118035 0.283658 0.253422 -0.216068 -0.050470 -0.117955 -0.411772 0.532787 0.288173 0.358325 0.311461
-1.119369 -0.069292 0.261506 -1.341149 -0.814320 -0.533440 -0.653730 -1.084973 0.636583 0.633553 0.016203 0.017407
-1.111888 -0.749716 0.645861 0.031278 -0.319998 -0.206372 -0.217106 -0.110908 0.556133 0.229140 0.391195 0.645863
-0.633146 -1.008896 0.496433 0.282746 -0.323017 -0.188411 -0.247896 -0.065048 0.660341 -0.131763 0.138850 0.644387
-0.502719 -0.974815 0.431211 0.327855 -0.383401 -0.424253 0.250959 0.005141 0.577299 0.091517 0.096200 -0.395001
-1.047625 -0.198615 0.060390 0.098630 -0.362745 -1.088513 -1.095983 0.339460 0.432069 -0.140518 0.843476 0.460007
-0.546194 -0.504526 0.791789 -0.513383 0.280300 -0.139460 -0.141748 -0.295947 0.643160 0.056495 0.465088 0.184803
-0.473515 0.092207 0.647472 -0.454165 -0.058686 -0.062296 -0.835658 -0.090221 0.077515 0.270160 0.240753 0.375695
-0.259964 -0.942400 0.436273 -0.106906 0.203466 0.613080 0.118541 -0.311748 0.533443 -0.473700 0.261506 0.378574
-0.610064 -0.214063 0.874468 0.344587 0.112309 -0.655955 -0.377368 -0.241022 0.671061 -0.460312 0.840222 0.458331
0.089675 -0.328187 0.635586 -0.103293 0.224924 -0.003315 0.019189 -0.730155 -0.134926 0.464578 0.234616 0.038937
-0.507843 -1.023219 -0.185856 -0.402767 0.709032 -0.297518 0.217493 -0.356414 0.361399 0.590556 0.079536 0.099095
-0.857397 -0.728397 0.929199 0.494520 -0.042652 -0.491447 0.411142 -0.422753 0.321033 -0.467582 0.187907 -0.201668
-1.018965 -0.184880 0.698877 -0.198293 -0.671196 -0.328962 -0.326978 0.174263 0.390002 0.179839 0.205247 0.747876
0.038508 0.010243 -0.020541 -0.594646 -0.227021 -0.555908 0.487785 -0.815546 0.284718 0.105856 0.228903 -0.997668
-0.523694 -0.873518 0.701397 -0.940241 -0.135181 0.001193 -0.226146 -0.229373 0.853388 0.793202 0.001769 0.596135
-0.125757 -0.222588 0.316673 -0.378918 -0.208880 0.045011 0.243341 -0.846373 0.446785 0.115506 -0.484009 -0.875225
-0.459715 -1.007375 0.447876 -0.593477 0.324218 -0.683720 0.029757 -0.490372 0.984953 0.592843 0.636905 -0.303228
-0.365028 -0.399615 0.747661 -0.009255 0.045251 0.693621 0.527558 -0.386547 0.675441 -0.398809 -0.065036 -0.131258
-0.334110 -1.485602 0.856710 -0.606766 0.192499 -0.344719 0.740953 -1.315648 0.409477 -0.232171 0.474374 -0.571651
-0.613613 0.115182 0.150241 0.689925 -0.435606 -0.694215 -0.010027 0.073554 0.775952 -0.206355 0.018031 -0.439701
-0.143045 -0.207320 0.515770 0.185870 0.363157 -0.292113 -0.481736 0.352448 0.784058 -0.193402 0.303785 0.288895
-1.079348 -0.633638 0.827442 -0.541172 -0.436718 0.144728 0.093463 -0.136368 0.501005 0.020347 -0.302990 -0.012234
-0.613027 -0.362921 0.638987 -1.356823 -0.495845 -0.460152 -0.353820 -0.526773 0.868977 -0.003982 0.407242 -0.330688
-1.456995 -0.210791 0.406613 -0.118808 -1.018200 -0.565142 -1.247811 0.518819 0.567529 -0.087388 0.306376 0.730506
-0.370871 -0.446658 0.568245 -0.617335 0.019294 -0.498660 0.158871 -0.395803 0.647893 0.185831 -0.173181 0.532023
-0.265497 -0.347026 0.896093 -0.495594 -0.082099 0.110625 -0.082712 -0.323045 0.463620 0.192726 0.496391 -0.423804
-0.667562 -0.036505 0.395513 -0.784876 -0.356674 -0.898417 -0.186695 -0.572784 0.741654 0.023523 0.013131 -0.133472
-0.518028 -0.232580 0.805814 -0.712096 0.160145 -0.032479 -0.381011 -0.768434 0.613238 -0.344819 -0.089857 -0.066491
-0.788584 -1.039161 1.230212 -0.135289 -0.582140 -0.762694 -0.324305 -0.555816 0.456557 0.582744 0.272270 0.484552
-0.393223 0.685665 0.755711 0.028497 -0.177687 0.149569 -0.126715 0.035797 0.705354 -0.652609 0.342784 -0.624561
-0.280961 0.007815 0.196326 0.733150 0.327703 0.416433 0.034078 -0.287378 -0.530365 0.188987 -0.155106 -0.891190
-0.107368 -0.602571 -0.047444 -0.099069 -0.346456 -0.200358 -0.202489 0.108028 0.536487 -0.446429 0.684136 0.426816
-0.256618 -1.201832 1.076036 -0.440589 -0.484927 0.392368 -0.141872 -0.274983 0.474239 0.106059 0.067974 0.313206
-1.181058 -0.606222 1.015314 -0.204977 -0.244384 -0.497069 -0.242813 -0.846897 0.569471 0.073961 0.456918 0.417678
-0.750750 -0.806628 0.528814 -0.388394 -0.443699 0.029520 -0.044283 -0.208144 0.802625 -0.216684 0.168429 0.486762
0.234502 -1.040394 0.571490 -0.285125 -0.066553 0.205136 0.140738 -0.148006 0.256172 -0.923674 -0.482878 -0.214276
0.029289 -0.266237 0.615248 -0.701440 -0.119245 -0.300242 0.073131 -0.657525 0.613135 -0.170955 -0.503604 -0.066501
-0.061394 -1.343981 0.815082 0.209201 0.049450 0.210153 0.102705 0.027905 0.378359 -0.475091 -0.637362 -0.116654
-0.347154 -0.321995 0.145971 -0.533499 -0.297775 -0.398156 0.229614 -1.042390 0.780776 0.056727 0.034311 0.170055
0.653126 -0.441310 0.155699 -0.738923 -0.179471 -0.174241 0.550971 -0.531109 0.464172 0.305265 -0.253752 -0.587710
1.430377 -0.161018 0.728500 -0.489716 0.289033 -0.581671 0.615127 -0.412403 -0.543439 -0.595866 -0.929702 -0.728631
-0.018894 -1.342294 0.360412 -0.747199 -0.049824 0.195942 0.636597 -0.677410 0.797369 0.180391 -0.516129 0.310640
0.442894 -0.757698 0.476397 0.683522 -0.449518 0.127715 0.487281 0.167067 0.263904 -0.314281 0.054369 -0.055377
-0.106461 -0.777501 -0.287445 0.478253 0.296649 -0.798219 0.678782 -0.286462 0.055297 -0.039687 0.294112 -0.255783
-0.365209 -0.701970 0.317608 0.141557 0.460626 -0.105469 0.140828 -0.769911 0.849096 -0.155806 0.170008 0.317653
-0.342582 -0.774917 0.487964 -0.547334 -0.252569 -0.455174 0.318301 -1.063678 0.521804 0.078646 0.829990 -0.491839
0.434711 -0.985035 1.249440 0.257390 -0.056723 0.053505 0.146475 -0.058257 0.231738 -0.072175 -0.385932 -0.241129
-0.233578 -0.999813 0.389898 -0.537451 -0.134685 -0.535046 0.529680 -0.717208 0.592816 -0.224157 0.220081 -0.259434
-0.515936 -0.900177 0.102552 -0.041874 0.357280 -0.274286 0.391689 -0.321577 0.362756 0.026282 -0.442316 -0.294435
0.528101 0.003571 0.665998 -0.719238 -0.165814 -1.121520 -0.080516 -0.912495 0.644039 -0.037674 0.066914 -0.230555
-0.520392 -1.129241 1.282801 -0.306907 -0.089293 0.169667 0.060976 -0.534080 0.646842 -0.368153 0.463081 -0.074591
0.235805 -1.424729 0.626618 -0.198395 -0.406116 0.287823 1.023317 -0.354636 0.895103 -0.125019 0.003289 0.299459
0.835992 -0.243920 1.321804 -0.738876 0.209721 -0.310825 0.145815 -0.524037 0.062435 -0.628427 0.337770 -0.231355
-0.182992 -1.011591 1.127052 -0.243665 0.094678 0.042493 0.032415 -0.054862 0.445463 -0.937410 -0.325258 -0.057063
0.734133 -1.033173 0.376956 -0.258155 -0.439037 -0.149413 0.421938 -0.014229 0.794729 -0.706106 -0.192100 0.191530
-0.774289 0.365092 1.299381 -0.740723 0.247848 -1.109942 0.448434 -0.818595 0.225379 0.415601 0.370540 -0.499657
0.204925 -1.149214 0.541805 -0.692012 0.370970 0.581171 0.788547 -0.809845 0.088225 -0.490047 -0.555875 -0.474300
-0.158466 -0.576420 0.209025 -0.162064 0.188609 -0.109654 0.303094 -0.814282 0.940241 -0.069643 0.018884 0.247600
-0.148168 -0.783821 0.571982 0.190378 0.246393 -0.130886 0.023055 -0.308102 0.828504 -0.161186 0.020302 0.559943
-0.227270 -1.166627 0.675927 -0.482237 0.079373 -0.083215 0.750400 -0.762902 0.378029 -0.362045 -0.345281 0.229679
-0.629153 -1.023629 0.583099 0.198835 0.101302 -0.806280 -0.489439 -0.734147 0.326681 -0.322608 0.125265 0.227496
-0.423391 -0.884976 0.965199 -0.426183 -0.277158 0.244223 1.017127 -1.275893 0.244137 -0.107473 -0.151013 -0.619267
-0.392994 -1.325970 0.570328 -0.088475 -0.100613 0.185389 0.557226 -0.513070 0.250825 -0.296671 0.091897 -0.101269
0.459599 -1.146699 0.514812 -0.083992 -0.046551 -0.458987 0.367861 -0.698137 0.468979 -0.034021 0.200064 -0.393616
-0.196799 -0.942787 -0.176887 0.119996 0.251044 -0.129858 0.322753 -0.681424 0.381497 0.019639 -0.138304 -0.071175
0.071003 -0.551729 0.210919 0.114810 0.558597 -0.337902 0.206997 -0.540584 0.154664 -0.008087 -0.297718 0.226546
-0.703471 -1.219033 -0.302319 -0.107704 0.667349 0.059923 -0.001841 -1.178366 0.318939 0.432565 0.569575 0.170556
0.188125 -0.658203 0.424814 -0.596736 -0.283969 -0.409230 0.280896 -0.973848 0.166869 -0.263548 -0.156002 -0.031920
-0.267782 -0.969563 0.127116 -0.193983 0.291793 -0.196348 0.506905 -1.222598 1.124776 -0.238197 -0.067862 0.462712
0.325677 0.145540 0.559608 0.151536 -0.374282 0.126729 0.361769 0.082347 0.157518 0.854868 -0.794694 -0.289430
0.689648 0.073525 0.060538 -0.250937 0.599996 0.362922 0.528268 -0.276718 0.603986 -0.063449 -0.615932 0.067636
-0.409509 -0.611950 -0.460204 -0.155761 0.053300 -0.389470 0.121673 -0.854165 1.323386 0.769173 0.396470 0.343952
-0.074237 -1.395615 -0.318259 -0.248108 -0.132535 0.408217 0.114998 -0.627646 0.600484 -0.358917 -0.128607 0.367702
0.074233 -1.030232 0.892633 -0.051264 -0.337456 0.161646 0.536769 -0.162754 0.040902 -0.361157 -0.181781 -0.160042
0.748080 -0.138685 0.523437 0.503317 -0.006811 -0.200179 0.618661 -0.527455 0.131146 0.734954 -0.657129 -0.060091
-0.358262 -1.356438 0.043928 -0.614754 -0.310798 0.073519 0.720011 -0.357387 0.992577 -0.652614 0.366281 -0.084212
-0.056029 -1.068554 0.455329 0.043070 -0.388645 -0.503493 0.492535 -0.441018 0.063704 -0.609420 0.682662 -0.428032
0.382185 1.116701 0.496355 -0.104063 0.157190 -0.715502 0.201927 -1.128458 -0.082666 0.591518 0.221136 -0.458331
0.049044 -0.114896 0.214532 -0.723365 0.708090 0.001113 0.119108 -0.677325 0.762889 0.538019 0.207531 -0.468488
-0.243671 1.110346 0.280442 0.452784 -0.081797 -0.163054 0.318714 -0.036383 0.777478 -0.272020 0.706096 -0.637403
-0.303401 -1.126636 0.510638 -0.634287 -0.219088 0.361127 0.221263 -0.213259 0.504322 -0.638886 -0.509680 -0.291653
-0.634204 -0.879030 0.028660 -0.210619 -0.193828 -0.276805 1.121266 -0.116823 0.594050 -0.172542 -0.048909 -0.048662
0.441981 -1.104800 0.871393 -1.131901 0.067989 0.033060 0.252375 -0.394491 0.408474 -0.890087 -0.420355 0.077244
0.198071 -1.366978 0.403141 -0.436702 0.041228 0.039285 0.303587 -0.107453 0.436893 -0.447586 -0.292440 -0.381820
-0.493186 0.717128 0.802156 -0.280791 -0.044712 -1.230843 -0.251746 -0.236847 0.428128 -0.217464 0.192908 0.126668
-0.570310 0.514718 1.094115 -0.772691 0.903715 -0.491629 0.506294 -1.221795 0.154305 0.414283 0.077564 0.123892
0.246911 -0.617893 1.179792 -0.431787 -0.001415 -0.576495 0.362388 -0.689295 0.367970 -0.115454 -0.105442 -0.469143
-0.125984 0.561123 1.002984 -0.654094 -0.436559 -1.289761 -0.187268 -0.503307 0.246974 0.106257 -0.209882 -0.062213
-0.224561 1.137503 1.123555 -0.177917 -0.534080 0.001749 0.033263 -0.423061 0.876259 0.769973 0.355307 -0.128014
-0.642223 0.734406 1.239786 -0.124926 -0.587724 -0.024379 0.342378 -0.246465 0.934015 0.191759 0.476009 -0.265962
0.302851 -0.972395 0.466276 -0.464732 0.160283 -0.046406 0.607053 -0.709204 0.179958 0.004965 -0.213140 0.252764
-0.427968 -0.751064 0.322248 -0.522739 -0.396040 -0.141514 0.418470 -0.572802 1.109228 0.035972 0.505936 -0.088558
0.027768 -1.120443 -0.391246 -0.491897 -0.069739 -0.241704 0.673766 0.129099 0.798442 -0.871489 -0.623824 -0.335927
0.110349 -1.526355 0.166486 0.002038 -0.121811 -0.658118 0.226931 -0.469413 1.220420 -0.169349 0.522648 -0.524080
-0.165947 -0.413344 1.159916 -0.367954 0.088077 -0.750433 0.324493 -0.641869 0.627754 -0.149388 -0.133001 -0.050291
-0.245185 -0.643494 1.152025 -0.512066 0.230831 -0.609838 -0.090102 -0.908053 0.424370 0.573199 0.065428 -0.721668
-0.232945 -1.198392 0.427601 0.152938 0.349078 0.026468 0.238552 -0.573877 0.795989 -0.539684 -0.370570 0.015814
0.488994 -0.311965 1.595981 -0.512400 -0.052468 0.064162 -0.021336 -0.496854 0.233218 -0.116484 -0.022619 -0.414446
0.388503 -0.490557 0.754887 -0.377217 0.111665 -0.634098 0.028524 -0.321081 0.836248 -0.753390 -0.317462 0.050620
-0.024930 -0.944387 0.623300 -0.807165 0.405024 0.012108 0.519165 -0.648427 0.083111 -0.423430 -0.470414 -0.138552
0.340716 -0.625125 0.738467 -0.213124 0.296183 0.040029 0.425302 -0.609662 0.851787 0.000639 0.287412 -0.319607
-0.141840 -1.346338 0.526913 -0.006738 0.088915 -0.546559 -0.448617 0.135936 0.160456 -0.984517 -0.281368 -0.051337
0.611781 -1.012492 0.667640 -0.527294 0.215105 -0.474321 -0.114792 -0.788691 0.546159 -0.593360 -0.098698 -0.259139
0.062132 -0.680408 1.154354 -0.171717 -0.443517 -0.273576 0.449142 -0.435134 -0.169818 -0.638760 -0.452076 -0.563243
0.151518 -0.472009 1.515738 -0.785098 -0.440112 -0.413539 0.179467 -0.763712 -0.105773 0.382282 -0.107635 -1.037967
-0.000996 -0.014017 1.418743 -0.525987 0.014605 -0.685541 -0.222070 -0.336471 0.249381 -0.385829 -0.273412 -0.324737
0.035656 -0.702577 1.457821 -0.096186 -0.001104 0.044881 0.798743 -0.624907 0.246428 0.261857 0.409307 -0.665913
0.185589 -0.211387 1.172875 -0.660589 0.414630 0.111908 0.090475 -0.992740 0.792834 -0.251665 0.411097 0.096921
-0.197236 0.168335 0.421351 -0.344697 0.037041 -0.939416 0.132441 -0.501164 0.748064 0.013687 0.179624 -0.621492
0.051414 0.452727 0.801982 -0.648362 0.109650 -0.715564 -0.128165 -0.360934 0.314733 -0.102886 0.236459 0.200471
-0.068206 -1.166283 0.722678 -0.210214 0.343950 0.676565 0.180659 -0.203261 0.727141 -0.666930 -0.537856 -0.190321
-0.296744 -1.137604 0.745529 -0.042145 0.312849 0.036266 0.525329 -0.638394 0.818038 -0.085436 -0.257432 0.156774
0.108815 -0.151891 1.185514 0.566241 0.714450 -0.081953 0.168004 -0.326653 0.068335 -0.944642 -0.494361 -0.309301
-0.875918 -0.685189 0.899973 -1.117748 0.345137 -0.676815 -0.115480 -0.338785 0.275387 0.416263 0.219574 -0.428781
0.031053 -1.081011 0.674831 -0.492922 -0.049220 -0.681695 -0.169998 -0.399796 0.938748 0.114405 0.115222 0.087232
-0.210103 -0.543337 1.104234 -0.416240 0.237834 -1.438272 -0.201384 -0.835394 0.262868 -0.126760 0.232323 -0.643579
0.271167 -0.664678 0.168715 -0.110349 -0.018754 -0.156532 -0.535688 0.765316 0.267251 -1.188604 -0.198326 -0.041552
-0.245865 -0.047697 1.791289 -1.386096 0.731351 -0.448409 -0.278610 -1.112758 0.752627 0.492138 0.461957 0.045140
-0.977077 -0.960193 0.069933 0.699601 -0.289371 -0.494408 0.063784 -0.381967 0.850491 -0.381221 -0.071780 0.113605
0.105518 -0.822987 1.241466 -0.807533 -0.201518 0.071509 0.009012 0.296254 0.793608 -0.417390 -0.130278 0.167284
-0.211163 0.059757 0.525467 -0.516543 0.385409 -0.196736 -0.375956 -0.680082 0.998455 0.616674 0.100781 0.225605
-0.708094 -0.602585 0.625227 -0.189091 0.358037 -0.444034 0.062951 -1.193860 1.052148 -0.246983 -0.377099 -0.304503
0.109976 -0.662337 0.420276 -0.808529 1.194620 0.287799 -0.358309 -0.999080 1.073536 0.426095 0.702261 0.154358
-0.216755 0.062662 0.494336 -0.272963 -0.056577 -0.790469 0.423495 -0.363262 0.928414 0.399903 0.179626 0.518899
-0.521399 -0.081272 0.476450 -0.568277 -0.283185 -0.365176 -0.588155 -0.181154 0.924327 -0.267580 0.273706 0.364810
0.109333 -1.107561 0.579419 0.114283 0.103231 0.201522 0.325869 -0.348633 0.876965 0.179075 0.363734 0.290993
-0.816104 -1.059714 0.128184 0.171221 0.091253 -0.480911 -0.260225 -0.047733 0.308520 -0.574590 0.508513 0.651316
0.641375 -0.416601 -0.607141 0.547837 0.671495 -0.219355 0.251625 0.305177 0.776070 0.507593 -0.046070 0.378662
-0.650790 -0.721775 0.605297 0.227306 -0.102215 -0.092084 0.302601 -0.697221 0.481201 -0.408779 -0.390683 -0.422665
-0.599339 -0.935308 0.291789 0.351443 -0.469881 -0.319647 -0.548640 -0.238801 -0.073097 0.232898 0.403783 0.878256
-0.609468 -1.265209 0.434418 0.101876 0.405929 0.127068 -0.449055 -0.456296 0.338000 0.042252 -0.313204 1.181974
-0.013658 -0.866500 0.068460 -0.011076 0.297880 -0.254277 0.235980 -0.231197 0.336926 -0.605605 -0.251245 -0.028034
0.698354 -0.752633 0.156750 0.046624 -0.183163 -0.275169 0.272177 -0.698129 1.013114 -0.680683 -0.466163 -0.021868
-0.186221 0.268061 1.314461 -0.583107 -0.358557 -0.690265 0.845417 -0.415569 0.346196 -0.102999 -0.423874 -1.059754
-1.217131 0.626057 0.226999 -0.449732 -0.485297 -0.987679 -0.384673 -0.228146 1.065257 0.447622 0.161112 -0.098362
-0.074830 -0.813698 0.419633 0.197912 -0.472824 -0.047559 0.364084 -0.342046 -0.190631 -0.186128 -0.564856 -0.195214
-0.297638 -1.277809 0.457062 0.059190 0.763723 0.626980 0.142521 -0.523811 0.542273 -0.043932 -0.215917 0.218666
0.152815 -1.067675 -0.209278 -0.201727 -0.062951 0.180396 0.502894 -0.837945 0.818154 0.370792 0.517966 -0.006357
-0.769462 0.674813 -0.019774 0.097264 -0.247405 -0.544101 -0.187664 0.381697 1.024891 0.618841 -0.168780 0.397798
-0.109001 -0.236233 -0.870850 -0.805315 -0.374161 -0.498388 -0.220958 0.110333 0.635806 -0.088909 -0.517083 -0.507044
0.198353 -0.273522 0.130974 0.202332 0.050592 0.052954 0.080088 -0.924603 0.799206 -0.525639 0.003493 0.079457
0.008224 -1.240917 0.773774 -0.258665 0.034195 0.363453 0.408291 -0.186199 0.317762 -0.910737 -0.400187 -0.201428
0.027258 -1.100465 0.770065 -0.347742 0.035438 0.408533 0.875465 -0.450478 0.144957 -0.536229 -0.297613 -0.459076
-0.328210 -0.548424 0.606633 -0.141837 -0.435274 0.429946 0.280963 -1.058769 0.236044 -0.094669 -0.899333 -0.236154
-0.313068 -0.593366 0.287698 -0.135433 -0.031687 -0.517772 0.437892 -0.369929 0.532459 -0.737139 -0.782198 -0.388921
0.066750 -0.776538 -0.309900 -0.532014 0.072623 -0.011060 0.202437 -1.084590 0.296534 0.446233 0.373579 -0.370128
-0.126281 -0.882928 0.063261 -0.295737 -0.256569 -0.046360 0.604555 -0.763100 -0.003378 0.194416 0.069358 -0.834290
-0.468043 -1.448864 0.122841 0.588706 0.296487 -0.584787 0.505390 -0.476854 0.352626 -0.347625 0.618287 0.110196
-0.094367 -0.782098 0.834809 -1.016832 -0.696551 -0.496275 0.424591 -1.038037 0.055378 -0.172006 0.126712 -0.467329
-0.296471 -0.579217 0.259160 -0.326061 -0.247761 0.804355 -0.001455 -0.338978 0.396545 0.013976 0.047535 -0.027911
-0.004834 -0.316911 0.675723 -0.141047 -0.080100 -0.348829 0.056553 -0.839475 0.263808 -0.247911 0.279735 -0.287109
-0.659484 -0.755795 0.802906 0.231935 -0.426895 -0.173789 -0.358931 -0.587327 0.101244 -0.317212 0.099194 0.168083
-0.381120 -0.455038 0.668489 -0.422341 -0.482647 0.413774 0.117977 -0.479591 0.672139 -0.285843 0.211463 0.217833
-0.708334 -1.053965 0.747638 0.018240 -0.185458 -0.430724 -0.767011 0.056507 0.663811 -0.708828 0.422595 0.780220
-0.293556 -0.296155 0.504597 0.076146 0.145361 0.444034 0.587729 -0.637733 0.284459 -0.040852 -0.271703 -0.369308
-0.701837 0.688464 0.208355 -1.056488 -0.302438 -0.957524 -0.469480 -0.213740 0.202573 1.114052 0.964360 -0.328227
-0.502214 0.171567 -0.499159 -0.011152 0.752230 -0.241957 1.147899 -0.104519 0.840369 0.158950 -0.332229 0.051245
0.368270 -0.037990 0.770304 -0.362359 -0.076477 1.115019 0.478965 0.321522 0.673975 -0.373758 -0.074504 -0.333969
-0.764182 -0.436157 0.574227 0.195479 -0.135924 -0.555531 -0.301454 -0.545977 0.424684 -0.101697 0.415393 0.559199
-0.859777 -0.064267 1.128478 -0.044148 -0.241329 -0.636650 -0.483274 -0.360859 0.759612 -0.108994 0.029749 0.818128
0.304052 -0.655102 0.401708 -0.594389 0.376600 0.141665 0.291681 -0.649594 0.208966 -0.224835 -0.242609 -0.537601
-0.156263 -1.018495 0.499025 0.193430 -0.814021 -0.297713 -0.388034 0.364216 0.284829 0.067951 -0.038295 0.362283
-0.223283 0.003470 0.719520 -0.059024 0.040093 -0.258046 -0.196907 -0.044757 0.285619 0.410915 -0.331577 0.119387
-0.958086 -0.525963 0.675527 -1.003607 -0.159720 -0.808766 -0.220121 -0.025984 0.747598 0.326177 0.130316 -0.404367
-1.272148 0.666649 -0.588185 -1.075732 -0.833589 -0.627126 -0.678029 -0.142922 -0.370719 0.881113 1.058542 -0.629424
-1.139102 0.734332 -0.751118 -0.582795 -0.942124 -0.791924 -0.838647 0.282278 -0.070252 0.643491 0.830756 -0.607138
-1.036312 -0.145073 0.535677 -0.301654 -0.496513 -0.440710 -0.428229 0.300925 0.514069 0.047128 -0.135000 0.325588
-0.221448 -0.264576 0.646157 0.771318 -0.765942 -0.411018 0.279108 -0.291303 0.413563 0.352824 -0.332055 0.037753
-0.378919 -0.922793 0.735651 -0.346665 -0.907944 -0.243853 -0.190427 -0.046769 0.303535 0.362678 -0.590115 -0.641937
-0.524630 -0.363350 0.776700 0.514802 0.076246 -0.345358 -0.473566 -0.118809 0.727609 -0.458270 0.432925 0.577898
-0.304686 -0.026567 0.338214 -0.499794 -1.008712 -0.158128 0.165299 -0.258993 -0.292265 0.718081 -0.166401 -0.386565
-0.418825 0.236369 0.028556 -0.681674 -0.362684 -0.834880 0.009677 -0.742656 0.102635 0.659676 0.418178 -0.135878
0.321908 -0.269154 0.125131 -0.321358 0.199116 -0.076579 -0.274088 0.261044 0.221483 -0.119319 -0.102649 -0.054359
-0.057977 -1.034788 0.150542 -0.463866 -0.310935 0.088776 -0.126606 -0.550357 0.606448 -0.112560 -0.692191 -0.177226
-0.569925 -1.178064 0.802785 -0.059903 -0.456428 -0.049220 0.469881 -0.259229 1.116200 0.111544 0.417068 0.027458
-0.017412 -1.446791 0.372121 -0.377574 0.373923 -0.205838 -0.086297 -0.552673 0.822721 0.100857 0.514567 0.269408
0.514499 -0.515138 1.359964 -0.389800 0.770652 -0.546912 -0.011364 -0.517504 -0.289050 -0.268771 -0.018279 -0.156292
-0.111989 -0.700244 -0.199460 -0.322421 -0.666565 -0.731728 0.427488 -0.638307 0.428389 0.531588 0.133526 -0.136008
-0.998668 -0.709123 -0.122040 -0.037672 0.565107 -0.294465 -0.457169 -0.613124 0.943871 0.355863 0.614499 0.587736
-0.507755 -0.925112 0.883902 -0.084266 -0.695469 -0.253640 0.643540 -0.835263 0.497740 -0.340161 -0.372576 -0.339900
-0.977077 -0.960193 0.069933 0.699601 -0.289371 -0.494408 0.063784 -0.381967 0.850491 -0.381221 -0.071780 0.113605
-0.038334 -0.340379 0.348260 -0.698713 -0.289687 -0.765215 -0.055155 -0.848463 0.648040 0.533548 0.738332 -0.198244
-0.525413 -0.781950 0.147468 -0.436946 -0.265494 -0.465033 0.158676 -0.174023 0.828022 -0.131761 -0.312904 -0.431233
-0.449033 -0.366706 1.003963 -0.034628 -0.042628 -0.818145 0.112535 -0.827544 0.499672 -0.100165 0.002757 -0.762955
-0.347842 -0.843446 0.367342 -0.956141 0.044286 -0.623755 -0.113261 -0.763125 1.057683 0.916608 0.440030 0.104996
-0.270653 -0.824956 0.259416 -1.031079 0.432508 -0.017087 -0.069285 -0.555939 0.595204 0.191595 -0.587560 -0.408725
-0.827165 -0.281103 0.065656 -0.662693 0.212890 -0.581520 0.191142 -1.070940 0.619352 0.262963 0.113686 -0.555424
0.088744 0.374259 1.172103 -1.495817 0.433985 -1.229693 0.313918 -0.924731 0.508887 0.679518 0.258430 -0.275114
-0.156819 -0.992815 1.023728 0.217066 -0.243976 -0.319465 -0.184640 -0.623965 -0.365836 -0.153484 -0.014513 -0.606086
-0.555444 0.219538 0.580590 -0.321029 -0.500032 -0.652818 0.041931 0.094774 0.331828 -0.185102 0.195746 0.007776
0.363700 -0.138947 1.133014 -1.436489 -0.173340 -0.406202 0.350249 -0.986883 0.514797 -0.015752 0.028219 -0.498434
-0.626700 -0.098999 0.431716 0.463988 -0.154997 -0.440090 -0.157898 0.026214 0.658955 -0.064740 0.638303 0.250059
-0.876490 0.100207 1.611565 0.128748 -0.247851 0.507046 0.231327 -0.297581 0.366045 -0.299422 -1.120327 -0.938258
0.150617 -0.230513 0.768566 -0.442511 -0.403513 1.336639 1.128545 -0.676201 0.476225 0.592330 -0.076666 -0.637263
0.240216 -0.978360 -0.041916 -0.718451 -0.289628 1.150538 0.800685 -0.566827 0.572061 0.080219 -0.126606 0.185251
0.162203 -0.704865 0.356627 -0.798603 -0.139881 1.521159 0.892504 -0.217381 0.457869 0.307541 -0.212861 -0.196586
-0.428002 -0.445937 0.269381 0.145485 -0.136895 -0.320339 0.721459 -0.571502 0.749174 -0.386882 -0.709190 0.007525
-0.195305 -0.460245 0.730056 -0.358942 -0.371443 0.794621 1.151011 -0.797506 0.404133 0.204654 0.028461 -0.101076
0.203268 -0.888465 0.182491 -0.758090 -0.284863 1.364953 1.031340 -0.554567 0.572344 0.291559 -0.264728 0.026323
0.086398 -0.775442 0.349164 -0.681809 -0.279121 1.441503 1.094431 -0.605465 0.556899 0.318239 -0.269354 -0.108840
0.270995 -0.556918 0.757268 -0.022281 0.024239 1.557992 1.142708 -0.357539 0.500118 0.660045 -0.361600 -0.536779
0.220803 -0.408820 0.914204 0.041661 -0.338023 1.489249 1.132724 -0.451458 0.378170 0.481341 -0.336834 -0.690129
-0.374290 0.135605 0.535287 -0.046068 -0.757295 0.114121 0.963450 0.016906 0.639532 -0.672609 -0.133575 -0.379288
0.310303 0.584187 0.649218 -0.616919 -0.782548 1.069854 0.984634 -0.203503 -0.193559 0.709070 0.036519 -0.811831
0.019846 0.053673 0.902539 -0.512332 -0.666955 0.237974 1.034576 -0.572191 0.562763 0.567273 -0.269382 -0.503020
0.345532 -1.005902 0.547237 -0.480203 -0.648713 0.642688 0.834811 -0.464317 1.048656 -0.310483 -0.180867 -0.221086
-0.087978 -0.662071 0.231937 -0.853432 -0.407565 1.288353 1.068214 -0.856158 0.788436 0.213656 -0.256343 0.095536
0.138070 -0.820254 0.255337 -0.629987 -0.134629 1.310607 1.158411 -0.348186 0.602832 0.246867 -0.367523 -0.076441
0.262349 -0.634454 0.563858 -0.602507 -0.259563 1.562946 1.228611 -0.497793 0.474359 0.404929 -0.268920 -0.239073
-0.500277 -0.129842 0.843416 -1.352516 0.229514 -0.257123 0.247711 -1.115964 1.167299 0.144970 -0.488775 0.043284
0.294977 -0.382374 0.481062 -0.626164 -0.327177 1.240798 0.893820 -0.364551 0.645313 0.182220 -0.026857 0.121909
-0.118359 -0.661791 0.482014 -0.822688 -0.383870 0.490563 1.119351 -1.088614 0.241449 0.594965 0.175180 -0.304339
0.339283 -0.276099 0.458219 -0.651222 -0.243281 1.332731 1.118514 -0.430693 0.394679 0.239178 -0.305371 -0.348822
0.390052 0.110682 0.946504 -0.380326 -0.571969 1.469436 1.326085 -0.301806 0.340703 0.334046 -0.231039 -0.616073
0.044394 -0.204802 0.429604 -0.534315 -0.282599 0.168759 0.448189 -0.532362 0.938322 -0.271223 0.353439 0.298618
0.493153 -0.121596 0.973605 -0.180039 -0.508821 1.430153 1.322312 -0.382160 0.381648 0.450852 -0.163815 -0.625823
0.145962 -0.404525 0.675787 -0.601334 -0.521643 1.471505 1.287338 -0.610152 0.580973 0.060322 -0.282546 -0.201408
