-0.111300 -0.751331 0.421573 -0.221862 0.084788 0.131465 0.450124 0.188517 1.131440 -0.093908 -0.023220 -0.105556
-0.007124 -0.743650 1.074805 -1.138746 0.076994 -0.349195 -0.215934 -0.350108 0.758908 -0.711423 0.132974 0.194349
-0.326148 -0.883877 1.115532 0.293591 -0.088731 0.261134 -0.022180 0.244258 0.230508 -0.332863 0.046452 0.402534
-0.000546 -0.546523 1.344794 -1.170492 0.538260 -0.125562 0.121754 -0.763281 0.477731 -0.383829 -0.312139 0.311045
0.132001 -1.392288 1.053958 -0.586397 0.424241 -0.164176 0.809776 -0.690583 0.017488 -0.019662 -0.167523 -0.415730
0.045466 -0.193878 1.609475 -0.600197 0.439627 -0.193763 -0.199963 -0.159600 0.398217 -0.272342 0.247248 -0.069344
0.164118 -1.074938 0.776116 -0.433242 0.003092 -0.396738 -0.361598 -0.135768 0.716264 -0.130308 0.178154 0.336187
0.028736 -0.615707 0.621280 0.904224 0.343804 -0.261886 0.371341 0.000303 0.152463 -0.263822 -0.041536 -0.878738
0.493857 0.096123 1.767724 -0.961388 0.541347 -0.231294 0.438795 -0.832385 -0.228703 -0.146214 -0.356101 -0.401163
-0.193722 1.103528 0.696382 -0.822684 -0.006754 -0.104220 -0.051472 -0.112529 0.415503 0.940219 0.206365 -0.162647
0.457399 -0.727514 0.678443 -0.911750 0.650936 0.026911 0.393009 -0.377165 0.201050 -0.559648 -0.922360 -0.059352
0.182550 -0.294079 0.655234 -1.037239 0.334185 -0.142844 0.220029 -0.868920 0.575083 -0.196730 -0.868226 -0.081655
-0.481845 -0.866463 0.558800 -0.460298 0.116079 -0.313167 -0.203827 -0.132919 1.101219 -0.592139 0.203403 0.531101
-1.367028 0.060287 0.277581 -0.083434 -0.346267 -0.822639 -0.154652 -0.312087 -0.079539 0.239003 0.194933 -0.239515
0.374799 -0.843446 1.106677 -0.871217 0.121315 0.250355 0.158307 -0.508014 0.832804 -0.579212 -0.019714 -0.173471
-0.104907 -1.045588 1.529066 -0.751079 0.243843 -0.243403 0.125406 -0.606327 0.583361 -0.319046 0.086585 -0.106976
-1.187484 -0.830857 0.336510 -0.354011 -0.873896 -0.600847 -0.702267 0.512973 0.516665 0.231771 0.286725 0.526973
0.043232 0.343207 1.646160 0.083815 0.808120 -0.489394 -0.072928 -0.250000 0.283070 -0.456020 -0.328693 0.126392
-0.036157 -1.234714 0.810788 -0.459724 0.423187 -0.391306 -0.555756 0.173719 0.315449 -1.055566 -0.247399 0.015659
0.229527 -0.406225 0.637920 0.145382 0.754368 -0.144284 0.809638 -0.199418 0.141854 -0.627135 -0.748102 -0.161967
-0.609864 -0.365769 0.581209 -0.305610 -0.550369 -0.674451 -0.063825 -0.506781 0.503746 -0.048482 0.022751 -0.907381
0.193019 -0.940283 0.698671 -0.212266 0.507455 -0.330075 -0.276112 0.032927 0.742226 -0.927762 -0.148188 0.180354
-0.846937 -1.302326 0.201184 -0.546088 0.425205 0.093806 0.437361 -0.887688 0.350832 0.027629 -0.211293 -0.538526
-0.985741 -0.939596 0.472053 -0.369931 0.296583 0.043242 0.678098 -0.701186 0.182533 0.174927 -0.386143 -0.524044
0.020777 -0.385800 0.310951 -0.522036 -0.542242 -0.537237 -0.694695 -0.100913 0.170563 0.029639 -0.407511 -0.400836
0.213366 -1.578589 0.608645 -0.318239 -0.056106 0.071118 -0.095833 0.189274 0.570705 -1.270226 -0.390234 -0.033728
-0.855722 -0.458321 1.303250 -0.217961 -0.491096 0.255363 -0.340122 -0.135603 0.717705 -0.354208 -0.167630 0.315294
-0.822249 -0.902568 0.474047 -0.407266 -0.416120 -0.056693 -0.393758 -0.172439 0.977211 -0.310126 0.777948 0.895243
-0.870391 -1.295196 0.740383 0.147277 -0.539891 -0.563805 -0.891027 0.273612 0.719298 -0.733290 0.312790 0.840829
-0.888906 -0.701703 0.695805 -0.139618 -0.501220 -0.205421 -0.531524 -0.196182 0.679852 -1.031311 0.050389 0.730874
-1.560107 -0.619392 0.786929 -0.696891 -0.609155 -0.212649 -0.388726 -0.280307 0.895626 0.278139 -0.037729 0.137569
-0.577291 -1.151272 0.387688 -0.071801 -0.537597 -0.364013 -0.929331 -0.103399 0.640465 -0.273897 0.427697 0.521026
-1.238302 -0.220873 0.275121 -0.446286 0.512438 -0.244739 -0.544179 -0.293632 0.418134 0.711914 0.461137 0.102599
-0.165241 -0.689950 0.220815 -0.435162 -0.307060 0.029955 0.435651 -0.198863 0.707091 -0.374994 -0.009676 -0.248471
-0.162009 -0.425054 0.308631 -0.621119 0.273392 -0.198659 0.653251 -1.040965 -0.261046 0.276829 0.068436 -0.024458
-0.027513 -0.438168 0.530989 -0.211551 0.125617 0.026820 0.354836 -0.579915 0.673080 -0.126725 0.475077 -0.396121
-0.973473 -0.541356 -0.315988 -0.364607 0.416551 -0.269012 -0.399899 0.519951 0.776169 0.517149 0.229276 0.360992
-0.698021 0.895438 -0.222298 -0.715473 0.105985 -1.151859 -0.303420 0.311186 0.500454 1.089760 0.032125 -0.419366
-0.433991 -0.951371 0.588795 -0.285984 -0.185763 -0.519793 0.150230 -0.083361 0.587969 0.028851 0.380463 0.231064
-0.271230 -0.732039 0.904477 -0.447978 -0.345738 0.381068 0.378261 -0.258128 0.948774 -0.460087 -0.574172 0.171919
-0.689266 -0.672211 0.434855 -0.032630 -0.208555 -0.304283 0.151863 0.195713 0.622374 -0.983223 -0.160087 0.650143
-0.149693 -0.438030 0.941835 0.134679 0.122633 0.023877 0.333862 -0.468464 0.150372 -0.340923 -0.139926 0.018696
-0.655354 -0.197167 0.733244 -0.014860 -0.723305 -0.885243 -0.968485 -0.598152 0.684265 0.325080 0.562865 0.186939
-1.077676 -0.554224 0.911228 -1.025552 -0.557580 -0.210331 -0.118580 -0.486005 0.737363 0.060391 0.471893 0.404612
-0.992102 0.072109 0.458959 -0.561545 -0.669572 -0.103493 -0.348059 -0.418241 -0.156097 0.438291 0.634026 -0.619853
-0.842948 -0.850975 1.285811 -0.943414 -0.253373 -0.045703 -0.186924 -0.790150 0.953286 -0.223606 0.613466 0.474284
-0.116428 0.226306 1.751909 -0.631765 0.297234 -0.630075 -0.361526 -0.755987 0.294982 0.218728 0.457979 -0.187748
-0.055045 0.306252 0.956090 0.092696 -0.176540 -0.682265 -0.451849 -0.669135 0.666557 0.683985 0.169910 0.202146
-0.771318 -0.050929 1.005688 -0.827058 -0.450700 0.661467 0.158262 0.047353 0.446081 0.197734 0.502404 -0.329012
-0.465615 -1.541681 0.301658 -0.338963 0.010241 -0.287555 -0.125833 -0.314159 0.625086 -0.144893 0.506532 0.447502
-0.943256 -0.035647 0.720456 -0.975345 -0.542958 -0.384068 -0.146198 -0.174380 0.180715 0.527005 0.415280 0.133903
-0.996939 -1.324217 0.029152 -0.698830 -0.313710 -0.346788 0.057568 0.197518 1.017099 0.060496 -0.073019 0.201792
-0.559313 0.672190 0.549738 -0.322650 0.266758 -0.642908 -0.207762 -0.136597 0.335556 0.470151 0.412767 0.423356
-0.275658 -0.343921 0.914930 -1.091242 0.159436 -1.180939 0.018727 -0.891485 0.453880 0.218074 0.162072 -0.410475
-0.164437 -0.717938 0.416855 -1.014248 -0.154404 -0.787269 0.436099 -1.019422 0.933302 0.311846 -0.463327 -0.470206
0.044338 0.091488 0.517325 0.030064 -0.323815 0.241946 1.090214 -0.078849 0.423101 0.295668 0.084039 -0.635274
-0.528486 -0.747159 0.311923 -0.186279 -0.579417 -0.447994 -0.083926 0.049796 0.475484 -0.314843 0.305023 -0.252384
-0.041521 -1.198704 0.507409 -0.105441 -0.247944 -0.216216 0.328837 -0.092271 0.343337 -0.255942 -0.399484 -0.100515
-0.744517 -0.418459 0.555525 -0.116196 -0.362450 -1.194776 -0.099190 -0.065537 0.927683 -0.393571 0.491423 -0.124532
-0.251063 -1.010113 0.763589 0.034675 0.063390 -0.597711 0.220346 -0.486143 0.011800 -0.186219 -0.350013 -0.312071
-0.587642 -1.154446 1.204883 0.008453 0.213579 -0.138037 0.114638 -0.641405 0.385266 -0.252057 -0.548384 -0.092769
0.640745 0.188469 1.041539 -0.675007 0.856238 -0.369131 0.047653 -0.243322 -0.408851 -0.049086 -0.031018 -0.393448
0.380722 -0.865948 1.355239 -0.335155 0.132477 -0.166261 0.701575 -0.592448 0.222036 -0.224729 -0.420787 -0.509307
-0.211911 -0.721147 0.795815 -0.021120 0.415398 -0.423080 -0.101188 0.069319 0.495719 -1.030296 -0.610738 0.119483
-0.745603 -1.357237 0.251761 -0.222140 0.283592 -0.514733 0.554976 0.010934 0.223178 -0.084679 -0.036752 -0.254896
0.077863 -0.649278 0.908260 -0.880720 -0.221131 0.315379 -0.150767 -0.059077 0.511547 -0.965901 -0.247316 -0.027156
-0.842635 -0.692309 0.439297 -0.681063 0.179968 -0.145975 0.369810 -1.392490 0.229056 -0.335796 -0.018000 -0.205245
-1.519783 -0.066917 -0.137354 0.083400 -0.363059 -0.738211 0.422857 -0.083744 0.897163 -0.643479 0.368558 0.316414
-1.362520 0.428527 0.209793 0.171341 -0.609321 -0.848009 -0.446281 0.097597 -0.188577 0.427294 0.121925 -0.449074
-0.338982 -1.366181 0.716435 0.534548 0.193380 -0.417075 -0.224643 0.190729 0.254871 -1.127816 -0.453135 0.207389
-0.623869 0.170223 0.129912 -0.516200 -0.005521 -0.575056 -0.515327 -0.765107 0.591010 -0.025820 0.600795 0.209501
-0.138507 -0.997115 0.758272 -0.496930 -0.070820 0.328355 0.190835 -0.424342 0.445551 -0.328079 -0.340214 0.080755
-0.248467 -0.973142 0.695126 0.144919 0.382098 -0.158843 0.087780 -0.319640 0.029880 -0.683886 -0.153106 -0.070037
-0.416783 0.090200 1.208291 -0.133524 -0.383261 -0.154668 -0.085029 -0.497609 0.556547 -0.402969 -0.058683 0.401726
-0.952959 0.602571 0.982515 0.196634 0.138935 -1.189190 -0.461769 -0.460937 0.737917 -0.529841 0.257555 -0.128055
-0.924485 1.054606 1.156054 -0.211055 -0.254482 -1.342724 -0.315237 -0.282316 0.802097 0.273754 0.276980 0.418619
-0.610187 -1.278605 0.641961 0.398644 -0.194100 -0.182598 -0.291120 0.011725 0.564676 -0.163261 0.222856 0.527316
0.274616 -1.060975 0.867846 -0.133648 -0.408439 -0.012616 0.447935 -0.181997 0.297430 -0.703377 0.120481 -0.528376
-0.222783 -1.238094 1.086607 -0.762964 0.378139 -0.646833 -0.059087 -0.255347 0.464782 -0.158336 0.128817 0.157766
0.630069 -1.257307 1.098529 0.147038 -0.617924 -0.118622 0.303034 0.209019 0.077806 -0.698791 -1.033317 -0.626000
-0.127828 -1.028475 1.087627 -0.531661 -0.012801 0.132324 -0.178429 -0.068512 0.647285 -0.974909 0.109988 0.274958
0.340072 -1.229525 0.460077 0.119049 -0.346688 0.206407 0.539477 -0.572999 0.740954 -0.170438 0.174218 -0.354882
-0.046728 -1.274264 0.461848 0.515411 0.175609 -0.292045 -0.126619 0.006342 0.386023 -1.014818 -0.415439 0.258213
0.162115 -0.869053 0.636655 0.482253 0.428499 -0.056012 0.099275 -0.088487 0.309199 -0.754511 -0.071715 -0.133792
-0.417916 -0.226036 0.796681 0.416182 0.093949 0.231495 0.268173 -0.756342 0.793419 -0.442115 0.108014 0.006207
-0.159099 -1.521906 0.796854 -0.419719 0.575086 -0.009034 0.224605 -0.908166 0.442121 0.093026 0.639689 -0.323136
0.553679 -0.933055 0.126832 0.345755 -0.020272 -0.230869 0.234583 0.060194 0.753064 -0.618461 0.009490 0.285485
-0.266694 -0.847352 0.138562 0.615006 0.196813 -0.233867 -0.267837 0.389214 0.737533 -1.266074 0.212161 0.637629
-1.096303 -0.709438 0.465333 -0.297957 0.152945 -0.309446 0.306947 -1.241204 0.335586 0.355358 0.660052 -0.442968
-0.888529 -0.382868 0.644930 -0.241290 -0.860090 -0.007018 0.250706 -0.481881 0.175210 0.185813 0.165019 -0.297058
0.031919 -1.099637 0.236203 0.079248 -0.112310 -0.106366 0.657763 0.125363 0.713255 -1.066818 -0.651392 -0.091471
0.032295 -1.494126 0.740657 -0.474458 0.355527 0.039399 -0.023340 -0.569684 0.407650 -0.636657 0.037184 0.288950
-0.178911 -0.803145 1.018479 -0.633626 -0.353200 0.129204 -0.141538 -0.154757 0.519513 -0.168948 0.139035 0.397753
-0.192066 -1.229204 0.870217 0.059513 0.148815 -0.490380 -0.620286 0.227443 0.221620 -1.074811 -0.390421 -0.010059
-0.322968 -1.323754 0.429711 0.366461 0.332404 -0.597958 -0.432355 0.316380 0.190337 -1.163766 -0.298729 0.270471
0.221084 -0.332022 0.382990 -0.486556 1.041668 0.290188 -0.343565 -0.545753 0.492684 0.394556 0.476573 0.072802
0.087657 0.761194 1.401795 -0.429834 -0.035531 -0.976383 0.044869 -0.450742 0.248146 -0.240544 0.411985 -0.523218
-0.444752 -1.018245 0.470779 0.168790 0.121791 -0.358211 -0.213744 0.133069 0.339056 -1.069269 -0.113580 0.155189
-0.229361 -1.120652 0.512131 0.196306 -0.007204 -0.430039 -0.403657 0.461379 0.354966 -1.177362 -0.368854 0.177562
-0.401652 -1.295788 0.427124 0.853967 0.290868 0.176452 -0.500149 -0.021594 0.464123 -0.667227 -0.041334 0.885683
-0.305279 -1.169585 0.967510 0.470713 -0.099791 0.028436 0.182573 -0.340258 0.130958 -0.609992 0.012120 -0.006665
0.503531 -0.353463 1.124910 -0.306733 0.047506 -0.471011 -0.308603 -0.408779 0.430088 -0.789631 -0.144098 -0.429153
0.217799 -0.218143 0.858322 -0.847726 0.162226 -0.007567 0.295286 -0.791015 0.613232 -0.362700 0.487396 0.058796
-0.686097 -0.887187 1.783919 -0.122751 0.520315 -0.793005 -0.065520 -0.325375 0.308960 0.267242 0.390701 0.051745
-0.751734 -1.217598 0.758944 0.015248 -0.431944 -0.841518 0.015496 -0.086678 0.674091 0.128509 0.561518 -0.119811
0.527858 -0.337668 1.789739 -1.135375 0.491865 -0.001790 -0.088943 -0.881025 0.197725 0.077392 0.059690 -0.536889
-0.899384 0.002607 0.439872 0.161257 -0.074112 -0.930846 -0.911838 -0.119194 0.520490 -0.742430 0.591290 0.300724
-0.884969 0.198311 1.100785 -0.258947 -0.048758 -0.155717 -0.108398 -0.839130 0.178604 0.536956 0.281735 0.179352
-0.516859 0.215169 0.181081 0.043733 0.215285 -0.438484 -0.074217 -0.160377 0.557276 -0.487250 -0.315906 0.301440
0.101001 -0.617857 1.040495 0.348127 0.124975 0.226295 0.488040 -0.096751 0.187942 -0.298067 -0.625165 -0.069018
-0.590615 -0.964318 1.423109 -0.011096 0.118329 -0.891562 0.112753 -0.659970 0.846437 -0.041489 0.301576 -0.618559
-1.215068 0.238984 0.825473 -0.367474 -0.462088 -1.157467 -0.542482 -0.185114 0.558431 -0.016663 0.463225 0.568679
-0.285768 0.598392 0.566085 -0.577172 0.480439 -0.749673 -0.156244 -0.112402 0.725682 0.315999 0.098275 0.033583
-0.145119 1.104292 1.056504 -1.068196 -0.141756 -0.990904 -0.573942 -0.304859 0.624892 1.122516 0.481371 -0.189049
-0.068608 -0.019559 1.008411 -0.251929 0.195112 -0.633116 -0.538380 -0.810169 0.189175 -0.299511 0.024678 0.354375
0.161518 -0.468250 0.860000 0.072859 0.035879 -0.539924 -0.205321 -0.457884 0.381359 -0.398464 0.666269 0.076342
-0.919304 -1.109889 0.660617 -0.204048 0.289897 -0.379900 0.159868 0.029685 1.021656 -0.489784 0.332995 0.525827
0.080624 -0.682793 0.852244 -0.394255 -0.465016 -0.315290 -0.336808 0.163182 0.452218 -0.418188 0.202742 -0.009503
-0.010392 -0.800616 0.664181 0.221004 0.134853 -0.078086 -0.226640 0.162588 0.178345 -0.522875 -0.297000 0.131532
-0.453734 0.950642 1.534740 -1.107589 -0.101609 -0.771529 -1.086345 -0.909919 0.576161 0.862905 0.335818 0.188801
0.146464 -1.018587 1.365455 -1.296106 0.440701 -0.921484 0.256762 -1.198759 0.119871 -0.281181 -0.058835 -0.741972
0.020715 -1.087159 0.909936 0.142127 0.273566 0.383774 0.041285 -0.066036 0.546334 -0.120307 -0.204819 0.158154
-0.019136 0.533900 1.281641 -1.122439 -0.548447 -1.292026 -0.763511 -1.118294 0.250882 0.699533 0.464063 -0.388009
0.232327 -1.364254 0.653006 0.232351 -0.311323 -0.627320 0.376750 -0.095742 0.088959 -0.533998 -0.663398 -0.088899
-0.084338 -1.471319 0.497100 0.055428 0.055471 -0.270056 -0.224885 0.245240 0.336744 -1.346451 -0.523272 0.002112
0.278877 -0.622022 0.830743 0.018959 -0.257239 0.520458 0.826486 -0.372912 0.857213 -0.540173 -0.714465 -0.383139
0.416469 -1.018346 0.657658 -0.585057 0.306353 0.532673 0.681696 -0.709325 0.481170 0.044740 -0.466081 -0.425149
0.148617 -0.778188 0.849040 -0.662577 0.059119 -0.167624 -0.172531 -0.139182 0.406018 -0.781849 -0.179534 -0.163050
0.310824 -0.775159 0.952189 -0.449861 0.220132 -0.465225 0.531170 -0.134921 -0.187798 -0.234015 -0.193562 -0.691223
0.214171 -0.586056 1.419788 -1.089843 0.887571 -0.486878 0.851494 -1.051341 -0.367215 0.089380 -0.026891 -0.596155
-0.148285 -0.293315 1.682737 -0.566836 0.223779 -0.594859 0.017407 -0.877613 -0.288874 0.119320 0.525740 -0.908712
-0.615222 -0.779041 0.107769 0.195760 -0.256868 -1.006981 0.289071 -0.284432 0.086555 -0.044504 0.095511 -0.813995
-0.498460 -1.082497 0.980121 0.224759 0.162323 -0.617499 0.267409 -0.580793 0.478277 -0.225489 -0.018473 -0.276074
-0.602223 -0.294609 0.462099 -0.414470 -0.504390 -0.908649 0.253530 0.350939 0.370577 -0.248572 -0.065373 -0.191146
0.008987 -0.907452 0.956754 0.231476 0.610529 -0.494976 -0.108290 -0.662146 0.526891 0.033870 0.317511 -0.222404
0.172733 -0.820344 1.145261 -0.972300 0.680749 -0.195732 0.073635 -1.463350 -0.073138 0.119308 -0.260224 -0.263988
0.196281 -0.820852 0.820882 -1.171521 0.370465 -0.347008 -0.040311 -0.353110 0.166941 -0.388756 -0.053461 -0.269217
0.600142 -0.253710 0.513217 -1.211868 0.833942 -0.173736 0.072453 -1.548465 1.007298 -0.225101 -0.291627 -0.655197
0.105553 -0.810602 1.370823 -0.635671 0.294607 -0.039940 0.246233 -0.597602 0.210916 -0.550843 0.053967 -0.216432
0.125994 -0.829193 1.476182 -1.092064 0.561888 -0.304595 0.099516 -0.842149 0.122349 -0.343158 -0.304192 0.068009
0.018723 -0.642678 1.747894 -0.918971 0.538840 -0.486044 -0.120372 -0.872066 -0.013982 -0.164479 0.265460 -0.204341
0.189569 -0.737187 1.369254 -0.557478 0.208476 0.266461 -0.020716 -0.432729 0.611415 -0.627438 0.015157 -0.240823
0.460774 -0.576370 0.959848 -0.582087 0.417143 -0.010446 0.118298 -0.750171 0.376078 -0.765072 -0.205195 -0.257733
0.340467 -1.149682 0.327723 -0.927219 0.875471 -0.185119 -0.389510 -0.634017 0.998188 -0.163535 0.102740 0.164799
0.369868 -0.676907 1.032711 -0.260275 0.171049 -0.062039 0.240840 -0.443006 0.381242 -0.644552 -0.090017 -0.306069
-0.020892 -0.354341 1.542147 -0.551145 0.280660 -0.527667 -0.245683 -0.493786 0.675349 -0.106014 -0.070100 -0.013675
0.191997 -0.703842 0.975622 -0.230820 0.227032 -0.279019 0.123045 -0.415270 0.582638 -0.655257 -0.117491 -0.175092
0.469296 -1.151202 0.785196 -0.440421 -0.179881 0.251166 0.445865 -0.778842 0.514862 -0.519016 -0.114755 -0.533995
0.509803 -1.040590 0.899439 -0.034875 -0.242686 -0.265280 0.549705 -0.091873 0.183636 -1.179170 -0.883613 -0.687800
0.390764 -0.786609 1.410679 -0.620806 0.263247 -0.266014 0.278555 -0.495269 -0.075503 -0.465005 -0.550629 -0.756966
0.682296 -0.769639 1.010949 -0.555982 0.009755 -0.200858 0.227356 0.027313 -0.029206 -0.997582 -0.642794 -0.622162
0.241747 0.120257 1.034528 0.142261 0.527184 0.209684 -0.156055 0.165927 0.456672 -0.188228 0.050776 0.218191
-0.475987 0.364701 1.151152 -0.294927 -0.050342 -0.181750 -0.291874 -0.399897 0.905679 0.093976 0.326237 0.654027
-0.455701 0.067561 1.404682 -0.686003 0.421895 -1.003440 -0.427948 -0.332788 0.882010 0.487647 0.716542 0.084871
0.288879 -0.213972 1.530743 -1.242968 0.266191 -0.481747 0.135106 -1.100906 -0.073431 0.164039 0.162857 -0.643662
0.071376 -1.306738 1.321140 -0.231901 0.226526 -0.161228 0.165945 -0.535656 0.184968 -0.518354 -0.214332 -0.615295
0.068324 -1.114323 0.464298 -0.325553 0.294893 -0.091203 0.370239 -0.331987 0.281875 -0.785431 -0.351639 -0.203043
0.379900 -0.884787 0.535240 -0.338501 0.238913 -0.031179 0.511357 -0.606009 0.134272 -1.048566 -0.721715 -0.336146
-0.905878 0.032560 0.675508 -1.064096 0.435970 -1.130563 0.127529 -0.902779 0.020839 0.535057 0.518021 -0.519852
-0.894934 -0.428892 1.040742 -1.217336 -0.266228 -0.843704 -0.294966 -0.238327 0.757792 0.701506 0.763862 0.125841
0.410612 -0.947907 0.322511 -0.090561 0.165562 0.119647 0.465609 -0.278853 0.670356 -1.108994 -0.391107 -0.068571
0.697466 -0.601411 1.057488 -0.599099 -0.052067 -0.033595 0.384235 -0.212349 -0.147906 -1.028827 -0.819944 -0.734923
-0.194086 -0.970571 1.007714 -0.351046 0.273844 -0.611696 0.133958 -0.414336 0.669505 -0.612992 0.183202 -0.116362
-0.241392 -0.884122 1.173815 -0.535013 -0.106001 -0.542208 0.209219 -0.134483 0.755457 -0.561123 0.273162 -0.066226
0.053130 0.553475 1.391093 -0.142543 -0.083743 -0.501672 -0.188597 -0.000678 0.503659 -0.218207 0.068479 0.057212
0.435534 -0.156420 0.541941 -0.110261 0.578896 0.087850 0.379811 -0.463451 0.529867 -0.361746 -0.379804 0.180867
0.135306 -0.860136 0.722223 -1.165863 -0.039891 0.459578 0.105477 -0.970738 0.826899 -0.372219 0.157561 -0.073044
-1.073831 -0.088542 0.636711 -1.130469 -0.523006 -0.523671 -0.105464 -0.254561 0.492012 0.283767 0.475828 -0.185017
-0.891788 0.023596 0.550391 -0.050813 -0.430248 -0.672101 -0.806689 0.210052 0.912347 0.376272 0.525519 0.604277
-0.250506 0.032991 1.430765 -0.771888 -0.043932 -0.772638 0.071450 -0.845176 0.587174 0.967757 0.374665 -0.259258
-0.845182 -0.230860 0.439220 -0.481105 -0.430077 -0.912366 0.069034 -0.072146 0.619302 0.167639 0.481324 -0.078153
-0.624412 -0.206653 0.333156 0.042153 -0.293328 -0.070159 -0.492380 -0.065887 0.757562 0.389259 0.205203 0.714610
0.269714 -0.846205 1.073151 -0.942209 -0.448775 -0.505293 0.923472 -1.115448 0.470246 0.236936 0.563441 -0.843750
-0.235968 -0.002753 1.290586 -0.470854 0.144877 -0.508707 -0.175380 -0.064254 0.497236 0.341744 0.061935 0.157854
0.217605 -0.500981 0.625537 -0.606616 -0.281831 1.596283 1.167348 -0.491775 0.568299 0.376910 -0.191193 -0.313625
0.365544 -0.440195 0.461708 -0.689728 -0.429213 1.416148 1.349656 -0.528351 0.455125 0.166089 -0.223685 -0.116886
0.091903 -0.128087 0.609935 -0.662013 -0.596848 1.349599 1.083933 -0.304413 0.397189 0.134991 -0.339410 -0.386370
0.255399 -0.231484 0.795571 -0.364088 -0.359336 1.137335 1.297437 -0.510568 0.298404 0.165472 -0.184073 -0.520947
0.087695 -0.175817 0.623215 -0.755208 -0.518070 1.442786 1.226483 -0.557902 0.691128 0.312732 -0.251163 -0.241474
0.366932 -0.428739 0.650312 -0.503936 -0.229360 1.612012 1.083658 -0.283496 0.351889 0.337539 -0.273185 -0.359322
0.169659 -0.233164 0.642780 -0.516282 -0.412805 1.376379 1.255457 -0.568560 0.619823 0.238921 -0.148469 -0.357934
0.270170 -0.070249 0.713316 -0.369458 -0.323490 1.360564 1.073721 -0.160773 0.528797 0.253339 -0.335607 -0.290090
0.245098 -0.110522 0.755062 -0.280627 -0.463085 1.442774 1.179495 -0.593331 0.521417 -0.222458 -0.165249 -0.134310
0.155155 -0.159558 0.668568 -0.674189 -0.568906 1.397830 1.242817 -0.470225 0.492302 0.067736 -0.291055 -0.327595
0.158373 -0.257270 0.636815 -0.601053 -0.564102 1.397185 1.203046 -0.440204 0.511025 0.048738 -0.257002 -0.254468
0.322077 -0.278530 0.572716 -0.777843 -0.555914 1.328138 1.346125 -0.526834 0.427446 0.067756 -0.156248 -0.304113
0.115763 -0.747209 0.357991 -0.292309 0.062934 0.462963 1.005213 -0.510231 0.698778 0.419191 0.152459 -0.199710
0.199616 -0.463270 0.394176 -0.749173 -0.310699 1.233525 1.159248 -0.439819 0.396218 0.349647 0.019443 -0.459109
0.220056 0.069128 0.869987 -0.509157 -0.561552 1.426502 1.128316 -0.269709 0.378095 0.104521 -0.294029 -0.462943
0.411430 -0.323021 0.554027 -0.405603 -0.436969 1.383032 1.239757 -0.272865 0.415524 0.221250 -0.105708 -0.451168
0.186677 -0.446943 0.527290 -0.729059 -0.492630 1.519929 1.256504 -0.581366 0.640253 0.207507 -0.115537 -0.209778
-0.594337 -0.776256 0.563571 -0.342612 0.166845 -0.087380 0.907804 -0.595193 0.774305 0.472160 0.268894 -0.744723
0.293997 -0.566709 0.558793 -0.560881 -0.359035 1.471594 1.292528 -0.545916 0.508052 0.201919 -0.245996 -0.205530
0.336326 -0.308065 0.688115 -0.408511 -0.545630 1.364974 1.305487 -0.448873 0.426283 0.016042 -0.197160 -0.304872
0.368148 0.108251 0.998504 -0.390933 -0.491175 1.552591 1.288540 -0.226313 0.234806 0.401774 -0.368409 -0.683096
0.041023 -0.035737 0.887441 -0.630703 -0.469023 1.477904 1.349195 -0.538689 0.535586 0.285142 -0.459082 -0.366606
0.252356 -0.301945 0.925503 -0.837384 -0.300025 1.312276 1.167168 -0.720117 0.694725 0.358867 -0.297058 -0.319889
0.101786 0.115202 0.947662 -0.485435 -0.485488 1.468376 1.299615 -0.366950 0.421364 0.292227 -0.436542 -0.484258
0.129428 0.210840 0.985013 -0.486726 -0.490500 1.472711 1.259509 -0.294508 0.354927 0.325340 -0.435296 -0.541385
0.162429 -0.183339 0.808882 -0.724229 -0.563555 1.444187 1.281357 -0.549638 0.499976 0.149925 -0.370720 -0.330284
0.138789 -0.074467 0.851759 -0.678377 -0.511684 1.465259 1.326301 -0.500990 0.486085 0.214852 -0.421881 -0.352508
0.380631 0.631583 1.482759 -0.917563 -0.598076 0.925271 1.152663 -0.769492 0.054638 0.541479 -0.412881 -0.982662
0.117174 -0.450630 0.653820 -0.848243 -0.336791 0.898141 1.498510 -0.750335 1.120555 -0.354896 -0.337838 -0.086865
-0.337067 -0.764188 0.488769 -0.043408 -0.554202 0.448659 1.129926 -0.104769 0.714280 -0.206494 0.123564 -0.501769
0.087445 -0.627988 0.434397 -0.704973 -0.306985 1.529132 1.155214 -0.614475 0.552691 0.344448 -0.325096 -0.136576
0.191488 -0.354907 0.664249 -0.567964 -0.554317 1.398006 1.297294 -0.567268 0.568766 0.036863 -0.257463 -0.223441
0.184576 -0.467006 0.223486 -0.701197 -0.213869 1.379048 1.012239 -0.059295 0.687842 0.308648 -0.293834 -0.144559
0.401939 -0.125180 0.687796 -0.493436 -0.561997 1.420976 1.286387 -0.293665 0.301545 0.072700 -0.163775 -0.357952
0.141881 -0.507490 0.569462 -0.663850 -0.349594 1.544469 1.218148 -0.596011 0.589168 0.265480 -0.291638 -0.205000
0.227364 -0.079591 1.076952 -1.164900 -0.681946 1.003377 0.701601 -0.535344 0.450940 0.184764 -0.002433 -0.243494
0.308160 -0.463892 0.528920 -0.673501 -0.154871 1.576845 1.249719 -0.536229 0.521074 0.513210 -0.179239 -0.218898
