0.698407 -0.508189 0.812608 0.017880 -0.062720 0.338386 0.692678 -0.468357 -0.327113 -0.178510 -0.613229 -0.417527
0.572378 -0.500471 1.074069 -1.094016 0.372317 -0.938820 0.261498 -1.356012 0.233493 0.597926 -0.381934 -0.461937
0.299069 -0.868647 0.792605 -0.506764 -0.304515 -0.515548 0.107470 -0.345108 0.568430 -0.613850 -0.084298 -0.393622
0.586046 -0.511942 0.473543 -0.471275 0.400805 0.569763 0.598273 -0.356551 0.018714 -0.370706 0.016047 0.019849
0.466957 -0.962445 0.291815 0.043599 0.090524 -0.028065 0.317939 -0.356450 0.577576 -0.326759 0.052373 0.161201
-0.441619 -0.676229 0.436388 0.402454 0.442399 -0.095824 0.756481 -0.649425 0.232935 0.436300 -0.286461 0.009963
0.039674 -0.424836 -0.341759 -0.712366 0.682525 -0.060175 -0.439143 -1.293067 0.674726 -0.068752 -0.044668 -0.124877
-0.192274 0.645982 1.468401 0.329700 -0.205720 -0.192317 0.263048 -0.390431 0.302756 -0.399490 -0.075703 0.289701
-0.049991 -0.151537 0.747059 0.549744 -0.077390 -0.090856 -0.016714 -0.427701 -0.282350 0.422569 -0.493706 -0.432517
0.288899 -0.914815 0.816989 -0.123871 0.189952 -0.474833 0.334870 -0.798025 0.998627 0.159634 -0.193083 -0.071914
-0.106831 -0.630002 0.852777 -0.774780 -0.771766 -0.076405 0.968865 -0.277873 0.286923 0.231438 -0.713622 -0.597443
0.250619 0.247885 0.730665 0.559427 -0.012636 -0.099015 0.050265 -0.076526 0.302577 -0.271401 -0.203198 -0.085199
-0.067142 0.168292 0.917500 0.235889 0.675062 0.327757 1.010011 -0.474547 0.182810 -0.580623 -0.160687 -0.144605
0.594252 0.164065 1.244647 -0.278020 0.449535 0.235363 0.523066 -0.013798 0.004905 0.219518 -0.105662 -0.121577
-0.115876 -1.084779 0.046459 -0.141551 -0.173417 -0.092922 0.239244 0.227006 0.636592 0.125539 0.099314 0.209462
0.038970 -0.790690 -0.071579 0.248789 0.213091 0.101223 0.577498 0.006049 0.325091 -0.387652 0.065158 -0.284825
0.355175 -0.256200 0.393151 0.188685 0.347921 -0.005604 0.096379 -0.353662 0.404870 -0.076316 0.636118 -0.594441
-0.973552 0.234662 0.834904 0.194459 -0.652659 -0.980710 -0.526053 -1.159745 0.704358 -0.048883 -0.100101 0.527046
0.121810 0.346473 1.161307 0.276680 0.087529 0.091980 -0.743648 -0.278801 0.773505 0.404345 0.252743 -0.281053
0.076695 -0.490234 1.277805 -0.781756 0.944089 -1.009021 0.265223 -1.128232 -0.263903 0.118798 -0.053464 -0.365530
-0.183395 -0.642656 -0.439142 -0.294891 0.476305 -0.285921 -0.087482 -0.557626 0.780154 -0.526621 -0.179708 -0.153733
0.382628 -0.493984 1.058014 -1.337736 0.575762 -0.419276 0.360936 -0.774553 -0.320277 0.282389 -0.046061 -0.058116
0.256735 -0.438175 0.932774 -1.009186 -0.523987 -0.917194 -0.330046 -0.529857 0.441194 0.746095 0.242144 -0.649359
0.314266 -0.164360 0.630831 -0.730720 0.132317 -0.058743 0.310616 -0.578500 -0.081623 -0.685443 -0.461148 -0.375376
-0.033475 -1.528100 0.845227 -0.298971 0.635499 -0.109200 0.033374 -0.337441 0.343611 -0.669159 -0.114039 -0.274715
0.145487 -1.045508 1.180310 -0.633898 0.052913 -0.261671 -0.021198 -0.438461 0.020119 -0.647000 0.115382 0.030818
0.204290 -0.800108 0.514139 -0.639104 0.260636 0.299163 0.780242 -0.589118 0.358150 -0.974854 -0.689151 0.238185
-0.068508 -0.236541 0.979807 -0.580305 -0.396095 0.182708 0.747523 -0.718763 0.730079 -0.347865 -0.282595 0.233240
-0.147330 -0.231760 1.179495 0.050246 -0.205684 -0.482320 -0.259897 -0.167892 0.772561 0.365391 0.384829 -0.541564
0.947433 0.042307 1.019155 -0.725602 0.398812 -0.082983 0.324128 -0.008617 -0.633482 -0.502781 -0.653809 -0.180739
0.075705 -0.397893 1.284222 -0.374654 0.817192 -0.417110 -0.328863 -1.048371 0.643552 0.244676 -0.144653 -0.087510
-0.612781 -0.264578 1.173608 -0.769470 0.106691 -1.059319 -0.006221 -1.012605 0.528750 0.049310 0.466020 0.221227
-0.287729 0.486127 0.568362 -0.775047 0.756647 -0.574909 -0.314151 -0.404928 0.306174 0.252639 0.054844 -0.161889
-0.042979 -0.709773 1.222523 -0.152700 0.535051 -0.276338 0.072204 -0.074091 0.258690 -0.160225 -0.122812 -0.019130
-0.412006 0.334972 0.230949 -1.006539 0.557850 -1.113591 -0.137699 -0.945652 0.798372 0.275354 -0.480215 -0.143428
0.855497 0.359094 0.704741 0.431722 0.851636 0.201468 0.016471 -0.037149 0.549879 -0.197061 0.408752 -0.405437
-0.177164 -0.950876 0.414395 -0.816493 0.013996 0.280121 0.607059 -1.150307 0.717549 -0.232862 0.141049 -0.023065
-0.124480 0.279094 1.019197 -0.699330 -0.047853 -0.375982 0.201276 -0.081116 0.310614 0.547310 -0.100886 -0.036592
-0.073527 -1.315451 0.668847 0.000655 0.135482 -0.154917 -0.039566 -0.281291 0.857414 -0.635623 -0.039026 0.218962
-0.414903 -0.569597 1.033501 -0.688109 -0.081829 -0.423419 -0.152971 -0.169826 0.153128 0.272353 -0.255911 -0.011471
-0.040444 -0.277530 0.340882 -0.617094 0.072250 -0.238484 -0.118102 -0.852210 0.258989 -0.178950 -0.229368 0.157099
0.349152 -0.166002 1.368569 -0.631487 0.871551 -0.438681 -0.109153 -0.604936 0.102803 0.031587 -0.525655 -0.274721
0.486895 0.280780 1.118236 -0.826894 -0.220297 -1.092376 0.211730 -0.449535 0.378402 0.408002 -0.701610 -0.522309
0.343548 -0.501082 0.139380 -0.578124 -0.125724 -0.202687 -0.034692 -0.719871 1.001261 -0.040922 -0.071987 -0.443453
0.436986 -0.056301 1.264446 -0.475898 0.627557 -0.031345 0.750751 -0.527201 0.370692 0.007944 0.364572 -1.055560
-0.126426 0.850291 0.992445 -0.086681 -0.252597 -0.598222 0.165172 -0.041884 0.547539 0.384078 0.201075 0.035370
0.296952 -0.593984 1.436751 -1.029507 0.062642 -0.023336 -0.377276 -0.227225 0.343586 -0.083202 0.128877 0.053578
-0.174998 -1.049997 1.247681 -0.778461 -0.073960 -0.065379 -0.116800 -0.223723 0.570863 -0.522518 0.132921 -0.100801
0.163548 -0.246913 0.476002 0.070309 0.450288 0.326977 0.330763 -0.012651 0.639756 -0.324964 0.038375 -0.305311
-0.169591 -0.548253 1.232441 -0.570187 0.663931 -0.603403 -0.068848 -0.134783 0.305078 -0.409260 -0.009755 -0.035102
-0.270783 -0.347572 1.686925 -0.459295 -0.055149 0.054359 0.097261 -0.593209 0.623258 -0.256913 -0.165871 -0.733976
-0.067533 -0.719685 1.052944 -0.203152 0.625953 -0.238159 -0.036823 0.040734 0.276100 -0.169807 -0.201149 0.211058
0.560496 -0.469148 0.963964 -0.246155 0.843901 0.240862 0.159932 -0.306060 0.654953 0.162501 0.540548 0.316606
0.489459 -0.925424 -0.455027 0.494671 0.352047 0.027001 -0.156006 -0.277954 0.386409 -0.376593 0.636456 0.478287
0.394299 0.633287 1.877941 -0.431043 0.298652 -0.431325 -0.003588 -0.599893 -0.350428 0.490050 -0.015821 -0.845882
0.175065 0.235403 1.138318 -0.151406 0.189860 -0.412125 0.002599 -0.525239 0.489553 0.106573 0.254878 -0.504189
0.868043 -0.433580 0.556380 -0.805969 -0.000170 -0.286002 0.670375 -0.894589 -0.041349 0.512438 -0.004580 -0.720569
-0.402149 -1.550091 0.311003 0.372239 0.056969 -0.078979 0.667189 -0.447205 0.687742 -0.284930 0.058456 0.149725
-0.600659 -1.209318 0.419575 -0.174175 0.158119 0.029041 0.133711 -0.446522 0.608175 -0.636829 -0.334640 -0.022530
-0.156293 -0.198837 0.126189 -0.006039 0.141631 0.593027 -0.225413 -0.109367 1.358624 0.545000 0.072225 -0.151844
0.214048 0.790559 0.586990 -0.415883 0.347426 -0.360820 -0.067557 -1.002866 0.508843 -0.082530 0.401626 0.562071
0.856038 -0.682835 0.528880 -1.094995 0.055895 0.206043 0.855201 -0.695052 0.646906 -0.143776 -0.419931 0.252125
0.240590 -1.373839 0.428118 -0.761680 0.137537 -0.161271 -0.077376 -0.140765 0.592157 -0.280876 -0.009610 0.341733
0.009715 -0.432557 0.857037 -0.145029 -0.443116 -0.185853 0.003935 -0.117393 1.335308 -0.388881 -0.473104 0.372427
-0.342184 -0.649593 0.653291 0.192064 -0.047762 -0.079020 -0.111187 -0.413779 -0.085203 -0.223217 0.330030 0.147843
-0.359064 -1.346172 0.904408 0.211617 0.248386 -0.244494 0.404218 -0.397923 0.736493 -0.122535 -0.055706 -0.459738
0.007654 -0.522299 0.462066 -0.512668 -0.545158 -0.131595 0.112579 0.244556 0.528666 0.401942 0.645734 0.155964
-0.507826 -1.076809 0.668984 0.232877 0.097190 0.007460 0.039250 -0.329758 0.642781 0.106257 0.207712 0.398138
-0.691243 -0.723406 0.918112 0.036910 0.054406 0.151335 0.458949 -0.349673 0.495034 -0.026420 -0.122282 0.431476
-0.152326 -1.061578 0.476569 0.396393 -0.455591 -0.007952 -0.110412 -0.004485 0.756490 -0.865136 -0.529886 0.094704
-1.113269 -0.125399 0.274331 0.333838 -0.973619 -0.649632 -0.857383 0.342047 -0.357924 -0.269080 0.094989 0.285001
0.661701 0.150434 0.680275 0.118263 0.035888 0.297020 0.431446 -0.520234 0.073495 0.505466 -0.546095 -0.211909
-1.596752 0.177481 0.452103 -0.452765 -0.907796 -1.172618 -1.143463 0.050987 0.106244 0.139554 0.580272 0.087422
0.158877 -0.116197 0.651789 -0.003071 -0.161316 0.326010 0.379276 -0.089956 0.701755 -0.101218 0.089587 0.012166
0.420222 -0.979635 0.303550 -0.139480 0.222607 0.167939 0.296750 -0.851137 -0.195408 0.274311 -0.658806 0.263906
-0.355217 -0.658576 0.206354 -0.258733 -0.186425 0.391711 -0.224465 0.333973 0.947072 -0.570656 0.494736 0.539686
-0.641616 -0.686288 0.438369 -1.213927 0.302773 -0.464378 -0.484318 -1.179609 0.710220 0.512059 0.266318 -0.570284
-0.241915 -0.913794 0.746867 -1.048452 0.082709 -0.863700 -0.463023 -0.469202 0.601910 0.496651 0.555775 -0.218426
-0.178506 -0.874049 0.765898 0.636990 0.107276 0.733316 0.096094 -0.545109 0.168291 -0.433233 -0.280666 0.235296
-0.067691 -0.464487 0.190713 -0.551416 -0.130468 -0.440881 0.202004 -0.299851 0.447636 0.295114 -0.105897 -0.324988
0.365858 -1.029995 0.812649 -0.620073 0.143001 -0.114623 -0.132796 -0.795150 0.650111 -0.220794 -0.065731 -0.311319
-0.824993 -1.240170 0.664241 -0.773992 -0.240397 -0.363804 -0.461632 0.175239 0.788188 0.674382 0.372971 0.017612
-0.300375 -0.904670 1.161927 -0.386437 0.010165 -0.544663 0.006442 -0.378260 0.134466 0.211537 -0.199196 0.039241
-0.941594 -0.515441 1.221663 -0.090919 -0.311161 -0.566860 -0.374918 -0.055041 0.496153 0.430275 0.830597 -0.423574
-0.492443 -0.016780 1.011999 -0.545640 -0.295680 -0.143434 -0.627858 -0.514278 0.594181 0.595221 0.445027 -0.412282
0.039459 -0.242866 0.594825 -0.729249 0.136206 -1.332950 0.038330 -0.158776 0.475355 -0.117879 -0.123938 -0.420948
-1.283582 -0.987031 0.265309 -0.445352 -0.537029 -0.229324 -0.427785 -0.416000 0.471414 0.042149 -0.266256 0.158720
-0.685903 0.899419 0.615721 -0.769763 -0.808394 -1.105365 -0.436893 -0.191728 -0.115086 0.563467 -0.043889 -0.225591
0.159854 0.599498 0.709043 0.205992 0.086698 -0.080317 0.015954 -0.310789 0.113082 0.240801 -0.350741 -0.840588
-0.948415 0.876374 1.264464 -0.320919 -0.595519 -0.988405 -0.096864 -0.413159 0.024889 0.226167 0.142843 -0.088125
-0.862816 -1.083166 0.424299 0.104268 -0.335976 0.001998 0.387329 -0.369330 0.309163 0.113448 0.413446 0.221916
-0.739730 -1.030319 1.088399 -0.004388 -0.631212 -0.489010 -0.215605 -0.140021 0.227454 0.567244 -0.017844 -0.215182
-0.577861 -0.646766 0.565247 -0.503857 0.215724 -0.699927 -0.281461 -0.145357 0.656709 0.140047 0.111845 0.083027
-0.799780 -0.316178 1.498350 -0.727588 -0.154115 -0.105274 -0.132504 -0.315425 0.833754 0.693944 0.016485 0.505171
-0.562195 0.194340 1.210200 -0.177393 -0.598317 0.035611 0.232670 -0.405719 0.247208 -0.228538 -0.300500 -0.705678
0.576778 -0.243787 0.529367 0.095728 0.603037 -0.076097 0.443984 -1.064247 0.633702 -0.350733 -0.281511 -0.106661
-0.274517 -0.191732 0.746212 -0.131523 -0.466112 0.610466 0.247359 -0.589069 -0.059253 -0.260177 -0.039081 -0.311628
-0.630422 -0.745867 1.076837 0.110453 -0.534379 -0.238937 -0.281453 -0.662269 0.651416 0.196555 0.280255 -0.034692
-0.196192 0.113439 0.143075 -0.460628 -0.337591 -0.442106 -0.131248 -0.470701 -0.033724 0.186958 0.440890 -0.252584
-0.207796 0.287424 0.795639 -0.529296 0.215002 -0.553455 -0.680735 -0.814755 0.379637 0.472869 0.206110 0.223164
0.298433 -0.056997 1.418327 0.250060 0.173774 0.251205 0.184210 -0.242155 0.119144 -0.820594 -0.234794 -0.181817
-0.849264 -0.769000 0.955761 -0.206552 -0.333989 -0.789749 -0.515610 -0.095312 0.497686 0.269786 -0.004271 -0.062667
-1.248558 -0.341115 0.580758 -0.360600 0.098786 -0.260125 -0.211831 -0.773641 0.444102 0.551475 0.578899 -0.152126
-0.377476 -0.410749 1.133415 0.173059 0.436202 0.133536 0.075791 -0.708066 -0.018766 0.257190 -0.223256 -0.201278
0.159847 -1.289873 0.068435 -0.244082 0.710097 0.222295 0.062256 -0.631911 0.479777 -0.465800 0.147576 0.283971
0.144347 -0.399697 -0.252746 -0.054233 -0.354413 -0.149274 0.636164 0.051516 0.171158 -0.079306 0.233982 -0.168379
-0.819936 -0.531943 0.472319 -0.116969 -0.416943 -0.152920 -0.003179 -0.187278 0.818326 -0.074613 0.106416 -0.154247
-0.824076 0.248918 0.589446 -1.024539 0.004125 -0.513253 0.017519 -1.403071 -0.050556 0.028256 -0.317144 -0.103419
0.110934 -0.713030 1.443422 -0.350690 0.364558 -0.512266 0.253226 -0.592143 0.130824 -0.646775 -0.236128 -0.062800
0.763587 0.502450 1.662896 -0.700950 0.208312 -0.016296 0.291916 -0.815513 0.067783 -0.208618 -0.099217 -0.557993
-0.807124 -0.092248 0.661986 -0.865115 -0.022439 -0.471742 -0.717960 -0.232462 0.420324 -0.154356 0.356822 0.016426
0.289459 -0.781782 1.141636 -0.633096 0.662536 -0.630934 0.226209 -0.769099 0.177570 -0.286040 -0.347619 -0.670697
-0.693975 0.829645 0.605139 -0.918203 0.510846 -0.764128 0.238620 -0.590000 0.891247 0.250345 0.125965 -0.186537
0.219715 -0.631101 1.503525 -1.283368 -0.516893 -0.308202 0.115564 -1.174455 0.663105 0.318854 -0.075726 -0.858471
-1.142351 0.035302 0.061894 -0.857588 -0.227604 -0.719347 -0.447889 -0.861672 0.728217 0.675231 0.495494 -0.506083
-0.054324 -0.009291 0.669726 0.086777 0.189790 -0.551813 -0.267659 0.049324 0.673396 0.306149 0.234657 0.005345
-1.076294 -0.642652 0.882057 -0.802759 0.236235 -0.955247 -0.909082 -0.862872 0.380690 1.207870 0.691591 -0.238710
0.306388 -0.156644 1.567645 -0.644765 0.448088 -0.695174 -0.171126 -0.534234 0.485316 -0.561282 -0.211572 -0.022905
0.060520 -0.956375 0.929774 -0.817271 0.088689 -0.319906 -0.517284 -0.300339 0.729490 -0.666190 0.170450 0.221418
-0.148703 -1.195717 0.896298 -1.184100 0.180305 0.014809 -0.122504 -0.951582 0.711769 -0.084043 0.500298 0.129257
-0.380602 -0.644005 -0.165955 0.156035 -0.261128 1.333666 0.647136 -0.479940 0.632383 0.769430 -0.059160 -0.775959
0.379225 -0.624389 0.454871 -0.369879 -0.095410 1.299767 1.221013 -0.417844 0.534137 0.628514 -0.373026 -0.619050
0.012922 -0.360922 0.511196 0.389486 0.092529 1.174068 0.839419 0.005180 0.360502 0.670242 -0.028102 -0.722769
0.251586 0.068374 0.898603 -0.722860 -0.563514 1.477671 1.230205 -0.455322 0.435794 0.268122 -0.285447 -0.519012
0.344169 -0.302014 0.714179 -0.437655 -0.492824 1.464262 1.238013 -0.397077 0.381381 0.125664 -0.145150 -0.409003
-0.050915 -0.190377 0.723434 -0.714851 -0.591387 1.370517 1.075687 -0.627474 0.782015 -0.035627 -0.223735 -0.268040
0.268928 0.149078 0.817214 -0.155359 -0.473670 1.310582 1.164818 0.121152 0.197828 0.227599 -0.316584 -0.477213
0.478351 0.379870 1.187797 -0.449933 -0.605953 1.480510 1.269526 -0.210449 0.049894 0.481633 -0.314428 -0.895361
-0.012776 0.312519 0.484190 -0.428348 -0.724031 1.303943 0.916814 -0.297472 0.570525 0.301224 -0.176509 -0.400599
0.399728 -0.170373 0.826695 -0.287370 -0.524887 1.448745 1.233721 -0.302920 0.331805 0.132418 -0.147386 -0.532429
0.373915 -0.040934 0.823501 -0.317008 -0.612751 1.377026 1.230381 -0.257380 0.315749 0.026125 -0.150979 -0.493960
0.347472 0.164402 1.032981 -0.283503 -0.475027 1.476027 1.258132 -0.198442 0.200758 0.333766 -0.342447 -0.682429
0.022728 -0.275705 0.977762 0.007365 -0.280192 1.598219 1.201256 -0.528143 0.568625 0.481226 -0.428747 -0.582281
0.052614 -0.386496 0.474055 -0.956382 -0.472943 1.434581 1.345681 -0.731658 0.735861 0.150353 -0.270615 0.009537
-0.208469 0.035056 0.716008 -0.182735 -0.331168 1.114511 1.032316 -0.041308 0.391548 0.584405 -0.189202 -0.748944
0.397476 -0.112286 0.673635 -0.416151 -0.374259 1.507749 1.093587 -0.141470 0.200166 0.309241 -0.317427 -0.529511
-0.005614 0.244211 1.430786 -0.775828 -0.527365 1.393472 0.894498 -0.474305 0.205378 0.724726 -0.429920 -0.380215
0.238595 -0.649303 0.526835 -0.502245 -0.231915 1.539153 1.025800 -0.363418 0.396363 0.261209 -0.293787 -0.296106
0.127395 -0.198086 0.948234 -0.306396 -0.546640 1.570861 1.268588 -0.560824 0.520995 0.273281 -0.237430 -0.566218
0.333839 -0.268883 0.890504 -0.228387 -0.365663 1.491069 1.191868 -0.403118 0.410715 0.386372 -0.194759 -0.612782
0.065335 -0.767370 0.320435 -0.707829 -0.305665 1.379473 1.051646 -0.663848 0.600432 0.312903 -0.119404 -0.113201
0.654042 -0.047330 0.459436 -0.432700 -0.141876 1.314452 1.190943 -0.566717 0.394712 0.947909 -0.173055 -0.491521
0.329920 -0.244059 0.550938 -0.489394 -0.142000 1.169269 1.161814 -0.349129 0.562060 0.285336 -0.240631 -0.180956
0.232043 -0.470959 0.559189 -0.660165 -0.329277 1.521541 1.172467 -0.488828 0.484648 0.255039 -0.259473 -0.078623
0.304557 -0.386301 0.654601 -0.476954 -0.487141 1.394745 1.151235 -0.269415 0.316184 -0.006326 0.001657 -0.413696
0.256957 -0.275138 0.682773 -0.413618 -0.390861 1.357319 1.224086 -0.316404 0.528054 0.110784 -0.287372 -0.335347
