-0.034500 -1.130724 -0.027570 -0.523541 0.643521 -0.407374 -0.278746 -0.547714 0.852700 0.380212 0.186116 -0.152790
0.009478 -0.976951 0.977191 -0.972018 0.739734 -0.174166 -0.110188 -1.175612 0.750122 -0.052443 0.174575 -0.285635
0.292894 -1.252915 0.762559 -0.151984 0.119679 -0.228965 0.093070 -0.732042 0.437807 -0.592114 0.135715 -0.214294
-0.569137 -1.217153 0.999892 -0.049751 0.247955 -0.135005 -0.740935 0.153996 1.113267 -0.227965 0.193751 0.883801
-0.110002 -1.136557 0.593917 -0.491127 -0.508557 -0.343460 -0.131859 -0.674038 0.797804 -0.636106 0.101305 0.284762
0.072854 -0.402268 1.009954 -0.962876 -0.437533 0.185841 0.198300 0.180591 0.724499 -0.115411 0.435629 -0.150358
-0.659129 -1.096304 0.667126 -0.047013 0.228187 0.074450 -0.080982 -0.514703 1.087614 -0.833821 0.153864 0.306386
-0.209303 -0.696429 0.603786 -0.472124 0.389931 -0.090223 0.311403 -0.673592 0.557685 -0.010364 -0.324249 0.212455
-0.476262 0.417796 0.997725 -0.529430 -0.216822 -0.741744 -0.665777 -0.703395 0.495096 0.847385 0.323312 -0.118276
-0.658556 -0.648366 0.834057 -0.087837 0.111174 -0.756667 0.054740 -0.751504 0.307627 -0.168823 0.006689 0.382194
-0.048660 -1.257427 1.148230 -0.492512 -0.165246 -0.307653 -0.102816 -0.150664 0.596866 -0.377648 -0.149378 -0.038419
-0.298741 0.334073 0.983864 -0.697863 0.002649 0.110747 0.165410 0.250771 -0.022040 0.864359 0.581145 -0.777605
-0.278548 -0.723148 0.558456 -0.301429 0.469559 -0.035195 0.053574 -1.102203 0.812931 -0.383502 0.170670 0.391710
0.216284 -1.272629 0.198995 -0.462854 0.073512 0.352862 0.370410 -0.367361 0.575822 -0.480872 0.172383 0.615625
-0.530892 -1.361180 0.175722 0.029152 0.125254 -0.253561 -0.213674 -0.732318 0.362201 -0.539066 -0.112045 0.034147
0.262158 -1.129159 0.356389 0.292221 0.286334 0.331039 -0.076543 -0.207171 0.684896 -0.209922 0.106286 0.313203
0.014201 -0.454874 0.719087 -0.290061 0.378414 -0.362770 -0.277926 0.333685 0.682514 -0.299310 -0.077450 0.379477
0.062836 -0.556450 0.888119 -0.257650 0.674429 -0.562996 0.394593 -0.157891 0.590202 -0.970065 -0.562550 0.510131
0.557202 -0.449775 0.401705 -0.118656 0.394514 -0.321007 0.411519 -0.124245 -0.066519 -1.096609 -0.997212 -0.112873
-0.184057 -0.525032 0.649001 -1.204791 0.364454 -0.518344 0.280211 -0.403810 1.299036 0.365439 0.632821 -0.160605
0.323751 -1.407990 0.592842 -0.013444 0.208709 -0.261694 0.513336 -0.602730 0.109342 -0.539871 -0.201394 -0.167994
0.493550 -0.863119 1.089036 0.498923 -0.253355 -0.238830 0.772904 -0.346997 0.149722 -0.509193 0.005588 -0.280985
-0.491230 -0.505350 1.187524 -0.422290 -0.216367 -0.470783 -0.338850 -0.736222 0.162212 0.747815 0.278960 -0.087999
0.075733 -1.187480 0.506930 -0.474785 -0.011133 0.047399 -0.316701 -0.253891 0.266772 -0.610804 0.075623 0.181235
-1.095344 -0.386126 0.837688 -0.540880 0.157774 -0.284416 0.408973 -0.381966 0.596928 -0.577419 -0.248318 -0.564135
-0.004374 -1.403237 0.607464 -0.156203 0.749209 0.230175 0.147053 -1.099801 0.863606 -0.065697 0.219815 -0.369045
0.236635 0.870358 0.838439 -0.765259 -0.144974 -0.893546 0.016997 -0.464682 -0.006318 0.804376 -0.093930 -0.277870
0.506251 -0.856323 0.292186 -0.123579 -0.027278 -0.421200 0.708757 -0.514224 0.385520 -0.184741 -0.569637 -0.052844
-0.077666 -1.270709 0.163778 0.457040 0.132060 -0.237628 0.541832 -0.291825 0.208882 -0.438790 0.467649 -0.028204
0.670142 -0.321220 0.954861 -0.369523 -0.368364 -0.812208 -0.170287 -0.083979 0.372700 -0.266778 0.649374 -0.231598
-0.215547 -0.876323 0.970370 0.711713 -0.078247 -0.089786 0.307259 0.103525 -0.391219 -0.157796 0.064521 0.374256
0.332570 -1.098710 -0.915047 -0.403456 0.898289 0.086617 0.169376 -0.231514 0.212379 -0.227028 0.421509 0.212763
0.073440 -1.031347 0.290392 -0.563383 -0.107976 0.283265 0.322489 -0.147499 0.676955 -0.615495 0.412105 0.197896
0.074925 -0.748603 0.502215 -0.892921 -0.730880 -0.926066 0.411470 -0.284342 0.367907 -0.100625 0.150989 -0.828567
-0.399292 -0.709148 0.826329 -0.618281 -0.454109 -1.280206 -0.367983 -0.457579 0.907673 -0.451225 0.574170 -0.213201
0.333686 -0.889379 1.016943 -0.959148 0.635876 -0.188228 0.387994 -0.611012 0.297361 -0.419170 0.024628 0.002748
-0.076784 -1.053193 0.429927 0.580489 0.495192 0.215673 0.210301 0.134340 0.069919 -0.895826 -0.570235 0.199274
0.605055 -0.746291 0.456385 0.208585 0.573332 0.048229 0.059096 -0.186379 0.590349 -0.083302 0.152099 -0.083314
-0.578902 -0.358312 0.410098 0.243659 -0.446605 -0.501290 0.200436 -0.734196 0.866154 -0.128813 0.165215 0.237025
-0.196176 -1.149984 0.604211 0.313061 0.144225 0.376604 0.274604 -0.412604 0.501446 0.007843 -0.209955 0.085031
0.257451 -0.844950 1.483159 -1.023314 0.512616 -0.561216 0.094920 -1.010317 0.190796 0.517317 0.280343 -0.975010
0.322924 -0.568365 0.816262 -0.791174 0.256872 -0.505271 0.022357 -0.183676 0.784505 -0.363969 -0.266312 0.041084
0.174976 0.633803 1.401129 -1.145654 0.896352 -0.295803 -0.085868 -0.498965 0.426186 0.464311 0.241556 -0.398423
0.360519 -0.613402 0.608609 -0.724025 0.611663 -0.393422 0.656656 -0.322284 0.238775 -0.264162 -0.154264 0.571910
0.240565 -0.988410 0.642266 -0.386284 0.026126 0.214641 0.291381 0.019982 0.451778 -0.977839 -0.229732 0.210175
-0.767769 -1.106363 0.644186 -0.082766 0.001019 0.170383 0.650405 -0.428636 0.691622 -0.140314 -0.199052 -0.089942
-0.144053 -0.178462 0.726254 -0.470840 0.271136 -0.806441 -0.511681 -0.585570 1.467690 0.407535 0.394427 0.295863
-0.066444 -0.414040 0.629935 -0.600831 -0.228293 -0.061365 0.249264 -0.215363 0.754503 -0.676543 -0.010564 0.273491
0.252207 -1.023918 0.106413 -0.352007 -0.158289 0.110450 0.278636 -0.013105 0.981626 -0.846702 -0.195490 -0.099243
0.228967 0.196846 1.041313 -0.523641 0.337715 -0.739650 0.538493 -1.502795 0.079050 0.724250 -0.304176 0.015807
-0.095259 -0.618998 0.808130 -0.876940 1.082030 -0.381391 -0.072568 -1.062265 0.546887 0.176047 0.216255 0.159212
0.514359 -1.049812 0.799804 -0.007339 -0.308362 -0.288697 -0.115177 0.605361 0.616634 -0.898808 -0.392999 -0.197242
-0.043038 0.343414 0.761882 -0.683825 0.141197 -0.407033 -0.163970 0.736570 0.379176 0.024096 0.020336 -0.200212
-0.004233 -0.576157 -0.155316 -0.169024 0.128614 -0.308366 0.828557 -0.892363 0.444627 -0.011329 -0.458648 -0.235214
-0.068364 -0.103587 0.138946 -1.130802 0.572430 -0.319483 -0.379783 -1.198440 0.364006 0.273139 0.131625 -0.035229
0.243949 -0.386080 1.257712 -1.204396 -0.142756 -0.338250 0.015743 -0.628082 0.389538 -0.023059 0.036934 -0.794757
0.708485 -0.670683 -0.140907 -0.802347 -0.007058 -0.089831 -0.468094 -0.421127 0.907852 -0.190375 0.256407 0.460905
0.668278 0.364059 0.935289 -0.353879 0.081428 -0.639859 -0.064806 -0.558887 -0.079045 -0.045936 0.004909 -0.044322
0.003253 -0.342914 1.201216 -1.253595 0.407234 -0.575570 0.416438 -0.801195 0.094707 0.355082 0.045213 -0.319799
-0.548645 -0.397069 0.360242 -0.995636 -0.364022 -0.851949 -0.680951 -0.404769 0.746855 0.024697 0.705263 -0.594029
0.477462 -0.990164 0.375575 -0.131948 -0.163334 0.498837 0.321834 -0.207754 0.405233 -0.505998 -0.013589 -0.553209
-0.288424 -0.662095 0.321967 -1.177769 -0.449011 -0.110296 -0.025912 -0.648575 0.715660 -0.304969 0.143140 -0.246507
0.314945 -0.275649 0.868962 -1.006674 0.281651 -0.228514 -0.008193 -0.760151 0.617982 0.199951 -0.233263 0.158619
0.406405 -0.570703 1.145345 -0.661902 0.107160 -0.656104 -0.018343 -0.142319 0.251775 -0.105986 -0.049773 -0.663522
-0.001325 -1.064007 0.647439 -0.573054 -0.300769 -0.735788 -0.304830 0.405852 0.758061 -0.364231 0.357059 -0.286274
0.627337 0.367447 0.655611 -0.410265 0.300954 -0.685387 0.789254 -0.390338 0.138843 0.235716 -0.736612 -0.067762
0.234599 -1.444660 0.222038 -0.564239 -0.385217 -0.703273 0.069394 -0.394491 0.257514 -0.253169 0.495097 0.227384
-0.147908 -0.514433 0.645096 -0.949430 0.578295 -0.778052 0.278376 -0.633807 -0.351989 0.374980 0.042087 -0.399701
0.182374 -0.532716 0.543316 -0.220751 0.302522 -0.075088 -0.404826 -0.919721 0.509579 0.023729 0.419651 -0.390814
-0.067180 -0.347489 0.807590 -0.441094 0.790428 -0.476863 -0.149276 -1.107414 0.697008 0.163226 -0.118144 0.282908
0.340076 -0.588385 0.082479 -0.486134 0.211088 -0.914903 0.494956 -0.315402 0.719642 0.142880 0.242064 -0.093868
0.154816 -1.125713 0.406452 -0.356962 -0.215527 -0.545639 0.547658 -0.297854 1.328875 -0.344949 -0.147117 0.236397
-0.334168 -0.390741 0.886277 -0.211035 -0.034050 -0.272968 -0.401846 -0.400280 1.188091 0.072388 0.304413 0.335405
-0.528919 -0.821057 0.438457 -0.975567 0.540698 -0.272539 -0.379010 -0.809833 1.366448 0.235535 1.071289 0.442284
-0.049081 -0.236346 0.846021 -0.662777 0.090300 -0.733311 -0.151276 -0.295031 0.776272 0.407325 0.109059 0.179995
0.167183 0.002520 0.615118 -0.769537 0.071437 -0.926532 0.146535 -0.706453 0.914630 0.404291 0.376718 -0.795769
-0.393909 -0.765132 0.199130 -0.619327 0.322687 -0.583464 0.217327 -0.578157 0.611058 -0.472733 -0.055397 -0.523001
-0.192059 -0.733775 0.629721 -0.024924 0.172154 -0.240784 -0.247092 -0.700914 1.084461 -0.174358 0.194278 -0.257938
-0.604072 -0.326060 -0.206876 -0.710411 0.672601 -0.678215 0.654802 -0.775299 0.426053 0.328157 -0.139755 -0.067214
0.156370 -0.836435 1.017800 -0.577981 0.202989 -0.416186 -0.032690 0.120023 0.360187 0.007181 -0.046068 -0.107811
0.049749 0.669631 0.666059 -0.465662 0.065367 -0.713853 -0.073876 -0.047440 0.510311 -0.413393 -0.060336 0.085239
0.167993 -0.623260 -0.007914 -0.318700 -0.197900 -0.796245 -0.122962 -0.312391 0.959587 -0.239399 0.322024 -0.683515
-0.439340 -0.681088 0.461518 -0.583773 0.189314 -0.708219 0.213175 -0.438575 0.501142 0.939279 0.316252 -0.296587
0.351277 -0.583755 1.080799 -0.676481 1.107925 0.423627 -0.069410 -0.930694 0.773556 0.222626 -0.062059 -0.598642
-0.317448 -0.227302 0.287534 -0.769444 0.181591 -1.023195 0.884550 -1.386134 0.453453 -0.092684 0.227114 -0.060597
-0.281376 -0.068852 0.503197 -0.110531 -0.345831 -0.664498 0.848447 -0.085289 0.283290 -0.170024 -0.566562 -0.652499
-0.073110 -0.634115 0.764077 -0.215257 0.046413 -0.112984 -0.185694 -0.111133 1.171236 -0.798021 -0.044547 0.329085
0.611602 0.311692 0.019843 -0.637494 0.210836 -0.418748 -0.160018 -0.687679 1.197033 0.334226 -0.183040 0.264057
0.147897 -0.605023 0.229146 -0.291990 0.364181 -0.266939 -0.144576 -0.557334 1.149650 0.221322 0.266692 0.069804
0.092145 0.545604 1.010310 -1.063367 0.205916 -0.615207 0.339946 -1.117732 -0.053422 0.035828 -0.255369 -0.645859
-0.056028 -0.560887 0.375000 -0.130272 0.077572 -0.765468 0.828584 -0.836388 0.737367 -0.154684 -0.111454 0.346977
0.048226 -0.319468 0.436247 0.109910 0.027136 -0.499665 0.696829 0.043385 -0.043353 -0.383206 -0.160516 0.053441
0.130826 -0.601813 0.883051 -1.067626 0.563605 -0.429535 -0.390566 -1.016582 0.464824 0.731482 0.519664 -0.346720
-0.355795 -1.179198 0.849598 -0.985500 0.499927 -0.729698 0.072478 -0.611842 0.546004 -0.071816 0.527155 -0.525553
-0.150275 -1.133220 0.471298 -0.350437 0.117181 -0.601419 0.033655 -0.158051 0.900023 0.201290 0.262226 0.016165
-0.132292 -0.432768 1.110941 -0.921466 0.667444 0.443701 0.191538 -0.460378 0.384733 -0.337939 -0.070652 -0.274802
-0.212667 -0.990393 0.552223 -1.528375 1.023281 -0.252568 0.071889 -1.376430 0.384783 0.118815 0.586537 -0.257851
0.030738 0.016886 1.363255 -1.080165 0.684191 -0.345274 0.113654 -1.340363 -0.348380 0.169368 0.117738 -0.717257
0.136607 -0.482911 0.739165 -0.747593 -0.168068 -0.354016 0.258218 -0.221008 0.690963 -0.008536 -0.344897 0.151675
0.454087 -0.295651 0.146734 -0.191501 0.528648 -0.570755 0.393974 -0.640209 0.453170 0.145892 -0.317491 0.041296
0.280652 -1.369635 1.556548 -0.168460 0.129891 -0.442272 0.033485 0.178557 0.189910 -0.235275 0.036662 -0.158371
0.138015 -0.520472 1.184018 -0.539462 -0.207063 -0.383017 -0.011505 -0.255615 0.718821 -0.364728 -0.295828 -0.297734
0.432259 -0.481215 0.405340 -0.540855 0.545368 -0.535645 0.173034 -0.652364 0.996607 0.040095 -0.034782 0.346769
-0.105770 -0.700400 0.772545 -0.640748 0.285111 -0.275068 -0.005548 -1.186222 0.053588 0.180762 -0.133374 -0.648809
0.454954 -0.725803 0.472653 -1.099753 0.219278 -0.280287 -0.499945 -0.447877 0.735814 -0.028942 0.279274 -0.032139
0.328722 -0.281768 0.967424 -1.185141 -0.073181 -0.483111 0.144457 -1.014298 0.299230 0.264369 -0.164278 -0.715475
-0.136844 -0.341189 0.551685 -0.048127 0.884697 -0.162906 -0.366476 -0.491446 0.535241 0.488298 0.180843 0.022091
0.794397 -0.193312 1.243984 -1.114347 -0.139368 -0.494902 0.044685 -0.485797 0.345291 0.124325 -0.709089 -0.776599
0.452988 -0.488254 1.134197 -0.604139 0.267532 -0.051711 0.024050 -0.219514 0.505391 -0.037954 0.188431 -0.006931
-0.768594 -0.683226 0.110533 0.025872 0.265831 -0.075657 0.045276 -0.656704 1.463741 -0.277037 -0.070266 0.422741
-0.054838 0.002847 0.859716 -0.018419 0.161554 -1.124324 -0.044084 -0.481638 1.178271 0.191014 -0.146526 0.342393
0.529234 -0.540774 1.308961 -1.149952 -0.046482 -0.696061 1.009573 -0.998984 0.570175 0.170458 0.324348 -0.118348
0.291057 -0.405912 0.753395 -1.324762 0.470447 -0.156853 -0.351631 -0.976497 0.364483 0.000516 0.477280 -0.518854
-0.027028 -0.274009 1.100084 0.527213 0.375918 0.417327 0.509791 -0.095483 -0.095270 -0.181212 -0.126074 -0.499503
-0.011339 -0.091073 1.125849 -0.602665 0.321418 -0.118091 0.427166 -0.898662 0.755272 0.044256 0.202686 -0.899569
-0.111135 -0.319953 0.599800 -0.988511 -0.012380 -0.499593 0.030443 -0.217818 0.333314 -0.307918 0.318885 0.260936
0.322129 -0.934600 0.488556 -0.616397 0.861048 -0.526269 0.065011 -0.662345 0.486016 -0.175724 0.221093 -0.262666
-0.137207 -0.016527 0.497228 -0.758378 0.356411 -0.291971 -0.098312 -0.502557 -0.173965 0.588013 0.418304 -0.272638
-0.545266 -0.585107 -0.068695 -0.159753 -0.376495 0.120950 -0.239942 -0.144578 0.341459 -0.091294 -0.077996 0.182097
-0.944410 0.137250 0.150255 -0.467870 -0.708693 -0.255467 -0.503369 -0.056545 0.769853 0.278790 0.213401 -0.008515
-1.053941 -0.346588 0.080586 -0.612189 -0.468634 -0.351399 -0.357876 -0.470612 0.311163 0.364710 0.079433 -0.145373
-0.910227 -0.532790 0.622142 -0.773729 -0.331598 -0.728177 -0.198167 -0.788556 0.563588 0.230362 -0.209710 0.045594
-0.971683 -0.419060 -0.116008 -0.409646 -0.621825 -0.012754 -0.150749 -0.042497 0.821145 0.415013 -0.521703 -0.146740
-1.064922 -1.110370 0.826185 -0.042230 -0.426540 -0.276936 -0.802416 0.341757 1.122259 -0.273570 0.031172 0.429386
-1.084242 -1.046720 0.298110 0.337077 -0.197938 -0.493257 -0.877963 0.221824 1.136296 -0.589076 0.926837 1.388580
-0.079781 -0.980883 -0.126816 -0.420046 -0.008306 -0.563723 -0.145004 -0.874418 0.504689 -0.214264 0.086636 -0.307671
-0.150497 -1.073739 0.545485 0.494991 -0.291032 0.136981 -0.076974 -0.062839 1.009426 -0.688949 -0.224218 0.680030
-0.718646 -1.334121 0.899591 0.385995 0.051249 -0.557108 -0.823001 0.235662 0.426215 -0.656762 0.067563 0.746360
-0.629841 -0.666200 0.420463 0.246161 0.087113 0.128581 0.088300 -0.575397 0.146986 0.530282 0.158060 0.142726
-0.412426 0.100622 0.698370 -0.482652 -0.218089 0.271199 -0.034310 0.280164 -0.183612 0.388523 0.378784 -0.801647
-0.311164 0.677702 0.274087 0.097581 -0.144133 -0.741775 -0.230751 0.137626 -0.186525 0.204162 0.302509 -0.343328
-0.380694 -1.436136 0.263970 -0.249115 0.391739 -0.189153 -0.247633 -0.801739 0.576587 -0.037579 0.383585 0.323733
-0.442064 -0.826404 0.493685 -0.062128 0.049040 0.196438 0.375375 -0.893607 0.512076 -1.043739 -0.359426 0.053956
0.490515 -0.485617 0.760452 0.118207 0.175155 1.156169 1.034074 -0.595124 0.330733 0.417850 -0.000955 -0.419117
0.158538 0.163415 0.904607 -1.166291 -0.745415 -0.722540 0.103298 -0.695477 0.382822 -0.192396 0.255666 -0.069689
0.088850 -0.920683 1.001511 0.349463 0.064716 0.296340 0.428145 -0.729173 -0.173772 0.235056 -0.285243 -0.204242
-0.044333 -1.087566 0.683596 0.746267 0.169350 0.016932 0.378347 -0.669559 0.127314 -0.808248 -0.743505 -0.408358
-0.210612 -0.894271 0.560818 0.504117 0.211922 -0.223377 0.225449 -0.733595 0.441782 -0.426223 0.066911 0.010745
-0.714318 -0.437846 0.825842 -0.773982 -0.107024 0.403086 -0.481313 -0.587682 0.720200 0.441970 0.042984 -0.128692
-0.722416 -0.135305 0.199097 -0.636004 -0.504230 0.400229 -0.041365 0.043326 0.456351 0.531200 0.214339 0.097807
0.026687 -0.523900 0.747966 0.391051 0.209193 0.407954 0.601423 -0.514192 -0.152876 -0.493389 -0.278117 -0.616389
-0.684810 -0.444692 -0.409878 -0.191143 -0.065239 -0.322900 -0.502755 -0.482791 0.614322 0.445066 0.093377 -0.330924
-1.065171 0.300204 0.559699 -0.445205 -0.604792 -0.795584 -0.394398 -0.640791 0.125606 0.180628 -0.250307 -1.027597
-0.041462 -0.501657 0.505161 -0.857939 0.594561 0.317291 0.486682 -0.151110 0.208660 0.649896 -0.167936 0.140011
-0.793293 -0.180411 0.508814 -0.790031 -0.657034 -0.547191 -0.147546 -0.242362 0.726249 0.273771 0.085797 0.005469
-0.881299 0.014299 0.378999 -0.186578 -1.093907 -1.052269 -0.179904 0.462977 0.217266 0.142630 0.187145 -0.236446
-0.619697 -0.004949 0.954361 -0.896573 -0.869424 -0.640958 -0.291600 -0.562116 0.974062 0.220528 0.290501 0.369685
0.047103 -0.269013 0.033784 -0.938381 -0.510770 -0.750069 -0.460208 0.290371 0.916230 1.108268 -0.061673 0.109043
-0.193208 -0.280194 0.053597 -0.391932 -0.530960 -0.796497 -0.056356 -0.658438 0.869240 0.473734 0.209265 -0.366956
0.010605 0.047573 0.816341 -0.676454 0.034167 -0.567145 0.850100 0.117147 1.130914 0.017507 0.028433 -0.267345
-0.829669 0.009995 0.839042 -1.120565 -0.493042 -0.809751 -0.195240 -1.110301 0.424195 0.591384 0.011999 0.104962
-0.604784 -0.450186 0.168791 -0.049128 0.577412 -0.415551 -0.749662 -0.499862 0.332540 0.550910 0.180548 -0.440305
-0.421051 -0.271724 1.376283 -0.406397 -0.267234 -0.719361 0.154965 -0.913798 1.122169 -0.125418 0.010933 -0.064527
-0.214474 0.016594 -0.293735 -0.124547 -0.421763 -0.728130 0.506753 0.364849 0.220024 0.687671 0.216043 0.262138
0.189920 -0.310889 0.599319 -0.719253 -0.473576 0.087875 0.495909 -0.333547 0.702223 -0.267201 -0.390422 -0.084373
-0.386967 -0.367220 0.576844 -0.604791 -0.338390 -0.511695 -0.365930 -0.312010 0.619323 0.188288 0.210824 0.008385
-0.408967 -0.084190 0.512915 -0.259305 -0.325208 -0.223495 -0.099511 -0.564562 0.529250 0.315824 -0.568183 0.114710
-0.382625 0.127476 0.763299 -0.098420 -0.589981 -0.033606 -0.008078 -0.491561 0.637982 0.265598 -0.588005 0.184990
-1.489397 -0.498132 0.405421 -0.734952 -0.251930 -0.655131 0.008296 -0.776801 0.819190 -0.287699 -0.138609 -0.402318
-0.746949 -0.523163 0.540008 -0.183878 -0.363140 0.252520 -0.262662 -0.161534 0.949719 0.675498 0.145790 0.263134
-0.086175 -0.444914 1.452669 0.065885 0.197603 0.196221 0.177083 -0.036597 0.226611 -0.498530 -0.066418 -0.026539
-1.160440 -0.758003 0.180950 -0.871666 0.235631 -0.256494 -0.299084 -0.146404 0.825338 0.961825 0.494529 0.295433
0.499954 -0.657412 0.631214 -0.751941 0.081611 1.100985 1.302489 -1.435574 0.856274 1.063004 0.191048 -0.221036
0.209240 -0.087222 0.768420 -0.199557 -0.554623 1.352610 1.282251 -0.386115 0.381603 0.125826 -0.140704 -0.533788
0.408663 -0.305010 0.589971 -0.490778 -0.493794 1.250975 1.106404 -0.204490 0.217059 0.112633 -0.068464 -0.348136
0.212083 -0.328377 0.864888 -0.856361 -0.237689 1.376857 0.929190 -0.580824 0.798593 0.191054 -0.111547 -0.291362
0.425451 -0.214565 0.874764 -0.571313 -0.354780 1.273131 1.138875 -0.387884 0.190837 0.456917 -0.009883 -0.647236
-0.025284 0.159120 1.407836 -1.258278 -0.922346 0.906368 0.867133 -0.762054 0.336141 0.377857 -0.095659 -0.707387
-0.431588 -0.333448 0.677900 -0.836248 -0.362191 0.910485 1.067647 -1.102716 0.760353 0.121550 -0.109056 0.520185
0.061637 -0.340308 0.525543 -0.437431 -0.514658 1.177025 1.117560 -0.317078 0.172583 0.171136 -0.030526 -0.641955
0.324534 -0.315642 0.737534 -0.556704 -0.281039 1.512335 1.153819 -0.312175 0.422968 0.367081 -0.321674 -0.472481
0.421747 -0.359473 0.966951 0.049160 -0.052254 1.596416 1.195404 -0.347093 0.274328 0.756163 -0.338984 -0.803174
0.185397 -0.183058 0.632476 -0.334279 -0.579012 1.366310 1.399378 -0.454672 0.568759 0.125249 -0.211057 -0.458284
0.317059 0.046323 0.898811 -0.293844 -0.526321 1.426687 1.250700 -0.281685 0.388955 0.266020 -0.265352 -0.597974
0.248604 -0.401946 0.857623 -0.220803 -0.294716 1.036558 0.895141 -0.566129 0.524364 0.320322 -0.139677 -0.518138
0.163192 -0.519681 0.757970 -0.045835 -0.227703 1.715209 1.164678 -0.650619 0.405377 0.742553 -0.204126 -0.734716
0.011129 -0.223520 0.587151 -0.398858 -0.745029 1.247883 1.095585 -0.325985 0.525111 0.006949 -0.238684 -0.454834
0.080727 -0.131301 0.948761 -0.455635 -0.244827 1.064359 1.022528 -0.565990 0.885807 0.507618 -0.373785 -0.264348
0.079157 -0.297686 0.481636 -0.600265 -0.429861 1.419084 1.300155 -0.620357 0.588517 0.193606 -0.253933 -0.270066
0.257682 -0.360922 0.633956 -0.583274 -0.464981 1.475222 1.268003 -0.514751 0.419836 0.053633 -0.051752 -0.372987
0.102675 -0.826914 0.446882 -0.627475 -0.178799 1.566509 1.291313 -0.601391 0.721909 0.364647 -0.377065 -0.230992
0.502212 -0.046263 0.806935 -0.279339 -0.436115 1.453549 1.175421 -0.101517 0.194953 0.274077 -0.241370 -0.583279
0.189773 -0.141442 0.737329 -0.531627 -0.622667 1.378350 1.245192 -0.431464 0.496172 -0.010064 -0.270428 -0.300126
-0.318313 -0.979635 0.645100 -0.644027 0.183682 1.380101 1.071975 -0.860290 0.831656 0.360216 -0.562189 0.138846
