-0.153775 -0.051694 0.001568 -0.470658 -0.253943 -0.535877 -0.177967 -0.000584 0.453933 0.113227 -0.387293 -0.231421
0.229178 -1.304873 0.883157 -0.370164 0.133748 -0.440535 0.099236 -0.479271 0.764848 -0.134146 0.445271 0.130340
-0.925078 -0.898625 0.074246 0.023892 -0.079729 -0.352793 0.342601 -0.224091 0.859119 0.151057 -0.377740 -0.279666
-1.004023 -0.515516 -0.290853 -0.612248 -0.266723 -0.237523 -0.436387 -0.205848 0.639890 0.355321 -0.020987 -0.145862
-0.194756 -0.787081 0.023938 -0.505349 0.653075 -0.216335 0.761216 -0.753587 0.388199 -0.139286 0.126986 -0.094366
0.022872 -0.635048 0.370622 -0.264088 0.872029 -0.325953 0.324246 -0.805981 0.717689 -0.192660 0.015355 0.126106
-0.326055 -0.291288 -0.029549 -0.620797 -0.079345 -0.122245 -0.024272 -0.426051 0.897577 0.882352 0.424153 0.184404
-0.481291 0.102861 0.808677 -1.022422 0.191560 -0.678729 -0.704347 -0.827146 0.544640 0.898420 0.439825 0.016835
-0.099592 -1.252471 0.760385 -1.076031 -0.628138 0.335980 0.140766 0.163208 0.329989 -0.267444 0.029484 0.429670
0.109135 -0.495119 1.105301 0.027792 0.136282 -0.787436 0.208011 -0.236228 0.465531 0.044712 -1.045320 -0.104863
-0.193073 -0.759194 1.194010 -0.185673 -0.094037 -0.639426 -0.118043 -0.283077 0.615479 -0.058527 0.702519 -0.406443
-0.447481 -0.397427 1.290410 -0.683697 -0.639848 -0.364595 -0.301805 -0.212003 1.318537 0.234983 0.024739 -0.216930
0.478509 -0.805208 0.123193 -0.465164 0.193656 0.275953 -0.094879 0.164309 1.313222 -0.696733 0.367543 0.302603
0.058867 -0.806658 1.325150 -0.596834 0.205454 -0.736967 0.068948 -0.497830 -0.293292 -0.023817 0.374880 -0.320265
0.433490 -1.337175 0.876018 -0.804220 -0.046747 0.177145 0.013418 0.102382 0.784250 -1.010739 -0.290223 0.095832
0.012475 -0.758930 -0.101779 -0.411313 -0.262153 -0.628753 0.058061 -0.062519 0.905065 -0.036109 0.362165 -0.224804
-0.184031 -0.772107 1.159250 -0.115593 -0.002120 0.010881 0.121684 -0.770310 0.490439 -0.912862 0.048930 0.275598
-0.967750 -0.886521 0.532177 -0.539758 0.510628 -0.761969 -0.095815 -0.914073 0.528216 0.693153 0.904776 -0.170117
-0.307533 -1.260052 0.626890 -0.229271 -0.135670 0.126354 0.504540 -0.428133 0.810377 0.028392 -0.351920 0.101678
-0.140890 -0.803105 -0.035222 0.365477 0.151447 0.224503 0.284007 -0.301186 0.573065 0.243389 -0.456565 -0.354921
-0.855115 -0.099179 0.091907 -0.558005 -0.214061 -0.362690 0.282231 -0.556501 -0.127937 0.796057 0.319981 -0.611365
-0.446384 -0.735850 0.175916 -0.498202 -0.173960 0.635154 0.529071 -0.439670 1.025813 -0.556533 -0.041715 -0.063126
-0.489338 -0.205997 0.771733 0.076301 0.252178 0.047428 -0.009842 -0.776201 0.566823 -0.475256 0.322119 0.526821
0.275598 -0.773605 -0.095357 -0.427552 0.022956 0.272674 0.444514 -1.147423 0.864877 -0.118374 -0.266322 0.123254
-1.006863 -0.665340 0.146990 0.005447 -0.455797 -0.490612 0.110009 -0.259322 0.551869 0.399048 -0.082962 -0.265870
-0.597721 -0.819976 0.534721 -0.659972 0.783813 -0.413048 -0.366476 -1.388335 1.266369 0.305047 -0.074412 0.508673
-0.203622 -0.269454 0.224558 -0.155893 -0.637411 -0.360780 -0.214282 0.359820 0.697348 -0.372057 0.425650 0.366650
-0.880044 0.009839 0.383720 -0.948908 0.262414 -0.091950 -0.454027 -0.898502 0.839232 0.466852 0.268050 0.127717
0.305173 -1.096634 0.587210 -0.670835 0.357120 0.017853 0.166254 -0.242399 0.483290 -0.869270 -0.365853 0.476561
-0.376143 -0.790520 0.433541 0.034024 0.431666 -0.220212 0.222940 0.146156 0.507986 -0.398979 -0.218166 0.353135
-0.138105 0.223562 0.062987 -0.103434 0.071509 0.517556 0.852791 -0.284940 0.943925 0.109427 -0.620923 -0.273898
-1.030000 -0.808572 0.606626 -0.245068 -0.708981 -0.275213 -0.324422 -0.005050 0.769829 0.469946 0.432539 0.313642
-1.010551 -0.329833 0.477147 -0.508505 -0.449007 -0.597223 -0.402189 -0.197677 0.403246 -0.146290 0.553954 0.126904
-0.131746 -0.584283 0.853037 -0.316630 0.224546 -0.043525 0.085161 -0.149395 0.903587 -0.408874 0.162050 0.660790
-0.327468 -1.065178 0.319385 -0.817288 -0.269221 -0.643584 0.462823 -0.366393 0.384404 0.147510 -0.098075 -0.314659
-0.546867 -1.267643 1.304332 0.310844 -0.268537 -0.190929 0.464919 -0.469593 -0.261806 0.325139 -0.071525 -0.408226
-0.187980 -0.282287 1.022610 -0.249039 -0.320301 -0.702529 0.108954 -0.491177 0.117694 0.179510 0.056761 -0.229976
-0.548069 0.024207 1.241466 0.199773 0.227897 -0.411595 0.606383 -0.522617 0.494845 0.446807 -0.313307 0.014332
0.280028 -0.775095 1.443814 -0.621829 0.450326 0.091572 0.525026 -0.534078 0.558774 -0.110121 -0.068715 -0.150547
0.095906 -0.818687 0.151458 -0.069615 0.018832 -0.558152 0.076104 0.058993 1.234570 0.360933 0.330976 0.491288
-0.172761 -0.857937 0.473762 -0.212588 0.057115 -0.080280 0.424439 -0.563965 0.536851 -0.368996 -0.632205 0.079884
-0.927455 -1.031139 0.735643 -0.357373 -0.128956 -0.837517 -0.390806 -0.058211 0.496162 -0.282382 0.512920 0.384365
0.022078 -0.620594 1.001336 -0.515749 -0.208454 0.276687 -0.219879 -0.511473 0.552924 -0.542885 -0.220891 0.152819
-0.392560 -0.823768 -0.678936 -0.536673 -0.385911 -0.679861 -0.096478 -0.379311 0.540165 0.426972 0.558785 -0.884789
0.038633 -0.440451 -0.176203 -0.287784 0.291302 -1.456702 -0.258837 -0.174864 1.140014 0.005867 0.627144 0.334419
-0.323794 0.070549 0.883261 -0.064125 0.249782 -0.261989 0.169802 -0.526608 0.852367 0.574465 0.102957 -0.242770
-0.819257 -1.020362 0.713271 0.311841 -0.243650 0.264250 0.223594 -0.381050 0.980481 0.058345 0.067875 -0.003988
-0.360421 -0.507195 0.056946 -0.625539 -0.061262 0.018106 0.101689 -0.218986 0.957772 -0.089569 0.115910 0.228677
-0.602648 -1.655455 0.737574 0.093646 -0.132739 -0.165571 -0.153398 0.124402 0.744943 -0.651544 -0.095189 0.503300
0.352430 -0.870355 0.834021 -0.252113 0.241432 0.515095 0.090240 -0.167871 0.611579 -0.196594 0.073718 0.038346
-0.348882 -0.968283 1.066534 0.020322 -0.149299 0.330967 0.276355 -0.608196 0.322534 -0.082839 -0.176245 0.178681
-0.110114 -0.345929 0.677288 -0.300714 0.641828 0.642646 -0.179559 -0.088590 0.495057 -0.057667 -0.367325 -0.176101
-0.432710 0.441207 -0.043487 -0.532737 -0.662154 -0.782799 -0.125045 -0.006718 0.109691 0.396779 -0.029559 -0.545596
-0.976328 -0.489586 0.458689 -0.622855 -0.434438 -0.935853 -0.077847 -0.212217 0.105785 0.208155 0.020774 0.008536
-0.708646 -0.594065 -0.098225 0.034510 0.020740 -0.567315 -0.369743 -1.253157 0.504690 0.646753 0.134673 -0.661813
0.018213 0.241151 0.865755 -0.316755 -0.250818 -0.669068 -0.359473 0.130978 0.681557 0.302077 -0.061545 -0.321750
-0.214871 -0.526234 -0.230580 -0.068201 0.096084 -0.355635 0.103905 -0.602736 0.523403 0.409126 0.070738 -0.660937
0.106991 -0.693826 1.154204 -0.866132 -0.045379 -0.586532 0.136966 -0.723384 0.956658 0.316282 0.779228 -0.239420
0.045769 -0.708101 1.640967 -0.368705 -0.008202 0.467466 0.194086 0.117053 -0.064394 -0.284140 0.198373 -0.420427
-0.144217 -0.991964 0.513848 -0.151648 0.418716 -0.123955 0.358255 -0.419058 0.917740 -0.814751 -0.125862 0.271132
-0.495587 -1.238688 0.911787 -0.297185 0.152930 -0.130109 -0.004137 -0.122334 0.482804 0.388343 0.643116 -0.249128
-1.035322 -0.084633 0.092947 -0.156571 0.359015 -0.757635 0.202875 -0.402797 0.069775 0.374796 -0.237252 -0.201538
-0.538401 -0.941616 0.255594 -1.209404 -0.007738 0.176123 0.036019 -0.722103 0.750572 -0.130925 0.322995 0.003949
-0.883792 0.230201 1.027285 -0.739116 -0.503969 -0.362409 -0.209554 -0.726943 0.646592 -0.326450 -0.091461 -0.201256
0.048955 -0.672231 0.114197 0.039917 -0.053017 -0.195813 -0.411575 0.459602 0.024472 0.721708 -0.247284 0.660880
0.305182 -0.740643 1.001864 -0.697261 -0.302515 0.627370 0.277771 0.078780 0.670834 -0.779322 -0.206089 -0.232969
-0.616464 -0.167875 0.703201 -0.282501 0.098498 -0.223254 -0.456026 -0.576578 0.747922 0.238979 0.282801 0.405088
-0.186774 -0.403683 0.851109 -0.093024 -0.306552 0.453553 0.447747 -0.230492 0.052721 -0.332468 0.261636 0.106651
-0.166820 -0.570141 0.504491 -0.645733 -0.092272 0.053664 0.568353 -0.459213 -0.268063 0.250699 0.499842 -0.117842
0.195394 -0.632405 0.210765 -0.848500 0.737908 0.192479 0.590501 -1.115988 0.910067 -0.193885 -0.074591 -0.275199
-0.308352 -1.010692 1.021571 -0.324520 0.505642 -0.619559 -0.613380 -0.715649 0.494816 0.610428 0.269904 -0.374921
0.210357 -1.079986 0.676649 -1.205163 -0.046649 -0.845416 -0.107369 -0.768018 0.521907 -0.037463 0.431445 -0.162475
0.732228 -1.189475 0.564774 -0.600180 -0.267645 -0.624283 -0.085895 0.216784 0.374752 -0.698653 -0.278846 -0.996845
-0.699938 -0.201943 0.955786 -0.737834 -0.400094 -0.122516 0.059389 -0.728331 0.427906 0.298071 0.241806 0.182600
-0.687427 -0.621220 0.221402 -0.536789 -0.883077 -0.393255 -0.460499 -0.800387 0.325968 0.699781 -0.131409 -0.199579
-1.035595 0.024849 0.645263 -0.286930 -0.103185 -0.358646 -0.322775 -0.506096 -0.357882 1.004202 -0.061224 -0.416820
-0.013448 -0.508644 0.822856 -0.235255 0.185245 0.364341 0.216309 -0.176569 0.170219 -0.278502 -0.100480 0.188789
-0.824324 -0.615084 0.085825 0.520745 -0.157076 -0.449349 -0.077278 0.213037 0.582941 -0.294462 0.300153 0.733833
-0.600326 -0.231808 0.640591 0.011317 0.242779 -0.503735 -0.381692 -0.820729 0.302158 -0.133940 0.645747 0.505460
-0.547176 -0.150171 1.005874 -0.328128 0.124167 -0.234866 -0.386324 -0.678515 0.459304 -0.138351 0.099451 0.737898
-0.279905 -0.648890 0.918983 -0.829232 -0.440850 -0.585906 -0.164812 -0.145992 1.033497 -0.365253 0.240513 0.309947
-0.236565 -1.078282 0.526880 -0.614675 -0.147992 -0.336530 0.075346 -0.341636 0.668499 -0.252723 0.626347 0.556556
-0.121489 -0.028943 0.460190 0.542363 -0.381709 -0.064391 0.465724 -0.055721 0.847227 -0.595324 -0.410099 0.332815
-0.135989 -0.129690 0.616628 -0.658840 -0.459581 -1.134668 0.013531 -0.415262 0.553056 -0.342497 -0.011141 -0.199695
0.041100 -0.747419 1.027441 0.424197 -0.238151 0.152148 0.462017 -0.815765 0.311230 -1.104360 -0.451088 -0.206168
-0.177348 -0.312720 1.000581 0.543454 -0.524562 0.019820 0.421496 0.117876 0.938785 -0.327313 -0.369548 0.189448
-0.481423 -0.545625 0.861908 -0.211353 0.578588 -0.043404 -0.710760 -0.066909 1.004151 -0.241502 0.018050 0.129659
-0.600289 0.306451 1.132903 -0.071267 -0.606837 0.032339 0.096223 0.360829 -0.053793 0.179067 0.035902 -0.141477
0.011924 -1.037784 0.378310 0.328362 -0.658715 -0.362800 -0.137656 0.447607 0.543051 -0.766228 -0.132935 0.047072
-0.337452 0.243779 0.598565 -0.466938 0.639952 -0.198475 0.059899 -1.108229 1.341626 0.110394 -0.119847 0.398381
0.106079 -0.803758 1.106332 0.249090 0.143628 0.309116 0.162906 0.062403 0.149112 -0.849242 -0.342197 -0.143199
0.930506 -0.083843 0.879019 -0.136627 0.542007 -0.034236 0.572529 -0.627286 0.766409 -0.535234 -0.322481 0.058881
0.489277 -0.985695 0.147174 -0.962728 -0.076398 -0.171364 -0.029340 -0.414426 1.024009 -0.017526 0.017502 0.010932
-0.050091 -0.263686 1.076295 -1.697390 0.068589 -0.939641 0.197579 -1.057227 0.440323 0.382251 0.199799 -0.491110
-0.158157 -0.415565 0.245391 -0.305262 -0.288062 0.284093 0.165077 -0.613556 0.017417 -0.287364 -0.349252 -0.507138
-0.557081 -0.402011 1.165781 -0.742015 0.278965 0.003833 -0.203948 -0.823472 0.243497 0.144643 -0.412281 -0.140812
-0.707217 -0.298035 0.734867 -0.185626 0.084533 0.250878 -0.197404 -0.649997 0.814122 -0.169494 -0.296701 -0.112864
-0.185596 -1.070043 0.264712 0.531247 0.049091 -0.120228 0.168240 -0.125160 0.919232 -0.029012 -0.064947 -0.081421
-0.508105 -0.556792 0.806905 -0.280942 -0.265880 -0.453571 0.220773 -0.802930 1.285606 -0.548717 -0.128115 -0.507632
-1.104081 -0.753391 1.088636 -0.389354 0.045410 -0.557002 -0.229325 -0.889758 0.854799 -0.328774 0.334822 0.375464
-0.001601 -0.647031 0.616236 -0.944600 -0.242389 1.426381 0.844983 -0.660627 0.199930 0.402415 -0.269523 -0.154002
-0.116710 0.188979 0.627316 -1.275855 -0.664231 0.265202 0.322017 -0.842746 0.663818 0.235289 0.037409 0.496087
0.079823 -0.277390 0.593244 -0.673868 -0.670201 1.276083 1.265156 -0.639123 0.671394 -0.021500 -0.134037 -0.177745
0.336659 -0.121037 0.618594 -0.485958 -0.429249 1.231821 1.042237 -0.146969 0.239391 0.100432 -0.214736 -0.379291
0.000581 -1.343675 0.407764 -0.393723 0.007788 0.978738 0.716560 -0.510654 0.562287 0.344207 -0.447508 -0.093374
-0.322628 -0.424037 0.769905 -0.727053 -0.490354 1.239563 0.875255 -1.029350 0.528183 0.302925 -0.084430 -0.093937
0.274480 -0.181736 0.888662 -0.835174 -0.631678 1.252311 1.004656 -0.602497 0.564954 0.292043 -0.189047 -0.787236
0.327845 -0.219680 0.617994 -0.486312 -0.648891 1.278669 1.311866 -0.862365 0.346833 0.234864 -0.308818 -0.338750
0.068653 -0.456331 0.584014 -0.660781 -0.497779 1.448509 1.288007 -0.696411 0.663390 0.230303 -0.233186 -0.213001
0.186348 -0.541848 0.438562 -0.809618 -0.277358 1.527666 1.173307 -0.550789 0.555173 0.256111 -0.280978 -0.087448
0.254990 -0.457035 0.599488 -0.705091 -0.386319 1.405513 1.161599 -0.526687 0.497714 0.125999 -0.139495 -0.250314
0.238843 -0.053288 0.808561 -0.393265 -0.540151 1.467810 1.301901 -0.442477 0.503813 0.284584 -0.206787 -0.509417
0.150889 0.186995 0.836767 -0.250677 -0.565161 1.348013 1.224192 -0.177174 0.384721 0.083922 -0.285006 -0.449229
0.237371 -0.100605 0.766623 -0.383231 -0.544387 1.458780 1.252795 -0.417844 0.397021 0.262463 -0.293860 -0.447290
0.191038 -0.590925 0.451115 -0.467423 -0.400444 1.221651 1.233535 -0.535227 0.439508 0.190156 0.039146 -0.406717
0.293737 -0.555177 0.381606 -0.685598 -0.286857 1.416879 1.305916 -0.510288 0.517670 0.311969 -0.293555 -0.111196
0.027100 -0.156610 0.869139 -0.304988 -0.420671 1.599329 1.126160 -0.336640 0.430579 0.298092 -0.413492 -0.499809
0.392869 -0.113562 0.856983 -0.438053 -0.542292 1.457248 1.327266 -0.399543 0.366621 0.209532 -0.240184 -0.505180
0.350424 -0.039928 0.806415 -0.325184 -0.510473 1.443938 1.148765 -0.179425 0.284998 0.209970 -0.247670 -0.524642
0.387512 -0.005321 0.849209 -0.341339 -0.508179 1.474429 1.198196 -0.196985 0.299050 0.275686 -0.228502 -0.581165
0.147166 -0.555908 0.591705 -0.533824 -0.387559 1.365353 1.174960 -0.443415 0.666229 0.178920 -0.135365 -0.201208
0.261618 -0.245476 0.586978 -0.620553 -0.547878 1.385669 1.371302 -0.533029 0.546486 0.239035 -0.095548 -0.230377
0.070177 -0.553039 0.672864 -0.492165 -0.456992 1.447935 1.225862 -0.711744 0.659495 0.275515 -0.165275 -0.266999
0.148922 -0.167417 0.687167 -0.620553 -0.507473 1.180538 1.070928 -0.519440 0.208627 0.214164 -0.128493 -0.519450
0.506291 -0.221802 0.854522 -0.426979 -0.474183 1.240039 1.362828 -0.582024 0.220263 0.057666 -0.384681 -0.639926
0.188271 -0.681496 0.435223 -1.330843 -0.220911 1.104566 1.016030 -0.716109 0.435390 0.010915 -0.418402 -0.237803
0.160936 -0.574492 0.466893 -0.780412 -0.276511 1.541319 1.193293 -0.594387 0.609477 0.315768 -0.278348 -0.125884
0.295968 -0.006956 0.759184 -0.477275 -0.607089 1.409964 1.308492 -0.361166 0.388209 0.166445 -0.230914 -0.400093
