-0.115919 -0.646800 0.710514 0.016368 0.642600 -0.399651 -0.021969 -0.845530 0.643008 0.371224 0.018695 0.143341
-0.726618 0.200812 0.717444 -0.456497 -0.093039 -0.563068 0.294865 -0.507629 0.079469 0.652511 -0.327877 -0.289539
-0.351392 -0.805203 0.849326 -0.412903 0.590722 -0.449638 -0.477760 -1.147653 0.656467 0.279252 0.334329 0.101789
-0.358949 0.846174 0.764985 -0.309147 -0.279860 -0.447386 0.217113 -0.577080 0.854505 0.321322 0.587835 -0.463131
-0.413221 0.836507 0.614147 -0.332451 -0.382303 -0.473564 0.119400 -0.109661 0.414619 0.726357 0.323658 -0.877660
-1.197124 -0.737493 1.332119 -0.289164 -0.470377 -0.123057 0.077156 -0.234984 0.637777 0.245048 0.293523 0.447800
0.460139 0.702515 0.782661 -0.303671 0.573561 0.334577 -0.249084 -0.114376 0.574332 0.311019 0.109151 -0.462987
-1.553432 -1.133081 0.743481 -0.495138 -0.283137 -0.498217 -0.373435 -0.301936 0.696049 0.635240 0.870742 0.248232
-0.355502 -0.773570 0.332097 -0.245489 -0.568548 0.205715 -0.014450 -0.493739 0.644839 0.070471 -0.389363 0.029142
-1.202617 -1.243482 0.939156 -0.106576 0.097693 -0.557426 -0.525294 -0.622397 0.648557 0.507061 0.747101 0.190205
0.803933 -0.746664 1.028384 -0.698295 0.086619 -0.091132 0.359495 -0.101853 -0.006858 -0.820962 -0.520253 -0.587472
-1.242869 -0.336231 0.480987 -0.278804 -0.895165 -1.043647 -0.357445 -0.122320 0.534078 0.809056 0.510196 0.337407
-1.358068 -0.912193 0.572218 -0.193708 -0.612579 -0.557345 -1.024298 0.032123 0.711022 0.562649 0.717794 0.673585
-0.843584 -0.635179 0.717025 -0.744890 0.376879 -0.815052 -0.012555 -1.644560 0.446222 0.144480 0.052196 -0.701927
-1.110317 -0.175040 0.449574 -1.219668 -0.441375 -0.809340 -0.606283 -0.365171 1.288332 0.378570 -0.034873 0.055851
-0.902930 -0.461108 0.731874 -0.241819 -0.451535 -0.693939 -0.061834 -0.391127 0.439348 0.705955 0.428689 0.029292
-0.584337 -0.459072 -0.068676 -0.465435 -0.166565 0.236254 -0.166169 -0.431989 0.739491 -0.367243 -0.315180 -0.264075
-0.248228 -1.016219 -0.290476 -0.452844 -0.239847 -0.361972 0.255470 0.323217 0.241555 -0.468029 0.167148 0.011474
-0.504545 -0.023862 0.479660 -0.052414 -0.056928 -0.884412 0.027946 -0.032121 0.810098 0.088135 0.913306 -0.114689
-0.011922 -0.509132 0.626470 -1.110748 -0.028595 0.055283 -0.316176 -0.105627 0.283383 0.413879 0.532918 -0.239395
-0.684774 0.154833 0.651839 -1.168367 -0.411609 -0.225736 -0.156257 -1.074429 0.563425 0.247399 0.192899 -0.427759
-0.176511 -0.172918 0.808622 -0.421490 0.719705 -0.375551 0.202619 -1.190083 0.322096 0.339166 -0.333597 0.399491
-1.001366 -0.256904 0.462747 -0.814365 -0.345716 -0.259543 -0.742434 -0.352620 0.370510 0.730822 0.480950 0.291778
-1.039031 -0.665998 0.536233 -1.078994 -0.384513 -0.615776 -0.488245 -0.666094 0.303597 0.459600 0.402328 -0.508728
-0.958054 -0.066545 0.287442 -0.187626 -0.823438 -0.432865 -0.521661 -0.122260 0.019373 -0.253925 0.115287 0.505648
-0.680160 0.099734 0.466340 -0.898719 -0.406051 -0.913408 -0.913896 0.249867 1.071809 0.427741 0.032359 0.587167
0.629399 -0.526963 0.707760 -0.758003 0.372291 -0.172648 0.063939 -0.936980 0.534317 -0.296709 -0.601754 -0.152515
-0.899254 -0.083088 0.737038 -0.206249 -0.345229 -0.998737 0.094536 -0.166547 0.253486 0.492558 0.011466 -0.033926
-0.914806 -0.154322 0.498634 -0.734779 -0.024343 -0.561184 -0.471102 -0.677813 0.314384 0.432876 0.230956 0.514981
-1.104295 -0.415021 0.126779 -0.087748 -0.263583 -1.234075 -0.260190 -0.198000 0.393044 0.063513 0.107576 -0.537976
-0.939121 0.249218 0.754264 -0.648748 -0.209684 -0.287047 -0.349252 0.225126 0.775277 0.229693 -0.007058 0.000724
-0.902145 -0.250119 0.169559 -0.946427 -0.087043 -0.278950 -0.417361 -0.703881 0.716826 0.490934 0.474653 -0.022411
-0.364038 -0.561052 0.319673 -0.227024 0.040489 -0.171391 0.391336 -1.072835 0.264257 0.613000 0.121336 -0.858565
-1.215800 0.137725 0.323328 -0.929190 -0.294630 -0.756207 0.039225 -0.504208 0.557844 0.547946 0.022568 -0.221418
0.036753 -0.912323 0.508747 -0.359059 0.155744 -0.456738 0.706932 -0.419230 0.591451 -0.342196 -0.123506 -0.252816
-1.022236 0.355853 0.101861 -0.616298 -0.766636 -0.103602 -0.043191 -0.186788 0.464564 0.162246 -0.014984 -0.093724
-0.578061 -0.996237 0.464754 -0.465278 -0.117614 0.198508 0.009369 -0.691865 0.543099 0.541778 0.166602 -0.189898
-0.774132 -0.526052 0.252071 -0.320223 -0.029318 0.063437 0.019992 -0.142807 0.927608 0.387165 0.399956 -0.181230
-0.840597 0.049500 0.197729 -0.415483 -0.756334 0.295088 0.136769 -0.023764 0.573129 -0.338848 -0.217222 -0.267152
-0.921923 0.001005 0.436719 -0.722482 -0.313275 -0.437907 -0.921267 0.222431 0.243051 0.431556 0.633346 0.227933
-1.173488 -0.087077 0.881211 -0.153404 -0.602132 -0.995512 -0.697615 0.054798 0.542833 0.418627 0.034176 0.421430
-0.895909 -0.345707 0.821924 -0.062513 -0.937650 -0.478951 0.044825 0.005911 1.046113 1.021537 0.337143 0.167721
-0.753558 -0.428836 0.092041 -0.392739 -0.339850 0.242866 -0.560499 0.195955 0.823112 0.338413 0.095996 0.577589
0.219652 -1.059219 1.525628 -0.680334 0.207876 -0.575922 0.025161 -0.605038 0.286324 0.037747 0.473337 -0.480716
-0.066792 -0.603556 0.888363 -0.397414 0.549753 -0.253290 -0.122232 -0.345459 0.732025 -0.516495 -0.257235 0.185953
-0.268550 -0.144309 1.121716 0.038152 -0.096495 -0.576220 -0.051838 -0.319751 1.432257 -0.198107 0.646406 0.278205
-0.435476 -0.432280 0.792071 -0.974630 0.689826 -0.428897 0.272498 -1.299785 0.189034 0.266211 -0.155288 -0.485376
-0.622620 -0.591511 1.283019 -0.435565 0.643444 -0.965754 -0.018681 -0.557485 0.481731 0.253615 0.216395 -0.150358
-0.367747 -1.026234 1.094617 -0.685349 0.042205 -0.950172 0.228904 -0.411071 0.283421 0.510093 0.628531 -0.303817
0.303223 0.742281 1.371167 -0.095712 -0.621595 -0.384573 0.631252 0.070200 0.920063 0.857597 0.080579 -1.019547
-0.169105 -0.587650 1.338789 -0.453437 0.492948 -0.419395 -0.216817 -0.473013 0.483003 -0.278104 -0.014427 0.089501
0.568637 0.567065 1.386552 -0.849144 -0.172178 -0.774730 0.475010 -1.214144 0.324113 0.103694 -0.584302 -0.708366
0.015114 -0.666025 1.228843 -0.745122 0.413186 -0.274358 -0.199457 -0.412280 0.492360 -0.332017 0.122704 0.112685
-0.138922 -0.747088 1.241596 -0.498265 0.342078 -0.369158 -0.331753 -0.439508 0.515376 -0.354030 -0.041719 -0.047079
-0.193364 -0.720479 0.585002 -0.759280 0.268660 -0.053870 0.339645 -0.279250 0.472679 -0.024983 -0.553291 -0.611643
0.250629 -0.658483 1.028211 -0.736702 0.192781 -0.099033 -0.187522 -0.340912 0.561213 -0.631247 -0.171977 0.067154
0.560660 -0.372671 1.369191 -0.958044 0.240415 -0.130628 -0.166505 -0.543665 0.335810 -0.305339 -0.262006 -0.320562
-0.350759 0.471891 0.583314 -0.531679 0.540906 0.087395 0.430989 -0.747774 0.596458 0.425929 0.807715 -0.862408
-0.010812 -0.672624 0.799327 -0.508945 -0.272859 0.311221 0.512889 -0.560923 0.675454 -0.876230 -0.307461 0.111600
0.155763 -1.104159 0.062611 -0.294910 -0.267378 -0.276273 0.258006 0.283806 0.498954 -0.620031 -0.778740 -0.056411
0.836522 -1.049716 1.045277 -0.533398 0.831160 -0.698096 0.803787 -1.166962 -0.095276 0.408718 0.454527 0.261892
0.244047 -0.939976 1.019140 -0.346076 -0.222753 -0.523706 0.458758 -0.352399 0.431820 -0.151637 0.359286 -0.281193
0.345893 -0.883933 -0.241035 -0.250807 1.173336 -0.331152 0.739217 -0.452025 0.920805 0.247456 0.391800 -0.355970
0.170686 -0.879028 0.708133 -0.927040 0.460486 -0.199628 0.175898 -1.084777 0.415202 0.286415 0.531000 -0.269167
0.111970 -1.065913 1.380065 -0.567293 -0.126341 -0.224860 0.592902 -0.741847 0.417727 0.155532 -0.142317 -0.550358
0.293272 -0.963418 0.988460 -0.195198 0.024928 -0.378260 -0.109439 -0.037360 0.797043 -0.397029 -0.399573 -0.398587
0.189155 -0.529790 1.142426 -0.964950 -0.284642 0.252758 0.767510 -0.520283 0.328048 0.465783 0.125885 -0.964949
-0.119719 -0.192628 2.051023 -1.059308 -0.156729 -0.142591 0.422366 -0.547003 0.552877 0.275032 0.701654 -0.583245
0.727678 -0.409177 0.647419 -0.579795 0.773316 0.434721 -0.156674 -0.871186 0.511360 -0.010979 0.512012 0.204434
0.047537 -0.795691 0.944803 -0.796969 0.011938 -0.106597 -0.006884 -0.688498 0.816999 -0.210654 0.152941 0.404252
0.455650 -0.362627 1.386478 -1.074367 0.753926 -0.381119 0.712038 -0.746488 0.301166 0.002887 0.004049 -0.326575
0.264049 -0.535697 0.877659 -0.116850 0.545748 -0.070693 0.144102 0.038536 0.316488 -0.252804 0.103060 0.421220
-0.292638 -0.895214 0.787839 -0.536234 0.834983 -0.378189 0.384091 -1.127362 0.767375 0.289751 0.166218 -0.505695
-0.248364 -0.472253 0.048850 -0.841963 -0.631648 -1.379110 -0.221847 -0.337869 0.449645 0.879821 -0.026458 -0.239370
0.399715 -0.714777 1.407391 -0.548792 0.071916 -0.274318 -0.328456 -0.081253 0.477020 -0.772082 0.310772 -0.098659
0.384298 -0.305756 1.421319 -0.433416 0.676764 -0.339151 0.012198 -0.519544 0.307813 -0.503785 0.110510 -0.164687
0.333398 -0.787249 1.025330 -0.359262 -0.073149 -0.490734 0.498768 -0.078484 0.543830 -0.364543 -0.001564 -0.283789
-0.533049 0.241505 0.931124 -0.017889 0.562269 -0.713816 0.609608 -0.441069 0.194961 -0.353865 -0.349993 -0.236027
-0.038362 -0.796914 1.030393 -0.499030 0.930918 -0.321401 -0.482717 -0.199681 0.757186 -0.577875 0.247746 0.125522
-0.218800 -0.542483 0.912249 -0.631558 0.452302 -0.155317 0.234584 -0.665169 0.706225 0.401333 0.427648 -0.138050
0.914735 -0.582995 1.424953 -0.437791 0.069465 -0.346989 -0.069105 -0.908804 0.604665 -0.275548 0.125150 -0.780237
0.066994 -0.257205 0.233135 -0.174979 -0.044745 -0.612918 -0.253475 -0.002119 0.578882 0.095192 0.232579 0.667519
0.185784 -0.270458 1.085828 -1.116179 0.583150 0.271517 0.536593 -1.460717 0.191507 0.078677 -0.384163 -0.123554
0.628701 -0.816204 1.454703 -0.504800 -0.762617 -0.401500 0.168339 0.522421 0.619607 -0.277313 0.027675 0.236555
0.186416 -0.264351 0.689091 -1.204257 -0.057198 -0.635741 -0.162469 -0.238626 0.911378 0.388597 0.411087 -0.382380
-0.642719 -0.631913 0.830775 -0.536898 -0.189047 -0.564486 -0.724276 -0.643063 0.643998 -0.035871 0.472045 0.619353
0.504507 -0.093259 1.124440 -0.755923 0.460441 -0.229816 -0.028495 -0.553835 -0.222143 -0.304624 0.044901 -0.120964
0.292269 -0.078025 0.908397 -0.045933 -0.085074 0.072414 0.993189 -0.855528 -0.000621 -0.628919 -0.751152 -0.199970
0.553986 -0.360576 1.092963 -1.097002 0.315318 0.028108 0.265541 -1.228160 0.034061 -0.193474 -0.688871 -0.379818
-0.631804 -0.062763 1.252356 -0.306327 -0.344659 0.160908 0.278814 -0.531722 0.674553 -0.108702 0.449975 -0.090820
-0.062991 -0.217388 1.060910 -0.042942 -0.463986 0.475983 0.587510 -0.371018 0.351832 -0.141872 -0.027164 -0.735946
-1.097013 -0.276833 0.913500 0.072434 -0.735142 -0.489417 -0.234932 -0.364649 0.780766 0.384803 0.327214 0.293934
-0.528897 1.254098 0.191049 -0.451162 -0.500471 -0.526983 0.118256 -0.184760 0.319072 0.790956 0.121105 -0.930643
-0.668032 0.293923 0.963039 -0.616922 -0.566357 -0.407610 0.322111 -0.246520 0.403110 0.490525 0.319653 -0.346099
-0.919066 -0.398465 0.590094 -0.308941 -0.052299 -0.618150 -0.114079 -0.243454 0.676174 0.725757 0.170178 -0.329983
-0.399459 -0.708388 1.011169 -0.089311 -0.164919 0.240258 -0.050309 -0.480191 0.403757 0.551952 0.274661 0.308420
-1.414570 -0.174854 0.450913 -0.152311 -0.799408 -0.985546 -0.335948 -0.246040 0.749093 0.668191 0.307900 0.355268
-0.337444 0.795882 0.347647 0.172639 -0.278965 -0.442626 0.080500 -0.387313 0.092634 0.472671 0.251886 -0.256357
-0.754198 -0.167676 0.582104 -0.314798 -0.493141 -0.315942 -0.042805 -0.412949 0.421312 -0.320422 -0.087852 -0.007744
0.020351 -0.414173 0.662952 -0.085237 -0.349462 0.373025 0.179404 0.240690 0.016561 -0.187769 0.253096 -0.086914
-0.678397 -0.098206 0.557639 0.299146 -0.572747 -0.494928 -0.506555 0.409606 0.247876 -0.331392 0.127299 0.591734
-0.584627 -0.516686 0.382798 -0.029223 -0.445247 -0.310262 0.370621 -0.104880 0.593510 -0.032468 -0.350402 0.056514
-0.936668 0.059235 1.524169 -0.719772 -0.609940 -0.284355 0.016834 -0.761092 0.681646 0.141471 -0.194068 -0.372382
-1.124361 -0.334325 0.437259 -0.495571 0.277243 -0.792200 0.331562 -1.715216 0.341801 0.582373 0.028664 -0.506157
-0.386634 0.066738 0.555766 -1.301530 -0.529874 -0.432896 -0.274459 -0.308757 0.528979 0.759307 0.286001 0.108518
-0.761132 -0.032909 1.361364 -1.131068 -0.213087 -0.841975 0.101560 -0.541699 0.527232 0.814590 0.079040 -0.103900
-1.496413 -0.217037 0.732025 -0.240955 -0.608720 -0.576009 -0.027166 -0.276083 0.379307 0.530052 0.256535 0.200551
-0.684798 0.180544 0.582805 -0.225236 0.000817 -0.265462 -0.231129 0.382978 0.602733 -0.109803 -0.439232 -0.000547
-0.165982 0.706007 0.473731 -0.303696 -0.473746 -0.355114 -0.255332 -0.346842 -0.193404 0.178374 0.094472 -0.341696
-1.222677 0.332858 0.327293 -0.740933 -0.185179 -0.278822 -0.789312 -0.358555 0.588008 0.207351 0.040966 -0.092697
-0.646167 0.209242 0.275805 -0.009897 -0.138904 -0.978889 -0.463052 0.535628 1.462697 -0.070047 0.629621 0.013430
0.024657 0.283721 1.279333 -0.987059 -0.925984 1.079400 0.391911 -0.507327 0.781640 0.524004 -0.159729 -0.051497
0.235862 -0.101908 0.774469 -0.542238 -0.387608 1.368594 1.328377 -0.584709 0.460825 0.051557 -0.180028 -0.306276
0.324481 -0.251132 0.661981 -0.542241 -0.472984 1.406978 1.249929 -0.429179 0.523006 0.150950 -0.121072 -0.367415
0.329198 -0.131075 0.741669 -0.468482 -0.405040 0.875654 1.312257 -0.552361 0.469964 0.299288 -0.175710 -0.591369
-0.111942 -0.676619 0.294904 -0.743004 -0.357128 1.195833 0.990578 -0.801402 0.575511 0.459013 -0.511652 0.025056
0.094553 -0.043203 0.433742 -0.301515 -0.476848 1.074885 0.836766 -0.020469 0.408619 0.315880 -0.036462 -0.676378
0.194668 -0.497008 0.515226 -0.381203 -0.694072 1.234472 0.635055 0.042145 0.479933 0.162960 -0.018216 -0.072143
0.256758 -0.654897 0.667630 -0.524005 -0.323114 1.553653 1.333929 -0.640834 0.567849 0.312411 -0.251184 -0.292377
0.297908 -0.202170 0.744500 -0.387556 -0.456166 1.479117 1.145897 -0.286364 0.383301 0.279398 -0.203448 -0.512568
0.313677 -0.469422 0.436013 -0.302633 -0.020017 0.382786 1.193310 -0.006040 0.695811 -0.098560 -0.111513 0.247610
0.466412 0.135807 0.754153 -0.458168 -0.558500 1.617201 1.157729 -0.366496 0.168924 0.214932 -0.135327 -0.600132
-0.300534 -0.960787 0.595251 -0.148027 0.113795 0.501701 0.644379 -0.484541 0.843806 0.015503 -0.239986 0.257431
0.217005 -0.038338 1.064882 -0.796453 -0.084876 0.956840 0.779039 -0.245545 0.935845 0.501809 -0.137106 0.308334
0.591764 -0.285559 0.478920 -0.677505 -0.168751 0.975719 1.063023 -0.217935 0.600177 0.498074 -0.474820 -0.116104
0.279972 -0.129132 0.693543 -0.284940 -0.429670 1.388988 1.179029 -0.359400 0.422510 0.298639 -0.149477 -0.537174
0.020083 -0.892173 0.461291 -0.859911 -0.196477 1.427457 1.156170 -0.905079 0.712485 0.427326 -0.214812 -0.102566
