0.069595 -1.238959 0.192325 -0.349006 -0.045734 0.123166 0.558898 -0.266404 0.518372 -0.359474 0.048446 -0.051059
0.075454 -0.864168 1.340633 -0.477639 -0.184174 0.275564 0.378136 -0.696376 0.703879 -0.411250 -0.825270 -0.267883
-0.929027 -0.266179 0.577041 -0.194286 -0.400952 -1.170911 -0.386362 -0.454136 0.769627 -0.127529 0.118458 0.421654
-0.244023 -0.753635 0.216061 -0.221300 -0.531917 -0.388624 -0.732579 -0.020563 0.901021 0.303993 0.117628 -0.127897
-0.470860 -1.097799 -0.093109 -0.237724 -0.191377 0.413244 0.273404 -0.051367 0.591649 -0.225157 0.505689 0.323797
-0.602496 0.274609 0.887613 0.059474 -1.169157 -0.396345 -0.376750 0.071401 -0.043990 0.080819 0.039041 -0.303036
-0.912973 -0.770637 0.461852 -1.128510 -0.147949 0.219096 -0.015170 -1.169317 0.352780 0.279130 0.022978 -0.174069
-0.765874 -0.482242 0.843549 -0.178618 -0.763085 0.183409 0.132102 -0.290826 0.366751 0.149754 -0.042370 0.152087
-0.354053 -0.727086 -0.163256 -0.687239 0.057420 0.348050 -0.243434 -1.047456 0.622588 -0.084206 0.500585 -0.628295
-0.779818 -0.468308 0.040512 -0.524127 -0.539288 -0.471717 -0.458783 0.297452 1.000898 0.168501 0.004767 0.281901
-1.060635 -0.413595 0.641547 -0.590495 -0.764228 -0.524493 -0.838135 0.082490 0.551924 -0.579872 0.567395 0.486545
-1.179629 -1.127299 0.940155 -0.135184 -0.432788 -0.460922 -0.420169 -0.249335 1.032032 0.373323 0.484672 0.325879
-0.694631 -1.223213 0.759591 -0.017785 0.222679 0.197139 0.255509 -0.465446 0.264857 -0.430732 0.088153 0.143911
-0.491814 -0.132777 1.085957 0.083625 -0.653325 -0.275796 -0.205589 -0.347504 0.562321 -0.160576 0.310418 -0.266417
-1.414474 -0.766145 0.542424 -0.366607 -0.251351 -0.227226 0.234211 -0.630350 0.478692 -0.437550 -0.284535 -0.260321
0.046457 0.667406 0.999962 0.766426 -0.301761 -0.418366 -0.105216 0.135416 -0.159189 -0.443137 0.219577 -0.182404
-0.696177 -0.793359 1.111766 -0.086452 -0.456093 -0.636504 -0.292553 -0.217222 0.902736 -0.069340 0.297737 0.377987
-0.341029 0.028462 0.339892 -0.967061 -0.173455 -0.580798 -0.243526 -0.619763 0.915245 1.108675 -0.143707 0.348095
-0.804201 -0.537132 -0.218772 -0.553607 -0.291224 -0.476177 -0.022994 0.183809 0.047425 -0.164181 0.899883 -0.042908
-0.372863 0.453449 0.878349 -0.920882 -0.187485 -0.534213 -0.673172 -0.536838 0.698694 0.751052 -0.219210 0.287551
-0.361745 -0.465353 0.359009 -0.300796 -0.618147 -0.102763 0.092621 -0.991485 0.708536 0.449061 0.108828 -0.298564
-1.176282 -0.436575 0.097446 -0.885139 0.069640 -0.418433 -0.582102 -0.513808 0.921931 0.061183 0.267221 -0.292396
-1.438870 0.283814 0.859178 -0.380561 -0.402916 -0.464688 -0.046755 -0.968636 -0.398236 0.125307 0.078265 -0.353786
-0.948387 -0.452906 0.360310 -0.297622 -0.769229 -0.221405 -0.103071 -0.259086 0.211018 0.425559 0.156923 -0.130749
-0.117356 -0.423375 0.809495 -0.620835 0.474871 -0.991100 -0.026612 -0.687515 0.769647 -0.224573 0.049309 -0.756434
-0.789672 -0.406666 0.506579 -0.254293 -0.037609 -0.154130 0.191543 -1.175076 0.332520 0.009248 -0.039493 -0.841532
0.008985 0.266788 1.288667 -0.167530 -0.446310 -1.333471 0.449986 -0.856472 0.219681 0.228217 -0.333733 -1.123975
-0.651022 -1.166392 0.218646 -0.729617 0.590915 -0.098816 0.356190 -0.608923 0.620180 0.034901 0.117137 -0.751043
-0.726921 -0.492013 0.734650 -0.162057 0.105304 -0.579827 0.011498 -0.165584 0.590403 -0.211107 -0.164626 -0.158993
-0.637034 -0.508039 -0.553323 -0.400579 0.242348 -0.777785 -0.181028 -0.407026 0.899012 0.292923 0.591816 0.057299
-1.123814 0.591126 1.307335 -0.770082 -0.188643 -0.342047 -0.068738 -0.483635 0.274514 0.391302 -0.394045 0.107498
-1.155931 -0.097364 0.929736 -0.764664 -0.780284 -0.547720 -0.027377 -0.466484 -0.036285 0.477897 -0.106170 -0.564849
-0.260018 -0.289389 0.145536 -0.666578 -0.326127 -0.612913 0.018257 0.097353 0.652299 0.539760 0.838774 0.049755
-0.793888 -0.454194 0.606021 -1.019751 -0.268579 -0.731227 -0.046464 -0.395321 1.025955 0.213393 0.476808 -0.610252
-1.453291 -0.903578 0.647305 -0.713451 -0.087296 -0.292935 -0.375127 -0.953113 0.295880 0.787073 0.182847 0.007314
-1.124548 0.212361 0.239794 -0.779201 -0.741189 -0.993928 -0.486902 -0.040501 0.193383 0.424379 0.056364 0.033142
-1.213297 0.184403 0.633228 -0.641131 -0.469037 -1.140975 -0.959024 0.244067 0.384139 0.610936 0.194352 0.373082
-0.004462 -0.076900 -0.551765 -0.642066 -0.289972 -0.416497 -0.020246 -0.684528 0.653123 0.481982 0.566395 -0.901476
-1.106757 -0.243593 0.896890 -0.495155 0.122185 -0.781810 -0.227011 -0.172769 0.408979 -0.244118 0.163317 -0.340545
-1.062611 -0.314529 -0.134973 -1.043025 -0.404051 -0.550089 -0.430691 -0.572754 0.583062 0.342563 0.145887 0.331229
-0.361696 -0.030449 1.018746 -0.143178 0.601068 -0.316916 0.476697 -0.576983 0.687151 0.001122 -0.294253 -0.416950
0.088908 -0.396871 0.534189 -0.437377 0.797709 -0.630790 0.146028 -0.899393 0.610548 0.245086 0.169499 0.284416
0.254565 -1.135198 0.292410 0.260959 0.102937 0.746742 0.600112 -0.520080 0.858344 -0.601830 -0.356913 -0.117124
-0.640010 -0.159313 0.244965 -0.606732 -0.346674 -0.698940 0.048549 -0.033448 0.690743 0.203593 -0.348237 0.010304
0.097713 -0.855203 0.491553 -0.844709 0.635864 -0.349656 0.731197 -0.656850 0.296030 -0.319543 -0.416915 -0.420267
-0.471038 -1.597439 0.515117 -0.195182 -0.120712 0.306771 0.475630 -0.315145 0.602487 -0.082540 -0.162128 -0.015091
-1.364746 -0.399220 0.222116 -0.364907 -0.296298 -0.252992 -0.980484 0.094578 0.544977 0.095499 0.177813 0.070084
-0.226675 -0.862911 -0.273171 0.163744 -0.579987 -0.205401 -0.567551 0.759445 0.770544 0.204538 -0.398788 0.276210
-1.026293 -0.189830 0.687854 -0.613983 -1.051344 -0.542027 -0.444742 -0.292768 0.436089 0.657558 0.189296 0.379838
-1.165528 0.453490 0.335475 -0.462255 -0.696385 -1.000051 -0.505761 -0.376031 -0.259086 0.629579 0.073282 -0.363624
-1.245214 -0.491089 0.568670 -0.026174 -0.402275 0.026919 -0.200280 -0.437569 0.658993 0.622814 0.139744 0.424121
0.034876 -1.145098 0.493835 0.549860 0.283175 -0.085630 -0.031219 -0.038125 0.979368 -0.714973 0.238537 0.317012
-0.858379 -1.038878 -0.317971 -0.264091 0.005653 -0.055541 0.080854 0.582805 0.530651 0.436392 -0.070664 -0.594050
-0.596767 -0.443377 0.314182 -0.120756 0.345972 0.067971 0.131076 -1.014140 0.541461 0.222738 0.163760 -0.626243
0.135807 -1.459884 0.254643 0.174865 -0.020737 0.112272 0.453112 -0.158974 0.962973 0.170638 -0.201341 -0.174112
-0.305703 -0.441033 0.829618 -0.448375 -0.104523 -0.710370 -0.188481 -0.567895 0.459045 0.568046 0.429832 0.137636
-1.486210 -0.457174 0.641429 0.072683 0.052240 0.059775 -0.073280 -0.818749 0.582175 0.608451 0.195917 -0.237949
-1.056564 -0.423815 0.625516 -0.564379 -0.931619 -0.070650 -0.019588 -0.207513 0.931544 -0.376560 -0.428094 0.009831
-0.150472 -1.059045 0.105979 0.041846 -0.390618 -0.511206 -0.405023 -0.158714 0.970182 -0.197552 -0.075868 -0.088213
-1.240573 -0.219814 0.942644 -0.763077 -0.644929 -1.069408 -0.553558 -0.253372 0.590585 0.674439 0.295155 0.454100
0.480220 -1.516118 0.334840 -0.672519 -0.080548 0.074797 0.360205 -0.765083 0.640714 0.034213 0.431111 -0.239246
-0.271473 -1.322711 0.263465 -0.128003 0.049194 -0.241678 1.016806 -0.659111 0.515449 0.087845 0.055574 -0.232284
-0.385152 -0.767797 -0.129163 0.017067 -0.022222 -0.007208 -0.492563 0.101000 0.458218 0.680681 0.085795 0.158074
-1.285045 -0.607906 0.542348 -0.820800 -0.029855 -0.112009 -0.466124 -0.757076 0.248484 0.722738 0.184771 -0.098006
-0.125533 -0.549640 0.126318 0.333355 -0.002150 -0.891663 0.028678 -0.040399 0.675620 0.372950 -0.249673 0.037105
-0.474700 -0.438805 -0.026473 0.447319 0.444087 -0.237872 -0.245430 -0.825911 0.360301 0.249109 -0.152757 -0.130353
-0.133724 -0.018915 0.505502 -0.916664 0.172550 0.032760 0.241595 -1.050624 0.877431 0.060246 -0.591354 0.051658
-0.419136 -0.658604 -0.014680 -0.783487 0.320450 -0.669185 -0.298686 -0.356234 0.671567 1.308280 -0.000159 0.475853
-0.433444 -1.155268 0.879825 -0.374680 0.266571 -0.522800 0.414217 -1.568355 0.492196 0.628643 0.230134 -0.465873
-0.507021 -0.228878 0.040983 -0.036535 -0.035664 -0.491838 -0.204225 0.076726 0.204691 0.845207 0.487555 0.237698
-1.288171 -0.238583 0.328029 -0.029103 -0.265524 -0.374151 -0.010177 -0.230520 0.132474 0.386000 0.188388 0.011611
-0.026404 -0.648123 0.176685 -1.178328 0.287004 -0.186488 0.228249 -0.826571 0.225666 0.468346 -0.120081 0.376668
-1.067552 -0.844214 0.287969 -0.528397 -0.708093 -0.119627 0.119086 -0.371502 0.133579 0.170330 -0.197047 -0.710151
-0.049828 -0.799258 -0.176010 -0.491072 -0.552572 -0.539856 -0.006088 -0.293601 0.990727 0.030275 -0.036368 -0.374210
-1.053109 -0.497980 0.593702 0.053930 -0.782613 -0.726564 -0.828100 0.016499 0.632728 -0.046274 0.223827 0.752676
-0.833995 -0.011787 0.713695 -0.626714 -0.505959 -0.635760 0.336223 -0.114570 0.778698 0.051120 -0.347937 -0.157561
-1.025718 0.008168 0.730177 -0.107847 -0.717070 -0.745416 -0.892848 -0.088330 0.385094 0.116642 0.499595 0.542295
-1.019565 -0.134789 0.551883 -0.996098 -0.023494 -0.993294 -0.434771 -0.809330 0.370334 0.516331 0.717839 -0.282391
-0.521765 0.083005 1.015977 -0.593219 0.260383 -0.388114 0.045542 -0.725409 0.189581 0.159734 0.091002 -0.223784
-0.723285 -1.170495 0.535856 -0.852967 -0.421377 -0.155504 0.399028 -0.228974 0.331111 -0.042574 -0.198887 0.069475
-0.372015 0.271637 0.089842 -0.432981 -0.009670 -0.307459 0.329006 -0.269966 0.385319 -0.053225 0.701147 -0.383334
-0.052952 -0.583336 1.176224 -0.549222 0.165895 -0.255396 -0.506447 -0.359630 0.764091 -0.523260 -0.052821 0.430425
0.274407 -0.592321 1.027852 -0.674984 0.137463 -0.393027 0.020133 0.006210 0.512295 -0.727082 -0.119177 0.418233
-0.224301 -0.819701 1.371540 -0.358896 0.186520 -0.106054 -0.050660 0.134260 0.503877 -0.888410 0.008371 0.447815
-0.102033 -0.488356 0.321461 -0.520047 -0.029255 -0.503773 0.502999 -0.908932 0.021901 0.072804 -0.488200 -0.295924
-0.436558 -0.790302 1.169552 -0.225340 0.563490 -0.602830 -0.571256 -0.266929 0.728583 -0.567744 -0.043976 0.455976
-0.271384 -0.355154 1.264712 -0.653191 0.552142 -0.534092 -0.083046 -0.427049 0.528285 -0.145402 -0.249698 -0.127879
0.402227 -0.519301 1.126526 -0.447417 0.233003 -0.032784 0.428099 -0.394703 0.033292 -0.290988 -0.309987 -0.168226
0.215871 -0.717666 0.797708 -0.596617 0.495921 -0.059866 -0.350108 -0.909753 1.327668 -0.279525 0.385999 0.018706
0.545423 -0.431019 0.950770 -0.442154 0.367165 -0.433443 -0.093746 0.146253 0.440339 -0.353970 -0.001655 -0.110654
0.249245 -0.462269 1.264416 -0.563936 -0.127720 0.212111 0.147297 -0.562739 1.222231 -0.242354 -0.020232 0.160551
-0.177936 -1.113684 0.662888 -0.439770 -0.056441 0.440856 0.821845 -1.007149 0.276371 -0.403543 0.123698 -0.397011
0.088846 -0.263426 1.261010 0.136882 0.914261 -0.461757 0.333101 -0.651271 0.586479 -0.147953 -0.167020 0.007949
-0.074248 -0.989002 1.704326 0.060057 0.514130 -0.994334 -0.306006 -0.196500 0.416559 -0.154841 0.347335 -0.094326
-0.104351 -0.684553 1.302741 -0.749419 0.043456 -0.346164 -0.577632 -0.051518 0.834489 -0.468915 0.110462 0.442557
-0.102040 -0.772638 0.423790 -1.378844 -0.201100 0.019296 0.970341 -1.281980 0.528929 0.293994 -0.501619 -0.287067
0.946160 -0.186390 1.085240 -1.293789 0.405606 -0.320624 0.533475 -0.390925 -0.341072 -0.730651 -0.867620 -0.637481
0.608968 -0.811979 0.575404 -0.216433 -0.344113 -0.489642 0.219314 -0.705811 0.717928 0.089467 -0.139996 -0.583953
-0.228241 -1.041509 0.122604 -0.523754 0.336900 -0.263455 -0.015632 -0.285841 0.937166 -0.927462 0.632172 0.336476
-0.196127 -1.408697 0.778895 -0.088888 0.856962 -0.218905 0.430834 -1.166484 1.021699 -0.404269 -0.043619 -0.186004
0.368154 -0.441518 0.165981 -0.537544 0.406693 0.066844 0.321450 -1.073293 0.499318 0.497200 -0.342597 0.240323
0.081227 0.635510 1.027651 0.092238 -0.364436 -0.131654 -0.026418 -0.550388 0.197211 -0.304278 0.342503 0.141806
-0.320247 -0.038965 0.503164 -0.739188 -0.004890 -0.226645 -0.057734 -0.711780 0.876806 0.149737 0.197502 0.151823
-0.221790 -0.085523 0.761334 -1.318955 -0.645827 -1.146802 -0.396189 -0.638542 0.333934 0.299088 -0.267110 -0.583760
0.727175 -0.781336 1.249228 -0.658297 -0.268010 -1.100889 0.206082 -0.995196 0.428542 0.411551 0.436339 -0.703076
0.366909 -0.861439 0.894103 -0.617844 -0.427029 -0.287646 -0.060925 -0.102436 1.146594 -0.556372 0.431749 -0.073027
-0.221496 -0.351558 0.673397 0.223749 -0.094279 -0.257780 -0.348229 0.065394 0.520255 -0.519454 0.282894 0.534256
0.240714 -0.751978 0.344804 -0.281582 -0.623384 -0.296709 0.504758 0.013164 0.825353 -0.986568 -0.231042 0.361642
-0.614079 -0.856525 -0.432265 -0.207570 1.028486 0.115274 0.538787 -0.605046 0.564568 0.039419 0.458920 0.207881
-0.470575 -0.121233 0.473885 -0.798693 0.536472 -0.929762 -0.179094 -0.548548 0.015631 -0.266675 0.368271 -0.222848
-0.193564 -0.782602 0.586183 -0.923812 0.461789 -0.727361 -0.327268 -0.736513 1.007109 -0.109889 0.721188 -0.471496
-0.050486 -0.484540 0.405287 -0.331181 0.139865 -0.781410 -0.107923 -0.227719 0.640339 -0.008390 -0.114685 -0.541679
-0.874078 -0.650043 0.353361 -0.864497 0.513006 -0.686588 0.735614 -1.376408 1.067385 0.833431 0.905512 -0.339636
0.500718 -0.339572 1.002914 -0.956274 -0.151704 -0.309840 0.298354 -0.821137 0.246868 -0.494639 0.006931 -0.619741
-0.398025 -0.509705 0.673573 -0.735698 0.268625 -0.984369 0.402203 -0.637922 0.300650 -0.007673 0.026152 -0.841576
0.396425 -0.789138 0.727222 -1.333837 0.066868 -0.767388 0.068417 -1.198727 0.512081 0.707704 0.056661 -0.413937
-0.325607 -0.000009 0.909949 -0.957458 0.370924 -0.048720 0.165047 -1.246304 0.648027 -0.421553 -0.036951 -0.013478
0.266125 -0.666689 1.114107 -0.821814 0.347390 -0.560322 0.341247 -0.920315 0.020111 0.175705 0.194236 -0.422144
-0.118698 -0.853940 0.618678 -0.019646 -0.107389 0.838956 0.618776 -0.219608 0.591386 -0.524213 -0.241537 -0.073074
-0.014601 -1.378062 0.958489 -0.414786 0.017652 -0.515737 -0.484407 -0.216005 0.748579 -0.706712 0.187564 0.106433
0.401058 -0.137855 0.500069 -0.776656 0.660521 -0.690904 -0.083443 -1.086231 0.445236 -0.000123 0.304210 -0.829203
0.198718 -1.261059 0.608037 -0.474907 -0.016720 0.154579 0.227157 -0.468444 0.623039 -0.749403 0.160746 0.123778
0.439531 -0.195197 0.882773 -0.265032 -0.305539 -0.144867 0.485694 0.108393 0.644165 -0.905598 -0.761649 -0.317081
0.096555 -1.123692 0.408887 -0.440381 0.108336 0.274966 1.014857 -0.850458 0.187587 -0.191861 -0.156001 -0.135859
0.530053 -1.072955 -0.109693 0.014053 -0.023333 0.285753 0.310344 0.016028 0.586443 -0.960440 -0.279612 -0.025203
0.053772 -0.627235 0.428329 -0.743208 -0.334853 1.471722 1.100672 -0.814228 0.812691 0.209877 -0.203114 -0.086380
0.166738 0.283008 0.775463 -0.272131 -0.548018 1.225774 1.032484 -0.253731 0.017584 0.335703 -0.310300 -0.211446
-0.047015 -0.585339 0.364539 -0.856789 -0.413398 1.361389 1.139699 -0.778555 0.747211 0.159002 -0.180071 -0.018517
-0.178107 -0.662964 0.357226 -0.860157 -0.401358 1.298010 0.889849 -0.788114 0.662842 0.031655 -0.277535 -0.107389
0.162752 -0.057674 0.566927 -0.955361 -0.442062 1.387114 1.311281 -0.807702 0.546812 0.217020 -0.128297 -0.145042
-0.438153 0.311061 1.229443 -1.266163 -0.732856 0.787731 0.739608 -0.711409 0.835179 0.386919 -0.191526 0.183828
0.247179 -0.465331 0.736772 -0.379598 -0.370260 0.912658 1.074979 -0.370455 0.237973 -0.053239 0.067624 -0.585012
-0.023409 -0.371365 0.630423 -0.499780 -0.365746 1.495006 1.131138 -0.711294 0.652567 0.343287 -0.365492 -0.402136
0.360140 -0.253428 0.536220 -0.594338 -0.509002 1.381304 1.162046 -0.233409 0.389995 0.141150 -0.178121 -0.328687
0.624494 -0.239177 0.470423 -0.812784 -0.560914 1.137158 1.026798 -0.560238 0.459569 0.363195 -0.185029 -0.226336
0.377710 -0.283032 0.750392 -0.529996 -0.240701 1.421485 0.971356 -0.140465 0.562888 0.407700 -0.138428 -0.230908
0.298971 0.182773 0.988217 -0.327210 -0.481586 1.481486 1.303380 -0.317592 0.357268 0.407451 -0.311223 -0.654555
0.179639 -0.055910 0.935420 -0.172589 -0.521378 1.457954 1.197672 -0.430298 0.476367 0.346237 -0.265550 -0.639621
0.146003 -0.311981 0.767297 -0.683550 -0.727200 1.254665 1.198903 -0.642587 0.786938 0.120651 -0.274625 -0.171213
0.047722 -0.283662 0.508778 -0.817985 -0.695024 1.111323 1.274658 -0.907332 0.440626 0.285139 -0.096341 -0.200749
0.183149 -0.185432 0.738284 -0.459373 -0.435512 1.312200 1.245184 -0.435042 0.402124 0.331579 -0.373512 -0.524951
0.196372 -0.185016 0.535627 -0.745597 -0.675205 1.291836 1.341934 -0.663872 0.646119 0.140705 0.069075 -0.268188
0.235033 -0.430939 0.802723 -0.111708 -0.208465 1.560882 1.084305 -0.480649 0.413503 0.501781 -0.221022 -0.592122
0.003522 0.300442 0.592994 -1.143456 -0.455000 0.763575 0.748094 -0.875255 0.562622 0.811783 0.232225 -0.399740
-0.723795 -0.026487 0.023169 -1.186042 -0.474519 0.713031 0.631111 -0.388811 1.033435 0.335228 -0.157665 -0.389063
0.138562 0.108399 0.626358 -0.813073 -0.658443 1.207895 0.920283 -0.429676 0.419981 0.102166 0.013949 -0.457295
0.313137 -0.499936 0.475297 -0.652569 -0.368060 1.461457 1.287292 -0.556614 0.536384 0.345069 -0.171346 -0.217808
0.441783 -0.698935 0.459705 -0.431231 -0.068644 1.393210 1.325364 -0.752491 0.365854 0.785164 -0.027456 -0.546833
0.285023 -0.038989 0.760883 -0.471041 -0.457137 1.457498 1.182470 -0.200898 0.277206 0.235909 -0.395603 -0.417429
0.293550 -0.052642 0.824849 -0.388805 -0.479589 1.514881 1.202766 -0.258806 0.318546 0.279017 -0.358641 -0.495362
0.244369 -0.034375 0.911026 -0.246451 -0.519105 1.473193 1.228001 -0.366378 0.422689 0.299456 -0.277004 -0.595127
0.218083 -0.305613 0.604623 -0.624139 -0.521360 1.472733 1.183455 -0.372123 0.365208 0.045656 -0.250065 -0.248924
-0.196099 -0.567882 0.294142 -1.062395 -0.139693 1.320727 0.939653 -1.049829 0.578811 0.201000 -0.104111 0.245508
0.275235 -0.310080 0.601095 -0.542670 -0.475065 1.437065 1.358511 -0.604091 0.519311 0.304493 -0.225241 -0.289354
0.171415 -0.873814 0.533751 -0.300617 -0.083001 1.472832 1.099559 -0.522782 0.534317 0.501361 -0.280387 -0.346870
0.290159 0.406904 0.512621 -0.515880 -0.722935 1.483322 1.304210 -0.346464 0.151386 0.381192 0.297375 -0.775748
0.192442 -0.263689 0.493251 -0.528705 -0.324770 1.669692 1.069274 -0.335475 0.378781 0.536901 -0.286109 -0.241687
