-1.221221 -0.746259 0.412988 -0.633791 0.017861 -1.079107 -0.318517 -0.730319 0.615787 0.494390 0.525792 -0.314765
-0.251542 -0.685560 0.352011 0.182532 0.363077 -0.523593 0.990942 -1.191628 0.079406 -0.010008 -0.329721 -0.643425
-0.684544 -0.051810 0.831102 -0.110751 0.158266 -0.935582 0.012770 -0.539314 0.673971 0.702240 0.579749 0.043210
-1.236631 -0.038574 0.331809 -1.073275 -0.216859 -0.018186 -0.316601 -0.806103 0.455353 0.155059 -0.302053 -0.000183
-0.817541 -0.331389 0.095779 -0.593889 0.186665 -0.374102 -0.779407 -0.375237 0.458582 0.346868 0.200385 0.174392
-0.899034 -0.850035 0.427288 -0.474210 -0.257240 -0.516732 -0.313656 -0.201130 0.406572 0.379657 0.433420 -0.001273
-0.374232 -0.951430 0.204962 0.099548 0.428029 -0.031531 -0.035896 -0.946308 0.420361 -0.324090 -0.197707 -0.487310
-0.960931 -0.280635 0.526462 0.295691 -0.974113 -0.325188 -0.596702 0.339604 0.373579 -0.035264 -0.390443 0.436051
-0.920232 -0.361681 -0.042031 -0.285529 -0.090615 -0.020901 -0.517580 -0.335785 -0.021248 -0.076343 -0.220516 -0.328889
-0.778049 -0.780280 0.883849 -0.032083 -0.121009 0.434380 -0.203054 -0.312162 0.839808 -0.028319 0.243319 0.600479
-0.349791 -0.023607 1.213149 -1.059523 0.006707 -0.771888 -0.592777 -0.502454 0.529204 0.541159 0.221836 -0.336588
-0.264903 -1.438343 0.413971 -0.001580 -0.403956 0.044180 0.294562 -0.207491 0.561231 -0.226098 -0.034872 0.595741
0.270866 -0.911276 0.633446 -0.336485 0.263276 0.352350 0.483692 -0.541773 -0.210979 -0.864597 -0.692349 -0.091201
0.415844 -0.759333 1.113650 -0.375262 -0.888310 0.118888 0.566262 -0.496962 0.693218 0.070585 -0.293943 -0.535433
-0.575346 -1.084451 0.748363 -0.353040 -0.383840 -0.641943 -0.083169 -0.565440 0.310478 0.169122 0.321785 0.208231
0.707842 -0.554529 0.649601 -0.622856 -0.575624 0.166159 0.131228 -0.250395 0.880260 -0.851750 -0.112646 -0.309161
0.136138 -1.549188 0.403689 -0.300320 -0.306473 0.005867 0.147748 0.041517 0.096470 -0.940127 -0.168227 0.073309
-0.181918 -0.428450 0.880985 0.319573 0.723384 -0.677777 0.195014 -0.759715 0.444046 0.239975 0.340755 -0.201096
-0.779780 0.007985 0.884784 -0.524308 0.511912 -1.099993 -0.413202 -1.181452 0.123908 -0.112934 0.203560 -0.218022
0.215462 -0.863891 0.764563 -0.669944 0.367085 0.035523 0.562306 -0.564389 0.351231 -0.718324 -0.585586 0.008106
-0.226370 0.429770 1.631548 -0.399781 0.238487 -1.012151 0.227724 -1.099829 -0.047254 0.645996 0.205770 -0.814189
0.067652 -0.615078 1.249850 -0.580568 0.289832 0.301071 0.436071 -0.424636 0.505704 -0.312112 -0.573862 -0.278461
-0.193892 -1.626199 0.649336 -0.124047 -0.129443 0.111211 0.408651 -0.420740 0.396764 -0.266351 -0.230371 -0.202777
0.344041 -0.369404 0.212295 -0.165867 0.494387 0.299803 -0.504756 -0.608627 0.573115 -0.514281 0.508963 0.100252
-0.190834 0.526953 0.832511 -0.332356 0.428720 -0.523764 -0.009673 -0.930760 0.051541 0.579344 0.293961 -0.253166
-0.203296 -0.483679 0.335358 -0.364626 -0.352068 0.121135 0.624785 -0.602072 0.153887 -0.523424 -0.253001 -0.219564
0.106353 -0.581611 1.239185 -0.758420 0.896289 -0.177856 0.076261 -0.488321 0.061388 -0.918135 -0.667119 -0.152432
-0.628005 -0.263736 0.654510 -0.455219 0.592873 -0.703888 -0.014262 -1.460797 0.710326 0.585104 0.805658 -0.031352
0.012861 -0.410145 0.845185 -0.464224 0.843723 -1.003719 0.072994 -1.403132 0.552594 0.007693 -0.337131 0.048462
-1.242973 -0.854207 0.155638 0.632707 0.647195 -0.311892 0.788548 0.337230 0.730216 -0.998370 -0.156309 0.000905
0.058796 -1.529646 0.509298 -0.061410 0.479211 0.025676 0.746137 -0.502970 -0.221725 0.044553 0.083633 -0.463457
-0.617074 0.106232 0.591958 -0.488027 0.258735 0.188147 -0.808185 -0.087506 0.471020 0.261844 0.184204 -0.767389
0.155812 -0.491125 -0.101073 0.189918 -0.476017 -0.243551 0.382574 0.072114 1.139841 -0.452246 -0.127275 0.336706
0.109472 -1.417625 -0.106987 -0.535361 0.807306 -0.199989 0.422005 -0.520778 0.372078 -0.091949 -0.219558 -0.439096
-0.707950 0.269377 0.561733 -0.578380 -0.561391 -1.199989 0.085970 -0.807853 0.617108 0.778095 0.140984 -0.419469
0.141458 -0.809858 1.213081 -1.021117 -0.132394 0.019495 0.850800 -1.350143 0.202419 0.152699 -0.429681 -0.864696
0.519195 -0.823790 1.470258 -1.265742 -0.185100 -0.448417 0.516096 -0.768103 0.918963 0.158510 0.135686 -0.154703
0.017120 -0.638538 0.691197 -1.429028 0.587978 -0.897378 0.540892 -0.745548 0.866270 -0.133307 -0.343367 -0.219826
-0.754414 -0.642022 1.347537 0.305463 0.698756 -0.441691 -0.134852 -0.549386 0.945084 -0.251092 0.299380 0.401665
0.558808 -0.850359 0.867934 -0.881699 0.482814 -0.664129 0.007581 -0.749666 0.394099 0.195618 0.593055 -0.560450
-0.268184 -0.580447 0.190412 -0.573502 -0.202381 -0.269352 -0.466360 -0.551901 0.660694 0.891257 0.288256 0.094613
-0.298010 -0.737590 0.836633 -0.051102 0.090833 -0.793963 -0.066750 -1.385817 0.748003 -0.139545 0.141395 -0.245772
-0.366542 -1.008570 1.072817 -0.532618 0.104776 -0.091574 0.515541 -0.668664 0.782620 -0.168379 0.222207 0.311361
0.271688 -0.927632 0.640754 -0.540951 0.643779 -0.273478 0.375186 -0.904365 0.433477 -0.188684 -0.276331 -0.089514
-0.613629 -0.879218 0.733192 -1.295594 0.131920 -0.003902 0.093200 -0.383443 1.255791 0.494015 -0.023876 0.665789
-0.230124 -0.707543 1.101096 -0.280142 0.749722 -0.639898 0.001711 -0.170167 0.449008 -0.194543 -0.221298 0.070562
-0.235417 -0.559944 0.607669 -0.569166 0.602306 -1.007034 0.596855 -0.924569 0.345475 -0.357308 -0.129386 -0.254167
0.520108 -0.893207 0.991727 -0.742075 0.115108 -0.262677 0.264910 -0.571486 0.515649 -0.441055 0.071405 -0.393417
-0.691848 -0.029030 1.247127 -1.086221 -0.580117 -0.658182 0.021079 -0.283127 0.893276 0.073548 0.589428 0.072376
0.236775 -0.588483 1.777793 -0.867875 0.773277 -0.362097 0.261434 -0.747320 0.103490 -0.256324 -0.287815 -0.629157
0.206106 -1.129570 0.861508 -0.246657 0.260720 0.124765 0.295038 -0.224743 0.795825 0.181541 0.037216 0.258786
-0.309788 -1.301108 0.549101 -0.168746 0.385048 0.133092 0.091515 -0.080356 0.799871 0.640184 -0.013316 0.360373
-0.611279 -0.637406 0.925083 0.548944 0.260361 -1.154768 0.140864 -0.651274 1.019938 0.140103 0.024197 -0.481316
0.121346 0.166451 1.196901 -0.240033 0.190675 -0.275845 -0.054301 -0.269135 0.253285 0.380427 0.298448 -0.599787
0.079539 0.394354 1.033179 -0.431590 -1.376741 -0.571625 -0.481601 0.222924 0.357875 0.201482 -0.236893 -0.293299
-0.869217 -0.413409 0.677765 -0.322921 0.056247 -0.565559 -0.526509 -0.358644 0.294493 0.353325 0.469983 -0.141002
0.024015 -0.265642 1.375974 -0.743695 -0.074078 -0.636862 -0.298856 -0.352678 0.450397 -0.350872 0.239186 -0.042320
-0.179223 -0.608016 0.737706 0.009851 0.391165 -0.467174 -0.396383 -0.457037 1.033332 -0.330636 0.143535 0.496753
0.196081 -0.861732 1.156107 -0.799583 -0.225253 0.034510 -0.194368 0.048514 0.592935 -0.655047 -0.104215 0.123071
-0.333894 -0.859080 1.107993 -0.436171 0.671164 -0.672713 -0.130466 -0.883870 0.523851 -0.112158 0.225445 -0.318716
0.189794 0.201220 1.241274 0.394553 -0.272675 0.270348 0.340086 0.047494 0.283978 -0.290456 -0.198779 -0.012500
0.036951 -0.057906 0.650840 -0.614163 0.086035 -0.635055 -0.323622 -0.414070 1.433176 0.147409 0.007424 0.650618
-0.351999 -1.509505 1.268044 0.165863 -0.005054 -0.321321 -0.371296 0.103035 0.438329 -0.542888 -0.373870 0.109043
-0.062820 -0.219787 0.801546 -0.669592 -0.108582 -1.126471 -0.425959 -0.780243 0.868766 0.672231 -0.149066 0.158356
-0.691455 -0.039550 0.859852 0.181108 -0.364269 -0.438971 -0.504233 -0.425141 1.109221 0.453477 0.421118 0.436674
-0.274232 -0.875618 0.098162 -0.652772 0.238316 -0.080543 -0.557419 -0.898783 0.285180 -0.460343 -0.182992 0.187995
-0.658369 -0.003320 -0.267747 -0.692975 -0.394038 -0.363965 -0.671064 -0.439625 0.165838 0.500057 -0.256791 0.255414
-0.159065 -0.999088 -0.099845 -0.635202 0.739344 -0.330729 0.498276 -0.934688 0.632685 -0.064589 -0.277740 0.006653
0.413244 -0.607608 1.030314 0.228512 0.159573 -0.061078 -0.265204 0.234096 0.027908 -0.363438 0.018872 -0.617763
0.029809 -0.610878 1.006966 -0.782952 0.147906 -0.375732 -0.524033 -1.073757 0.231901 0.348370 0.142948 -0.612322
0.360092 -0.555401 0.728384 -0.935676 -0.039354 -0.307057 0.201365 -1.439743 0.490299 1.080337 -0.000068 -0.302255
0.256661 -0.613078 1.748005 -1.138411 0.460278 0.102705 0.042486 -0.639858 0.190078 0.150581 -0.138578 -0.407712
0.143934 -0.183425 1.120569 -0.305503 0.573387 -0.262573 0.638575 0.022429 0.114303 0.295540 -0.124471 0.267206
-0.289859 -0.853402 0.055040 0.693519 -0.592095 -0.322882 0.100248 -0.080404 0.563987 -0.748525 0.392236 0.782464
0.326973 -0.040250 1.021186 -0.674683 0.150649 -0.412415 -0.159271 -0.743794 0.593060 0.396211 0.087880 0.061615
-0.035947 -0.426211 0.525500 -0.766384 -0.363073 -0.999863 0.230480 -0.525779 0.006504 0.173100 0.488006 -0.946952
0.194878 -0.406567 1.484552 -0.297103 0.362950 -0.236972 0.433951 -0.499315 0.174488 -0.140119 -0.220959 -0.025563
0.700088 -0.290064 0.849984 -0.708389 0.607004 -0.619217 0.069389 -0.503820 0.501575 0.008317 -0.169182 0.047956
0.337600 -0.363642 0.121865 -0.250427 0.410179 -0.245748 0.442493 -0.324611 0.613015 0.025533 0.430576 0.152620
0.172522 -0.675487 0.457917 -0.831444 0.175398 -0.850188 -0.001509 0.067098 0.613153 0.063072 0.452051 -0.365466
0.208877 -0.388557 1.552232 -0.771392 0.578318 -0.086790 0.309777 -0.909656 0.194175 0.051938 0.164235 -0.278148
-0.299021 -0.942814 1.001227 -0.330611 -0.657795 -0.785556 0.378582 -0.307229 0.958930 -0.070952 0.104287 -0.230688
-0.363027 -0.317735 0.409638 -0.188568 0.054672 -0.253491 0.495471 -0.267770 0.373125 0.163941 -0.047405 -0.103877
-0.676537 -0.549067 0.638609 -0.449528 0.430229 -1.183727 -0.226498 -0.400022 0.600902 0.618552 1.057899 -0.215106
-0.016951 -0.613349 0.164639 -0.799755 -0.048157 -1.142261 0.122496 -0.486248 0.242581 0.111218 0.218574 -0.953247
-0.994646 -0.681536 0.366049 0.093666 0.452049 -0.875971 0.100280 -0.989921 0.656906 0.156945 0.348164 -0.198355
-0.163542 -0.287499 0.715181 -1.173365 0.068121 -0.483823 -0.348491 -0.326279 0.697183 0.473926 0.346627 0.402093
0.067078 -0.664511 0.044546 -0.586678 0.644736 -0.331295 0.279795 -0.433378 1.019066 -0.134974 -0.230535 -0.073664
0.288692 -0.595085 0.423936 -1.170743 0.917988 0.230317 -0.567585 -1.090177 1.020198 0.535780 0.253621 0.584711
-0.403317 -0.994182 0.709299 -0.127644 0.170608 -0.295910 0.389102 -0.521300 0.213029 -0.116831 0.391437 -0.213261
-0.158068 -0.571482 1.500293 -1.122476 0.420768 0.018780 0.234171 -0.595306 0.366679 0.145071 0.215285 -0.193125
-0.209133 -1.008963 0.944989 -0.613947 0.233085 -0.983028 -0.378876 -0.395748 0.542998 -0.331894 0.636548 -0.073094
-0.537117 0.205088 0.931266 -1.739863 -0.363712 0.003917 0.302939 -0.541659 0.276057 -0.357991 -0.082776 -0.112353
0.261958 -0.238587 0.491075 0.007965 0.165014 -0.380943 0.121466 -0.284772 0.982713 -0.207114 -0.138436 -0.119904
-0.657598 -0.573087 0.810818 -0.251389 0.357535 -0.551926 -0.319640 -0.840742 0.672344 -0.750926 0.279026 0.037018
0.038024 -0.959304 0.850729 -0.094897 0.607822 -0.708399 0.707841 -0.705240 0.315310 -0.262247 -0.198121 -0.348705
-0.677137 0.192418 -0.330168 -0.888133 -0.006736 -0.679591 0.069867 -0.507830 0.594792 0.060526 0.094506 -0.094890
-0.366924 -0.015824 0.747870 -1.586038 -0.122167 -0.800795 -0.202230 -0.926752 0.237538 0.243770 -0.151035 -0.914533
0.216932 -0.492019 1.204688 -0.597643 0.767674 -1.049178 0.062976 -1.353635 0.075005 0.219573 -0.110717 -0.314284
-0.973507 0.225685 0.044438 -0.776141 -0.373040 -0.393244 -0.473695 0.233963 0.187610 0.718587 0.755068 0.081383
-0.275696 -0.195510 0.161123 -0.433697 0.083428 -0.368728 0.257184 -0.287098 0.388988 -0.035677 0.451706 -0.213523
-0.465038 0.624305 0.369011 0.140699 -0.175929 -0.029093 0.074716 -0.546346 0.224472 -0.284627 -0.441222 -0.118162
-0.069770 -0.566731 -0.237154 -0.248186 -0.223739 -0.328605 -0.080646 -0.109614 0.804822 0.563055 -0.242126 -0.098078
0.042124 -0.372358 0.717456 -0.883116 -0.466578 1.348865 1.413168 -0.797168 0.681503 0.080594 -0.150435 -0.132316
0.106858 -0.273003 0.564910 -0.149357 -0.291294 1.328022 0.994600 -0.037175 0.384714 0.250119 -0.211054 -0.371491
0.052396 0.136392 0.848251 -0.877800 -0.246917 0.834340 1.108877 -0.389054 0.833158 0.117143 0.007902 -0.062150
0.170117 -0.422392 0.494596 -0.827428 -0.430279 1.458799 1.251025 -0.547197 0.605973 0.159907 -0.241337 -0.108898
0.331363 -0.416099 0.612242 -0.155971 -0.118909 0.999076 1.027914 -0.155087 0.431167 0.489600 -0.145831 -0.539165
0.347980 0.138804 0.985657 -0.249601 -0.515778 1.452348 1.240819 -0.131250 0.216165 0.282247 -0.355563 -0.626050
0.504769 0.062859 1.046249 -0.237667 -0.457382 1.521201 1.277695 -0.112744 0.115279 0.381569 -0.313670 -0.730059
-0.106891 -0.263547 0.913898 -0.765833 -0.051823 1.375956 0.868708 -0.913447 0.297752 0.443804 -0.084364 -0.124314
0.544375 -0.249773 0.769914 -0.748999 -0.204762 1.166467 1.188042 -0.704933 0.410408 0.324156 -0.293426 -0.711076
0.216869 -0.046935 0.788641 -0.381405 -0.453804 1.493027 1.186308 -0.283635 0.404635 0.199581 -0.363281 -0.422567
0.321725 0.064131 0.908461 -0.443689 -0.587012 1.468119 1.275731 -0.290242 0.314641 0.164663 -0.315642 -0.498683
0.006449 -0.189695 0.536661 -0.506658 -0.438252 0.775719 1.014632 -0.463132 0.734739 0.099244 -0.171641 0.134682
0.362068 -0.402345 0.558945 -0.567400 -0.406194 1.256702 1.126030 -0.421884 0.464252 0.098481 -0.173571 -0.334954
0.395708 -0.033221 0.869530 -0.263153 -0.516318 1.468493 1.167024 -0.081556 0.202019 0.276354 -0.247088 -0.606061
0.031341 -0.218990 0.791657 -0.599153 -0.360799 1.555561 1.335247 -0.751591 0.543317 0.070933 -0.230300 -0.222961
0.364617 -0.202134 0.635165 -0.589042 -0.494984 1.405244 1.210600 -0.436697 0.447261 0.143624 -0.049200 -0.391495
0.286549 -0.293519 0.513990 -0.197381 -0.260370 1.497179 0.813621 -0.254464 0.415445 0.683397 -0.239027 -0.466118
0.209752 -0.719336 0.325008 -0.566657 -0.137248 1.524363 0.808508 -0.984665 0.847153 0.480665 -0.060773 -0.470189
0.362937 0.124106 0.814687 -0.512191 -0.579362 1.435467 1.333910 -0.283343 0.337081 0.384877 -0.213612 -0.520194
0.106588 -0.760183 0.341382 -0.412988 -0.272633 1.189665 1.182344 -0.411772 0.697662 0.265350 -0.183294 -0.148578
0.229897 -0.534319 0.333161 -0.893876 -0.243203 1.477042 1.172480 -0.510824 0.511362 0.207505 -0.134785 -0.070099
0.048863 -0.799692 0.434957 -0.791858 -0.223256 1.303992 1.074775 -0.763902 0.768841 0.275450 -0.123089 -0.015863
0.229998 -0.470354 0.571308 -0.543751 -0.466540 1.379881 1.246598 -0.564310 0.578183 0.192344 -0.148745 -0.280481
0.383709 -0.285831 0.978293 -0.612921 -0.207323 0.905623 0.843208 -0.156357 0.541646 0.142024 -0.629018 -0.298360
0.120212 0.000526 0.691867 -0.592257 -0.287492 1.203974 0.854341 -0.058364 0.729263 0.520264 -0.543268 -0.288612
0.468368 0.011957 0.705457 -0.391486 -0.487568 1.413623 1.097590 -0.043345 0.148598 0.213035 -0.236043 -0.544604
0.172524 -0.415317 0.559095 -0.800804 -0.416675 1.503889 1.243634 -0.532056 0.611140 0.098082 -0.238094 -0.134633
0.623891 -0.190536 1.004977 -0.655193 -0.342661 1.039327 1.221377 -0.526039 0.141671 0.107543 -0.197003 -0.864082
0.210893 -0.595813 0.554760 -0.604738 -0.278087 1.547643 1.267391 -0.657749 0.611372 0.419220 -0.281109 -0.245646
0.345126 0.126995 0.949383 -0.341713 -0.436201 1.499969 1.249825 -0.150765 0.184630 0.353769 -0.414480 -0.601887
0.455176 -0.042317 0.805040 -0.243650 -0.464049 1.435205 1.115379 -0.060126 0.166078 0.295549 -0.249854 -0.610578
0.409371 -0.201049 0.671389 -0.455473 -0.517258 1.428409 1.208826 -0.265647 0.310673 0.120981 -0.138025 -0.405436
0.135530 -0.390466 0.639775 -0.600856 -0.534566 1.424796 1.276547 -0.560131 0.533673 0.076913 -0.312320 -0.207713
-0.117122 -0.478187 -0.151491 -0.456166 -0.127540 1.279182 0.727722 -0.779925 0.947597 0.918248 0.113448 -0.380014
-0.047310 -0.659240 0.034258 -0.744833 -0.008425 1.254826 0.460976 -0.832142 0.271394 0.342603 -0.221842 -0.505207
0.236220 0.039392 1.428444 -1.169946 -0.164367 0.651096 0.225607 -0.712433 0.377842 0.781550 -0.579018 -0.876920
