0.135991 -0.265217 0.207568 -0.811355 0.230746 -0.249164 -0.166985 -0.213217 0.371250 -0.310684 -0.179128 0.240216
-0.974348 -0.407982 -0.338925 -1.173253 0.004530 -0.575481 -0.711927 0.063826 1.119461 0.166711 0.368725 -0.225047
-0.644611 -1.167790 0.438942 -0.867540 0.313750 0.225604 -0.519739 -0.737650 1.125263 0.486847 0.427487 0.355020
-1.145432 -0.082468 -0.093629 -0.711222 0.048474 -0.432719 -0.409279 -1.061681 0.632180 -0.286956 -0.451426 -0.576610
-0.497499 -0.136614 1.333207 -0.835077 -0.319459 -0.388778 0.382481 -1.557130 0.184615 0.590204 0.339617 -0.469976
-1.163492 -0.127384 0.346683 -0.060869 -0.566191 -0.350548 0.099360 -0.477784 0.258490 -0.146179 -0.169142 -0.165381
0.041052 -0.304690 0.732349 0.390948 -0.067934 0.152728 0.704391 -0.436610 -0.145289 -0.650549 -0.881934 -0.511340
-1.415879 0.043844 -0.099191 -1.020224 -0.354261 -0.039894 -0.117979 -0.287122 0.253511 -0.379835 0.059004 -0.791855
0.190825 -0.746797 1.069810 -0.926947 -0.270117 -0.038933 -0.021911 -0.766626 0.079180 -0.174460 -0.337749 -0.643941
-0.439114 -1.625731 -0.103075 -0.818657 0.539316 0.058031 0.920735 -0.558557 0.439330 -0.397346 -0.576451 0.020194
0.015483 -0.958532 0.529059 -1.084934 0.263957 -0.222325 0.582009 -1.617195 0.347534 -0.105322 -0.316592 -0.667442
-0.862294 -0.430490 0.548108 -0.465265 -0.330003 0.115335 0.039621 -0.535598 0.321753 0.530979 -0.234436 -0.240020
-1.078295 -0.291277 0.443083 -0.212083 -0.938281 -0.531735 -0.543482 0.150087 0.640705 0.053805 -0.211188 0.183504
-0.490063 -0.932327 1.140936 -0.060909 -0.300680 -1.352709 0.026767 -0.463267 -0.059188 0.367085 0.082453 -0.854143
-1.327074 0.088643 0.205431 -0.695491 -0.103294 -0.270489 -0.439983 -0.419901 0.667568 0.032349 -0.466021 -0.044311
0.126474 -0.797476 0.430310 -0.506821 -0.281329 0.427967 1.103760 -0.937604 0.856191 -0.613685 -0.234812 -0.300853
0.114425 -1.060526 0.280468 -0.016576 0.381547 0.190967 0.371119 -0.841633 0.182752 0.388852 0.097563 -0.323739
-0.576999 -0.886302 0.069029 -0.717470 0.227873 -0.177562 0.124780 -0.742491 0.206885 0.171736 -0.239678 -0.409449
-0.898044 0.026307 0.283739 0.003908 -0.143143 -0.253611 -0.258270 -0.360486 0.550621 -0.635146 0.047024 -0.218094
-0.916775 -0.348113 0.817301 -0.053339 -0.548617 -0.200870 -0.294011 0.023867 0.457692 0.319439 0.097320 0.724184
-1.490599 0.219556 1.211147 -0.214819 -0.401249 -0.395599 0.009503 -0.681558 0.336592 0.329575 -0.070587 -0.045087
-0.934998 0.086378 0.169350 -0.038538 -0.336382 -0.465713 0.187493 0.258420 0.045465 0.070211 -0.345638 -0.221048
-0.540259 -1.358394 0.128579 -0.186199 0.444600 0.329491 0.578109 -0.897796 0.452948 -0.196355 -0.150247 -0.234514
-0.333390 -1.132438 0.374109 -0.126817 0.281296 0.207804 0.493070 -0.677185 0.588475 -0.387158 -0.122521 -0.010522
-0.128054 -1.431897 0.652079 0.175507 0.421951 -0.005487 0.515996 -0.664988 0.267960 -0.135745 -0.063349 0.140893
0.030906 -1.565414 0.098236 -0.430654 0.091288 0.211128 0.697589 -0.408551 0.424471 -0.202870 -0.099816 0.306275
-0.032895 -1.141373 0.715159 -0.370001 0.128231 0.195211 0.179718 -0.118249 0.603123 -0.725244 0.131443 -0.182966
-0.779820 0.281520 0.704882 -0.596833 0.122120 -0.241107 -0.427619 -0.015521 0.578908 0.536379 0.608505 0.172713
-0.781158 -0.276178 0.139084 -0.135227 0.174531 -0.396367 -0.271198 -0.322898 0.933595 0.389117 0.055509 0.324779
0.068218 -1.283277 0.600966 0.133532 0.338353 0.517146 0.265691 -0.865002 0.117960 -0.347905 0.095390 0.074712
-0.276936 -0.230103 0.090605 -0.258585 -0.628409 -0.084561 -0.245958 0.625885 1.049224 -0.256790 -0.419685 0.427584
0.053995 -1.069061 0.594013 -0.028497 0.036691 -0.135003 0.612191 -0.813077 0.190959 0.018566 -0.014495 -0.277351
-0.172763 -0.563698 -0.122110 -0.607694 -0.072161 -0.393796 0.037116 -0.878047 0.318417 -0.041008 0.382922 0.045019
0.492672 -0.004327 0.449190 -1.206728 -0.399017 -1.007056 -0.725341 0.014315 0.896717 0.508652 0.016734 0.354144
-0.997445 -0.137716 0.551282 -0.739544 -0.526634 0.066323 -0.136273 -0.202084 0.531569 0.083131 -0.368399 -0.146474
-0.989708 -0.577582 0.467866 0.048388 0.148163 -0.247295 -0.178645 -0.848282 0.262443 0.160340 -0.094920 0.119259
0.465969 -0.007207 0.311546 0.249669 0.581667 -0.148347 0.531835 -0.600260 0.259662 -0.156320 -0.216323 0.021685
-1.126724 -0.214679 0.224598 -0.460606 -0.726098 -0.569261 -0.161703 -0.443483 0.285055 0.245302 0.146493 -0.323249
-0.689291 -0.235587 0.288490 0.022652 -0.775694 -1.132701 -0.725266 -0.090979 0.033551 -0.067858 0.199917 0.589567
-0.683691 -0.153735 0.048812 -0.155779 -0.379950 -0.962456 -0.660995 -0.033091 -0.246914 -0.248396 0.070214 0.344356
-0.382926 -0.008138 1.108239 -0.454957 -0.404820 0.004818 -0.090624 -0.089488 0.626818 0.246674 0.469141 0.878542
-0.225807 -0.528403 -0.027317 0.038949 0.136115 0.077583 0.715860 -0.485305 0.105629 0.037670 0.106279 0.319859
-0.713639 -0.262456 0.761628 -0.722175 -0.476888 -0.391907 -0.257514 -0.137501 0.185465 0.840024 0.112303 -0.024268
-0.929550 0.021260 0.698754 -0.880610 -0.289806 -0.828795 0.217547 -0.362931 0.396631 0.794684 0.264387 -0.059605
-0.980398 0.342140 0.815318 -0.270123 -0.510422 -0.166617 -0.063052 -0.064539 -0.152258 0.858013 0.148268 -0.405728
-1.290151 -0.820097 0.942863 -0.958536 -0.504825 -1.485641 -1.016371 -0.057257 0.560923 0.588377 1.134201 0.195823
-1.109298 -0.914967 0.853972 -0.200930 -0.181472 -0.505558 -0.605110 -0.086311 0.775130 -0.009243 0.794649 0.825805
-1.045588 -0.172483 0.847802 -0.158297 -0.244093 -0.922722 -0.623084 -0.028291 0.634506 -0.214090 0.720169 0.037775
-0.894477 -0.039136 1.415528 -1.214412 0.325535 -0.711269 -0.375705 -0.857219 0.766629 0.720333 -0.046055 0.103433
0.201989 -1.289600 1.115412 -0.545392 -0.686067 0.046441 0.254053 -0.636393 0.369869 -0.338040 -0.554695 -1.044284
-0.589129 -0.645474 0.833947 -0.385121 0.251016 0.481880 -0.334161 -0.124393 0.692966 -0.762853 0.475356 0.040121
-0.300054 0.269895 0.673073 -0.922852 -0.157368 -0.688703 -0.181509 -0.229148 0.955593 1.118589 0.308917 0.347942
-1.203106 -0.870560 0.775913 -0.215239 -0.079746 -0.236631 -0.264559 -0.669618 0.578147 0.756054 -0.021268 -0.051250
-0.637672 -1.072955 0.437221 -0.742705 -0.008282 -0.560484 0.157151 -0.741067 0.633370 0.209158 0.628446 -0.217038
-0.234496 0.053143 0.573421 0.286091 0.229228 0.446131 0.345204 -0.339155 0.337042 -0.347698 -0.122909 -0.554501
-0.058626 0.313371 0.820906 0.106899 0.582116 -0.402262 -0.547713 -0.572111 0.428734 0.593625 0.368595 -0.217147
0.336292 -0.815508 1.409075 -0.635088 0.040978 -0.475221 0.073445 -1.256319 0.359073 0.493609 0.035834 -0.894659
0.139948 -0.148549 1.116226 0.041156 0.214468 0.413490 0.315847 -0.061990 0.725515 0.099603 -0.168868 -0.292051
-0.349786 -0.460764 0.186779 -0.195993 0.317721 -0.148484 0.425691 -0.467691 0.603207 -0.427034 0.015314 0.366178
-0.146285 -0.617046 0.455495 -0.664066 -0.529577 -0.418697 0.064542 -0.430610 0.663218 -0.138756 -0.452666 0.307695
-0.957931 0.313985 0.199281 -0.318557 0.370012 -0.220350 -0.034109 -0.607758 0.010917 0.179814 0.166781 -0.074819
-0.652445 -0.948094 0.648015 0.319901 -0.318959 0.112271 -0.503749 0.503288 0.835366 -0.018463 0.092644 0.494556
-0.541180 0.451615 0.914767 0.415387 0.363470 0.043641 0.433752 -0.433523 -0.093789 0.462410 -0.475475 -0.121125
0.165118 -0.283411 0.257763 -0.256691 0.493786 0.133290 -0.151095 -0.889385 -0.042360 0.173801 0.942857 -0.454241
-0.082242 -0.534129 0.352018 0.168635 0.148827 -0.368199 0.247049 -0.641822 0.732113 -0.338181 -0.391030 0.563886
-0.346719 -0.322917 0.832569 -0.524159 0.054153 -0.352457 -0.628757 -0.594821 0.565676 0.210573 0.859879 0.407688
-0.430752 -1.191489 0.254197 -0.548882 0.037498 -0.003078 -0.205770 -0.457754 0.494798 -0.381697 0.747982 -0.300812
-0.040801 -0.191150 1.161301 -1.291883 -0.611265 -0.475761 0.388056 -1.002936 0.546744 -0.516229 -0.208591 -0.301461
-0.760896 -0.601629 0.622124 0.305520 -0.096638 -0.426069 -0.682693 -0.291026 0.652374 -0.768433 0.570320 0.785998
-1.113997 -0.921179 1.132530 -0.574008 -0.237853 -0.704491 -0.599978 -0.771477 0.983623 0.207213 1.199940 0.536097
-0.537956 -0.594541 0.429436 -0.924842 0.184290 0.261487 0.134909 -0.412987 0.805962 -0.002137 -0.036866 -0.258600
-0.803990 -0.092454 0.480380 -0.291856 -0.250761 -0.512483 -0.041721 0.110443 0.551157 0.405081 -0.240745 0.382429
-0.332712 -0.330943 0.657604 -0.017074 -0.007705 -0.540210 -0.030527 0.146599 -0.117089 0.233012 0.173100 -0.265229
-0.809027 -0.711262 0.166484 -0.885487 0.042606 -0.524773 -0.636047 -0.152812 0.672114 0.301080 0.145286 0.521536
-0.788803 -1.135655 0.319708 -0.491723 -0.529619 -0.557743 -0.196125 -0.526720 0.452359 0.195145 0.464148 0.091089
0.018076 -0.926319 0.802878 0.427450 -0.457198 0.023915 0.417618 -0.677538 0.454994 -0.067327 -0.061651 -0.264058
-0.146563 -0.992545 1.020794 -0.130650 0.234962 0.179938 0.213814 -0.750942 0.892586 -0.435744 0.166545 0.248540
-0.638751 -0.589293 -0.031146 -1.054155 0.057596 -0.359902 0.387077 -0.770743 0.634866 0.105657 0.100532 -0.583297
-0.781558 0.192540 0.087258 -0.796704 -0.291149 -1.554891 -0.397178 -0.309042 0.636125 0.364436 0.278563 -0.279439
-0.219810 -0.631502 1.078600 -0.581955 0.546736 -0.214083 -0.204140 -0.877296 0.970686 0.348522 0.397936 0.376367
-0.143735 -0.571507 0.277283 -0.975275 -0.083453 -0.282866 0.046569 -0.302621 0.969471 0.580366 0.032271 -0.052497
-0.939053 -0.690362 0.553900 -0.812187 0.049814 -0.089523 -0.486052 -0.795010 1.226627 0.304191 0.220237 0.695979
-0.050889 -0.062779 1.051510 -0.971941 -0.220349 -1.187141 -0.731395 -0.535243 -0.084877 0.230930 0.253308 -0.485063
-0.644042 -0.684022 -0.020856 -0.924402 0.357643 -0.713488 0.355412 -0.492782 1.056556 0.346173 0.815729 0.164434
-0.473059 -0.229848 0.672280 -1.298388 0.197648 0.187725 -0.394299 -0.703233 0.520497 0.910147 0.082845 -0.243701
-0.881433 -0.241577 0.638113 -0.958853 0.953966 -0.779614 -0.736879 -1.095307 0.649485 0.484911 0.663405 0.011927
0.258706 -0.025243 -0.020799 -0.003997 0.100149 -0.427457 0.305564 -0.263987 0.350841 0.104827 -0.479785 -0.087409
-0.228264 -0.993810 0.939776 -0.942479 -0.473827 -0.656189 -0.197036 -0.294811 0.710497 -0.035490 -0.171355 -0.134845
-0.035322 -1.288642 0.426137 -0.502847 0.043779 -0.194029 0.054072 -0.838355 0.416922 -0.064631 -0.068415 0.132320
-0.508150 0.107196 0.146241 -0.567632 -0.119291 -0.118974 -0.319312 -0.476877 0.216183 0.143843 -0.287280 -0.494781
0.184012 -0.072833 0.794515 -0.442013 0.063317 -0.644304 0.126767 -0.539110 0.473446 0.297849 0.559825 -0.444763
0.000691 -0.078919 0.527206 -0.529623 -0.602331 -0.433672 0.065182 -0.373880 0.426613 -0.082392 0.203329 -0.134710
0.043220 -0.755371 0.326448 0.095730 0.964999 0.367921 -0.059448 -0.651151 1.313941 -0.212179 -0.204354 0.180490
-0.836514 0.304169 0.937304 -0.230643 -0.166908 -0.833948 -0.115696 -0.049093 0.717098 0.289891 -0.666557 -0.035766
-0.160005 -0.390603 0.091561 -0.385868 0.328125 -0.813690 -0.092647 -0.868421 0.614278 0.268310 -0.269420 -0.217015
-0.737888 -0.578163 0.645002 -0.721652 0.259088 0.347880 0.144334 -1.009197 0.866092 -0.781933 -0.231397 0.150623
-0.219532 0.140670 0.276153 -0.219989 0.308793 -0.761997 -0.644382 -0.344759 0.318841 0.513580 0.023608 -0.107984
-0.224487 -0.776914 0.285679 -0.151034 -0.093663 0.535684 -0.233149 -0.134296 0.676772 -1.056351 -0.313661 0.467250
-0.571833 -1.052984 -0.187458 0.090204 0.915781 -0.246178 0.251135 -0.551507 0.473874 -0.121062 -0.296987 0.163101
-0.361780 -1.168313 0.310753 -0.215867 -0.074339 -0.483218 -0.125595 -0.329233 0.606178 -0.458251 0.083365 0.184580
0.025375 -0.424925 0.560840 -0.756745 0.404080 -0.475910 0.850909 -1.080866 0.333823 -0.329147 0.030776 -0.452707
-0.600523 -1.240716 0.572627 -0.423987 -0.331453 -0.587615 0.096248 -0.551793 0.397965 -0.133557 0.610010 0.042835
-0.829201 -1.274287 0.012831 -0.300475 0.611761 0.277548 -0.282600 -0.437465 1.164555 -0.586204 -0.378536 0.487869
-0.074521 -0.243309 0.253144 -0.600523 0.114396 -0.023381 -0.110958 -0.954350 0.051995 0.810493 -0.330140 -0.085155
0.345872 -1.504694 0.461464 -0.797850 0.118463 0.325092 -0.217936 -0.465069 0.483624 -0.850304 -0.072933 -0.236255
-0.359888 -1.070047 0.879496 -0.387280 0.037238 0.037230 0.274483 -0.453991 0.308725 -0.365936 0.131713 -0.600158
-0.433208 -1.347785 -0.485728 -1.010462 0.489989 0.151611 0.704292 -1.041793 1.072820 0.306304 0.515562 0.060736
0.440983 -1.250485 0.403015 0.181232 0.126254 0.357245 0.413950 0.133870 0.480423 -0.938437 -0.523956 0.031461
-0.744756 -1.287198 -0.027188 0.056009 0.805250 0.162764 0.559446 -0.713147 0.419471 -0.543424 -0.417045 -0.221285
0.074369 -1.164334 0.436202 -0.206143 0.519551 0.290239 -0.093675 -0.593779 0.408877 -0.897747 0.003277 -0.262982
0.191090 -1.616091 -0.053071 -0.564972 0.201014 0.268787 0.151887 -0.348248 0.850678 -0.521299 0.191544 0.419208
0.132468 -1.202045 0.290175 -0.745359 0.143670 0.319875 0.642996 -0.759871 0.229474 -0.049706 -0.077652 -0.217540
0.227595 -1.238000 0.336908 0.238422 -0.254182 -0.119658 0.418879 -0.518717 0.439067 -0.627043 0.103576 0.287360
-0.300827 -1.610996 0.603772 -0.390292 -0.017732 0.157569 0.685685 -0.590734 0.236008 -0.173094 -0.096190 -0.002971
0.506272 -0.998298 0.611836 -0.139087 -0.041118 -0.107017 0.355197 -0.613964 0.150671 -0.021893 0.442731 -0.275899
0.129765 -0.392714 0.648878 -0.566261 0.075411 -0.494469 0.007768 0.410318 0.748723 -0.675196 0.198815 0.710008
0.088080 -0.531223 0.253781 0.281705 0.499113 0.136455 0.347454 -0.523987 0.270419 -0.746339 -0.357678 -0.142398
0.048066 -1.325301 0.479631 -0.354960 0.134474 0.352587 0.103581 -0.385825 0.474499 -0.647894 -0.073849 0.065483
0.257195 -1.153583 0.375779 -0.297764 -0.257676 -0.192329 0.382709 0.013142 0.616819 -0.832592 0.265059 -0.023238
-0.066874 -1.138549 0.455965 -0.019735 -0.030253 0.165800 0.421402 -0.211520 0.437243 -0.253690 -0.012589 -0.096188
-0.209401 -1.144346 0.561695 0.038686 -0.076884 0.235460 0.633629 -0.323385 0.399150 -0.395141 -0.509809 0.066200
0.021652 -0.973477 0.589964 -0.652122 0.954804 -0.126776 0.263192 -0.462904 0.394959 -0.307716 0.124036 -0.212204
0.010020 -0.880604 0.708658 -0.399514 -0.264873 -0.090609 0.747387 -0.630124 0.382065 -0.203717 0.489447 -0.585252
0.526604 0.066036 1.116962 -0.967140 -0.992822 0.230965 -0.158050 -0.467161 0.236132 0.574383 0.188846 -0.735411
-0.254278 -0.780422 0.290068 0.105096 0.075674 -0.212334 0.428452 -0.414895 0.063699 -0.377278 -0.314859 -0.167953
-0.111675 0.824041 1.329231 -0.878220 0.115356 -0.932900 -0.209284 -1.557843 0.577555 0.751559 0.369349 0.139856
0.291645 0.584597 0.610398 -1.152449 0.007291 -0.208257 0.415664 -0.176544 0.147580 0.427578 -0.136125 -0.791428
-0.140169 -1.041682 0.302209 -0.793620 0.215094 -0.395880 -0.149598 -0.907483 0.780779 0.046846 0.243670 0.253752
0.556585 0.069236 0.960110 -1.173355 -0.206464 -1.200527 0.344038 -1.719240 -0.102182 0.139487 -0.004165 -1.336147
0.257214 0.086296 1.190473 -1.376159 0.277297 -1.213858 -0.402817 -1.284845 0.132947 0.752508 0.034703 -1.061433
-0.350532 -0.975936 0.910323 -0.596344 0.337754 0.116723 -0.216139 -0.450142 0.923517 -0.762851 0.008352 0.471743
-0.079534 -0.760961 0.767911 -0.582843 0.325449 -0.229053 0.003267 -0.861017 0.385306 -0.594594 0.223925 -0.060601
-0.187203 -0.937568 0.459572 -0.303939 0.792161 -0.078954 -0.015815 -0.061348 1.132723 -0.006893 0.382472 0.773699
0.102053 -0.715141 0.872222 -0.182805 0.038155 -0.217466 0.236520 -0.388674 0.458604 -0.868819 -0.033194 -0.282315
0.368484 -0.662862 1.315183 -0.694605 0.244007 -0.578124 0.175654 -0.864490 0.011303 -0.485816 -0.331407 -0.815627
0.292033 -0.631476 1.406207 -1.068483 0.397429 -0.359725 0.323173 -0.865843 0.199248 0.005184 0.160372 -0.652576
-0.344883 -1.285313 1.397493 -0.035506 -0.148688 -0.614429 0.054652 -0.044725 0.263899 -0.156714 -0.042256 -0.384589
-0.060820 -1.016017 1.137241 -0.277867 0.318890 -0.338858 0.096888 -0.337414 0.541138 0.042201 -0.264877 0.392354
-0.285276 0.540553 0.349302 -0.685540 -0.622008 -0.338588 -0.069678 0.069350 0.705276 0.769406 0.003571 0.365744
-0.231097 -0.580277 1.010473 -0.163402 -0.455688 0.046099 0.390960 -0.501824 0.845795 -0.770812 -0.621499 -0.576762
-0.786006 -0.083319 0.159979 -0.306092 0.103168 0.106766 0.143278 -0.217396 0.681145 0.508140 0.566920 0.011272
-0.505565 -0.279149 0.169107 -0.343928 0.235156 -0.824160 -0.191672 -0.781033 1.205693 0.906985 0.180022 0.004696
0.199917 0.601097 1.012669 -0.538834 -0.146580 -0.188528 0.209512 -0.249982 -0.286896 0.582822 0.003194 -1.015048
-0.430752 -1.191489 0.254197 -0.548882 0.037498 -0.003078 -0.205770 -0.457754 0.494798 -0.381697 0.747982 -0.300812
-0.690881 -0.659906 0.231440 -0.716086 0.006331 -0.593243 -0.187746 -0.934464 0.780597 0.311807 -0.362008 -0.661659
-0.130559 -0.834292 1.340307 -0.200307 0.236690 -0.907183 -0.172252 -0.432781 0.890109 0.223917 0.284408 -0.167906
-0.136341 -0.357355 0.499988 -0.726885 0.141931 -0.203941 0.981123 -0.582306 0.675120 0.284755 0.100487 0.210920
0.314530 -1.563166 -0.234758 -0.537032 0.573106 0.619311 0.417718 -1.016102 0.935026 -0.438336 -0.760448 -0.113534
-0.449001 -0.742099 1.165740 -0.462532 0.717808 -0.182614 -0.406189 -0.850079 0.598911 -0.013027 0.044725 0.658295
-0.146563 -0.992545 1.020794 -0.130650 0.234962 0.179938 0.213814 -0.750942 0.892586 -0.435744 0.166545 0.248540
0.403260 -0.471695 0.064145 -0.635899 0.261302 0.091782 0.812740 -0.719469 1.115110 0.196269 -0.270966 -0.566771
0.491454 -0.681330 0.254910 -0.424084 0.687918 -0.077812 0.566703 -0.692964 0.645379 -0.346946 -0.341520 -0.188190
0.587742 -0.187101 0.488113 -0.347897 -0.391875 -0.689380 -0.005754 -0.222515 0.786104 -0.103250 0.056784 -0.655030
-0.204122 -0.113727 0.471258 -1.132599 0.007296 -0.627234 0.207969 -0.746515 0.606070 0.273113 0.502690 0.275454
-0.290505 -0.046411 1.507612 -0.488453 0.030917 -0.426859 0.316421 -0.416573 0.043703 0.044636 -0.106526 -0.199789
-0.350315 0.102208 0.238922 -0.260201 -0.008261 -0.238821 1.025962 -0.929186 0.859678 -0.147105 -0.447775 0.173268
-0.934842 -0.206315 0.461998 -0.095965 0.268456 -0.565763 -0.589386 -0.511234 0.206189 0.640753 -0.002276 0.114702
0.305960 -0.407723 0.891501 -0.469172 -0.310394 -0.022322 -0.248564 -0.821823 0.745404 -0.002224 -0.375130 -0.383834
-0.163467 -0.301157 1.034726 -0.781903 0.100922 -0.146094 -0.011821 -0.838215 0.770099 -0.531015 0.129447 0.135120
-0.219532 0.140670 0.276153 -0.219989 0.308793 -0.761997 -0.644382 -0.344759 0.318841 0.513580 0.023608 -0.107984
0.318889 -0.437351 0.935215 -1.217111 0.234528 -0.136229 0.071350 -0.724017 0.758806 -0.247867 -0.052038 0.385671
-0.408334 -0.708564 0.089781 -1.239830 0.530414 -0.239086 -0.256936 -1.232143 0.950089 1.288466 1.054829 -0.004653
-0.308616 -0.440853 0.521003 -0.744520 -0.268691 -0.168656 0.407992 -0.192888 0.571457 -0.333209 0.051646 0.038037
0.305840 -0.987411 0.751154 -0.005950 -0.550064 -0.164136 0.221871 -0.263806 0.572608 0.249532 -0.087061 -0.208274
-0.390115 -0.331772 1.365616 -1.321282 -0.199098 -0.714869 0.606979 -1.269784 0.847345 0.046227 0.021814 -0.501737
0.165378 -1.161522 0.301151 -0.323965 0.402969 0.221452 0.849974 -0.321691 0.888674 0.438903 -0.055244 -0.704110
0.443875 -0.319806 0.732575 -0.159060 -0.310591 1.448804 1.166447 -0.176011 0.266388 0.291205 -0.185671 -0.519663
0.137439 -0.322627 0.589171 -0.740768 -0.550517 1.412018 1.276329 -0.540546 0.598556 0.035449 -0.274240 -0.126165
0.209910 -0.232102 0.794233 -0.301199 -0.365240 1.263797 1.213478 -0.304954 0.187583 0.146324 -0.100980 -0.555160
0.004634 -0.033950 0.559386 -0.826167 -0.219196 0.766884 0.959332 -0.238996 1.036312 0.181473 -0.500777 -0.169124
0.247193 -0.263042 0.742659 0.056186 -0.464265 1.299924 1.214949 -0.224061 0.245443 0.139703 -0.092932 -0.495045
0.086083 -0.622508 0.594110 -0.550774 -0.246901 1.630099 1.258102 -0.619304 0.829709 0.267129 -0.342264 -0.295177
0.271573 -0.220117 0.768675 -0.465959 -0.555754 1.482032 1.287303 -0.577535 0.550907 0.125690 -0.109305 -0.382433
0.208459 -0.513494 0.456371 -0.751215 -0.387635 1.348640 1.179654 -0.597349 0.662808 0.071173 -0.243152 -0.131068
0.248344 -0.518290 0.504900 -0.832830 -0.321594 1.251641 1.148474 -0.723899 0.658207 0.058873 -0.148179 -0.196599
0.246516 -0.140521 0.448764 -0.859518 -0.514370 1.082281 0.704882 -0.423619 0.470458 0.221789 -0.110053 -0.480134
0.212026 -0.377248 0.713536 -0.661432 -0.482179 1.328761 1.198528 -0.672798 0.675493 0.048362 -0.186926 -0.202802
0.065865 -0.472051 0.601817 -0.885685 -0.370468 1.306634 1.146981 -0.855570 0.820223 0.215931 -0.230335 -0.069215
0.246761 -0.298454 0.677360 -0.550335 -0.574197 1.365452 1.320498 -0.524260 0.522612 0.003750 -0.235510 -0.238101
0.271708 0.245552 1.081200 -0.369615 -0.528844 1.363626 1.279844 -0.337846 0.264635 0.326108 -0.337631 -0.705225
0.153528 -0.085919 0.738065 -0.551941 -0.563188 1.417252 1.200548 -0.370955 0.470023 0.077070 -0.344977 -0.310335
0.275530 0.124506 0.755194 -0.502112 -0.739720 1.293982 1.204084 -0.259692 0.339559 -0.104735 -0.160415 -0.395320
0.029935 -0.327992 0.388255 -0.778691 -0.380914 1.493787 1.135278 -0.483745 0.446686 0.254306 -0.386223 -0.234743
0.086132 -0.522200 0.352628 -0.888000 -0.315861 1.434483 1.196192 -0.679548 0.528048 0.152066 -0.306729 0.055036
0.207040 -0.235691 0.697379 -0.549668 -0.515410 1.484508 1.237706 -0.490515 0.556806 0.352097 -0.147728 -0.399411
0.278545 -0.592275 0.772500 -0.597191 -0.108998 0.975837 1.142472 -0.194887 0.290090 0.226158 -0.015289 -0.309563
0.292763 -0.192274 0.681977 -0.569856 -0.517183 1.469906 1.198575 -0.284326 0.360581 0.033217 -0.238720 -0.308162
0.314660 -0.126286 0.736490 -0.424997 -0.818226 1.181372 1.048439 -0.677599 0.297501 0.473757 -0.235813 -0.454563
0.290064 -0.109572 0.935298 -0.351432 -0.540374 1.412328 1.319040 -0.446055 0.386092 0.159414 -0.238193 -0.485606
0.185588 -0.063927 0.810051 -0.531846 -0.534326 1.422747 1.181285 -0.448257 0.734398 0.455762 -0.364153 -0.269310
0.152736 -0.416684 0.607509 -0.683480 -0.417470 1.525623 1.258569 -0.560116 0.587427 0.202891 -0.293116 -0.194841
-0.027536 -0.526663 0.923019 -0.246097 -0.390369 1.497837 0.944076 -0.608422 0.519845 0.464395 -0.388347 -0.456718
0.325209 -0.179486 0.729422 -0.463490 -0.510163 1.467228 1.263147 -0.361110 0.406816 0.207673 -0.189016 -0.423107
0.316203 -0.076690 0.842756 -0.410631 -0.656379 1.411195 1.444411 -0.400770 0.376116 0.197110 -0.281495 -0.421524
0.126464 -0.096261 0.720745 -0.674003 -0.649349 1.364130 1.285612 -0.591928 0.649536 0.083387 -0.118248 -0.310145
0.129459 -0.237528 0.371591 -0.793305 -0.602104 1.080576 1.283622 -0.580604 0.547125 0.163212 -0.280479 -0.055251
-0.106625 -0.755860 0.723530 0.137082 0.223420 0.491284 0.729184 -0.565512 0.686307 0.295973 -0.197651 -0.397777
0.017368 -0.776278 0.524464 -0.890394 -0.352636 1.383356 1.072239 -0.933485 0.791553 0.297226 -0.083593 -0.105146
0.237246 -0.331720 0.670997 -0.459261 -0.491977 1.389997 1.171195 -0.491590 0.494395 0.280287 -0.085733 -0.401901
0.275255 -0.418301 0.539479 -0.609503 -0.392673 1.470753 1.251254 -0.503508 0.510212 0.299302 -0.199961 -0.273426
0.332737 -0.332035 0.719734 -0.575020 -0.468611 1.551166 1.182334 -0.449038 0.438571 0.202436 -0.220837 -0.443254
0.126548 -0.622855 0.397827 -0.732627 -0.368334 1.383039 1.195243 -0.478522 0.580036 -0.013968 -0.257412 -0.005765
0.031220 -0.300096 0.454210 -0.846512 -0.437178 1.457428 1.017562 -0.465803 0.633406 0.193280 -0.276407 -0.264134
0.184165 -0.600625 0.741858 -0.387143 -0.295794 1.515689 1.096085 -0.615213 0.460317 0.482780 -0.330708 -0.520521
0.294180 -0.637843 0.671012 -0.334638 -0.173094 1.431063 1.275781 -0.610132 0.594942 0.421930 -0.317372 -0.353742
