-0.639363 -0.263952 -0.143895 -0.891501 -0.400519 -0.719156 -0.254344 -0.578786 1.054771 0.176297 0.190164 -0.368760
-0.859839 0.524166 0.249149 -0.917046 -0.125375 -1.078713 -0.683415 -0.219404 0.657259 0.755795 0.310074 -0.073420
-0.207371 -0.998548 0.183412 -0.094210 -0.322845 0.675670 0.494058 -1.168953 0.844192 -0.116671 -0.504495 -0.095147
-1.178238 -0.069373 1.126727 -0.937725 -0.469305 -0.705475 -0.245694 -0.076811 0.169729 0.739672 0.306966 0.271771
-0.108296 -1.397402 0.560463 -0.398387 -0.313130 0.440040 0.272408 -0.090536 0.858927 -0.520054 -0.230276 -0.218547
-1.065853 -0.290978 0.032690 -0.015293 -0.574275 -0.788364 -0.409565 0.002566 0.350539 0.080317 0.305285 0.661988
-1.267502 -0.731994 0.401229 -0.220699 -0.473266 -0.808395 -0.922743 0.246712 0.796081 0.528930 0.376859 0.576728
-0.835145 -0.156139 -0.118031 -0.409158 -0.484566 -0.788190 -0.457159 -0.130759 0.258649 0.468959 0.404876 0.154913
-0.883678 -0.091579 0.867717 -0.302792 -0.752110 -0.796376 -0.760430 -0.034076 0.348759 0.478093 0.229683 0.167517
0.295970 -0.385714 1.163216 -0.730580 0.285670 -0.624657 0.707770 -1.014507 0.031409 -0.231370 0.125701 -0.556769
-0.834947 0.405043 1.194112 -0.505115 -0.521999 -0.767478 -0.575468 -0.395937 0.483259 0.619438 0.254518 0.607046
-0.648673 -0.682851 -0.098019 -0.743719 -0.188204 -0.266689 -0.258050 -0.805241 0.092019 0.468150 0.053105 -0.928523
0.448019 -0.108660 1.804276 -0.730742 0.600671 -0.356316 0.213130 -0.493960 0.073510 -0.206224 -0.137986 -0.546059
0.410385 -0.262644 0.832853 -0.664904 0.219787 -0.127757 0.600373 -0.821774 0.374127 -0.151728 -0.628299 -0.042555
-0.732765 -0.402154 -0.476584 -0.564002 -0.364965 -0.283240 -0.062682 -0.229335 0.453625 -0.169113 -0.746642 -0.413297
-1.137459 0.231108 0.489345 -0.895775 -0.566105 -0.458946 -0.634755 -0.198617 0.047806 0.850762 0.238820 0.114998
-1.168576 -0.226274 -0.060306 -0.715726 -0.870506 -0.295403 -0.521398 -0.014837 0.401428 0.346333 -0.028055 0.006937
-1.273159 -0.224257 0.084340 -0.389879 -0.677672 -0.772505 -0.492291 0.341602 0.573671 1.010890 0.603637 -0.014539
-0.564018 -0.671487 0.266232 -0.448093 0.186930 -0.259193 -0.005639 -0.514156 0.178589 0.777200 0.494460 -0.313536
0.094160 -0.399401 1.110141 -1.163500 1.243880 0.015993 0.202918 -0.961893 -0.168014 0.103068 -0.086177 -0.157332
-0.966829 -0.483097 0.665258 0.243509 -0.198250 -0.267184 -0.295850 -0.195691 -0.283841 0.254803 -0.364440 -0.111004
-1.079765 -0.788604 0.637929 0.040981 0.018836 -0.348597 -0.455588 -0.235098 0.850464 -0.095052 0.716213 0.736751
-0.671750 -0.389124 0.816527 -0.307216 -0.453365 0.334897 0.189773 -0.441472 0.705796 -0.324035 -0.067807 0.015576
-1.095339 0.153183 0.180171 0.223998 -0.926654 -1.706047 -0.705998 0.141821 0.578712 -0.168823 0.091430 0.674140
0.117942 -0.680073 1.483762 -0.498249 0.249495 -0.273294 -0.165037 -0.469448 0.263188 -0.606459 0.163938 -0.032968
0.011639 -0.442992 1.506517 -0.707061 0.715520 -0.550757 -0.405815 0.012609 0.719982 -0.332590 -0.293676 -0.064451
0.297902 -0.837877 1.508876 -0.601760 0.374175 -0.369215 0.024487 -0.255979 0.118959 -0.524014 0.002415 -0.398869
0.252286 -0.918251 1.495945 -0.577018 0.750822 -0.263621 0.200056 -0.566863 0.056497 -0.318839 0.457785 -0.135845
0.360345 -0.363989 1.589074 -1.066874 0.699359 -0.227449 -0.069071 -1.040576 0.287069 0.041522 -0.079237 -0.440158
-0.059096 -0.390217 1.109480 -0.279526 0.475086 -0.592778 -0.189060 -0.017301 0.655680 -0.493669 0.116821 0.107659
-0.606454 0.688460 0.358329 -0.354859 -0.869231 0.266123 0.104912 0.335653 0.456790 0.106455 -0.274475 -0.109780
0.266259 -0.501362 1.493920 -0.981917 0.704264 -0.489067 0.115377 -0.759875 0.161110 0.260513 0.144429 -0.284371
-0.075500 -0.559095 0.715868 -0.498960 0.159767 -0.483457 -0.341192 -0.507748 0.994550 -0.308534 0.208572 0.227809
-0.715951 -0.160575 0.034811 -0.636129 0.012505 -0.280988 -0.273916 -0.017361 0.202721 0.937406 0.184597 0.456661
0.165642 -0.539937 1.280451 -1.224284 0.421543 -0.566928 0.169164 -0.856848 0.028536 -0.028727 -0.200453 -0.545408
-0.668191 -0.339207 0.316872 -0.075037 -1.016398 -0.781386 -0.126183 -0.081517 0.382106 -0.232680 0.435606 -0.251657
0.223559 -0.815962 0.662604 -0.296957 -1.275920 -0.487024 0.628971 -0.103702 0.404416 -0.203598 0.047284 -0.460254
-0.036850 -1.230263 0.079220 0.059362 0.106611 -0.044668 0.183901 0.116277 0.890407 -0.829963 -0.386201 0.203147
-0.361811 -0.836907 0.682301 -1.473905 0.023336 0.001727 1.111419 -1.508129 0.699950 0.929483 1.115683 -0.280545
0.134796 -0.907227 1.704063 -0.520036 0.172525 -0.080025 0.131327 -0.686815 0.330817 -0.401004 -0.014942 -0.200061
-0.011976 -0.724159 0.902947 -0.465262 0.222464 -0.646834 -0.380609 0.173328 0.792425 -0.652881 -0.107645 0.224603
-0.242048 0.033890 1.155430 -0.475873 0.466172 -0.307353 0.003453 -0.782533 0.384597 -0.524827 -0.843950 -0.194013
0.093379 -0.794165 0.930792 -0.489563 0.390222 -0.740519 0.350834 -0.619048 0.079413 -0.072396 -0.549879 -0.698379
0.023352 -1.118468 0.822575 -0.966038 0.534040 -0.425227 0.681485 -0.861969 -0.154390 0.071195 0.059851 -0.359059
-0.574995 0.521414 0.683656 0.122527 -0.620597 -0.337835 -0.545908 0.452532 -0.324342 -0.043155 0.663272 -0.033862
-0.036032 -0.666632 0.581084 -0.135098 0.023460 -0.246302 0.295990 -0.496675 0.723031 0.056538 -0.220992 -0.940136
0.331226 -0.854459 1.408443 -0.685869 -0.182302 -0.503430 -0.476058 0.203304 0.639835 -0.104699 0.075419 -0.030027
0.010412 -0.517332 1.094046 -0.768530 0.255209 -0.856112 0.665943 -1.883676 0.408309 -0.187343 -0.524154 -0.709993
0.137187 -0.501667 0.252531 -1.059207 -0.296071 1.116103 0.955962 -1.032397 0.744582 0.243630 0.236416 -0.393067
0.104475 -1.057103 0.284819 -0.412644 -0.062247 0.983049 0.948950 -0.923520 0.968488 0.192721 -0.073090 -0.129162
0.301767 -0.241137 0.841619 -0.207756 -0.395605 1.484056 1.324040 -0.635356 0.580295 0.480599 -0.189082 -0.569608
0.074650 -0.694282 0.418812 -0.809665 -0.377688 1.469704 1.170218 -0.744074 0.663591 0.183040 -0.335150 0.007051
0.308639 -0.630304 0.433836 -0.796295 -0.274070 1.374636 1.109984 -0.501160 0.562370 0.325959 -0.177241 -0.112420
0.428341 -0.297333 0.731404 -0.054452 -0.375852 1.421452 1.171847 -0.238092 0.229068 0.397293 -0.160822 -0.608314
0.182191 -0.131791 0.667611 -0.662188 -0.381566 1.513949 1.225598 -0.414406 0.350503 0.433300 -0.296590 -0.348205
0.364616 -0.255832 0.791984 -0.268165 -0.337761 1.665105 1.163672 -0.346117 0.356553 0.213111 -0.305939 -0.579256
0.185526 -0.631938 0.418240 0.115341 -0.362767 0.681989 1.007612 0.283327 0.183258 0.312837 -0.035091 -0.356078
0.258007 -0.212207 0.579540 -0.462127 -0.275955 1.560266 1.175911 -0.223628 0.535199 0.386187 -0.503065 -0.486227
0.204416 -0.134859 0.842694 -0.259114 -0.463927 1.489409 1.150398 -0.293658 0.370000 0.333312 -0.351314 -0.540526
0.209746 -0.114394 0.821017 -0.379314 -0.576241 1.433417 1.292906 -0.528439 0.518739 0.174870 -0.213887 -0.457432
0.090530 -0.418205 0.545886 -0.729705 -0.535315 1.390560 1.133636 -0.545615 0.637633 0.056948 -0.192541 -0.151906
0.253667 -0.326811 0.783230 -0.495824 -0.249348 1.287139 1.246573 -0.636712 0.660522 0.475159 -0.231672 -0.467383
0.176746 -0.698384 0.173037 -1.005491 -0.119625 1.428649 1.238476 -0.754141 0.658764 0.309221 -0.175846 0.171947
0.135795 -0.512865 0.682617 -0.410967 -0.343634 1.536373 1.369763 -0.806917 0.631186 0.520022 -0.335183 -0.345039
