-0.838785 -0.971920 0.462711 -0.524844 -0.270615 -0.589578 -0.486905 -0.079515 0.774588 0.313583 0.479875 -0.094565
-0.204104 -0.723069 0.135195 -0.542899 0.335010 -0.400336 0.161260 -0.960965 0.374771 0.640068 -0.205770 -0.387794
0.061624 0.178957 0.627477 -0.891422 0.171091 -0.615935 -0.144999 -0.564035 0.141266 0.551681 0.439478 -0.488373
-0.375916 -1.180397 0.628770 0.154108 -0.325990 0.124068 0.538031 -0.973089 -0.046876 -0.497804 -0.501609 -0.722254
-0.384742 -1.004040 0.019332 -0.473857 0.325296 -0.309069 -0.282297 -0.655669 0.601962 -0.386524 0.430249 0.438932
-0.695506 -1.991505 -0.209491 -0.119543 0.296365 0.128732 0.101812 0.089605 0.585540 -0.278068 -0.211369 0.486886
0.470001 -1.688095 0.407469 0.142550 0.147060 -0.079325 0.282366 -0.438606 0.849230 -0.325822 0.259533 0.531709
0.180533 -1.060078 0.627714 -0.127020 0.170912 0.666873 -0.149660 -0.016117 0.377577 0.025595 0.081981 0.050908
0.307979 -0.800633 0.239346 0.283465 0.044017 0.583091 0.206422 -0.429255 -0.017904 0.290044 -0.079031 -0.185438
-0.427356 -0.317475 0.814299 0.213155 -0.131632 0.150088 0.074704 0.254192 -0.466827 0.468544 0.231057 -0.367806
-0.062517 -1.022786 0.789932 0.096459 0.557791 0.202393 -0.374094 -0.149575 0.736343 0.271514 0.499413 0.421015
-0.242601 0.206896 -0.110326 0.140820 0.131850 -0.121777 0.026092 -0.314043 -0.042711 -0.120368 -0.274269 -0.457691
-1.072745 -1.047448 0.976534 0.483358 0.108539 -0.010494 -0.243506 -0.529663 0.146828 0.186778 -0.383082 0.082465
-0.255021 -0.152308 0.859492 0.234268 -0.411027 0.466894 0.861914 -0.560944 0.639558 -0.830051 -0.999216 -0.703233
-0.955589 -0.111821 0.685752 -0.007401 -0.662513 -0.115119 -0.027220 -0.078864 -0.113976 0.102124 0.296904 0.059516
-0.552856 -0.226511 0.268397 -0.669389 -0.563418 -0.348026 -0.194440 0.378601 0.536450 -0.001489 0.626545 -0.089869
-0.379594 0.168648 0.854106 -1.443878 0.279719 0.349678 -0.256910 -0.285600 0.660467 -0.208318 0.346106 -0.505637
-1.099376 -0.010449 0.759696 -0.617442 -0.404227 -0.179056 -0.256005 -0.391824 0.556370 -0.397975 0.596037 0.370009
-0.584655 0.280155 0.704821 -0.631385 0.262682 -0.372050 -0.426077 -0.845043 0.935289 -0.102439 0.762787 -0.090688
-0.179555 -1.099164 1.110459 0.555144 -0.139641 -0.351237 -0.375077 0.185929 0.402870 -0.672763 -0.088162 -0.154077
-0.167819 -0.882970 0.616452 0.169049 -0.048744 0.553665 0.664935 0.253865 0.141661 -0.233724 -0.581809 -0.329029
0.398326 -0.448020 0.110027 -0.493215 0.184479 0.135127 0.205024 -0.683511 0.726815 -0.306761 0.495131 -0.387140
0.781206 -0.383847 0.372380 0.066885 0.350243 -0.113133 0.061605 -0.152355 0.778685 -0.688083 0.109657 -0.268264
0.198494 -0.829646 0.952068 0.077420 0.122463 -0.451693 -0.266877 0.055441 0.134016 -0.409604 0.226749 -0.193976
0.095341 -1.099735 0.857581 -0.053395 -0.149759 -0.532515 0.020671 0.079967 0.155719 -0.493519 0.377370 -0.405767
-0.195035 -1.022582 0.590387 -0.047738 0.120401 0.282353 0.349393 -0.493532 0.490225 -0.062769 -0.120101 0.353837
-0.214181 -1.034494 0.661342 0.130336 -0.212595 0.251149 0.676294 -0.309701 0.552943 -0.041641 -0.417343 -0.259707
-0.712752 -0.436530 0.473059 -0.706229 -0.678425 0.310125 0.314420 -0.042927 0.965828 -0.003451 0.283224 0.101572
-0.890323 0.082503 0.492016 0.003348 -0.576688 -0.133650 -0.079970 -0.003366 -0.551908 0.582768 0.273654 -0.108110
-0.579984 -0.092988 0.141091 -0.264939 -0.201321 -0.036823 -0.565970 -0.260169 0.440024 -0.060379 0.719561 -0.018275
-0.862643 -0.228706 1.242702 -0.117742 -0.369947 0.094327 0.487445 -0.496836 0.238656 0.142072 -0.429378 -0.053165
-0.124958 -0.940128 0.741206 -0.744222 -0.497417 0.546049 0.116495 -0.817186 0.085654 -0.126781 0.267075 -0.465057
0.101896 -0.877314 0.739191 0.245151 -0.059239 0.472006 0.237323 -0.393053 -0.068580 -1.103954 -0.601767 -0.390578
-0.078947 -1.558514 0.605168 -0.004528 -0.217571 -0.140901 -0.615833 0.510354 0.373866 -0.911503 -0.067575 0.507543
-1.042615 0.214203 0.921223 -0.125418 -0.600863 -1.120327 -0.490543 -0.431688 0.364972 -0.137779 0.268394 0.735461
-0.065966 -0.685610 0.322240 -1.047185 -0.388939 -0.850154 -0.484458 0.046118 0.505295 0.220170 0.628044 -0.360816
-1.484618 -0.258190 0.429721 -0.283954 -0.637105 -0.577913 -0.348762 -0.068788 0.172945 0.739491 0.323269 0.037720
-0.486250 -0.028044 0.088316 -0.246914 -0.378224 -0.220589 -0.012627 -0.089298 0.393538 0.360639 -0.067048 0.373783
-1.210290 -0.398025 0.098088 -0.713301 -0.294909 -0.723736 0.150545 -0.299084 1.344970 0.455441 0.387332 -0.043222
-0.593644 -0.551124 -0.516183 0.047087 -0.297684 -0.710030 0.395896 -0.399793 0.482511 0.025563 0.039199 -0.035481
0.308407 -0.912363 0.057797 0.067953 -0.384401 0.190478 0.203448 -0.294390 0.422965 0.056149 0.043139 -0.203155
-0.669964 0.196902 0.868733 -0.294908 -0.364133 0.349113 -0.019413 -0.211091 0.283893 -0.189094 0.039054 -0.004577
-0.736321 -0.046153 0.990314 -1.271343 -0.226563 -0.149862 0.403290 -0.464216 -0.215762 0.870814 0.282890 0.164450
-1.429838 -0.186289 0.534422 -1.153444 -0.476358 -0.690205 -0.166072 -0.547509 0.169885 1.172138 0.666957 -0.252634
-0.452131 -0.043619 0.033372 0.167561 -0.039781 0.062117 0.190768 -0.483313 0.475509 -0.661567 -0.047400 -0.467138
-0.560771 -0.348667 0.702504 -0.821328 -0.421031 -0.439411 -0.357979 -0.641542 0.650895 0.370842 -0.219487 0.405865
-0.379279 -0.326945 0.910623 0.065389 -0.114812 -0.220644 0.398738 -0.645357 0.400805 -0.654566 0.158259 -0.419700
0.059055 -1.152396 0.052520 -0.163463 0.535705 0.469376 -0.678607 -0.317719 0.345231 -0.176660 0.191805 0.486493
0.047238 -1.021537 0.030224 0.081457 0.133350 -0.242712 0.120529 0.749321 0.388316 -0.310211 -0.187392 -0.111204
-1.175853 -0.192511 0.442328 -0.848882 -0.395875 -1.227142 -0.578334 -0.433318 0.312214 0.414610 0.714317 -0.015350
-1.457752 -0.066153 0.820327 -0.546600 -0.731818 -0.940821 -0.551252 -0.351075 0.044370 0.599149 0.037283 0.213304
-1.575397 -0.357055 0.576539 -0.481267 -0.468419 -0.641452 -0.492670 -0.403993 0.372124 0.399102 0.473480 0.316429
-0.929391 -0.280295 1.260982 -0.539747 -0.207836 -0.870591 -0.529453 -0.318842 0.575162 0.159877 0.148967 0.522182
0.007891 -0.735107 1.117856 -0.230287 -0.389079 0.712067 0.242705 -0.172914 0.473933 -0.844031 -0.445523 -0.093968
0.674377 -0.902566 0.329770 0.253900 0.184705 0.060707 -0.032180 -0.128071 0.831734 -0.314745 -0.376432 0.091255
-0.760504 -0.998581 0.266967 0.006007 0.401235 0.250875 -0.647013 -0.453534 0.571933 -0.050656 -0.092545 0.049392
-0.393036 -0.810293 -0.184187 -0.141439 -0.052776 0.758137 0.307480 -0.395571 0.616179 -0.759276 -0.082539 0.082594
-0.991956 -0.604865 0.860504 -0.017515 0.211166 -0.058551 -0.156734 -0.733790 0.082845 0.533314 -0.088373 -0.088917
-0.883804 -0.432460 0.862292 0.135852 -0.328388 -0.547024 0.027744 -0.126490 0.591414 -0.381490 -0.374761 0.295723
-0.872589 -0.078149 0.332378 0.041964 -0.459764 -0.340245 0.192550 -0.071427 -0.202534 -0.167245 -0.356383 -0.402557
-0.726037 -1.329551 0.234617 0.140111 0.307935 -0.079820 0.196833 -1.110847 0.671701 -0.136635 -0.121812 -0.399621
-0.534112 -1.008646 0.711005 -0.678104 0.067790 -0.565998 0.411753 -0.839055 0.425182 0.173090 0.163007 -0.720068
-0.148813 -1.001452 0.168915 -0.823135 -0.166810 0.165874 0.103942 -0.555462 0.677718 0.034779 -0.630596 -0.210167
-0.236837 -0.884237 0.460942 -0.553255 -0.099793 -0.441537 -0.421925 -0.353378 0.693410 -0.062752 0.310594 0.248516
-0.791092 -0.802808 0.266088 -0.233672 -0.426657 0.451723 -0.128557 0.075020 0.557488 0.422168 -0.274874 0.093289
-0.156602 -0.791373 0.454306 -0.478816 -0.097952 -0.144380 -0.124577 -0.439312 0.491667 -0.530733 0.271561 -0.029482
0.232559 -1.302357 0.775875 -0.146318 -0.304248 -0.102928 0.129368 0.128034 0.328007 -0.818879 -0.123337 -0.016521
0.200427 -0.836526 -0.300917 0.237278 0.166482 -0.049060 0.368099 -0.769469 0.700841 0.104480 0.097395 -0.037908
0.638996 -0.001381 0.711994 0.312135 0.129755 0.281764 0.319641 -0.347900 0.859832 -0.215942 -0.024992 -0.732741
0.067308 -0.336839 -0.030744 0.519274 -0.295167 0.349746 -0.050033 0.581408 0.761045 -0.445678 -0.023300 -0.432705
0.217087 0.541983 1.010836 -1.000881 0.650781 -0.096196 -0.004706 -0.782319 -0.052665 -0.309222 0.352242 -1.075810
0.473950 -1.195420 0.852985 -0.159413 -0.298325 0.208174 0.102838 -0.382207 0.596697 -0.564633 -0.520076 -0.244591
0.172303 -0.575113 1.181607 -0.620944 -0.049637 -0.031108 0.233834 -0.674725 0.612980 -0.338212 0.222164 -0.158570
0.149548 -0.501048 0.073088 -0.595907 0.675661 0.463087 0.546925 -0.349422 0.603592 -0.739641 0.194500 0.252629
-0.194364 -0.997862 0.795361 0.039717 0.294910 -0.078235 0.179929 -0.067175 0.413682 -0.543434 0.329892 0.502066
-0.866830 -1.037778 0.310239 -0.010095 0.490457 -0.874941 -0.198267 -0.446056 0.582900 -0.287723 0.231675 -0.231019
0.300626 0.151152 0.286727 -0.605663 -0.006677 0.311553 0.876671 -0.301615 0.812250 0.408449 -0.204746 -0.916880
0.529976 -0.812092 0.495099 0.448810 -0.128168 -0.030247 0.283779 -0.389142 0.256959 -0.810727 -0.406960 -0.164768
-0.869457 -0.330123 0.527965 0.007058 -0.057377 -0.276407 -0.093165 -0.440904 1.445230 0.190414 0.077638 -0.090524
0.618804 -0.530153 0.606341 -0.824153 -0.331264 0.074470 0.790106 -0.018787 0.719997 -0.096541 -0.410658 -0.281098
0.442179 -0.427108 1.261472 -0.719562 0.189757 -0.287232 -0.340668 0.010657 0.679900 -0.006527 -0.047448 0.033603
0.774542 -0.330787 0.535009 -0.434007 -0.035460 0.010036 -0.508144 -1.218866 -0.289895 0.081077 0.131237 -0.212321
-0.598554 -0.856017 0.771606 0.051906 0.111377 0.256363 0.369483 -0.705869 0.519228 -0.197456 0.080757 -0.159604
-0.355372 -0.275975 -0.324221 -0.125006 -0.588028 -0.308708 -0.352481 0.188662 0.548464 0.111594 0.197982 0.022280
0.139305 -0.527949 1.474341 -1.008919 0.206067 0.160661 -0.247531 -0.564307 0.939557 -0.385934 0.211714 0.309829
0.307375 -0.345197 0.826476 -1.107252 -0.548850 -0.673284 -0.020361 -0.711569 0.028735 0.843758 -0.183852 0.354045
0.790109 -0.936335 0.881698 0.104587 -0.305861 -0.573284 0.516886 -0.500846 0.376629 -0.166794 -0.245621 -0.424471
0.100983 -0.168020 0.433505 0.062881 0.648950 -0.508159 0.751251 -0.305641 0.344752 -0.987915 -0.137531 0.075176
0.168630 -0.939308 0.773905 0.096739 0.506050 -0.441140 0.510694 -0.660161 0.561696 -0.179649 -0.211263 -0.259512
-0.153162 0.227049 1.015399 -0.288319 -0.022074 -1.034831 -0.665958 -0.154603 0.229267 -0.443640 -0.043061 0.323203
-0.748755 -0.523194 1.372468 -0.301089 0.092516 -0.414127 -0.499706 -0.413817 0.967291 -0.006402 0.100301 0.362740
-0.452356 -0.531714 1.218635 -0.151199 0.551341 -0.385897 -0.625883 -0.424316 0.814023 -0.694922 0.333956 0.689094
-0.243126 -0.597192 1.091716 0.000067 0.619437 -0.523862 -0.602859 -0.734864 0.467112 -0.526223 0.072234 0.403320
-0.527690 -0.723543 1.407625 -0.423288 0.290217 -0.207555 -0.619548 -0.375880 0.763455 -0.457886 0.411384 0.371541
-0.315522 -0.883085 1.552741 -0.740158 0.317544 -0.185690 -0.420852 -0.755543 0.341436 -0.096134 0.089628 0.030219
-0.516975 0.612056 0.747024 -0.661854 0.167970 -0.559456 0.042652 -0.581528 0.546318 0.697303 1.073236 -0.791032
-0.393210 0.909442 0.482413 -0.165466 0.183108 -0.393711 -0.207624 -0.886588 0.769892 0.478630 1.130432 -0.726773
0.108035 -1.370626 1.123150 -0.304535 -0.018506 -0.026565 0.444956 -0.165274 0.238118 -0.409680 0.293483 -0.233799
-0.240955 -1.013605 0.661441 -0.670189 0.150525 0.076994 0.292635 -0.494485 0.137000 -0.252769 0.090356 0.178850
0.081885 -0.715366 0.646045 -0.309173 0.711582 0.007947 0.700425 -0.581429 0.776136 0.008257 0.228075 0.366268
-0.148537 -0.705449 0.843445 -0.577181 -0.255803 -0.947698 0.114593 -0.625102 -0.041981 0.277522 -0.174586 -0.225694
-0.067275 -0.502866 1.079260 -0.295532 -0.123458 -0.212584 0.054637 -0.595241 0.711793 -0.291991 -0.141441 -0.257869
-0.567883 -1.218514 1.339767 0.406899 -0.057098 -0.268804 -0.245976 -0.148126 0.710769 -0.275386 -0.601636 0.026615
0.545326 -0.688904 -0.115190 -0.358833 -0.216007 -0.294430 0.446487 -0.666659 0.972549 -0.321007 -0.262622 -0.049775
-0.853182 -0.788114 0.546911 -0.458415 0.760664 -1.205948 0.034493 -0.368430 0.473396 0.320601 0.583328 -0.322614
-0.114987 -1.390312 1.219380 -0.263694 0.128900 -0.051402 0.401105 -1.103646 0.395222 0.054022 0.494162 0.120553
1.006509 -0.962256 0.560807 -1.056688 -0.945636 0.189523 0.880310 -0.895126 0.878280 0.045106 0.325554 -0.567089
0.428710 -0.939229 0.519933 -0.247888 -0.003521 0.316203 0.508591 -0.205583 0.033287 -1.026877 -0.604955 -0.322912
-0.327791 -0.520943 0.223484 -0.722090 -0.407070 -0.166420 0.826712 -1.020538 0.541018 -0.325859 0.243788 -0.983842
0.786389 -1.499834 -0.137720 -0.712539 0.393304 0.693241 0.190761 -0.348433 0.372118 -0.339486 0.041676 0.175576
0.091890 -1.471063 0.059370 -0.359522 0.458183 -0.011011 0.319389 -0.384554 0.250494 -0.890997 -0.076868 -0.112577
0.266556 -1.083619 0.276646 -0.150195 0.244962 0.257791 0.659811 -0.839386 0.413229 -0.746815 -0.503514 -0.260168
0.661653 -1.155908 0.638671 -0.242024 0.357136 -0.208710 0.626877 -0.583774 0.061676 -0.288115 -0.061818 -0.653384
-0.253691 -1.418085 -0.316001 -0.219228 0.717767 0.869460 0.398446 -0.111622 0.620370 -0.481553 -0.455102 0.007256
0.092116 -0.627786 0.382268 0.139885 0.554968 0.096083 0.344259 -0.478168 0.334424 -0.309242 -0.278794 0.258471
0.047880 -1.084821 0.629921 -0.370357 -0.153098 -0.028161 -0.102240 -0.336667 0.764775 -0.818493 0.173356 0.243137
0.233691 -0.689330 0.060406 0.172113 0.395893 0.123699 0.622204 -0.519585 0.672616 -1.001952 -0.509943 0.097340
0.532317 -0.417604 1.139998 -0.171269 0.334563 -0.668683 -0.179215 -0.213943 0.189264 -0.263985 0.202723 0.013231
-0.587637 -0.628873 0.616324 -0.131116 -0.457262 -0.705029 0.434267 -0.635602 0.294811 -0.558993 0.124173 -0.407372
0.185594 -0.712707 0.578940 -0.497132 -0.318058 0.749614 0.635138 -0.148329 0.408551 -0.813263 -0.316706 0.052083
0.251802 -0.982726 0.935569 -0.458338 -0.262582 0.753273 0.596813 -0.313857 0.254169 -0.610376 -0.233068 -0.533965
-0.077622 -0.639771 0.574930 -0.458215 0.479685 -0.199971 0.335006 -0.647054 0.673226 -0.902075 -0.290779 -0.116254
-0.869225 -1.069467 0.514400 -0.734391 0.597027 -0.788935 0.285836 -0.642451 0.538062 0.005243 0.453328 -0.310966
0.548975 -0.577622 0.866402 -0.489520 0.214213 -0.692778 -0.150761 -0.410735 0.311751 0.476421 0.195029 -0.732837
0.280708 -0.915851 0.299311 0.073319 0.136297 -0.198966 0.607297 -0.314168 0.089032 -0.805735 -0.292641 -0.306707
-0.010880 -1.055833 0.476102 -0.016173 0.540028 -0.213665 0.549762 -0.133212 0.376411 -0.742715 -0.214624 -0.078017
0.726046 -0.482794 -0.106077 -1.206813 0.981708 -0.027178 0.564337 -1.179569 0.082091 -0.317007 -0.204665 -0.121365
0.466109 -1.657411 0.396811 -0.102849 -0.206142 -0.109815 0.729744 -0.414665 0.232423 -0.221709 0.318105 -0.221940
0.114464 -1.328460 0.259068 -0.209781 0.234447 0.519675 0.318341 -0.373949 0.193778 -0.428018 0.399178 0.076186
-0.285942 -1.201022 0.807784 -0.942024 -0.111942 -0.112153 0.101910 -0.699997 0.639771 -0.729709 0.050888 0.247795
0.206635 -1.314286 0.352036 -1.193349 0.531864 0.450991 0.816038 -0.504108 0.578269 -0.420582 0.107722 -0.273300
-1.450840 -0.075560 0.556617 -0.613537 0.208830 -0.834771 0.241517 -0.566469 0.340746 -0.221053 -0.166372 -0.574153
0.126550 -0.932276 0.663635 -0.598863 0.086706 0.231721 0.371627 -0.379018 0.505953 -0.538151 -0.082192 -0.391744
0.326318 -0.042053 1.484721 -0.801171 0.061967 -0.438045 0.193292 -0.884256 0.577943 0.977000 -0.332417 0.032964
-0.662371 -0.458446 0.716794 -0.672260 -0.034016 -0.888491 -0.373792 -0.232773 1.030490 0.121392 0.223054 -0.135247
0.128765 -0.500661 1.247606 -0.612701 0.132172 -0.629934 -0.333026 -0.194961 1.112954 0.079910 -0.095589 0.279698
-0.620459 -0.367758 0.852553 -0.012239 0.049337 -0.770232 0.156505 -0.811910 0.586004 0.576367 0.733747 0.200956
0.022997 -1.025939 0.686193 -0.208357 0.278753 -0.332688 -0.169638 0.309551 0.793942 -0.434087 0.160481 -0.346288
-0.548273 -0.533347 1.042582 -0.610693 0.395919 -0.716703 0.058293 -0.827086 1.049804 0.097385 0.880460 0.042771
0.417226 -0.532033 0.790469 -0.629158 -0.351868 -0.832844 0.213714 -0.096606 0.578233 -0.668822 -0.327438 0.360984
0.623190 -0.476508 1.319852 -0.594703 0.186864 -0.539275 0.438823 -0.325041 0.335910 -0.891874 0.067240 -0.416372
0.041705 -1.080539 0.858914 -0.603258 0.363687 -0.306810 0.104132 -1.719450 0.740170 0.129219 -0.418689 -0.701584
0.310533 -0.743698 0.491604 -0.592866 0.461626 -0.159175 0.744146 -1.273406 0.864218 0.326347 -0.438799 0.186627
-0.583927 -0.845741 0.708971 0.103981 0.597969 0.076409 0.093948 -0.800186 -0.069474 -0.459013 -0.364686 0.250383
-0.068738 -1.082460 0.481109 -0.742919 0.367464 -0.503266 0.318033 -0.688560 0.359892 -0.357797 0.458550 0.612987
0.038959 -0.314512 0.532189 -0.941117 -0.326021 1.584582 1.178304 -0.561999 0.656447 0.268315 -0.375671 -0.087479
0.165283 -0.148060 0.942128 -0.359513 -0.522375 1.501046 1.262666 -0.544816 0.526290 0.281692 -0.315974 -0.537903
-0.115313 -0.429508 0.610109 -1.022440 -0.227787 0.584473 0.473966 -1.287226 1.099469 0.165264 -0.392041 0.005879
0.169577 -0.122655 0.514615 -0.588892 -0.503227 1.216133 1.055846 -0.432361 0.451452 0.107820 -0.342782 -0.400335
0.167380 -0.455134 0.858668 -0.716652 -0.424722 1.245999 1.173565 -0.846036 0.539696 0.225220 -0.083514 -0.401118
0.384987 0.154783 1.052253 -0.654396 -0.631862 1.471290 1.245370 -0.477735 0.245072 0.497456 -0.400106 -0.686263
-0.013773 -0.472354 0.515510 -0.571627 -0.389653 0.888840 1.065071 -0.498815 0.320459 0.482747 0.094935 -0.452386
0.200221 -0.456295 0.304404 -0.705155 0.048418 0.963878 0.667422 -0.371924 0.948259 0.244454 0.123369 0.327839
0.215070 -0.330145 0.716585 -0.553187 -0.744657 1.391432 0.881742 -0.196341 0.328947 0.158555 -0.129811 -0.495419
0.088649 -0.638223 0.542227 -0.868090 -0.300127 1.562805 1.100396 -0.615000 0.603307 0.271809 -0.315170 -0.052357
0.074034 -0.431675 0.770697 -0.293935 -0.331884 1.086474 1.188926 -0.466557 0.498013 0.083417 -0.148884 -0.340023
-0.086558 -0.951470 -0.028909 -0.842884 -0.032741 1.272473 0.672423 -0.806189 0.632555 0.204422 -0.244435 0.336406
0.154380 -0.543187 0.464379 -0.538696 -0.354704 1.498466 1.307769 -0.632884 0.628948 0.313333 -0.346682 -0.278072
-0.091439 -0.390226 0.478324 -0.744834 -0.507354 1.357135 1.242569 -0.835075 0.671315 0.165025 -0.253350 -0.081033
-0.812572 -0.108268 0.252014 -0.238823 0.133689 0.745915 0.857930 -0.316766 0.648657 0.034502 -0.613082 -0.520274
-0.387294 -0.878588 1.193960 -0.587577 0.320848 0.128391 0.063055 -0.984355 1.340568 0.446712 0.070246 0.284877
0.197108 -0.497954 0.529300 -0.727925 -0.200714 1.593599 1.336924 -0.719368 0.646078 0.427463 -0.356273 -0.145928
-0.156249 -0.517164 0.649530 -0.888979 -0.527863 0.298776 0.117872 -0.540264 0.771644 -0.044366 -0.343080 0.535475
-0.262967 -0.653137 0.048828 -0.682990 -0.467431 0.986729 0.852163 -0.259745 0.484650 0.419073 -0.331929 -0.589866
0.178624 -0.702972 0.213534 -0.944058 -0.147388 1.482975 1.006536 -0.499696 0.731728 0.365353 -0.456629 0.084717
-0.215893 -0.543374 0.257012 -1.077255 -0.295553 1.352633 1.114287 -0.986391 0.824264 0.126258 -0.305603 0.250553
0.066402 -0.504359 0.671594 0.090086 -0.088434 1.360974 1.200470 -0.381416 0.191387 0.696447 -0.080267 -0.914417
-0.021100 -0.509271 -0.030476 -0.980480 -0.303100 1.071779 0.892254 -0.633176 0.638577 0.233246 0.125258 -0.333674
0.115949 -0.454112 0.336927 -0.629346 -0.388998 1.412371 1.103233 -0.539724 0.637202 0.116523 -0.190829 -0.314749
-0.013773 -0.472354 0.515510 -0.571627 -0.389653 0.888840 1.065071 -0.498815 0.320459 0.482747 0.094935 -0.452386
0.132693 -0.543320 0.499129 -0.752760 -0.388829 1.693756 1.109268 -0.574017 0.811407 0.230284 -0.252699 -0.055283
-0.087666 0.091259 0.375642 -0.367759 -0.782471 0.770250 0.880949 -0.496914 0.205942 0.656896 -0.669619 -0.273711
0.190615 -0.445358 0.795161 -0.052491 -0.160535 0.275307 1.036438 -1.023704 0.622772 -0.084759 0.036973 -0.677101
0.183612 -0.813039 0.385367 0.273208 0.021877 1.364812 1.097541 -0.503164 0.671907 0.301075 -0.482587 -0.746148
0.499447 0.091291 0.893840 -0.427375 -0.474078 1.284961 1.193842 -0.191323 0.268228 0.385870 -0.361981 -0.587887
0.233623 -0.475077 0.441030 -0.693895 -0.485826 1.284516 1.234377 -0.588318 0.621660 0.144467 -0.013576 -0.176239
0.019767 -0.440869 0.506881 -0.714200 -0.563584 1.298537 1.256712 -0.777454 0.756689 0.144937 -0.136210 -0.135413
0.226865 0.019227 1.189646 -0.595039 -0.578800 1.463158 1.015350 -0.332882 0.523893 0.506554 -0.189190 -0.405670
0.301717 -0.523573 0.750926 -0.524616 -0.628622 1.279146 1.020929 -0.523776 0.611899 0.183899 -0.368052 -0.376421
-0.133373 -0.438213 0.639653 -0.873139 -0.408537 1.792930 1.115816 -0.692675 0.746656 -0.062228 -0.419492 -0.174438
0.295310 -0.593123 0.413583 -0.527598 -0.082531 1.577870 0.986598 -0.201181 0.449164 0.568244 -0.220768 -0.095126
0.062345 -0.369857 0.714562 -0.563993 -0.543961 1.473668 1.319732 -0.681116 0.608176 0.180250 -0.372220 -0.252133
0.099336 -0.305157 0.290325 -1.041466 -0.360222 1.310525 1.362764 -0.863274 0.590326 0.186600 -0.198840 0.168630
0.437783 -0.674705 0.284032 -0.039092 -0.205028 1.092976 1.810863 -0.887906 1.048874 -0.126474 -0.713650 -0.043177
0.320617 -0.117267 0.781345 -0.324108 -0.536611 1.447918 1.195153 -0.244818 0.301287 0.081839 -0.231881 -0.511981
0.303722 0.263528 0.978291 -0.355690 -0.519975 1.415000 1.219205 -0.161595 0.181923 0.342682 -0.347737 -0.707658
-0.665125 -1.264918 0.863217 -1.076375 0.240805 0.178137 0.418557 -0.986801 1.004558 0.662030 0.116069 0.164267
