0.272607 -0.596863 0.621784 -0.435363 0.164668 0.368864 0.609368 -0.549288 0.564944 -0.574644 -0.325562 -0.039249
0.008451 -0.847746 -0.218842 -0.378978 -0.350337 0.514850 0.689011 -0.627537 0.304438 -0.013244 -0.089965 -0.976964
-0.456609 0.093761 0.309143 -0.692554 -0.265028 -0.543141 0.063404 -1.092036 -0.157471 0.643396 0.428368 -0.054829
0.360201 -1.138316 0.775634 -0.294486 -0.623403 0.071244 0.131969 -0.092020 0.175723 -0.767574 -0.235313 -0.463556
-0.328254 -1.138900 0.995501 -0.199190 -0.501928 -0.519405 0.386193 -0.057601 0.044964 -0.399653 -0.106820 -0.300888
-0.095071 -0.958630 0.078417 -1.326597 0.186905 -0.236678 0.661843 -0.433853 0.498054 0.206397 0.182330 -0.611397
0.189034 -0.254515 1.528710 -0.912063 -0.064582 -0.414683 -0.679811 0.252583 1.076759 -0.313969 0.404540 0.443618
0.388882 -0.929687 1.332095 -0.846544 0.574468 -0.210109 -0.151724 -0.589941 0.337340 0.153476 0.398527 0.068953
-0.171519 -1.377650 0.144672 0.258660 0.167487 -0.039953 -0.020456 -0.056076 0.262369 -0.900554 -0.292525 0.305945
-0.137348 -1.079146 0.096105 -0.257208 -0.021504 0.142557 0.833770 -0.351455 0.476484 -0.583882 -0.171951 -0.193667
-0.427769 -1.305968 0.795614 -0.302720 0.188954 0.284769 0.164506 -0.274497 0.204406 -0.700733 -0.481037 -0.077449
-0.272104 -0.606483 0.489398 -0.036519 -0.346393 -0.474537 -0.199924 -0.205321 0.466420 -0.080842 0.670415 0.158808
-0.271575 -0.794293 0.961229 -0.760890 -0.556073 -0.038190 0.395027 -0.947419 0.444696 -1.044443 -0.799915 -0.890941
-0.498698 -0.765683 -0.060750 -0.016980 -0.153484 0.064215 0.183760 0.108458 0.512154 0.106332 0.001476 0.290822
0.232281 0.298061 0.940292 -0.962975 0.238320 0.876245 0.303647 -1.030476 0.627039 -0.257994 -0.057749 -0.066300
0.438725 -0.247586 1.961781 -1.388998 0.870831 0.295763 0.293203 -0.617449 -0.103868 -0.245152 -0.180283 -0.634538
0.493525 -0.853443 0.999020 -1.010089 0.040970 -0.547033 -0.247323 -0.195139 0.174427 -0.211469 0.159104 -0.151453
0.451731 -0.385862 0.384129 -0.620980 0.588987 -0.051999 0.225305 -0.379457 0.583851 0.638360 0.117907 0.085674
0.100969 -0.283259 0.873605 -0.012317 -0.401938 -0.468767 0.292212 0.045893 0.680996 -0.314547 0.016203 -0.190163
0.004232 -1.162029 1.048156 -0.327225 0.040219 0.229731 0.373254 -0.267490 -0.254819 -0.059741 -0.381297 -0.023176
0.432881 -0.926476 0.875500 -0.346302 -0.073412 0.048991 0.507785 -0.139409 0.654278 -0.521061 0.218006 0.002085
-0.108215 -1.388932 0.730626 -0.590233 0.046365 0.312351 0.435872 -0.271195 0.266410 -0.515717 -0.313362 -0.172513
0.168655 -1.028360 0.304301 -0.459969 -0.151028 -0.018063 0.019647 -0.677764 0.333482 -0.598631 0.060462 -0.016812
0.283684 -1.123873 0.582788 -0.364383 0.039609 -0.118731 0.939022 -1.315124 0.817934 -0.273167 -0.963677 -0.099682
0.431461 -1.044332 0.230221 -0.769286 0.271110 0.183382 0.425660 -0.160642 0.382884 -0.864885 -0.337509 -0.643391
-0.145969 -0.307820 0.386538 -0.252090 -0.651892 0.126000 0.162584 -0.249009 0.168608 -0.511620 -0.637560 -0.273216
-0.021867 -0.907173 0.477998 -0.412392 -0.775636 -0.001198 0.079442 -0.269041 1.003810 -0.477403 0.049024 -0.316581
-0.124241 -0.696458 1.036571 -0.527798 0.090768 0.477596 0.053802 -0.776753 0.404641 -0.585014 -0.047930 -0.278642
-0.696438 -0.517350 1.119994 -0.260474 0.313661 -0.806666 0.430002 -0.163157 0.278809 -0.210339 0.019514 -0.058269
-1.202786 0.243460 0.917751 0.101729 -0.846213 -0.223888 0.404685 -0.638350 -0.047050 -0.360515 -0.832090 -0.348069
-0.271229 -0.926146 -0.278057 0.172485 -0.109259 0.450060 -0.168415 0.205111 0.651218 0.355906 -0.162078 0.152598
-0.053332 -1.398439 0.197749 0.098134 0.778003 -0.282692 -0.476216 -0.488216 0.901041 -0.585730 0.613675 0.250253
-1.339644 -0.823539 0.569947 -0.075427 -0.604487 -0.629913 -1.010380 -0.153061 0.682716 0.015358 0.487336 0.760469
0.691838 -0.839615 1.292501 -1.157036 -0.330463 -0.306576 0.044586 -0.557101 0.382847 -0.230079 0.095363 -0.257311
0.032056 -0.781446 0.349292 -1.192434 0.103291 -0.028318 0.654263 -0.716852 0.426268 -0.769629 -0.509773 0.189094
0.135071 -0.706514 -0.019205 -0.643899 0.785372 -0.121827 -0.332113 -0.839232 0.656194 0.053579 0.567258 0.507765
-0.685492 -0.915387 -0.036209 -0.615860 0.202066 0.138708 0.649849 -0.520155 1.086388 -0.178640 0.434597 0.045695
-0.039523 -1.384829 0.512811 -0.408197 0.005055 -0.130085 -0.339007 -0.022326 0.787907 -0.194046 -0.108803 -0.164074
0.488479 -0.452777 1.101294 -0.982208 0.174901 -0.111583 -0.134037 -0.571147 0.173935 -0.197583 0.338912 -0.207077
0.253178 -0.680529 0.870547 -1.175891 0.213274 -0.225861 -0.688094 -0.411523 0.675929 0.009871 0.364243 -0.100541
0.140121 -1.743158 0.163996 -0.429144 0.337474 -0.563916 -0.083672 -0.905309 0.537679 -0.031391 0.282076 0.456876
-0.312835 -0.439249 1.027392 0.000521 0.531059 -0.473846 -0.072225 -0.370044 0.503351 0.023554 0.188126 -0.329010
-0.645022 -0.530504 0.884073 -0.568683 -0.632430 -0.867586 -0.302785 -0.417120 0.236954 -0.136743 0.827126 -0.286661
-0.143345 -0.648549 0.866687 -0.516350 -0.478262 -1.160516 -0.342879 -0.718051 0.160158 0.081025 0.721455 -0.905406
0.211793 -0.449002 1.079517 -0.654919 1.319414 -0.749257 0.026034 -1.199594 0.395355 -0.197877 -0.042984 -0.175604
-0.044593 -1.031051 1.225200 -0.511988 0.168778 -0.674122 -0.336746 -0.461713 0.475728 0.111807 0.885319 -0.395330
-0.077600 -0.554761 1.226130 -0.759251 -0.237845 0.022110 0.055498 -0.346705 0.609592 -0.154675 0.404132 0.197242
-0.136906 -0.095301 1.553674 -0.656277 -0.008520 -0.432690 0.192521 -0.954762 0.390421 -0.029572 0.008964 -0.547668
-0.435032 -1.160260 0.522538 -0.460107 0.284764 -0.173589 0.041697 -0.806640 0.422459 0.044770 0.282692 0.039479
0.089868 -0.748261 1.201721 0.072591 0.112269 -0.159693 0.614801 -0.822923 0.102060 -0.308550 -0.330421 -0.245670
0.220107 -0.203305 1.842750 -0.464309 0.516729 -0.215880 0.153813 -0.839458 0.557138 0.286322 -0.304558 -0.414402
0.247423 -0.236663 1.350763 -0.676287 -0.045120 -0.052916 0.109329 -0.239072 0.237551 0.025403 0.643018 -0.765277
-0.507803 0.003769 0.492407 -0.502720 -0.585182 0.097651 0.012142 -0.369240 0.213032 0.530020 0.038182 -0.316213
-1.089235 0.099493 0.708883 -0.201676 -0.485873 -0.155024 -0.111701 -0.008363 -0.226317 -0.128038 -0.465697 -0.196868
-0.034235 -0.467295 0.324079 -0.449777 -0.336154 -0.453689 0.363161 -0.991844 -0.165791 0.418923 0.517537 -0.785120
0.094359 0.244477 -0.192248 0.462814 0.315954 -0.181880 1.016978 -0.930730 -0.073096 -0.642757 -0.577356 0.049540
-1.517460 0.126197 -0.001330 -0.798006 -0.372467 -0.401474 0.265057 -0.306307 -0.259907 0.020694 -0.017158 -0.526601
-0.460832 -0.520953 0.581105 -0.810458 0.224052 0.447681 -0.010666 -1.258294 0.789140 0.115246 0.140208 -0.028380
0.522869 -0.392139 0.544469 -0.248921 0.454295 -0.890641 0.829891 -0.726261 -0.117381 0.065425 0.800904 -0.857440
-1.513352 0.001648 0.853759 -0.532159 -0.441593 -0.743129 -0.523392 -0.464033 -0.103193 0.365531 0.085124 -0.161965
-0.267333 0.584495 0.910329 -1.044654 -0.136332 -0.787892 0.141847 -0.828034 0.193155 0.494171 0.260885 -0.116887
-0.006442 -0.502061 0.084049 0.216124 -0.167028 -0.664782 -0.215074 0.062722 -0.034144 -0.396477 -0.058749 0.311386
-0.700859 0.706071 0.806742 -0.770158 -0.412487 -1.370713 -0.511002 -0.085222 0.877083 0.377589 0.381258 -0.005708
-1.010665 -0.224777 0.236114 -0.987201 -0.154599 -1.154924 0.117682 -0.557985 0.390565 0.497199 0.729732 -0.094288
-0.474410 -0.996983 0.145429 -1.048949 0.041644 -0.682688 -0.052136 -0.808493 0.891118 -0.089862 0.052002 -0.414728
-0.517087 0.969482 0.963555 -1.206082 -0.246124 -1.317991 -0.306459 -0.773446 0.775444 0.722170 -0.070279 0.239414
-1.071141 -0.370550 -0.165977 -0.156476 -0.041041 -0.053133 -0.968673 -0.621530 0.186770 0.339635 0.335604 0.251851
-0.207410 -0.392875 1.499855 -0.187889 0.141831 0.526614 0.196321 -0.700185 0.129935 0.139152 -0.258594 -0.744256
0.198117 -0.876222 0.315325 -0.407356 -0.521417 0.039139 0.519232 -0.462416 0.158884 0.168104 0.877459 -0.522617
0.138295 -1.239830 0.758995 -0.435657 -0.208501 0.823449 0.491283 -0.436875 0.378591 -0.359093 -0.032984 -0.068662
-0.307387 -1.120737 0.617761 -0.337144 -0.092648 0.385266 0.470005 -0.311572 0.260758 -0.627930 0.116462 -0.206711
-1.394583 0.355128 0.295400 -1.168283 -0.505890 -0.652056 -0.399456 -0.327389 0.283648 0.514568 -0.193950 -0.376169
0.270123 -1.399038 -0.145367 0.323509 0.282900 0.421916 0.279676 0.253475 0.945117 -0.671401 0.155292 0.625539
-0.893023 -1.096580 0.527052 -0.965865 -0.409850 -0.595964 0.225308 -0.116027 1.027481 0.211425 0.590464 -0.313970
0.346303 -0.899278 0.762327 -0.104732 -0.531054 -0.509582 -0.104962 -0.325848 0.507603 0.019745 -0.188239 -0.138213
-0.461386 -1.438051 0.576258 -0.300965 -0.061168 -0.465963 0.039817 -0.723101 0.367832 -0.371920 0.681762 -0.226168
-0.278220 -0.816215 0.336892 -0.530287 1.092220 0.423333 0.390394 -1.012697 0.298764 -0.435001 -0.314587 0.086602
-0.388109 -1.194469 0.611493 0.070230 0.313932 0.038356 0.188435 -0.657779 0.140563 -0.558018 -0.058483 0.078953
-0.054853 -1.096116 0.727097 0.397464 -0.090647 0.025924 0.396633 -0.125023 0.057851 -0.965924 -0.478435 -0.272147
-0.267378 -1.385190 -0.173155 0.259300 0.544413 0.308634 -0.166298 -0.235602 0.682372 -0.559584 -0.015067 0.681238
-0.415927 -1.566794 -0.379320 -0.283637 0.380135 0.144887 0.350651 -0.664354 0.592628 -0.125376 -0.022588 0.247101
0.034027 -1.699361 0.111447 -0.534704 0.680885 -0.348635 0.420301 -1.140823 0.642437 0.282577 0.204932 0.048220
-0.174717 -0.972953 0.549270 0.020735 -0.464413 0.262762 0.451413 -0.202677 0.186778 -0.530454 -0.460898 -0.197441
-0.297833 -0.289462 1.070422 -0.791585 -0.120287 0.577101 0.159751 -0.639500 0.679854 -0.316227 -0.350668 -0.382856
0.016018 -0.752684 0.898546 -0.981743 0.513259 -0.789365 -0.235019 -1.394729 0.697348 0.640910 -0.068849 -0.504419
-0.688303 0.025134 0.335859 -0.290673 -0.527778 -0.223771 -0.184977 -0.455865 0.368162 -0.681982 -0.297843 0.065730
0.048371 -0.843222 0.195027 -0.368630 -0.007255 -0.543928 0.515257 -0.470902 0.700891 -0.108027 -0.522807 -0.508673
-0.475680 -1.241404 0.677383 -0.269428 0.140745 0.134668 -0.366077 -0.726464 0.920196 0.428573 -0.504642 -0.016615
-1.267243 -0.912100 0.737538 -0.214910 -0.609107 0.040903 -0.530545 -0.297449 0.972165 0.336667 -0.165142 0.213076
-0.493651 0.271154 0.001671 -0.061608 0.147303 -1.128333 0.239041 -0.512682 0.520332 0.414730 0.005654 -0.106551
-1.053857 0.258266 0.264506 -0.774526 -0.189082 -0.197408 -0.214520 -0.428415 0.373229 0.471731 -0.171968 -0.178472
-0.424808 0.071780 0.626197 -0.315289 -0.368073 -0.666090 0.339629 -0.649254 0.587175 -0.611583 0.125029 -0.345161
-0.532876 -0.245355 -0.320728 -0.598137 0.586411 -0.084141 0.079880 -0.802439 0.266927 0.166820 0.069017 0.068604
-1.459710 -0.147945 0.070879 -0.435318 -0.906685 -0.724894 -0.247913 -0.010389 0.481771 0.948794 -0.021488 -0.027261
-1.010023 0.107554 0.217782 -0.610750 -0.759013 -0.319027 -0.473128 0.359011 0.361133 0.647336 -0.183123 0.238611
-0.377355 -0.923001 -0.100816 -0.926914 -0.014577 -0.430732 0.411276 -1.117871 0.815143 0.802034 0.562083 -0.180736
-0.228758 -0.702911 0.463212 -0.614811 0.221478 -0.482196 0.052442 -0.821091 0.505720 0.011345 -0.053284 -0.183239
-0.886252 0.021093 0.621887 -0.637751 -0.634946 -0.435825 -0.420045 0.079919 0.279896 0.096844 0.716684 0.468751
-0.195035 -1.059575 0.426435 -1.156632 0.138622 -0.174586 -0.233541 -0.690789 0.881693 -0.017065 0.239697 0.169296
-0.142959 -0.725200 0.790183 -1.795040 -0.004295 -0.989958 -0.022805 -1.070374 0.702325 0.482525 0.536028 -0.063434
-1.543499 -0.385604 0.427292 -0.081887 -0.745555 -1.247227 -0.875812 -0.171871 0.734215 0.217443 0.670827 0.444654
-0.087900 -0.992738 0.598638 -0.612896 0.201122 0.210288 -0.110827 0.170266 0.548938 0.202387 -0.198531 -0.176915
-1.119267 -0.144069 0.465625 -1.288294 0.066812 -0.637131 -0.778804 -1.389681 1.261464 0.499582 0.127699 -0.172319
-1.553281 -0.352927 0.824560 -0.578718 -0.701346 -0.458493 -0.317997 -0.772748 0.400149 0.226229 0.662629 -0.121072
-0.745076 -0.308665 0.480655 -0.487656 -0.687215 -0.289616 -0.281541 -0.321807 0.479493 -0.475634 -0.629710 -0.058794
-0.739781 -0.840924 0.328701 -0.418919 -0.389629 -0.848769 -0.459255 -0.377520 -0.031508 0.996140 -0.023027 -0.004144
0.096789 -0.524583 0.625232 -0.573216 0.250197 -0.423306 0.656738 -0.457618 0.401389 -0.346532 -0.798262 -0.826458
-0.418077 -0.835526 0.606534 -0.775177 -0.306596 -0.326998 0.241618 -0.705529 0.983556 0.206920 -0.031685 -0.894322
-0.996653 -0.898737 0.630246 -0.877749 -0.699869 -0.883120 0.266518 -0.380783 0.455535 0.391608 0.934587 -0.944136
-0.189043 0.368891 0.743548 -0.555171 -1.058872 0.085198 -0.073290 -0.014615 0.296393 0.542528 0.190142 -0.281412
0.166095 -0.805631 0.412956 -0.824762 0.431693 0.136751 0.427538 -0.892700 0.245062 -0.815515 -0.478200 0.187831
-0.482394 0.057853 0.738358 -1.033825 -0.715062 -0.915927 -0.349299 -1.053330 0.065102 0.404603 -0.381174 -0.272443
-0.001222 0.717337 -0.027266 -0.593790 -0.572754 -0.778085 -0.568751 0.574827 0.394187 0.162752 -0.023068 -0.593533
-0.450502 -1.294028 -0.076871 -0.680999 0.474005 -0.321423 0.022026 -0.376509 0.851529 0.529454 0.878985 0.005427
-0.515464 -0.433307 0.267937 -0.165057 -0.047179 -0.497469 0.104020 0.001448 0.569391 0.202190 0.332011 0.169913
0.522723 -0.778668 1.651931 -1.234124 0.386653 -0.418020 0.105143 -1.329398 -0.125192 0.408657 0.112221 -0.667902
-0.512797 -1.218917 0.707742 0.064212 -0.542016 -0.127234 0.181202 0.008602 0.537412 -0.317577 0.433417 0.304214
-0.882472 -0.872587 0.884283 -0.359834 -0.006576 -0.342671 -0.084016 -0.790653 0.597685 -0.435389 0.624033 0.234152
0.275126 -0.135272 0.765872 -0.563171 -0.478018 1.514478 1.302688 -0.458417 0.473287 0.161329 -0.334245 -0.279732
0.275695 -0.206543 0.641521 -0.610602 -0.586907 1.410613 1.309629 -0.440132 0.460482 0.121544 -0.169921 -0.283897
0.378256 -0.197072 0.636268 -0.419517 -0.527713 1.401223 1.292539 -0.455960 0.394373 0.170318 -0.119353 -0.400631
0.250118 -0.233537 0.746967 -0.455932 -0.510702 1.479368 1.302572 -0.441897 0.484408 0.246766 -0.274317 -0.396579
0.219523 -0.180182 0.752161 -0.427387 -0.659705 1.380222 1.339104 -0.564997 0.479603 0.082795 -0.218764 -0.368640
-0.363355 -0.421190 0.862855 -0.819669 -0.049322 0.804418 0.309520 -0.895778 1.755705 0.168198 0.141491 0.629062
0.059846 -0.840126 0.639920 -0.479952 -0.159600 1.632449 0.995303 -0.577570 0.626144 0.398328 -0.463182 -0.283814
0.368398 -0.412127 0.467268 -0.727830 -0.363071 1.404339 1.245117 -0.451193 0.540295 0.235483 -0.095972 -0.210552
0.112444 -0.677726 0.531261 -0.742359 -0.240634 1.491997 1.219187 -0.614657 0.421981 0.401318 -0.170826 -0.266843
0.139926 -0.463546 0.200974 -0.947841 -0.420041 0.519538 0.850021 -0.821170 0.602144 0.113909 0.135852 -0.057452
0.269475 -0.203681 0.883853 -0.919656 -0.087121 0.923432 1.052806 -1.024284 0.537609 0.446630 -0.170278 -0.647581
0.003755 -0.538649 0.292975 -0.944415 -0.466433 1.313508 1.198316 -0.740690 0.778180 -0.022226 -0.362063 0.094781
0.284531 -0.090089 0.223930 -0.828709 -0.208510 1.188032 0.848955 -0.542843 0.526779 0.358171 -0.122711 -0.251816
0.305601 -0.164203 1.019750 -0.423934 -0.638583 1.351571 1.422495 -0.610207 0.460066 0.322749 -0.205968 -0.599820
0.202862 -0.243668 0.589423 -0.660243 -0.604646 1.300427 1.189218 -0.386962 0.497665 -0.124825 -0.226481 -0.152643
0.341317 -0.472560 0.498332 -0.632377 -0.295842 1.523891 1.197942 -0.353552 0.360803 0.302839 -0.281806 -0.212126
0.056720 -0.241952 0.665232 -0.739927 -0.490321 1.513505 1.178884 -0.453222 0.561520 0.064799 -0.396870 -0.175735
0.290590 -0.173396 0.699953 0.084609 -0.315548 1.385779 0.980642 -0.029682 0.152061 0.519508 -0.260640 -0.699959
0.357907 0.122948 0.761590 -0.472288 -0.589923 1.362480 1.175658 -0.195930 0.320920 0.193889 -0.174885 -0.484941
0.111654 0.237431 0.993971 -0.446182 -0.455401 1.481157 1.285677 -0.333115 0.213911 0.375466 -0.407821 -0.458127
0.304143 -0.062567 0.713843 -0.470988 -0.531590 1.338518 1.362222 -0.474375 0.474756 0.238794 -0.130210 -0.449927
0.427663 -0.247110 0.862249 -0.188414 -0.379886 1.519488 1.186287 -0.269905 0.313404 0.273812 -0.162537 -0.604511
0.330381 -0.544982 0.581780 -0.527269 -0.312913 1.487740 1.323113 -0.708640 0.577970 0.399049 -0.155741 -0.306523
0.364314 -0.349928 0.841824 -0.099640 -0.288187 1.539468 1.077120 -0.222977 0.261218 0.334334 -0.260455 -0.624353
0.169209 -0.272772 0.880869 -0.807612 -0.752427 0.936717 1.025176 -0.859337 0.877403 0.673435 -0.226343 0.295238
0.082810 -0.495101 0.245663 -1.214999 -0.379449 1.239332 0.744579 -0.560571 0.332986 0.110398 -0.001235 -0.161551
0.005510 0.013173 0.907990 -1.387186 -0.380440 0.779592 0.765090 -0.679798 0.402340 -0.058727 0.109782 -0.380472
0.199453 -0.342611 0.571875 -0.726619 -0.410296 1.467125 1.354883 -0.697742 0.703662 0.300614 -0.225626 -0.193339
0.190263 -0.325193 0.397002 -0.814558 -0.584200 1.259010 1.171781 -0.716379 0.515931 0.239154 -0.186395 -0.123518
0.297062 -0.512878 0.605438 -0.569677 -0.279262 1.598988 1.216553 -0.496952 0.506499 0.336245 -0.290330 -0.294572
