0.049324 0.076909 -0.025523 -0.847103 0.146206 -1.040529 -0.309888 -0.138545 0.524481 0.207509 -0.017722 -0.164135
0.109323 -0.806479 0.761578 0.031773 -0.002622 0.411745 0.923156 0.289168 0.686291 -0.754149 -0.055834 -0.136961
-0.771031 -0.555659 1.207953 -0.661221 -0.030676 -0.367776 0.327928 -0.877463 0.395482 -0.408478 -0.160471 0.071815
-0.886086 -0.061960 0.558982 -0.566713 -0.164921 -0.563246 -0.195468 -0.434301 0.558524 -0.158079 0.000170 -0.193760
0.292538 -0.580732 1.571429 -1.036224 0.302425 -0.254381 0.329549 -0.493229 0.177913 -0.293261 -0.020317 -0.194426
-0.790980 -0.709509 0.920417 -0.583647 -0.646766 -0.264161 -0.194461 -0.443124 0.679734 0.018451 0.198302 -0.425127
-0.749603 -0.649495 0.464238 -0.002544 -0.458868 -0.417019 -0.520865 -0.203295 0.345821 -0.064187 0.321231 0.739094
-0.719978 -0.611305 0.852469 -0.422740 -0.318310 -1.200378 -0.203422 -0.606139 0.551647 -0.117780 0.729490 0.703989
-1.060246 -0.709456 0.909808 -0.251806 -0.142375 -0.404310 -0.460325 -0.118095 0.529609 -0.241819 0.314678 0.248748
-0.499145 -0.348576 -0.279225 -0.651978 -0.002410 -0.117258 -0.713521 0.230749 0.068508 0.505792 0.455310 -0.537605
-0.897869 -0.400499 0.456710 0.327347 -0.753196 -0.840468 -1.070444 0.675264 0.740500 -0.174437 0.642789 1.593888
-0.424196 -0.158785 0.873215 0.017408 -0.342561 0.544754 -0.280922 -0.208741 -0.249361 -0.058383 -0.344292 -0.399013
-0.181376 -0.240669 -0.137244 -0.683278 0.165926 -0.011177 -0.397763 -0.147362 0.137891 0.406212 0.221682 -0.416668
-1.149848 0.332117 0.375935 -0.749966 -0.046671 -0.358343 -0.047240 -0.132103 0.531765 0.679693 -0.160318 0.223737
-0.970225 -0.176502 0.468056 0.364523 -0.332770 -0.974070 -0.691302 0.085059 0.433945 0.017311 0.623644 0.450804
-0.403432 -0.423591 0.000428 0.159240 0.666545 0.223105 -0.273731 -1.453803 0.060760 -0.177621 -0.006514 -0.466842
-0.943711 0.035196 0.298732 -0.333317 -0.732456 -0.437636 -0.443522 0.414808 0.232079 0.552008 0.203288 0.026892
-0.919740 -0.266550 0.159206 -0.229378 -0.839441 -1.567501 -0.598784 0.419234 0.191737 0.248795 0.259190 -0.002508
-0.888866 -0.426388 1.476860 -1.063332 -0.486508 -0.481326 -0.155129 -0.349116 0.530960 0.230270 0.271369 0.095977
-0.257082 0.431282 -0.192482 -0.917097 -0.290744 -1.061585 -1.176009 -0.425782 0.470084 0.459369 0.261352 -0.159674
-0.287653 -0.660438 0.791395 -0.928612 0.204887 0.048228 0.499897 -1.146062 0.103163 -0.149482 -0.219516 -0.362952
-0.767794 0.372493 0.370825 -0.492537 -0.582910 -0.903860 -0.017797 0.433964 -0.257010 0.247089 0.214125 0.175029
-0.082949 0.079761 0.520684 -0.513757 0.437055 -0.588795 -0.140861 -0.272828 0.320854 0.633615 -0.287176 -0.037932
-0.978358 -0.347772 0.012231 0.424282 -0.542181 -0.982101 -0.677436 -0.380368 -0.122879 -0.312756 0.410688 -0.021264
-0.791992 -0.530591 0.269963 -1.124990 -0.242810 -0.779062 0.054316 -0.497532 0.733575 0.521994 0.136165 -0.438315
-0.131288 -0.292628 0.196397 -0.787066 -0.765334 -1.117268 0.074359 -0.740312 0.519540 0.562040 -0.495172 -0.777442
-0.053982 0.544770 0.929043 -0.037881 0.023253 -0.204719 0.009649 -0.381733 -0.027454 0.316560 0.199329 -0.762119
-0.331467 -0.296939 0.076848 -0.126467 -0.531963 -0.478605 -0.047383 0.247329 0.524356 -0.151348 -0.359825 0.112528
-0.292792 -0.018545 -0.033740 -0.025184 -0.249453 0.136495 -0.317279 0.485483 -0.024153 -0.203734 -0.131651 0.391766
-0.374675 -0.277061 0.039581 0.305182 0.432218 -0.244139 -0.113102 -1.550556 0.192730 0.038003 -0.329582 -0.670066
-0.617906 0.098702 0.831592 -0.276367 -0.386052 -0.486413 0.253622 0.051678 0.118299 0.499859 0.147804 -0.407716
-0.392067 0.514565 0.832957 -0.280190 -0.443354 -0.098420 -0.467633 -0.133875 0.050137 0.616499 0.056673 0.255865
-0.153520 0.628951 0.666483 -0.320428 0.000173 -0.653962 -0.169935 -0.136707 0.289447 0.286891 -0.127493 0.475124
-0.317263 0.209418 -0.217003 -0.312724 0.432052 -0.474719 -0.190760 -0.595543 1.173864 0.616072 -0.516200 -0.170380
-0.316887 0.108588 0.009500 -0.603055 -0.063897 -0.344772 -0.206653 -0.515733 0.831056 0.350452 0.020753 -0.378159
-0.484583 -0.241286 0.443060 -0.231077 -0.401662 0.373513 0.205550 -0.456111 0.479494 0.562699 0.022124 -0.486994
-0.576284 -0.784143 0.270907 -0.017934 -0.034610 -0.389804 0.015891 -0.430897 0.655221 0.103383 0.431344 0.029548
-0.099297 1.637095 0.326168 0.322274 -0.091781 -0.237850 -0.483344 -0.131554 0.577880 0.041493 0.408894 -0.583050
-0.462358 0.184937 0.143200 -0.555819 0.366716 -0.315552 -0.753390 -1.135316 0.606910 0.207984 0.121527 -0.130511
-0.849692 -0.485278 0.968954 -1.241111 -0.095971 -0.950537 0.148887 -1.415884 0.776139 0.285778 -0.038449 -0.877539
-0.750089 -0.921619 0.137389 -0.761175 -0.607076 -0.372607 -0.103646 0.627213 0.854718 0.881397 0.903443 0.358559
-1.280209 -0.831096 -0.181610 -0.041270 -0.093611 -0.776314 0.301932 -0.364757 0.437153 -0.489345 0.755161 -0.326904
0.101517 -0.415734 0.288232 -0.740497 -0.072358 -1.087191 0.009247 -0.356582 0.782250 0.426736 -0.058635 -0.340629
-0.731069 0.093542 1.354373 -0.574485 0.179524 -0.614492 0.160110 -1.095307 0.239862 -0.377688 -0.606037 -0.078458
-0.620637 -0.250283 0.418675 -0.622759 -0.025418 -0.059732 0.056314 -0.460015 0.207215 0.105375 0.629527 -0.596267
0.508850 -0.444859 -0.751681 -0.318277 -0.209354 0.122946 0.017179 0.221418 1.216555 0.105488 -0.038063 0.263003
-1.052810 -0.131931 0.770471 -0.504917 -0.015825 -1.130564 -0.144322 0.015812 0.504334 0.439798 0.492924 0.413947
-0.673776 -0.891415 -0.053258 -0.219044 -0.277417 0.340696 -0.061391 0.199307 0.636842 -0.755007 -0.485441 0.134061
-1.274693 -0.863680 -0.166638 -0.642517 -0.179766 -0.018756 0.439077 -0.559717 0.368182 -0.633039 -0.441718 -0.380001
-0.440691 -0.782560 0.016805 -1.046411 -0.275935 -0.027792 0.088518 -0.608666 0.670575 -0.142894 -0.155317 -0.591670
-1.022231 0.017475 0.299899 0.302863 -0.377679 -0.099771 -0.119270 -0.506816 0.028200 -0.363270 -0.043732 0.207221
-0.006889 -0.289915 0.784198 -1.013851 -0.875402 -0.993524 -0.406878 -0.816699 0.190016 0.773944 -0.093662 -0.446431
-0.416342 -0.746307 0.181744 0.249734 0.180829 -0.643085 -0.035999 -0.321375 0.506730 0.590484 0.110075 0.343902
-1.060705 -0.406615 1.142981 -1.286944 -0.145649 -0.939283 -0.215306 -0.598213 0.617594 0.836685 0.542285 0.223173
-0.147041 -0.704706 0.037326 -0.260499 0.480428 0.683313 0.131967 -0.537941 1.420292 -0.578873 0.349202 -0.301909
-0.357420 -0.615193 0.146950 -0.075803 0.088503 -0.962276 -0.148698 -0.711724 0.551654 0.464349 -0.107285 -0.433846
0.109146 -0.480920 0.897192 -0.647218 0.115565 0.707196 0.326480 -1.029127 0.870350 -0.285094 -0.055841 -0.713614
-0.326206 -0.119297 1.163511 -1.165370 0.395449 -0.032963 -0.001460 -1.146586 0.170415 0.914771 0.303656 -0.151955
-0.337102 -0.133285 1.096724 -0.699504 -0.311116 -0.578023 -0.155865 0.200190 0.230253 0.209312 0.805465 -0.406946
-0.118523 -0.095931 1.145156 -0.359876 0.159035 -0.355180 0.459283 -0.664342 0.976643 -0.576280 -0.208059 -0.539637
-0.289779 -0.100018 0.849115 -0.668983 0.046542 0.003237 -0.403892 -0.899660 0.962864 0.823452 0.355794 0.161451
0.022630 0.411002 1.052790 -0.564533 0.541778 -0.881209 0.304086 -1.032532 0.167613 0.626727 -0.026369 -0.223785
-0.584292 0.897027 0.461513 -0.304941 -0.384672 -0.381927 -0.446699 0.158851 0.238547 0.229576 0.458748 -0.472364
0.050709 -0.481777 -0.025628 -1.191580 -0.233220 -0.479665 0.022060 -0.577507 0.888998 0.495524 0.897099 -0.307380
-0.716896 0.729815 0.592972 -0.937705 -0.579505 -0.295511 0.406082 -0.006267 0.074393 0.875432 -0.058426 -0.738290
-0.083091 -0.306573 0.963218 -0.718795 -0.381539 0.883247 1.131503 -0.610269 0.589085 -0.132739 -0.044254 -0.017788
0.259872 -0.033364 0.899097 -0.216808 -0.828262 1.152219 1.145818 -0.241872 0.139228 0.117323 -0.250672 -0.494463
0.215222 -0.242950 0.580890 -0.514396 -0.549229 1.390500 1.267607 -0.419169 0.442314 0.114979 -0.245493 -0.342585
0.246602 -0.364107 0.600564 -0.231732 -0.380013 1.017674 1.226805 -0.044482 0.503975 -0.093978 -0.176002 -0.174138
-0.151805 -0.943598 0.492813 -0.233422 -0.005577 0.744720 0.894834 -0.400559 0.854217 -0.077457 -0.356356 0.305367
0.316940 -0.058740 0.822675 -0.639417 -0.547337 1.177051 1.119380 -0.516309 0.317804 -0.003399 -0.077281 -0.264010
0.121815 -0.163184 0.666694 -0.587400 -0.609637 1.326218 1.217465 -0.434501 0.592360 0.061533 -0.240502 -0.273549
0.139549 -0.501999 0.666325 -0.792970 -0.124976 0.843915 0.860593 -0.666185 0.760066 0.012859 -0.113885 -0.032652
-0.434732 0.422084 0.779490 -1.194809 0.189144 0.077898 0.634518 -0.965730 0.264805 1.191832 0.197403 -0.957453
0.220225 -0.844337 0.292134 -0.688845 -0.190756 1.510914 1.089208 -0.528599 0.464066 0.361932 -0.380496 -0.050206
0.034819 -0.026779 0.803708 -0.572011 -0.542327 1.521527 1.138587 -0.496872 0.479080 0.236076 -0.239561 -0.398717
0.114999 -0.468390 0.309360 -0.187690 0.057288 1.054274 1.235742 -0.312813 0.995250 0.101586 -0.350851 0.088429
0.171740 -0.436447 0.602397 -0.488206 -0.446951 1.576794 1.330970 -0.548401 0.526218 0.201717 -0.375984 -0.309213
0.354468 -0.266167 0.490790 -0.570607 -0.464925 1.523174 1.168282 -0.222643 0.312408 0.178086 -0.363116 -0.044254
0.156876 -0.355425 0.646009 -0.900853 -0.542543 1.261584 1.276859 -0.816031 0.797490 0.342423 -0.266719 -0.048908
0.372441 -0.373543 0.592508 -0.450841 -0.219572 1.577415 1.259568 -0.406937 0.336549 0.562698 -0.228993 -0.558610
0.403822 0.103647 0.572454 -0.425905 -0.929713 1.181898 1.347211 -0.854339 0.888038 0.411519 0.281623 -0.277305
-0.886695 0.488742 0.729681 -1.485926 -0.494146 -0.263044 -0.204484 -1.499322 0.509416 0.915861 0.500208 -0.839753
