-0.215162 -0.872865 0.152115 -0.013890 -0.859889 -0.049773 0.453994 0.162106 0.571031 -0.360907 0.207467 0.449980
-1.128767 0.105321 -0.131879 -1.072886 -0.159407 -0.049718 -0.419889 -0.218045 0.740896 0.890872 0.467576 -0.394615
-0.969752 -0.513885 0.460474 -0.205183 -0.043507 -1.250662 0.459408 -0.604177 0.093652 0.137132 0.250625 -1.119404
0.226223 -0.778196 0.582324 0.359560 0.664090 -0.059381 -0.352055 -0.157570 0.811688 -0.563847 0.125495 -0.002868
-0.206362 -0.936716 1.254055 -0.272968 -0.115774 0.454081 0.157465 -0.246034 0.213340 -0.381246 -0.144047 -0.046466
-0.082260 -0.768503 1.173266 -0.733551 -0.422906 0.472583 0.475016 -0.246450 0.199938 -0.601968 -0.213639 -0.213482
-0.384989 -1.283064 0.789372 -0.392970 -0.352696 0.457326 0.474891 -0.848520 0.587640 -0.326001 0.100373 -0.151906
0.370816 -0.576840 0.673468 -0.923296 0.582570 -0.855260 -0.088473 -1.047905 0.977668 0.212214 0.519690 -0.014694
-0.402974 -0.334339 1.258119 -0.696521 0.237206 -0.104444 -0.118908 -0.509274 1.358812 0.116686 0.456330 0.345856
-0.649848 -1.023882 0.186782 -0.231087 0.170903 -0.419866 0.108512 -0.415990 0.894434 -0.504165 0.348413 0.327340
-0.097898 -0.215972 0.109461 -0.161614 0.179020 -0.021857 -0.554324 0.268531 -0.065586 -0.273077 -0.746491 0.145553
-0.054616 -0.693678 0.721606 0.275527 -0.193763 0.028342 -0.158740 -0.508508 0.661562 0.326488 -0.824299 0.645186
-0.105197 -0.702678 0.473207 0.211206 0.168973 -0.150089 0.510589 -0.363292 0.562901 -0.758680 -0.763562 -1.048194
-0.624167 -1.113042 0.610642 0.118284 0.183509 -1.005967 -0.306643 -0.884266 0.157819 -0.405391 0.599202 -0.038905
-0.488950 -1.188327 0.708896 0.004198 -0.144479 -0.628039 -0.003504 0.162336 0.227044 -0.701513 -0.025422 0.232249
0.460783 -0.440266 1.113897 -0.326671 -0.027139 0.061956 0.701318 -0.346278 0.360118 -0.682930 0.130864 -0.257008
0.048303 -0.662254 0.828390 -0.045276 -0.073456 -0.150841 0.045296 -0.004298 0.105657 -0.591419 -0.686587 -0.245552
0.119373 -0.473284 1.299039 -0.937115 0.764333 -0.010100 0.315124 -0.688038 1.100497 -0.413534 -0.545561 -0.081660
0.641286 -0.521280 1.281075 -0.763420 0.505687 -1.089694 0.373398 -0.860363 -0.175052 -0.033792 0.502709 -0.866852
0.286211 -0.682558 1.240542 -0.752246 0.184499 -0.336408 -0.528284 -0.361871 0.518908 -0.411521 -0.019393 0.097808
0.223536 -1.010518 0.443104 -0.488800 -0.598123 -0.366252 0.088676 0.275787 0.616573 -0.890776 0.321500 -0.137963
-0.509625 -1.036565 0.913155 -0.256660 0.029933 0.096299 0.520761 -0.453972 0.547223 -0.646810 -0.185484 -0.162976
0.591393 -1.110613 0.760085 -0.553401 0.236486 0.045226 0.042893 -0.072318 0.385559 -0.971873 0.059267 -0.302809
0.162846 -0.977202 1.359832 -1.041501 0.297977 0.337440 -0.080969 0.002536 0.336122 -0.749521 -0.089528 -0.198969
0.370174 -1.058449 0.540369 -1.101217 0.817782 -0.072386 0.732598 -1.139020 -0.244462 -0.838095 -0.640483 -0.349249
0.106638 -0.757861 0.710655 -0.914029 -0.261393 -1.017209 -0.374963 -0.216509 0.439398 -0.699361 0.394406 0.025646
0.081298 0.132324 1.072308 -0.589151 0.048864 -0.514086 -0.655925 -0.144152 0.246935 -0.131633 -0.179137 0.014732
0.198041 -1.250958 0.818264 -0.687995 0.279071 -0.558520 -0.004387 -0.466726 0.495317 0.310305 0.355801 -0.156991
0.507800 -0.283340 1.012018 -0.588094 0.620229 0.098964 0.360309 -0.479779 0.357842 -0.451242 0.198443 0.067362
0.122359 -0.031738 0.338831 0.160339 -0.148896 -0.750313 0.064748 0.266090 0.095178 -0.151665 -0.118852 -0.219792
0.031857 -0.632801 1.169763 -0.593166 0.282248 -0.552386 -0.560353 -0.087698 0.790967 -0.585243 -0.375298 -0.240205
-0.121635 -0.723233 0.937478 -0.605149 0.792895 0.036174 0.252504 -0.433279 0.001990 -0.751757 -0.438648 -0.007973
0.341502 -0.577976 1.161052 -0.828964 0.357873 -0.094038 -0.025414 -0.432751 0.316741 -0.127293 0.073467 0.130349
0.287080 -0.218020 1.741267 -0.998925 0.435954 -0.040473 0.131944 -0.735885 -0.033447 0.070791 -0.167314 -0.220976
-0.127095 -0.296418 0.671313 -0.441617 0.194430 -0.315904 0.274066 -0.319228 0.304285 -0.035771 -0.010548 -0.413619
-0.072162 -0.869017 0.014051 -0.077332 0.015398 -0.140422 0.312106 -0.061847 0.762774 -0.546921 -0.065244 -0.473053
-0.383959 -0.523234 0.712508 -0.687763 -0.499483 -0.362224 0.267763 -0.421999 0.494348 0.181850 0.011860 -0.775680
0.706319 -0.122136 1.350598 -0.979954 -0.167037 -0.441281 -0.059884 -0.018539 0.015211 -0.283763 0.014003 -0.351736
0.507028 -0.256648 1.223103 -0.634492 0.478601 -0.075964 0.121306 -1.462497 0.417648 0.008358 -0.219134 -0.765830
-0.370688 -0.047917 0.518258 -1.127610 -0.501466 -0.410273 0.161348 -0.470649 1.124589 -0.283759 0.559234 -0.472307
0.489470 -0.464602 1.146324 -0.558461 0.117583 -0.029642 0.455754 -1.328556 0.244445 -0.600694 -0.187158 -0.383125
0.391540 -0.808465 1.083083 -1.429743 -0.286196 -0.439070 -0.025143 -0.804943 0.702484 0.018456 -0.634315 -0.353571
-0.389275 -0.222878 0.806142 0.025752 0.394091 -0.819460 -0.429509 -1.071844 0.552791 0.293181 0.146657 0.164754
0.301887 -0.238754 1.497980 -0.662118 0.673021 -0.437034 -0.048180 -0.383930 -0.030619 -0.225413 -0.056681 0.133465
-0.778690 -0.757551 0.445582 0.002701 0.401880 -0.343669 0.004955 -0.694785 0.584832 -0.032430 -0.268451 0.641396
-0.640067 -0.236763 0.984678 -0.075697 0.220148 -0.575972 -0.167039 -0.222289 0.241224 -0.665466 -0.036261 0.405567
0.345677 0.055472 1.102342 -0.578103 -0.262961 0.337623 -0.198380 -0.402510 0.493441 0.213243 -0.127006 -0.280686
-0.005710 0.057616 1.116381 0.068157 0.328694 -0.370954 0.256982 -0.629561 0.483334 -0.285148 -0.500405 -0.049025
-0.422081 -0.144760 0.618748 0.153948 -0.000123 -0.617513 0.271749 0.410137 0.581115 -0.703643 -0.324274 0.631180
0.373546 -0.483834 0.575433 -0.313573 0.216468 0.309099 0.186057 -0.306810 0.675536 -0.533664 -0.018026 -0.649981
-0.316687 -0.870864 0.642307 0.308117 -0.130816 -0.132657 0.215645 -0.178985 0.415871 -0.780396 -0.475786 -0.060243
-0.339328 0.065650 0.964407 -0.184209 -0.281832 -0.828342 -0.186510 -0.035009 0.194395 -0.063590 0.345520 -0.640802
0.202010 0.006865 1.211384 -0.046273 0.593215 -0.278531 -0.158931 -0.193032 0.532687 -0.610579 0.085803 0.204847
0.181105 0.025256 0.982762 -0.444683 -0.477991 -0.642709 -0.129823 -0.200341 0.556757 -0.347270 -0.108313 -0.405718
-0.428381 -0.000737 0.904366 -0.389009 0.609131 -0.482241 -0.451035 -0.237598 1.239269 1.053788 0.461959 -0.186445
-0.016070 -0.023522 1.256328 -0.371114 -0.076158 -1.268772 0.084587 0.124093 0.902177 0.199670 0.025100 -0.716921
0.642943 -0.652948 1.055661 -0.595975 -0.018728 -0.191571 -0.092874 0.097193 0.513864 -1.114071 -0.328040 -0.214252
-0.001452 -0.070965 1.298228 -0.024082 0.916083 -0.178483 0.160167 -0.640312 0.381592 -0.030055 -0.144206 -0.371083
0.535439 -0.440462 0.455684 -0.454182 1.072186 -0.580468 0.500679 -1.100147 0.086266 -0.325746 -0.006675 -0.721041
0.417268 -0.323161 1.078029 -1.068412 0.492211 -0.649752 -0.297959 -0.246450 0.345518 -0.430301 -0.051280 0.021003
0.110718 -0.832281 1.514531 -0.857709 -0.146490 -0.535364 -0.390679 -0.428176 0.360650 -0.503173 -0.139550 -0.245869
0.289321 -0.005039 1.027656 -0.682691 -0.065360 -0.321886 0.120035 -0.379094 0.261963 -0.120497 -0.083972 -0.305010
0.520179 -0.487948 1.760197 -1.149333 0.340346 -0.523492 -0.177715 -0.533929 0.141367 -0.389092 0.007658 -0.406617
-0.203575 -0.538645 1.653655 -0.675871 0.441279 -0.464859 -0.377490 -0.411080 0.677646 0.094703 -0.135868 0.136401
0.764652 -0.601958 1.567363 -0.564216 -0.029597 -0.242042 0.144397 -0.261971 0.005652 -0.451896 -0.220159 -0.891644
0.147332 -0.974953 1.351057 -0.381048 0.131353 -0.823093 -0.020443 -1.253143 0.734414 0.535750 -0.009306 -0.537280
0.271353 -0.594364 0.919344 -0.162704 0.413806 -0.235004 0.174715 -0.101916 0.529942 -0.758251 -0.399289 -0.194443
0.548727 -0.935748 1.347415 -0.566231 -0.138303 -0.344921 0.002692 -0.448451 0.253489 -0.717928 -0.450268 -0.645020
-0.328664 0.212637 1.300823 -1.132608 0.078118 -0.373482 -0.024644 -0.687103 0.163930 -0.120714 -0.127958 -0.348776
-0.407517 -0.351737 1.035391 -0.431107 0.741289 -0.737621 -0.176302 -0.820325 0.933217 0.021308 0.001366 0.353879
1.032289 -0.549603 1.536245 -0.431250 -0.340621 -0.084145 0.180155 -0.420028 0.073284 -0.455172 -0.375046 -0.979443
0.142456 0.058841 0.508769 0.214837 0.497704 -0.245297 0.220347 -0.734068 0.216798 -0.358418 -0.381053 0.073725
0.276201 0.092069 1.012373 -0.247450 -0.133142 -0.013329 -0.224975 -0.376087 -0.121166 -0.505106 0.502629 -0.848435
0.463870 -0.619382 1.050428 -1.012659 0.075111 -0.226052 0.240738 -1.071156 0.652883 0.198774 -0.884188 -0.084474
0.068493 -0.881100 1.523712 -0.739161 0.129935 -0.794718 0.001267 -0.456427 0.202559 -0.094386 0.259286 -0.555668
-1.746705 0.089708 0.864277 -0.398617 -1.067660 -0.973957 -0.907871 0.087650 0.229600 0.488652 0.061800 0.445117
-0.263161 -1.034338 0.686711 0.283518 0.171619 -0.396978 -0.545246 -0.039324 0.527935 -0.677668 -0.260223 0.310305
0.331595 -0.972160 0.138170 0.589175 0.146714 -0.006475 -0.137817 -0.153108 0.636568 -0.915768 -0.582903 -0.077234
-0.017379 -0.981341 0.745145 0.496015 0.605352 -0.147637 -0.081520 -0.547703 0.637767 -0.663094 0.119742 0.079850
-0.345573 -0.835025 0.754257 0.225672 -0.128621 0.002100 -0.485622 0.250975 0.558548 -0.603531 0.150608 0.194862
-0.578602 -0.034528 0.738692 1.238018 0.200852 -0.589783 -0.124572 -0.084829 -0.079419 -0.071970 0.085752 0.366910
-0.782879 -0.089242 0.829819 -0.051041 -0.777393 -0.371332 -0.565505 0.205586 0.160139 0.300507 0.125680 0.534562
-0.199510 -1.045601 -0.202364 -0.150812 0.148675 -0.003513 -0.356886 0.005986 0.978811 -0.289102 0.488417 0.079453
-0.219924 -0.720744 0.084020 -1.010616 0.516976 0.088539 0.208859 -0.480310 0.806987 -0.568624 0.162345 0.005972
0.078868 -0.833238 1.128780 0.161139 -0.161435 -0.038969 0.093998 -0.100538 0.188596 -0.687009 0.028779 -0.230245
-0.030234 -1.457789 0.198519 -0.038190 0.052647 0.625570 0.305138 -0.513863 0.497073 -0.238961 -0.146018 0.144530
-0.008659 -0.255047 1.136907 -0.136152 -0.584832 0.333381 0.328909 -0.127243 0.337937 -0.447701 -0.150590 0.168077
-0.515444 -1.022941 -0.044168 0.221229 -0.313818 -0.125522 -0.681736 -0.269347 0.027307 -0.413594 0.065680 0.023475
0.037955 -1.177202 0.572677 0.339968 -0.045110 -0.503945 -0.369756 -0.549743 0.121335 -0.240620 0.123358 -0.040059
-0.673626 -0.587931 0.482295 -0.138176 -0.063598 -0.569503 0.023116 -0.589291 0.371507 0.247858 -0.016683 0.505606
0.130093 -1.056703 0.735149 -0.111125 0.605381 0.384822 0.514528 -1.048712 0.835730 0.127423 0.072826 0.122685
-1.215149 0.147648 0.581786 -0.209645 -0.326000 -0.337787 -0.939039 -0.411377 0.927134 -0.190920 0.318069 0.328391
0.228148 -1.203010 1.121183 -0.272523 -0.143901 -0.104879 -0.033276 -0.005351 0.337871 -0.457965 0.172243 -0.108700
-1.502549 -0.172392 -0.009591 -0.484760 -0.412717 -0.551516 -0.677039 -0.583728 0.238265 0.157781 0.540436 -0.246953
-0.283275 -0.760145 -0.311570 0.343688 0.118399 -0.474991 -0.016952 -0.303101 0.180683 -0.185868 -0.020324 0.427734
-0.751313 -1.136395 -0.575671 -0.268236 0.136492 -0.098135 -0.534911 0.270504 0.133244 0.517353 0.566978 0.339198
-0.590333 -0.858876 0.645750 -0.409268 -0.314886 -0.817679 -0.025691 -0.677051 0.619482 0.086759 0.786126 0.087371
-0.385324 -0.308104 -0.172454 -1.011897 -0.035016 0.434201 -0.069213 -1.142995 0.008233 -0.062215 0.187347 -0.407185
-0.314103 -1.384811 0.109307 0.555452 0.632864 0.040115 -0.479649 -0.155676 1.035889 -0.359079 0.133472 1.150387
-0.444394 -0.542719 0.876620 -0.578223 0.088786 -0.250009 0.328664 -0.548953 0.037496 0.396448 0.033437 -0.538013
-0.565255 -0.711320 0.708311 0.516884 0.047378 0.101713 0.096765 -0.288013 0.269286 0.183704 -0.123440 0.395056
0.256987 -0.515829 0.162712 -0.520157 0.683180 -0.164932 0.420803 -0.262275 0.555323 0.650536 -0.070646 0.267401
-0.089883 -0.730465 0.426703 -0.571666 -0.271837 0.004379 0.439792 -0.268790 0.392763 -0.448824 0.075005 -0.184627
-0.464251 -0.604792 0.303812 -0.399659 -0.655248 -0.551394 -0.145230 -0.797088 -0.044572 0.148179 0.233396 -0.351082
-0.616873 -1.087391 0.392712 -0.264008 0.236515 0.276172 0.256983 -1.121012 0.792377 -0.342336 0.478826 0.235169
-0.723601 -1.121469 0.144797 -0.556935 -0.535716 -0.277118 0.375966 -0.182356 0.721267 0.049370 0.140359 -0.333588
0.222677 -0.341362 0.201487 -0.506287 0.111284 -0.057628 0.501996 -0.576090 0.583357 0.431627 -0.162747 0.108821
0.015153 -1.072657 0.651776 0.189127 0.080340 0.413391 0.265254 -0.243522 0.650402 0.178414 0.014664 -0.026509
-0.557633 -1.140013 -0.672621 -0.099524 1.040945 -0.166941 0.219991 -0.588393 0.506986 0.072791 0.605159 0.191950
0.238807 -0.150665 0.615969 0.560668 0.187700 -0.429904 0.423526 0.073350 0.212062 -0.781877 -0.950150 -0.130532
0.072286 -1.193124 0.427080 -0.446806 0.363069 0.429089 -0.321124 -0.200539 0.586110 -1.081395 0.159942 0.377920
0.275135 0.013802 0.819338 0.724375 0.546937 -0.750035 -0.126388 -0.179691 0.463679 -0.144295 0.242005 -0.551771
0.136108 -0.893916 1.390156 -1.006413 0.230443 0.068743 -0.279052 -0.207433 0.348799 -0.043341 0.006891 -0.062991
-0.136934 -1.173770 -0.509515 -0.734983 0.311509 0.406023 -0.048873 -0.566689 0.617891 0.151436 0.411703 -0.110383
-0.155038 -0.738029 0.629702 0.497462 0.209202 -0.710332 0.077732 0.053515 0.603949 -0.819195 -1.001696 -0.440727
0.240539 -1.458802 0.179541 0.019752 -0.220743 0.114581 0.480572 -0.141442 0.959514 -0.617505 -0.140405 0.048194
-0.062076 -0.841931 0.269706 0.440780 -0.182935 -0.101613 0.010460 -0.163648 1.143585 -0.052709 0.431821 -0.115355
0.189464 0.058036 1.121212 -1.416811 -0.187150 -0.548555 0.280446 -0.237218 0.776882 0.125161 -0.013345 0.360601
-0.260392 -0.792122 0.248959 -0.079593 0.165582 -0.098474 -0.935248 0.073136 -0.016254 -0.931454 -0.438879 0.173841
0.466967 -0.976871 0.388745 0.214704 0.446494 -0.119363 -0.025052 -0.492340 0.776024 -1.219488 -0.077565 -0.260327
-0.568545 -0.155408 1.089388 -0.464330 -0.258372 -0.821560 -0.671033 -1.000346 1.272428 0.816576 0.310050 -0.125028
-1.124693 -0.477424 0.133056 -0.309580 0.244166 -0.505091 -0.413016 -0.405185 1.132429 0.740056 0.827209 -0.274958
-0.768234 -0.544646 0.298795 -0.384782 0.156276 0.285366 0.106951 -0.620690 0.504491 0.051578 -0.289443 -0.142978
-1.154870 0.300521 -0.167987 -0.107874 -0.244495 -0.324538 -0.418855 0.551266 0.044383 0.277474 0.144847 0.400905
0.178159 -0.029230 0.225653 -0.247037 -0.019156 -0.488681 -0.031433 -0.928167 1.043558 0.035843 -0.033955 -0.253697
-0.619384 -0.218386 0.574387 -0.383280 -0.127917 -0.188000 0.080561 -0.304688 -0.029147 -0.063195 0.167637 -0.325936
-0.574515 -0.265780 0.380300 0.181221 -0.795966 -0.467549 0.354259 -0.042042 1.029596 -0.244959 -0.339109 -0.315001
-0.275700 -0.532042 0.370281 0.092488 -0.072436 -0.256932 0.095361 0.307043 0.448459 -0.417293 0.303138 0.309531
-0.540169 -0.479189 0.910967 -0.702713 0.109938 0.098990 -0.184059 -0.630721 0.846690 0.662759 -0.216973 -0.180508
-0.531898 -0.017652 1.904992 -0.524888 -0.562604 -0.189299 0.258369 -0.570761 0.387073 0.092735 0.315143 -0.359799
-0.670735 -0.827814 0.707617 0.204448 -0.276550 -0.090567 -0.289078 -0.389585 0.712067 0.068374 0.129737 0.601192
-0.794650 -1.173783 0.492505 0.315002 -0.314880 -0.280051 -0.516454 0.181645 0.901504 -0.048107 0.199635 0.691009
-1.044129 -0.300703 -0.298692 -0.327563 -0.823461 -0.370471 -0.345861 0.141130 0.195887 0.032461 0.154192 -0.470549
-1.167419 -0.147616 0.368059 -0.165955 -0.429150 -0.511341 -1.111157 0.631743 0.973684 0.162445 0.452478 0.471457
-0.903389 -0.439931 0.559634 -0.649387 0.057036 -0.721085 0.221925 -0.545911 0.946543 0.943287 0.566330 0.286966
-1.146231 -0.372432 0.679849 -0.600464 0.056483 -0.624331 0.419042 -0.467861 0.639099 0.695754 0.536937 -0.108190
-1.194975 -0.412968 0.366687 0.029104 -0.836695 -0.992614 -0.770823 0.195912 0.088182 0.347235 0.413737 0.626575
-1.297192 -0.307751 0.055257 -0.218079 -0.712555 -1.040427 -0.843307 0.632465 0.273824 0.291711 0.578081 0.302602
-1.356449 -0.344952 0.347245 0.067818 -0.811194 -1.085081 -1.022036 0.511579 0.295093 0.238825 0.565758 0.663306
-1.509398 -0.472787 0.782154 0.004143 -0.680898 -0.980794 -0.677779 0.088658 0.851182 0.185488 0.566855 0.902958
-0.304702 -0.054856 -0.754695 -0.396198 -0.072977 -0.647972 -0.240545 -0.173678 1.094405 0.309473 -0.011091 0.170934
-0.556180 0.315804 0.193922 -0.395284 -0.353309 -1.201352 -0.057126 0.422948 0.361338 0.438320 0.044002 0.127969
0.138459 -0.476839 0.632246 -0.579565 -0.411053 1.516450 1.236435 -0.602832 0.589431 0.240344 -0.309778 -0.261341
0.447142 -0.097701 0.847534 -0.329979 -0.446188 1.496831 1.282628 -0.266736 0.265929 0.271560 -0.253519 -0.580604
0.303097 -0.779093 0.612591 -0.446520 -0.336444 1.619195 1.087710 -0.385838 0.527882 0.281356 -0.431460 -0.296860
0.238412 -1.000645 -0.065071 -1.066014 -0.159926 1.306174 0.931060 -0.540414 0.587541 0.111921 -0.206173 0.343147
0.221526 0.065064 0.616264 -0.448617 -0.757122 1.172641 1.220910 -0.405175 0.500532 -0.054205 -0.049848 -0.284352
-0.372136 0.086993 0.932597 -0.128334 -0.378114 0.281333 0.460337 -0.492534 0.589620 0.616466 -0.052990 -0.368158
0.103226 -0.356884 0.563772 -0.536414 -0.565398 1.300697 1.243110 -0.585159 0.532469 0.149379 -0.110989 -0.284644
0.286729 -0.594076 0.562769 -0.809752 -0.045721 1.384460 0.905686 -0.698524 0.467770 0.154597 -0.370297 -0.172975
0.520855 0.140501 0.977651 -0.507158 -0.653180 1.422669 1.303393 -0.283908 0.181628 0.248182 -0.117449 -0.691435
0.236253 -0.392605 0.664012 -0.507192 -0.427920 1.526252 1.224558 -0.468891 0.457823 0.247951 -0.278236 -0.351156
0.202013 -0.496366 0.536469 -0.629681 -0.374865 1.491690 1.194335 -0.497382 0.518529 0.247902 -0.272198 -0.225541
-0.026241 -0.236708 0.544587 -0.577583 -0.537644 1.411980 1.172395 -0.720792 0.652343 0.414021 -0.368177 -0.117971
0.145894 -0.061765 0.571715 -0.794962 -0.419893 1.394240 1.240560 -0.679925 0.563038 0.177581 -0.152666 -0.167312
0.045046 -0.067152 0.773446 -0.573053 -0.711085 1.199509 1.114374 -0.689565 0.311530 0.526425 0.022125 -0.843892
0.318220 0.287348 1.118547 -0.097357 -0.125433 1.477880 1.267852 -0.124060 0.053810 0.928058 -0.388219 -0.886394
0.369727 -0.253302 0.713642 -0.384217 -0.280322 1.527933 1.220223 -0.273945 0.403044 0.407874 -0.167766 -0.587812
0.591964 -0.807325 0.629334 0.195410 -0.200436 1.380394 0.853509 -0.351556 0.101332 0.986045 -0.618048 -0.642550
0.197690 -0.538426 0.492415 -0.666220 -0.469759 1.404675 1.255907 -0.537200 0.474538 0.039535 -0.315420 -0.069358
0.037465 -0.318529 0.649341 -0.590444 -0.517658 1.415169 1.197217 -0.627707 0.687965 0.234122 -0.267850 -0.297203
0.204594 -0.332238 0.577790 -0.674537 -0.477170 1.441490 1.198589 -0.483983 0.481576 0.080591 -0.172860 -0.210354
0.048231 -0.392667 0.471768 -0.785129 -0.621138 1.288456 1.159875 -0.515024 0.574549 -0.095482 -0.283502 -0.027408
0.141815 -0.528294 0.851389 -0.049151 -0.202765 1.355252 1.239843 -0.600119 0.548569 0.300784 -0.189561 -0.665785
0.428663 -0.022551 0.810133 -0.459508 -0.519675 1.325063 1.004911 -0.140199 0.411576 0.210678 -0.238496 -0.473793
0.129236 0.537784 1.135370 -0.708625 -0.650682 1.439805 1.135415 -0.303435 -0.270418 0.617195 -0.470258 -0.770070
0.446527 -0.252177 0.652666 -0.438831 -0.494512 1.284157 1.124208 -0.323191 0.304245 0.007045 -0.093622 -0.409762
0.147088 -0.620876 0.419441 -0.750624 -0.488461 1.330532 1.135673 -0.671173 0.610365 0.216629 -0.143120 -0.140361
0.358297 -0.147654 0.837741 -0.269240 -0.480545 1.453379 1.287317 -0.334270 0.391977 0.268720 -0.230227 -0.534672
-0.077281 0.467164 0.510333 -1.210069 -0.501374 -0.633090 0.017831 -1.071256 0.053856 0.883912 0.489460 -0.992037
0.161838 -0.213648 0.951823 -0.481592 -0.387438 1.268437 1.101596 -0.482719 0.443115 0.317840 -0.010612 -0.254543
-0.181398 -0.361888 0.267977 -1.018033 0.001198 0.338121 0.775213 -0.603643 0.489892 0.390561 0.274772 -0.622838
0.150840 -0.565325 0.701348 0.487719 0.633657 0.425365 0.548041 -0.187768 0.839859 0.718559 -0.030018 -0.183657
0.361563 -0.303907 0.978705 -0.707656 -0.630441 1.258911 1.326452 -0.680401 0.481272 0.178801 -0.299296 -0.703979
0.032829 -0.665237 0.496232 -0.820157 -0.528174 1.418776 1.234785 -0.690345 0.743358 0.044578 -0.047892 -0.084685
0.259123 -0.362432 0.642708 -0.613190 -0.616551 1.252024 1.312216 -0.486466 0.320351 0.061418 0.016856 -0.442014
0.307700 0.065398 0.812004 -0.460714 -0.581936 1.386339 1.168214 -0.226705 0.355915 0.103768 -0.226830 -0.473288
0.517991 -0.009895 0.993755 0.346612 0.089803 1.422068 1.202926 -0.085122 0.094482 0.884333 -0.374935 -0.904877
0.225332 -0.082957 0.630958 -0.411323 -0.263604 1.406675 1.185538 -0.551490 0.167433 0.577434 0.157073 -0.797606
0.443743 -0.163975 0.753824 -0.304786 -0.394120 1.459295 1.055152 -0.061578 0.211321 0.140263 -0.072909 -0.495583
0.185244 -0.203567 0.592082 -0.728400 -0.618806 1.369488 1.355430 -0.617705 0.645484 0.053788 -0.190439 -0.150781
0.318285 -0.241906 0.549872 -0.890577 -0.410040 1.390323 1.169604 -0.536921 0.543347 0.372123 -0.320353 -0.019627
0.165962 -0.314437 0.476024 -0.866082 -0.492279 1.410616 1.313747 -0.629752 0.634223 0.144274 -0.183580 -0.070721
0.184579 0.196574 0.631489 -0.694511 -0.892800 0.804017 0.399931 -0.336813 -0.113471 0.532972 -0.365576 -0.340263
