-0.413048 -1.189302 0.167663 -0.762416 0.185692 0.229106 0.304815 -0.476293 0.298630 0.105474 0.173571 -0.234501
-0.649510 -0.293162 -0.027909 -1.096200 -0.047241 -0.818097 -0.315227 -0.818060 -0.051154 0.472602 0.197018 -0.431578
-1.553370 -0.122509 0.497358 -0.323062 -1.000281 -0.913294 -0.886894 0.096640 0.081492 0.008575 0.087383 -0.016462
-1.067318 -0.705737 0.661694 -0.224078 -0.447977 0.047800 -0.255397 0.009228 0.993369 0.190784 0.358518 0.910612
-1.269138 -0.303732 0.491878 0.300327 -0.810303 -1.182584 -1.091328 0.267699 0.435153 0.100770 0.424113 0.976929
-0.889705 -1.194249 0.641244 -0.091792 -0.495729 -0.053433 -0.445324 0.179811 0.872393 -0.157308 0.002735 0.898535
-0.380183 -1.214106 1.090809 0.053283 -0.331038 0.128910 -0.025291 -0.152832 0.776570 -0.242967 -0.273607 0.220292
-1.002586 -0.753137 0.687848 -0.120376 -0.575315 -0.119179 0.050878 -0.235231 0.715133 0.022731 0.181776 0.708667
-1.257976 -0.573960 0.424121 -0.519589 -0.656023 -0.809330 -0.721395 0.176296 0.660316 0.753714 0.613599 0.498044
0.281296 -0.402233 0.983536 -0.408611 0.317511 -0.396987 0.474892 -0.338226 -0.071348 -0.419047 -0.224006 -0.085218
-0.145889 -0.744498 1.298441 -0.782576 0.596379 -0.308225 -0.277502 -0.537338 0.433595 -0.276876 -0.129451 -0.370679
-0.303818 -1.070847 1.196486 -0.113333 0.108057 -0.389046 0.254861 -0.682612 0.496397 0.262006 -0.145022 -0.286155
-0.270600 -1.408800 1.212093 -0.023599 -0.068580 0.006638 -0.021025 -0.271940 0.224446 -0.801959 0.015095 0.122898
-0.118392 -1.128604 0.584030 -0.076679 0.310431 -0.562598 0.088957 -0.790266 0.576513 -0.185445 0.063686 0.135848
0.696454 -0.611750 1.604463 -0.422272 0.155948 -0.383366 -0.070174 -0.510451 0.352542 -0.299834 -0.156425 -0.560203
-0.159470 0.241494 0.486652 -0.757413 0.717149 -0.816303 0.445409 -0.616553 -0.276841 -0.185219 -0.210314 -0.237267
-0.283029 -1.152513 0.485521 -0.007177 0.088062 -0.563673 0.120263 0.018813 0.455390 -0.372198 -0.543939 0.384457
0.011528 -1.099090 1.280203 -0.637152 0.078438 -0.022517 -0.070419 -0.400414 0.043234 -0.649184 -0.089170 -0.216127
-0.920744 0.029057 1.006316 -0.235864 -0.183066 -0.911895 -0.479080 -0.320610 0.384351 -0.435295 -0.225153 -0.088646
-0.764408 -0.905136 0.713935 0.275751 -0.225826 -0.837428 -0.797036 0.160085 0.336738 -0.586118 0.451103 0.903188
-0.725355 0.866354 0.799512 0.203194 0.010943 -0.253603 -0.179625 -0.167549 0.996144 0.105191 -0.105940 -0.009498
0.518741 -0.861368 1.160827 -0.608672 0.378221 -0.181691 -0.370847 -0.233866 0.407951 -0.521204 -0.170123 -0.566989
0.358938 -0.748576 1.441047 -1.136586 0.194842 -0.179040 -0.210544 -0.549634 0.135872 0.070298 -0.294727 -0.311730
0.321611 -1.160809 -0.450345 -0.636560 0.035125 -0.414777 0.096118 -0.566804 1.024130 0.097170 0.717341 0.537122
-0.971106 -0.772974 0.664139 -0.719447 0.443498 -0.610885 0.540056 -1.433972 0.619115 0.475153 0.339645 -0.018958
-0.026571 -0.713257 0.839226 0.008080 0.626491 -0.560721 -0.573879 -0.133978 0.644278 -1.192472 -0.032283 0.396408
0.226676 -0.669141 0.801556 -0.811699 0.374224 -0.118340 0.467653 -0.473261 0.591167 -0.680475 -0.262632 0.066944
-0.303972 0.268117 0.692665 -0.762146 -0.009372 -0.175019 0.151951 0.129329 0.391367 0.488343 -0.309738 1.019540
0.022939 -0.938254 0.854720 -0.122182 -0.154916 -0.470325 -0.466215 0.443734 0.718488 -0.642164 -0.812461 -0.642502
-0.438612 0.538012 0.446397 -0.611657 0.483631 -0.745846 0.462028 -0.353614 1.069428 -0.058340 0.325581 0.364160
-0.112065 -0.924809 1.154343 -0.433682 0.406678 -0.426179 -0.130919 -0.117255 0.540860 -0.692734 -0.115868 0.079207
0.285760 -0.170951 1.358637 -0.351394 0.399958 -0.555090 0.467066 -0.995034 0.314751 -0.332545 -0.395728 0.018039
0.158630 -0.907890 0.624475 -0.677145 0.592495 -0.034792 0.001213 -0.470657 0.197433 -1.139699 -0.521685 0.192868
0.067939 -0.971797 1.038875 -0.384751 0.133923 0.054782 -0.025484 -0.197921 0.695772 -0.836923 -0.146265 0.207304
-0.041459 -0.787174 1.010784 -0.050576 0.461639 -0.440762 -0.668513 -0.032546 0.710289 -1.042903 0.000748 0.402725
0.381821 -1.605187 0.067978 -0.075384 0.090003 0.030083 0.185803 0.191366 0.477910 -0.985178 -0.092688 0.461309
0.159593 -0.527091 1.472891 -0.495155 0.516257 -0.357086 -0.313536 -0.502298 0.363586 -0.614533 0.078056 -0.035077
-0.205231 -1.161911 0.948283 0.248549 0.438341 -0.153524 0.417875 -0.251872 0.333279 -0.795504 -0.252492 0.063201
-0.298278 -0.787499 0.276151 -0.428315 0.640562 -0.430972 0.071127 -0.706322 0.338036 -0.200623 -0.141346 0.571216
0.400701 -0.940419 0.226912 0.058822 0.410713 -0.198704 0.913735 -0.354187 0.050604 -0.514597 -0.704267 -0.055188
0.187534 -0.582999 0.823145 -0.135890 0.302823 0.082348 0.094162 0.122698 0.135921 -0.879117 -0.743730 -0.176169
0.104508 -0.493838 1.222939 -0.546885 0.569640 -0.321884 -0.242487 -0.527438 0.553316 -0.577043 -0.432680 -0.006443
0.383619 -0.522515 1.119367 -0.586378 0.424175 -0.440588 -0.329206 0.020108 0.511521 -0.732425 -0.412322 -0.083364
0.427892 -0.951097 0.850159 -0.264755 0.170221 -0.190119 -0.119877 -0.105283 0.568752 -0.797559 -0.290226 -0.191388
0.141796 -0.399247 1.050403 -0.619739 0.383177 0.153081 0.613992 -0.944692 0.043060 -0.346745 -0.270924 -0.220987
0.300909 -0.912251 0.985383 -0.572644 -0.143691 0.015447 0.146433 -0.357449 0.641238 -0.292572 0.003662 -0.000392
-0.072181 0.108863 0.853353 -0.089023 0.085671 0.546084 0.282125 0.017148 0.557877 -0.453543 0.745749 -0.759878
-0.562438 0.006278 0.762576 0.151473 0.263317 -0.088100 0.194117 -0.182564 1.045374 -0.309849 0.018881 -0.022909
-0.054283 0.740996 0.067299 0.001849 -0.104157 -0.529474 -0.073296 0.333670 0.564566 0.029237 0.233769 -0.231755
-0.056553 -1.482789 0.454732 -0.616820 0.414685 -0.078306 0.052510 -1.032897 -0.001037 0.026396 0.033927 0.057316
-0.453115 -0.837109 1.118356 -0.799703 -0.200947 -0.192675 0.079963 -0.877951 0.367029 -0.034835 0.281912 -0.268320
0.169093 0.007195 1.166281 -1.425784 -0.146083 -0.704621 0.112769 -1.065991 0.018938 0.133146 0.243859 -0.588522
0.453144 0.113835 0.725955 -0.341305 0.086293 0.140026 0.314215 -0.294731 1.000347 -0.812993 -0.715684 0.157675
-0.859243 -0.379258 -0.278985 -1.019600 1.027927 -0.183521 0.038024 -1.118292 0.804943 0.121357 -0.311747 -0.050706
-0.348026 -0.013139 1.079824 -0.437643 -0.033606 -0.760626 -0.599369 0.008895 0.592115 0.023466 0.255762 0.357717
0.317790 -0.762670 0.675328 -0.531020 0.487478 -0.077980 0.249508 -0.419180 0.400672 -0.996580 -0.482745 0.036577
0.061567 -0.750062 0.617751 0.093874 0.217586 -0.573452 0.111031 -0.453437 -0.179310 -0.056344 0.472484 -0.142489
0.150013 -1.023011 1.179161 -0.077025 0.132233 0.098222 0.303402 -0.373802 -0.139147 -1.016715 -0.471047 -0.550793
0.227446 -1.012573 0.463436 -0.359861 0.442947 -0.319389 0.309443 -0.455115 0.239017 -0.035580 -0.277620 -0.510686
0.261875 -0.848435 0.967468 -0.303666 0.089300 0.114877 0.427045 -0.501387 0.120979 -0.842873 0.043878 -0.220515
0.084611 1.305417 1.177689 0.004431 -0.104377 -0.257037 0.259562 -0.311938 0.565469 -0.425447 -0.127498 0.469935
0.489690 -0.425214 1.413283 -0.087695 0.616306 0.117270 0.299747 -0.359079 0.120709 -0.396834 -0.531667 -0.502390
0.590806 -0.574948 0.901526 -0.238762 0.284158 -0.163353 0.226340 -0.873124 0.297667 -0.416955 -0.196633 -0.270784
0.086413 -0.562579 1.628441 -0.757755 0.331817 -0.340577 -0.072140 -0.600679 0.434095 0.321186 0.216147 -0.102576
-1.160527 -0.527876 -0.136644 -0.941002 -0.091625 -0.801251 -0.217844 -0.751968 0.581077 0.202882 0.190450 0.149562
0.624879 -0.459748 1.064994 -0.970790 0.234193 0.003398 0.180344 -0.676973 0.273059 -0.522095 -0.436933 -0.439989
0.289292 -0.630843 1.263324 -0.830250 0.077003 -0.469956 0.011343 -0.456627 0.392882 -0.755023 -0.405176 -0.467132
-0.212447 -1.067486 0.928770 -0.452807 0.812480 -0.149133 0.374188 -1.004796 -0.063295 -0.489740 -0.199242 0.012168
0.006307 -0.953404 0.973314 -0.212899 -0.274723 0.041149 0.748617 0.051806 0.890104 -0.408951 -0.171180 0.173223
-0.626992 0.602598 0.933604 -0.350465 -0.062310 -1.183479 -0.264040 -0.633521 0.904937 0.062562 0.117345 0.023069
-0.010414 -1.170338 0.698614 0.058417 0.271440 -0.381263 -0.314114 0.185926 0.123376 -0.848815 -0.402359 -0.112070
0.268363 -1.037796 0.871695 0.326315 0.402854 0.339742 0.060017 -0.309135 0.358759 -0.826404 -0.134870 0.032007
0.275317 -0.215563 1.207679 -0.091245 -0.141210 -0.037602 0.107798 -0.169802 0.191305 -0.457230 0.171534 -1.028647
-0.363397 -0.356554 0.874196 -0.956284 0.009827 0.202369 0.325987 -1.052953 0.706425 -0.384701 0.134621 -0.294861
-0.008074 -0.281613 0.567287 0.876512 0.421733 0.467796 0.077299 -0.502554 -0.011794 -0.218553 0.047176 -0.423871
0.341066 -0.892348 1.051838 -0.723155 -0.046187 -0.926246 0.021131 -0.035310 0.389433 0.250120 0.136288 -0.287157
-1.552336 0.304506 -0.829023 -0.247322 -0.799696 -0.784001 -0.892800 0.511928 1.353530 0.218267 0.207424 0.546452
-0.853193 0.034997 0.665533 -0.080139 0.003335 -0.254240 0.239084 -0.388230 0.235605 1.009053 0.374052 -0.215290
-0.309003 0.595906 0.737328 -0.571438 -0.433004 0.009286 0.353641 0.254761 -0.062813 1.233841 0.505165 -0.669653
-0.303972 0.268117 0.692665 -0.762146 -0.009372 -0.175019 0.151951 0.129329 0.391367 0.488343 -0.309738 1.019540
0.312918 -0.177071 0.100549 -0.380265 0.190176 -0.665471 0.018668 -0.433391 0.994966 -0.458506 -0.535225 -0.438434
-1.046030 -0.539674 0.790877 0.211901 -0.329212 -0.847312 -0.500417 -0.125264 0.283431 -0.465505 0.472555 0.487648
-0.752078 -1.162540 -0.219133 -0.218513 -0.396501 -0.352395 -0.375371 -0.228237 0.759219 0.032805 0.218541 0.459569
-0.897943 0.421639 0.084662 -0.659245 0.015617 -0.691670 -0.647861 0.368374 0.997571 0.817248 0.629625 0.101448
-1.757774 0.201798 0.575008 -0.524802 -0.122438 -0.647954 -0.480478 -0.591042 0.132339 0.304035 0.456041 -0.428132
-0.400774 -0.365969 0.016452 -0.152944 0.165682 -0.575551 0.199654 -0.475683 0.428852 -0.582917 -0.948530 0.306096
-0.053926 -0.357475 0.062165 -0.162074 0.353202 -0.622912 -0.748548 -0.230379 -0.004471 -0.284413 -0.091236 0.303316
-0.082191 0.240596 0.039438 -0.483859 -0.194303 -0.495560 -0.359319 -0.075643 0.312179 -0.538902 -0.770559 -0.160859
-0.392973 -0.452982 -0.056480 0.048849 0.770892 -0.327317 -0.555601 -0.735934 0.046079 -0.190292 0.140206 -0.157073
0.119372 1.085774 0.831458 -0.539938 -0.523426 -0.084782 -0.271097 -0.532043 1.051926 0.583444 0.328986 0.413277
-1.164449 -0.661585 0.661006 -0.025649 -0.689568 -0.260998 -0.311541 0.207841 0.786422 0.190670 -0.091566 0.745622
-0.778531 -0.896226 0.855331 0.321819 -0.351400 0.128588 -0.160232 0.070827 0.694339 0.175901 0.167918 0.460309
-1.356839 -0.254527 0.645386 0.183496 -0.682568 -0.920248 -1.038052 0.495472 0.407599 -0.016064 0.533378 0.970904
-1.255006 -0.057453 0.859067 0.454037 -0.792988 -1.019851 -1.001085 -0.004196 0.471272 0.000788 0.346993 0.943407
-1.011350 0.065188 0.787211 0.106539 -0.522529 -0.913830 -1.051937 0.161074 0.414675 -0.152151 0.508369 0.898793
-0.412218 -0.410726 -0.097434 -0.619348 0.528621 -0.468112 0.319136 -0.544414 0.193061 0.092451 -0.826795 -0.964319
-1.049653 -0.606095 0.692941 -1.061158 -0.530998 0.029778 0.091176 -0.560478 0.929369 -0.125268 0.073542 0.343906
-0.245683 0.005620 0.357305 -0.425777 0.653528 -0.531747 -0.592855 -0.827445 0.659224 -0.613909 -0.348446 0.323721
-0.828867 -0.409256 0.867229 -0.051243 -0.664820 -0.140332 0.142652 -0.043966 0.263596 0.306156 0.190805 0.236494
-1.024167 0.121661 0.917152 -0.722256 -0.728877 -0.433543 -0.168861 -0.176044 0.327644 0.434553 0.168807 0.483526
-0.554411 -0.741978 1.162896 -0.103496 -0.432823 0.156182 0.216967 -0.115129 0.614070 -0.221026 0.183711 -0.028334
-0.486335 0.014097 0.480054 -1.298176 -0.315040 -0.328579 0.648534 -0.499933 0.579083 1.158982 0.354978 -0.023320
-0.451771 -0.351597 1.495631 0.310229 0.329616 -0.544256 0.299653 -0.467198 0.644103 -0.233639 -0.377426 -0.165618
0.171564 -0.077546 0.793361 -0.498575 -0.505605 1.514287 1.051909 -0.209303 0.322274 0.315488 -0.341180 -0.413999
0.352974 -0.076507 0.921518 -0.517478 -0.578927 1.480867 1.256657 -0.359977 0.283582 0.134750 -0.309382 -0.515446
0.102427 -0.314460 0.609263 -0.665116 -0.552749 1.356467 1.205475 -0.501935 0.602104 -0.010904 -0.287256 -0.153196
0.229888 -0.058231 0.855102 -0.502759 -0.656351 1.347058 1.243725 -0.458007 0.381760 -0.009815 -0.209692 -0.359202
0.391146 -0.037625 0.864740 -0.297984 -0.474814 1.475532 1.197342 -0.155066 0.187887 0.234848 -0.279902 -0.540522
0.082674 -0.212816 0.659059 -0.487856 -0.330001 1.527482 1.159573 -0.251889 0.498230 0.207100 -0.342738 -0.265729
0.556262 -0.219125 0.604907 -0.313002 -0.537423 1.298120 1.194369 -0.164248 0.149579 0.045701 -0.026503 -0.420187
0.102427 -0.314460 0.609263 -0.665116 -0.552749 1.356467 1.205475 -0.501935 0.602104 -0.010904 -0.287256 -0.153196
0.566596 -0.110988 0.707416 -0.349319 -0.034634 0.684355 1.158373 -0.599755 0.985989 0.015964 0.056876 -0.401103
0.532119 -0.275100 0.556602 -0.437503 -0.446762 1.352862 1.101081 -0.087294 0.146469 0.004137 -0.062923 -0.366077
0.282401 -0.355613 0.324366 -0.635312 -0.407464 1.222181 0.985876 -0.316861 0.429198 0.264869 -0.138338 -0.382305
0.679950 -0.142685 1.073362 -0.340601 -0.936593 1.216527 0.895094 -0.584457 0.161584 0.434070 -0.249132 -0.613304
0.132960 -0.600698 0.344654 -0.839406 -0.269425 1.479031 1.157003 -0.625802 0.566321 0.274499 -0.246350 -0.028755
0.391258 -0.074522 0.805697 -0.330714 -0.561872 1.407839 1.234953 -0.265861 0.318530 0.076132 -0.161967 -0.489640
0.324614 -0.325620 0.604119 -0.501897 -0.335380 1.532135 1.159207 -0.352702 0.353033 0.354170 -0.221187 -0.379492
0.330336 -0.396351 0.571584 -0.542999 -0.339549 1.525810 1.189949 -0.378532 0.373391 0.314105 -0.207326 -0.340214
0.056165 -0.392821 0.643662 -0.725306 -0.395323 1.600856 1.241184 -0.580827 0.530761 0.187327 -0.455224 -0.133956
