-0.496595 0.291031 0.808363 -1.209867 0.304887 -1.035274 -0.632989 -0.749351 0.444324 1.051103 0.216168 -0.546197
0.274622 -0.790289 0.214072 -0.287623 0.382299 -0.333135 -0.010374 -0.567788 0.498420 -0.489864 0.102167 0.356605
-0.664113 -0.791738 0.012783 -0.650057 -0.379808 -0.439972 -0.761606 -0.442126 0.240096 0.506192 0.430700 -0.093722
-0.591356 -1.051938 -0.192447 -0.315743 -0.412793 0.120121 -0.291617 -0.095307 0.497764 -0.100517 0.039369 0.368703
-0.488623 -0.766272 -0.256569 0.332449 -0.453902 -0.353229 -0.827789 -0.028518 0.760887 0.273332 0.216195 0.680235
-0.809032 0.075388 -0.249120 0.228643 -0.007949 -1.213989 -0.152984 -0.254793 -0.195889 -0.059778 0.462699 -0.423096
-1.012151 -0.341186 0.223460 -0.817355 -0.083437 -0.298541 -0.436387 -0.314300 0.710025 -0.334716 -0.149608 0.235534
0.108986 -1.009257 0.627356 -0.246497 0.088861 -0.487487 -0.148679 0.581400 0.517196 -0.114367 0.332403 0.181433
0.164508 -0.888848 0.670354 -0.839988 0.626202 -0.168887 0.115480 -0.723745 0.791263 0.032148 0.424164 -0.022600
-0.746584 -0.152176 0.891697 -0.609607 -0.633610 0.398438 0.311837 0.318431 0.161780 0.172120 0.209357 -0.622075
0.171421 -0.633779 0.426720 -0.102162 0.643227 -0.756008 -0.131764 -0.886114 0.737332 0.096007 0.074188 0.229273
-0.225001 -0.102344 0.492424 -1.000725 -0.191299 -0.138535 -0.171586 -0.456831 0.634516 0.438250 -0.003693 -0.237268
0.242551 -0.684720 0.876410 -0.790204 0.069669 -0.273814 0.092959 -0.464298 -0.107531 -0.573277 0.426885 -0.138553
0.307393 -0.194478 1.392535 -1.074718 -0.062438 -0.415055 0.126865 -0.804496 0.756120 0.180874 0.298146 -0.140821
-1.005170 -0.311678 0.455786 -0.397991 -0.274619 0.321659 0.100098 -0.561994 0.613629 -0.164519 -0.000551 -0.412506
-0.310546 0.250523 1.182126 -0.112425 -0.536853 -1.016706 0.292964 -0.100796 1.050297 -0.760839 -0.071753 0.035758
0.263233 0.026384 0.609155 -1.151461 -0.138204 0.106773 0.533911 -0.883899 0.916926 -0.225374 0.180457 -0.202040
-0.779821 -0.776312 0.265754 -0.872072 -0.409830 0.339278 0.018040 -0.451071 0.934289 0.448268 0.352433 -0.209097
-0.297937 -0.360895 1.013651 -0.300046 0.172210 -0.050850 -0.427186 -0.077250 0.631938 -0.410713 -0.059515 0.349151
0.099940 -0.353861 0.659259 -0.515148 -0.350583 -0.254082 -0.587918 -0.608619 0.580222 0.294601 0.457394 -0.376497
-0.380323 -0.961000 0.267150 0.202760 0.232084 0.250863 0.125292 -0.024045 0.443638 -0.104313 0.187104 0.036645
-0.594526 -0.819653 -0.565101 -0.676073 -0.274327 -1.056995 0.042365 -0.782204 0.372986 0.425631 0.619332 -0.881981
-0.290646 -0.649791 0.848248 -0.724523 0.210908 -0.244283 0.661609 -0.529694 0.399147 -0.430419 -0.628697 -0.284911
-0.442110 -0.873487 0.822324 -0.435525 0.110083 -0.193142 -0.158994 -0.462587 0.367242 -0.642850 -0.222626 0.281871
-0.409091 -1.221935 0.477310 0.261607 0.111771 -0.547082 -0.337295 -0.316910 0.213437 -0.365900 0.433278 0.069951
0.097872 -1.246691 0.531327 -0.277134 0.721506 0.195675 0.226093 -0.812383 -0.106105 0.201239 0.064299 -0.451310
-0.619006 -1.250010 0.313356 0.842023 0.461192 -0.804097 0.005114 -0.404267 1.123489 -0.009945 0.386610 0.299448
0.664905 -0.797377 0.937213 -0.899766 -0.392856 0.015016 -0.103386 -0.462519 -0.032972 0.052693 0.159635 -0.510523
-0.534677 -1.104883 0.686867 0.329177 0.465236 -0.218346 0.023209 -0.100150 0.769774 -0.636325 -0.492655 0.231687
-0.563539 -1.721914 0.988252 0.284413 -0.048324 -0.226643 -0.622189 0.039469 0.532894 -0.340457 -0.455979 0.217475
0.257474 -0.539788 1.238854 -0.805130 0.642666 0.195382 0.987626 -0.762348 0.084024 -0.065532 -0.544712 -0.208670
0.456321 -1.000316 0.971527 -0.250331 0.754182 -0.417291 0.652718 -0.035944 0.097007 0.182232 -0.190041 -0.128251
-0.030877 -0.135640 1.559674 -0.995485 -0.400004 -1.651555 -0.065718 -0.510874 -0.110737 0.555343 0.266359 -0.912032
0.221679 -0.914200 -0.800721 0.103731 0.568678 0.592188 -0.121071 -0.074468 0.900795 -0.570829 -0.043892 0.415156
0.454814 0.077216 1.075279 -1.008697 0.507798 -1.078903 0.869903 -0.582832 0.118583 0.102916 -0.276621 -0.508939
-0.220377 -0.435312 0.608205 -0.526277 -0.174859 -1.125676 -0.672361 -0.316411 0.551888 0.460200 0.528141 -0.750263
-0.290741 -1.046340 0.814158 -0.245825 0.518815 0.053550 0.226714 -0.529372 0.477303 -0.212866 0.131799 -0.153915
-0.137624 -1.069150 1.169829 -0.632406 0.168599 -0.239251 -0.179018 -1.092475 -0.138074 0.025141 -0.408257 -0.156112
0.966105 -0.427984 0.434117 -0.321461 -0.212082 -0.936909 -0.412233 -0.079628 0.014106 -0.339012 -0.374483 -0.248237
-0.622337 -0.123298 0.896548 -0.853016 -0.359409 -0.183303 -0.518000 -0.073978 0.687946 0.040709 -0.115794 0.439926
0.084132 0.492089 1.304197 -0.622767 0.367980 -0.342546 0.205822 -0.495758 0.322396 0.505265 0.467978 0.168118
0.285912 -0.435192 1.580737 -1.186229 0.640695 0.365495 0.552850 -0.866823 -0.040025 0.145925 -0.265379 -0.725733
0.048731 -0.965844 0.075529 -0.439535 -0.379095 -0.369756 0.132871 -0.170945 0.619353 -0.551326 0.370122 0.403645
0.601554 -0.731649 1.085109 -0.309121 0.174077 -0.755984 0.493045 -1.076442 0.344361 0.119331 0.095482 -0.002155
-0.024747 -0.461882 0.831467 -0.962796 0.816408 0.271552 0.385724 -1.052022 0.420753 0.230747 -0.255596 -0.435965
0.409313 -1.010850 1.088599 -0.614331 -0.340298 -0.652838 -0.415421 -0.576834 0.459322 -0.331348 -0.101707 -0.592083
-0.513713 -1.363158 0.646043 0.039628 -0.089152 0.235623 0.292307 -0.819681 0.766079 -0.343351 -0.114547 0.210702
-0.062063 0.341258 0.580928 -0.387859 0.433106 -0.209262 -0.455369 -0.572165 0.522372 0.332627 0.496824 0.159634
-0.302150 -1.407063 0.690455 0.332289 -0.232693 0.108916 0.422656 -0.300782 0.465256 -0.156934 -0.780705 0.095288
0.305085 -1.269268 0.464589 -0.405053 -0.154150 -0.499896 0.183873 0.180356 0.828859 -0.455675 0.583999 -0.091388
0.814929 0.137649 0.910203 -1.016148 0.560748 -0.350525 0.434523 -0.105941 -0.104927 -0.352610 -0.756676 -0.351310
-0.268653 -0.786726 0.302804 -0.832353 0.665515 -0.242612 0.080195 -1.441877 0.415381 0.237416 0.583856 0.327521
-0.111375 0.262834 1.235765 -1.146026 -0.059466 -1.363569 -0.797647 -0.355433 0.847576 0.815920 0.570536 -0.317974
0.297204 0.472344 0.947099 -0.886409 0.126284 -0.713027 -0.134442 -0.167801 0.945097 0.545221 0.178384 0.050986
0.159284 -1.129535 0.841137 -0.293753 0.001196 -0.621524 0.188471 -0.473608 0.335054 -0.244847 0.528440 0.090354
-0.304707 -0.790321 0.321770 -0.375695 0.619098 -0.089028 0.549943 -0.489232 0.502624 -0.111021 0.009725 -0.205805
-0.419616 -0.368757 1.091508 -0.422744 1.187384 -0.185030 -0.468213 -1.063376 1.308949 -0.450158 0.531154 0.351194
0.437177 -0.755827 0.841738 -0.931449 0.558598 -0.145798 0.873845 -0.670432 0.460654 0.318785 0.005983 -0.393246
-0.002258 -0.642626 0.990105 -0.524055 0.047135 -0.625029 -0.714862 -0.472412 0.293413 -0.369981 0.051218 -0.107180
0.125553 -0.981817 0.810936 -0.019958 -0.024391 -0.322346 -0.144019 0.143641 0.736812 -0.872677 0.177595 0.326824
0.142073 -0.575454 1.362851 -0.448292 -0.001033 -0.784682 0.171800 -0.349370 0.223794 0.027994 -0.130763 -0.250713
0.379915 -0.629912 0.872875 0.015406 -0.016110 -0.614435 0.016538 0.219899 0.594497 -0.247943 -0.091070 0.269025
0.263671 -0.797047 -0.377007 -0.097523 -0.219190 -0.086364 0.473861 -1.251789 0.955580 0.361111 -0.268323 -0.227294
-0.534296 -0.224435 0.777919 -0.953322 0.616825 -0.532246 0.329274 -0.777697 -0.058568 0.126543 -0.127460 -0.326362
-0.636070 -0.531642 -0.422185 -0.452968 -0.086400 0.241985 0.271528 -0.788809 0.484649 1.004181 0.141261 -0.731657
0.451011 -0.332999 1.123165 -0.641180 0.529912 -0.251599 -0.152483 -0.802694 0.561291 -0.454853 -0.125655 0.025556
0.208257 -0.426824 1.178740 -1.028323 0.521492 -0.089481 0.061549 -0.520967 0.476059 -0.115376 -0.005634 -0.067490
0.450686 -0.764989 1.436388 -0.921190 0.120713 -0.301851 -0.197823 -0.182585 0.544267 -0.250175 0.034994 -0.051041
0.242336 -0.838536 1.005673 -0.978934 0.186013 0.123598 -0.238768 -0.489836 0.776371 -0.507252 0.204960 0.334809
0.557919 -0.871910 1.282919 -0.500491 -0.041543 -0.423070 0.264229 -0.036401 0.380897 -0.726138 -0.539252 -0.281337
0.384116 -0.640533 1.214857 -0.365800 0.221846 -0.788221 0.355221 -0.929931 -0.181259 -0.133373 0.094265 -0.338828
-0.204900 0.011753 1.771404 -0.832442 0.245064 -0.446270 0.165777 -0.766571 0.242227 0.345435 0.782855 -0.949671
-0.333935 -0.897751 0.396093 -0.171427 0.077866 0.194463 0.110226 -0.829257 0.593547 -0.404548 0.213101 0.305977
0.347564 -0.347584 0.930461 -0.096620 -0.144077 -0.977091 0.364760 -0.302031 0.328788 0.343827 0.598850 -0.551970
0.136067 -0.059773 0.871083 -0.802369 0.139792 -0.234097 0.846475 -0.964249 0.247101 -0.123553 -1.073343 -0.424498
-0.127777 -0.515964 1.317754 -0.633656 0.745776 -0.496914 0.621761 -1.085406 0.070453 0.188232 -0.551802 -0.953088
-0.023638 -1.326526 0.832642 -0.784722 0.399928 -0.087282 0.065150 -1.166544 0.030180 0.281569 0.258573 -0.452942
-0.445598 -0.334276 1.750946 -1.030624 0.373051 -0.554859 -0.323723 -0.200099 0.527869 0.143950 0.295553 -0.060276
0.374744 -0.480899 1.126261 -1.011596 0.668994 -0.315654 0.248569 -0.471126 -0.019499 -0.514033 -0.401681 -0.055269
0.437365 -0.642345 0.974041 -1.163226 0.259257 -0.609655 -0.217686 -0.939520 0.339002 0.414239 0.491545 0.173481
-0.794432 -0.586795 0.818591 -1.208149 -0.057518 -0.980521 0.595409 -1.045689 0.681577 0.043183 0.297873 0.173290
0.065670 -0.794426 1.120122 -1.335766 0.490623 -0.059786 -0.915327 -0.590979 0.748556 0.746554 0.840219 0.263095
-0.009059 -0.473644 0.602018 -0.743976 0.223998 -0.431843 0.374308 -1.123933 0.620786 0.455357 0.398918 -0.194220
0.262822 -0.006128 1.292569 -0.321274 -0.723758 -1.225053 -0.153613 -0.035470 0.499912 -0.196679 -0.334537 -0.247896
-0.062668 -0.223333 0.313585 -0.625692 0.140263 -0.287032 -0.736880 0.256633 0.685782 0.515537 0.302578 -0.308994
-0.446977 -1.377345 -0.251554 -0.687914 -0.148440 -0.296765 0.364623 -1.046528 1.205278 0.286089 0.271350 0.486938
-0.504575 -1.056426 1.084679 -0.037510 0.093470 -0.032589 0.012641 -0.394188 1.015389 0.292429 0.151002 0.712966
-0.068709 0.265449 1.268996 -0.871799 -0.576212 0.102213 -0.267652 -0.036686 0.574804 -0.237664 0.082549 0.196197
-0.461858 0.352840 0.649724 -1.153489 0.154210 -0.000636 0.375277 -1.161144 0.750257 0.600450 0.064585 0.458630
-0.304611 -0.123380 0.958746 -0.832003 0.747895 -0.531165 -0.010024 -0.918733 0.566885 0.405226 0.007136 0.163789
0.236961 -1.149972 0.649414 0.599882 -0.190654 0.388692 0.494351 -0.629051 0.540100 -0.127239 -0.417473 -0.664877
-0.282034 -0.827858 0.593403 0.076287 0.185328 -0.315598 0.206497 -0.313262 0.749085 -1.099095 -0.301943 0.309703
-0.537881 0.319166 1.384357 -0.470211 -0.112750 -0.820324 0.075650 -0.262765 0.259591 -0.422284 0.387125 -0.173685
-0.108219 -0.728057 0.975847 -0.307254 0.358804 0.255030 -0.132678 -0.098438 0.200715 -0.314972 0.053451 0.320015
-0.100517 -0.700722 0.961663 -0.563255 -0.034997 -0.475508 -0.445450 -0.167442 0.358872 0.178118 0.566819 0.575757
0.273383 -0.444300 1.639893 -0.923900 0.171346 -1.010888 0.143819 -1.080448 -0.010000 0.366673 0.061176 -0.530425
-0.594195 -0.812989 0.245666 0.392152 -0.053201 -0.648068 -0.017555 -0.505552 0.751519 0.527461 0.259678 -0.362714
-0.597881 -0.297677 0.763672 0.077371 0.413305 -0.174655 0.169921 0.033765 0.322426 0.020451 0.000426 0.113605
-0.657656 -0.511188 0.633183 -0.417382 -0.630316 -1.073745 -0.096950 -0.439898 0.129830 0.393281 0.629137 0.202370
0.467119 -1.196351 0.793146 -0.436329 -0.647220 -0.203160 0.206933 -0.750714 0.489586 -0.361556 -0.450115 -0.686460
0.269437 -1.394646 0.362218 0.250898 0.218792 0.284050 0.303236 -0.619521 0.506382 -0.760636 -0.238913 -0.421175
0.533130 0.128617 0.197737 -0.147982 0.440620 -0.666722 -0.130571 -0.188948 0.521019 0.370844 0.132740 -0.595149
-0.485395 0.055269 0.919630 -1.006141 0.097740 -0.505101 -0.082062 -0.276277 0.566616 0.107171 0.534436 -0.297552
-0.056071 -0.462466 0.822188 -0.424544 -0.163689 0.096243 0.306595 -0.369873 0.696101 -0.123702 0.135018 0.311346
-0.163015 -0.960176 0.958244 0.126809 0.182676 -0.000732 0.444262 -0.970096 -0.039939 -0.194385 -0.171108 -0.303326
-0.337975 -0.101711 0.789100 0.358381 -0.052161 0.148881 0.223681 -0.731881 0.454276 -0.263010 -0.369146 0.020806
-1.012731 -0.407786 0.479634 -0.701468 -0.280633 -0.466401 0.333964 -1.150246 0.528727 0.531500 0.141236 -0.760916
-1.067618 0.112305 0.270086 -0.710407 -0.436249 -0.895771 -0.581261 -0.369761 0.320247 1.062103 0.010525 0.209284
-0.139407 -0.658674 0.249258 -0.111406 -0.191456 0.253940 0.112763 -0.800201 0.217753 -0.382436 -0.148614 -0.474527
-0.797286 0.622099 0.577410 -0.709934 -0.212462 -0.414559 -0.060646 -0.397403 0.086827 0.420178 -0.632676 0.068521
-0.790280 -0.315075 0.728455 -0.452568 -0.616598 -0.105473 -0.090327 -0.074248 0.576260 0.502167 0.537080 0.629883
-0.600381 -0.792406 -0.029956 -0.997024 -1.001429 -0.991071 -0.273437 -0.337889 0.531837 0.816768 0.670340 -0.124772
-0.794590 -0.084373 0.215156 -0.860351 -0.089186 -0.849234 0.459087 -0.916919 0.756881 0.973000 0.609276 -0.639475
-0.027818 -0.597073 0.819589 -0.007668 -0.244716 0.048227 -0.038782 -0.584387 1.051778 -0.517901 0.389896 0.466665
-0.242609 -0.155096 1.061152 0.064152 -0.152863 -0.023468 0.106423 -0.273387 0.046246 -0.625647 -0.106346 0.023791
-0.741922 -0.112847 0.973667 -1.379986 -0.082252 -0.362926 0.068663 -0.461106 0.260854 0.438694 0.162790 -0.980124
0.417944 -0.448944 0.070990 -0.006616 -0.450689 -0.155570 0.186636 0.562154 0.395734 0.153093 0.127366 0.102514
0.137442 -0.262858 -0.266181 -0.769571 0.260426 -0.540908 -0.195758 -0.792290 0.966578 0.490906 -0.004069 0.113611
-0.335093 0.134310 0.207139 -0.010658 0.047311 0.184390 0.772905 -0.081567 0.394902 -0.475731 -0.627202 -0.597241
0.321981 -0.509676 0.555283 -0.504797 -0.436530 1.371562 1.182232 -0.548553 0.498833 0.216725 -0.119373 -0.298814
0.191889 -0.490072 0.608974 -0.605062 -0.452224 0.931436 1.295243 -0.733169 0.470776 0.210446 0.222660 -0.489069
0.295202 -0.038120 0.560520 -0.373920 -0.036538 1.011109 1.105319 -0.290403 0.511445 0.412300 -0.165940 -0.472045
-0.334532 -0.196316 0.659022 -0.894043 -0.421284 1.188800 0.988686 -0.883448 0.779981 0.095252 -0.057288 0.152407
0.287716 -0.488579 0.589253 -0.551142 -0.317527 1.471192 1.105193 -0.433535 0.349756 0.161322 -0.191807 -0.334370
0.354899 -0.562593 0.583390 -0.644097 -0.260306 1.468993 1.426255 -0.836552 0.642958 0.628477 -0.229309 -0.299151
0.145617 -0.464125 0.540227 -0.648572 0.206276 1.055530 0.536078 -0.637186 0.633475 0.236991 0.375519 0.139156
-0.020716 -0.308027 1.025573 -1.343553 -0.628678 0.586065 0.297597 -0.773292 0.749349 0.768087 0.002835 -0.074166
0.065343 -0.258601 0.648064 -0.986142 0.057980 1.411426 1.097709 -1.012089 0.581356 0.230411 -0.272388 -0.123892
-0.012945 -0.312904 1.069649 -0.478478 -0.532013 1.341939 1.149688 -0.419850 0.350708 0.453457 -0.148024 -0.409199
0.160431 -0.517580 0.558486 -0.647563 -0.458259 1.439159 1.251729 -0.588592 0.572664 0.090990 -0.276096 -0.145854
0.252001 -0.398642 0.593327 -0.604037 -0.386049 1.533081 1.184459 -0.405791 0.414321 0.197631 -0.275277 -0.258021
0.106893 -0.117112 0.699372 -0.524675 -0.573935 0.993260 0.901427 -0.409825 0.716797 0.202351 -0.150747 0.221455
0.229720 -0.372895 0.503888 -0.692624 -0.365458 1.494248 1.231409 -0.517603 0.495674 0.282951 -0.286868 -0.182566
0.113936 -0.915817 -0.119907 -1.061989 -0.068471 1.227857 0.729472 -0.636870 0.528877 -0.109925 -0.129176 0.461422
0.307358 0.196941 1.051879 -0.619168 -0.664311 1.420274 1.118464 -0.281372 0.473435 0.342825 -0.277894 -0.386111
-0.041369 -0.296666 0.822986 -0.921026 -0.201872 1.410247 0.999375 -0.874589 0.410731 0.119040 -0.256869 -0.144917
0.008723 -0.353468 1.095715 -0.393639 -0.484106 1.234044 1.310746 -0.636869 -0.023814 0.385512 0.079806 -0.524527
0.373703 0.157108 0.922034 -0.276899 -0.546198 1.444865 1.250207 -0.028050 0.122910 0.345090 -0.298872 -0.666715
0.229586 -0.271495 0.805760 -0.552495 -0.537683 1.449025 1.285678 -0.557201 0.451261 0.182433 -0.336339 -0.297392
0.317705 -0.379048 0.757257 -0.275692 -0.365105 1.522197 1.175896 -0.425408 0.366714 0.440380 -0.262014 -0.547000
0.035330 -0.252884 0.791424 -0.648351 -0.588393 1.263290 1.110491 -0.707126 0.635562 0.438677 -0.219338 -0.114229
0.323605 -0.595036 0.620579 -0.510769 0.014370 1.668284 1.291105 -0.692959 0.635830 0.720600 -0.333190 -0.376516
0.249575 -0.154415 0.866253 -0.297719 -0.397807 1.539547 1.287870 -0.318863 0.448836 0.409006 -0.293428 -0.629935
0.311240 -0.718074 0.431600 -0.637429 -0.132423 1.547061 1.142619 -0.413429 0.389501 0.233767 -0.335953 -0.104649
