-1.221480 -0.893877 1.330044 -0.208100 -0.239978 -0.248754 -0.294828 -0.373336 0.363799 -0.417155 0.194660 0.333345
-0.918341 -0.475204 0.922979 -0.197948 -0.402308 -0.258683 0.019983 0.011418 0.318034 -0.162166 -0.102920 0.405537
-0.794634 -0.499269 0.321981 -0.786597 0.034113 -0.498005 -0.442095 -0.004365 1.499931 0.115518 0.312546 0.985431
-1.299940 -0.450534 0.520894 -0.736457 -0.521280 -0.438357 -0.155771 -0.362313 0.331979 0.663023 0.257616 0.074388
-1.004143 0.189183 0.170319 -0.508722 -0.379550 -0.262170 -0.394333 0.074928 0.676323 0.340379 -0.059937 0.385610
0.243202 -0.639276 0.374468 -0.506677 0.818865 -0.026070 -0.038020 -1.002800 0.824690 -0.656800 -0.498777 -0.240363
-1.177649 -0.329569 -0.166909 -1.066977 0.183839 -0.289850 -0.647576 -0.942471 0.877386 1.068512 0.571550 -0.158708
-0.638896 -0.206774 0.241335 -0.121206 -0.661208 0.377343 0.437105 -0.628651 1.068375 0.141319 -0.509490 -0.106838
-1.042932 0.032026 1.095844 -1.824139 -0.169491 -1.653934 -0.551094 -0.874190 0.920790 0.254787 0.656983 -0.490601
-0.971156 -0.108783 0.081531 -1.231355 -0.592506 -0.774421 -0.301788 -0.447524 0.707352 0.242053 0.674209 -0.360609
0.595863 -0.336030 1.000967 -0.792050 0.446406 -0.461119 0.259760 -0.419633 0.433120 -0.509480 -0.170052 0.159584
-1.364324 -0.727189 0.817281 -1.511759 -0.582536 -0.365876 -0.619965 -1.196912 0.656482 0.855351 0.317021 0.103766
0.148263 -1.120737 1.098192 -0.800974 0.977537 -0.312531 0.265758 -0.756121 0.155561 -0.397194 0.020065 -0.493198
-1.185562 -0.468843 0.401781 -1.190148 -0.770974 -0.856163 -0.606744 -0.597403 0.892679 0.200708 0.197451 -0.057046
-0.983758 -0.414830 0.764561 0.064995 -0.779496 -0.832714 -0.473075 0.247399 -0.144451 -0.668299 0.021432 0.322219
-1.008361 -0.753148 -0.139622 -0.329970 -0.643760 -0.757153 -0.354459 -0.163725 0.909060 -0.248649 0.640292 0.056816
-1.032227 -0.628111 0.105715 -0.500150 -0.444108 -0.794328 -0.597084 0.135399 0.429520 0.750688 0.662168 0.466977
-0.277969 -0.544272 0.994926 -0.370652 0.325270 -0.389532 -0.324402 -0.193309 0.807869 -0.473995 -0.134601 0.390647
-0.798237 -0.881275 0.620864 -0.305900 0.634359 -0.126271 -0.160909 -0.851024 0.517347 0.264882 0.269141 -0.019939
0.127906 -0.329008 0.206536 0.217670 -0.514861 -1.772781 0.160589 -0.053099 0.525591 -0.479107 -0.125205 -0.019629
0.030163 -0.665552 0.098254 -0.335107 -0.372694 0.033607 0.128031 -0.658480 0.800578 -0.554387 -0.498062 0.157290
0.059787 -0.749240 1.410332 -0.969911 0.159500 -0.588841 0.424052 -1.098820 -0.008315 0.255925 0.494492 -0.514648
0.386346 -0.420563 1.007745 -0.536113 0.394014 -0.602812 0.384238 -0.536960 0.688690 -0.539291 -0.813895 -0.167861
0.022271 -0.472802 1.000917 -1.243693 -0.634039 -0.661403 0.411187 -0.937521 -0.004871 1.106244 0.593279 -0.545650
0.412337 -0.860902 1.449294 -0.354987 0.083291 -0.248140 -0.049518 -0.540226 0.548616 -0.409912 -0.179263 -0.308419
0.286198 -0.759821 1.293785 -1.190074 0.757150 -0.021914 0.360932 -0.909615 0.415393 -0.145532 -0.541911 -0.278292
-0.030779 -0.824821 -0.036457 -0.813123 -0.137785 -0.108299 0.111476 -0.009805 1.323039 0.450704 0.374307 0.528823
-1.050366 -0.780379 1.046473 -0.361203 -0.150897 -0.022085 -0.054309 -0.476557 0.321390 0.170640 0.484054 0.077639
-1.236182 -1.268018 0.726763 0.360315 -0.112808 -0.514312 -0.381758 -0.416501 0.772049 -0.041374 0.456124 0.359088
-1.122324 -1.016405 0.772167 -0.165150 -0.012022 -0.344943 -0.470380 -0.564213 0.795924 0.444505 0.837877 0.405058
-1.114322 -0.770356 0.849226 0.285000 -0.040961 -0.334272 -0.456742 -0.445956 0.535898 -0.038809 0.553025 0.229029
-1.179927 -1.195916 0.880266 0.253744 -0.152009 -0.420646 -0.577677 -0.188121 0.742618 -0.042248 0.588534 0.247871
-0.324334 -0.530723 1.123584 -0.662366 -0.022581 -0.547715 0.454777 -0.597590 0.544138 -0.162732 -0.028601 -0.416685
-0.940045 -0.954868 1.087274 0.021532 -0.011966 -0.349648 -0.515122 -0.284448 0.515184 -0.263148 0.817809 0.220271
-0.911456 -0.953880 0.657083 0.411340 0.257249 -0.273143 -0.561353 -0.381905 0.612479 -0.441499 0.651513 0.595427
-0.777959 -0.953626 0.877642 0.317084 0.053004 -0.257893 -0.580782 -0.203757 0.643488 -0.391677 0.524917 0.506900
0.469640 -1.017202 0.110502 0.054156 -0.020964 -0.265720 0.583177 -0.412946 0.480516 -0.913654 -0.108243 0.384976
-0.487045 0.140026 0.904556 -1.235351 -0.480461 -0.759950 -0.966775 -0.621123 0.317667 1.367443 0.833865 -0.704549
-0.666311 -0.551975 0.866144 -0.354608 -0.007959 -0.949686 0.286933 -0.909128 0.009697 -0.310081 -0.137299 -0.339492
0.118080 -1.096226 0.417334 -0.147292 0.552165 -0.137836 -0.546552 -0.105474 0.720804 -0.508855 0.408831 0.272970
-0.998503 0.276067 1.670321 -1.243914 -0.311689 -1.373748 -0.846904 -0.507642 0.575178 1.222998 0.961355 -0.534238
0.442938 -0.638440 0.818218 -0.497103 0.920092 -0.584699 0.154788 -1.338711 -0.115139 0.303156 0.892575 -0.365763
0.023021 -0.687754 0.857795 -0.847659 0.035272 -0.462979 -0.314004 -0.624632 0.016173 0.329208 0.100881 -0.230881
0.421264 0.229025 1.212770 -0.528959 -0.154988 -1.313580 -0.134701 -0.488055 1.093708 0.496244 0.298547 0.245629
0.093235 -0.499524 0.681304 -0.924815 0.640521 0.250155 0.110563 -0.807376 1.119042 0.445507 -0.114334 -0.196217
-0.788222 -0.584430 0.709932 -0.833026 0.377497 -0.430522 -0.396880 -0.847339 0.321169 -0.233873 0.222267 0.005194
-0.679090 0.107043 1.071469 -1.498068 0.050530 -0.134549 -0.127834 -1.467422 1.025001 -0.375310 0.039273 -0.742498
0.468680 -0.586819 0.941691 -0.915759 0.530131 -1.036748 0.097584 -0.738195 0.551292 0.268632 -0.027898 -0.312936
-0.715352 -0.225122 0.740351 -1.024119 0.334808 -0.220779 -0.347444 -0.333644 0.113859 -0.207955 -0.387872 0.149499
0.246016 0.113308 0.170972 -0.736030 0.684019 -0.658653 0.373328 -0.352220 0.670334 -0.167798 0.281651 0.556820
0.012660 0.280654 0.877588 -0.542233 -0.679049 -0.915441 0.017637 -0.215540 0.148900 0.574642 0.338363 -0.565850
0.172282 -0.396515 1.361894 -1.076467 0.238695 -0.872680 0.008809 -1.113720 0.251785 0.707633 0.601367 -1.036421
-0.153219 -0.528848 1.136475 -0.877198 0.062806 -1.150899 -0.276062 -0.169278 0.456259 0.614063 0.417179 -0.620608
-0.125168 -0.550026 0.286822 -0.898264 -0.013419 -0.384603 0.052066 0.168336 0.925935 -0.542744 0.341272 0.839060
-0.327133 -0.447840 0.908612 -0.264602 0.012236 -0.365311 -0.222718 -1.024252 0.923251 -0.262997 -0.203145 0.442787
-0.484047 -0.684403 0.837605 -0.839110 0.050206 -0.791987 0.038963 -0.479069 0.712326 0.006898 0.630538 0.545503
-0.372025 -0.885242 1.145758 -0.137739 -0.169227 -0.922786 -0.052324 -0.530784 0.263140 -0.267483 -0.342097 -0.349028
-0.528280 -0.757555 0.995541 -0.585776 0.643291 -0.302648 -0.079265 -1.074395 0.647507 0.300360 0.230554 0.167300
-0.685809 -0.060077 1.060220 -0.679813 -0.248573 -0.051635 -0.064585 -0.281219 0.327386 -0.187797 -0.329475 -0.157076
-0.092580 -0.388634 0.343905 -0.392575 0.025026 -0.680088 -0.150287 -0.461000 0.591767 -0.308134 -0.222086 0.357550
-0.072661 -0.452149 -0.126844 -0.583123 0.428511 -0.820739 -0.186558 -0.656288 0.850078 0.373678 0.235315 -0.059675
-0.467049 -0.530757 0.901574 -1.091728 -0.820333 -0.533721 0.622409 -0.515858 0.688743 -0.658913 -0.194240 -0.197327
-0.514741 -0.398003 1.436424 0.032685 0.136418 -0.182920 0.085873 -0.414142 0.525375 0.231877 0.079684 -0.112403
0.050098 -0.141466 0.581175 -0.791085 -0.601469 1.349683 1.316334 -0.619325 0.333138 -0.012173 -0.274947 -0.089040
0.189475 -0.473720 0.660958 -0.439797 -0.498113 1.358595 1.287080 -0.641765 0.637460 0.182488 -0.152811 -0.320306
0.298591 -0.182542 0.687423 -0.244862 -0.375633 1.412351 1.033775 -0.206430 0.372862 0.470425 -0.377319 -0.636281
0.498111 -0.285274 0.693091 -0.328252 -0.193899 1.532619 1.110659 -0.331593 0.334050 0.454200 -0.320563 -0.554078
0.094961 -0.424416 0.852971 -0.681580 -0.719865 1.281353 1.145825 -0.706364 0.478323 0.375797 -0.073571 -0.445800
0.062502 -0.291501 1.167656 -0.527523 -0.439216 1.298614 1.004022 -0.200370 0.678368 0.210971 -0.063731 -0.180381
0.203189 -0.124166 0.819253 -0.424579 -0.538249 1.515358 1.314249 -0.475545 0.391896 0.267310 -0.243749 -0.439936
0.091863 -0.542373 0.552006 -0.684506 -0.315802 1.076933 1.141922 -0.608666 0.715896 0.196691 -0.099866 -0.188503
0.288536 -0.378493 0.650217 -0.422920 -0.478158 1.410561 1.216810 -0.432155 0.426168 0.113241 -0.199589 -0.341591
0.335460 -0.231532 0.385810 -0.440910 -0.289844 1.403437 0.969679 -0.217668 0.512556 0.377846 -0.314135 -0.071972
0.145283 0.502186 0.990393 -0.154792 -0.389076 1.263445 1.256432 -0.021376 0.102041 0.634761 -0.398600 -0.718481
0.246479 0.351738 1.225880 -0.082337 -0.480134 1.427849 1.433766 -0.188241 0.131671 0.526979 -0.513521 -0.761085
0.359484 -0.247253 0.755825 -0.315514 -0.450873 1.450062 1.194288 -0.328623 0.409229 0.342353 -0.118516 -0.564851
0.177135 0.026285 0.971577 -0.416250 -0.459527 1.492077 1.325161 -0.335128 0.380862 0.318567 -0.429639 -0.510055
0.063066 -0.605085 0.518109 -0.772776 -0.416452 1.464829 1.210531 -0.653161 0.655580 0.123221 -0.282192 -0.081319
0.090985 -0.536840 0.535211 -0.732950 -0.439187 1.456522 1.291705 -0.728418 0.698741 0.181822 -0.236368 -0.108562
0.642644 0.225604 1.083706 -0.292697 -0.481044 1.485350 1.257750 -0.006165 -0.103792 0.541682 -0.364495 -0.866699
0.549239 0.090011 0.908199 -0.275002 -0.550880 1.437198 1.246567 0.050203 0.025543 0.356897 -0.312495 -0.643616
0.192517 -0.250676 0.683579 -0.411994 -0.139630 0.695351 0.915150 -0.250904 0.445244 0.369434 -0.121735 -0.799469
0.162509 -0.451990 0.441804 -0.822965 -0.457374 1.396577 1.169051 -0.469080 0.553264 0.047793 -0.250426 -0.059971
