0.240955 -0.621403 1.240062 -0.567002 0.406553 0.075247 0.167452 -0.453852 0.265214 -0.777936 -0.434688 -0.184136
-0.233759 -0.450640 0.701260 -1.375542 -0.029902 0.403755 0.280503 -1.148012 0.550780 -0.237805 -0.018506 -0.357749
-0.107031 -1.037705 0.113225 -0.516393 -0.140603 -0.533718 -0.577008 -1.026031 0.400217 -0.278060 0.560060 -0.390203
0.003985 -0.827550 0.306507 0.068817 0.138158 0.117341 0.234533 0.163808 0.970372 -1.758097 -0.212285 0.048304
-0.086695 -0.699357 0.199192 0.714641 0.592037 -0.538147 0.072934 -0.417778 0.605461 -1.080484 -0.000279 0.640111
-0.852968 -1.125771 0.664539 0.167148 -0.414618 -0.491640 -1.035208 0.134833 0.753943 -0.012458 0.388967 0.918831
-0.373694 0.016193 0.849619 -0.934102 -0.401229 -0.722220 -0.153092 -0.293768 0.495110 0.234990 0.457207 -0.470998
-0.379646 -0.478584 0.670073 -0.492145 -0.082655 0.818111 0.548735 -0.667484 0.550546 -0.563894 -0.334693 -0.063931
-0.320560 -1.073898 0.682852 -0.180712 -0.264434 0.742571 0.679853 -0.591145 0.929282 -0.091228 -0.220792 -0.164267
-1.234627 0.215928 0.770716 -0.542741 -0.291551 -0.014083 0.171263 -0.644411 0.349534 -0.110121 -0.346057 -0.246062
-0.454979 0.455587 0.674985 -0.532998 -0.400703 -0.605861 0.165638 -0.485400 0.586283 0.290592 -0.790684 -0.461686
0.264511 0.038777 1.042983 -0.643385 -0.075902 -1.171570 -0.228571 -0.910445 0.223907 -0.051281 -0.225818 -0.975717
-0.448369 -0.524501 0.114498 -0.008695 -0.220788 0.052173 0.508835 -0.763038 0.698686 -0.822852 -0.575777 -0.113882
0.138415 -0.706850 0.903960 -0.809769 -0.552685 0.007555 0.270777 -0.577389 0.678250 -0.248436 -0.320347 -0.613873
0.170006 -0.956518 0.701714 -0.461854 0.547726 -0.304892 -0.040488 -1.166902 0.798448 0.119081 0.873961 0.107625
0.466261 -1.530945 -0.261624 -0.172749 0.347876 0.101412 0.257392 -0.017095 0.543596 -0.340848 0.637177 -0.097556
0.295745 -0.419058 1.542576 -1.094191 -0.033326 -0.289292 0.258052 -0.457516 0.351710 -0.547797 0.028532 -0.584251
0.418241 0.416313 0.909157 -0.817279 -0.316973 -0.399675 -0.503365 0.226396 0.419483 -0.083179 -0.548867 0.284457
0.025823 -1.253436 0.019509 -0.090820 -0.175746 -0.283968 0.047563 0.410637 0.895161 -0.214459 -0.121414 0.547890
-0.233335 -0.289046 1.590443 -0.497424 0.043880 0.233371 0.300689 -0.487647 0.668219 -0.486223 -0.788452 -0.077712
0.372357 -0.655638 0.612720 -0.059292 0.020045 -0.166126 0.436128 0.274424 0.500580 -0.341958 -0.460461 0.380155
-0.608938 0.380691 0.749932 0.354799 -0.236510 -0.695816 -0.512388 0.081322 -0.262596 0.180211 0.155398 -0.432333
-0.282013 0.117099 0.553746 -0.490848 0.622952 0.377917 0.636350 -1.002261 0.730338 -0.233967 -0.404748 -0.435675
-0.244237 -0.632818 1.373981 -0.612608 0.919278 -0.327934 -0.021554 -0.587807 0.555632 -0.866598 -0.188327 0.302170
-1.169464 -0.798009 0.409202 -0.202448 -0.585001 -0.848945 -0.805316 0.530531 0.632102 0.747998 0.384721 0.672882
0.028295 -0.651762 0.371259 -0.990373 0.197074 -0.222377 0.545720 -0.373661 0.727395 0.051345 0.166296 -0.282981
0.065661 -1.096607 0.251602 -0.166560 0.418321 -0.379404 0.439149 -0.402878 0.427472 -0.310685 -0.508137 -0.796272
-0.178876 -0.822241 1.102510 -0.775414 -0.494806 -0.348433 -0.207749 -0.134179 0.348170 0.728173 0.313651 -0.228134
0.049712 -0.565015 1.185816 0.616739 0.454901 -0.044397 -0.020717 -0.160778 0.071056 -0.706827 -0.058957 -0.201018
-0.274202 -1.100484 0.907717 -0.526532 0.113552 0.153713 -0.256718 -0.378546 0.965550 -0.381026 0.485499 0.290714
0.387481 -0.736077 1.155850 0.110097 -0.200322 -0.006342 -0.025284 -0.018518 -0.077533 -0.957646 -0.388932 -0.137844
-0.018683 0.203482 0.608650 0.191842 0.446285 -0.376705 0.038438 0.192135 0.256919 0.087303 0.402319 -0.087424
-0.474633 0.450353 0.946036 -0.553063 0.120126 0.092409 0.398327 -0.289543 0.624167 0.188834 0.012942 -0.157387
0.144410 -1.280617 0.154679 0.016971 0.701520 0.086885 0.256481 -1.359480 1.445894 -0.100543 -0.188781 0.358932
-0.599073 0.580881 0.313545 -0.441805 -0.224280 -1.320798 -0.168038 -0.389450 0.016290 0.333292 0.366826 -0.239275
-0.722285 -1.268945 0.316442 -0.168302 -0.057698 0.212258 0.380741 -0.276547 0.635030 0.418634 0.221641 0.193953
0.289120 -1.044904 -0.188499 -0.017989 0.536603 -0.110290 0.471274 -1.097164 0.585868 -0.552393 -0.270405 0.161344
-0.228244 -1.058823 0.449036 0.245095 0.290693 -0.460629 -0.380243 -0.541013 0.088798 -0.471484 0.176587 0.186003
-0.086695 -0.699357 0.199192 0.714641 0.592037 -0.538147 0.072934 -0.417778 0.605461 -1.080484 -0.000279 0.640111
-0.548782 -1.254971 0.882424 0.046579 0.183757 -0.170334 -0.139716 -0.080423 0.091770 -0.312230 0.301064 0.397105
0.014892 -0.494161 1.380212 -0.669424 -0.049540 0.053919 -0.053448 -0.524687 0.300976 -0.292238 -0.098488 -0.536641
-1.135027 -0.888191 0.574054 -0.153985 -0.473987 -0.064607 -0.253537 0.186088 0.642040 0.150027 0.492219 0.533296
-0.654912 -0.582399 0.506826 -0.534223 -0.309518 -0.432607 0.181631 -0.407998 0.737242 0.584178 0.287118 0.104320
0.263213 -0.318780 0.627270 0.121465 0.528993 -0.321590 0.091460 -0.717881 0.261989 -0.389542 -0.049954 0.380966
0.362476 -1.450127 0.598156 -0.287518 0.096884 -0.004667 0.178472 -0.284940 0.443173 -0.195600 0.483697 0.101732
-0.277103 -0.825484 0.659765 0.271083 -0.097378 0.414267 -0.141250 -0.037171 0.390804 0.167252 0.014414 0.304996
-0.678127 0.521550 1.371070 -1.320658 -0.350989 -1.254191 -0.701206 -0.350583 0.765667 0.478256 0.874009 -0.358063
0.391219 0.331251 -0.040053 -0.501610 0.673259 -0.425834 0.250979 -1.324700 0.795787 -0.035878 -0.251857 -0.182439
0.057131 -0.220909 0.627348 -0.121455 0.335305 -0.349321 0.109153 -0.221307 0.561681 -0.975911 -0.572432 0.089307
-0.330659 0.334395 0.786361 -0.510865 0.070650 -0.995484 -0.155391 -0.456995 0.816309 0.118926 0.146852 -0.183649
0.203670 0.143854 0.405628 -0.879296 0.174619 -0.729022 -0.211767 -0.309515 0.281512 0.491299 -0.533342 0.581766
-0.888548 -0.352855 0.771422 -0.286379 0.354873 -0.786756 -0.349410 -0.563996 1.145271 -0.248603 0.198736 0.838132
-0.367456 -1.092132 0.823500 -0.544254 -0.433189 0.727710 0.588981 -0.974874 0.981384 -0.261192 -0.563733 -0.184493
-0.475793 -0.958605 0.523877 -1.346372 0.025287 0.040719 -0.062855 -1.181822 0.811338 0.100141 0.559559 -0.286279
0.122731 0.090569 0.127729 -1.030859 0.345551 -0.684352 0.368620 -0.814304 0.474237 0.456261 -0.222488 0.036001
-0.155067 -1.038431 0.703219 -0.561339 0.054008 0.325854 0.274915 -0.818036 0.861701 -0.156403 0.043295 0.429939
-0.752048 -0.987287 0.383652 -0.490835 0.225956 0.217323 0.189369 -0.743744 0.083291 0.688320 0.226274 0.004266
0.458671 -0.789150 1.527656 -0.899284 0.041331 -0.372665 0.743994 -1.258848 0.340842 0.482544 0.066984 -0.469746
-0.054522 -0.915471 0.536740 0.065193 -0.154491 -0.362005 0.186668 -0.735911 0.787823 -1.310315 -0.573804 -0.049396
0.169666 -0.935294 0.617142 -0.059141 0.212937 -0.185592 -0.240296 0.409535 0.208547 -1.011297 -0.391841 0.265867
0.403480 -1.092904 0.686181 -0.210173 -0.077151 0.179083 0.394555 -0.327262 0.105158 -1.040368 -0.349190 -0.472069
-0.218726 -0.961873 0.217942 -0.367294 0.065139 -0.408831 0.819731 -0.813631 0.366568 -0.019602 0.058083 -0.098619
1.013163 -0.777921 0.459493 -0.539638 -0.899633 -0.529723 0.557040 -0.148793 0.567669 -0.860871 -0.756021 -1.180110
0.735024 -1.276403 0.257772 -0.521797 0.245431 0.088719 0.072291 -0.052500 0.094187 -1.055669 -0.345953 -0.121687
-0.064308 -1.478959 0.657610 -0.032825 -0.004524 -0.003141 -0.157665 -0.420695 0.482443 -0.798906 0.238717 0.329099
-0.233174 -1.320305 0.783089 -0.224363 -0.269895 0.034736 -0.003554 -0.154015 0.236489 -0.930529 -0.255247 -0.084144
0.394693 -1.170686 1.119065 -0.827698 -0.332714 -0.359119 0.091752 -0.368729 0.735138 -0.503504 0.058153 -0.461669
0.054135 -0.880104 1.143191 -1.225353 0.163778 -0.154375 0.248786 -0.940003 0.605512 0.020135 0.104820 -0.109830
-0.074378 -0.876252 0.928904 -0.966000 0.674143 -0.375943 0.264696 -1.257606 0.269648 0.540736 -0.055676 -0.185307
0.570232 -1.185465 0.518047 -0.649834 -0.508951 0.048732 0.010846 0.277317 0.508694 -0.955376 -0.249517 -0.121674
-0.481084 -0.530848 0.644865 -0.420809 -0.041450 -1.200612 -0.087511 -0.805589 1.050349 0.493076 0.400998 -0.002959
-0.009302 0.261267 1.446404 -1.277944 -0.133410 -1.372190 -0.639375 -0.715920 0.494281 0.133204 0.819906 -0.483247
0.381973 -0.942640 0.197439 -0.755310 0.533612 0.400898 -0.057787 -0.743395 0.537747 -0.517142 0.434097 -0.221225
-0.599977 -0.802830 0.492725 0.602345 0.468158 -0.095046 0.055181 -0.268759 0.512944 -0.387366 0.202513 0.615837
0.610396 -0.450339 0.799635 -1.437283 0.137059 -0.441811 -0.123113 -0.713351 0.340365 -0.355035 -0.270793 -0.587629
0.402861 -0.427336 0.266182 -0.775265 0.386740 0.138903 -0.497206 0.307513 0.717791 0.490756 -0.458042 0.234001
0.759455 -0.293460 1.467193 -1.296757 0.639402 -0.458428 0.318471 -0.682076 -0.363991 -0.437091 -0.757912 -0.836031
-0.094407 -1.159517 -0.230789 -0.361034 0.413336 -0.093063 0.394039 -0.783911 0.274029 -0.038554 -0.611164 0.169148
0.698301 -0.711338 -0.170580 -0.141741 -0.059457 -0.051357 0.116410 0.016510 0.154476 -0.649721 0.240288 -0.365716
0.463198 0.009881 1.555323 -0.465203 0.442469 -0.699662 0.121113 -0.494003 -0.140399 0.392793 -0.611260 -0.556546
-0.218084 -0.439616 1.375874 -1.013111 0.109390 -0.464874 0.325544 -0.982028 -0.042718 0.391598 0.397765 -0.862942
-0.421075 -1.700722 0.173104 0.214537 -0.088814 -0.109678 0.372218 -0.427041 0.641752 -0.523850 0.007142 0.360936
0.413181 -0.171410 1.029016 -1.158812 0.415023 -0.906551 0.069840 -0.855618 0.675571 0.021173 0.488662 -0.174556
0.656608 0.394931 1.180799 -0.827181 -0.470181 1.120061 1.305390 -0.462924 0.023892 0.454331 -0.606693 -0.934706
0.184010 -0.615664 0.571040 -0.339672 -0.148050 1.365773 0.948917 -0.188500 0.488245 0.688983 -0.238246 -0.463266
0.403094 -0.160595 0.890660 -0.372334 -0.593797 1.437384 1.314349 -0.446114 0.270966 0.155917 -0.210584 -0.533799
0.258177 0.220888 0.941577 -0.507768 -0.689747 1.392179 1.205212 -0.360496 0.360613 0.226779 -0.215147 -0.609618
0.099005 -0.508353 0.499543 -0.604664 -0.325008 1.293824 1.135739 -0.554397 0.447454 0.273222 -0.260794 -0.393982
0.119504 -0.505750 0.585849 -0.694120 -0.410632 1.519717 1.328891 -0.702348 0.592422 0.180867 -0.376898 -0.115856
0.347905 0.035621 0.823122 -0.609190 -0.531042 1.456318 1.301091 -0.484212 0.394224 0.371238 -0.209439 -0.540932
0.298515 0.105255 0.807877 -0.605923 -0.560962 1.375246 1.104089 -0.251005 0.385441 0.195195 -0.221101 -0.432582
-0.008953 -0.828195 0.463065 -0.266575 -0.120188 1.608406 1.019343 -0.501565 0.846787 0.512281 -0.322622 -0.020208
0.279796 -0.564643 0.837876 -0.096586 0.334998 0.922733 1.041894 -0.994003 1.204479 0.463991 -0.982586 -0.575249
0.045299 -0.092136 0.748206 -0.636113 -0.569557 1.435010 1.111237 -0.470922 0.404127 -0.009292 -0.169114 -0.163694
-0.112589 -0.398571 0.189026 -1.186194 -0.321458 1.249349 1.146441 -0.944635 0.824023 -0.081389 -0.120253 0.302403
-0.195183 -0.742223 0.034145 -0.855960 0.380224 0.816004 0.447131 -0.412298 0.958615 0.500726 -0.103522 0.198757
-0.351393 -0.326349 0.978041 -0.610618 -0.416181 1.654169 0.958329 -0.767116 0.294396 0.492145 -0.610792 -0.170431
0.160027 -0.263626 0.549487 -0.604079 -0.269854 1.531751 0.951157 -0.328173 0.294068 0.205026 -0.387641 -0.360964
0.221106 -0.401762 0.552445 -0.520027 -0.447231 1.373485 1.236421 -0.443256 0.560456 0.223947 -0.209083 -0.259381
0.221326 -0.002984 0.873989 -0.352273 -0.600539 1.447544 1.212968 -0.338859 0.411602 0.163851 -0.260628 -0.508358
-0.001954 -0.808079 0.418971 -0.634560 0.154559 1.047793 1.204387 -0.950543 0.803468 0.226621 -0.485939 -0.101664
0.431233 -0.320929 0.763904 -0.209770 -0.207918 1.165200 0.992109 -0.402564 0.256213 0.521349 0.030246 -0.838595
0.308872 -0.000791 0.824075 -0.395803 -0.524018 1.423371 1.170099 -0.238711 0.355500 0.162616 -0.266917 -0.496344
0.337664 0.308170 1.034946 -0.397278 -0.571657 1.429747 1.186323 -0.127528 0.142805 0.288336 -0.354668 -0.698217
0.213191 -0.545654 0.604394 -0.377548 -0.347545 1.477957 1.210868 -0.605535 0.476985 0.322902 -0.312779 -0.350884
0.049462 -0.449652 0.621439 -0.652151 -0.433469 1.516041 1.273921 -0.675955 0.595812 0.287320 -0.451013 -0.140875
0.302882 -0.003072 0.846748 -0.222462 -0.495541 1.486434 1.021778 -0.069172 0.298607 0.160364 -0.095554 -0.677936
-0.017105 -0.697217 0.255788 -0.407899 -0.662628 0.075321 0.813375 -0.116657 0.531151 -0.102597 -0.223378 -0.509005
