0.024319 -0.888859 -0.094432 0.182854 0.373187 0.097252 -0.253136 -0.337071 1.367360 -0.380158 0.149716 0.794131
-0.525514 -1.515136 0.705901 0.056097 0.506162 -0.275885 0.042008 -0.737998 0.601994 0.039443 0.549391 0.041587
-0.043033 -1.403035 0.724132 0.417617 0.205530 0.232221 0.494127 -0.639658 0.299416 0.034479 -0.271159 -0.214144
0.645771 -0.526083 0.943745 -0.365678 -0.277342 -0.117548 -0.139982 -0.031195 0.768452 -0.645332 0.084531 -0.005872
0.188877 -1.182892 1.055458 -0.833285 0.002849 -0.192082 0.101988 -0.224656 0.369663 -0.399791 0.367986 -0.578244
0.861954 0.030038 0.847069 -0.476422 -0.178951 -0.234217 0.805260 -0.577961 0.475327 -0.038706 -0.142285 -0.264044
-0.103222 -0.261611 1.696453 -0.784796 0.543469 -0.643009 0.016134 -1.224197 0.605432 0.564398 0.399819 -0.062119
0.985123 -0.525641 0.361415 -1.101450 -0.289660 0.516306 0.145871 -0.507047 -0.352954 0.203372 -0.460331 -0.741490
0.330874 -0.338188 0.465630 -0.857213 0.202361 -0.060641 0.365417 -1.037590 0.502522 0.021479 -0.301148 -0.419178
0.167746 -0.095885 0.550148 -0.919900 0.265461 -0.467879 -0.447508 -0.917506 0.469431 0.029407 -0.191618 -0.165010
0.321220 -0.413698 0.596596 -0.355407 0.189064 -0.112205 0.255368 0.079112 0.149458 -0.518930 -0.949779 0.083901
0.530364 -0.531461 1.299493 -1.291405 -0.344268 0.018890 -0.521219 -0.562135 0.733796 0.160683 0.030416 -0.618389
0.076396 -0.651591 -0.071182 -0.447737 -0.254782 0.799684 0.377014 -0.681228 0.823608 0.202666 -0.243547 -0.270075
-0.341869 -1.261351 0.507910 -0.375744 0.979692 -0.277273 -0.596766 -0.357645 0.716693 -0.197226 -0.139301 -0.011335
0.243989 -0.355940 0.932080 -0.613476 -0.254636 0.181025 0.667843 -0.311325 0.934043 0.119966 -0.207650 0.094018
0.188765 -0.283646 0.519927 -0.348301 0.239865 -0.306352 0.339928 -0.695962 0.953839 0.213942 -0.325041 -0.243970
0.221645 -0.620362 0.847412 -0.542438 0.210230 -0.384090 0.502641 -0.640028 0.042178 -0.049057 0.262927 -0.612872
0.348575 -0.787477 0.681888 -0.734551 -0.063204 0.262487 0.417225 -0.506511 0.172593 -0.411058 -0.587858 0.087552
-0.379789 -1.025379 0.949777 -0.467335 0.001702 -0.496497 0.056770 0.398348 0.744502 -0.158911 0.327082 -0.478977
-0.483887 -0.187957 0.947381 -0.797341 -0.211216 0.111699 0.030239 -0.184523 0.980771 -0.154159 0.008595 0.939691
0.438135 -0.086242 0.832518 -0.698449 0.193472 -0.403898 0.673849 -1.100790 -0.045719 0.489407 -0.293357 -0.804337
0.325129 -1.093762 0.108617 -0.268294 0.421363 0.401171 0.059416 0.091984 0.840348 -0.849189 0.294145 0.272695
-0.153157 -1.622545 0.407752 -0.681899 0.626201 -0.385993 0.407627 -0.729782 -0.045566 0.137386 0.316457 -0.361952
-0.146124 -0.064962 1.289247 -1.352522 -0.020876 -1.238491 -0.485337 -0.483390 0.618998 0.611984 0.187408 -0.012408
-0.410886 -0.790610 0.614241 -0.421951 0.606499 0.012403 0.496312 -0.892458 0.929637 0.432298 0.052570 0.180013
-0.318583 -1.220200 0.937886 0.148768 0.585556 -0.325103 -0.328806 -0.527606 1.068980 -0.247416 0.642587 0.043086
-1.203018 0.164035 0.536143 -0.757113 -0.551960 -0.359217 -0.113452 -0.244746 -0.285135 0.623126 -0.141571 -0.448674
0.311943 -0.146433 1.037315 -0.558013 1.047694 -0.144894 0.342560 -1.010947 0.125255 -0.246339 0.295663 0.047035
0.054521 -0.578207 1.050172 -1.066193 -0.055985 -0.515767 0.342011 -1.254773 0.240138 0.428449 -0.181676 -0.516694
0.358895 -0.828679 0.780506 -0.250427 -0.231323 -0.187509 0.902846 -0.375624 0.322483 -0.450993 -0.785068 -0.367108
0.565885 -1.099773 0.574870 -0.693325 0.022218 0.232389 -0.377907 -0.480733 0.577865 -0.437680 -0.047076 -0.256014
-0.206177 -0.970094 0.460326 -0.924334 0.061613 -0.229020 -0.007495 0.154070 0.763312 -0.401054 -0.141658 -0.257064
0.061133 -0.602519 0.498741 -0.943295 0.777923 0.058209 0.855493 -0.903909 0.368932 0.044194 -0.146324 -0.149110
0.313019 -0.388900 1.398847 0.160639 -0.344882 0.204931 0.661317 -0.563597 -0.271724 -0.258930 0.214941 -0.232920
0.259072 -0.402838 1.264084 0.047606 -0.593556 0.399296 0.813866 -0.608471 -0.150013 0.022789 -0.164524 -1.033085
-0.972263 -0.841179 0.795680 0.336685 -0.530217 -0.541973 0.517863 -0.781975 0.312210 -0.102709 0.049353 -0.561283
-0.287981 -1.129944 0.706675 0.056094 -0.016755 0.090454 0.325164 -0.260553 0.805979 -0.186058 -0.134623 0.367699
0.000233 -0.840606 1.064852 -0.431471 0.375649 -0.198268 -0.326057 0.118002 0.137906 -0.491481 0.153032 0.157624
-0.444050 0.172497 0.170824 -0.195625 0.510928 0.353511 0.007613 -0.331011 0.241545 0.378429 0.408147 -0.556031
-0.194131 -0.224942 -0.198531 0.111166 -0.131288 -0.147636 -0.109578 -0.210326 0.601126 0.018323 0.421553 -0.238632
-0.264769 -0.881799 0.958850 -0.661952 -0.040937 0.585903 0.405101 -0.666183 0.562295 -0.731124 -0.059028 -0.099924
-0.129346 -1.135431 1.013146 0.446261 0.309496 -0.266721 0.077027 -0.665026 0.269665 -0.233847 -0.005474 0.091729
0.129815 -0.649395 0.769867 -0.434543 0.315322 -0.116102 0.116420 -0.342993 0.194055 -0.447594 -0.083295 -0.242914
0.342779 -0.394478 1.252651 -0.663702 -0.355457 -0.631644 -0.054986 -0.242869 -0.278489 0.183372 0.177251 -0.178183
0.174112 -1.099812 1.232932 -0.673660 -0.187624 0.233032 0.236118 -0.645583 0.577950 -0.303887 -0.086289 -0.245911
0.112703 -0.801970 0.939438 -0.669275 0.468739 -0.249107 -0.215335 -0.885530 0.662533 -0.136509 -0.094411 -0.156732
0.196903 -0.410565 1.037729 -0.664155 -0.097964 0.179845 0.305132 0.132534 1.011327 -0.789834 -0.623197 -0.155032
0.310663 -0.161206 1.218820 -0.349964 1.049649 0.190808 -0.701208 -1.003182 0.324308 0.640134 0.424630 0.116170
0.613107 -0.872761 1.189639 -0.270372 0.142874 -0.123932 0.121898 -0.671943 0.520881 -0.243582 -0.306207 -0.667919
-0.127404 -0.946085 0.394934 -0.529291 0.627758 0.160454 0.320374 -0.981969 0.788587 -0.028659 -0.153068 0.050408
0.206131 -1.531127 0.346226 -0.629713 0.577795 0.317487 -0.063287 -0.271348 1.266614 -0.427005 0.039233 -0.041797
0.160458 0.186138 1.233527 -0.331766 0.475325 -0.019096 0.610834 -0.055297 0.196593 -0.297731 -0.576173 -0.120729
0.489617 -0.918069 0.756114 -0.146214 0.022706 -0.332425 0.155732 -0.408898 0.503255 0.491048 0.318978 -0.610064
-0.231116 0.336818 1.394697 -0.591348 -0.055719 -0.502834 -0.079938 -0.342733 0.314329 -0.136951 -0.020341 -0.169088
-0.195735 -0.331755 0.927836 -0.384083 -0.140530 -0.565684 -0.289335 -0.864817 0.289510 0.118576 0.297525 -0.255707
-0.651361 -1.160985 0.708418 -0.545493 -0.095390 0.134411 -0.015278 -0.761529 0.780938 0.785309 0.338349 -0.383384
-0.482771 -0.528402 1.467451 -0.320388 -0.316735 -0.895649 -0.026861 -0.708576 0.138845 0.024962 0.337862 -0.140336
0.007829 -0.053608 1.308508 0.073282 -0.680928 -0.223778 0.406254 0.183135 0.516177 -0.000189 0.042513 -0.400918
0.310885 -0.613664 0.727162 -0.971999 0.041849 0.173613 0.382246 -0.264801 0.862633 -0.208335 0.040679 -0.089921
0.281442 -0.263447 1.355847 -0.763183 -0.032315 -0.365008 0.149155 -0.262183 0.694519 -0.668254 -0.388316 -0.208365
0.032006 -0.623395 0.860564 -0.106179 -0.170076 -0.105234 0.347608 -0.200598 0.806665 -0.150596 -0.229081 -0.009756
-0.565760 -0.176790 0.965574 -0.696055 -0.724504 -0.345785 0.554074 -0.874182 0.102891 0.049598 0.060843 -0.748326
-0.156806 -0.717854 0.803763 -0.705110 -0.151172 0.085599 -0.427803 -0.106607 1.383411 -0.148718 0.484311 0.903873
-1.177074 -0.572779 0.396828 0.346984 -0.391064 -0.368172 -0.086844 -0.301433 0.907479 -0.709039 -0.176771 0.301995
0.134112 -0.536063 1.201987 -1.214611 -0.114454 -0.256379 0.065603 -1.256561 0.686656 -0.097607 0.344026 -0.035295
-0.421247 -0.383332 0.953276 -1.075214 0.411064 -0.679430 0.302413 -0.841187 0.500084 -0.472679 -0.009509 -0.183218
-0.269357 -0.464128 0.903575 -0.750300 0.236983 -1.056882 0.203666 -0.899791 0.612481 0.023239 -0.170786 -0.779264
-0.356435 -0.042870 0.427474 -0.118401 0.987845 -0.988545 0.495611 -1.365814 0.415568 -0.031452 0.095574 -0.214259
0.219136 -0.887839 0.269746 -0.848853 0.229608 -0.371804 0.279909 -0.033549 0.924542 0.441595 0.195333 0.584848
-0.929857 -0.419090 1.015458 -0.256789 -0.561304 -0.696025 0.646178 -1.228167 0.658921 0.559863 0.528391 -0.219340
-0.803984 -0.495409 0.822962 -0.519555 -0.331270 0.278786 -0.081566 -0.117866 0.627670 -0.360227 -0.017261 0.385878
-0.842087 -0.261860 1.253305 -0.434927 -0.358505 0.584414 0.330647 -0.332239 0.743034 -0.174965 -0.201369 -0.036533
-0.674962 -1.112482 0.643943 -0.209432 0.314161 0.233926 0.306612 -1.264156 0.148532 -0.519172 -0.210920 -0.155731
-0.999937 0.183404 0.258680 -0.507397 -0.618812 -0.391136 -0.403618 -0.328185 0.034725 0.406000 -0.490174 -0.367536
-0.792735 0.318226 0.936593 -0.436372 -0.180966 -0.310345 0.045460 -0.407262 0.671659 0.536233 0.102124 -0.364339
0.236999 -0.801801 0.028793 -0.217424 0.022743 -0.474745 0.296751 -0.645458 0.440405 0.047687 -0.067784 -0.248443
0.460625 0.467409 0.223684 -0.619930 -0.680941 -0.729576 -0.703208 -0.027221 0.425309 0.546704 0.279954 0.273011
-1.495044 -0.069098 0.456953 -0.204730 -0.785886 -0.881683 -0.324611 -0.056392 0.346917 0.716321 0.370394 0.146966
-0.909216 -0.129494 0.382561 -0.708073 -0.320045 -0.142242 -0.573234 0.158201 0.599856 0.603304 0.078697 0.529568
-1.028240 -0.040043 1.017863 -0.566501 -0.762544 -0.139829 -0.250853 0.197409 0.707431 0.353082 -0.121487 0.612421
-0.815570 -0.076378 1.358586 -0.914876 -0.426780 -0.886428 -0.086630 -0.297532 0.170371 0.578582 -0.487593 -0.816765
-1.232590 -0.364142 0.104561 -0.352151 -0.350832 -0.305538 -0.486454 -0.408994 -0.132652 0.624456 0.002899 -0.183154
-0.449849 -0.600638 0.226291 -0.111047 -0.012290 -1.137492 0.262045 -0.534523 0.282904 -0.241614 -0.194270 -0.650275
0.523514 -0.150351 0.328896 -0.288819 -0.086412 -1.129966 -0.232552 -0.274545 0.579083 0.045877 -0.109402 -0.589782
-0.543719 -0.401577 -0.161417 -0.556000 -0.459520 0.214469 -0.136856 0.242876 0.678574 0.280551 0.103447 0.390477
-0.994182 0.170770 1.239040 -1.485490 0.100300 -1.123613 -0.128267 -0.892405 0.506108 0.172683 0.779569 -0.339372
-0.653969 -0.454639 -0.400490 -0.033670 -0.054536 -0.252571 -0.008641 -0.154649 0.266428 0.087636 0.003591 -0.043437
-1.149776 -0.813759 0.519155 -0.092019 -0.523214 0.029913 0.074835 0.124944 0.587270 -0.667003 -0.023630 0.014850
-0.821200 -0.335479 1.152510 -0.470683 0.265057 0.711707 -0.373969 -0.522034 0.500002 -0.582538 0.356748 -0.165667
-0.712338 -0.524278 -0.506996 -0.285894 -0.652127 -0.733710 0.244411 0.096212 0.312449 0.639304 -0.057326 -0.556318
-0.457122 -0.270935 0.349445 0.012471 -0.261146 0.256581 0.076785 0.056094 0.347591 0.005456 0.256342 0.719713
-0.374055 -0.875764 -0.090249 -0.480972 -0.713345 -0.050670 0.029484 -0.075376 0.690618 0.070108 -0.307012 0.313496
-0.060842 -1.063007 0.260580 -0.556924 -0.304846 -0.072728 0.173800 -0.957417 0.469621 -0.162384 0.147528 -0.247860
-1.106225 -0.073538 0.271441 -0.331900 -0.907557 -0.499493 -0.149091 -0.069934 -0.060338 0.599780 0.074808 -0.405555
-0.543480 -0.196645 -0.050764 -0.625835 -0.062405 -1.062524 -0.335816 -0.250627 0.755115 -0.288343 -0.457854 0.378872
-1.412447 0.443373 0.404639 -0.598712 -0.941068 -0.700717 -0.266130 -0.169405 0.247424 0.495681 -0.137304 -0.138721
0.348992 -0.254517 0.176521 -0.529297 -0.755653 0.201772 0.246159 -0.027927 0.731035 -0.030543 -0.638189 -0.345297
-0.493717 -0.164562 0.243655 -0.177718 -0.580472 -0.399523 -0.139528 -0.455195 0.840410 -0.471178 -0.200336 -0.097465
-0.389777 -0.290751 0.892794 -0.292433 -0.412051 -0.083940 0.164856 -0.157956 0.634998 0.192266 0.007387 -0.020846
-0.575908 -0.224121 0.382436 -0.293076 -0.171567 -0.497694 -0.059740 -0.448767 0.351685 0.591898 0.231429 0.198472
-0.010756 0.264564 0.633085 -0.410424 -0.481083 -0.914728 0.240563 -0.453182 0.860715 -0.293473 -0.691263 0.233647
-0.467245 -0.781373 1.155971 -0.476351 -0.425011 0.071884 0.198633 -0.639400 0.536128 -0.550139 -0.389383 0.239729
-0.702765 0.758813 0.710654 -0.001143 0.107491 -1.301721 0.102641 -0.059724 0.140186 0.040578 0.115873 0.079011
-0.400396 -1.145425 0.663606 -0.081602 0.203900 -0.197675 -0.044276 -0.190321 1.161908 -0.716249 -0.114344 0.345255
-0.794198 0.402133 1.356351 -0.958443 -0.377824 -1.160760 -0.713128 -0.463677 0.927630 0.537249 0.132800 -0.004386
-0.921420 -0.637844 0.630075 -0.266298 -0.087894 -0.181718 -0.382923 -0.208905 0.846634 0.468318 0.619282 0.173998
-0.169944 -1.046803 0.692797 -0.517309 0.162851 -0.611616 0.617712 -0.389967 0.776485 -0.515690 0.297803 -0.613415
-0.550790 0.055636 0.570034 -0.365209 -0.966690 -0.875454 -0.445108 0.101853 0.385468 -0.893510 -0.352767 -0.317427
-0.240017 -0.453771 0.494041 -0.603250 0.348223 -0.164458 0.179151 -0.247575 0.607766 -0.142165 -0.691226 0.522389
-0.817767 -0.262514 0.742389 -1.498352 -0.490460 -0.440707 0.015447 -0.794412 0.875779 0.569774 0.348475 -0.247319
-0.002671 0.475608 0.601485 -0.400117 -0.314566 -0.862176 0.309726 0.277611 -0.103482 0.453578 -0.395012 0.255292
-0.598047 0.152064 0.559939 -0.341949 -0.654996 -0.875072 0.092366 0.132529 -0.319516 0.355979 0.537502 -0.286274
-0.114760 -0.293578 0.645786 -1.196069 -0.206047 0.258287 -0.143652 -0.266344 0.772025 -0.666721 0.112374 -0.438602
-0.314229 -0.272171 0.370637 -0.069757 -0.674124 -0.186689 0.360199 0.014036 0.900942 0.215743 0.020192 0.047957
-0.484511 -0.480777 0.604671 -0.782960 0.567980 -0.576149 0.076973 -1.294273 0.908726 0.575892 1.019457 0.027811
-1.133997 -1.005416 -0.013183 -0.932896 0.033056 -0.306786 -0.379853 -0.562972 1.280906 0.539159 0.558453 -0.004507
0.032932 -1.414368 -0.259228 -0.201837 0.219470 0.211131 -0.430428 -0.223763 0.344454 -0.727344 -0.101111 0.211046
-0.784452 -0.541673 -0.503385 -0.526359 0.371562 -0.075081 -0.439428 -0.637239 0.724615 0.755606 0.510813 0.400287
-0.193276 -0.171993 1.147064 -0.209906 -0.387882 -1.339496 -0.479604 -0.532137 0.682686 0.602474 0.067856 -0.329143
-0.999505 -0.138188 -0.020322 -0.366950 -0.386645 -0.331326 -0.681518 -0.045790 -0.026563 0.979486 0.246411 -0.426138
-1.216486 -0.425839 0.063401 -0.382311 -0.794684 -0.496643 -0.337833 -0.416370 0.621158 0.044657 -0.525255 -0.048191
-0.732862 0.185125 0.245147 -0.066145 -0.734452 -1.224443 -0.301273 0.004850 0.111385 0.193309 -0.096816 -0.166699
0.577903 0.144842 0.646218 -0.673468 -0.285977 -0.687761 -0.253761 -0.378122 0.013127 0.389698 0.281453 -0.544197
0.367914 -0.469288 0.780915 -0.882267 0.510667 -0.406088 -0.100941 -0.827427 0.625641 0.007773 0.062334 -0.433864
-0.296479 -0.325586 0.190286 -0.821413 0.403417 -0.906723 -0.455196 -0.947095 0.687142 0.486239 0.992916 -0.148848
-0.084205 -0.512319 1.247918 -0.221589 0.156557 0.708676 0.472984 -0.447117 0.693227 -0.871588 -0.580717 -0.137572
-0.635559 -0.578718 0.746153 -0.171660 -0.268635 -0.123637 -0.147547 -0.075511 0.688197 0.477700 0.481160 0.129384
-0.412005 -0.927194 0.339822 -1.082165 -0.192048 -0.581467 -0.303722 -0.891576 0.640156 0.195904 -0.100452 -0.925671
-1.122068 0.182443 0.455763 -0.245459 -0.582516 -0.357331 -0.365763 0.335255 0.502753 0.275990 -0.103328 0.316823
0.345645 -0.017561 0.729434 -1.027809 -0.370070 0.940151 0.993122 -0.598107 0.312821 0.766777 -0.177406 -0.387629
0.252611 0.336824 0.781958 -0.561088 -0.712439 1.272162 0.751923 -0.429714 0.182395 0.663632 -0.376495 -0.563413
0.145228 -0.642709 0.609282 -0.042770 -0.234160 1.509585 1.020422 -0.394107 0.475076 0.389493 -0.186885 -0.509497
-0.635994 0.229562 0.071078 -0.856365 -0.383027 0.102643 0.298477 -0.297473 0.696132 0.944619 0.139224 -0.384184
0.263425 -0.141222 0.710479 -0.404236 -0.597198 1.384091 1.337305 -0.523836 0.421342 0.165450 -0.108270 -0.519890
-0.076953 -0.707149 0.044681 -0.309697 -0.054838 1.391549 1.113946 -0.303718 0.635423 0.411379 -0.193708 -0.657341
0.146575 -0.531760 0.401143 -0.968850 -0.378238 1.258516 1.225613 -0.551926 0.312831 0.366218 0.085443 -0.393079
0.293127 0.111309 1.286376 -1.015391 -0.498698 1.142208 0.854564 -0.695517 0.447139 0.390143 -0.229652 -0.442050
-0.090829 -0.473300 0.340264 -0.937816 -0.445152 1.274878 1.178458 -0.887892 0.841493 0.093298 -0.145614 0.067437
0.198502 0.006155 0.235680 -1.781979 0.441472 0.740074 -0.196099 -1.043893 -0.034282 0.640392 0.457782 -0.316502
0.046737 0.365558 0.948008 -0.971557 -0.406215 0.935055 0.680069 -0.756269 0.587212 0.750580 -0.095181 0.292075
0.293931 -0.620146 0.355596 -0.765263 -0.145482 1.393756 1.312724 -0.648354 0.655518 0.356668 -0.351889 0.043409
0.462914 -0.374204 0.560698 -0.332180 -0.339290 1.338913 1.417980 -0.543385 0.274545 0.549330 0.211687 -0.779422
0.008823 -0.310886 0.513310 -0.621775 -0.577321 1.413834 1.347962 -0.631436 0.745309 0.080428 -0.295910 -0.232919
0.042359 -0.592145 1.071891 -0.857007 -0.019329 1.006611 1.167257 -0.952859 0.882177 0.501374 -0.505903 -0.141812
0.250515 -0.405803 0.593873 -0.702748 -0.471175 1.465809 1.206082 -0.485865 0.546824 0.087774 -0.079035 -0.250721
0.176095 -0.758629 0.371997 -0.797902 -0.311789 1.205879 0.576123 -0.835663 0.625179 0.204287 0.320138 -0.129930
0.333489 -0.299530 0.636566 -0.546506 -0.607692 1.313170 1.361531 -0.498904 0.492925 0.134482 -0.186640 -0.233477
0.257890 -0.035800 0.958335 -0.438924 -0.560421 1.267228 1.330623 -0.552504 0.485560 0.253647 -0.374627 -0.294333
0.321488 -0.290490 0.635420 -0.453213 -0.465546 1.489272 1.187005 -0.563942 0.374160 0.316189 -0.334544 -0.364134
-0.030146 -0.519319 0.602125 -0.729127 -0.383851 1.481036 1.346714 -0.890967 0.819384 0.312119 -0.345550 -0.139171
-0.107455 -0.660283 0.380702 -0.897426 -0.252986 1.544872 1.129842 -0.832242 0.774502 0.307028 -0.465644 0.039699
0.134433 -0.737934 0.473850 -0.612659 -0.147031 1.577600 1.267364 -0.780413 0.610589 0.531635 -0.350800 -0.169695
0.260263 -0.421020 0.619193 -0.538988 -0.339232 1.544011 1.317045 -0.777075 0.667217 0.658576 -0.100922 -0.380876
0.302214 -0.192402 0.626763 -0.685219 -0.530682 1.345761 1.271739 -0.455924 0.489031 0.155199 -0.205997 -0.148344
0.305925 0.252109 0.917207 -0.344358 -0.838609 1.330300 1.297695 -0.227609 0.166741 0.068023 -0.257959 -0.576584
0.041116 -0.929240 0.550283 -0.171433 -0.063966 1.387235 1.102395 -0.922817 0.595983 0.707328 -0.506699 -0.409950
0.288554 0.007955 0.753091 -0.456425 -0.748325 1.280598 1.330963 -0.461140 0.452847 0.003756 -0.042764 -0.399945
0.276936 -0.534233 0.737390 -0.488797 -0.661779 1.418943 1.198224 -0.391010 0.534385 -0.000195 -0.292995 -0.219623
0.365050 0.030922 0.812979 -0.355646 -0.535200 1.440351 1.140770 -0.105309 0.210735 0.180273 -0.316201 -0.520923
0.038703 -0.446665 0.551378 -0.773296 -0.552933 1.477824 1.210676 -0.615631 0.551908 0.129046 -0.402291 0.011024
0.136353 -0.551442 0.496423 -0.774193 -0.376646 1.513956 1.199484 -0.541471 0.544539 0.128916 -0.301300 -0.096082
0.237974 -0.091444 0.728288 -0.465729 -0.661859 1.319165 1.315796 -0.380943 0.450722 0.000731 -0.196845 -0.341878
0.328091 -0.076906 0.743843 -0.523053 -0.573094 1.407233 1.198201 -0.288596 0.326267 0.092713 -0.184240 -0.369298
0.396177 -0.303237 0.643885 -0.537619 -0.271649 1.579388 1.177377 -0.308107 0.350658 0.332431 -0.211430 -0.382250
-0.177805 -0.848374 0.644958 -0.369201 0.135252 1.097186 1.268086 -0.641335 0.566739 -0.041509 -0.212112 -0.057468
0.013569 -0.760036 0.436167 -0.200050 -0.246191 1.339207 1.099905 -0.830258 0.885833 0.704965 -0.046564 -0.316957
0.348737 0.152894 0.810938 -0.257149 -0.474469 1.274536 1.250854 -0.150157 0.155660 0.373597 -0.283571 -0.658539
