0.231640 -1.375900 -0.339212 -0.422384 0.335820 -0.076212 0.076906 -0.030432 0.468197 -0.532256 0.048878 0.115143
-0.202757 -0.134514 0.757123 0.505989 0.309947 -0.062407 -0.560159 0.034846 -0.013949 -0.242178 -0.028729 0.108123
0.133811 0.049966 0.518486 0.414503 0.430330 0.250622 -0.593577 0.518846 0.238910 -0.160266 0.162342 0.320662
-1.282443 -0.322664 0.120295 0.943252 -0.102561 -0.808592 0.273881 -0.279743 1.591463 -0.662652 -0.227864 0.737960
0.075303 -0.165387 0.357434 -0.056144 -0.289035 0.389292 0.334675 -1.133717 0.850382 -0.382333 -0.310706 0.183778
-0.189614 -0.387595 0.401188 0.313129 0.167888 -0.406363 -0.231623 0.040051 0.640283 -0.085282 0.193229 0.354489
-0.183238 -0.587344 0.276720 -0.692875 -0.307191 0.377401 0.260388 -1.019891 0.827737 0.056493 -0.439883 0.168490
-0.091362 0.067184 -0.057191 0.074812 -0.504748 -0.622822 -0.298459 -0.251030 0.059035 -0.102748 -0.206462 -0.090298
0.530431 -0.393162 0.095752 -0.145853 0.369885 0.413223 0.080843 -0.150645 1.426082 0.193891 -0.355715 -0.266129
-0.391604 -0.499115 0.774200 0.329346 0.032482 -1.019473 -0.505501 -0.481409 1.411245 -0.028518 0.194642 0.693778
0.087191 -0.512205 1.049241 -0.685882 0.313671 -0.514379 0.494497 -0.521742 0.336145 0.020043 0.211890 0.003494
-0.709303 -0.393073 0.425553 -0.485755 -0.531960 0.468928 -0.164237 -0.674622 0.913490 0.336927 0.124647 -0.219969
-0.486529 0.448058 0.485170 -0.082716 -0.317159 -0.255082 0.160251 -0.411689 0.701379 0.035900 0.047994 0.216431
0.013662 -0.080411 0.907352 -0.577690 -0.265792 -0.134910 0.070660 -0.407582 0.401955 0.368337 -0.146683 -0.372418
0.187737 -0.370683 0.576614 -1.380197 0.433866 -0.105677 -0.265838 -1.018353 0.282186 0.003045 -0.321258 -0.412043
-1.204335 -0.439212 0.016600 -0.887456 -0.417482 0.006642 -0.616707 -0.363523 0.599504 0.536135 -0.098950 -0.139453
-0.562578 -0.499881 0.286588 -1.238900 -0.178316 0.176154 0.042227 -0.305870 0.897490 0.712659 0.203111 -0.307047
-0.727030 -0.068921 0.222372 -0.642131 -0.224156 -0.217981 0.112495 -0.569416 0.598011 0.408132 0.470721 -0.062547
0.008282 -0.809256 0.531878 -0.018691 -0.224132 -0.816314 0.024696 -0.595338 0.591432 0.335260 0.548673 -0.269874
0.224632 -0.396496 0.242348 -0.529485 0.421338 -0.384767 0.017066 -0.279721 0.643755 0.070597 0.202805 0.368223
0.162163 -1.232648 0.675452 -0.379249 0.150139 -0.279810 -0.319384 0.344866 0.345212 -1.099721 -0.258155 0.149904
-0.227591 -0.533737 0.580345 -0.941535 0.332461 0.312312 0.436752 -0.296825 0.965728 -0.528469 -0.155732 0.305102
0.080814 -1.078781 0.698824 -1.134851 -0.225197 0.145293 0.201603 -0.266484 0.483417 -0.306918 0.217981 -0.836345
0.280485 -1.018614 -0.283219 -0.625184 0.618559 0.134166 -0.213308 -0.042649 0.557443 -0.673911 -0.224525 -0.237394
-0.800367 0.430365 0.342090 -0.265120 0.376207 -1.650656 0.428704 -1.547951 0.834376 0.488655 0.326214 0.063936
0.326867 -0.927419 0.677278 -0.375760 -0.370928 -0.110907 0.230557 0.392810 0.864561 -0.666524 -0.587324 0.308484
-0.416941 0.332305 1.045646 -0.624416 0.432255 -0.588103 -0.840201 -0.663008 0.733362 0.909483 0.345045 0.106865
0.308052 -0.435267 0.323666 -0.388842 -0.041386 -0.135656 0.717437 -1.178812 0.260039 -0.352814 -0.776371 0.205034
0.138388 -0.793857 -0.074711 0.131735 0.256981 -0.671465 0.687340 -0.821246 0.535822 -0.309298 -1.073084 0.128632
-0.379217 0.263378 0.567436 -0.763588 -0.506956 0.455442 0.033761 -0.178953 0.008685 -0.444109 0.468987 -0.233649
0.103889 -0.168754 0.547498 -0.624629 0.059822 -0.360948 0.649451 -0.154610 0.314824 -0.786985 -0.841003 -0.346908
-0.479932 -0.537393 -0.062320 -0.001742 0.360211 -0.282732 0.634566 -0.760869 0.895231 0.365941 -0.523292 0.298330
0.020552 -0.093914 0.791169 -0.907185 0.231223 -0.822108 0.488080 -1.361538 0.198230 0.286079 0.162944 -0.785662
0.469415 -0.759806 1.060626 -1.047584 0.153214 -0.042002 0.515380 -1.324481 0.670389 -0.042614 0.044079 -0.214252
0.145583 -0.513693 0.924010 -1.042241 0.473032 -0.028765 0.549335 -0.178385 0.326135 -0.265999 -0.221962 -0.309362
0.303523 -0.064809 0.558748 -1.124283 -0.227130 -0.105464 -0.504268 -0.044467 0.916567 0.083335 -0.067099 0.564944
0.093506 -0.827259 0.401119 -0.837589 0.955844 -0.660764 0.153362 -0.371567 0.143027 0.064069 0.069903 -0.503657
0.039807 -1.209756 0.346759 -0.233142 0.316332 -0.783365 -0.143899 -0.740011 0.701920 0.096598 0.481429 0.168840
-0.518096 0.109269 1.274285 0.348741 -0.188198 -0.568897 -0.296401 -0.230530 0.791054 -0.077532 -0.774227 0.001212
-0.208165 -0.860750 1.001970 -1.255966 0.389705 -0.208270 -0.075464 -1.090280 1.012642 0.533251 0.434310 -0.176101
0.409609 -0.281038 1.006999 -1.062711 -0.240019 -0.650604 -0.060701 -0.268754 0.323020 0.167569 0.609943 -0.069299
0.269380 -0.699109 0.592100 -1.025219 0.403685 -0.186416 0.112495 -0.683037 0.520009 -0.332237 -0.169510 -0.162585
-0.245745 -0.715230 0.676656 -0.288364 0.683483 0.251609 0.645564 -0.542381 0.274180 -0.807259 -0.585598 0.044898
-0.530879 -0.574004 1.203044 -0.966061 0.076507 -0.370859 0.346133 -1.378728 -0.273484 0.209977 0.266361 -0.431809
0.092268 -0.004137 0.777700 -0.507364 0.259442 -0.136461 0.209429 -0.307378 0.477224 0.229079 0.014225 0.036494
0.202618 -1.420215 0.467806 -0.857346 0.393268 0.153585 0.653773 -0.430447 0.957704 -0.247960 0.023171 -0.393114
0.676890 -0.728621 1.095061 -1.484619 0.863721 -0.603357 0.180886 -1.243432 -0.234558 0.274018 0.319269 -1.053695
0.641812 -0.737205 0.817453 -0.378367 0.791321 -0.318412 0.651458 -0.413772 -0.002314 0.752967 0.089994 -0.556103
-0.382033 -0.673199 0.536811 -0.201924 0.929697 -0.462762 0.281954 -0.418192 0.446710 -0.024536 0.046693 0.201079
-0.521684 -0.461239 -0.177129 0.180199 0.081431 -0.770759 -0.584309 0.395378 0.755475 -0.548755 -0.002335 0.253353
0.384122 -0.846272 0.731963 -1.064716 0.860358 0.001866 -0.394538 -1.492144 0.695271 0.661554 0.159025 0.018660
0.321944 -0.403752 -0.210070 -0.184048 0.045763 -0.512665 0.127360 -0.623034 0.875472 -0.402350 -0.062342 0.100344
-0.332321 -0.269350 0.230619 0.002055 -0.608899 -0.360985 0.295204 -0.032236 0.468602 -0.348306 -0.543370 -0.678182
0.103554 -1.245647 0.157510 -0.813964 0.224038 -0.079325 0.232115 -0.228337 0.665902 -0.653170 -0.123817 0.042934
-0.108473 0.323311 1.230453 -1.142556 -0.106942 -0.310886 0.157997 -0.641332 0.812936 0.060068 0.088429 -0.366622
-0.798048 -0.174873 0.100474 -0.608301 -0.118179 -0.929250 0.975305 -0.467178 0.505878 0.148876 -0.646153 -0.700118
0.087243 -0.568378 0.301509 -0.573511 0.383990 -0.750755 0.106701 -0.798950 0.761804 -1.088972 -0.204500 0.068770
0.017673 -0.992541 0.557782 -0.296852 0.388008 -0.218534 -0.228956 -0.375092 0.476649 -0.329632 0.366747 0.050295
0.112475 -0.768338 0.486963 -0.752962 0.122451 -0.029284 0.093826 -0.154318 1.173850 -0.576586 0.067038 0.631503
0.262563 -0.860035 0.432723 -1.424355 0.452281 -0.401516 0.072119 -1.501883 0.911538 0.979431 0.262838 0.498336
-0.165992 -0.435664 0.990623 -1.375161 0.838068 -1.074986 0.484797 -0.960096 0.337756 0.195025 0.013397 -0.601483
-0.120804 -0.524114 0.110752 -1.262605 0.458907 -0.436515 0.502251 -0.877306 0.728672 0.302276 -0.062992 0.012914
0.581529 -0.063845 0.684923 -0.872512 -0.089734 -0.104777 0.435207 0.048385 -0.050639 -0.407481 0.507893 -0.238296
0.203027 -0.699535 1.058794 -0.495658 -0.221160 0.058563 -0.174080 -0.593498 0.543484 0.383252 0.293565 0.064136
-0.022493 -1.028077 0.526873 -0.194101 0.012883 0.073325 -0.702548 -0.308518 0.762159 -0.174147 0.221579 0.464421
-0.799192 -1.029206 0.345004 -0.456338 0.367102 -0.589078 -0.157609 -1.147054 0.434974 -0.347692 0.378822 -0.169344
0.042820 -0.580855 0.526701 -0.838259 -0.343001 -0.424428 -0.287720 0.425607 0.396585 -0.587461 0.187430 -0.010067
0.107359 -0.120072 1.517984 -0.365178 0.349515 0.194746 0.163002 -0.559065 0.020592 0.373901 -0.407562 -0.287797
-0.122113 -0.693654 0.837591 -0.046361 0.472172 -0.584095 0.377708 0.218251 0.305587 -0.943519 -0.402749 0.137418
-0.044759 -0.834257 0.271693 -0.722585 0.306585 -0.571331 -0.005421 -0.088377 0.525176 -0.177514 0.243658 -0.330439
0.207905 -0.861877 0.241393 -0.330145 0.120599 -0.498386 1.062186 -0.840846 0.342100 0.100231 -0.497043 -0.177937
0.243762 -1.056879 0.803118 -0.138184 -0.072019 -0.276927 0.425138 -0.354246 0.333352 -0.581456 -0.666770 -0.150734
-0.908524 -0.209775 -0.443287 0.515983 -0.460854 -0.369592 -0.313150 0.294853 0.620956 0.236247 0.730411 0.366350
0.214867 -0.802710 0.064250 -1.548045 0.622860 -0.323574 0.699361 -1.028274 0.386618 0.156657 0.161913 -0.307081
0.688392 -0.444418 0.962080 -0.520471 -0.283749 -0.534615 0.529386 0.139298 0.571847 0.152800 -0.394591 -0.949600
0.451939 0.071791 1.156637 -0.727976 -0.145770 -0.860080 0.667452 -0.541027 0.182073 0.369197 -0.398225 -0.576054
0.360593 -0.749372 1.765151 -0.704945 0.371041 -1.154121 0.323259 -0.772082 -0.493009 -0.289032 0.464341 -1.040464
-0.758275 -0.203130 0.777329 -0.565834 -0.412285 -0.302445 -0.632960 -0.258074 0.265262 0.379687 0.328941 0.488118
-0.663659 0.237949 0.180134 -0.446872 -0.555787 -0.277809 -0.236971 0.487448 -0.022084 0.796046 -0.228698 -0.178556
0.125638 -0.122914 0.729443 -0.860379 -0.509771 1.319936 1.196414 -0.629267 0.804725 0.143810 -0.218470 -0.073229
0.250733 -0.416738 0.527701 -0.633767 -0.445390 1.404803 1.275934 -0.646524 0.587356 0.245154 -0.099603 -0.251714
0.125382 -0.180959 0.757030 -0.598683 -0.589964 1.350504 1.273785 -0.642423 0.611866 0.176342 -0.173800 -0.368545
0.545012 -0.256964 0.501842 -0.361759 -0.464875 1.220176 1.246897 -0.354839 0.211938 0.215742 0.115446 -0.552817
0.173837 -0.613028 0.368631 -0.851245 -0.279563 1.504288 1.276963 -0.650281 0.695275 0.422517 -0.266071 -0.031778
0.419334 -0.256336 0.783818 -0.193628 -0.377333 1.467899 1.031657 -0.095061 0.202110 0.249091 -0.197130 -0.586179
0.529880 0.321090 0.899870 -0.673539 -0.695058 1.118412 1.353708 -0.402921 -0.097269 0.351151 -0.110947 -1.196278
0.170846 -0.520694 0.538678 -0.653938 -0.443885 1.463259 1.139738 -0.306807 0.341463 -0.000165 -0.030267 -0.366049
0.037404 -0.644532 0.812088 -0.806015 0.075677 0.230178 0.777151 -0.624621 0.617085 0.310247 -0.070232 -0.491262
0.081737 -0.564912 0.665587 -0.542718 -0.333747 1.451192 1.298842 -0.778054 0.429639 0.593773 -0.324300 -0.273215
0.414839 -0.513850 0.483646 -0.325126 -0.216257 1.443359 1.265890 -0.139985 0.288883 0.433452 -0.020235 -0.279660
0.136127 -0.358153 0.755797 -0.620213 -0.580234 1.392768 1.261084 -0.633989 0.574288 0.371984 -0.263583 -0.211812
0.061775 -0.353201 0.869746 -0.135322 -0.482799 1.480779 1.359747 -0.746440 0.576401 0.605633 -0.338165 -0.591744
0.177273 -0.545815 0.546665 -0.453724 -0.178118 1.495833 1.169119 -0.508614 0.504562 0.389833 -0.152608 -0.275590
0.219384 -0.439936 0.689359 -0.758769 -0.523069 1.286948 1.109930 -0.701353 0.753569 0.344794 -0.046422 -0.227520
0.129501 -0.164713 0.917600 -0.334390 -0.458590 1.592586 1.205997 -0.471152 0.479339 0.351541 -0.354518 -0.543587
0.060494 -0.290885 0.496233 0.191546 0.276621 1.267992 0.717057 0.012963 0.276550 0.532424 -0.211368 -0.421690
-0.100010 0.470229 0.386754 -0.791523 -0.842030 0.552337 1.229201 -0.582254 0.437511 0.229750 0.288519 -0.981856
0.312582 0.076228 1.028937 -0.465043 -1.135753 0.655276 1.066756 -0.246548 0.534569 0.319349 0.086841 -0.325024
0.389995 -0.261026 0.440361 -0.617911 -0.320643 1.273871 1.186313 -0.342214 0.535898 0.176267 -0.174557 -0.251743
0.307534 -0.016663 0.733086 -0.519600 -0.740309 1.314180 1.366460 -0.419366 0.379440 -0.062431 -0.130636 -0.317417
0.304273 -0.006939 0.730402 -0.409083 -0.329094 1.405224 1.152652 0.015718 0.225726 0.325888 -0.297747 -0.588687
-0.563682 -0.609968 0.393134 -0.030992 0.597117 0.639329 0.715814 -0.070137 0.483735 -0.024230 0.234869 -0.194366
0.494368 0.131525 0.779537 -1.242595 -0.673136 0.966594 1.063927 -0.888461 0.348808 0.062678 -0.413516 -0.215324
