0.170103 -0.508465 -0.163467 -0.494328 0.523401 0.277303 -0.495901 -0.049406 0.516905 -0.930332 0.156517 -0.021843
0.009274 -1.098900 0.492244 -0.081723 0.633800 0.215951 0.183855 -0.248067 0.008920 -0.143808 -0.449725 -0.242697
0.086656 -1.442020 0.038403 -0.308909 0.684531 -0.264260 -0.373021 -0.399181 1.081043 -0.993772 0.079563 0.689312
1.164853 0.419406 0.154942 -0.468965 0.524415 -0.633201 -0.373201 -0.471577 -0.009934 1.216005 -0.302049 -0.411843
-0.404397 -0.995759 0.851566 -0.490415 -0.189889 0.438882 0.460555 -0.754798 0.254220 -0.423732 -0.393928 -0.252637
0.311678 -1.126848 0.237282 -0.029027 0.466154 0.167510 0.524650 -0.535291 0.021719 0.132223 0.299697 -0.238716
0.301732 -0.615619 0.500369 -0.141760 -0.098543 -0.121881 -0.271673 -0.108528 0.646720 -0.346998 0.028859 -0.390222
-0.013190 -1.437619 -0.621116 -0.423512 0.374048 -0.227086 -0.006855 -0.494748 0.995523 -0.040941 0.417581 0.500305
0.541995 -0.765824 0.719735 0.174524 -0.102158 0.059627 0.184052 0.035964 0.405165 -0.318166 -0.429385 -0.238513
0.512710 -1.385734 0.167982 -0.436486 0.412981 -0.130459 -0.080767 -0.313877 0.456318 -0.744378 -0.337786 -0.064218
0.132957 -0.909053 0.647650 -0.720162 0.393072 0.575478 -0.159353 -0.452887 0.294178 -0.470146 0.008656 -0.122343
-0.080349 -0.712042 0.988877 0.095693 0.480658 0.175554 0.079882 -0.146060 0.414903 -0.421008 0.480537 0.179553
-0.311377 -1.390594 -0.162239 -0.515040 1.082122 -0.053369 0.036942 -1.318270 0.575170 0.054158 0.166828 -0.285466
0.796961 -1.417642 0.412886 -0.714219 0.571583 0.065877 0.402076 -0.615977 0.202785 0.269184 0.515816 -0.757429
0.290716 -0.363929 0.284732 -0.391227 -0.243071 -0.445057 0.393383 -0.382838 0.447797 -0.370105 -0.678067 0.166654
0.533434 -0.582961 -0.224878 0.121067 0.370833 0.192032 0.339534 -0.737543 0.435081 -0.094008 -0.244670 0.168859
0.420925 -1.073583 0.315834 -0.285285 -0.422525 0.737032 0.452389 -0.248933 0.369726 -0.616422 -0.277746 -0.662792
0.262490 -1.128734 1.022794 0.305647 -0.087966 0.112625 0.189519 -0.097588 0.120884 -0.629149 -0.471757 -0.076981
0.168845 -1.149178 0.294762 -0.808490 0.582870 0.451874 0.269094 -0.573541 0.484855 -0.450700 0.047261 -0.205509
0.456430 -1.298085 0.388725 -0.160553 -0.471862 0.233437 0.322351 0.129293 0.083623 -0.788766 0.044703 0.203428
0.608449 -0.291570 0.212953 -0.298146 -0.220851 0.523126 0.283527 -0.355617 0.276918 -0.181970 0.124053 -0.222537
-0.076667 -0.679156 0.709455 -0.180830 -0.044634 0.586204 1.065697 -0.632668 0.376954 -0.267355 -0.551183 -0.305206
0.105488 -0.725622 0.358084 -0.399757 -0.024896 0.048802 0.294605 -0.388752 0.343154 -0.052320 0.214382 0.280323
0.204603 -1.002777 1.100581 -0.287238 -0.658691 0.215214 0.388160 0.114490 0.340135 -0.511595 -0.517060 -0.412333
-0.336428 -0.232354 0.215215 -0.552594 0.927662 0.075651 0.585312 -0.798188 0.293150 0.222776 -0.175768 -0.189762
-0.409777 -0.994106 0.332347 -0.577442 0.372667 -0.530898 0.385523 -0.553352 0.918563 0.023447 0.767899 0.272268
-0.565733 -1.071202 1.236798 -0.014254 0.119109 0.435882 0.246921 -0.331041 0.059620 -0.114552 -0.442282 -0.187570
-0.626886 -0.831314 0.329637 0.052705 0.628779 -0.430096 -0.118303 -0.241986 1.033799 -0.115749 -0.016978 -0.146664
0.602869 -0.487227 0.798908 -0.581005 0.035477 -0.284357 0.736109 -0.098039 0.153748 -0.896981 -0.724272 -0.439506
0.326485 -1.139613 0.471780 -0.070989 -0.287286 0.750432 0.577894 0.282221 0.467304 -0.608227 0.234900 0.103908
0.316191 -1.261344 0.047872 0.170504 0.157939 0.204595 0.435283 -0.375890 0.571578 -0.286817 -0.065889 0.047671
-0.077004 0.352815 0.507674 -0.748556 0.309317 -0.189116 0.859532 -0.676523 0.434432 -0.314715 0.215159 -0.462558
0.304961 0.023961 0.102356 -0.196947 0.382139 -0.547148 0.406334 -0.845419 0.643730 -0.311809 0.134969 -0.053529
-1.042018 -0.052107 0.830172 -0.077553 0.233418 -0.829776 -0.195500 -0.323043 0.886892 -0.555062 0.420090 0.253833
0.126275 -0.968279 0.734291 0.060027 0.156916 0.006812 -0.056453 -0.036320 0.373308 -0.705815 -0.413410 0.029090
-0.180941 -1.087281 0.054173 0.209970 -0.053064 -0.171832 0.494299 -0.345563 0.519797 -0.466519 0.252952 -0.179647
-0.122393 0.474123 1.079105 -1.025083 0.362745 -0.628241 0.167659 -0.431234 -0.016847 0.522241 0.229538 -0.106592
-0.502844 -1.008241 0.492215 -0.447146 -0.417235 0.369446 0.115698 -0.367092 0.894598 -0.492846 0.378132 0.169814
0.094437 -1.458323 0.855422 -0.807442 -0.099345 0.440678 0.211434 -0.834503 0.424622 -0.363122 0.067262 -0.603566
-0.102680 -1.338416 0.507021 -0.399807 -0.117027 0.249775 0.308198 -0.281227 0.570585 -0.490904 0.302152 -0.091580
-0.330189 -1.479869 0.710432 -0.390889 -0.224030 0.237986 0.119002 -0.133172 0.616742 -0.548115 0.065865 -0.122095
-0.038942 -0.675260 0.696006 0.694542 0.681224 -0.114919 0.517445 -0.461489 -0.269440 -0.578343 -0.214108 -0.895140
-0.155580 -1.323981 1.478888 -0.658265 -0.146285 -0.408002 0.074443 -0.358410 0.508987 -0.215124 -0.111161 -0.570587
0.075380 -0.067904 0.953454 -0.713141 0.496380 -0.636743 0.108156 -1.008756 0.387146 -0.362536 -0.070879 0.013453
0.782348 -1.000207 0.824503 -0.824815 0.496798 0.163225 0.447724 -0.544960 -0.037323 -0.828982 -0.323335 -0.391574
0.251650 -1.011014 1.022302 -0.130014 0.211534 -0.369816 -0.327999 0.165367 0.022517 -0.949789 -0.659293 -0.414342
0.667506 -0.522233 1.701371 -0.730720 0.199607 -0.452443 0.023158 -0.628477 0.403008 -0.456884 -0.125196 -0.562758
0.161253 -0.260841 0.914327 -0.453488 -0.242040 0.094499 0.827754 -0.946221 0.635841 -0.693162 -0.306899 -0.227100
0.386737 -1.485722 1.161597 -0.345859 -0.013679 0.083786 0.557791 -0.624128 0.278105 -0.088455 0.025787 -0.957780
-0.515668 -0.769918 1.185524 -0.912345 -0.229187 0.089604 -0.204479 -0.714528 1.003482 -0.083986 0.319141 0.353635
0.199191 -0.165418 1.435533 -0.700605 -0.180730 -0.947134 -0.061983 -0.903115 0.726908 0.090003 0.034363 -1.115742
-0.269261 -0.750768 1.026119 0.414394 -0.273110 -0.030291 -0.125715 0.192224 1.024455 -0.606831 -0.391209 -0.079792
0.348844 -0.850907 0.401346 -0.339023 0.504857 -0.449917 0.129230 -0.476322 0.804730 -0.348886 0.653881 0.189457
0.293001 -0.824947 0.979854 -0.753721 0.277063 -0.099478 -0.241803 0.036918 0.310209 -0.780470 -0.250336 0.074229
-0.012566 -1.330242 0.702312 -0.330463 -0.115613 -0.099669 0.397153 -0.158715 0.671791 -0.603211 0.286473 -0.030238
0.223734 -0.520613 1.209739 -0.815681 0.585551 -0.097156 0.213977 -1.188417 0.340511 -0.352024 -0.666224 -0.358812
-0.280026 -0.775035 0.515679 -0.786729 0.432848 -0.456079 0.616280 -0.923964 0.795283 -0.042253 0.306383 0.094132
-0.042541 -0.640652 0.486971 -0.622782 -0.432622 -0.978664 -0.088162 0.047721 1.066510 0.000693 0.257235 -0.193179
-0.028606 -0.287762 0.981565 -0.583011 0.433087 -0.237450 -0.190131 -1.273753 -0.013451 0.009165 -0.537812 -0.357246
0.303478 -0.734683 0.829229 -0.845030 -0.484081 -0.919364 -0.428363 -0.226305 0.489180 -0.022306 0.164632 -0.698297
-0.138639 -0.845934 0.397463 -0.051330 -0.053044 -0.607346 0.821888 -0.169198 0.234834 -0.901925 -0.146085 0.097133
0.121456 -0.685211 0.924972 -0.944726 0.421619 -0.505316 0.581030 -0.952369 0.155008 -0.274197 0.240643 -0.703885
-0.352771 -0.861763 0.554376 -0.628775 0.532847 -1.049275 -0.150503 -0.799129 1.043113 0.654313 0.170212 0.366871
0.075207 -0.200088 1.035899 -1.019742 -0.469351 -0.527321 0.180927 0.426209 0.415222 -0.494099 -0.139631 0.505173
0.130752 -0.686686 1.548685 -0.439583 -0.108795 -0.694373 -0.486596 -0.373453 0.576722 -0.179363 -0.312196 -0.501457
0.228176 0.030368 1.783732 0.331354 0.065766 -0.354161 0.312166 -0.725736 0.179067 -0.182990 -0.043638 -0.023223
0.109393 -0.489949 1.175146 -0.689645 0.233534 -0.681190 -0.410350 -0.418877 0.912200 -0.114539 0.403229 0.272337
0.218623 -0.332191 0.256626 -0.140722 0.337602 -0.999042 -0.124826 -0.858057 0.718382 0.238683 0.620585 -0.242470
-0.594422 -0.745102 0.963031 -0.782989 0.970138 0.015788 0.236618 -0.423853 0.175171 -0.342894 -0.632245 -0.393230
-0.305816 0.561614 0.616890 -0.764204 0.210351 0.256802 0.539035 -0.795152 0.427744 0.160812 0.347399 -0.107044
0.014895 -0.049740 1.127769 -0.632112 0.558982 -0.063085 0.443112 -1.088148 0.946954 -0.023828 -0.255112 0.076591
-0.179052 -1.184878 0.258695 -0.426102 -0.083549 -0.217575 -0.338175 -0.298189 0.563506 -0.266773 -0.133712 -0.037044
0.585690 -0.438855 0.633616 -0.363125 -0.071195 -0.791015 0.309078 -0.311536 0.466163 -0.617408 -0.409913 -0.148455
-0.171207 -0.939950 0.469968 -0.693380 0.671522 0.038882 -0.124236 -1.034736 0.978425 -0.100911 0.200154 -0.216151
-0.005062 -0.619330 1.550728 -0.198065 0.337226 -0.380705 -0.366721 0.017404 0.312776 -0.282770 0.196924 0.110068
-0.091755 -0.116764 0.872321 0.094288 0.012265 -0.348699 -0.482964 -0.171103 0.903347 0.228262 0.120148 0.384243
-0.618341 0.583304 0.669302 -0.546499 0.093849 -1.177493 -0.537947 -0.592899 0.382978 0.340458 -0.134415 -0.290269
-0.292733 0.366403 1.210958 -0.931204 -0.015538 -0.539982 0.665520 -1.104297 0.803667 -0.168314 -0.310067 -0.339680
0.572131 -0.400548 0.577895 -0.418837 0.174187 -0.349608 0.524193 -0.124925 0.628586 -0.024917 -0.080083 0.442567
-0.141551 0.078764 1.561086 -0.983654 0.416797 -0.170653 0.004320 -0.763112 0.280552 -0.153243 -0.013243 -0.209543
-0.078430 -0.251380 1.061722 -0.410090 0.575154 -0.261478 -0.145792 -0.323514 0.442632 -0.103212 -0.442721 -0.034997
-0.431108 -0.586081 1.454152 -0.449695 0.135876 -0.342322 0.047103 -0.240000 1.037167 0.078667 -0.198050 0.394232
-0.126504 -1.202442 1.345952 -0.639151 0.211272 -0.316405 -0.631440 -0.071312 1.083340 -0.443633 0.276124 0.264348
0.026540 -0.531745 0.779290 -0.366478 0.957279 -0.409596 0.438819 -1.527055 0.649490 -0.245319 0.017058 0.039971
-0.215318 -0.741663 0.680523 -0.813818 -0.164999 -0.283815 0.417978 -0.766911 1.206392 0.047480 0.329363 -0.075541
-0.155275 -0.312136 1.888026 -0.852639 0.131681 -0.320072 -0.131673 -0.514971 0.397961 -0.057994 0.016417 -0.155134
-0.436926 -0.944291 0.877674 -0.524704 0.443204 -0.516897 -0.408120 -1.107104 0.755625 0.190391 0.158393 -0.009854
-0.012194 -0.317155 0.807937 -1.585698 0.292250 -0.488573 0.189301 -0.786143 0.183831 -0.368261 -0.051344 -0.025599
0.254737 -0.407526 -0.057819 -0.059130 -0.486187 0.009596 -0.010561 -0.600397 0.214861 0.085541 0.261284 0.200752
-0.871739 -0.766682 0.059857 -0.350639 0.022691 -0.400363 -0.599965 -0.257954 0.984053 -0.138636 0.157006 0.362134
-0.197582 -1.354791 0.141160 -0.137767 0.250898 0.513972 0.238796 -0.346795 0.628746 -0.412506 0.242998 0.263009
-0.223438 -0.414306 1.404853 -0.113598 -0.430358 0.307556 0.007703 -0.293947 -0.102531 -0.564752 -0.254032 -0.842820
-0.117733 -1.471054 0.668310 -0.518082 0.505991 0.276425 0.334529 -0.954606 0.652495 -0.403612 0.107987 -0.024290
0.110729 -0.096764 0.369833 -0.651805 -0.772790 0.515041 0.403180 0.467993 0.708304 -0.138219 0.278891 -0.180163
-0.033677 -1.342321 1.047626 0.469388 0.134900 0.186222 0.393857 -0.282988 0.251529 -0.140682 -0.435968 -0.107170
-1.224438 0.092749 0.579145 -0.243064 0.142257 -0.954397 -0.514427 -0.515928 -0.058477 0.409983 0.880458 -0.284671
-0.271318 -1.269385 0.219902 0.643437 0.149705 -0.451132 -0.174632 -0.326880 0.336305 -0.495379 0.132918 0.252486
-0.075350 -0.435068 1.004010 -0.368207 -0.187374 -0.571709 0.082668 -0.872282 0.571506 -0.119734 0.271267 -0.929681
-0.745517 -0.423632 0.898591 0.027906 -0.591530 -0.486199 -0.061860 -0.060076 0.531894 0.159775 -0.034081 0.604625
-0.619598 -0.252748 0.223430 -0.166055 0.257368 0.364319 0.602455 -0.924689 0.290150 -0.150149 -0.298782 -0.982348
-0.895939 -0.382153 0.330047 -0.289355 -0.888651 0.219148 -0.500982 -0.061905 0.773818 0.308632 -0.039299 0.011806
-0.652241 -0.483865 0.148560 -0.676236 0.085074 0.065736 -0.230509 -0.271467 0.894445 0.005203 0.202270 -0.048598
-0.715393 0.024837 0.639277 -0.228760 -0.236821 -0.220218 0.145627 -0.368905 0.052487 -0.001451 -0.043715 0.372302
-1.054694 -0.686956 0.180879 -0.925830 -0.609191 -0.877461 -0.339780 -0.595574 0.496434 0.601238 0.243286 -0.261588
-0.456839 -0.605956 0.792435 0.636065 -0.782111 -0.633405 0.206723 0.364544 0.993726 -0.469399 -0.736456 0.194112
-1.288395 -0.357170 -0.361589 -0.429740 -0.086338 -0.290430 -0.525535 -0.270346 1.212611 0.302813 0.566730 0.105813
-0.326884 0.425959 -0.167756 -1.225220 -0.349551 -0.506164 -0.614106 -0.599763 0.729266 -0.109159 -0.589305 0.192317
-1.296719 -0.106575 0.688933 -0.570563 -0.385271 -0.380404 0.128217 -0.400136 0.011225 0.873132 -0.000127 -0.129576
-0.696621 -0.149762 1.156750 -0.873506 -0.433966 -0.570897 -0.243193 -0.615244 0.369209 0.517827 0.215920 0.053789
-0.471335 -0.297924 0.555509 -1.286327 -0.308422 -0.733045 -0.595996 -0.653796 0.479030 0.942054 0.108519 -0.546152
-0.435991 -0.374365 -0.227319 -0.805555 -0.138823 -0.509670 0.045656 -0.091577 0.703274 0.730634 0.521784 -0.170499
-0.337310 -0.372710 0.553359 -0.354247 -0.017581 -0.480861 0.046744 -0.163670 0.622766 0.316116 -0.370944 0.043153
-0.218563 -1.076612 0.144751 0.269029 0.499684 -0.177868 0.478953 -0.035268 0.140978 -0.271505 -0.316546 -0.013226
0.152967 -0.670760 1.005109 0.016005 0.555973 0.235583 0.135362 -0.195493 0.406287 -0.485209 0.479114 -0.117850
-0.227414 -1.337074 -0.047925 -0.181695 -0.396586 -0.001543 0.442437 0.021768 0.574376 -0.735455 -0.230870 -0.971329
-0.386882 -0.153243 0.557823 -0.819716 -0.287081 -1.579634 -0.666268 -0.535059 0.733163 -0.316756 0.720868 -0.642047
-0.089633 -1.134879 -0.078186 0.102691 0.388984 -0.243169 0.116208 -0.569696 0.359634 -0.443877 0.359888 -0.047116
0.573499 -0.582534 0.424763 -0.499965 0.213505 -0.135070 0.437851 0.070493 0.745316 -1.092603 -0.733570 0.061284
-0.388778 -1.224119 1.008520 -0.004261 0.075624 -0.279276 0.603021 -0.788575 0.208297 -0.174802 0.354319 -0.050384
-0.201305 -1.070322 0.140719 0.451222 0.037022 0.102806 0.376671 -0.084841 0.587256 -0.283311 -0.300359 -0.137415
-0.041574 -1.156300 1.412551 -0.684472 -0.115442 -0.450167 0.007242 -0.678599 0.413762 -0.241265 -0.084031 -0.709075
-0.872602 -0.958395 1.283585 -0.714925 0.281864 -0.391815 0.329437 -0.797354 0.527779 0.490250 0.341309 0.057022
-0.060236 -0.912519 1.100448 -0.419130 0.850700 -0.763025 -0.116235 -0.348469 0.300702 -0.331278 -0.385285 -0.639906
-1.249565 -0.368446 0.948018 -0.561196 0.290457 -0.607399 -0.205851 -0.818686 1.148724 0.529513 0.495971 0.396286
-0.750088 -0.660025 0.869427 -0.954916 -0.305609 0.007852 0.607034 -0.457847 0.496886 -0.423358 0.210311 -0.470259
0.531909 -0.867490 0.792221 -0.529322 -0.225277 -0.334316 0.025012 -0.085876 0.654436 -1.120579 -0.123893 -0.213367
0.013609 -0.320517 0.717745 -0.987051 0.147915 -0.593064 0.322897 -1.306907 0.680131 0.677233 -0.543212 -0.608607
0.321207 -0.247521 0.715821 -0.553792 -0.142970 1.515545 1.009435 -0.662771 0.519791 0.518555 -0.460977 -0.237922
0.266276 0.100652 1.030369 -0.653001 -0.650038 1.512222 1.325476 -0.546242 0.365466 0.242537 -0.298506 -0.582787
0.027886 -0.469595 0.459135 -0.835861 0.349579 0.345534 -0.198689 -0.348774 0.477671 0.632900 0.075252 -0.007217
-0.012525 -0.688361 0.604249 -0.711158 -0.365591 0.845669 1.255310 -0.813769 0.824108 -0.084651 -0.318061 -0.095120
-0.023097 0.359066 1.457228 -0.957867 -0.132816 0.683089 0.656910 -0.551777 1.270545 0.904377 -0.550932 0.314995
0.164911 -0.394197 0.732545 -0.406617 -0.383008 1.534688 1.307251 -0.658997 0.588389 0.450514 -0.265479 -0.419102
0.371978 -0.160781 0.450909 -0.625877 -0.349333 1.415013 1.222429 -0.192838 0.248825 0.111228 -0.370114 -0.164039
0.469421 -0.130628 0.948383 -0.446861 -0.274670 1.284074 1.146944 -0.262402 0.484019 0.200137 -0.122703 -0.428991
0.193760 -0.445709 0.525632 -0.718754 -0.415914 1.456932 1.231378 -0.498407 0.581356 0.162014 -0.278835 -0.180965
-0.032933 -0.907145 0.577378 0.050857 0.092018 0.793235 1.195680 -0.136542 0.356145 -0.030336 -0.283357 -0.096912
0.071867 -0.039302 0.637851 -0.272867 -0.370712 0.902124 0.948608 -0.263644 0.671887 0.038980 -0.298681 -0.483230
0.294156 0.367187 1.046588 -0.311468 -0.453805 1.400080 1.238329 -0.091673 0.142915 0.491215 -0.445096 -0.722971
-0.029720 -0.270371 0.645356 -0.839465 -0.428540 1.338350 1.315333 -0.852184 0.660792 0.108816 -0.316057 -0.227582
0.507872 -0.563354 0.611191 -0.254662 0.065257 1.672836 1.070730 -0.371186 0.211340 0.178529 0.103095 -0.087472
0.294414 -0.394810 0.574462 -0.500972 -0.392149 1.493237 1.198933 -0.403449 0.446974 0.214178 -0.277337 -0.308612
0.101815 -0.557163 0.520515 -0.679201 -0.406806 1.438581 1.271536 -0.729914 0.696505 0.247329 -0.266532 -0.156156
0.102781 -0.890717 0.297934 -0.785707 -0.103214 1.608418 1.033511 -0.771019 0.808280 0.251622 -0.182851 -0.053829
0.222819 -0.334882 0.534474 -0.733897 -0.338504 1.548514 1.239458 -0.486221 0.493650 0.326436 -0.323239 -0.199462
0.488673 -0.366425 0.550589 -0.531243 -0.592780 1.326436 1.144787 -0.437201 0.324246 0.481748 -0.349665 -0.418212
0.370597 0.027335 0.774837 -0.439573 -0.527206 1.430557 1.118029 -0.068454 0.244772 0.125563 -0.279893 -0.468551
