0.129329 1.182410 1.413580 -0.279104 -0.577816 0.404032 -0.448011 0.428056 0.030656 0.562997 -0.422943 -0.554275
0.453343 -0.600618 1.096369 -0.632230 0.077835 0.389495 0.562524 -0.141199 0.421702 -1.074690 -1.021816 -0.391923
-0.259079 -1.311446 0.692731 -0.437913 -0.099127 -0.350617 -0.018880 -0.332079 0.581572 -0.073980 0.345073 0.074877
0.215406 -0.929156 0.801931 0.090912 -0.571316 0.120463 0.189943 0.292677 0.364557 -0.492845 -0.065889 -0.525258
0.202905 -0.713757 0.158886 -1.195612 0.617661 0.154517 0.163413 -0.375900 0.185849 0.155257 0.264284 -0.737353
0.096603 0.023764 1.529003 -1.368853 0.730834 0.665354 0.320465 -0.684022 0.670487 -0.201986 0.134850 -0.083064
-0.805434 -1.125172 0.982060 -1.058032 0.039344 -0.689299 -0.137260 -0.360475 0.804076 0.367151 0.529855 0.074626
-0.091484 -0.734583 1.012455 0.170331 0.278049 -1.449158 0.181490 -0.418336 0.383979 0.389302 -0.007194 -0.279893
0.178711 -1.047287 0.575113 -0.573888 -0.129263 -0.213635 0.561015 -0.213202 0.532811 -0.112158 0.246741 -0.388564
-0.266197 -0.213295 1.516831 -0.967265 -0.317389 -0.033872 -0.022841 -0.206007 0.656585 -0.218660 -0.490021 0.270026
-0.398763 -0.977111 1.742178 -0.706592 0.153985 -0.429695 -0.283737 -0.129848 0.431287 0.210912 0.434847 -0.028105
-0.639274 0.272134 0.777816 -0.207172 0.337737 -0.599674 -0.140560 -0.247012 -0.173272 0.076527 0.803857 -0.942014
-0.222109 -0.789993 1.066296 -0.710381 0.738710 -0.319346 -0.304098 -0.571368 0.376319 -0.283039 0.488550 -0.185686
-0.062374 0.079440 0.291775 0.067752 -0.298089 -0.103847 0.284412 0.049189 0.706312 -0.447019 0.551099 0.083997
0.071922 0.387947 1.290791 -0.989059 -0.630878 0.125660 0.346278 -0.645017 0.639861 -0.013653 -0.514572 -0.137399
0.319008 -0.192893 0.814426 -0.200308 0.466580 -0.565661 1.357113 -0.900618 -0.045383 -0.082959 -0.539793 0.078659
-0.393958 -0.337852 0.397403 -0.655195 0.319686 -0.566318 -0.175860 -0.838659 0.554139 -0.092332 0.260624 -0.038853
0.087032 -0.389311 0.863269 -0.422031 -0.078750 -0.631640 0.578247 -0.525883 0.197207 -0.228910 0.062996 -0.026292
-0.202963 0.597168 1.402066 -0.450386 -0.285981 0.039697 0.311537 -0.396901 0.531908 -0.304351 0.091388 -0.102779
0.037561 -0.771317 0.699193 -0.615562 0.052000 -0.203453 -0.190928 -0.998900 0.685828 0.012023 0.274801 -0.031188
-0.884821 -0.362513 0.650990 0.081936 -0.481931 -0.482675 0.352120 0.372877 1.005502 -0.679473 0.132862 0.511838
-0.086064 -0.509528 0.892964 -0.707110 0.107036 -0.588912 0.000844 -0.509161 0.472336 -0.268728 -0.228327 -0.185382
-0.023914 -1.080053 0.702791 -1.191475 0.877518 -0.656192 -0.330091 -1.126713 0.471030 0.146734 0.787473 -0.217297
-0.144484 -1.277398 0.753475 -0.182140 0.084627 -0.367576 0.458368 -0.186161 0.309932 0.641728 0.166419 -0.379779
0.038831 -0.254978 1.488245 -0.221393 -0.054738 0.392618 0.154088 -0.322095 0.838757 -0.747110 -0.139198 0.132845
-0.046243 -0.795153 0.497780 -0.743453 0.194990 0.144416 -0.453028 -0.731178 0.465133 0.109366 -0.166594 0.371572
-0.559612 -0.457366 1.269006 -0.138204 -0.452205 -0.016050 0.233011 -0.050324 0.297277 -0.203498 0.116133 -0.328102
-0.094444 -0.768421 0.822984 -0.753236 0.559452 -0.068868 0.467842 -0.304531 0.580803 -0.340294 0.130205 0.195537
0.022172 -0.831243 0.263332 -0.568130 1.126324 -0.484025 -0.133450 -1.255486 0.435655 0.058688 0.254232 0.044268
0.204509 -0.849757 0.594636 -0.832941 0.721473 -0.479106 0.236982 -1.074250 0.522248 0.031933 0.092948 -0.375694
-0.339944 0.132284 0.230152 0.784085 0.011355 -0.149733 -0.270753 0.572418 0.510484 -0.067370 -0.297519 0.326526
-0.133781 -1.007776 0.197069 -0.761576 0.046257 -1.094800 0.127438 -0.787033 1.088895 0.071678 0.686284 0.074557
-0.408213 -1.045950 0.430562 -0.628146 -0.582498 -0.112336 0.261936 -0.608290 0.715917 -0.124208 0.301684 -0.081216
0.165310 -0.832934 1.272764 -0.504977 0.374900 0.372556 0.388940 -0.162125 0.202978 -0.479157 -0.082739 -0.403006
0.373638 0.247916 1.221992 -0.216553 0.308084 -0.074842 0.028954 -0.281105 0.241751 -0.174927 0.517249 -0.207960
-0.036751 -0.540238 0.829571 0.576567 -0.015822 0.230424 0.524498 -0.320303 0.775727 -0.344214 -0.214369 -0.172387
-0.328755 -0.450910 0.527779 -0.506700 -0.374407 -0.079619 0.251876 -1.221333 0.376750 -0.233077 0.506721 0.107605
0.544306 0.223929 -0.144185 -0.173802 0.666631 -0.200695 -0.081210 -0.059879 0.583393 0.610953 0.072770 -0.091616
0.329150 -1.082887 0.426628 -0.309993 -0.771056 -0.356502 0.296992 0.024538 0.755950 -0.116290 0.290161 -0.443396
0.680279 -0.867461 0.475925 -0.911961 0.070588 -0.056869 0.718186 -0.944393 0.049581 -0.105234 0.290738 -0.390193
-0.300915 -1.009454 0.598556 0.137424 0.441058 -0.519861 -0.027524 -0.552212 0.435296 -0.793240 -0.126297 -0.502515
0.331536 0.205038 0.779977 0.000588 0.804527 -1.061235 0.273009 -0.699072 0.077111 0.201053 0.656419 -0.932554
0.446432 -0.544760 -0.101135 -0.372635 -0.284166 -0.385565 -0.386048 0.770524 0.232256 -0.315651 -0.631424 0.769325
-0.584737 -0.565438 -0.130803 0.359365 0.466163 -0.533248 -0.385828 -0.354492 0.601358 0.055897 0.442063 -0.811835
-0.095621 -1.209935 0.653820 -0.675298 -0.328475 0.551619 0.589299 -0.621205 0.442967 -0.130547 0.325485 -0.047850
-0.841155 -0.135760 -0.403407 0.173485 0.140892 -0.582303 -0.273825 -0.581492 0.470624 -0.340194 0.692249 -0.378337
0.437102 0.200035 0.879339 -0.696864 0.623892 -0.181255 -0.154060 -0.826809 -0.340877 0.217695 -0.019919 -0.439183
0.280574 -1.668977 -0.017838 -0.338058 0.132278 0.003322 0.458023 -0.025868 0.844481 -0.959875 0.132501 0.005071
0.449834 -0.329036 0.762289 0.013783 0.398905 -0.416908 0.734052 -0.206420 0.259235 0.033122 -0.593046 -0.527367
-0.382702 -0.088268 -0.003876 0.376053 0.342121 -0.462292 0.188139 -0.722476 0.805224 -0.505880 0.204463 -0.057605
-0.164691 -0.809727 0.406449 -0.085132 -0.045098 -0.947188 0.695181 -0.687428 0.478350 0.360456 0.040303 -0.235509
-0.724414 0.306141 0.520687 -0.111004 0.101307 -0.736597 -0.512746 0.047889 0.531150 -0.073530 0.497446 0.395178
-0.502291 -0.358864 -0.345891 -0.810898 -0.138871 -0.847261 0.228214 -0.900614 0.826302 0.153360 0.047611 -0.117863
-0.296332 -0.802182 -0.142968 -0.196720 -0.342542 -0.371336 0.184181 -0.153603 0.520266 -0.078586 0.360765 -0.861814
0.064927 0.191485 0.216499 -0.193070 0.543964 0.813508 0.168437 -0.431189 0.201454 0.272422 -0.036340 -0.247063
0.744983 -0.639092 1.494680 -0.753999 -0.032517 -0.171664 0.205962 -0.051157 0.307929 -0.649751 -0.253205 -0.568586
-0.193300 -1.163082 0.713696 0.036328 0.179392 0.658103 0.401387 -0.494516 0.604088 -0.327320 -0.171419 0.221558
-0.488562 -0.260384 0.033502 0.552242 -0.558328 -0.301262 0.319262 0.092679 -0.155571 0.123921 0.087033 -0.128150
0.916097 -0.404301 1.503098 -1.043278 0.247082 -0.229580 0.456669 -0.153656 -0.196393 -0.324894 -0.421711 -0.538801
-0.274183 -0.842197 0.526082 -0.370520 -0.678778 0.480414 0.800383 -0.187930 0.796270 -0.541607 -0.420981 -0.027504
-0.304865 -0.855050 0.442618 -0.431883 0.636726 0.249615 0.732454 -0.931195 1.187841 0.245516 -0.037336 0.304515
0.325072 -0.273611 1.034111 -0.378896 -0.331907 -0.006426 0.822198 -0.782263 0.736097 -0.940226 -1.256313 0.012655
-0.544464 -0.152040 1.211772 -0.196922 0.613918 -0.465812 -0.236737 -0.859493 0.880696 -0.309857 -0.243979 0.164642
0.728819 -0.677156 0.336197 -0.730576 0.481392 0.596224 0.200358 -0.103515 -0.041357 -0.800420 -0.265093 0.045944
0.616432 -0.767039 0.657249 -0.709726 0.252787 -0.031460 0.519777 -0.941671 0.419106 -0.144088 -0.110809 -0.009207
0.254557 0.233260 1.042856 -0.490000 1.099138 0.057611 0.726868 -1.101000 0.227965 0.014767 -0.166324 -0.433907
-0.108710 -0.679237 0.418225 -0.717345 0.282168 -0.837992 -0.452282 -0.833224 0.609614 -0.124348 0.371217 -0.264722
-1.070156 0.690221 1.445683 -0.368421 -0.377103 -0.714983 -0.505759 -0.312733 0.228090 0.888530 0.379098 0.139825
0.338219 -1.011692 0.733720 0.267162 0.173736 0.249432 0.051639 -0.302988 0.004496 -0.366447 0.226395 0.025325
0.089100 0.578695 0.646778 -0.956509 -0.133708 -0.625058 -0.124528 0.027503 -0.002682 0.396460 -0.168093 -0.383391
0.395408 -0.601065 1.652660 -0.708411 0.488907 -0.674838 0.509528 -0.998974 -0.436630 -0.181550 -0.695477 -0.854626
-0.301772 -0.877360 0.639245 -0.060264 0.125687 -0.250286 0.121344 -0.601492 1.092323 -0.502649 -0.066093 0.263928
0.201204 -0.611743 0.772346 -0.366839 -0.015772 -0.026155 0.030359 -0.305402 0.980421 -0.868310 -0.133733 0.155040
-0.440096 -0.080165 1.273699 -0.462305 0.549882 -0.791738 0.262288 -0.526829 0.277005 0.103056 0.115395 0.061272
0.321040 -1.721236 0.264380 -1.055999 0.427128 -0.001693 0.053011 -0.182012 0.648224 -0.470681 -0.217767 -0.375433
-0.362765 -0.467747 0.389384 -0.724349 -0.615924 0.029526 -0.200431 0.143060 0.628078 -0.529137 0.234700 0.149309
0.170393 -0.142632 1.237126 -1.101910 0.515191 -0.995611 -0.575160 -0.176945 0.891643 0.485068 0.539250 -0.012608
-0.052368 -0.764872 0.417270 -0.475642 0.880569 -0.076775 0.362666 -0.778133 0.760648 -0.445388 -0.070695 0.281785
-0.250407 -1.077998 0.149599 -0.522417 0.137554 0.368063 0.897408 -0.358707 0.522225 -0.108286 -0.336968 -0.371455
0.256199 -1.285326 0.566808 0.300382 0.187181 -0.075874 0.328838 -0.297223 -0.023438 -0.678913 0.110532 -0.372429
-0.076576 -0.540266 -0.005247 -0.114802 0.029066 0.070376 0.340226 -0.492905 0.430943 -0.209061 -0.350862 -0.448842
0.091298 -0.442382 0.916098 -0.355565 -0.151995 0.385775 0.514193 -0.173002 0.967948 -0.879353 -0.332120 0.296888
0.164151 -0.116276 1.361892 -0.991553 0.531498 -0.197094 0.487961 -0.941378 0.510859 -0.289378 0.345312 -0.010439
-0.175239 -1.095729 1.139294 -0.612913 0.316894 0.368080 0.249569 -0.655188 0.414193 -0.289162 -0.062191 -0.263669
0.320483 -0.663393 0.870005 -0.514527 -0.010250 -0.130432 0.189712 -0.621209 0.821299 0.029745 0.131001 -0.186231
0.693145 0.118234 0.654299 0.039748 0.218449 0.785652 0.316247 -0.286481 1.196274 -0.186311 0.187399 -0.300014
-0.652489 -0.142351 0.311801 -0.132101 -0.424665 -0.878191 -0.266153 -0.163159 1.022601 0.657124 0.382514 -0.235752
-0.500693 -0.603119 0.770587 -0.516394 0.413791 -0.672519 -0.301502 -0.747198 1.327330 0.079558 0.401290 0.194060
-0.319298 0.255678 1.556062 -0.786260 -0.576985 -0.134998 0.107257 0.201815 0.529274 0.452056 -0.516662 0.331539
0.132057 -0.409699 0.190908 0.312046 -0.365949 0.149670 0.529208 0.135641 0.590377 -0.055392 -0.177825 0.054087
-1.168986 -0.023187 0.713274 -0.403131 -0.411485 -0.686607 -0.669770 0.215019 0.370305 0.359093 0.490066 0.619280
-0.745875 0.006762 0.207987 -0.209292 -0.408373 0.212740 -0.372652 0.403737 0.487955 0.195192 -0.001863 0.395975
-0.985708 -1.337051 0.456942 -0.957836 -0.236720 -1.070580 0.238086 -0.585939 0.505152 0.409495 0.557228 -0.498615
-0.894599 -0.436954 0.608268 -0.540369 -0.234706 -0.188774 0.335580 -0.503004 0.319195 -0.336993 -0.345813 -0.359340
-0.191261 -0.618629 0.604969 -1.198302 0.163361 -0.265563 -0.259536 -0.815602 0.824767 1.012288 0.584517 0.357888
0.364332 0.155794 0.739016 -0.524012 -0.198853 1.246700 1.135756 -0.139031 0.301519 0.411661 -0.140801 -0.408152
0.418927 0.193512 0.945336 -0.850089 -0.762172 1.196694 1.448102 -0.722057 0.260363 0.314615 -0.189184 -0.685075
0.223668 -0.772232 0.333374 -0.887464 -0.053836 1.341913 1.333495 -0.851387 0.745410 0.661811 -0.187418 -0.062990
0.436733 -0.185493 0.710350 -0.513773 -0.482512 1.444307 1.450154 -0.480280 0.485421 0.427239 -0.138732 -0.300715
0.043442 0.124090 0.449949 -0.545356 -0.826118 0.987000 0.981922 -0.404849 0.303664 -0.234773 -0.117998 -0.637072
0.154837 -0.500642 0.561890 -0.542275 -0.319299 1.333142 1.380954 -0.759641 0.829998 0.294521 -0.155511 -0.161491
0.091430 -0.617704 0.561801 -0.818234 -0.413543 1.435212 1.149290 -0.762164 0.715042 0.506822 -0.418201 0.056402
0.204024 -0.368963 0.634295 -0.525929 -0.402292 1.515406 1.219388 -0.454141 0.444942 0.288520 -0.317085 -0.324409
0.403957 -0.274130 0.580909 -0.171722 -0.220055 1.409922 0.980301 -0.172523 0.315839 0.286403 -0.230223 -0.563060
0.274131 -0.650863 0.606386 -0.358813 -0.083353 1.646140 1.174910 -0.548608 0.405573 0.594523 -0.382090 -0.388096
-0.279083 -0.010439 0.877277 -0.870704 -0.624877 1.112197 1.056133 -0.801281 0.655750 0.259387 -0.089929 -0.296563
0.299952 0.274186 0.650747 -0.915782 -0.498180 1.305544 0.823363 -0.478148 0.134476 0.286307 -0.227047 -0.747920
0.220654 -0.244554 0.650090 -0.180898 -0.273929 0.984811 1.203604 -0.368727 0.785534 0.192723 -0.187389 -0.388981
0.228696 -0.756053 0.627304 -0.337097 -0.289501 1.208955 1.129734 -0.588286 0.397091 0.152758 -0.319080 -0.278199
0.081840 -0.269241 0.832132 -0.677422 -0.607269 1.449300 1.217659 -0.672015 0.634942 0.128790 -0.250422 -0.243066
0.367613 -0.009313 0.829868 -0.177994 -0.696411 1.309251 1.333680 -0.583310 0.618262 0.250572 -0.058741 -0.515499
0.333664 -0.503816 0.823897 -0.193137 -0.126809 1.639005 1.243932 -0.522589 0.482705 0.662887 -0.353552 -0.586766
0.332914 0.125161 0.827705 -0.269110 -0.505904 1.408588 1.164719 -0.084972 0.231497 0.244113 -0.366445 -0.563682
0.427158 -0.296526 0.676420 -0.572189 -0.336951 1.435044 1.157688 -0.241485 0.398493 0.336807 -0.191053 -0.391489
0.484062 0.007497 0.858749 -0.252428 -0.510952 1.443925 1.190120 0.001093 0.123440 0.318662 -0.255414 -0.620904
0.336765 -0.532193 0.950773 -0.318957 0.023206 0.951295 0.969495 -0.467469 0.589538 0.639805 -0.082838 -0.419251
0.412512 0.646150 0.414116 -0.517193 -0.753067 0.809401 1.173379 -0.141988 0.120999 0.442679 -0.436169 0.240389
0.417022 -0.335358 0.643479 -0.281343 -0.284000 1.381487 1.253816 -0.257967 0.480146 0.284847 -0.165186 -0.399238
0.449121 -0.022815 0.775925 -0.555633 -0.740446 1.213800 1.435444 -0.650464 0.197052 0.260123 -0.176979 -0.311504
