0.144523 -0.322414 0.788934 -0.679874 -0.022458 0.277877 0.189352 -0.866402 0.519676 -0.529457 -0.360118 0.083119
0.495957 -0.782727 0.684100 -1.135166 -0.392447 0.290761 0.081608 -0.204370 0.884301 -0.095601 -0.205343 -0.018293
-0.739634 -0.589666 0.546270 -0.489379 -0.166551 -0.091560 0.202685 -1.306140 -0.191765 0.490961 0.370826 -0.561814
-0.315991 -0.387629 0.636175 -1.021266 0.224227 0.121052 0.516037 -1.385606 0.370967 -0.328545 -0.426257 0.150762
-0.045760 -1.299700 1.006461 0.007421 -0.348523 -0.014950 -0.192967 0.007888 0.340816 -0.613304 -0.232814 0.050931
-0.134479 -0.133252 0.588225 -0.859660 -0.034818 -0.168958 -0.187999 0.355923 0.510268 0.275231 0.516941 -0.410646
-0.470155 -0.228356 0.892591 -0.390566 -0.349492 0.180975 0.277692 -0.462034 0.329973 -0.482704 0.130770 -0.118861
-0.337643 -0.580276 0.406373 0.281212 0.009521 0.181417 0.819760 -1.076489 0.301153 0.305024 -0.142623 -0.114338
0.034671 -1.202765 0.539478 -0.000569 0.373304 -0.112811 0.022760 -0.757562 0.816309 -0.584105 0.122570 0.227310
-0.394256 -0.993070 1.163879 0.086246 0.173669 0.314679 0.203646 -0.729231 0.293144 -0.500834 -0.159339 0.124520
-0.101868 -0.799043 0.391891 0.061552 0.109124 0.139725 0.439610 -0.682031 0.641375 -0.568345 0.163101 0.363393
-0.255658 -1.079470 0.559527 0.280494 0.329115 0.418018 0.353324 -0.404209 0.250374 -0.621953 -0.823962 -0.390388
-0.067404 -1.040216 0.279236 0.405131 0.131817 -0.389757 0.426767 -0.575398 0.524033 -0.851506 -0.103502 -0.028972
-0.380840 0.793434 0.408630 0.013652 -0.402262 -0.538372 -0.079377 0.037452 0.495372 0.435334 0.223178 -0.383808
-1.466474 -0.902293 0.848236 0.027027 -0.709652 -0.703183 -0.398379 -0.017142 0.222582 0.605520 0.325310 0.409966
-0.728103 -0.323310 0.908167 0.097214 -0.355631 -0.425091 0.474233 -0.816956 -0.101764 0.236033 -0.165163 -0.829676
0.074839 -0.872577 0.646910 -1.333480 -0.878925 0.344527 0.315816 -0.572101 0.475139 -0.531533 -0.028791 -0.527990
-0.064534 -0.774766 1.041837 0.065976 0.206363 0.160978 0.089980 0.197234 0.153168 -0.648020 -0.095941 -0.143290
-0.302371 -0.846489 0.577870 -0.642932 -0.397262 0.198119 0.513521 -1.035791 0.513954 -0.095062 -0.018095 0.039055
-0.018352 -1.211121 0.358521 0.020747 -0.535436 -0.431631 0.349466 -0.382524 0.306183 -0.108582 0.082692 -0.523307
-0.833510 -0.841320 1.320317 0.616039 -0.056930 0.185015 0.380521 -0.321065 0.347723 0.250132 -0.603962 -0.225683
0.391414 -1.101681 0.236172 -0.191600 -0.562370 0.048391 -0.079931 0.436331 0.553891 -0.768403 -0.311396 -0.222325
-0.543880 -0.782613 0.332148 -0.361389 0.302733 0.648804 0.647267 -1.033217 0.667756 -0.626569 -0.670584 -0.094486
0.898585 -0.057977 1.755475 -0.698636 0.703964 -0.443665 0.317758 -0.951740 -0.500369 -0.386325 -0.016338 -0.834534
-0.364394 -1.296848 0.360113 -0.147130 0.364598 0.248240 0.751281 -1.279143 0.716056 0.461781 -0.288348 -0.303483
0.023397 -0.651710 0.390488 -0.575597 0.441350 -0.117585 0.594466 -1.488989 0.670924 0.146845 0.041102 -0.037289
0.140115 -0.640825 0.458482 -0.621318 -0.668579 -0.240388 -0.180763 -0.750378 1.240530 0.174951 0.111241 0.111843
-1.365088 -0.318643 -0.026319 -0.231962 -0.041562 -1.017652 -0.254417 -0.372459 0.122416 0.599945 0.516401 -0.244830
-0.285456 -0.246668 0.513819 0.251510 -0.286072 -0.058286 -0.067846 0.057405 0.117306 0.246822 -0.082166 0.527595
-0.742354 -0.439826 0.741870 -0.699862 -0.145005 -0.203288 0.296927 -0.299267 0.082723 0.116068 0.209643 -0.451135
0.012261 -1.326458 0.932648 -0.316238 -0.007906 -0.774432 0.019087 -0.262634 0.671310 0.532150 0.735262 -0.049386
-1.091258 0.205207 1.179954 0.092929 -0.534725 -1.217617 0.090029 -0.973876 0.140741 0.180719 -0.496714 -0.387063
-1.175549 -0.750521 0.305584 -0.836992 0.214692 -0.973875 -0.007812 -0.511568 0.266359 0.674150 0.474304 -0.231513
-0.635777 -0.145062 0.241182 -0.974576 -0.590605 -0.407245 -0.394524 -0.084363 0.878293 0.552923 -0.017601 0.198270
-0.743992 -0.605908 0.076399 -0.739974 -0.579729 -0.173113 -0.756327 -0.201849 0.539487 0.097224 -0.278445 -0.652606
0.070055 -0.775796 0.372925 -0.596814 0.154709 -0.239497 -0.039551 -1.271127 -0.482087 -0.204455 0.415383 -0.933661
-0.906321 -0.335488 -0.638958 -0.407845 0.370825 -0.227394 -0.526392 -0.109615 0.818639 0.512289 0.995104 -0.026125
-0.845562 -0.265043 -0.080088 -0.544465 -0.333240 -0.617229 -0.269792 -0.287310 0.598068 0.346199 -0.051298 -0.113105
-0.233916 -0.838313 0.039456 -0.261120 -0.371946 -0.222951 -0.199708 -0.094295 0.479124 0.266866 0.149010 0.256083
0.172703 -1.198553 0.225511 -0.938053 0.145977 -0.004302 0.181303 -1.301391 0.622557 0.467802 -0.081462 0.052056
-0.659865 0.077249 0.927135 -0.914115 -0.078190 -0.795957 -0.446865 -0.474297 0.146760 0.439547 0.582662 -0.331128
-0.516430 0.171799 0.903606 -1.178508 0.247236 -0.451057 -0.489541 -0.753852 0.616435 0.313488 0.550366 0.169474
-0.459021 -1.199982 0.796963 0.244031 -0.155936 0.350979 0.994499 -0.900284 1.078505 -0.699905 -0.588686 -0.482558
-0.004629 -0.434083 0.597352 -0.048475 -0.022460 -0.136573 0.368167 -0.114642 0.611405 -0.257831 0.117588 -0.257478
-1.003469 -1.131235 0.182906 -0.452759 -0.148881 0.321304 -0.462392 -0.339928 1.206889 0.083509 0.710176 0.607969
-1.074831 -0.578881 0.249471 -1.012652 0.016724 -0.620851 -0.210061 -0.199561 0.431862 0.343162 0.273031 0.216285
-0.700331 -0.906645 0.226547 -0.498985 0.042564 0.107214 -0.409014 -0.636508 1.216263 -0.406454 -0.377215 0.367497
-0.522514 -1.020489 0.946967 0.205681 -0.629407 -0.361312 -0.017926 -0.091257 0.800561 0.065668 0.024000 0.269165
-0.662591 -0.609792 0.379048 -0.764034 0.151852 -0.728476 0.013088 -0.891705 1.033312 0.339046 0.294808 -0.451812
-0.729650 -0.717125 0.437638 0.074478 0.328781 -0.134809 -0.399161 -0.762483 -0.224413 -0.145066 0.199060 -0.203584
0.268071 -0.350321 0.683978 -0.488620 0.181793 1.079800 0.616817 -0.418420 0.637695 -0.363245 -0.024777 0.172702
-0.029695 -0.534815 0.513598 -0.724067 0.346006 0.754022 0.789138 -1.336178 0.437381 -0.110182 -0.257039 -0.872079
-1.156016 0.050126 0.725662 -0.429991 -0.500409 -0.338017 -0.399657 0.093992 0.300982 0.143047 -0.234398 -0.197402
-1.071112 0.437677 1.076660 -0.234170 -0.387911 -0.363130 -0.126965 -0.700960 0.552846 -0.064568 -0.011641 0.120508
-1.544838 0.067493 0.814109 -0.686406 -0.513613 -0.934693 -0.917173 -0.209766 0.741707 0.737011 0.716868 0.852659
-0.336703 -0.232775 0.811761 -0.057883 -0.216495 0.924517 0.475866 -0.170765 0.800059 -0.148419 -0.079350 -0.147587
-0.404738 0.126086 -0.056293 -0.399790 0.075538 -0.943680 -0.136080 -0.409504 0.780804 -0.350922 0.309986 0.366725
-0.372120 0.139916 0.862526 -1.276584 -0.381380 -0.123734 0.079603 -0.413465 0.231521 0.223160 0.569287 -0.247821
-0.473090 -0.723306 0.674377 0.503317 0.498894 0.148140 0.118798 -0.782894 0.041831 0.266687 0.041998 0.153364
-0.389080 -0.207204 1.120331 0.094603 -0.280906 0.642545 0.262332 -0.226003 0.549083 -0.331920 -0.319597 -0.367967
0.001451 -0.387316 0.033342 -0.085483 -0.489773 -0.132783 -0.387476 -0.477538 0.614182 0.485898 0.299542 0.220265
-0.064032 -0.211208 0.753261 0.629800 0.376574 -0.277777 0.001653 -0.890145 0.955718 0.907609 0.261730 -0.426452
0.100350 -0.866653 0.055264 0.475851 -0.242661 -0.209465 0.167934 0.111788 0.502547 -0.222415 -0.495251 0.076822
-0.116706 -0.774262 0.928269 -0.430354 0.338137 -0.889127 -0.208079 -0.493890 -0.092255 -0.004612 0.519960 0.053588
0.151505 -0.574811 -0.018959 -0.104924 -0.074089 -0.582286 -0.006690 -1.306921 0.261091 -0.230531 0.247954 -0.248127
-0.944130 -0.045282 -0.010413 -0.304659 -0.187884 -0.319780 -0.072126 -0.554550 0.181297 0.713383 0.190156 -0.518932
-0.326676 -0.678514 0.831363 -0.275608 -0.326177 0.373949 0.053410 0.335450 0.661991 -0.381136 0.331723 -0.123691
-0.485326 -0.716270 0.830127 -0.023404 -0.840191 0.013886 0.110333 -0.030668 -0.008353 -0.589891 -0.785874 -0.272320
-0.472479 -0.950969 0.706847 0.395971 0.239947 0.646018 0.048847 -0.111288 0.746282 -0.142314 0.054815 0.520223
0.228231 -1.307831 0.371558 -0.224440 0.104434 0.514421 0.552075 -0.155004 0.013188 0.036439 0.228174 0.375267
-0.563494 -0.375534 0.435285 -0.138127 0.077169 0.516037 -0.254136 -0.312946 0.330334 0.882254 -0.115713 -0.451433
-0.303799 -0.023768 0.703033 0.342836 -0.201123 0.317095 0.074470 0.241439 0.328777 0.119311 0.136651 -0.028403
1.014705 -0.183882 1.048834 0.174463 0.072801 -0.606282 -0.056916 -0.691742 0.166672 0.022570 0.505787 -0.315703
-0.010006 -0.957081 0.808961 0.301599 -0.227014 0.291609 0.455838 -0.463670 1.118031 -0.559272 -0.186573 0.222485
-0.481179 -1.122864 0.814432 0.730308 -0.197799 -0.071070 -0.465013 0.240730 0.775554 -0.588491 0.187104 0.686866
-0.959169 -0.396207 -0.204460 -0.411496 -0.556837 -0.348149 -0.964037 0.098764 0.653864 0.612304 0.227341 0.623641
-0.069083 -0.229537 -0.385739 -0.644180 -0.197478 -0.312493 -0.559800 -0.496177 0.758294 0.564322 -0.298120 -0.518464
-0.283383 -0.534391 1.097654 0.030377 -0.405740 0.405930 0.346986 -0.085407 0.435367 -0.672512 -0.006389 -0.227300
-0.396379 0.302948 1.150548 0.092180 -0.011827 0.169263 -0.090601 -0.263236 0.633910 -0.154553 -0.037055 0.265514
0.088588 -0.466673 -0.103274 -0.556497 0.533139 -0.013139 0.517292 -1.097926 0.086195 -0.620348 -0.669588 -0.203712
0.196963 -1.209956 1.432239 -1.015995 0.363833 -0.335955 -0.345896 -0.358437 0.630216 -0.589696 -0.084391 0.112578
0.236127 0.166034 0.718491 -1.121818 0.157187 -0.053112 1.243667 -1.050030 0.085910 -0.523232 -0.395106 -0.249599
0.237495 -0.631216 1.105018 0.056655 -0.596567 -0.028260 0.449504 0.148584 0.255915 -0.553964 -0.626252 -0.469398
0.279152 -0.373515 0.774369 -0.773243 0.724486 -0.241735 -0.756009 -0.636941 0.084765 0.602002 0.471859 -0.052112
-0.369280 -0.750720 1.172544 -0.261827 0.175183 -0.662646 -0.076429 -0.428640 0.273794 -0.075585 0.026163 -0.447149
-1.149398 -0.269716 0.350250 0.559827 -0.471411 -0.730139 -0.114883 -0.201283 -0.017716 -0.201836 -0.454009 -0.442764
0.156970 -0.193750 0.344193 -0.372168 0.593048 -0.303411 -0.117342 -0.951943 0.327234 0.263093 -0.097692 0.599027
0.149374 -0.941954 1.014534 0.313626 0.406137 -0.167426 0.184937 -0.169376 -0.202413 -0.746233 -1.049882 -0.590731
0.236907 -0.952770 0.815493 -0.305532 0.093104 0.159507 0.157322 -0.248099 0.038249 -1.113152 -0.641018 -0.486416
0.771671 -0.901073 1.440585 -1.560884 0.644788 -0.123987 0.164587 -0.736539 -0.095014 -0.248575 -0.851717 -0.344766
0.188006 -0.732037 0.744040 -0.522293 -0.354188 -0.618295 0.104307 -0.847483 0.704561 0.902374 0.060527 -1.081109
0.054851 -0.859573 1.038245 -1.072927 -0.081333 -0.593566 -0.261159 -1.238475 0.603672 0.792756 0.026642 -0.358160
-0.035461 -0.821358 0.504079 -1.039684 0.373278 0.019293 0.461108 -1.029298 0.611735 -0.404624 0.435235 0.244726
0.308676 -0.166933 1.542733 -1.052403 0.580945 -0.308814 0.072519 -0.973728 0.265455 0.086061 -0.192015 -0.450851
0.565279 -0.572967 1.138277 -0.628708 0.208551 -0.819194 -0.389850 -0.627793 0.447222 0.554778 0.009290 -0.751696
0.272352 -1.328862 -0.189003 -1.502817 0.195346 0.075103 -0.013905 -1.235945 0.628509 0.370197 0.336895 0.141406
0.906638 -0.369260 0.885189 -0.573018 -0.274533 -0.332708 0.270438 -0.005538 -0.009493 -0.507170 -0.873716 -0.203970
-0.051570 -0.463593 0.572920 -1.044328 0.740100 -0.903082 0.726954 -1.079465 -0.196143 0.158336 -0.243737 -0.869197
1.087803 -0.209209 0.714375 -0.430176 -0.140052 -0.678715 0.048080 -0.768499 0.807947 0.364971 -0.070196 -0.893492
0.077531 -0.965663 1.146983 -0.657772 0.015024 0.337140 0.567585 -0.217026 0.521171 0.093955 -0.173260 0.081615
-0.163616 -1.198730 1.155943 -0.632026 0.100949 -0.174818 -0.332390 -0.225810 0.812764 -0.653721 0.187487 0.421726
-0.468101 -0.560151 1.332083 -0.908643 0.062202 -0.336006 -0.432997 -0.909117 0.255065 0.616788 0.289165 -0.326843
0.310620 -0.596906 0.606283 -0.168030 0.776141 -0.657897 0.104479 -0.422468 0.716101 -0.565762 0.149127 0.058575
0.003455 -0.723156 1.543316 -0.466046 0.320064 -0.254953 -0.178605 -0.474938 0.464876 0.124558 0.146117 -0.198011
0.521302 -0.319582 1.458035 -0.768973 0.552271 -0.378054 0.186677 -0.517525 -0.103089 -0.324805 0.053587 -0.499663
-0.170308 -0.288446 0.836651 -0.192097 0.502453 0.175896 0.550268 -0.509498 0.954415 -0.549357 -0.382245 0.133146
0.338072 -1.120996 0.783358 -0.340960 0.413469 0.180460 0.190601 -0.660938 0.464547 -0.761709 0.048568 -0.012135
-0.281403 -0.597164 1.214406 -0.468964 0.227289 0.324100 0.269056 -0.339816 0.461853 -0.172305 -0.044828 -0.066717
0.019370 -0.614379 1.067197 -1.604262 -0.498264 1.204619 0.883433 -1.107797 0.797344 0.469623 -0.027937 -0.123270
0.464227 0.366923 1.148211 -0.821396 -0.459899 1.242925 1.231075 -0.563946 0.170061 0.374143 -0.260439 -0.980995
0.138746 -0.130086 0.553541 -0.651323 -0.656730 1.207148 1.069679 -0.475930 0.485428 -0.175750 -0.104585 -0.337387
0.312606 -0.208676 0.735173 -0.578201 -0.467545 1.449054 1.180621 -0.315680 0.468950 0.155326 -0.131163 -0.322521
0.157683 -0.448703 0.655587 -0.836868 -0.535550 1.251467 1.243095 -0.982250 0.895508 0.259603 -0.291421 -0.144566
-0.164661 -0.488872 0.482517 -0.752327 -0.560865 1.328452 1.209350 -0.823161 0.772295 0.133232 -0.319254 -0.065550
0.406059 -0.024977 0.800702 -0.369420 -0.492424 1.458422 1.133437 -0.050184 0.147630 0.243476 -0.292993 -0.511644
0.037822 -0.708600 0.419961 0.434113 -0.648800 0.927797 0.634493 0.000153 0.486815 0.356979 -0.955135 -0.511763
0.493506 -0.548227 1.101761 -0.811937 0.523875 0.116431 0.772628 -1.185523 0.812055 1.128252 -0.018552 -1.012246
0.240956 -0.321956 0.644899 -0.597365 -0.342560 1.379478 1.223121 -0.635545 0.583793 0.307111 -0.150439 -0.302527
0.053850 -0.344280 0.553649 -0.519134 -0.587511 1.146794 1.273738 -0.565563 0.293971 0.166870 0.169577 -0.782285
0.284459 -0.062829 0.743952 -0.842195 -0.541624 1.093933 0.685731 -0.444867 0.449677 -0.000862 0.142456 -0.246242
0.065441 -0.415031 0.635814 -0.658593 -0.430907 1.520316 1.348762 -0.810223 0.677095 0.367277 -0.320700 -0.266573
0.145019 -0.751758 0.449817 -0.771822 -0.119167 1.365176 0.993346 -0.573760 0.567394 0.074002 -0.301992 -0.061286
0.404171 0.046672 0.840926 -0.350469 -0.509221 1.459937 1.364289 -0.318672 0.396731 0.428838 -0.232638 -0.577287
0.340907 0.309272 1.003541 -0.068620 -0.430205 1.384023 1.300047 0.053154 0.070813 0.539927 -0.474125 -0.703228
0.425469 0.152541 0.935869 -0.310026 -0.574429 1.421565 1.199163 -0.022228 0.122392 0.231176 -0.321948 -0.618267
0.513316 -0.031852 0.851349 -0.310811 -0.449929 1.479699 1.169830 -0.050290 0.121909 0.286256 -0.259124 -0.604373
0.468068 -0.183951 0.601101 -0.436563 -0.299068 1.546079 1.272619 -0.216898 0.253666 0.530681 -0.192707 -0.507306
0.022164 -0.418741 0.418306 -0.490289 -0.352420 1.280678 1.249839 -0.867013 0.842077 0.484653 -0.234448 -0.284152
0.119595 -0.428651 -0.100675 -0.409659 -0.354733 1.005587 1.012494 -0.173339 0.323455 0.413959 -0.318427 0.041504
-0.209429 0.607264 0.619311 -1.192901 0.155888 -0.225937 0.625316 -0.582454 0.809275 0.498634 0.200400 -0.495016
-0.144448 -1.001105 0.889026 0.037530 -0.080887 -0.435523 -0.202110 0.105660 -0.096694 -0.187466 -0.030039 0.027734
0.239906 -0.473751 0.731644 -0.337463 -0.200683 1.648805 1.199296 -0.516773 0.410334 0.514926 -0.439924 -0.434286
0.155249 -0.530856 0.068076 -0.570356 0.155983 0.647243 1.617077 -1.034987 0.782592 0.020617 -0.014832 0.144793
