0.322779 -0.234729 0.081585 -0.604014 -0.211169 0.048882 0.344264 -0.603296 1.038989 0.524642 0.445528 -0.072277
0.618516 0.424881 0.508309 -0.712323 0.322402 -1.116582 0.018779 -0.661359 0.240356 0.012769 -0.298675 -0.730122
0.193350 -1.091221 0.800482 0.200447 -0.151782 -0.296252 -0.167497 -0.222408 0.633502 -0.323109 -0.228956 0.114203
0.203117 -0.997979 0.375480 -0.027507 -0.130077 -0.220600 0.307811 -0.131639 0.373470 -0.389568 0.012991 0.057636
-0.350255 -0.974447 0.797701 -0.422943 -0.376569 0.315220 0.141366 -0.671036 0.623104 -0.888264 -0.217283 0.057536
0.181583 -0.839830 1.009101 -0.542813 -0.213548 -0.286366 0.314769 -0.749357 0.596244 -0.793733 -0.126029 -0.360123
0.439153 -0.349324 -0.098241 -0.311707 0.267580 0.425316 0.573491 -0.297351 0.373781 -0.609576 -0.852417 0.771508
-0.281040 -1.272623 0.435900 -0.304452 -0.055482 -0.817161 0.161305 -0.823883 0.381277 0.219606 0.364534 -0.637079
-0.710438 -0.888297 0.080347 -0.256026 0.546696 0.655220 -0.082079 -0.254777 0.508388 -0.566897 -0.252542 0.204988
0.377795 0.042956 1.029799 -1.090243 0.672510 -1.388419 -0.228241 -1.330313 0.087338 0.201827 0.051490 -0.676035
-0.261021 -0.693127 0.373005 -0.875534 -0.063537 0.548762 0.286945 -1.273943 0.608778 -0.744696 -0.181179 0.583766
0.536566 -0.739350 1.139103 -1.071218 0.248463 -1.294635 0.045440 -0.670705 0.025649 -0.085458 0.633063 -0.790176
-0.742311 0.643314 0.425900 -0.069192 -0.490154 -0.249392 -0.222053 0.189420 0.242395 0.017916 0.243988 0.639880
0.547445 -0.318070 1.530687 -0.952489 0.459339 -0.177262 0.192612 -0.674151 -0.109296 -0.231676 -0.545731 -0.422594
-0.269078 -0.724040 0.670643 0.409537 0.451587 -0.338708 0.550806 -0.950972 0.354984 -0.154845 0.005523 -0.137051
-1.029697 0.276493 -0.407293 -0.301139 -0.732641 -0.051764 0.270667 0.191646 0.770007 0.358594 0.144687 -0.170827
0.477532 -0.858038 0.303085 -0.767284 -0.144311 -0.285803 0.482599 0.240631 0.786199 0.442690 -0.250572 -0.036202
-0.070950 -1.029486 0.875675 -0.969610 0.323559 0.107540 0.220444 -0.686937 0.782304 -0.054561 -0.029620 0.040822
-0.720426 -1.143078 0.366023 0.717388 1.042606 -0.965006 0.059598 -1.220447 -0.081227 0.099919 0.519827 -0.434909
0.225145 -0.933538 0.726922 0.095279 -0.055313 0.259682 0.400974 0.165716 0.297498 -0.903486 0.041287 -0.225841
-0.821947 1.071569 1.187947 -0.642249 -0.420265 -0.414265 -0.327714 -0.681668 0.414037 0.001616 -0.014845 -0.087511
-0.081817 -0.803097 -0.047558 -0.568770 -0.762341 0.580458 0.289821 0.063851 0.943976 -0.346851 0.386177 0.323284
0.168341 -0.703971 0.131331 0.024571 -0.111639 0.438723 0.411738 -0.726066 0.612864 -0.850151 -0.690514 -0.389929
-0.544915 -0.676445 0.238899 0.023461 -0.031188 -0.167677 -0.489402 -0.336175 0.691845 -0.035418 0.192013 0.275549
-0.553780 1.270576 0.773702 -0.025817 -0.801892 -0.123824 -0.081857 -0.026076 0.173509 0.007494 -0.258366 -0.074247
-0.861013 0.789154 0.042870 0.000573 -0.664485 -0.812423 0.392518 -0.402900 0.999217 -0.759750 0.395843 -0.310929
-1.467510 0.752562 -0.031755 -0.513993 -0.524839 0.095788 -0.715198 0.334729 0.805471 0.070323 0.205565 0.055853
-0.399243 -0.390601 1.123190 -0.903861 0.359971 -0.560278 -0.807887 -0.482016 0.726294 -0.036747 -0.118113 0.089963
0.355268 -0.300727 0.525234 -0.304741 0.151456 0.373908 0.751797 -0.783777 0.240283 -0.855697 -0.906785 -0.612215
-0.125417 -1.308053 -0.098975 -0.562992 -0.092601 -0.166110 -0.129682 -0.130994 0.789641 -0.338247 -0.303929 0.215894
-0.234327 -0.582185 0.875173 -0.507206 0.329201 -0.149209 -0.505830 0.025046 0.804221 -0.424125 -0.053411 0.521692
-0.076990 -1.364917 0.807704 -0.168059 0.098864 -0.236793 0.017583 0.114183 0.632386 -0.601201 -0.324892 0.025033
-0.553349 1.188867 1.264080 -0.845386 -0.471274 -1.055772 -0.560909 -0.711855 0.694377 1.158508 -0.246402 0.440333
-0.065907 -0.926603 0.354682 -1.014651 0.137694 0.566066 0.539141 -0.309803 0.643299 0.089673 -0.235030 -0.287531
0.460935 -0.225375 0.300768 -0.683311 0.433840 0.162538 0.224288 -1.213357 0.651018 -0.034044 -0.257357 0.217856
-0.637448 -0.869803 0.022340 0.301844 -0.340527 0.054515 0.623503 -0.376653 0.700475 0.129083 -0.379936 -0.597288
-0.185541 -0.857237 0.543207 0.041981 -0.249419 0.053943 -0.076641 -0.386296 0.592922 -1.301176 -0.113452 0.564549
-0.168134 -0.869103 0.778040 -0.769461 0.214461 0.224488 0.199766 -1.227652 0.251736 -0.204130 0.022267 -0.143721
-0.179047 -1.064413 -0.220801 -0.272675 0.132204 -0.905955 0.318082 -0.607781 0.057851 0.165399 0.164658 -0.458663
-0.788048 -0.025907 0.509452 0.475549 -0.194340 -0.389539 -0.777722 -0.374201 0.360585 -0.103134 0.055568 0.256597
-0.384623 0.464179 0.430912 0.002717 -0.883005 0.308456 0.174206 0.508662 0.163274 -0.211710 0.113594 -0.783007
-0.541989 -1.128551 0.207399 0.489046 0.997543 -0.329823 0.140763 -0.035168 0.571390 -0.399285 0.278509 0.172547
0.020730 -0.381790 1.131272 -0.509426 0.466934 -0.214596 -0.244069 -0.292065 0.574502 -0.301477 -0.251621 0.196541
0.347679 1.406431 1.365518 -0.482227 0.066837 -0.842437 -0.492704 -0.607062 0.205579 0.110957 0.030725 -0.178546
0.409713 -0.751634 0.144831 0.327656 0.262875 0.296358 0.343166 -0.710080 0.523481 0.018675 -0.395792 -0.824750
0.026435 -0.692030 0.609849 -0.149522 -0.248138 0.658201 0.490605 0.025488 -0.110928 -0.400815 0.191718 0.334773
0.748511 -1.094506 0.840184 -0.332179 -0.298409 0.789223 -0.070983 -0.195246 0.954569 -1.066934 -0.539957 -0.923232
0.052746 -0.560283 0.210490 0.722474 -0.026150 0.000473 -0.018625 -0.386024 0.992613 -0.173534 0.344194 0.113819
-0.141979 -0.876738 0.944210 0.175003 -0.472918 -0.271086 0.518179 -0.052680 0.124268 -0.645586 0.157456 -0.495103
-0.176631 -1.159443 0.693028 0.501940 0.462084 -0.190064 0.096820 -0.327562 0.451074 -0.463563 0.002497 0.219449
0.175240 -1.303105 0.568206 0.081779 0.212400 0.312843 0.326429 -0.655697 0.434172 -0.526450 0.198604 0.212071
-0.237665 -1.254578 1.048427 0.489324 0.267990 0.135259 0.124327 -0.386921 0.279628 -0.697722 -0.323003 0.209843
0.168066 -1.514304 -0.201403 -0.262869 -0.390617 0.506136 0.664270 0.010475 0.689126 -0.600235 0.403120 0.090711
0.636277 -1.029339 0.507917 -0.578300 0.189858 -0.305437 0.656530 -0.264431 0.146662 -0.330923 -0.248756 -0.324113
-0.165125 -1.532547 0.960253 -0.129502 -0.117192 -0.084441 0.210149 -0.537307 0.256214 0.067741 0.124554 0.081852
0.861993 0.778523 0.630603 -0.814073 0.226837 -0.182154 -0.071091 -1.694581 0.499684 0.344345 -0.272104 -0.022828
-0.605321 -1.235419 1.032305 -0.532672 0.124481 0.220296 0.599843 -0.876441 0.334459 0.590415 -0.002157 -0.337407
-0.274650 -0.760312 1.022860 -0.468852 0.430038 -0.111021 -0.061725 -0.225703 0.795234 -0.432551 -0.359430 0.377408
-0.125145 -0.880684 0.607935 -0.569221 -0.051286 0.280579 0.320039 -0.697440 0.431317 -0.663289 -0.336417 -0.360458
-0.085256 -1.253136 0.733344 -0.608614 -0.356653 0.055910 0.133705 0.288293 0.407458 -0.623973 0.073196 0.076631
-0.226964 -1.151564 0.164003 -0.595349 -0.389529 0.184368 0.891661 -0.434043 0.842689 -0.645544 0.241630 -0.150934
-0.022983 -1.014594 1.090246 -0.226771 0.130239 -0.596715 0.435439 -0.808070 0.241840 0.058141 0.000610 -0.468286
0.207785 -0.802008 0.748544 -0.246305 0.386974 0.096239 0.064145 -0.283562 0.719073 -0.381610 0.157922 0.355254
-0.381957 -1.144745 0.729303 -0.576238 -0.058724 0.317654 0.031954 -0.142225 0.610461 -0.603560 0.135131 0.311999
0.224097 -1.126950 0.353557 -0.118540 0.580671 0.235442 0.283337 -0.076516 0.001517 -0.874011 -0.390618 -0.025139
-0.032822 -0.035226 0.888340 0.120157 0.498187 0.182155 0.073081 -0.468153 0.755040 -0.654845 -0.332046 0.088729
0.765868 0.173147 1.518162 -0.099528 0.506276 -0.186580 0.014148 -0.042125 -0.204619 -0.786003 -0.003563 -0.560048
0.498135 -0.025474 1.633999 -0.132933 0.202910 -0.074749 -0.168794 0.317929 0.342534 -0.604129 -0.110100 -0.395545
0.667992 0.563345 -0.133401 -0.303676 0.652356 -0.550120 0.434220 -0.264738 0.214513 -0.040942 -0.012894 -0.300676
0.711555 -0.842104 1.557671 -1.269345 -0.148301 0.012021 0.376254 -0.218584 0.471364 -0.112846 -0.427013 -0.431393
-0.269988 -0.367626 0.116298 0.021172 -0.467014 -0.069130 0.659381 0.023301 0.498062 -0.504279 -0.860970 0.218676
0.335509 -0.873743 0.730146 -0.417245 0.327932 0.264733 0.796417 -0.635544 0.563382 -0.028747 0.175332 -0.270700
-0.341199 0.057344 0.784052 0.448277 -0.244260 0.259353 -0.105881 -0.012436 0.808106 0.365826 -0.119257 -0.084367
-0.727326 -0.888404 0.418968 -0.385957 0.199481 -0.938425 0.190132 -0.778818 0.669001 0.247632 0.108466 -0.087107
0.213731 -0.649456 1.212625 -0.564526 0.687908 -0.296098 -0.180741 -0.575389 0.280837 -0.526407 -0.578303 -0.065565
-0.191870 -0.078717 1.160105 -0.160385 -0.168519 -1.281313 -0.008344 -0.177605 0.055416 -0.309640 0.691157 -0.522880
-0.278125 0.273815 0.531919 0.155711 -0.143842 -0.638446 0.256559 -0.724337 0.429469 0.544228 -0.171349 0.040894
0.250804 -0.299772 0.577256 -0.179873 0.652861 -0.067561 0.566197 -0.145466 0.252317 -0.570923 -1.051057 -0.121709
0.797728 -0.455106 0.752417 -1.249257 0.253323 0.273542 0.458454 -1.230139 0.774561 -0.444981 -0.416701 -0.217657
-0.066242 -0.245082 1.623963 -0.055854 0.121753 -0.682938 -0.044844 -0.490639 -0.102098 0.256241 0.266933 -0.266407
-0.560211 0.286936 -0.150269 -0.991967 -0.608891 -0.321611 -0.161674 -0.056077 0.203380 -0.004047 0.006980 -0.144090
0.066392 -0.766985 0.324537 -0.452869 0.177511 -0.030087 0.537254 -0.563766 0.762624 -0.423714 0.088786 0.131520
0.170587 -0.557593 -0.255527 0.016018 0.399637 0.058245 0.232890 0.163558 0.456535 0.297378 0.254155 0.395893
-0.059636 -0.300242 0.755048 -0.754670 -0.677207 -0.838260 -0.152640 -0.009286 0.239486 0.410311 -0.574959 -0.615747
-0.494435 -0.934153 0.373233 -0.360334 -0.012338 -0.123137 0.349159 -0.949878 0.582193 0.624181 0.302456 -0.345643
-0.850867 -0.438129 1.001956 0.202378 -0.459656 -0.620275 -0.597124 0.386697 0.072427 -0.389882 -0.018494 0.725523
0.345934 -0.127524 1.160264 -0.377771 0.572575 -0.177051 0.547903 -0.545157 0.305479 -0.689485 0.028118 -0.218257
-0.169686 -0.805636 0.963437 -0.875162 0.573543 -0.140611 0.343741 -0.842063 0.072518 -0.502503 0.433803 0.038534
-0.174681 -0.717022 0.951897 -0.816478 0.648126 -0.644697 0.388205 -0.436189 0.331348 -0.485081 -0.245526 -0.070349
-0.621030 0.350324 0.358593 -0.715462 0.303887 -0.445589 -0.548374 -0.582752 0.803290 0.097619 -0.377063 0.174044
-0.888282 -0.973279 0.476546 -0.623227 0.835308 -0.515425 -0.192425 -1.249653 1.336655 -0.062572 0.777637 0.236482
-0.094387 -0.958848 0.354225 -0.486946 0.027665 -0.835080 -0.687763 -0.851107 0.588668 0.160035 0.226437 0.444447
-0.297306 -0.936417 0.481042 -0.534376 -0.023396 0.193993 0.085389 -0.929857 0.568047 0.356569 0.412585 0.238154
-0.730160 -0.374295 1.200824 -1.225653 -0.326148 -0.939467 -0.088932 -0.107803 0.850509 -0.230308 0.641332 0.143470
-0.054807 0.100828 1.219798 -0.946713 0.279305 -0.377006 -0.738491 -1.200058 0.354979 0.420437 0.345238 -0.424542
-0.313214 -0.259849 0.308533 0.297214 0.804415 -0.610772 0.033586 -0.456199 1.148382 -0.252104 0.018556 1.186751
-0.422698 0.316452 1.125608 -1.150369 -0.637954 -0.941494 -0.957493 -0.496162 0.549915 0.864736 0.679514 -0.437758
0.118640 -0.620627 0.452246 0.205976 0.652155 -0.588642 -0.473847 -0.353596 0.298981 0.022689 -0.451703 0.604644
-0.366141 -0.654700 0.331212 -0.192961 -0.430176 -0.513267 0.132404 -0.535117 0.215778 -0.474208 0.197517 -0.539388
-0.775882 0.250203 0.695617 -1.095002 0.302475 0.008652 0.315383 -1.339304 0.948295 -0.307146 -0.030112 -0.043483
1.229133 0.031699 1.473529 0.362771 0.140943 0.447200 0.765100 -0.325214 0.592994 -0.093040 -0.459755 -0.796500
-0.056573 0.100095 0.810759 -0.455760 -0.658570 0.229362 -0.031871 -0.288924 0.599338 0.217645 0.784805 -0.197009
-0.510626 0.181164 0.969339 -0.557786 -0.415702 -0.376665 -0.024876 -0.235991 0.234077 0.658671 0.401921 -0.368848
-0.427595 -1.169324 0.121354 -0.357174 -0.153559 -0.166853 -0.107904 -0.598229 0.733702 0.138869 0.596909 0.103278
-0.742311 0.643314 0.425900 -0.069192 -0.490154 -0.249392 -0.222053 0.189420 0.242395 0.017916 0.243988 0.639880
0.054917 -0.898413 0.083573 0.077385 -0.134689 0.214566 0.219964 -0.749547 0.661218 -0.841946 -0.362147 -0.165696
-0.441882 -0.063394 0.015861 0.316754 0.284424 -0.074750 -0.437709 -0.020335 0.332871 -0.171197 -0.065456 0.137077
-1.149526 -0.257815 0.538992 0.391502 -0.743534 -0.402629 0.141079 0.042473 0.701503 -0.058485 0.082213 -0.239174
-1.535582 -0.251105 0.611661 -0.513664 -0.900699 -0.592989 -0.647764 -0.693637 0.395818 0.290277 0.180880 -0.179703
-0.861013 0.789154 0.042870 0.000573 -0.664485 -0.812423 0.392518 -0.402900 0.999217 -0.759750 0.395843 -0.310929
-0.639490 -0.163651 1.094419 0.120293 -0.103111 -0.590917 -0.100338 -0.300290 0.693866 -0.467816 -0.071657 -0.387058
-0.140595 -0.388386 0.481204 0.303681 0.012547 -0.567670 -0.071741 -0.521597 0.844463 -0.074660 0.429581 0.044461
-0.036251 -0.668471 -0.162372 -0.381506 -0.189665 -0.102078 -0.532005 -0.234745 0.913678 0.245295 -0.063970 -0.267217
-0.645609 0.440161 -0.030855 0.081974 -0.235248 -0.518018 -0.526769 0.215924 0.135478 0.219555 -0.054803 -0.258041
-1.052667 0.915340 1.086014 -1.205435 -0.734958 -1.516116 -1.072958 -0.094209 0.072955 0.666771 0.573296 -0.167095
-1.451797 -0.944877 0.846905 -0.095169 -0.460651 -0.936169 -0.926976 0.185712 0.594952 0.398539 0.783500 0.272633
-1.453987 -1.026694 1.150525 -0.142520 -0.702930 -0.783155 -0.533656 0.088225 0.706065 0.446442 0.404040 0.104420
-1.128017 -0.149434 0.271611 0.364839 -0.541894 -0.324077 -0.614412 -0.104876 -0.461823 -0.428524 -0.341942 -0.225497
-0.629624 0.714628 1.083333 -0.928427 -0.338596 -1.414843 -0.724610 -0.226830 0.266080 0.294342 0.641552 -0.278674
-0.226490 -0.762768 0.853154 -0.221137 -0.572839 0.384680 0.590852 -0.597923 0.132714 -0.478088 0.249276 -0.451808
-1.310883 -0.132478 1.107683 -0.042059 -0.309264 -0.713811 -0.590468 -0.081751 0.435521 0.407478 0.796151 -0.002382
-0.640349 -0.620291 0.639976 -0.338396 0.194363 0.029459 0.171561 -0.843655 0.021163 0.530071 0.311468 -0.475017
-0.063908 -0.867604 0.937559 0.001610 -0.737590 -0.221226 0.637814 -0.212492 0.054014 -0.333836 0.244125 -0.651967
-0.045630 -1.130476 0.058231 -0.134983 0.699787 0.439471 -0.094984 -0.849852 0.239030 -0.219746 0.281245 0.353688
0.435556 -0.810341 1.130045 0.047521 -0.506156 0.380338 0.638913 0.002409 0.021336 -0.330282 -0.020838 -0.676312
0.223751 -1.074023 0.430479 -0.322318 0.293312 0.682376 0.270569 -0.831984 0.572418 -0.915458 -0.103318 0.120211
0.163259 -1.122088 0.387426 -0.147046 0.185074 0.332162 0.491486 -0.527314 1.120910 -0.240531 0.044218 -0.063290
-0.237665 -1.254578 1.048427 0.489324 0.267990 0.135259 0.124327 -0.386921 0.279628 -0.697722 -0.323003 0.209843
-0.255625 -1.236341 0.627282 0.185463 0.092359 -0.322057 -0.299625 0.028199 0.177647 -1.122018 -0.208591 0.203824
-0.295670 -0.598791 0.572643 0.172822 -0.197515 0.492228 0.449467 -0.758840 0.992529 -0.737697 -0.445330 -0.091184
-1.244331 -0.814169 1.082028 -0.010460 -0.052619 -0.218570 -0.479623 -0.285380 0.084821 0.589433 0.191708 -0.272214
-1.098471 0.568683 0.821397 -0.001042 -0.937749 -0.874332 -0.169170 -0.500431 0.134338 0.354638 -0.547051 0.277827
-1.038865 -0.953484 0.571004 -0.209199 -0.453347 -0.270654 -0.274543 0.132430 0.656656 -0.279444 0.080601 0.545546
-0.414068 -0.273100 0.181283 -0.153639 -0.425324 0.291517 -0.006623 -0.382874 0.701616 -0.221834 -0.658808 -0.275865
-0.434072 -0.357623 0.235494 0.173930 -0.068624 0.166588 0.382684 -0.477508 0.093072 0.426857 0.095500 -1.051754
-0.635531 -0.614343 0.282157 -0.426177 0.555239 -0.104139 0.234947 0.056530 0.994506 -0.625426 -0.445837 0.090307
0.768700 -1.190736 0.626416 -0.531646 -0.339631 -0.334786 -0.175355 0.207663 0.386899 -0.999117 -0.277027 -0.579103
-0.927933 -0.478324 0.493044 -0.777384 -0.276049 -0.415250 0.149059 -0.996160 0.371070 0.795542 -0.179801 -0.488485
0.294881 -0.453838 0.832899 -1.089052 0.501178 -0.367931 -0.039861 -0.714189 0.462333 -0.369138 -0.716995 0.033033
0.077478 -0.299091 1.761891 -0.630991 0.221820 -0.670298 0.004243 0.067867 0.212586 -0.146399 -0.396861 -0.311225
0.547286 -0.451811 1.171274 -0.395854 0.417055 -0.684453 -0.162514 -0.421847 0.073770 -0.053214 -0.605372 -0.556689
-0.477320 -0.732119 0.432594 -0.275816 0.163120 0.026759 -0.233409 -0.311632 0.365742 -0.151654 0.118432 -0.079666
-0.025180 -0.195110 0.447198 0.109719 0.211677 -0.115947 0.061582 -0.194413 0.041315 0.067606 -0.310575 0.269781
-0.001074 -1.199860 0.439297 -0.142962 0.671796 -0.462955 0.478822 -0.884962 0.431627 -0.333529 0.572586 -0.173810
-0.142555 -1.566481 0.682073 -0.084588 -0.572550 -0.052573 0.339084 -0.399806 0.559129 0.148316 0.394124 0.028030
0.605218 -0.305822 0.346805 0.281206 0.181712 -0.042296 -0.227926 -0.553370 -0.090999 -0.178427 -0.018214 -0.301738
-0.075964 -0.811070 0.381165 -0.676418 0.271524 0.074858 -0.648597 0.049857 0.658882 0.528852 0.340603 0.174668
0.405708 -0.474411 0.142179 -0.047119 0.097195 -0.086060 -0.381905 0.690470 1.106500 -0.357503 -0.159798 0.563802
-0.510626 0.181164 0.969339 -0.557786 -0.415702 -0.376665 -0.024876 -0.235991 0.234077 0.658671 0.401921 -0.368848
0.161731 -0.675510 0.013324 -0.423539 0.528343 -0.138373 0.832448 -0.857774 0.529059 -0.076332 -0.250390 -0.159846
-0.115918 -1.204042 0.364113 -1.018055 0.994393 0.108507 0.100708 -0.650099 0.552750 -0.310597 0.014874 0.095202
-0.466751 -1.509244 0.443148 0.055382 0.376341 -0.461414 -0.635785 0.029668 0.548267 -1.005189 -0.008353 0.439884
-0.149885 -0.470746 0.466684 0.014908 0.049280 -0.428431 1.045063 -0.580778 0.501369 0.257813 -0.819697 -0.200798
0.283196 -0.869741 0.236819 0.673316 -0.083343 -0.124976 0.179932 0.466862 0.583133 -1.089596 0.136550 0.187106
-0.208416 -0.232092 0.788903 -1.155357 0.256926 -0.271516 1.065228 -0.532723 0.255717 0.183314 -0.148800 -0.214194
-0.006449 -1.017608 -0.185999 0.346041 0.372497 0.086397 -0.108742 0.051647 0.881717 -0.536598 0.138656 0.414499
0.138542 0.263069 0.580889 -0.604231 0.252879 -0.340016 0.122633 -0.815024 0.422904 -0.361628 0.454824 -0.713599
-0.513186 -0.087036 0.018639 -0.736742 -0.223676 -0.561647 -0.327783 0.714718 0.357024 0.758450 0.656710 -0.180767
-0.710971 0.072960 1.078290 -0.942184 0.197335 -0.505205 -0.407791 -0.420469 0.453379 0.187204 0.658088 0.241339
-0.355119 -0.807650 1.292796 -0.519249 0.348591 -0.587324 -0.519860 -0.019566 0.271141 -0.667147 -0.008870 0.268420
-0.339870 -0.668570 0.784738 -0.403781 0.073929 -0.321978 -0.651376 -0.762795 0.800079 -0.021816 0.266295 0.440037
-0.809821 0.059345 1.279128 -0.784222 0.043168 -0.938213 -0.638701 -0.266877 0.427511 -0.174352 0.050447 0.209002
0.235969 -0.280883 1.153850 -1.775600 0.663377 -0.106812 0.571204 -1.268769 -0.030520 -0.003537 -0.378102 -0.861728
-0.173607 -0.670437 1.529441 -0.608384 -0.223931 -0.632647 -0.045048 -0.190512 0.634407 0.116569 -0.017887 -0.086516
-0.290092 -0.724721 0.624071 0.172144 0.218599 -0.276710 -0.104262 -0.490207 0.986793 -0.091127 -0.115465 -0.392089
0.421455 -1.279784 0.445658 -0.030391 -0.035693 0.484078 0.745953 -0.333159 0.610224 -0.839683 -0.106843 -0.172271
-0.355685 -1.467057 -0.175529 -0.386461 0.185308 0.310807 0.404517 -0.063475 0.713179 -0.212396 0.137488 0.383141
-0.280306 0.761643 1.586799 -1.104952 0.085460 -1.557044 -0.491679 -0.644692 0.578660 0.410386 0.655268 -0.611849
-1.147362 -0.164310 0.082953 0.043763 -0.032233 -1.169329 0.365405 -0.564389 -0.084170 0.193777 0.248438 -0.121537
-0.573213 1.139480 1.588000 -0.455562 -0.024415 -0.986521 -0.515278 -0.402950 0.403093 0.121942 0.424775 -0.071037
-0.359732 -1.098578 0.052482 -0.489319 0.030613 -0.489287 0.455939 -0.564859 0.636251 0.354180 -0.115144 -0.430183
-0.426733 -0.719302 1.123077 -1.063588 0.030366 -0.755512 0.201258 -0.513716 0.524522 0.474417 0.115398 -0.397450
-0.201774 -0.586395 0.293753 -0.764026 0.316119 0.096469 0.507689 -0.717155 0.070154 0.064497 -0.791991 -0.672808
-0.245548 0.537759 1.379259 -1.223940 0.655978 -1.376333 -0.541857 -0.877856 0.169023 -0.005551 0.491039 -0.378288
-0.773991 -0.901015 -0.370862 -0.584579 -0.064512 0.416485 -0.122662 -0.343206 0.746585 0.720100 -0.435849 -0.155945
-0.267997 -1.433919 0.384240 0.711333 0.334137 -0.130150 -0.023994 -0.285166 0.689253 -0.541873 0.002201 0.384666
-0.131336 -1.151676 0.489777 0.045695 0.043454 -0.092300 0.052469 -0.321707 0.720384 -0.831009 -0.486850 0.221778
0.328207 -1.151826 0.626647 0.158588 0.414965 0.129019 0.450989 -0.286899 0.076666 -0.675981 -0.159897 -0.341358
-0.416027 -0.068500 1.600083 -0.587594 0.422560 -1.046456 -0.048586 -0.065093 0.088579 -0.296998 0.022567 -0.247191
0.292990 -1.150596 0.578635 0.356740 -0.484453 -0.667022 0.270107 0.087653 0.421279 -0.415346 -0.318151 -0.416853
-0.303600 -1.673518 0.562025 0.578323 0.160591 0.218716 0.024422 -0.209905 0.625423 -0.240582 -0.136831 0.470975
-0.424746 -1.463108 1.035614 -0.488787 -0.299194 -0.203281 -0.037489 -0.272200 0.359727 -0.564850 -0.093634 0.049510
-0.347887 -1.315405 1.635425 -0.229813 0.121385 -0.832420 -0.209589 -0.300001 0.328907 0.010563 0.214410 -0.387703
0.085616 -0.627722 -0.115391 0.085136 -0.174121 -0.929043 0.407503 -0.781655 0.331717 0.092907 -0.160984 -0.410111
-0.252211 -0.455294 1.218059 -0.671260 0.020278 -0.476838 -0.212746 -0.493156 0.642751 -0.066513 -0.057458 -0.306696
-0.476792 0.071880 0.161707 0.056026 -0.691801 -0.132261 0.473005 -0.340112 0.693783 0.271887 0.449912 -0.426944
-0.431000 -0.987749 1.027657 -0.368756 0.324525 -0.249813 0.107049 -0.861547 0.484928 -0.097769 0.090620 -0.167224
0.401467 -0.666237 0.340161 -1.183768 -0.027434 -0.468625 0.533317 -1.095404 0.046456 -0.052564 -0.311428 -1.124865
-0.138317 -0.814742 0.256934 -0.656677 -0.587340 0.951808 0.459444 -0.473822 0.597252 0.076010 -0.130061 -0.495030
0.347021 -0.659754 0.563883 -0.488874 -0.107614 1.498854 1.015656 -0.601082 0.311419 0.576442 -0.283934 -0.516114
0.404007 -0.259940 0.667825 -0.491210 -0.617475 1.356445 1.298352 -0.454576 0.420405 0.039323 -0.089584 -0.328838
0.373569 0.053333 0.976465 -0.623383 -0.287294 0.952385 0.880407 -0.137583 0.502548 0.265887 -0.023247 -0.311823
0.128163 -0.600610 0.443063 -0.621647 -0.442616 1.274435 1.158614 -0.667052 0.639097 0.233650 -0.001156 -0.225038
0.164815 -0.047590 0.296114 -0.603948 -0.273934 1.028139 0.966364 -0.521717 0.536307 0.263263 0.253765 -0.196297
0.366227 -0.348912 0.672452 -0.180269 -0.343211 1.448117 1.153100 -0.194300 0.235438 0.096494 -0.136312 -0.451326
0.118713 -0.594423 0.709513 -0.390822 -0.348650 1.513135 1.287761 -0.739130 0.666184 0.385219 -0.246560 -0.386665
0.075735 0.002104 0.670948 -0.770045 -0.555259 1.254523 0.781391 -0.458404 0.749402 0.568164 -0.240846 0.044093
0.067751 -0.488243 0.370134 -0.454179 -0.391919 1.329711 0.716423 0.150771 0.771691 0.435199 -0.153564 -0.085551
0.307072 -0.097767 0.728926 -0.624026 -0.412130 1.247872 1.148950 -0.410837 0.517633 0.207313 -0.262330 -0.452805
0.196066 0.041926 0.356476 -0.742518 -0.346521 1.152140 0.725208 -0.646683 0.213261 0.551147 -0.197402 -0.491800
-0.156153 -0.781553 0.400630 -0.112229 0.350692 1.007964 0.865971 -0.802259 0.697645 1.200992 -0.675049 -0.764588
0.164828 -0.759422 0.753668 -0.348825 -0.150624 1.278205 1.078045 -0.759985 0.496430 0.393856 -0.239815 -0.352282
0.417554 0.097120 0.982038 -0.407740 -0.512769 1.439316 1.167469 -0.236910 0.131173 0.286931 -0.328819 -0.751789
0.246043 -0.269082 0.772765 -0.647423 -0.496499 0.984838 1.078316 -0.400040 0.113881 0.113795 -0.321866 -1.097320
-0.098551 -0.042619 0.928393 -0.754476 0.146220 0.464180 0.362842 -0.605228 0.479559 1.010642 -0.137175 -1.231046
