-1.010154 -0.680460 0.523309 -0.860582 -0.321480 -0.566790 -0.718336 0.340791 1.386708 0.009371 0.664402 0.818981
-0.458344 0.127784 -0.059888 -1.025182 0.218753 -0.822197 -0.638515 -0.827539 0.683192 1.058629 0.421010 -0.123112
-0.016476 -1.355808 0.151901 -0.040906 -0.349145 -0.055111 0.487713 -0.317386 0.617189 -0.097559 -0.084861 -0.735910
-0.429707 -0.628881 0.993764 -0.311553 0.144607 0.700384 0.784294 -1.100548 0.421405 0.049932 -0.526678 0.029380
0.024306 -0.951601 0.443452 -0.250154 0.600544 0.417115 0.447166 0.088202 1.040762 -0.239551 -0.875065 -0.223441
-0.202692 -0.152706 0.606368 -1.132666 -0.553130 -1.062505 -0.058654 -1.201367 0.906813 1.279961 0.698906 -0.320333
-0.064683 -0.149030 0.463959 -0.701394 0.475204 -1.241715 0.378429 -0.437295 0.776020 0.916311 0.162703 -0.415334
-0.407964 -0.654085 -0.032344 -0.362459 0.404888 -0.335301 -0.194867 -0.432943 0.687548 -0.327702 -0.190037 -0.148511
0.373688 -0.814090 0.022153 0.472115 -0.141373 -0.097011 0.167070 0.351764 0.599555 -0.911668 0.119980 0.658490
-0.166229 -0.373079 0.998864 0.127678 -0.151043 0.525999 0.327277 -0.587513 0.069826 -0.223622 -0.120133 -0.497585
0.022870 -0.541954 0.981823 0.325303 0.358706 0.727768 0.287217 -0.625615 -0.345869 -0.118438 -0.228386 -0.589876
-0.675554 -1.598822 0.157214 0.376411 0.145210 -0.428460 0.361478 -0.411639 0.300898 -0.292535 0.442520 0.282950
-0.201296 -0.586740 0.494600 -0.340881 0.501256 0.054270 0.820782 -0.523172 0.720334 -0.102811 -0.210517 -0.234097
-0.179709 0.486965 0.439147 -0.673116 -0.987994 -1.072427 -0.702600 -0.183702 0.272457 0.623328 0.256802 0.663055
-0.292943 -0.674419 0.148221 -0.229372 -0.163746 0.579729 1.020769 -0.471488 0.276483 -0.266531 -0.198181 -0.523288
-0.208770 -1.277787 0.007523 -0.396128 -0.311873 0.431518 0.888433 -0.109684 0.622959 -0.335676 -0.223379 -0.117634
-1.069947 0.299511 0.748053 -0.458288 -0.663027 0.361831 -0.614405 0.241560 0.616573 -0.268012 -0.210233 0.002596
0.136224 -1.096187 -0.092416 0.058912 0.161697 0.266114 0.180023 -0.757384 0.811568 0.306100 0.023732 0.313695
-1.191718 0.076005 0.089210 -0.665257 -0.526315 -0.431351 -0.587390 -0.593128 1.022295 0.200779 0.323484 -0.032689
-0.279511 -0.684741 0.795619 -0.629947 -0.827169 -0.348199 0.406953 -0.460614 0.242613 0.682871 0.619823 -0.404615
-0.614799 -0.092281 0.068666 -0.566492 -0.263699 -0.494682 -0.280314 -0.089968 0.328348 0.636260 0.214395 -0.509269
-0.882915 0.106673 0.730282 -0.130924 -0.857203 -0.097119 -0.215282 0.088074 -0.096584 0.038401 0.009912 0.677808
0.102327 -0.718710 0.260871 -0.164201 -0.302751 -0.369885 0.982932 -0.287917 1.151226 -0.788353 -0.997981 -0.392591
0.614651 -0.908706 0.757933 -0.360384 -0.342991 0.326808 1.052913 -1.172125 0.353811 0.366777 0.269813 -0.332811
-1.150174 0.110631 0.930136 -0.105780 -0.849340 0.056108 -0.253190 0.037163 0.359873 -0.104825 -0.078331 0.559585
-0.770168 -0.014543 -0.246859 -0.389229 -0.825343 -0.360240 -0.482440 0.028501 0.593914 0.197442 -0.377442 -0.092338
-0.386198 -0.631522 0.698454 0.077541 -0.408374 0.476938 0.377068 -0.467316 0.562866 -0.272099 -0.438726 -0.050612
0.369779 -0.095988 0.255496 -0.516053 -0.380582 -0.353278 -0.170529 -0.557485 0.488521 0.188878 0.055282 -0.337571
-0.319947 -0.481957 -0.005819 0.272872 0.006456 -0.158892 0.273405 0.184390 0.650695 -0.402017 0.068635 -0.049978
-1.104071 -0.017659 -0.339979 -0.353427 -0.940251 -0.310838 -0.246007 0.229361 1.023040 0.334446 -0.109892 0.120416
-0.853430 -0.174411 0.303135 -0.082551 -0.127309 -1.012245 0.158401 0.065841 0.561916 0.717767 0.101024 0.267205
-0.458737 0.152073 1.551319 0.161932 0.121691 0.104176 0.106915 -0.206215 0.192257 0.586493 -0.018969 -0.601724
-1.265745 -0.274390 0.162418 -0.445071 0.036984 -0.110430 0.155986 -0.089843 0.572479 -0.006515 0.157699 -0.133573
-0.790978 -0.738399 0.799117 -0.018883 -0.173802 0.110141 -0.032994 0.176100 0.030097 0.390219 0.245660 0.296736
-0.464798 -0.115551 0.635946 -0.032849 -0.338931 -0.638917 0.144069 -0.168708 0.361527 0.120005 -0.386156 -0.324726
-1.405565 -0.386386 0.260872 -0.711277 -0.205674 0.175508 -0.434346 -0.778495 0.504728 -0.072083 -0.205634 0.396579
-0.781329 -0.321664 0.597552 -0.484270 -0.478995 0.202689 0.048056 0.015302 0.543123 -0.474144 0.031869 0.543462
-0.189316 -0.407628 0.965432 -0.181189 0.097466 -0.595445 0.675944 -0.662827 0.070820 -0.111006 -0.250475 -1.202223
0.123407 -0.778911 -0.344657 -0.242068 -0.107759 -0.137182 0.151480 0.243105 1.039568 0.974158 -0.187388 -0.042887
-0.297329 -1.006934 -0.032415 -0.202178 -0.187487 -0.489863 0.010579 -0.443089 0.555701 0.643798 0.537254 -0.487922
-0.615829 -0.024542 -0.314894 -0.514244 -0.116157 -0.820000 0.383414 -0.903319 0.857111 0.649221 0.567328 -0.311569
-0.770452 -0.060669 0.327914 -0.291993 0.253576 -1.016882 0.314959 -0.713660 0.747284 0.681271 -0.050512 -0.714122
-0.782788 -0.991501 -0.036176 -0.480778 -0.124908 -0.265584 -0.224148 -0.856005 0.639700 0.050060 0.529817 -0.264945
-0.161251 -1.013571 0.057130 0.487811 0.086067 -0.620068 0.472549 -0.393552 0.501201 -0.627352 -0.615380 -0.540863
0.219125 -0.487297 0.507938 -0.420856 -0.265462 0.094195 0.001696 -0.721346 -0.073922 0.965196 -0.241907 -0.430206
-0.205027 -0.693258 0.394021 -0.656399 -0.007357 -0.649863 0.711153 -0.733907 0.526672 0.273171 0.400243 -0.902877
-0.597166 -0.752099 0.334906 -0.143267 -0.402188 -0.152646 -0.158725 -0.159823 0.726529 -0.378674 0.121216 0.110864
-0.527337 -0.630323 0.409051 -0.619572 0.101793 -0.564473 -0.478143 -0.829621 0.448045 -0.209468 0.835238 0.209784
-0.481778 -0.930529 0.183831 0.306749 -0.425652 -0.508310 -0.094919 0.039583 0.523240 -0.504227 0.330440 0.882396
0.476123 -0.563021 0.253043 -0.125882 -0.481481 0.230928 -0.210151 -0.520976 0.573665 0.028156 0.070560 -0.434644
-0.407131 -0.406531 0.425459 -0.490396 0.177766 -0.812087 0.301457 -0.675928 0.582323 0.797643 0.248558 -0.315087
-0.900725 -0.293151 0.889186 0.181313 -0.438568 -0.395439 -0.572707 0.019406 0.262707 -0.306041 0.163721 0.919279
-0.776250 0.007500 0.605072 -0.452378 -0.292789 0.037859 -0.153765 -0.049752 0.237434 -0.177560 0.079860 0.185753
-0.134397 -0.239194 0.268826 -0.997173 -0.098973 -0.190664 -0.103865 -1.094802 0.374746 0.650476 0.396207 -0.043737
-0.820999 -0.934167 0.613746 -0.143590 -0.117543 -0.184349 0.020464 -0.315670 0.834064 0.147202 0.300526 0.697066
-0.922805 0.580488 0.783934 -0.657502 -0.602232 -0.471703 -0.499377 -0.369440 0.422520 -0.294424 0.327409 0.711274
-1.242482 -0.287979 0.258548 -0.491578 -0.641366 -1.011868 -0.788228 0.204682 0.310281 0.692356 0.877402 0.373955
-0.973472 -1.014511 0.513248 0.124130 -0.723754 -0.292502 -0.647664 0.245657 0.949126 -0.096564 0.045378 0.938916
-0.764458 -0.356048 0.389708 0.163500 -0.559830 -0.248291 0.140116 -0.099582 1.308257 -0.235979 -0.132736 -0.267670
-0.321781 -1.030921 0.859370 -1.146385 0.158429 -0.743132 -0.551062 -0.984579 0.889145 0.962625 0.550552 -0.699663
-1.266839 -1.148884 0.467097 -0.069617 -0.619327 -0.453854 -0.666767 -0.454151 0.817710 0.366245 0.173959 0.470195
-0.575971 -1.141457 0.094323 -0.169668 0.003408 -0.341282 0.240033 -0.003245 0.652409 -0.271604 0.115319 -0.011494
-0.081896 0.200654 0.026523 0.555637 -0.046719 0.086400 0.215563 -0.176259 0.398602 0.213838 -0.706559 -0.153274
-0.735005 -1.054625 0.329532 -0.676380 0.487487 0.361088 -0.198474 -0.072562 0.810433 -0.398808 0.016496 0.412160
-0.655781 -1.209384 0.556825 0.492244 -0.651353 0.054825 -0.187335 0.340324 0.954863 -0.746169 -0.244649 0.974905
0.020979 -0.138187 -0.179209 -0.360695 -0.057495 0.309074 -0.442609 -0.053603 1.319232 0.072942 -0.353743 0.852523
-0.812368 -0.233723 0.064861 -0.346144 -0.520047 0.140855 -0.411591 -0.295244 0.893990 0.500652 0.095595 0.414035
-0.883181 0.339840 0.997961 -0.416213 -0.674591 0.029578 -0.181163 -0.040620 -0.100161 0.562061 0.245536 -0.099573
-0.343033 -1.042389 0.154417 -0.133218 0.027091 0.257623 0.352102 -0.472664 0.838318 -0.117792 0.270533 0.046311
-0.068560 -0.135626 0.806097 -0.639881 -0.411114 0.044988 0.298500 -0.202955 0.570624 0.104513 0.161111 0.098291
-1.115070 -0.329022 0.729188 0.188134 0.137103 -0.527637 0.314882 -0.341116 0.077184 -0.012495 0.038114 -0.481436
-1.314275 -0.533427 1.203695 -0.708945 -0.624305 -0.880670 -0.251564 -1.041680 0.715984 0.511801 0.438668 -0.261356
-0.437555 -0.416003 0.832199 -0.479479 0.416940 -0.039648 0.548487 -0.886430 0.340479 0.335086 0.425999 -0.107689
-0.951659 -0.739951 -0.054105 0.651759 -0.180126 -0.374431 -0.335745 0.028100 1.096408 -0.558406 -0.117404 0.160150
-0.294616 -0.874617 0.220934 0.113089 -0.104725 0.626562 -0.215394 0.017500 0.893110 -0.238472 -0.130443 0.152609
-0.564151 -0.506676 0.934003 -1.223727 0.325789 0.309362 -0.047147 -0.535083 0.828427 0.432765 0.018513 -0.527960
0.494553 -0.216218 0.971365 -0.248959 -0.078243 0.794481 0.451761 -0.476558 0.293691 -0.247683 0.675423 -0.291147
-0.885505 0.084884 1.541908 -0.413061 -0.681922 -0.667665 -0.650632 -0.317357 0.413623 0.338581 0.244476 0.426144
-1.269644 -0.289124 0.099813 0.065121 -0.125456 -0.583369 -0.281083 -0.814711 0.161932 -0.091274 0.710980 -0.167436
1.334499 -0.632513 -0.361515 -0.250003 -0.018351 0.247431 0.607966 0.064450 0.781782 -0.492016 -0.654611 -0.264108
-0.696522 0.107812 -0.458387 -0.919347 -0.814227 -1.020632 -0.368589 -0.139762 0.156494 0.608076 0.563976 -0.153959
-1.062713 0.044231 0.677718 -0.274920 -0.742533 -0.327926 -0.973398 -0.222840 0.751667 0.414430 0.271145 0.891366
-1.405784 0.024476 0.816907 -0.465090 -0.663757 -0.900821 0.120738 -0.633506 0.077504 -0.075769 0.101993 -0.152952
-0.314816 -0.426166 0.664056 0.072547 -0.296871 -0.157972 0.310569 0.155929 0.302579 -0.286971 -0.077314 -0.052660
-0.654998 0.654133 0.894839 -0.880826 -0.592834 -0.228440 0.114588 -0.310956 1.091970 -0.289245 -0.080282 0.005849
-0.640721 -0.254567 1.333657 0.609913 0.337604 -0.058337 0.107471 -0.278999 0.425466 -0.357029 -0.204129 0.297580
-0.133852 -0.408754 0.950219 -0.638474 0.343140 -0.573373 -0.260605 -0.617003 0.796442 -0.139954 -0.127884 0.300400
0.466157 0.248488 1.024556 -2.081879 0.034494 0.226916 0.163838 -1.114163 -0.125988 0.001989 0.518206 -1.339317
0.319966 -0.058957 0.802744 -1.640714 0.692953 -0.529962 -0.244868 -1.371910 0.494728 0.775866 0.061007 -0.386164
0.163872 0.055709 0.844027 -0.945787 -0.155260 -1.016186 -0.427796 -0.072505 0.840049 -0.518518 -0.504019 -0.555585
-1.230538 0.105733 0.403960 -0.320266 -0.353180 -0.623301 -0.084203 -0.249659 0.768082 -0.108884 0.337067 -0.446270
-1.166444 -0.065445 -0.239634 -0.890250 0.067497 -0.116101 -0.162848 -0.723671 1.057985 0.337791 0.076404 -0.591551
0.161912 -0.574296 0.559446 -0.297653 0.447516 -0.514920 -0.457764 -0.386551 0.855878 -0.998060 0.320610 0.553948
0.235977 -0.674131 1.245528 -0.623880 0.477152 -0.305684 0.091222 -0.311713 0.441732 -0.579867 0.013827 0.089762
0.490763 -1.078374 1.657833 -0.494544 -0.132017 -0.977097 0.491453 -0.739877 0.602725 0.199536 -0.028795 -0.701640
0.326659 -0.095009 1.573180 -0.744415 0.164982 -0.312700 0.001284 -0.599332 0.446997 0.305137 -0.122594 -0.236925
0.345872 -0.985226 0.228031 -0.316071 0.490928 -0.208936 -0.458057 -0.515835 0.874384 -0.707780 0.227638 0.105365
0.420063 -1.143671 1.202887 -0.579110 0.054404 0.343212 0.113915 -0.116690 0.233430 -0.768265 -0.696255 -0.514091
-0.424870 -1.285122 -0.175529 -0.577812 0.251303 0.011149 0.262934 0.020697 0.859098 -0.184516 0.143112 -0.420388
0.213100 -1.297252 0.006799 -0.278215 0.538610 -0.271253 -0.100519 -0.673449 0.269157 -0.362132 0.680913 -0.065152
0.018045 -0.960535 0.654400 -0.225946 0.325245 0.217292 0.266895 -0.253845 0.145967 -0.274733 0.345049 -0.240192
-0.231949 -0.782472 0.181695 -0.007834 -0.890259 -0.912723 0.055594 -0.320693 0.300323 -0.551334 0.390281 0.012276
-0.200987 -0.894386 1.223282 -0.267387 0.123018 0.079942 0.036659 0.026772 0.292899 -0.871350 -0.571690 -0.075844
0.135421 -0.848748 0.925123 -0.042351 0.308457 0.073695 0.360314 -0.865955 0.641727 -0.433341 -0.340695 -0.059350
-0.558924 -0.420578 0.681799 -0.319308 -0.384846 -0.901921 0.438346 0.000894 0.282621 -0.326425 0.118335 -0.101436
-0.013879 -1.368429 0.383956 0.049519 0.182401 0.201462 0.230823 -0.687869 0.567002 -0.565665 -0.386524 -0.405796
-0.319554 -1.166898 0.581327 0.427383 0.029523 -0.447404 -0.307223 0.035639 0.453595 -0.665324 0.069363 0.384243
0.058315 -0.899205 -0.036001 -0.208803 -0.044232 -0.212524 0.227835 -0.528973 0.604778 -0.408239 0.292911 -0.171312
1.260425 -0.471166 0.728210 -0.321790 0.233500 -0.069487 0.955847 -1.099545 -0.256352 0.099801 -0.156203 -0.739450
0.360899 0.548515 0.396319 -0.161246 0.820029 -0.113645 0.462313 -0.460273 0.654197 0.387416 -0.116445 0.529727
0.247831 -0.384898 0.219509 -0.084395 0.532281 -0.304721 0.671826 -0.341202 1.060781 -0.023200 -0.107524 0.282049
-0.261062 -1.240862 0.829767 0.321701 -0.052358 0.043303 0.190534 -0.275101 0.523224 -0.742645 -0.413319 -0.019635
-0.035298 -1.013419 0.714223 -0.354915 -0.494587 0.016857 0.417903 -0.056885 0.454557 -0.643865 -0.718862 -0.005153
0.059638 -1.993596 -0.034174 -0.301362 0.450575 0.276833 0.884127 -0.472431 0.687149 0.133587 -0.012753 0.327950
0.883394 -1.091577 1.079531 -1.074685 -0.732094 -0.056012 -0.041880 0.267843 0.653652 -0.507972 -0.118304 -0.318156
-0.336314 -0.928367 0.944122 -0.956192 0.113826 0.013139 0.358462 -1.217989 0.778048 -0.175226 0.497108 -0.432845
-0.171709 -0.859687 0.996864 -0.583934 -0.306216 0.256656 0.518554 -0.321083 0.429988 -0.790203 0.105086 -0.065425
0.505536 -1.079538 0.902187 -0.436946 -0.335554 0.283011 -0.148178 0.165634 -0.049910 -0.953346 -0.548642 -0.478989
0.439811 -0.602530 1.250834 -0.754550 0.499989 -0.110955 -0.455504 -0.683285 0.651274 0.276304 0.197473 -0.108106
0.536747 -0.963462 0.631261 -0.406670 -0.095560 0.251613 0.213612 0.030862 0.051330 -0.993735 -0.479052 -0.311534
0.328932 -1.056393 1.352465 -0.497971 -0.104930 -0.846300 0.129588 0.061197 0.262533 0.169163 0.673292 -0.163305
0.518770 -0.797852 0.894483 0.209993 -0.431635 0.007221 0.530726 -0.022017 -0.014723 -0.626774 -0.842747 -0.942871
-0.437553 -0.996952 0.420758 0.350947 0.357705 -0.790648 0.090641 -0.624351 0.219732 -0.039435 -0.101401 -0.201685
1.482728 0.242330 1.521844 -0.416927 -0.350586 -0.666383 0.060820 -0.086596 -0.215365 0.144750 -0.651112 -1.198399
0.114716 -0.722901 0.374821 -0.383403 0.001407 -0.323046 1.421955 -1.447805 0.897886 -0.138765 -0.309408 -0.354725
0.528068 -1.111351 0.988807 -0.633202 -0.040132 -0.326877 -0.051186 0.236503 0.611348 -0.547460 0.006767 -0.266010
0.206165 -1.202734 0.934442 -0.345452 0.239639 -0.025111 0.907868 -0.782877 0.147860 -0.051055 -0.127909 -0.812678
-0.042043 -0.202533 0.773408 -0.310109 -0.063811 -0.313620 -0.412196 -0.522685 1.147657 0.338962 -0.223181 0.049493
0.474898 -0.571287 0.864304 -0.987796 0.144932 -0.804340 0.801742 -0.389480 0.466897 0.171917 -0.216696 -0.757790
0.078286 -0.580226 0.999593 -0.919927 -0.089134 -1.029599 0.432977 -0.851798 0.229850 -0.133524 -0.405006 -0.873823
0.347645 -0.703430 0.887909 -0.857123 0.290196 -0.053752 0.995631 -1.129094 -0.067111 -0.452426 -0.991489 -0.640558
-0.432889 -0.740303 1.059608 0.327861 -0.207461 -0.193005 0.444294 -0.720775 0.773330 0.318713 -0.460877 0.195590
-0.339484 -0.727863 -0.004907 -0.806196 -0.289410 -0.728647 0.000130 -0.406571 0.682876 0.785164 0.510833 0.183708
0.288397 -0.021778 1.285319 -0.283807 -0.021033 -0.720715 0.224838 -0.079793 0.340180 -0.091954 -0.554721 -0.418635
-0.188274 -0.912431 1.265858 -0.752005 0.229168 -0.312846 -0.179825 -0.445138 0.620469 -0.420117 0.312107 0.296661
0.647457 -0.223125 0.057186 -0.668773 0.163698 -0.025993 0.297117 -1.144959 0.222350 0.170295 -0.224650 -0.028312
-0.844591 -0.284519 0.764784 -0.930839 -0.739052 -0.283971 -0.432535 -0.240529 0.815370 -0.083355 0.285350 0.196637
-0.192332 0.262939 -0.123351 -0.392299 0.649548 -1.360273 0.322658 -0.456401 0.293977 0.290376 0.414139 -0.453822
-0.202083 -0.276736 0.894643 0.289442 -0.214452 -0.024490 0.122684 -0.137075 0.067184 -0.204330 0.211612 0.140969
0.174341 -0.694168 0.666865 0.052294 0.477030 -0.239910 0.975886 -0.250067 -0.193867 -1.090992 -0.261984 -0.172669
0.159932 0.768116 0.515556 -0.757049 0.288949 -0.736778 -0.176102 -0.759213 0.135537 -0.025017 0.107118 -1.022939
-0.224559 -0.885531 1.042270 0.014764 -0.068213 -0.194547 0.017740 -0.057542 0.365634 -0.664609 -0.045911 -0.489377
0.401816 -0.637632 1.259640 -0.755788 -0.069335 0.436579 0.310557 0.146257 1.011305 -0.071706 0.125462 -0.325975
0.446802 -0.699950 0.743840 0.082460 -0.341611 -0.302386 -0.010987 0.633651 0.081903 -0.620958 -0.411161 0.032472
-0.529263 -0.866366 0.180148 -0.115309 -0.334827 -0.441530 0.487898 -0.432829 1.130851 -0.279038 -0.091295 -0.181343
-0.409556 -0.893563 0.294015 -0.400774 -0.268941 -0.257693 0.053038 0.008253 0.656059 0.037477 -0.132231 0.158860
-0.066747 -0.441368 1.582927 -0.451665 0.230637 -0.364957 -0.488535 -0.169882 0.269647 -0.144221 -0.329874 0.066117
0.057603 0.240181 1.343134 -0.493281 -0.243262 -0.236858 0.113316 -0.664571 -0.191507 -0.707015 0.267123 -0.594027
-0.038654 -0.388949 0.438547 -0.233148 -0.199685 -0.747391 0.100859 -0.204480 0.688439 -0.018580 -0.048970 -0.986425
-0.052148 -0.134654 0.658035 -0.514716 -0.675803 1.364546 1.369754 -0.576253 0.692437 0.082557 -0.501037 -0.165658
0.124679 -0.681439 0.373873 -0.568381 -0.193957 1.362578 1.018539 -0.353018 0.477694 0.280944 -0.333372 -0.180760
-0.228809 -0.277266 0.455409 -0.933347 -0.450962 1.383366 1.199528 -0.639238 0.659285 0.080680 -0.584723 -0.136795
0.440498 -0.236197 0.804075 -0.136073 -0.353020 1.419307 1.206556 -0.245671 0.179859 0.405283 -0.248104 -0.640468
0.159233 -0.405681 0.571661 -0.577061 -0.525240 1.369398 1.202058 -0.557703 0.585480 0.149306 -0.180880 -0.237557
0.040616 0.510523 1.057009 -0.651817 -0.696877 1.073264 1.120203 -0.364627 0.074803 0.346543 -0.422065 -0.854946
0.196672 -0.304003 0.327484 -0.868381 -0.466790 1.136337 1.100033 -0.543826 0.461860 -0.081535 -0.351547 -0.364525
0.041119 -0.298586 0.963855 -0.382670 -0.557411 1.670888 1.292582 -0.592734 0.427875 0.324997 -0.127218 -0.559244
0.278222 -0.001107 0.714166 -0.524076 -0.551924 1.217796 1.116619 -0.194950 0.477282 -0.051466 -0.250613 -0.297892
0.277724 -0.206954 0.842378 0.111953 -0.270344 1.222552 1.287646 0.044370 0.364749 0.456782 -0.286484 -0.558717
0.864692 0.362223 0.461234 -0.645103 -0.255493 0.863895 0.236457 0.249182 0.435551 1.003205 -0.539468 -0.453951
0.246929 -0.131850 0.752469 -0.462451 -0.473465 1.468721 1.170817 -0.375728 0.509286 0.222405 -0.217973 -0.431255
0.396302 0.289916 0.992541 -0.622972 -0.574534 1.460736 1.278521 -0.407537 0.246226 0.484100 -0.267475 -0.724649
0.481765 0.192461 1.431542 -0.451710 -0.015975 1.193145 1.356335 -0.539143 -0.165551 0.509886 -0.397235 -0.976206
-0.062976 -0.305953 0.248755 -0.570916 -0.204473 1.271640 1.099816 -0.149755 0.686417 0.434162 -0.524203 -0.003405
0.324398 0.153617 0.913834 -0.353253 -0.643623 1.394068 1.222798 -0.084342 0.223924 0.149186 -0.324476 -0.521573
0.239655 -0.210849 0.732774 -0.509877 -0.574122 1.467882 1.212587 -0.336495 0.389293 0.063221 -0.199957 -0.374541
0.119815 -0.364579 0.487315 -0.695656 -0.593836 1.288590 1.182913 -0.521057 0.550263 -0.036089 -0.258166 -0.109150
0.217037 -0.569107 0.573264 -0.475059 -0.443349 1.466594 1.191024 -0.544628 0.462886 0.212822 -0.191259 -0.304343
0.177029 -0.773885 0.422360 -0.558799 -0.117744 1.238677 1.257758 -0.392055 0.642005 0.277737 -0.122961 -0.095753
-0.251791 -0.679633 0.548879 -0.617434 -0.230800 1.535923 0.912967 -0.706150 0.491565 0.516690 -0.539720 -0.105512
-0.132545 -0.120434 -0.035490 -0.690013 0.477212 0.867002 1.177245 -0.199004 0.933300 0.360554 -0.560598 -0.013577
-0.048861 -0.644737 0.523641 -0.693018 -0.098467 1.663067 1.089244 -0.715310 0.682996 0.601214 -0.426716 -0.162166
0.303571 -0.084419 0.877028 -0.170822 -0.517641 1.431472 1.176308 -0.216117 0.282333 0.199393 -0.313775 -0.567252
-0.191171 -0.723665 0.766336 -1.020429 -0.067107 1.523669 0.973292 -1.018031 0.771276 0.508689 -0.731095 0.083948
0.399790 -0.189376 0.798476 -0.290287 -0.528329 1.448397 1.225164 -0.274048 0.279841 0.106459 -0.163569 -0.504485
0.268769 -0.235726 0.520814 -0.647201 -0.446282 1.431333 1.157543 -0.366894 0.338280 0.175505 -0.253265 -0.277316
0.305788 -0.326881 0.381474 -0.715335 -0.521605 1.345807 1.084819 -0.462750 0.363839 -0.031746 -0.074638 -0.275624
-0.365538 -0.852386 0.833301 -1.057334 0.406764 0.807860 0.852145 -1.395032 0.580360 0.578084 -0.326716 -0.499561
