-0.116690 -0.734614 0.707672 -0.209119 0.422837 -0.349809 0.130876 -1.120242 1.012421 0.480662 0.412989 -0.043177
-1.061179 -0.783246 0.516888 -0.024942 0.070976 -0.656892 -0.724246 -0.477595 0.656178 0.002370 0.100067 0.603829
-0.792946 -0.954110 0.953324 0.283336 -0.090820 -0.862234 -0.902592 0.356515 0.074136 -0.746030 0.055455 0.652130
-0.005817 -0.914133 0.814294 -0.857224 0.181692 0.134458 0.118888 -0.694294 0.188830 0.119032 0.244740 0.332852
-0.094355 -0.945706 -0.036169 -0.617816 -0.414098 -0.292562 0.093920 -0.121270 0.779023 -0.309920 -0.150999 -0.399742
-0.251256 -0.630400 0.365681 0.325053 -0.442799 -0.177792 -0.165539 -0.589253 0.398265 -0.380438 -0.465785 -0.094466
0.022371 -0.839558 -0.023123 -0.457352 0.576991 1.166823 0.193184 -0.311460 0.185670 -0.208944 0.029550 -0.154887
-0.781681 -0.428340 0.108232 -0.013914 -0.317836 -0.564659 -0.005266 -0.207963 0.063752 0.705583 0.259073 -0.343981
-0.535403 -1.112634 0.254138 -0.397118 0.341780 0.230079 0.004549 -0.482677 0.410642 -0.210081 0.262179 -0.118206
-0.581621 -0.757752 0.635570 -0.199598 -0.875037 -0.640929 -0.436819 0.719631 0.600733 0.099606 0.208028 0.101161
-0.438521 -0.223990 -0.380809 0.137554 -0.168448 0.326425 -0.012057 -0.120531 0.317426 0.332647 -0.060552 -0.531574
-0.488702 0.563673 0.138037 -0.025229 0.087829 0.052163 -0.176500 0.167072 0.602873 -0.074146 -0.356385 0.485735
0.325378 -0.438380 0.247692 -0.086629 0.019870 -0.254329 0.518418 -0.654249 0.423434 -0.216877 -0.300044 -0.377735
-0.379402 -1.249981 0.422227 -0.436801 -0.074391 0.025090 0.016980 -0.412963 0.431834 -0.420785 -0.050661 0.049239
-0.571801 -0.814204 1.322437 0.105658 -0.460842 -0.266729 0.074331 0.342323 -0.030021 -0.323164 -0.433337 0.241171
-1.161577 -0.288324 0.185839 -0.921235 0.025031 -1.049545 0.722057 -1.705849 0.469427 0.691836 0.142132 -0.808837
-0.049239 -1.060515 0.219725 0.028962 -0.362469 -0.150335 0.574637 0.062861 0.661211 -0.808226 -0.266224 -0.370091
-0.075818 -0.274823 -0.125667 -0.525325 -0.016347 0.123217 -0.664127 -0.483081 1.098910 -0.205846 0.098669 0.487727
-0.436982 -1.001800 0.017594 -0.474616 0.585748 0.491536 0.415022 -1.067107 0.764004 0.347355 -0.235603 0.181974
0.201865 -0.702976 0.610646 -0.533030 -0.230873 -0.226107 0.136692 -0.298727 0.437647 -0.072476 0.101815 0.070277
1.017151 0.420979 0.920071 -0.983320 -0.269968 -0.893543 0.026551 -0.407198 0.250015 0.270500 -0.134804 -1.155788
-0.361695 -1.551256 0.793763 -0.333492 -0.054742 -0.173748 -0.013044 -0.817713 0.489497 -0.122969 -0.246587 -0.596210
-0.367973 -0.742727 1.140326 -0.040209 -0.244668 0.003575 -0.483891 -0.356824 0.749347 0.173092 0.428930 0.078482
0.598442 -0.580458 1.006836 -0.429586 0.017917 0.268119 0.417971 -0.337153 -0.214504 -0.913878 -0.666296 -0.840215
-0.338332 -0.680918 0.510784 -0.274640 -0.549283 0.341850 0.254211 -0.089165 1.009799 0.516459 0.241673 0.636721
-0.888169 -0.372370 0.770928 -0.218862 0.250356 -0.049632 -0.109511 -0.023717 0.022633 0.651194 0.103375 0.260113
-1.194576 -0.288501 0.629109 -0.358975 0.025596 -0.303716 -0.323976 0.162815 0.713002 0.290795 0.400644 0.551251
-0.021492 -0.322767 0.128938 -0.652719 -0.085927 0.336954 -0.010101 0.049548 0.450446 -0.191744 0.333159 0.380597
0.246840 -0.746144 1.199360 -0.733333 0.600476 -0.103516 0.377945 -0.187865 0.335231 -0.332992 0.446076 0.092782
-1.194666 -0.719591 0.527908 0.479546 -0.371736 -0.696136 -0.584889 0.071132 0.183949 0.471249 0.115222 0.696725
0.566446 -0.751868 0.993210 -0.253897 0.010382 -0.340081 -0.203613 -0.156437 -0.185145 -0.741872 -0.750670 -0.657812
0.030200 0.243550 0.672400 -0.260286 0.792465 0.320281 0.659133 -0.758502 0.468107 -0.463279 -0.001726 0.091465
-0.581657 0.366984 1.265226 0.171016 -0.692637 -0.517233 0.319410 -0.392527 0.590028 -0.558099 -0.602863 0.127888
-0.524232 0.398978 -0.547304 0.014034 0.249169 -0.327786 -0.483305 0.619977 -0.441373 -0.407448 0.194637 -0.607098
0.015539 -0.185355 0.247665 -0.035947 -0.018984 -0.263671 0.572603 -0.534582 0.312510 -0.811180 -0.692841 -0.469545
-0.586552 -0.411201 -0.003421 0.131497 0.834979 -0.873892 0.311114 -0.829540 -0.014119 0.507412 0.129200 -0.035811
-0.007876 -0.920377 1.144386 -0.220461 0.947972 -0.387451 -0.342903 -0.510692 0.337447 -0.319969 -0.836333 -0.402988
-1.609763 -1.230647 0.883579 -0.220628 -0.192460 -0.625525 -0.568820 -0.179883 0.655890 0.440837 1.054986 0.586598
-1.248638 0.241111 0.262059 0.578294 -0.025367 -1.163369 -0.031664 -0.080147 0.989903 -0.667542 -0.052147 0.339435
-0.218637 0.739352 0.933778 0.716754 -0.323569 -0.488352 0.040835 0.668788 -0.190461 0.396352 -0.134589 -0.042724
-0.688642 -0.056853 1.838382 -0.680373 -0.250467 -1.045713 -0.191937 -0.505772 0.245310 0.800520 -0.158584 -0.514942
0.723716 -0.739957 1.153303 -0.438309 -0.006578 -0.158607 -0.089745 -0.051249 0.671543 -0.328155 -0.071330 0.162263
-0.423670 -0.759915 -0.275745 -0.401515 -0.167858 -0.122595 0.288819 -0.179881 0.932795 -0.266038 -0.074219 -0.126905
-0.218713 -1.171529 0.411327 -0.336728 0.113573 -0.047175 0.069641 -0.111409 0.706584 -0.946508 -0.035323 0.374708
0.114917 -0.958434 0.365354 -0.756966 0.093618 -0.074351 0.244660 -0.146097 0.414541 -0.279581 -0.753224 0.112669
0.399208 -0.833256 0.704496 -0.701587 0.416733 -0.419673 -0.040087 -0.789508 0.455879 0.126456 0.356704 -0.151966
-0.904792 -0.619399 0.160341 -0.841576 -0.586748 -0.109899 -0.276917 -0.216087 0.993186 -0.364436 -0.153989 -0.011219
0.112092 -0.625228 0.825359 -0.431454 0.132140 -0.400551 -0.322532 -0.467680 0.543625 -0.061430 0.187104 0.151789
-0.291074 -0.258512 0.405977 -0.163951 0.663768 -0.382849 -0.216046 -0.747332 1.197131 -0.369904 -0.098156 0.392464
-0.446661 0.062955 1.252640 -1.431946 0.151690 -0.744574 0.041650 -1.394273 0.646186 0.619326 0.811291 -0.592128
0.460924 -0.599807 0.844834 -0.789485 0.779787 -0.241308 -0.129277 -0.327384 0.675718 -0.603332 -0.146887 -0.071115
-0.037671 -0.592009 1.090701 -0.359671 0.291295 -0.484609 -0.301934 -0.184099 0.765261 -0.615896 -0.047043 0.344615
-0.628717 -0.885938 -0.019532 -0.351711 -0.441265 0.354959 -0.029003 0.362058 0.633974 -0.496961 -0.264139 0.169077
0.521049 -0.687655 0.619854 -0.665787 0.638068 0.051297 -0.045507 -0.622659 0.296573 -0.210226 -0.100707 0.091594
-1.649464 0.255662 0.956878 -1.372632 -0.656714 -0.357880 -0.466050 -0.921667 0.324143 0.089035 0.003377 -0.203920
-1.531591 -0.585839 0.945682 -0.365095 -0.331473 -0.932030 -0.805455 -0.468519 0.561750 0.166115 0.913290 0.635148
0.049287 -0.597920 0.452272 -0.392892 -0.115021 0.703311 0.258014 -0.811696 0.771760 -0.110751 0.077729 -0.427197
-0.799211 -0.793249 0.376745 -0.738180 -0.562361 -0.039650 -0.390049 -0.147747 1.058256 0.244177 -0.584079 -0.124920
0.648236 -1.017019 0.845433 -0.527354 0.069645 -0.734751 -0.201820 -0.547780 0.545232 0.466284 0.298067 -0.088423
0.021554 -1.354096 0.910255 -0.382221 0.119002 -0.394711 -0.217743 -0.146697 0.444033 -0.350931 0.475850 -0.405068
-0.491728 -0.620351 1.513878 -0.267657 -0.116378 -0.866907 0.265747 -0.994578 -0.103691 -0.100428 -0.579690 -0.403862
-0.091983 -0.592764 1.498471 -0.786335 -0.046862 -0.870882 -0.466296 -0.616681 0.984251 0.174586 0.800358 -0.324154
0.071550 0.082261 0.031194 -1.035942 0.073627 0.113372 0.463861 -0.702451 0.716408 -0.075357 0.361858 -0.356772
0.761522 -1.173906 0.710078 -0.494920 -0.426405 0.534247 0.165811 -0.074873 0.538461 -0.115698 -0.431751 -0.470831
-0.131238 0.211243 0.139139 -0.037646 -0.446337 -0.691340 -0.254484 -0.021169 0.920581 -0.934873 -0.306959 -0.340605
-0.262639 -0.613113 0.355586 -1.062253 0.092766 -1.011258 -0.073759 -1.314299 1.055683 0.920334 -0.214048 -0.715371
0.378591 -0.615732 0.409723 0.039248 0.179189 0.481673 0.089840 -0.690156 -0.087356 -0.438785 -0.073401 -0.566557
0.132486 0.079788 -0.200548 -0.491585 0.038548 -0.602128 -0.902818 0.219854 0.544286 -0.485195 -0.258705 0.127941
-1.285847 -0.501826 0.438553 -0.572655 -0.268980 -0.756293 -0.479961 -0.676430 0.447180 0.603695 0.725817 -0.215785
-0.183599 -0.851781 -0.294366 -0.490116 0.121036 -0.194626 -0.128900 -0.767065 0.620778 0.094168 0.097275 0.278590
0.076000 -0.203169 1.439113 -0.151957 -0.066204 -1.287999 0.446734 -0.622054 0.421641 0.008084 0.282607 -1.008269
1.017151 0.420979 0.920071 -0.983320 -0.269968 -0.893543 0.026551 -0.407198 0.250015 0.270500 -0.134804 -1.155788
0.400170 -0.414833 1.562570 -0.893595 0.316197 -0.458657 0.222145 -0.782936 -0.232080 -0.414428 -0.270185 -0.528277
0.194245 -0.421516 1.432016 -0.169992 0.123172 -0.682558 0.383003 -0.309333 0.222536 -0.105096 0.025540 -0.448177
-0.584532 -0.296415 0.068699 0.001440 0.018249 -0.157591 0.772682 -0.579430 1.040008 0.536450 0.769371 0.234643
-1.043639 0.992038 1.513450 -0.434141 -0.546650 -1.063174 -0.428156 -0.462893 0.927545 -0.116859 0.436598 -0.227136
-0.704771 0.219944 1.194462 0.016663 0.084253 0.045013 -0.270055 -0.129362 0.790540 0.643483 0.407223 0.586769
0.624794 -0.216798 1.258703 -0.496469 -0.047521 -0.396778 0.502659 -1.323367 -0.370203 0.292893 -0.318080 -0.539641
-0.561304 -0.243792 1.345146 -1.448905 0.003085 -0.338802 -0.712899 -0.784202 1.288439 1.291967 -0.040284 0.510544
-0.145105 0.190103 0.901124 -0.165416 0.616959 -0.485318 0.260122 -0.481022 0.192983 0.131707 0.218757 -0.004408
-0.936466 0.061572 -0.028735 -0.401289 -0.285169 -0.430159 -0.584286 -0.071075 0.047887 0.598519 0.077358 -0.030768
0.183031 0.114050 -0.282593 0.015497 -0.035190 -0.499659 -0.459831 0.328644 0.141199 0.843216 -0.350001 0.078115
-1.234672 -0.210193 0.556421 -0.867769 -0.365781 -0.695559 -0.485297 -0.402342 0.325278 0.525885 0.140729 -0.462034
0.139524 -0.468087 -0.335393 0.336416 -0.198173 0.162011 0.202331 -0.545272 1.090243 -0.496506 -0.084589 0.313788
-0.240083 -0.631100 -0.109520 -0.830793 -0.097917 0.421665 0.546663 -0.653584 0.914616 0.113173 0.132935 0.048555
-0.479715 -0.527096 0.600553 -0.831840 -0.135554 0.154012 -0.125487 -0.348309 0.134829 0.454782 0.514735 0.516971
-0.118664 -0.985312 0.819255 -0.713692 0.432712 -0.335719 0.243082 -1.363420 0.469827 0.245637 0.584692 -0.255610
-0.916702 -0.338377 0.268343 -0.273629 -0.190540 0.169503 0.079568 -0.616801 0.728480 0.288791 -0.538622 -0.778157
-0.775384 0.299126 0.876383 -1.047319 -0.046178 -0.982934 -0.415520 -0.900987 0.657861 1.388182 0.515241 0.524666
-1.233621 0.283918 1.049120 -0.250722 -0.939761 -0.948954 -0.519991 -0.508762 0.535320 0.503870 0.220285 0.796336
-0.988948 -0.801005 -0.179349 -0.893134 -0.114756 -0.409400 0.027165 -0.794909 1.216285 0.538111 -0.025511 0.121247
-0.984864 0.329162 0.846911 -0.336946 -0.547777 -0.711930 -0.351404 -0.482972 0.472509 0.368941 0.537151 0.676627
-0.733592 -0.212630 -0.212013 -0.502181 -0.472273 -0.573989 -0.523014 -0.456253 -0.433690 0.323009 0.186442 -0.548969
-0.219716 0.275952 0.501830 -0.063019 -0.088361 -0.877185 0.933967 -0.664671 0.316629 -0.079786 -0.148800 -0.642290
-1.074293 -0.329056 0.945579 -0.507465 -1.034427 -0.755545 -0.526235 -0.962722 0.757031 -0.086251 0.249674 0.283765
-0.479675 -0.347624 1.030386 -0.315260 -0.404184 0.085867 -0.094946 0.024271 0.539878 0.424620 0.359392 -0.180672
-0.567522 -0.450179 0.441548 -1.022620 -0.308219 -0.813634 -0.080354 -0.233905 0.618238 0.761321 0.459734 0.237842
-0.019661 -0.425563 0.354995 -0.798820 0.844206 -0.310109 0.185298 -0.837762 0.691374 -0.613312 -0.002217 0.468265
0.225221 -0.662755 -0.031696 0.167933 -0.521351 -0.190570 -0.120816 -0.132191 0.486365 0.188338 -0.303720 -0.317417
-0.710460 -1.159556 -0.362801 -0.108702 0.900637 0.232828 0.379854 -0.886180 0.694648 -0.089926 -0.162674 0.437243
-0.209778 -0.223182 0.029029 -0.889617 0.337897 0.543973 0.348565 -0.150859 0.418636 0.260208 -0.612341 -0.597485
-0.282010 -0.031068 0.021058 -0.594117 0.230378 -0.122795 -0.211280 -0.189074 0.287441 0.565299 -0.383468 -0.341242
0.580909 0.029353 -0.383287 -0.281191 0.076398 -0.940703 0.154845 0.074346 0.670020 -0.084199 -0.113215 0.541775
0.342847 -0.403767 0.072583 -0.438825 0.205963 0.411246 -0.094580 -0.319357 0.642914 -0.062554 -0.277786 0.106142
-0.082138 -0.228638 -0.021600 0.062835 0.633974 -0.733783 1.007870 -0.595530 -0.068044 -0.474097 -0.234720 -0.600936
1.129605 0.163179 -0.369132 -0.933560 0.400260 -0.849369 -0.021742 -0.562927 0.321083 -0.095319 -0.658308 0.097476
0.321917 -1.625986 0.451957 0.348311 0.366978 0.145246 0.452633 -0.985518 0.431888 0.478730 0.147926 -0.032009
0.247391 0.301940 0.025231 -0.740454 0.221695 0.378480 0.002059 -0.080653 0.847963 0.156605 0.003431 0.641774
0.378591 -0.615732 0.409723 0.039248 0.179189 0.481673 0.089840 -0.690156 -0.087356 -0.438785 -0.073401 -0.566557
-0.285931 -0.539007 0.152737 -0.516479 -0.074008 -0.601412 -0.796592 -0.245349 1.238855 -0.079517 0.101591 1.459542
0.080518 -0.659668 0.607509 0.497031 -0.170043 0.438984 0.098084 -0.187244 0.703353 0.404522 0.305457 0.019343
-0.390657 -0.548203 0.379798 -0.006451 -0.124039 0.096901 -0.236489 -0.279411 0.650452 0.062346 -0.278758 0.044322
0.024990 -0.303764 0.197362 0.013070 -0.093177 0.021182 -0.049775 -0.357612 1.075210 -0.461702 0.238568 -0.002216
-0.130737 0.420204 -0.275703 -0.246720 -0.141276 0.517593 -0.132432 0.450680 0.055323 0.979278 -0.461341 -0.025358
-0.573766 0.143121 0.532744 0.205957 0.380038 0.077244 0.035132 -0.516023 0.025661 0.681251 -0.007740 -0.268567
-0.126958 -0.404102 0.892454 0.086616 -0.531249 0.370816 0.224890 0.369475 0.549063 -0.128967 0.351135 0.120501
0.170127 -0.648026 1.073303 -0.536448 0.181426 -0.142074 0.145881 -0.893686 0.592864 -0.612577 -0.232544 -0.441989
-0.160315 -1.034380 -0.068367 0.333783 -0.242728 -0.095229 0.520717 -0.560999 0.634372 -0.656810 -0.002255 0.005997
0.119962 -0.609762 1.140696 -0.873664 0.507908 -0.329851 -0.152615 -0.478341 0.124115 0.429716 0.684359 -0.273207
-0.495415 -1.618703 0.550454 -0.634475 0.307266 -0.146217 0.593928 -0.693435 0.521830 -0.666270 -0.144889 -0.542357
0.181642 -0.340754 1.512827 -1.071937 0.321248 -0.021500 -0.279777 -0.499590 0.577695 -0.253031 0.066330 0.060486
0.167295 -1.252846 1.216306 -0.163152 0.091975 -0.409703 0.496381 -0.401155 0.117068 -0.502494 0.249035 -0.335315
-0.055980 -1.059442 1.487955 -0.542584 0.524665 -0.623198 0.064727 -0.744665 0.408954 0.074188 0.387313 -0.789583
0.202246 -0.838738 0.938309 -0.650074 0.226395 -0.350226 0.425743 -0.950802 0.424091 0.352362 -0.118643 -0.315068
0.089320 -0.498790 1.412563 -0.361861 0.490584 0.017265 -0.123229 -0.816617 0.505781 -0.086982 0.519135 0.314029
-0.058917 -0.643712 0.390010 -0.817329 -0.437118 1.324263 1.148614 -0.840615 0.781599 0.124614 -0.108923 -0.030382
0.074442 -1.011679 0.210883 -0.700768 -0.143121 1.406268 1.001987 -0.791011 0.685181 0.384314 -0.216623 0.005685
0.186479 -0.560494 0.463597 -0.667521 -0.456189 1.410248 1.233357 -0.580024 0.478063 0.079216 -0.306656 -0.108533
-0.021955 -0.731176 0.732240 -0.122498 -0.027294 1.541434 1.037178 -0.628447 0.630579 0.837613 -0.491615 -0.573810
0.341869 -0.540363 0.706529 -0.039829 -0.130710 1.542684 1.061624 -0.204800 0.205211 0.374311 -0.261922 -0.518133
0.091554 -0.429220 0.374760 -0.976738 -0.449466 1.363095 1.221427 -0.573514 0.644996 0.017018 -0.352325 0.087063
0.102449 -0.634515 0.445117 -0.761258 -0.220110 1.514599 0.850369 -0.316116 0.394453 0.027387 -0.387630 0.005249
-0.129772 -0.313690 0.919770 -0.020145 -0.371050 1.558275 1.004611 -0.657973 0.675620 0.537377 -0.401644 -0.626851
0.341486 -0.000026 0.746032 -0.477088 -0.562211 1.401072 1.344029 -0.443996 0.423364 0.253752 -0.194800 -0.433432
0.085513 -0.907691 0.179075 -0.643927 -0.346833 1.306827 0.895554 -0.668810 0.544048 0.047237 -0.087714 0.008850
0.128220 -0.531494 0.309558 -0.983530 -0.432144 1.153122 1.038343 -0.549800 0.478718 0.104816 -0.091506 0.007845
0.138879 -0.363439 0.469565 -0.745212 -0.656637 1.257668 1.225946 -0.500280 0.503813 -0.121037 -0.226381 -0.036821
0.252423 -0.322006 0.694809 -0.412574 -0.544628 1.406154 1.262488 -0.485583 0.478404 0.121575 -0.170715 -0.364140
0.140923 -0.986706 0.501285 -0.340591 -0.124920 1.432955 1.039686 -0.621461 0.530602 0.357909 -0.346892 -0.218218
0.138065 0.005866 0.843013 -0.631522 -0.491200 1.529007 1.285527 -0.530600 0.510200 0.334306 -0.429413 -0.259809
0.109681 -0.401801 0.773096 -0.398789 -0.257248 1.666302 1.274639 -0.571529 0.451841 0.595331 -0.582474 -0.398968
0.353795 0.045819 0.999455 -0.523264 -0.585328 1.529386 1.352083 -0.446976 0.335290 0.240050 -0.231323 -0.594277
0.293805 -0.003859 0.926807 -0.771429 -0.549110 1.510379 1.205207 -0.394827 0.304387 0.309782 -0.376530 -0.540924
0.176801 0.525716 1.101225 -0.326228 -0.534267 1.344437 1.260182 -0.154381 0.155212 0.428526 -0.413502 -0.724153
-0.117493 -0.846898 0.764748 -1.451467 -0.106366 0.436579 0.722224 -1.181091 1.253253 0.047989 -0.074655 0.168810
0.080699 -0.072706 0.577955 0.206074 -0.111246 1.401587 1.045454 0.149195 0.459503 0.585210 -0.324306 -0.488873
0.515156 -0.006206 0.403997 -0.132210 -0.417200 1.194033 0.950198 0.148139 0.755800 0.329425 -0.796924 0.017042
0.166152 0.246358 1.048443 -0.462685 -0.550994 1.441595 1.267688 -0.408581 0.312933 0.265642 -0.274432 -0.602045
0.132525 -0.220600 0.316900 -0.569659 0.085331 1.140172 1.041733 0.467374 0.311386 0.253220 -0.328221 -0.678339
0.079399 -0.197372 0.534196 -0.965437 -0.537679 1.270860 1.224014 -0.871126 0.688166 0.084222 -0.128449 -0.243568
0.228389 -0.368896 0.782366 -0.277332 -0.368259 1.567705 1.245137 -0.551691 0.435848 0.460293 -0.351886 -0.488614
0.236273 -0.028339 0.782742 -0.381766 -0.589966 1.364739 1.285509 -0.360946 0.445493 0.136292 -0.198177 -0.460502
0.497587 0.403685 0.776319 -0.935786 -0.793989 0.339948 0.625388 -0.690455 0.896825 0.149774 -0.401017 0.308253
0.152831 -0.242982 0.746946 -0.688545 -0.510912 1.370134 1.178576 -0.525475 0.405204 0.134341 -0.417949 -0.828160
0.210434 0.384709 1.069941 -0.455827 -0.603175 1.434568 1.221505 -0.198195 0.230017 0.322605 -0.352698 -0.676852
