-0.334173 -0.663544 0.320282 -0.078192 0.127196 0.040136 -0.323751 -0.562297 0.712612 -0.021418 0.031233 -0.094446
-0.390381 -0.246290 1.020722 -0.962014 -0.397989 -0.261019 -0.367009 0.218770 0.048890 0.165341 -0.059530 0.376032
-1.416052 0.172488 0.578070 -0.847679 -0.847809 -0.788653 -0.377842 -0.119409 0.877509 0.230366 0.438079 -0.050497
-0.608156 0.483095 0.514364 -0.553615 -0.450887 -0.227626 -0.680107 0.648076 0.965934 0.076141 -0.056137 0.243331
-0.450115 -1.007444 -0.269643 -0.227764 0.823145 0.125265 0.370252 -0.408856 0.403467 -0.303645 -0.631642 0.092605
-0.984288 -0.164696 0.577369 -0.824079 -0.288784 -0.388974 -0.201247 -0.885712 0.633472 0.216712 0.267306 -0.310661
-1.170131 -0.163533 0.050410 -0.109556 0.054452 -0.538242 -0.369342 -0.124398 0.052887 0.030343 0.015344 -0.072824
-1.396489 -0.275001 0.467289 -0.931608 -0.017329 -0.892985 -0.377709 -0.244731 0.951887 0.704105 0.383766 0.037479
-0.986636 -0.338263 0.508161 -0.599107 -0.639423 -0.216294 -0.019612 -0.089443 0.547291 0.195267 -0.183563 0.079131
-0.645812 -0.010059 0.963209 -0.327450 -0.381340 -0.339823 -0.234971 -0.616552 1.135435 0.018362 -0.239460 0.151828
-0.773174 -1.131673 0.294851 -0.040568 -0.436689 -0.084872 -0.774632 -0.020595 0.925274 -0.308284 -0.036241 0.634827
-0.160480 -0.383841 0.840679 -0.226558 0.460773 0.167877 -0.518576 -0.255104 1.187900 0.141104 0.142660 0.709337
-0.887005 -0.364983 -0.036450 -0.785339 -0.207877 -0.016912 -0.485815 -0.471084 0.397801 0.106855 0.250502 0.075450
-1.062610 -0.128051 1.131972 -0.653307 -0.066327 -0.850221 -0.406209 -0.193693 0.849047 0.506475 0.116654 -0.421234
-0.983077 -0.424838 0.620236 0.102767 -0.053467 -0.261905 0.098936 -0.341887 -0.203660 0.424287 0.056966 -0.100193
-0.068712 -1.174990 0.750317 -0.353886 -0.276387 0.164976 -0.237352 -0.413647 0.684113 0.174557 -0.416305 -0.182939
-0.683654 0.051316 -0.016136 -0.114777 -0.913378 -0.724634 0.167763 -0.073646 0.707478 0.280170 -0.334655 -0.364925
-0.163634 -0.689430 0.204085 -0.389723 -0.201382 -0.399563 -0.124760 -0.347558 1.010346 0.211776 0.057882 -0.667843
-0.129930 -0.689632 0.078395 -0.186064 -0.074355 -0.219417 0.010361 -1.184841 0.984558 0.357824 0.545808 0.458011
-0.317014 -0.641332 0.187377 -0.993544 -0.359425 -0.587725 0.592247 -1.132494 0.475033 -0.350977 -0.056240 -1.087894
-0.764334 -0.998398 0.783857 -0.614772 -0.375066 -0.131046 0.162304 -0.699158 0.809354 -0.360879 -0.327101 -0.418423
-0.095304 -0.945974 -0.316487 -0.145447 -0.272287 -0.476235 -0.045086 -0.734582 0.800578 0.439980 -0.115231 -0.406884
-0.416989 -0.188032 0.184615 -1.086032 -0.386322 -0.306323 -0.095326 -0.887309 0.778848 -0.043404 -0.325433 0.115612
-0.736385 -0.656170 -0.140827 -0.283740 -0.032983 -0.342121 0.276732 -0.020425 1.366048 0.259028 0.287233 0.594295
-0.899724 -0.130142 1.018135 -0.735045 -0.317966 -0.905834 0.277037 -1.414858 0.056819 0.640748 -0.052276 -0.635064
-1.389399 -0.002316 0.697761 -0.906594 -0.784229 -0.438698 -0.610164 -0.544502 1.095429 -0.073754 -0.264338 0.172372
-1.041232 -0.142633 0.468586 -0.587574 0.209685 -0.901299 0.066110 -0.576114 0.338203 0.191399 -0.274500 -0.886829
-0.446974 -0.280538 -0.437396 -0.638024 -0.320029 -0.343903 -0.129143 -0.847840 0.068797 -0.027618 0.527615 -0.495702
0.101996 -0.418027 -0.059983 -0.423896 0.401992 0.015219 -0.162850 -0.389560 0.946608 0.563076 0.028949 -0.128743
-0.941486 -0.150993 0.276610 -0.664584 -0.418547 -0.837694 -0.063713 -0.296068 0.419966 0.153302 0.397834 0.001661
-0.014988 -0.124383 0.701806 -0.767714 -0.108250 0.075594 -0.165603 0.357309 0.775333 0.346930 -0.116773 -0.016137
-0.529455 0.261358 0.287763 -0.069101 -0.185351 -0.421863 0.033885 0.233356 0.036290 0.786798 0.555332 -0.026571
-0.900032 -0.631064 0.088191 -0.291377 -0.053441 -0.153590 -0.132976 -0.780987 0.593444 -0.037654 0.206552 0.228059
-0.548497 0.139624 0.839056 -0.374818 0.025990 -0.733198 0.003390 -0.547173 -0.009878 0.639353 0.579257 -0.408585
-0.818633 -0.288492 0.289647 -0.667909 -0.159135 -0.242917 -0.632461 -0.703203 0.950870 -0.265638 -0.468382 0.058494
-1.230994 -0.323287 0.608841 -0.673294 -0.215047 -0.509035 -0.372834 -0.699796 0.237131 0.696123 0.862652 0.090973
-0.094796 -0.522916 0.660473 -1.000306 -0.002327 0.165087 0.115627 -0.818125 1.068561 0.125270 -0.079539 -0.219915
-0.776198 -0.167130 0.147723 -0.938046 -0.170650 -0.272770 -0.449047 -0.856969 0.660813 0.206190 0.255408 -0.238176
-0.958260 -0.368814 0.416024 -1.203615 -0.051051 -0.584255 0.024087 -0.793263 0.240825 -0.124866 0.116394 -0.036587
-0.348058 -0.487008 -0.033743 -0.531136 0.358514 0.028212 -0.501681 -0.082894 1.254597 0.061556 -0.451200 -0.258126
-0.732936 -0.075876 -0.172176 0.256147 0.319978 -0.671210 -0.162123 -0.120342 -0.095633 0.273677 0.160921 0.128796
-0.704386 -0.214575 0.714011 -0.410430 -0.007721 -0.593177 -0.226043 -0.415279 0.521264 0.592714 0.216400 -0.174968
-0.893301 0.101961 1.012096 -0.173004 -0.111362 -0.499075 0.733488 -0.910857 0.177405 0.284156 0.291277 -0.998796
-0.620507 -0.398942 0.508353 -0.827410 -0.609091 -0.521876 -0.621678 -0.404725 0.835300 -0.025798 -0.217374 -0.383344
-0.317201 -1.246010 -0.277214 -0.474932 0.192556 -0.240554 0.496147 -0.699777 0.955380 -0.336812 -0.676597 -0.395927
-0.984169 0.209890 0.683081 -0.570461 -0.584465 -0.325661 -0.072749 -0.371674 0.218419 -0.057348 0.185462 -0.536532
-0.636462 -1.173049 0.196132 0.126807 -0.159429 -0.409150 0.364099 -0.526692 0.651756 -0.043452 -0.161161 -0.335413
-0.556902 -0.448909 0.632019 -0.623955 -0.478324 -0.118573 -0.094164 -0.438960 0.610623 0.081567 -0.268522 0.012214
-0.876790 -0.030850 0.559773 -0.580829 -0.400289 -0.397794 -0.267256 -0.159787 0.869395 0.415420 -0.021712 0.180751
0.364059 -0.184182 0.987482 -0.554196 0.663175 -0.854362 0.654777 -0.487433 -0.114901 -0.310777 -0.616083 -0.043754
-0.182031 -0.423481 0.149212 -0.748720 0.587906 -0.812361 -0.280620 -1.013314 0.634070 0.660258 -0.099459 -0.382435
0.045102 -0.965625 -0.103040 -0.729463 0.366359 0.420928 0.891585 -1.060416 0.316464 0.020630 -0.076723 -0.453641
-0.497328 -0.127099 0.210102 -1.113000 0.077803 -0.603328 -0.282904 -0.885114 0.688114 0.849204 0.298143 -0.176772
-0.993882 -0.432565 1.204542 -0.589441 -0.073396 -1.248640 0.291447 -0.578643 0.594705 0.585020 -0.298559 -0.262296
-0.407958 0.018159 -0.091916 0.444884 -0.512573 -0.502876 0.427950 -0.120691 0.024220 0.151539 -0.120531 -0.041259
-0.111183 -0.324581 1.014243 -0.235854 -0.803648 -1.129198 0.080229 -0.349420 0.755384 0.247909 0.175278 -0.375780
-0.628157 -0.115322 -0.142705 0.218157 -0.188158 -0.726249 0.053720 -0.156998 0.053237 0.032081 0.373407 0.205851
-0.584939 -0.227343 0.717473 -0.719430 0.175761 -1.402746 0.205275 -1.011310 -0.037154 0.735685 0.558026 -1.049946
-0.533112 -0.045429 0.229115 -0.503683 -0.203675 0.005127 -0.505935 -0.533536 1.061004 0.342487 -0.173286 0.072443
-0.494645 -0.714988 0.265744 -0.254527 -0.148431 -0.116388 0.514968 -1.205002 0.750597 0.106932 -0.028467 -0.481363
-0.107062 -0.902398 0.548333 -1.279769 -0.365904 0.397573 0.241732 -1.359149 0.744548 0.279962 0.187734 -0.429220
-1.114387 -0.254260 0.757324 -0.727496 -0.452297 -0.448096 -0.033496 -0.421459 0.448131 0.751615 0.077116 -0.204906
-0.549207 -0.929033 0.563625 -0.485423 0.194050 -0.303609 -0.012585 0.192343 0.585894 0.092242 0.242179 0.395725
-0.546258 -0.576335 0.495481 0.492343 -0.102567 0.001903 -0.006142 0.124476 0.754776 0.046892 -0.342744 0.352004
-1.042818 0.281799 0.160653 -0.330399 -0.145493 -0.238305 0.624193 -0.504144 0.212208 -0.430356 -0.020948 -0.539819
-0.660429 -1.090430 0.158504 -0.852920 -0.034263 -0.284885 -0.313640 -0.191701 0.437488 0.525564 0.588475 0.182652
-1.019309 -0.151872 0.462061 -0.160349 -0.130765 -0.506989 0.472176 -0.348614 0.272002 0.535149 0.465804 -0.114736
-0.864969 -0.277075 -0.125735 -0.535665 -0.323110 -0.100588 0.290662 -0.644155 0.261176 0.486938 0.190121 -0.938259
-0.353974 -0.602717 -0.025344 -0.481367 0.037676 0.521936 0.004208 -1.328543 0.639477 0.747118 -0.307986 0.107433
-0.583141 -0.793894 -0.356127 -0.285508 -0.229587 -0.280775 0.316245 -0.240727 0.599651 0.646461 0.117047 -0.217479
-0.138882 -0.292113 0.443693 -0.342262 -0.556491 -0.054015 -0.097396 0.257829 0.498033 1.151467 -0.589214 0.031233
-0.855147 -0.992811 0.342527 -0.036088 -0.331600 -0.332291 -0.066407 0.137227 0.965716 0.146117 -0.008734 0.466761
-0.362179 -0.525453 0.933498 -1.451534 -0.554996 -0.521238 -0.530480 -0.074843 0.947180 0.550382 0.487003 0.551769
-0.452215 -0.610178 1.247165 -0.051981 0.259027 -0.690289 -0.613988 -0.285013 0.540577 -0.477470 0.173167 0.111237
-0.213089 -0.241746 1.611784 -0.451122 0.650691 -0.476405 -0.031119 -0.425000 0.514158 -0.005445 -0.219302 0.069810
0.175141 -0.477104 0.698752 -1.132003 0.625932 -0.409169 0.753077 -0.887825 -0.310200 0.145755 -0.144232 -0.577258
0.039615 -0.094339 0.177369 -0.372778 0.873755 -0.441539 0.340963 -0.172939 0.526464 0.358295 -0.351842 -0.950408
-0.405812 -0.844390 0.650980 -1.145528 0.424427 -0.454537 0.378491 -0.998666 1.073914 0.268884 0.211774 0.168647
-0.668106 -0.485038 1.171967 -0.767933 -0.060466 -0.056853 -0.354272 -0.609126 0.527510 0.034980 -0.053128 0.366287
-0.146574 -1.111080 0.242722 -0.723514 0.592601 -0.010554 0.279720 -1.118946 0.666497 0.442534 0.748159 -0.002068
0.326953 -0.892468 0.449354 -0.169212 0.382232 -0.972496 0.192949 -0.773497 0.998195 0.195736 0.427157 -0.191856
0.134219 -0.907775 -0.018166 -0.750503 -0.039991 -0.312344 0.463770 -0.228811 0.668095 0.151763 -0.557078 -0.169099
0.555380 -0.664982 0.811016 0.053833 0.303179 -0.210587 0.824635 -0.374642 0.012077 -0.664839 -0.620513 -0.266192
0.330922 -1.121579 0.884104 -0.926573 -0.056507 0.019838 0.035616 -0.041738 0.204525 -0.506574 -0.249422 0.070510
-0.586473 -0.188136 0.321624 -0.619721 -0.953343 -0.672332 -0.143485 -0.553424 0.695014 0.607117 -0.051178 -0.164635
-0.232085 -0.339046 1.232346 -0.976196 0.508984 -0.357502 0.714223 -1.310903 0.156446 0.281409 0.613091 -0.546164
-0.370412 -0.686069 0.759241 -0.985398 0.485444 -0.755135 0.371863 -1.276524 0.957340 0.150351 -0.149278 -0.038339
-0.188909 -0.580610 0.366820 -0.665736 0.518256 -0.396449 0.107673 -1.111707 0.891304 -0.150261 -0.301922 0.342182
0.343606 -0.748114 0.497980 -0.582286 0.991074 -0.716498 -0.042319 -0.663251 0.634434 0.289649 0.172689 -0.096970
0.257980 -0.527593 1.313213 -0.622335 0.056301 -0.243614 0.189083 -0.091763 0.485878 -0.318720 0.187179 0.176804
-0.350426 -0.816016 1.054291 -0.624941 0.348434 -0.033557 0.286630 -0.375493 0.461294 -0.427031 0.189012 0.096281
-0.554068 -0.568956 0.629320 -0.139493 0.336174 0.579688 0.233430 -0.842461 0.342830 -0.034671 -0.321658 -0.307844
0.023116 -1.197642 0.771853 0.218226 -0.132376 -0.041443 -0.050217 0.085214 0.323940 -0.421960 -0.259460 -0.515550
-0.859081 -0.447161 0.642213 -0.148350 -0.588256 -0.426170 -0.349248 0.152079 0.454300 0.613110 0.210940 0.859030
-0.000046 -1.053594 1.463505 -0.559171 0.092537 -0.161019 0.804370 -0.888110 0.641980 0.258676 0.725698 -0.199286
0.260092 -1.137041 1.004928 -0.957597 -0.162269 0.309764 -0.356370 -0.087201 0.611398 -0.700411 0.155287 -0.101531
-0.569517 0.196845 1.012255 -0.252288 -0.632216 0.072052 0.198461 -0.133536 0.192324 -0.187464 0.057644 0.392721
-0.549337 -0.428196 0.897892 -0.180796 -0.088306 0.673764 -0.206230 -0.686839 1.392734 0.298204 -0.381269 0.585086
-0.405812 -0.844390 0.650980 -1.145528 0.424427 -0.454537 0.378491 -0.998666 1.073914 0.268884 0.211774 0.168647
-0.403888 0.145119 0.529249 -0.577839 0.232654 -0.645799 0.251838 -0.558946 0.700675 0.405704 0.084127 -0.259005
-0.580245 -0.567734 0.297607 -0.398459 -0.072567 -0.014594 -0.538475 0.331654 0.863772 0.536868 -0.094731 0.482236
-0.083439 -0.284613 0.104386 -0.498002 -0.016612 -0.163945 0.129204 -0.953459 -0.247191 -0.292528 -0.031306 -0.940107
-1.267147 0.042065 0.285290 -1.014942 -0.715318 -0.318900 -0.881009 -0.076462 0.476313 0.805988 0.516058 0.322265
-0.732936 -0.075876 -0.172176 0.256147 0.319978 -0.671210 -0.162123 -0.120342 -0.095633 0.273677 0.160921 0.128796
-0.823454 0.302614 0.972701 -0.750645 -0.656120 -0.313450 -0.006031 -0.218690 0.130949 0.209833 0.137495 -0.456752
-0.536033 0.288283 0.379577 -0.718289 -0.629391 -0.138728 0.087690 -0.016696 0.328739 0.348108 -0.075227 0.168485
-0.185607 -0.272927 1.175804 -0.591779 0.020099 -0.252156 -0.251903 -0.954482 0.453759 0.151953 -0.208467 0.126131
0.034277 0.354694 -0.007290 -0.750080 -0.473992 0.007595 -0.566129 0.462914 0.558515 0.898348 -0.672915 0.256095
-0.541290 -0.192640 0.501903 -0.504603 -0.388124 -0.016619 0.050378 -0.321084 0.610426 -0.102073 -0.071652 0.060953
-0.585564 -0.471392 1.004136 0.230527 -0.281971 0.244891 -0.232506 0.239199 0.685633 -0.414006 0.262070 -0.237654
-0.263307 -1.137175 0.645788 -0.157789 -0.216507 0.432030 -0.185972 0.183651 0.667549 -0.027530 0.065624 0.558491
0.176687 -1.177138 0.418492 0.375413 0.140277 0.777228 0.108248 0.281922 0.774264 -0.533518 -0.476483 0.248732
-0.241243 -0.200064 0.732273 0.103807 -0.591026 -0.952571 0.081088 0.578707 0.026525 -0.022080 -0.205802 -0.405430
-1.002401 -0.138857 1.072888 -0.388298 -0.619093 -0.701206 0.033535 -0.660089 0.613169 0.388921 0.454453 0.691028
-0.443695 0.070333 0.890722 -0.580873 -0.187861 -0.974151 -0.283953 -0.090161 0.149721 0.685439 -0.446406 -0.323455
-1.097167 -0.207478 0.107959 -0.797106 -0.529165 -0.090671 0.030799 -0.717065 0.388371 0.606577 -0.235439 -0.579437
-0.851448 -0.476445 0.130330 0.351002 -0.201760 -0.394525 0.130661 -0.005429 0.856048 -0.253969 0.043967 0.416318
-0.668547 -0.864822 1.183210 -0.044823 -0.627350 0.450683 0.453363 -0.538213 0.629826 0.146922 -0.946990 -0.576205
-1.062581 -0.795732 0.773626 -0.470937 -0.012407 -0.933730 -0.556575 -1.069558 0.806975 0.868489 0.358224 -0.205688
-0.483853 0.238718 0.420438 -0.623717 -0.390683 0.085607 -0.001557 -0.017363 0.363578 -0.367105 0.021854 0.086931
0.272818 -0.494161 0.520853 -0.691729 -0.121021 1.018982 1.320775 -1.043284 1.158024 -0.051929 -0.389383 -0.400469
0.076889 -0.254011 0.893307 -0.244606 -0.323906 1.325727 1.134036 -0.638552 0.379699 0.719235 -0.130778 -0.727621
-0.046336 -0.454509 0.614132 -0.791319 -0.486304 1.192250 1.218472 -0.528920 0.605808 -0.126147 -0.013601 0.182614
0.139205 0.213185 0.700572 -0.702522 -0.772627 1.082537 1.300337 -0.519320 0.405241 -0.028144 -0.090113 -0.422186
0.261309 0.226037 0.961112 -0.470974 -0.596091 1.436475 1.181419 -0.171788 0.220838 0.151026 -0.364915 -0.557307
0.270652 -0.161687 0.532670 -0.338466 -0.412581 0.980908 1.383727 0.061261 0.125754 0.402754 -0.069202 -0.706972
0.483928 -0.280238 0.526610 -0.264822 -0.605759 1.146892 1.332336 -0.339511 0.352382 0.609841 -0.006283 -0.487115
0.061573 -0.233351 0.396126 -0.874540 -0.273961 1.350770 1.090070 -0.605821 0.586022 0.434688 -0.067986 -0.370807
-0.180986 -0.769557 0.902743 -0.345251 0.017442 1.011955 1.070229 -1.064834 0.689598 0.094402 -0.285206 -0.440323
0.048178 -0.384133 0.552912 -0.767062 -0.482591 1.368590 1.159753 -0.844374 0.573402 0.169363 -0.235302 -0.085252
0.014213 -0.278879 0.417655 -0.691721 -0.700399 1.180610 1.126291 -0.551171 0.507247 0.199829 -0.262853 -0.401717
-0.033382 0.223443 0.371461 -0.888337 -0.696104 1.187630 0.901206 -0.496796 0.269079 0.146482 -0.098341 -0.470677
-0.173487 -0.635050 0.670443 -0.794819 -0.265140 0.694803 0.835089 -0.845531 0.729640 -0.030295 -0.371683 -0.167879
0.036433 -0.365277 0.673887 -0.608241 -0.695921 1.122768 0.897050 -0.614968 0.195865 0.243450 -0.075308 -0.012798
0.310488 -0.670881 0.224286 -0.276407 -0.260288 0.669879 1.237662 -0.222321 1.024967 0.186395 -0.215475 0.227985
0.125387 -0.306743 0.523873 -0.783284 -0.532174 1.353154 1.350286 -0.723731 0.732128 0.185922 -0.280639 -0.053879
0.155655 -0.404769 0.784693 -0.276918 -0.279055 1.585098 1.218363 -0.602625 0.558045 0.602085 -0.358517 -0.516608
0.026894 -0.697163 0.141950 -0.751805 -0.144746 0.699263 0.619191 -1.294440 1.219205 0.379332 -0.271058 0.258991
0.278006 -0.172985 0.835648 -0.698594 -0.496734 1.017736 1.259478 -0.637689 0.115214 0.351373 0.132866 -1.022369
0.250508 0.032671 0.961766 -0.169500 -0.437572 1.479304 1.214711 -0.273769 0.311564 0.376499 -0.379747 -0.652512
0.104202 -0.361971 0.366763 -1.042379 -0.451678 1.186608 1.134941 -0.877747 0.248521 0.308236 0.037466 -0.437950
0.137182 -0.821946 0.391570 -0.508314 -0.001873 1.325472 1.156346 -0.470291 0.678370 0.406781 -0.312627 -0.301827
0.109166 -0.405539 0.675501 -0.503111 -0.491187 1.472675 1.152347 -0.449062 0.480471 0.099415 -0.339713 -0.269202
