0.083387 -0.700073 0.643056 -0.056465 0.118613 0.254735 0.115391 -1.131111 0.987050 -0.303831 0.159627 0.017248
-0.171964 -0.457849 0.533232 0.201479 -0.530981 -0.096453 0.070833 0.364341 0.947424 0.165033 0.340342 0.294556
0.181781 1.233742 1.294203 -0.703645 0.545959 -0.523767 -0.026320 -0.676969 0.313606 0.006472 0.225464 -0.549799
-0.472204 0.902665 0.392127 -1.229984 -0.930317 -1.357970 -0.485444 -0.561865 -0.342620 -0.353701 0.535124 -0.401623
-0.505819 -1.484613 0.127746 0.054807 0.213101 -0.119563 0.226259 -0.276404 0.243649 -0.953493 -0.221988 -0.060133
0.290334 -1.171907 0.053782 0.011821 0.491089 -0.284860 -0.039338 0.337021 0.297446 -1.358355 -0.570158 0.130427
-0.611910 0.007057 1.308410 -0.960929 -0.045202 -1.310744 0.075031 -0.617889 0.057488 0.396705 -0.082123 -0.803626
-0.539273 -0.880709 -0.225627 0.131939 -0.420456 0.070628 0.054270 0.403730 0.343854 -0.270978 -0.287017 0.655567
-1.151230 0.155556 0.411784 -0.765334 -0.116612 -0.016233 -0.083531 -0.737539 -0.235426 -0.219430 -0.100720 -0.476169
0.379871 -1.359180 0.790206 -0.093442 -0.448860 0.171575 0.688586 -0.119583 -0.241118 -0.418727 -0.246206 0.171605
0.180193 -0.233080 1.583393 -0.888124 0.175908 -0.252321 -0.249174 -0.426987 0.396657 0.157273 0.175805 0.200000
-0.846445 -0.315505 0.439609 -0.223577 0.020696 -0.007108 0.505049 -0.360322 0.188960 0.311675 0.113029 -0.754630
0.271902 -0.051859 0.208049 -0.305475 -0.390651 -0.327548 0.140084 0.407853 0.469265 -0.449468 -0.562488 0.337285
-0.728622 0.264344 0.559577 -0.955771 -0.796030 -0.753463 -0.485898 -0.510249 -0.109182 0.282409 -0.278620 -0.017784
0.381211 -0.535109 -0.157772 -0.471411 -0.470725 0.204085 0.232656 -0.709547 1.000215 0.517578 -0.164917 -0.125344
0.084104 -0.588772 0.482383 -0.633655 0.015957 -0.542168 -0.272170 -0.744043 0.122530 0.311521 -0.225983 -0.390185
0.175740 -1.066277 1.177009 -0.927210 0.252600 -0.645196 -0.108119 -0.442534 0.647232 -0.143613 0.077422 -0.175215
-0.897809 -1.352208 0.412068 0.350205 0.017755 -0.436051 -0.984614 0.025996 0.973829 -0.669480 0.627082 1.072211
0.421965 0.272972 0.347863 -0.240788 -0.524227 0.227734 0.312462 0.285395 0.540589 -0.222628 -0.067747 -0.389320
0.274742 -0.532893 -0.245652 -0.270709 0.311153 0.497808 0.445073 -0.431361 0.444285 0.165067 0.528930 0.020246
-0.850237 -1.666131 1.053233 -0.598370 0.704991 0.055438 0.117222 -0.901205 0.020760 0.152537 -0.244332 0.130901
0.253410 -0.394757 0.735619 -0.232893 -0.617849 -0.048558 0.301826 -0.236346 0.408617 0.006428 -0.056403 -0.349884
-0.624770 -0.508485 0.898930 -0.128578 -0.098952 -0.706562 -0.000621 -0.930209 0.346079 0.292443 -0.081404 -0.566187
0.099316 -0.779766 0.741260 -0.551214 -0.428621 0.075588 0.410285 0.018053 0.095504 1.187548 -0.019366 -0.307365
-0.095435 -1.097211 1.166232 -0.043158 -0.440866 0.285482 0.050576 -0.727557 0.512350 -0.040030 -0.098783 0.026618
-0.616854 -0.022544 -0.031330 -0.114796 0.371865 -0.516447 -0.538684 -0.200658 0.978750 0.027718 0.408057 0.228969
-0.157892 -0.785314 0.183188 -0.254311 0.068963 0.032544 -0.407845 -0.229872 0.316831 -0.601898 0.112328 0.488963
-0.019043 -0.949838 -0.020275 -0.890361 0.182178 -0.349357 0.110410 -0.837364 0.309152 -0.158018 0.050890 -0.935523
0.061507 -0.021757 -0.053611 -0.545385 -0.012696 -0.247753 -0.401539 0.049156 0.307151 0.225790 -0.123027 -0.351592
0.154910 -0.845275 1.000360 0.203362 0.201496 -0.058400 0.004691 -0.158696 0.100098 -0.869917 -0.090673 -0.352620
-0.684571 -0.914028 -0.010193 -0.485124 -0.073839 0.153008 -0.005981 -0.895522 0.087266 -0.086312 0.176497 0.218657
-0.575618 -0.826503 0.528596 -0.594416 -0.072559 -0.043003 -0.259227 -0.183563 0.940034 0.744710 0.604018 0.193648
-0.326098 -0.042694 0.767099 0.126733 0.096146 -0.720274 -0.009072 -0.491855 0.244514 -0.064451 0.240152 0.227880
0.470452 -0.891607 0.440502 -0.709859 -0.467483 0.225451 0.306202 -0.040439 0.659454 -0.118510 -0.354708 -0.269240
-0.348319 -1.153221 0.449113 -1.536529 -0.565261 0.498936 0.359556 -0.191625 0.829428 0.121210 0.227234 0.285089
-0.162183 -0.471948 1.284328 -0.785682 0.604832 -0.128958 0.235260 -0.561562 0.446676 -0.404615 -0.097625 0.265164
-0.069630 0.055915 0.323723 -0.242838 -0.000637 0.108962 0.188377 -0.409574 0.045903 -0.506791 0.388300 -0.157397
0.189901 -1.282696 0.166925 -0.111465 0.689358 0.511280 0.126927 -0.613594 0.101461 0.139054 0.374566 0.176446
0.016245 -1.061668 0.265944 0.372405 -0.123727 -0.254947 0.378526 -0.653665 0.654331 -0.740940 0.005075 0.074644
-1.268351 -0.586765 0.237335 -0.987847 0.028288 -0.426322 -0.303951 -0.916881 -0.183262 0.250279 0.606914 -0.118517
0.111121 -0.305564 -0.123658 0.142077 0.560130 0.114881 -0.220309 0.587314 0.545871 0.219088 0.225508 0.072820
-0.728850 -0.219271 0.792322 -0.108904 -0.360350 -0.123031 -0.312147 -0.283450 0.410036 -0.047326 0.506212 0.241669
-0.272439 -0.923584 0.641702 0.097045 -0.022540 0.415397 0.200614 -0.476675 0.638904 -0.603084 0.153603 0.571506
-0.510517 -0.737042 0.156770 -0.300758 -0.141775 -0.569400 0.231045 -0.559575 0.123302 -0.114958 -0.192058 -0.295713
0.425257 -0.510994 0.584646 -0.640121 -0.281308 -0.082503 0.491188 -0.006590 0.241981 -0.482081 0.255571 -0.638960
-0.854886 -1.257962 0.140949 -0.290133 0.638635 0.271874 -0.220200 -0.361255 0.824088 -0.419448 -0.553453 0.339484
-0.365535 -0.705800 1.145277 -0.681239 -0.235448 -0.301222 -0.009721 -0.739851 0.121799 0.594199 0.079705 0.190764
-1.103346 -0.542081 0.627844 -0.497647 -0.342356 0.484977 0.087305 -0.305966 0.760650 -0.675955 0.124239 0.560346
-0.545801 -0.077115 0.137452 0.012846 -0.659194 -0.466790 0.055539 0.374952 0.592488 0.327056 -0.273548 0.078564
-1.177013 -0.516624 0.878843 -0.784950 -0.869766 -0.197694 -0.819911 -0.505953 0.673581 0.752978 0.221156 0.255935
0.382880 -0.925828 -0.164986 0.160126 0.071294 0.857138 0.271287 -0.350812 0.691224 -0.593274 -0.241857 0.371004
0.079589 -1.331030 0.143795 0.137814 0.230076 0.636146 0.588033 -1.000690 0.839643 -0.241290 0.198307 0.269679
-0.740174 0.029136 0.289841 0.902503 -0.168854 -0.676129 0.486984 0.145219 -0.038805 0.139638 0.123965 0.035742
-0.223764 -0.632781 1.271084 -0.751609 0.476646 -0.443129 -0.246762 -0.445053 0.523794 -0.310391 0.200825 0.224876
-0.243271 -0.617818 1.075922 -0.678499 -0.102911 -0.579199 -0.052999 -0.539707 0.252552 0.460173 0.161156 0.061421
-0.458990 -0.905051 1.232635 0.106017 -0.318592 -0.263412 0.474117 -0.420950 0.142194 -0.493344 -0.094816 0.066729
0.150733 0.117504 0.477726 -0.039623 -0.077339 0.135111 0.003274 0.160762 0.454162 -0.162872 -0.198344 -0.701327
0.087851 0.394058 0.039713 -0.897483 0.436198 -0.703820 -0.292936 -0.462627 0.846643 0.461767 0.281032 -0.229787
-0.539708 -0.780793 0.656649 0.141963 -0.821261 -0.183349 -0.244972 -0.412122 0.623620 -0.481081 -0.696949 0.218513
-0.182651 -0.390596 1.027089 0.080198 -0.309308 -0.248724 -0.315329 -0.120039 0.560350 -0.694115 -0.016399 -0.067421
0.461885 -0.232598 1.307880 0.108406 0.742742 -0.114435 0.140449 -0.497741 0.205163 -0.608241 0.000150 -0.251053
-0.002277 -1.074549 0.639407 0.261866 -0.258401 0.554413 0.292341 -0.544248 0.859349 -0.191133 -0.513983 -0.287238
-0.062640 -0.068749 0.266069 -0.055652 0.240768 -0.334471 0.208725 -0.475625 0.495134 -0.325932 -1.012246 -0.241033
-0.510407 -1.040056 0.064341 -0.544468 0.074920 0.293226 -0.682446 -0.324979 1.134948 0.631519 0.861270 0.927046
0.100951 -0.693427 0.353779 0.169825 0.075330 -0.121593 -0.704206 0.118209 -0.094119 -0.083709 -0.091188 0.464049
-0.350592 -0.644309 0.507750 0.139559 0.231323 -0.611391 -0.192650 -0.447472 0.256425 0.510881 0.676969 0.326053
-0.551255 -0.116454 0.397880 -0.663872 0.263063 -1.255114 -0.236570 -0.302272 0.605320 0.709930 0.193947 -0.152970
-0.446330 -0.299152 0.909084 0.383441 -0.240494 -0.275469 0.247545 -0.679570 1.394421 -0.171882 -0.792191 -0.499711
-0.366594 -0.490502 0.203947 0.041252 0.159320 -0.472998 -0.587504 0.223659 0.863998 -0.320103 0.107110 0.616076
-0.123813 -1.300425 0.849286 -0.025485 0.139348 0.017336 -0.160822 0.040067 0.539443 -0.735845 0.055932 0.385638
0.099695 -0.246070 0.831838 0.690258 -0.407970 0.144684 0.801837 0.136174 0.398716 -0.222069 -1.421166 0.129133
-0.391783 -1.077780 0.914362 -0.335848 0.136925 0.629582 0.268632 -0.267929 0.874170 -0.173454 -0.073039 -0.102080
0.049349 -0.078763 1.551637 -1.258257 -0.069630 -0.227119 -0.425607 -0.795736 0.756724 -0.062010 0.240150 -0.773603
0.248937 -1.240771 0.203501 -0.866512 -0.330283 0.488281 0.184161 -0.263228 0.506309 -0.211333 0.189632 -0.466358
-0.428173 -0.295392 0.761215 0.097799 -0.005106 0.287114 -0.062633 0.357195 0.900315 -0.147741 -0.436294 0.895860
-0.679892 -0.569142 0.792108 -0.884945 -0.570931 -0.416124 -0.232880 -0.792419 0.698932 1.030642 -0.117315 0.450406
-0.158380 -1.031277 0.661876 -0.108385 0.128730 -0.060228 0.429053 -0.450259 -0.105430 0.047047 0.202692 -0.246958
-0.545156 -0.074121 0.227211 -0.357136 0.706892 -0.010791 -0.578196 -0.290545 0.877281 0.529185 0.442510 1.015282
-0.234090 -1.135570 0.137424 0.227300 0.786280 0.569720 -0.382188 -0.335882 0.741503 -0.072039 0.410761 0.774913
-0.032963 -0.668439 0.186345 0.423370 0.374404 -0.028314 0.416823 -0.157182 0.084349 0.175227 0.349322 -0.187436
0.119714 -0.536523 0.121520 -0.475491 0.052815 0.098268 0.707750 -0.415791 0.313041 -0.729585 -0.792451 -0.023103
0.344688 -0.222162 0.823285 -0.394054 0.188612 0.020722 0.215305 -0.172102 0.625412 -0.410612 -0.688193 -0.017296
-0.003392 -0.847324 -0.194229 -0.097002 -0.402210 -0.452609 0.606034 -0.434857 0.742637 0.393477 -0.139180 -0.198570
0.131201 -0.585240 0.761306 -0.509716 0.557144 -0.840599 0.298756 -0.867448 0.924401 -0.563031 -0.048383 0.139442
0.196982 -0.911651 1.302530 -0.124091 -0.563449 0.467065 0.789590 -0.491126 0.341427 0.388163 0.047776 -0.539398
-0.274081 -0.296618 1.123838 -0.227819 -0.025136 0.260788 0.096882 0.098698 0.225489 -0.143986 -0.009451 -0.511624
-0.746322 -1.147501 0.406487 -0.042962 -0.058030 -0.330119 -0.180756 0.351130 0.296042 -0.462438 -0.355648 0.015025
-0.064181 -0.670419 0.461822 -0.418588 -0.060960 -0.711277 -0.066775 0.361608 0.411944 -0.226503 -0.061087 -0.142858
-0.151850 -0.872847 -0.179128 -0.062881 0.695508 -0.413728 0.034803 -1.083610 0.260004 0.618187 0.482939 -0.044554
-0.882497 -0.887707 0.325044 -0.354380 0.000077 0.008162 -0.204720 -0.728151 0.851334 -0.083187 0.513099 0.537292
0.131554 -0.456930 1.079363 -0.348328 0.348213 0.171574 0.718570 -1.346107 0.148988 -0.467394 0.101478 -0.741054
-0.091020 -0.651032 0.504035 0.191897 -0.223331 -0.379608 -0.239114 -0.027467 0.381070 -0.314949 -0.081032 0.281303
-0.099718 -0.932723 0.494150 0.179909 0.094722 -0.503781 -0.053919 -0.634997 0.957910 -0.316566 0.128896 0.684998
-0.362561 -0.970954 0.189072 0.638199 0.567833 -0.219948 -0.271848 -0.218974 0.640618 -0.633045 -0.129359 0.764646
-0.526179 -0.923883 0.716289 -0.365929 0.378397 -0.317699 -0.308759 -0.960036 0.707059 0.311685 0.495683 0.356105
0.445343 -0.877151 0.561844 -0.020267 -0.054849 -0.006256 0.620437 -0.748608 0.583269 -0.395903 -0.357655 -0.793055
0.019210 -1.035373 0.043662 0.097643 0.814127 0.030369 1.113898 -1.557762 0.648733 -0.324254 0.162222 -0.356689
0.485442 -0.981566 0.526052 0.042670 0.305184 0.443417 -0.153812 -0.154569 0.413705 -0.925954 -0.175755 0.228566
0.077913 -0.809786 0.922847 0.155751 -0.083838 -0.078045 0.244324 -0.554130 -0.068088 -0.984538 -0.035415 0.051502
0.254881 -1.387980 0.235332 -0.052245 0.460145 -0.425503 0.509715 -0.252623 0.196064 -0.418642 -0.021606 -0.624749
-0.149080 -0.186943 1.211613 -1.423309 0.358435 -0.750903 -0.526073 -0.756723 0.530569 0.096243 0.298750 -0.224603
0.037919 -0.507674 1.323891 -1.368723 -0.265468 -0.570746 -0.278190 -0.263272 0.209835 0.142557 -0.111456 -0.317997
0.502999 0.287251 0.436231 -0.600250 0.357614 -0.266568 0.196098 -0.627720 0.283910 0.981445 -0.041037 0.237908
-0.405037 -0.883636 -0.176661 -0.395437 -0.565659 -0.465583 -0.039379 -0.270050 0.481280 -0.219634 0.370473 -0.033596
0.023654 -0.122861 0.683407 -1.023003 -0.810871 1.280590 0.907210 -0.468158 0.640214 0.106923 -0.187666 -0.013959
0.362540 0.190006 0.437007 -0.767326 -0.237529 0.778590 0.408380 -0.129346 0.613894 0.626746 -0.580932 0.165558
0.177234 -0.495031 0.692486 -0.515383 -0.033486 0.758519 0.778457 -0.831906 0.672723 0.166483 -0.233271 -0.437092
0.125099 -0.446814 0.657080 -0.689764 -0.549947 1.463673 1.226243 -0.505531 0.564557 0.070690 -0.257385 -0.149054
0.180001 -0.250337 0.949435 -0.177972 -0.226085 1.583200 1.296767 -0.394721 0.496868 0.563534 -0.444262 -0.556493
-0.312855 -0.250260 0.381124 -1.188592 -0.365314 0.934227 0.434177 -0.947603 0.431594 0.307322 0.457608 -0.488751
-0.501122 -0.679570 0.802467 -0.823478 -0.314402 1.213655 0.891406 -1.141076 0.653567 -0.001966 0.021147 0.009995
0.365510 -0.124664 0.940544 -0.541822 -0.388142 1.177022 1.028521 -0.278189 0.403803 0.185638 -0.090153 -0.362895
-0.337499 -0.832661 0.774904 -0.262353 0.373849 0.636114 0.968486 -0.686677 -0.226843 0.387368 0.019566 -0.197832
0.181072 -0.531465 0.515389 -0.671454 -0.347044 1.509486 1.227921 -0.591851 0.538720 0.224990 -0.275190 -0.173971
0.164689 -0.236770 0.911541 -0.205665 -0.450797 1.416743 1.411767 -0.522826 0.525967 0.626349 -0.252913 -0.612378
0.177840 -0.874709 0.532934 -0.379525 0.060494 1.607983 0.977878 -0.546827 0.515319 0.657919 -0.452935 -0.366555
-0.019698 -0.511504 0.608545 -0.590122 -0.352719 1.354362 1.070594 -0.516752 0.584017 0.584052 -0.218790 -0.523306
0.406153 0.222034 1.095907 -0.461294 -0.590773 1.517104 1.320475 -0.350938 0.220196 0.440901 -0.324105 -0.759286
0.411217 0.050959 0.925365 -0.327481 -0.516784 1.462405 1.195776 -0.176126 0.221222 0.240344 -0.283383 -0.618580
0.400606 -0.072518 0.856382 -0.171677 -0.423871 1.441178 1.153282 -0.145841 0.265659 0.242323 -0.244849 -0.593343
