-0.084796 0.018497 0.516085 -1.227562 0.345548 -0.415330 -0.288626 -0.768228 0.292833 0.194101 0.118463 0.368476
-0.568249 -0.724771 1.278986 -0.588733 0.156417 0.151696 0.226762 -0.510255 0.558485 -0.706958 0.035369 0.341957
0.272645 -0.764194 0.775080 -0.500505 -0.311808 0.015032 0.365596 0.410192 0.464669 -0.558687 -0.103280 -0.612533
-0.273840 -1.142116 0.632910 0.227271 0.181800 -0.504289 -0.492925 0.003705 0.819574 -0.661350 0.382063 0.595842
0.561436 0.013947 0.487002 0.258862 1.303993 -0.095585 1.149498 -0.547725 0.028388 0.065957 -0.029353 0.439043
-0.009741 -0.828730 0.104789 -0.602939 -1.179467 -0.446597 0.501316 -0.354032 1.126190 0.040712 0.072246 0.106272
-0.276032 -0.699251 0.897970 -0.678871 0.024461 0.212474 0.033570 -0.699262 0.676641 -0.360060 0.197210 0.229291
0.805909 -0.890864 0.337574 -0.554630 0.243667 0.073519 0.624292 -0.158080 0.620427 -0.638794 -0.477782 0.101223
-0.365054 -0.009843 0.176013 0.112343 -0.164244 0.061894 0.115432 0.604033 0.497521 -0.077445 -0.610722 -0.603119
0.132494 -1.308219 0.378939 -0.391232 -0.196004 -0.028253 -0.058881 -0.089592 0.751472 -0.637237 -0.625357 0.478494
0.135996 -0.710493 0.847259 -0.412251 0.562205 -0.676709 0.683461 -0.843241 0.222755 0.224770 -0.218112 -0.693824
0.607043 0.029649 1.401646 -0.242275 -0.506894 -0.156098 0.141305 0.358421 0.075963 -0.158524 -0.066389 -0.286348
-0.027390 0.865477 0.734646 0.390461 -0.179972 -0.222719 0.097133 -0.117028 0.257982 -0.158082 0.125724 -0.591001
-0.279572 -0.165132 0.796832 -0.802161 0.039046 -0.408879 -0.212359 -1.208544 0.566029 0.054714 -0.201504 0.141343
-0.694423 -0.747094 1.074225 0.367470 0.476042 0.481617 0.115892 -0.799660 0.945479 -0.629266 0.037232 0.701879
-0.126304 -0.171322 0.933662 -0.376441 -0.018650 -0.057214 -0.029812 0.316371 0.496825 -0.408080 0.418996 -0.707296
0.162510 -0.750401 0.695784 -0.251789 0.466535 0.037582 0.256050 -0.474195 0.669581 -1.034350 -1.214821 -0.106804
0.540382 -0.712999 0.893913 -0.303568 -0.214639 0.708562 0.246227 -0.167781 0.292343 -0.133972 -0.176642 -0.603567
0.236873 -1.087098 0.565463 -0.879392 0.093615 0.140985 -0.261759 -0.441656 0.378849 -0.723258 0.321112 0.043975
0.184646 0.041106 0.783796 0.105028 0.069222 0.653809 0.350993 0.062406 0.526823 -0.362771 0.233307 -0.348653
-0.020259 -1.473206 0.149442 -0.464827 0.046540 -0.040673 0.144849 -0.138006 0.461349 -0.878696 0.169518 -0.083941
-0.202972 -0.719330 0.537434 -0.104813 0.598416 -0.346058 -0.266498 -0.075235 0.918299 -0.738298 0.061264 0.580087
-0.282580 -0.822566 1.282131 -0.302814 -0.352487 0.576036 0.460119 -0.477092 0.349678 -0.637791 -0.197499 -0.054749
0.093289 -1.407507 1.321673 -0.287964 -0.250818 -0.201098 0.238395 -0.609791 0.179342 -0.380808 -0.176627 -0.670861
0.618084 -0.582916 0.995997 -1.153678 0.197458 -0.098367 0.269463 -0.870695 0.199840 -0.100625 -0.072463 -0.470504
0.060111 -1.399204 0.027169 -0.443349 0.171595 0.047232 0.044282 -0.324018 0.442548 -0.889331 0.157471 0.122977
-0.174269 -1.038214 0.063266 0.422981 0.281509 0.016788 0.706300 -0.128434 0.426093 -0.586999 -0.189329 -0.266271
0.363890 -0.596073 1.347049 -0.395667 0.523799 -0.267606 0.022584 -0.435260 0.151602 -0.498328 -0.492577 -0.464927
0.043482 0.029393 1.346834 0.077839 0.075993 -0.575003 0.348206 -0.223306 0.529826 -0.023828 0.494040 -0.356041
0.042627 -1.058274 1.363365 -0.571387 -0.060766 0.361099 0.165782 -0.122875 0.527247 -0.281665 0.178133 -0.438747
0.033355 -1.350095 0.659929 -0.182606 0.233588 0.269803 0.843406 -0.470577 0.213118 -0.399197 -0.127356 -0.099502
0.077470 -1.471338 0.064880 0.195322 0.190746 0.115383 0.452996 -0.303805 0.604781 -0.351512 0.162895 0.204171
0.250579 -1.282376 0.519556 -0.342410 0.758171 0.225929 0.127525 -0.681054 0.580644 -0.666525 -0.185542 0.061742
-0.094465 -0.709868 0.041749 0.074330 -0.372736 0.256131 0.722701 -0.284154 0.360949 0.475933 0.193082 0.018953
-0.443005 -0.345307 0.712341 -0.832613 0.531051 0.151642 0.149804 -0.729290 0.653922 -0.271398 0.406195 0.004091
-0.261325 -0.555800 0.608805 0.148174 -0.412508 -0.788813 0.360341 -0.438064 1.046496 -0.219842 0.348805 -0.755408
-0.128653 -0.546189 0.256896 -0.114134 -0.126542 0.465163 0.538120 -0.770461 -0.077956 -0.234023 -0.086749 -0.634836
0.552210 -0.958127 1.126674 -0.522185 0.105346 -0.174019 0.440866 -0.842772 0.291827 0.164916 -0.008481 -0.297388
-0.116982 -1.355223 -0.202134 -0.898221 -0.199725 0.197171 0.343401 -0.112909 0.736044 0.023216 0.473912 -0.041650
-0.040378 -1.120469 0.152394 -0.386809 0.546397 -0.070868 0.002996 -0.995245 0.820068 -0.133006 0.467436 -0.146584
-0.206307 -0.977973 0.006826 -0.763297 -0.264462 0.181702 0.486091 0.251709 0.827384 -0.683882 -0.194271 0.125985
0.215346 -0.102121 1.157848 -0.064558 0.249093 -0.079823 0.195144 -0.648131 0.163262 -0.108055 -0.542615 0.122078
0.208206 -0.230598 1.356586 -0.117518 0.904652 -0.136355 0.077514 -0.057275 0.109576 -0.320753 -0.016055 -0.272853
0.221797 0.311409 1.217805 -0.336148 0.300972 -0.458661 -0.128609 -1.081285 0.768747 -0.031503 -0.014639 -0.638403
0.062256 -0.798010 0.510035 -0.274012 0.203836 0.725834 0.479915 -0.671374 1.009468 0.047812 -0.104381 0.465955
0.276426 0.426617 0.716314 0.131673 0.840684 -0.454922 0.216384 -0.470876 0.432328 -0.173491 -0.245072 -0.239788
0.346741 -0.588292 0.562509 -0.602851 -0.264595 -0.956327 -0.450319 0.245658 0.745212 -0.693497 -0.041903 -0.585733
-0.132982 -0.243707 0.902614 -0.349711 -0.177333 1.023067 0.895489 -0.829564 1.098875 0.522179 0.021512 -0.058478
-0.723134 -0.151976 -0.160038 -0.314488 0.129987 -0.821895 0.206567 -0.940164 1.180099 0.604634 -0.309402 -0.606329
-0.111844 -1.033134 1.210001 -0.300519 -0.021547 0.238174 -0.124185 -0.298655 0.327566 -0.608924 0.106110 -0.055663
0.036067 -0.332650 1.240264 -0.544146 0.062196 -0.601881 -0.298704 -0.748208 0.210179 -0.286574 -0.100451 -0.365666
0.634688 0.406852 0.888896 -0.739664 0.205183 -0.813983 0.565690 -1.163768 0.023171 0.265376 -0.122777 0.102389
0.490009 -0.466057 0.565543 -0.161859 0.083364 -0.296711 -0.358083 0.530120 0.916111 0.476084 -0.165218 0.225063
0.455145 -0.397681 0.131097 -0.499578 0.398834 -0.259172 -0.271016 0.086402 0.567813 0.016872 0.259341 0.263221
0.002175 0.102379 1.018070 -1.555891 -0.229593 -1.191912 -0.274033 -1.321550 0.360095 0.665362 0.297709 0.033865
0.295456 -1.054513 1.045276 -0.407993 0.383514 -0.061687 0.238465 -0.437482 -0.019754 -1.021077 -0.263018 -0.335997
0.239007 0.291887 1.318553 -0.450563 -0.113915 0.312376 0.488219 -0.095198 0.940411 0.506204 0.454510 -0.118714
0.547682 -0.104718 0.846734 -0.722256 -0.121302 -0.519472 -0.302493 -0.138073 0.205224 0.015786 0.164767 -0.047549
-0.144851 -0.232162 0.653336 -0.774056 0.956706 -0.900444 0.182691 -0.843594 0.450091 -0.261444 -0.109513 0.078781
0.314862 -1.056125 -0.140241 -0.390587 0.574729 -0.280237 0.448227 -0.808185 -0.306927 -0.233049 0.039845 0.351679
-0.135618 -1.011706 -0.136659 -0.377230 0.289684 -0.351890 -0.256580 0.095813 0.458367 0.254650 0.651506 0.074999
-0.181977 -1.205096 0.214282 -0.601987 -0.009655 -0.599049 0.080547 -0.437256 -0.078706 0.251689 0.441728 -0.072656
-0.232571 -1.055811 0.562270 -0.766292 0.324372 0.515039 0.528422 -1.185574 0.075247 -0.023489 -0.055240 -0.573819
0.153421 -0.087590 1.064340 -0.596359 0.912661 -0.590753 0.785824 -0.607262 0.045680 0.138489 -0.018456 -0.210248
-0.023034 -0.411259 1.587475 -0.556058 0.500702 -0.392774 -0.001451 -0.569735 0.229663 -0.281013 0.239816 -0.109335
0.248614 -0.697637 0.479256 0.037863 0.062368 -0.172726 0.778329 -0.150682 0.730884 -0.451075 0.125196 0.066350
0.056209 -0.487887 1.559466 -1.192468 0.145649 -0.658970 -0.178559 -0.570101 0.281548 -0.161924 0.144382 -0.419835
-0.501354 -1.252041 0.336066 0.521278 0.310837 0.075353 -0.563564 0.036418 0.455770 -0.389045 -0.307411 0.686034
-0.673764 -1.216811 0.262895 -0.452379 -0.017673 -0.169421 -0.399409 -0.351572 0.662652 0.097568 0.491372 -0.049202
-0.500611 -0.594852 0.687150 -0.530027 -0.248604 -0.856525 -0.169809 -0.200904 0.318270 -0.316342 0.211265 -0.336535
-0.029389 -0.773848 0.711301 0.263580 0.654124 0.314238 -0.046183 -0.349279 0.540345 0.168125 0.034487 0.037887
-0.424997 -1.126441 0.549693 -0.282946 -0.231378 0.371265 -0.072267 -0.410363 0.329224 0.181367 0.150363 -0.353920
-0.425833 -0.367019 0.837792 -0.168627 -0.667041 0.064738 0.263770 0.320288 0.757837 -0.228537 -0.443950 0.613890
-0.981894 0.179784 0.107617 0.603025 0.138500 -0.734072 0.222085 -1.230060 0.236483 0.326072 -0.489105 -0.267602
-1.169338 -0.284795 -0.350940 0.120949 -0.315186 -0.719336 -0.710899 0.386189 0.184782 0.129328 0.243447 0.126738
-0.878606 -0.888591 0.563232 0.282358 -0.306310 0.023276 0.310027 -0.110393 0.945914 0.128563 -0.125244 0.334921
0.166241 0.784582 0.911414 -0.491960 0.835536 -0.507108 0.010786 -0.913996 0.398398 0.462161 0.388444 -0.452200
-0.662727 -0.662045 0.522665 -0.009069 -0.471667 0.302093 0.357297 -0.557559 0.897016 -0.218213 -0.980713 0.111733
-0.355193 -1.043461 0.071373 0.300940 -0.016433 -0.140565 -0.882296 -0.310856 0.287790 -0.684351 0.242864 0.626730
-0.336971 -1.100104 -0.041502 -0.415619 0.052114 -0.170449 -0.154710 -0.723633 1.013334 -0.174793 -0.483775 0.402403
-0.960330 -0.400015 0.592758 0.203087 0.286590 -0.550532 -0.143787 -0.276821 0.805373 0.215612 0.379755 0.049373
-0.762287 0.077034 1.150617 0.113198 -0.283219 -0.234047 -0.061988 -0.761895 0.716213 -0.266141 0.195341 0.152573
-1.142306 0.235818 0.283818 -0.166174 -0.287725 -1.480593 -0.280344 -0.176264 1.032987 0.040791 0.532701 0.220223
-0.384185 1.125846 0.897668 -1.161729 -0.220651 -0.858128 -0.153706 -1.077682 0.263720 0.953022 0.961073 -1.327290
-0.266759 -0.686419 0.677981 0.287630 -0.177594 0.407193 0.054966 -0.192689 0.211311 -0.533335 -0.010736 0.387256
-0.088133 -1.330931 0.756823 -0.070983 -0.224739 -0.009276 -0.063970 0.234698 0.716515 -1.093539 -0.681479 -0.125110
-1.168792 -0.099660 0.866914 -0.034772 -0.109896 -0.064892 0.136762 -0.522627 0.525556 0.058760 0.057683 0.339347
-0.044846 0.249268 1.136073 -0.889241 -0.023500 0.501425 0.213744 -0.105198 0.549138 -0.459982 -0.039574 -0.507282
-0.264484 -0.940970 0.494756 0.194866 -0.160524 0.313841 0.745489 -0.233570 0.218466 -0.240725 0.415630 -0.023864
0.114772 0.075410 0.319458 0.169253 -0.002793 -0.511839 0.185863 -0.798628 0.241117 0.547565 -0.386597 0.413172
-0.581804 -1.488799 0.653978 -0.347794 -0.202719 -0.151262 0.109003 -0.316844 0.640792 -0.339871 0.427282 0.216877
-0.154698 -1.464368 0.449266 0.024505 -0.216153 -0.329476 0.499458 -0.641535 0.279657 -0.198157 0.107198 0.009147
-0.238305 -1.004984 0.616497 0.503298 0.428769 -0.313396 0.374279 -0.899060 0.254161 -0.176924 -0.532893 -0.221251
0.750992 -0.383946 0.182752 -1.526181 0.093592 -0.020703 -0.983166 -1.294135 1.164742 0.311907 -0.070838 -0.171390
-0.211169 -0.531336 0.283943 -0.773396 0.301815 0.164264 0.606963 -1.567984 0.031508 -0.502551 -0.018918 0.066714
-0.246948 -0.600967 0.150622 0.097051 0.410386 -0.161507 -0.235444 -0.274006 0.419194 -0.060168 -0.470144 0.371634
0.063618 -0.536695 0.385637 -0.474390 -0.347146 0.392549 0.528238 -0.359810 0.118826 -0.010797 0.274916 -0.450927
-0.717028 -0.412278 0.844130 -0.056213 -0.470941 0.078812 -0.096301 -0.088327 0.717908 -0.155610 0.259314 0.111345
0.072991 -0.599977 0.210038 0.036636 -0.075816 0.271171 1.103740 -0.386344 0.417028 0.019126 0.482383 -0.294717
0.387833 -0.517366 0.126832 -1.059205 0.543942 1.015003 0.610595 -0.772175 0.450581 0.376075 -0.312422 -0.465443
-0.355992 -0.545071 0.453290 -0.578388 0.126574 0.709606 0.044243 -0.044825 0.676572 -0.412830 0.306218 -0.222320
0.034336 -0.204512 0.454401 -0.436916 0.398136 -0.297610 -0.582967 0.156934 1.251476 -0.339205 0.515139 0.284920
0.118380 0.099838 0.525844 -0.820565 -0.365486 -0.032257 -0.324587 -0.956341 0.048562 0.652068 0.644359 -0.248497
0.102311 -0.673370 1.080298 0.482514 -0.037992 0.305538 0.244011 0.138485 0.547849 -0.544755 0.380538 0.113980
-0.051290 -0.838548 1.065235 0.811353 0.036980 -0.104990 0.106586 -0.490358 0.179118 -0.166911 -0.158685 -0.162112
-0.079732 -0.985565 1.253573 0.001299 -0.266929 0.213996 0.139778 0.006622 0.313094 -0.393014 -0.232386 -0.199007
-1.156171 -0.221436 0.259997 -0.224784 -0.206812 -1.258285 -0.175775 -0.033627 0.373269 0.171627 0.521098 -0.184808
0.135056 -1.294177 0.406886 0.303138 0.194696 -0.181616 0.143166 -0.632823 0.559506 -0.785852 -0.013232 -0.233804
-0.179317 -1.357005 0.668376 0.582135 0.435767 0.437967 0.379408 -0.937429 0.246131 0.015219 0.158275 -0.003431
-0.766312 0.001625 0.792621 -0.492510 -0.644146 -1.508047 -0.233776 -0.059610 0.634062 0.355491 0.335161 -0.367605
-0.936541 -0.385143 -0.201459 -0.133604 0.021037 -1.042467 -0.090635 -0.519194 0.463924 0.994379 0.431056 0.109196
0.080401 -1.022475 0.459672 0.188697 -0.144544 0.143699 0.214379 0.017445 0.885671 -0.215860 -0.096285 0.545714
-0.747913 -0.196632 0.362555 -0.243992 -0.461925 -0.640309 0.070047 -0.194133 0.204947 -0.453559 0.613818 -0.445104
0.413803 -0.634823 1.162816 -1.080445 0.235383 -0.437207 0.649112 -0.848754 0.083051 0.098090 -0.139805 -0.100997
-0.948198 -0.332360 0.033129 -0.005333 -0.559792 -0.670647 -0.587490 -0.591569 0.412882 0.576355 0.049914 -0.076171
-0.474347 -0.262722 0.437652 -0.029753 -0.546466 -0.192106 -0.395951 0.214238 0.145657 0.235328 -0.236860 -0.144181
-0.842414 0.308443 -0.115630 -0.866000 -0.233312 -0.363411 -1.088142 -0.391096 0.263900 1.106817 0.706434 -0.309278
-1.056156 -0.965062 0.852142 -0.408307 0.079422 0.089363 -0.536858 -0.485301 1.029884 0.177135 0.782429 0.416480
-0.977167 -0.826505 1.004943 -0.121802 -0.104036 -0.167652 -0.415589 -0.513389 0.964199 0.032577 0.919318 0.585083
0.634367 -0.413247 1.242214 -1.307350 0.686387 -0.166187 0.470165 -0.696135 -0.183805 -0.407178 -0.262581 -0.052015
-0.848630 0.077688 0.676822 0.144112 -0.551065 -0.495191 -0.411224 0.123670 0.168377 0.001614 0.648481 0.287063
0.001459 -1.106228 0.002441 0.295192 -0.384990 0.135899 0.470202 0.345684 0.794633 -0.216855 -0.410532 0.173369
-0.410975 0.015011 1.009201 -0.132378 -0.475250 0.483999 0.176669 0.133123 0.591469 -0.119743 0.017782 0.182346
0.455145 -0.397681 0.131097 -0.499578 0.398834 -0.259172 -0.271016 0.086402 0.567813 0.016872 0.259341 0.263221
-0.998550 0.024666 -0.256767 -0.541949 -0.337792 -1.216776 -0.063477 0.226648 0.764782 0.257191 0.346351 -0.013534
-0.759363 -0.310761 0.784793 0.229308 -0.262062 0.003302 0.073585 0.097458 0.689334 0.038220 0.309433 0.017709
-1.051598 -0.436756 0.675793 -0.550832 0.160905 0.126506 0.480282 -0.995575 1.000269 0.133802 -0.795716 -0.155731
-0.678165 -0.568317 -0.006104 -0.854925 1.068429 -0.794729 -0.350560 -0.618824 0.294500 0.748039 0.298515 -0.471401
-0.765925 0.119692 1.017690 -0.497737 -0.456929 -1.240159 -0.357754 -0.664258 0.260766 -0.044808 0.056886 -0.070584
-0.404793 -0.580741 0.282510 -0.094601 -0.005058 -0.723702 0.159057 -0.597602 0.796225 -0.312488 -0.566906 0.570580
-0.594137 -0.497782 0.701749 0.050081 -0.118712 0.082881 -0.220053 0.045517 0.745192 -0.164488 0.510026 0.518115
-0.444392 -0.496597 1.236063 -0.925897 -0.348751 -0.617021 -0.032868 0.028489 0.266181 -0.280193 -0.135432 0.006766
-1.106227 -1.291792 0.954335 -0.313441 -0.423461 0.029091 0.166785 -0.648766 0.605459 0.506485 0.138510 0.115956
0.257729 -0.272392 0.466212 -0.616939 0.568358 -0.369215 0.411347 -0.763502 0.284297 -0.494633 -0.098224 -0.275571
0.342525 -0.614548 1.046043 -0.318576 -0.191771 -0.145591 0.404095 0.157832 0.215003 0.396000 -0.233298 -0.452460
-0.464565 -1.475707 0.075331 -0.530202 0.483818 0.144626 0.080270 -0.307979 0.986298 -0.114169 -0.102498 -0.121505
0.553179 -0.700503 1.021928 -0.769916 0.326560 0.018296 0.308090 -0.552306 0.048834 -0.579468 -0.296862 -0.540297
-0.273251 -1.183750 0.427744 -0.703613 -0.252207 -0.112869 -0.543360 -0.379366 0.867238 -0.386828 0.511990 0.059930
0.157434 -1.280793 0.172120 -0.411313 0.132365 -0.196395 -0.000256 -0.650020 0.270571 -0.644356 0.079111 -0.566391
-0.223546 -0.894338 0.462318 -0.863963 0.054808 0.220936 0.607318 -0.134549 0.820925 -0.469874 -0.984780 -0.226458
-0.259396 0.227565 0.358620 -0.109387 0.411455 -0.651226 -0.371545 -0.769063 0.358697 0.015678 0.015721 -0.546452
-0.685829 0.025088 0.273884 -0.321998 -0.253321 -1.327773 -0.553654 -0.120048 0.750607 -0.520194 0.746765 0.027058
0.506445 0.618785 0.760027 1.409094 -0.192978 -0.309502 0.565485 -0.521494 0.050253 0.229222 -0.320387 -0.858586
0.177355 -0.529937 0.794310 -0.256565 -0.330940 -0.899036 -0.073055 -0.338990 1.091318 0.391544 -0.331492 0.142079
0.176941 -0.891607 1.192854 -0.897252 0.555926 -0.391687 0.052964 -1.138214 0.257495 0.264042 0.299719 -0.568522
0.511006 0.183814 0.472670 -1.090753 1.347054 -0.422526 -0.210808 -1.956030 0.285086 0.021810 -0.356005 -0.148283
0.253653 -0.032622 0.727341 -0.197836 0.205851 0.480036 -0.003393 -0.187858 0.922221 -0.830872 -0.002002 0.615225
0.348241 -0.534352 0.020286 -0.978365 0.146973 0.141954 -0.040728 -0.181082 0.958802 0.003550 0.242269 -0.229438
-0.108681 0.369363 0.143378 -0.511220 0.084498 -0.121429 -0.390137 0.344613 0.807445 0.968570 0.330944 -0.359750
0.715889 -0.333150 0.931883 -0.672029 0.485198 -0.441849 0.132998 -0.625679 1.085508 0.412719 0.481065 -0.897373
-0.457710 -0.185478 0.473349 -0.337908 0.148104 0.263992 0.711588 -1.020151 0.560919 -0.796243 -0.736915 -0.456557
0.102311 -0.673370 1.080298 0.482514 -0.037992 0.305538 0.244011 0.138485 0.547849 -0.544755 0.380538 0.113980
0.069896 -0.123248 0.921927 0.237256 0.302444 0.476927 0.387029 -0.386621 0.036413 -0.414672 -0.004319 -0.480654
-0.245632 -0.858590 0.975067 0.242604 -0.335750 -0.103561 -0.114324 -0.220005 -0.225232 -0.302144 0.247419 -0.115596
-0.023390 -0.816553 1.490905 -1.259963 -0.101310 -0.195088 -0.421655 -0.288965 0.610323 0.200765 0.701954 0.045376
0.021528 -1.074050 0.896457 -0.006525 -0.162833 -0.010690 0.337675 -0.121998 -0.099914 -0.136254 0.050289 0.053532
-0.438833 -1.119804 1.051423 -0.233595 0.044621 -0.006663 0.008855 -0.877428 0.101150 -0.133952 0.349886 0.038323
0.044975 -0.850994 1.070581 -0.400284 0.257064 -0.179135 0.172383 -0.340668 0.504937 -0.350426 0.079364 -0.111623
-0.750560 -0.015523 0.490644 -0.685585 -0.329677 -0.604462 -1.155534 0.482482 0.377538 0.757767 0.707186 0.386117
-0.026437 -1.198463 0.590790 -0.111246 0.525376 -0.600612 0.011243 -1.044367 0.935950 -0.329747 0.374645 -0.041373
0.043083 -1.231400 0.003417 -0.485411 0.497827 -0.188047 0.286784 -0.627884 0.576400 -0.620162 -0.683347 -0.038480
0.052373 -0.701391 0.399432 0.150513 0.469222 -0.203544 0.210428 -0.085866 0.709281 -0.851407 -0.385933 0.066999
-0.016119 -0.942557 0.820238 0.158190 -0.266900 -0.270435 0.204458 0.245169 0.801686 -0.066386 -0.295551 -0.140037
-0.362837 -1.283589 0.916028 -0.569514 0.417857 -0.835408 -0.064988 0.150356 0.510559 -0.150509 0.452333 0.162023
0.227548 -0.732347 0.411158 -0.706217 -0.060467 -0.238847 0.373482 -1.220651 1.082977 0.722811 -0.723129 -0.242878
0.519389 -0.128662 1.340894 -0.473266 0.196430 -0.194948 -0.055769 -0.833438 -0.054377 -0.186793 0.188699 -0.711960
0.720915 -0.634920 0.497960 -0.339831 0.275393 -0.259561 0.373272 -0.433729 1.095753 -0.543809 -0.475517 -0.087963
0.438750 -0.855926 1.040113 -0.563725 0.240167 -0.831960 0.035616 -0.175069 0.754466 -0.103349 -0.483030 -0.047283
-0.493105 0.178020 -0.246476 -0.739188 0.639255 -0.713210 0.591744 0.185100 0.325234 -0.077641 -0.253506 -0.196395
-0.269567 -0.450751 0.030814 -0.461876 0.155662 -0.432532 -0.399830 -0.916610 0.847583 0.154274 -0.219742 -0.466064
-0.708059 -0.485787 1.363640 -0.779833 0.146169 -0.378196 -0.368147 -0.479242 0.567791 1.040377 0.286934 0.200611
-0.990290 -0.436756 0.712942 -0.823830 0.149307 -0.785242 -0.258603 -0.620919 0.759542 0.498345 0.747779 0.141538
-0.663892 -0.885052 0.349983 0.172165 0.588064 -0.014114 0.553903 -0.688079 0.463036 1.090539 -0.303367 -0.711988
-0.553396 -0.135244 0.678414 -0.894081 0.016461 -0.746030 -0.266270 0.071355 0.709340 0.152669 0.636949 0.261461
-0.193355 -0.653446 0.265261 -0.149431 0.338841 -0.657330 -0.195737 -1.016315 0.877145 0.264763 0.243795 0.108953
-0.934653 0.589071 1.173399 -1.330865 0.725892 -0.760250 -0.040036 -0.836726 0.396213 -0.147109 0.305121 0.235735
0.230266 1.136726 1.611250 -0.989764 0.260844 -0.779251 -0.255716 -1.101895 -0.084655 0.215105 0.088981 0.008389
0.098209 -0.673863 1.392197 -0.875535 0.576224 -0.273936 -0.022417 -0.484971 0.124664 0.074568 -0.041657 -0.235815
-0.701139 -0.804599 0.896485 -0.092469 -0.584001 -0.233807 0.392101 -0.233350 0.760650 -0.375882 -0.261857 0.510890
-0.619534 -0.709462 -0.118919 -0.412897 0.168025 0.157665 0.367007 -0.831604 0.126823 0.479604 0.054060 -0.954653
-0.108453 -0.980047 -0.251802 0.331506 -0.116084 -0.539977 0.181241 0.168594 0.721142 -0.523522 -0.212197 -0.159060
-0.117346 -0.554916 0.827607 0.471939 -0.658576 -0.794429 -0.392949 0.709852 0.197549 -0.708876 -0.701407 -0.231787
0.328486 0.146666 0.873260 -0.642537 -0.666486 1.384067 1.285614 -0.442219 0.400238 0.187666 -0.113893 -0.540822
-0.295088 -0.476027 0.589361 -0.979058 -0.650287 1.194920 1.320213 -1.028923 0.982904 0.165341 0.267792 -0.251060
0.237238 -0.208953 0.494059 -0.845089 -0.509096 1.340085 1.350502 -0.570646 0.593473 0.185041 -0.229751 -0.110198
0.375050 -0.110056 0.769012 -0.597428 -0.568108 1.398817 1.319990 -0.499016 0.458556 0.229086 -0.038327 -0.483033
0.337600 0.114551 1.011074 -0.435271 -0.675768 1.422064 1.286561 -0.331934 0.259292 0.117947 -0.314616 -0.566543
0.370228 0.445321 1.029930 -0.311745 -0.612551 1.315119 1.216063 -0.070170 0.044499 0.385458 -0.368414 -0.624561
-0.911172 -0.098097 1.083979 -0.833867 0.167433 0.197191 0.003793 -0.878142 0.950933 0.720433 0.078422 0.211890
0.381993 -0.035271 0.814796 -0.304921 -0.610240 1.367000 1.237141 -0.260195 0.333844 0.223374 -0.075358 -0.551210
0.209319 -0.014520 0.826166 -0.424660 -0.579193 1.437225 1.146028 -0.262183 0.325753 0.119389 -0.258146 -0.425277
-0.084264 -0.435851 0.362130 -0.780222 -0.536107 1.194434 1.147129 -0.871338 0.764988 0.009791 -0.032930 0.000847
0.271275 -0.831519 0.344046 -0.674906 -0.234261 1.347161 1.194680 -0.653697 0.636921 0.268158 -0.164181 -0.063918
0.141278 -0.330120 0.630217 -0.547610 -0.604342 1.358439 1.330258 -0.632317 0.559610 0.091847 -0.250399 -0.239601
0.086925 0.170664 1.312998 -0.706402 0.093102 0.749335 0.702182 -0.849973 0.501381 0.844667 -0.185905 -0.486546
0.481950 -0.343385 0.607194 -0.204051 -0.425784 1.286132 1.152040 -0.211302 0.216561 0.151885 -0.099565 -0.454081
0.246113 -0.338059 0.924081 -0.054375 -0.576832 1.360053 1.157677 -0.086880 0.324504 0.091685 -0.331503 -0.390578
-0.469321 0.381942 0.526829 -0.627957 -0.769145 0.622064 0.651794 -0.902511 0.711450 0.868255 -0.324869 0.574481
0.376936 0.011016 0.231747 -1.040577 0.185156 0.840049 0.688350 -1.046685 0.151560 0.847475 -0.038220 -0.717626
-0.003876 -0.959785 0.382021 -0.445791 -0.287185 1.130741 1.140922 -0.525228 0.807544 0.113044 -0.407754 0.074806
0.379556 -0.080195 0.874610 -0.203989 -0.465031 1.469676 1.183685 -0.211058 0.285622 0.301739 -0.248954 -0.623290
0.243086 -0.613670 0.731355 0.035549 -0.034052 1.522858 0.936680 -0.336144 0.371537 0.675083 -0.360345 -0.648828
