0.564516 -0.191047 0.466833 -0.551779 0.343376 -0.731855 0.538560 -1.103611 0.240180 -0.508811 -0.416485 -0.154852
0.131742 -0.270053 1.338706 -0.550284 -0.448086 -0.889131 0.096670 -0.983540 0.302650 0.707516 -0.027568 -0.882139
0.527543 -1.409341 0.301502 -0.349241 0.341125 0.405909 0.207546 -0.241266 0.434621 -0.605938 -0.004345 -0.184763
-0.034860 -0.838887 0.467866 -0.089501 -0.044973 -0.062554 0.224226 -0.301600 0.669422 -1.890306 -0.350150 0.428971
-0.205702 -0.897793 -0.159249 -1.014868 -0.364318 -0.102643 0.369362 -0.982059 0.631340 0.021392 0.561014 -0.987696
-0.146317 -1.499412 1.036403 -0.366594 -0.611668 0.618792 0.849744 -0.269073 0.438098 -0.411518 -0.631456 -0.833637
-0.115211 -0.381354 0.437743 -0.094068 -0.143559 -0.105678 0.113714 -0.442590 -0.295262 0.448274 0.069743 0.554388
0.003972 -0.138431 1.296584 -0.582694 0.154218 -0.189041 -0.217727 -0.532740 0.602097 -0.339938 0.592519 0.236724
0.194334 -0.927394 0.604186 0.084913 0.151083 -0.735835 0.095189 -0.106704 0.226830 -0.850341 -0.055835 -0.249882
0.413711 -0.283705 0.656530 -0.829892 -0.256614 -0.005573 0.311176 -0.229346 0.630933 -0.495994 0.000417 -0.461680
0.120748 -0.314694 1.017134 -0.862906 0.232498 -0.267794 -0.502361 -0.883954 0.562040 -0.119094 0.596573 -0.353917
0.425999 -0.787754 0.727838 0.101570 0.400603 0.188269 0.112228 -0.309113 0.181577 -0.848052 0.342560 -0.233178
-0.176337 -0.673863 0.817307 0.061300 0.395832 -0.346184 0.007762 -1.389621 0.395064 -0.324314 -0.264559 0.114064
0.398799 -0.300716 0.792481 -0.407816 -0.323313 -0.618370 -0.214159 -0.102999 0.502823 -0.512588 0.057984 0.177853
0.736016 0.005023 1.218807 -0.508561 0.555245 0.119785 0.620076 -0.873859 0.446251 0.179107 -1.064206 -0.925561
-0.110229 -0.414175 0.238793 -0.021739 -0.225415 0.138763 0.175917 -0.352148 0.904935 0.018871 -0.209463 0.527770
-0.326151 -0.184280 0.373836 0.662997 0.332909 0.008447 -0.215238 -0.045130 0.390380 -0.265676 0.036636 -0.904525
-0.442583 -0.926457 -0.182289 -0.782263 -0.160072 -0.282270 -0.578712 -0.477154 0.345036 0.382895 1.246704 -0.426148
0.030166 -0.441248 0.631182 -0.712736 0.242575 -0.426321 -0.416209 -0.227409 0.592177 0.155967 0.333035 -0.117019
0.126192 -1.506423 0.140457 -0.283614 0.169755 -0.259735 -0.268122 0.487773 0.461665 -1.241363 -0.154645 0.288936
0.321329 -0.761323 0.350551 0.005610 0.297995 -0.212529 0.032413 -0.473645 1.098999 -0.161027 0.220429 0.377792
0.117257 -1.856194 0.155763 -0.302289 -0.101848 0.134023 0.041102 0.070771 0.579625 -0.723004 -0.173754 0.014757
-0.407891 -1.421985 0.175829 -0.020702 0.286294 -0.135273 0.052959 -0.402722 0.173687 -0.476394 0.325369 -0.319807
-0.539662 -0.967158 0.865680 -0.272861 0.016248 -0.483088 0.026200 -0.981098 -0.222057 -0.157139 0.393908 -0.493244
-0.037672 -1.317370 0.529760 0.007587 -0.159763 -0.238522 0.013505 0.050964 0.150989 -0.655481 0.136133 0.124375
0.212188 -0.741801 1.219616 -1.294741 0.542568 0.515369 0.050175 -0.035875 0.668159 -0.477257 -0.107381 -0.045120
-0.079173 -0.196819 0.984521 -0.271518 0.049959 -0.921748 0.102597 -0.474300 0.378740 -0.498722 -0.032717 -1.057985
0.661034 -0.554809 0.862317 -0.409911 0.070964 -0.235874 0.260160 -0.237161 0.010512 -0.513106 -0.320670 -0.292009
0.053789 -0.691434 1.266479 -0.514438 0.116771 0.127395 0.513228 -0.597436 0.587499 -0.383717 0.045471 -0.038646
-0.314989 -0.698811 1.343387 -0.553589 -0.025288 -0.099393 0.274779 -0.703525 0.042947 0.000325 0.690300 -0.520194
0.008736 -0.781289 0.727702 -0.265671 0.086831 -0.065391 0.599825 -0.034095 0.287419 -0.822958 -0.625930 -0.137050
0.057115 -0.522262 0.652436 -0.278743 0.682014 0.120783 0.170900 -1.083919 0.817325 -0.000028 -0.135253 0.509184
0.388466 -0.383833 1.431499 -1.076657 0.850612 -0.693963 0.022565 -0.871324 -0.028812 -0.271803 -0.194585 -0.342977
0.113653 -1.155595 0.371211 -0.165152 0.299247 -0.341518 0.014348 -0.381113 0.321516 -0.757670 0.308157 0.156417
0.497733 -0.529555 1.264957 -0.320983 0.145631 -0.413695 0.128388 -0.250455 0.602278 -0.527340 0.013614 0.210178
0.250803 -0.730058 0.920614 0.091463 -0.544580 0.376782 0.341054 -0.186564 0.348305 -0.158845 -0.611007 -0.472900
-0.561724 -0.195829 0.755348 -0.096016 -0.621710 -0.048132 0.195007 -0.170303 0.381684 0.080105 -0.043131 0.154181
0.444560 -0.533022 1.089788 -0.857986 -0.054284 -0.723451 0.188547 -0.644767 -0.053825 0.023776 0.115089 -0.907144
0.606220 -0.351935 1.556287 -0.128473 0.893342 -0.153679 0.454020 -0.626690 0.342667 0.267163 0.274331 -0.498456
0.578570 -0.768437 1.261626 -0.222726 -0.209779 0.350156 0.264777 0.211723 0.003620 -0.530032 0.026749 -0.427491
-0.327179 -0.373941 1.288456 -0.271585 -0.089875 -0.766808 -0.194626 0.289510 0.619289 -0.108865 0.509219 0.257599
-0.481701 -0.155817 0.720351 -0.254260 -0.402505 -0.751540 -0.173017 -0.180022 0.392746 -0.151101 0.066203 0.018380
0.112251 -0.901480 0.574056 -0.609943 -0.097989 0.293960 -0.282339 -0.217732 0.442244 0.047652 -0.120492 0.233809
0.211037 -0.061096 1.323877 -0.290445 0.887682 0.028408 0.227978 -0.987090 0.459910 -0.379195 -0.190588 -0.008869
0.040402 -0.349745 1.239470 -0.349792 0.595670 0.024666 -0.155303 -0.484418 0.813047 -0.396301 -0.124806 0.305087
0.207866 -0.316236 1.352624 -0.242974 0.669571 -0.143978 -0.371594 -0.241663 0.481407 -0.582992 -0.082921 -0.050929
-0.218065 -0.693337 1.277867 -0.159170 0.442140 -0.095608 -0.257101 -0.168936 0.747735 -0.730005 -0.202378 0.411216
0.095318 -0.279919 1.310324 -0.478858 0.596042 -0.146318 -0.154985 -0.636464 0.658056 -0.390555 -0.000670 0.206838
-0.274259 -0.675423 1.369147 -0.134444 0.617997 -0.432074 -0.193784 -0.414349 0.439931 -0.563199 -0.092938 0.256354
0.433639 -0.384209 1.148674 -0.542261 0.185436 -0.189153 0.104848 -0.561190 0.223985 -0.319264 -0.071219 -0.199742
0.302319 -0.515565 1.178805 -0.570627 0.451606 -0.213407 0.007172 -0.560178 0.588867 -0.422577 -0.188668 0.132721
0.277121 -0.691684 1.344283 -0.661445 0.130334 -0.087431 -0.138110 -0.263257 0.510830 -0.499786 -0.298812 -0.106014
0.147492 -0.592227 1.506549 -0.651335 0.467450 -0.228325 0.072057 -0.479046 0.242789 -0.369945 0.147274 -0.077754
0.001324 -0.496966 1.395365 -0.458417 0.363585 -0.099591 -0.352348 -0.431624 0.682819 -0.287158 -0.016985 0.214024
0.233762 -0.649587 1.477867 -0.375199 0.404154 -0.209901 0.093178 -0.493057 0.150023 -0.525856 0.299514 -0.134044
-0.195590 0.005894 0.149922 0.146454 0.099023 0.399493 0.568038 -0.440084 1.167766 -0.114748 -0.143308 -0.245312
0.044143 0.581241 0.975671 -0.229695 -0.195957 -0.462764 -0.633615 0.169564 0.650019 -0.198783 0.245352 0.031789
-0.061113 -0.254964 0.457180 -0.303384 0.200754 -0.245118 0.665923 -0.165949 0.476096 -0.141553 -0.262152 -0.622908
0.367097 -0.899500 0.859134 -0.558999 -0.197958 -0.527230 -0.258679 -0.281592 0.810530 -0.769234 0.154599 -0.622025
0.242080 0.446368 0.933671 0.350094 -0.282936 -0.296333 -0.035575 0.016309 0.364047 -0.268003 -0.067240 -0.233648
-0.335057 -0.677659 1.219090 -0.260361 0.137019 -0.111397 -0.549285 -0.338151 1.375033 -0.120661 -0.154316 0.088315
-0.480896 -0.476202 0.210610 -0.222373 0.278555 -0.875682 0.271826 -0.205117 0.557131 0.241610 -0.145435 -0.809173
0.313087 0.902823 1.153516 -0.639035 -0.421746 -0.827586 -0.460646 -0.131355 0.544110 0.525689 -0.564868 -0.572898
-0.298011 0.090719 0.306923 -0.256760 -0.519811 -0.838408 0.071694 0.012438 -0.332537 0.220797 -0.763483 -0.289047
0.263684 -0.474306 1.037979 -0.885911 0.018166 -0.617431 0.066046 -0.512301 0.989052 -0.562895 -0.381363 -0.142277
-0.033379 -0.915051 0.677135 0.269375 0.188884 -0.354315 0.313115 0.001594 0.554123 -0.082186 -0.147308 -0.431578
-0.714532 -0.340782 0.166541 -0.487089 0.370441 -0.289613 -0.184733 -0.805611 1.000157 0.191432 -0.009126 0.372755
0.467869 -1.253857 0.526179 -0.877108 0.469803 -0.211125 0.738648 -0.667076 0.523686 -0.428098 0.483774 0.054372
0.070731 -0.594555 0.501648 -1.273213 -0.247766 -0.797257 -0.184710 -1.198475 0.325993 0.015771 0.314821 -0.647745
-0.619627 -0.315403 0.476394 -0.702254 -0.584592 -0.942489 0.158151 -0.561185 0.922137 -0.166270 0.153549 -0.382080
-0.069397 -1.183839 1.089118 -0.613468 -0.011057 -0.558879 -0.883802 -0.372874 1.127561 -0.183204 0.476773 0.297142
-0.991893 -1.069198 1.046794 -0.489452 0.001390 -0.217952 -0.267520 -0.350631 0.844553 -0.138738 -0.090094 0.410568
0.090481 -0.291745 0.913228 -0.701746 0.595564 -0.560632 0.139680 -1.042917 1.175476 -0.393982 -0.160454 -0.124751
-0.192687 -1.107918 0.474955 -0.130054 -0.497406 -0.296079 0.852178 -0.710100 0.575266 -0.129736 0.450809 -0.158056
0.099044 -1.502912 0.228753 0.174672 0.118442 0.116326 0.619896 -0.239444 0.800774 -1.010835 -0.504384 -0.359493
0.225171 0.853111 0.110024 -0.537826 -0.665918 -0.862071 -0.776965 -0.122139 0.897672 0.819353 0.155147 0.066741
-0.324892 0.516974 -0.264448 -0.661804 -0.583303 -0.492139 -0.178077 0.206526 0.364883 0.582177 0.276384 -0.233319
-0.935220 -0.155859 -0.331945 -0.895624 -0.580873 -0.567553 -0.433106 0.350684 0.856984 0.288865 0.215995 0.009225
0.197041 -0.344101 -0.348557 -0.188534 -0.012875 0.092207 0.372992 -0.679697 0.743809 0.326405 -0.347221 -0.060519
0.192493 -0.444323 0.912471 -1.016488 -0.281681 0.527823 0.490657 -1.293823 0.950066 0.854750 -0.034251 -0.301394
-0.108378 -0.347307 0.261845 -0.368478 -0.533913 -0.366592 -0.016772 0.428373 1.125777 0.233633 -0.323023 -0.067712
-0.204314 -0.661368 0.078622 -0.246975 -0.009495 0.429660 -0.442151 0.225303 0.491123 0.308125 -0.546209 -0.279984
-0.493697 -1.060958 0.605486 0.341420 -0.113219 -0.000515 0.114495 -0.018893 0.301675 0.161082 0.013243 0.010606
-1.594957 0.300437 0.776640 -0.794416 -0.303620 -0.442752 -0.051333 -0.172456 0.462680 0.052337 0.259616 0.133582
-1.233249 -0.076732 0.667558 0.009475 -0.439107 -1.158016 -0.010419 -0.858976 -0.183226 0.031246 0.116693 -0.525485
-0.790757 -0.828845 0.172847 -0.059737 0.545592 -0.212913 -0.016663 -1.045636 0.061955 -0.129855 0.216815 -0.487965
-0.477842 -0.864810 0.522310 -0.916688 -0.525008 0.116115 0.195418 -0.790216 1.014772 0.420079 -0.419066 0.702374
-1.703465 -1.084395 0.054166 -0.115667 -0.174323 -0.595371 -0.920069 -0.430622 1.312384 0.349307 0.854432 0.336390
-0.323143 0.538949 0.518232 -0.996272 -0.570273 -1.479039 -0.436584 0.092568 0.133994 0.694401 0.385042 -0.289197
-0.622913 -0.895856 -0.025566 -0.645482 0.344367 0.651347 0.380635 -0.484711 1.221497 0.055267 -0.364257 -0.231287
-0.343390 0.320433 1.179142 -0.024543 -0.862301 -0.692718 -0.198950 -0.524845 -0.449701 -0.135566 -0.282624 -0.823100
-0.905564 0.035127 0.906526 -1.210040 -0.924560 -0.945864 -0.369019 -0.566479 0.293363 0.913476 0.470118 -0.454315
-0.666153 0.080296 0.668236 -1.021032 -0.471645 -0.660603 -0.512845 -0.697444 0.291852 0.038024 -0.138395 -0.682508
-0.101350 -1.465966 0.600578 -0.120330 -0.319149 0.234625 0.334692 -0.206224 0.919304 -0.430699 -0.229067 0.074541
-0.516450 -1.361775 0.999345 -0.096264 -0.258035 -0.480888 -0.477528 -0.263397 0.840358 -0.492105 0.101615 0.603116
-0.208449 0.287849 1.233668 0.382537 -0.322740 -0.397896 0.054738 -0.755968 -0.071155 0.143413 -0.116049 0.136758
-0.929693 -1.359733 0.926861 0.188769 0.070038 -0.621078 -0.045809 -0.339160 0.789062 -0.133812 0.722150 0.465315
-1.243353 0.348334 0.495580 -0.686876 -0.872352 -0.131512 -0.294716 -0.482283 0.394880 0.027821 -0.207296 -0.385878
-0.551752 -0.247430 1.006098 -0.170271 -0.502054 -0.508625 -0.211912 -0.184290 0.353504 -0.298252 -0.320090 0.310779
-0.659021 0.089807 0.836579 -0.440283 -0.910681 -0.527094 -0.096286 -0.868245 0.436393 0.432765 -0.063684 0.364466
-0.127425 -1.212244 0.741746 -0.078760 -0.553874 0.316565 0.364645 -0.184884 0.384210 -0.887087 -0.105048 -0.044877
-0.909186 -0.075246 1.350357 -0.146694 -0.315772 -0.962196 -0.841287 0.000367 0.645598 -0.191446 0.174455 0.777953
-0.892169 0.430536 0.587076 -1.364096 -0.248041 -0.912390 -1.085055 -0.754744 1.202304 0.530003 0.672185 0.025445
-1.546115 -0.752855 0.401981 -0.250214 -0.762620 -1.165531 -0.708115 0.315712 0.241856 0.310842 0.655869 -0.027569
-1.391168 0.632409 0.821746 -0.839498 -0.728752 -1.056423 -0.483067 -0.605873 1.339622 0.481526 0.084945 -0.331319
-1.054046 -0.088437 0.719789 -0.300516 -0.927539 -0.639076 -0.389497 0.188163 0.098535 0.301087 0.422053 0.004728
-1.388793 -0.124070 0.873818 -0.626277 -0.861553 -0.767343 -0.654940 -0.211857 0.482872 0.520666 0.376157 0.707118
-1.104188 0.018051 0.388130 -0.032827 -0.463202 -1.005779 -0.505997 -0.105536 0.339434 -0.009559 0.634565 0.378500
-1.265004 -0.289138 0.689720 -0.021387 -0.582741 -0.854450 -0.380996 -0.319353 0.478544 0.441631 0.468049 0.218382
-1.241268 -0.348106 0.501450 -0.263315 -0.414257 -0.859608 -0.374758 -0.105782 0.616370 0.784102 0.503868 0.342684
-1.362986 -0.370702 0.425980 -0.349928 -0.745953 -1.183355 -0.734533 0.094036 0.350920 0.522114 0.809655 0.169843
-0.962407 -0.340370 0.782232 -0.879282 -0.654469 0.305417 -0.206134 -0.123228 0.699635 0.418610 -0.028792 0.042777
-0.736967 -0.243144 0.869075 -0.217720 -0.403842 -0.194134 -0.226919 0.017561 0.617842 0.109274 0.460040 0.343760
-0.989959 -0.597178 0.968510 -0.320385 -0.326054 -0.452658 -0.499078 -0.550029 0.681823 0.083861 0.685040 0.145021
-0.584765 -0.558051 1.084216 -0.131762 -0.412278 0.149981 -0.104384 -0.107016 0.718200 0.102563 0.343139 -0.075094
-0.561704 -0.501193 0.921588 0.006645 -0.546495 0.135523 -0.166723 0.291123 0.630445 0.164058 0.276992 0.159270
0.347452 -0.277161 0.052029 0.085875 -0.060441 0.142661 -0.025462 0.362407 0.980501 0.313970 -0.341632 1.289614
-0.314415 -0.604960 -0.115564 -0.309892 0.282600 -0.726164 0.180488 -0.499905 0.184113 0.376213 0.388764 -0.225348
0.554867 -0.248400 0.255318 -0.870401 0.079510 -0.904156 -0.194656 -0.705797 0.614548 -0.138114 -0.225999 -0.596069
-0.433225 -1.145021 0.410566 -0.097680 0.189922 0.495499 0.369885 -0.136574 0.614756 -0.685324 -0.311997 0.370282
-0.101866 -1.200645 0.493148 -0.245666 -0.138752 0.293200 0.434593 -0.168495 0.575369 -0.185344 -0.114127 0.058828
-0.396446 -1.145892 0.270815 0.187901 -0.063856 0.147849 0.592438 -0.435798 0.416305 -0.655294 -0.240516 -0.008260
0.421924 -0.772833 0.350221 -0.409854 -0.095771 0.344847 0.379963 -0.048814 0.548504 -0.556051 -0.477415 -0.669599
0.187031 -1.264282 0.418590 0.038694 0.361549 -0.586860 0.375240 -0.471656 -0.038660 -0.264577 0.205644 -0.050357
0.125766 -1.664842 0.370009 0.393059 -0.590955 -0.106504 0.387943 -0.472789 0.923152 0.463693 0.483019 -0.324236
0.375159 -0.527120 1.066260 -0.261165 -0.401538 -0.457251 -0.450963 -1.022511 0.497740 -0.247068 0.059573 -0.056346
0.341601 -1.339595 0.393617 -0.254620 0.162171 0.325080 0.383939 -0.387434 0.044686 -0.599674 0.327734 0.061071
-0.466274 -1.481489 0.028738 -0.177393 0.073443 -0.350951 0.518273 -0.152641 0.620927 0.406811 0.383038 -0.303413
0.068343 -0.771458 0.985358 -0.001627 0.031456 -0.729427 -0.070195 -0.153229 0.713216 -0.716286 0.249234 0.022464
0.465314 -0.809836 0.606180 -0.463063 0.450271 0.036471 0.318797 -0.572884 0.898269 -0.672828 -0.489005 -0.141918
0.156709 -0.474284 0.456353 -0.898001 -0.229150 -0.429437 0.840278 -1.149863 0.249405 -0.038880 -0.203130 -1.348835
0.156887 -0.995533 0.306507 -0.334329 0.106436 -0.490412 0.044052 -0.320016 0.265902 -0.841439 -0.553770 -0.369758
-0.442538 -1.134018 0.857291 -0.579046 -0.008737 -0.273403 0.197831 -0.522852 1.007867 0.052958 0.787489 0.261109
-0.539380 -0.175740 1.279406 -0.280567 -0.161559 -0.736910 -0.612189 -0.427445 0.403801 -0.197209 0.119731 0.379873
0.109844 -0.815424 1.280026 -0.539847 0.408092 -0.266438 0.259965 -0.548272 0.496622 -0.569202 0.142924 0.165543
-0.161251 -0.933727 1.270064 -0.363137 0.555864 -0.337278 0.004522 -0.237218 0.631356 -0.389893 0.341407 0.398453
-0.332931 -0.697515 1.293525 -0.429901 0.634686 -0.562008 -0.035475 -0.355822 0.538914 -0.454687 0.220304 0.254957
0.293199 -0.172304 1.383137 -0.701460 0.417651 -0.267998 0.371735 -0.603679 0.580587 0.335759 0.002517 -0.352756
-0.363611 -0.047347 0.338767 -1.131968 0.566625 -0.659363 0.216068 -1.167836 0.736619 0.874431 0.440269 0.471879
-0.437171 -0.305032 1.070355 -1.333719 0.354238 -0.725358 0.115756 -1.129087 0.341466 0.549520 0.736501 0.223647
0.240112 -0.614562 0.677908 -0.587552 0.240704 -0.731835 -0.530943 -0.966516 0.524413 -0.120569 0.221577 -0.473871
0.297733 0.176080 0.746095 -0.885188 1.033942 0.021696 0.456042 -1.182562 0.644267 0.390689 0.018748 0.095279
-0.559557 -0.402165 0.323133 -0.859201 0.052941 -0.728573 -0.802750 -0.071844 0.971915 0.073121 0.536730 0.310224
-0.457729 -0.231914 1.322740 -0.697621 0.156645 -0.695481 0.286137 -0.953614 0.174569 -0.039617 -0.605044 -0.642278
-0.447993 -1.111899 0.626816 -0.958061 0.158867 -0.844105 0.129339 -1.262700 0.153775 -0.253330 0.160486 -0.743155
0.282836 -0.239081 0.725576 -0.521169 -0.424875 1.519764 1.205909 -0.391412 0.420316 0.208130 -0.212958 -0.417222
0.275500 0.070930 0.912567 -0.354932 -0.544581 1.423363 1.243224 -0.198248 0.273388 0.172579 -0.320573 -0.516605
-0.241703 -0.420512 0.700472 -0.872472 -0.376757 1.473371 1.292831 -0.951980 0.608418 0.198996 -0.290580 -0.007863
0.241015 -0.654829 0.597952 -0.831163 -0.350381 1.600421 1.309330 -0.796026 0.545553 0.313937 -0.110935 -0.140165
0.326715 0.134192 0.955081 -0.436840 -0.671706 1.438425 1.218655 -0.288001 0.249820 0.115242 -0.310480 -0.560663
0.349496 0.206115 1.036667 -0.484169 -0.607216 1.493564 1.222138 -0.251344 0.203321 0.270801 -0.356452 -0.669010
-0.068281 -0.160484 1.528140 -0.350946 0.527850 0.817886 0.668672 -0.889980 0.682370 0.612304 -0.129983 -0.206027
0.138253 -0.470610 0.609677 -0.578793 -0.268893 1.297473 1.297323 -0.751209 0.652765 0.634851 -0.189712 -0.432858
0.030459 -0.661206 0.399799 -0.621340 -0.568100 1.422689 1.212419 -0.741891 0.519256 0.343871 -0.201849 -0.433709
0.126598 -0.684635 0.757651 -0.332293 0.094050 1.400113 1.027369 -0.556382 0.422859 0.474591 -0.362297 -0.395014
0.138228 -0.387412 0.958898 -0.447781 -0.736808 1.294532 1.120072 -0.681974 1.165582 0.664449 -0.221156 -0.020126
0.168813 -0.011252 1.216135 -0.749844 -0.364789 0.930038 0.721413 -0.583227 0.874935 0.455585 0.069378 -0.153654
0.482120 0.042057 0.748995 -0.166468 -0.456693 1.478069 1.132007 0.005571 0.246491 0.343599 -0.238762 -0.497310
0.564872 0.186772 0.890691 -0.272979 -0.484549 1.335818 1.135092 0.055680 -0.024731 0.374085 -0.368682 -0.715003
0.443293 -0.088705 0.901929 -0.084305 -0.418936 1.505050 1.249558 -0.148645 0.015584 0.558068 -0.330635 -0.735235
0.168671 -0.283580 0.786682 -0.726543 -0.471300 1.493700 1.202524 -0.654271 0.560707 0.315322 -0.236586 -0.251778
0.214192 -0.279324 0.591679 -0.569928 -0.352530 1.359851 1.313896 -0.500365 0.486320 0.209535 -0.147798 -0.428513
0.460393 -0.070435 0.817969 -0.301449 -0.461712 1.469165 1.160416 -0.087291 0.182692 0.326366 -0.259548 -0.596549
0.478737 -0.469568 0.625743 -0.075622 -0.096264 1.472839 1.134525 -0.332576 0.465818 0.650058 -0.202309 -0.500934
0.883217 -0.280565 0.633363 -0.373454 -0.420421 0.841358 1.324784 -0.332158 0.426192 0.192228 -0.508938 -0.604115
0.277293 -0.285527 0.649265 -0.461601 -0.505626 1.321870 1.283609 -0.471041 0.478726 0.106561 -0.234122 -0.344728
