0.194697 -0.836836 0.358745 -0.598480 -0.048070 -0.093897 0.011456 -0.251603 0.525936 0.407140 0.107735 0.266784
-0.637095 -0.969693 0.099159 -0.587095 0.889246 -0.304000 0.321652 -0.741511 0.527861 -0.474314 0.114990 -0.098457
-0.361841 -1.355451 0.318309 -0.143867 0.448821 -0.031819 -0.175114 -0.501771 0.202644 0.195902 0.821572 0.342651
-0.406701 0.239542 1.112060 -0.084399 -0.356577 0.132312 0.172722 0.065209 0.891755 -0.248018 0.297189 0.378019
0.479997 -0.581703 0.676162 -0.235588 0.321930 -0.162812 0.665094 -0.378064 -0.036540 0.259183 -0.235321 -0.057367
-0.966026 -0.019121 0.489277 0.127205 0.070230 0.367820 0.087346 -0.412200 -0.086447 -0.523678 -0.553815 -0.692231
-0.364667 -0.108804 -0.223170 0.059401 0.109802 -0.522755 -0.058109 -0.411367 -0.073995 -0.250084 0.672281 -1.218141
-0.050846 -0.016404 0.670968 0.078366 0.142890 0.329771 0.432655 -0.329627 1.112070 -0.489866 -0.472380 -0.214908
-0.308480 -0.366715 0.016228 -0.329645 -0.264365 -0.137506 -0.060321 0.045686 1.000960 0.363669 -0.089655 0.639576
-0.643358 0.554205 0.772833 0.753523 0.210469 -0.545271 0.197752 0.114371 0.813598 -0.142475 -0.110338 -0.689582
-0.090092 -0.586485 0.346787 0.650979 -0.283959 -0.161376 -0.158056 -0.385220 0.895903 -0.100646 0.131989 0.163802
-0.189555 -0.566230 0.676532 0.489003 0.113555 -0.111002 -0.482200 0.111619 0.112024 -0.462043 0.447965 0.386699
0.190255 -0.445445 0.137915 0.280488 -0.028640 0.001852 0.166410 -0.293733 0.673467 -0.656903 0.132498 0.267216
0.650142 -0.757522 -0.000236 0.014407 -0.100559 0.299140 0.287813 -0.113529 0.657685 -0.587044 -0.630714 -0.083624
-0.103859 -0.808864 1.363394 -0.677743 0.705075 -0.502609 -0.312872 -0.928150 0.330617 0.676654 0.399797 -0.383929
0.988131 -0.494612 0.185441 -0.551581 0.785650 -0.359658 -0.174766 -0.973259 0.624869 -0.480249 -0.717901 -0.196622
-0.885454 -1.348515 0.446625 0.361799 -0.199353 -0.492463 -0.870307 0.039026 0.775145 -0.418096 0.738068 0.976628
-0.413999 -0.720949 0.568002 -0.199282 0.164597 0.750424 0.298856 -0.653685 1.022418 0.303999 0.162354 -0.185161
-1.488332 -0.113391 0.481929 -0.379808 -0.576014 -0.803725 -0.211389 -0.313821 -0.386942 0.216742 0.285164 -0.445324
0.246112 -1.003165 0.650527 -0.444169 0.043851 -0.120535 0.080779 -0.254939 0.829853 -0.002713 0.016755 0.290052
0.480583 -0.924822 0.521126 -0.633347 -0.177498 -0.150740 0.240673 -0.166816 0.601755 -0.405707 0.185713 -0.170408
-0.023676 -0.741679 1.300323 -0.785746 0.548506 0.084323 0.300970 -0.549155 0.325576 -0.233473 -0.215155 -0.384313
0.536837 -0.190828 0.792601 -0.953283 -0.524523 -0.245710 -0.390081 0.212169 0.782196 -0.268638 -0.129976 0.286934
0.148292 -0.399787 0.742570 -0.687440 0.499972 0.122667 0.164315 -0.672422 0.654736 -0.449141 -0.404176 -0.000417
0.606251 -1.261296 1.190073 -0.370023 0.409062 -0.863758 0.416539 -0.470606 -0.036099 0.205918 0.432654 -0.925546
-0.111500 -0.741605 0.959060 -0.121643 0.107155 -0.379024 0.100697 -0.183231 0.466867 -0.395283 -0.556877 0.254699
-0.098426 -0.876952 0.939949 0.311735 0.318650 -0.619301 -0.391071 0.021871 0.973334 -0.977299 0.174153 0.491346
0.635644 -0.213975 1.652181 -0.610107 0.730715 0.077594 0.119548 -0.764405 -0.029196 -0.462433 0.090532 -0.520527
0.081138 -0.700429 1.719748 -0.294075 0.194836 -0.054082 -0.270666 -0.185233 0.389526 -0.569744 0.213968 -0.127135
0.615323 -0.296989 1.202357 -0.425536 0.561234 0.004005 0.133964 -0.452112 0.006888 -0.521269 0.103485 -0.248680
0.393372 -0.051778 1.630252 -0.941352 -0.085891 -0.524007 -0.246419 -0.835381 0.453770 0.070246 0.083201 -0.424450
-0.577342 0.688015 0.540296 0.299791 0.281351 -1.055176 0.006886 -0.800037 0.471872 0.055287 -0.384015 0.069189
-0.208515 1.116471 0.899148 -0.938822 0.286297 -0.830411 -0.221007 -0.665683 0.744615 0.443779 0.275724 -0.165596
-0.138044 -0.083804 1.316393 0.032005 -0.698050 0.102749 -0.022712 -0.709014 0.029511 -0.253762 -0.603784 -0.319671
0.036291 -0.263251 -0.301105 -0.702520 -0.091261 0.575055 0.365650 -0.688103 0.568321 -0.555849 -0.300110 -0.051919
-0.883334 -0.259431 0.992108 -0.228594 -0.647098 0.167031 -0.162552 -0.152512 0.742993 0.397053 -0.171189 0.596242
0.041621 -0.709189 1.585313 -0.647060 0.128124 0.037068 -0.217179 -0.087348 0.432117 -0.596223 0.083317 0.042217
0.226602 -0.633608 1.398630 -0.395064 0.171732 0.072489 -0.304024 -0.522484 0.758448 -0.466799 0.008136 0.053360
0.881526 -1.390119 0.390790 -0.061145 -0.221467 0.057382 0.365167 -0.270666 0.768874 -0.491992 0.357320 -0.087331
0.362707 -0.226412 0.959574 -0.071599 0.501637 -0.105198 0.498151 -0.334403 0.567998 -0.008400 0.244386 -0.333264
0.538170 -1.392549 0.315216 -0.564246 0.480252 0.088775 0.352389 -0.447579 0.574311 -0.645414 -0.327419 0.227458
-1.390014 -1.145837 1.378564 -0.126322 -0.088264 -1.152211 -0.658564 -0.172968 0.664068 0.662032 0.737398 0.216755
-0.040067 -0.997414 0.981298 -0.287221 0.281326 -0.215991 0.160478 -0.568915 0.645476 -0.109436 0.200368 -0.108978
-0.061762 -0.902991 0.954718 -0.667902 0.616704 0.036081 0.108954 -0.290831 0.757707 -0.555159 -0.125114 0.172920
0.203816 -0.727740 1.084409 -0.797662 0.606584 -0.147046 0.087119 -0.366372 0.408302 -0.853084 -0.187283 -0.106316
-0.622274 -0.933112 0.320342 -0.517109 0.238293 -0.790899 -0.243195 -0.681802 1.630038 -0.169325 0.184875 0.115949
-0.380734 -1.211816 1.146621 -0.599388 -0.534575 -0.320101 -0.237207 -0.095772 0.612685 -0.428494 0.061931 0.062140
0.083012 -1.028643 0.626366 -0.173089 -0.244518 -0.340486 0.143524 0.024706 0.415083 -0.722471 -0.408376 -0.017299
-0.248373 -0.948406 1.002427 0.224782 -0.490247 -0.203868 0.766007 -0.349013 -0.101139 0.433022 -0.429830 -0.865330
-0.261524 -1.195199 0.883426 0.102599 -0.302673 -0.418929 0.199779 0.144133 0.508102 -0.000058 0.332057 -0.190601
0.432056 -0.321158 0.498525 -0.110123 0.313734 -0.328760 0.358597 -0.489268 0.670357 -0.130798 -0.192620 -0.235612
-0.360145 -0.255625 1.129435 -0.435452 -0.910173 0.438428 0.526142 -0.624352 0.895144 -0.150745 -0.684495 -0.746711
0.403511 -0.872982 0.871084 -0.890332 0.471488 -0.182174 0.386793 -1.017783 0.165794 -0.050942 -0.027614 -0.403515
0.032190 1.055151 1.306125 -0.499055 0.319656 -0.873022 -0.340634 -1.007591 0.538973 0.045210 0.190022 -0.360695
-0.725071 -1.016140 0.462187 -0.970657 0.560888 0.193374 -0.267814 -0.267627 0.858624 -0.573417 -0.080501 0.334491
-0.013987 -0.841442 0.660520 -0.178611 0.258883 0.503589 -0.322580 -0.483228 0.234727 0.245579 0.490281 0.107085
-0.545544 -1.000922 0.640540 -0.409590 0.123507 -0.101740 0.468508 -0.656336 0.919727 -0.133818 0.473232 0.064956
-0.053433 -1.283380 1.402282 -0.408117 -0.474392 -1.182022 -0.233946 -0.289878 0.890876 0.321091 0.524586 -0.568801
-0.733206 -0.963493 -0.157766 -0.180542 0.387673 -0.664113 0.000229 -0.824669 0.712796 0.300250 0.236327 0.475429
-0.494929 -0.971127 0.282068 -0.322063 0.082136 -0.512318 -0.123918 -0.677800 0.697903 -0.068236 0.196998 0.003915
-0.344525 -0.267582 0.862949 -0.337441 0.676819 0.444584 0.206145 -0.488381 0.160168 -0.311580 -0.258652 -0.110311
-0.325764 -1.491693 -0.325742 -0.021092 -0.389587 0.328811 0.622059 -0.347771 1.013806 -0.811260 -0.693532 -0.027776
0.085304 0.223167 0.820261 -0.414592 0.715374 -0.567704 0.033639 -0.998102 0.337619 0.440373 -0.243328 -1.254725
-0.090092 -0.586485 0.346787 0.650979 -0.283959 -0.161376 -0.158056 -0.385220 0.895903 -0.100646 0.131989 0.163802
-0.035912 -0.733594 0.634113 -0.159324 0.075241 -0.831979 -0.426068 0.190313 0.820527 -0.354997 0.378049 0.252095
-0.380776 -0.799246 0.661606 -0.499763 -0.187592 0.250466 0.168719 -0.630884 0.556403 -0.985472 0.049633 0.164587
0.242028 -0.107417 0.970456 -0.981832 0.357003 0.181013 0.525204 -0.460893 -0.076531 -0.497017 -0.414032 -0.030582
0.115289 -0.560660 0.300644 -0.782351 -0.004923 0.066813 0.232249 0.001502 0.730243 -0.711030 -0.326355 -0.088124
-0.889851 -0.275467 -0.242856 0.117426 -0.192736 -0.560920 -0.434200 0.253425 0.285478 0.468968 -0.056658 0.479420
-1.555703 0.215065 -0.134877 -0.396117 -0.486237 -1.507090 -0.504484 -0.157128 1.003463 0.752883 0.361666 -0.356267
0.114031 -1.065591 0.923712 -0.323428 0.196985 -0.159567 0.017876 -0.902027 0.676043 -0.598184 -0.199358 -0.514510
0.472580 -0.545029 1.414557 -0.452408 0.091822 -0.334715 -0.367535 -0.437468 0.322043 -0.366869 -0.291055 -0.571011
0.183692 -0.970725 1.016675 -0.714182 0.098385 0.446559 0.182602 -0.445282 0.441509 -0.687690 0.224360 -0.413848
0.116863 -0.511064 1.728835 -0.510609 0.211221 -0.319099 0.197605 -0.762291 0.311718 -0.110044 0.304050 -0.011508
0.143104 -0.637078 1.774576 -0.346349 0.689867 -0.699580 0.023826 -1.013805 0.261909 0.067678 -0.280915 -0.659123
-1.091093 -0.489816 0.968573 0.004456 -0.700219 -0.596228 0.220306 -0.063313 0.448939 -0.477735 -0.260894 0.092346
-0.472807 -0.603254 0.394142 -0.634133 -0.452026 0.002502 0.191685 -0.420627 -0.117229 0.433360 0.412346 -0.237147
0.292689 -0.319109 0.464336 0.284572 0.147467 -0.340135 0.494824 -0.155831 0.685665 -0.509487 -1.050068 -0.069672
-0.851339 -0.003862 0.137376 -1.139920 0.144346 -0.517042 0.020981 -0.659170 0.650030 0.530585 0.617698 0.243162
-0.810200 -0.895921 0.133015 -0.086424 -0.106151 -0.792719 -0.076019 -0.159311 0.299728 0.197911 0.044373 0.157948
-0.132542 -0.952540 0.609642 -0.321884 0.351477 -0.158804 0.523296 -0.368714 0.417963 0.077855 0.411952 -0.452800
-0.051781 -1.084463 0.532532 -0.164268 -0.048253 0.092567 0.390761 -0.102317 0.790285 -0.627264 -0.312067 -0.142188
0.276012 -1.081467 0.786329 -0.745107 -0.248172 0.176940 0.150747 0.146084 0.362943 -0.542010 -0.112107 -0.332058
-0.463480 -0.121530 0.505966 0.165250 -0.607857 -0.884302 -0.162912 0.020958 -0.152944 -0.210362 -0.346516 0.160107
0.341722 -0.946226 0.995198 -0.874454 0.640600 -0.961365 0.216971 -0.378167 0.167580 0.254475 0.371360 -0.453132
0.324820 -0.977462 0.879820 -0.412333 -0.036246 0.338886 0.943589 -0.895527 0.524714 -0.522701 0.025591 -0.713950
-0.719247 -0.425060 -0.820017 0.345435 0.117384 -0.326486 -0.987655 0.206588 -0.062356 -0.229916 0.372993 0.432953
0.259629 0.065178 1.180352 0.038926 -0.627491 0.029655 -0.163333 -0.083483 0.761531 0.232593 -0.396035 -0.548841
-0.349421 -0.319086 0.239766 -0.075777 -0.134909 -0.218709 0.136042 -0.353010 0.875259 -0.350907 -0.246505 -0.070800
-0.039943 -0.618289 -0.014784 -0.118550 0.117728 -0.150484 -0.480222 -0.574275 0.207922 -0.448068 0.103001 -0.052200
-0.599247 -1.421021 1.111216 -0.346400 0.834562 -0.114385 0.359988 -1.020548 -0.289087 -0.089922 0.076238 -0.503166
-0.180978 -0.464807 0.072959 0.025408 -0.516647 0.258085 0.363196 0.242378 0.428356 -0.100462 -0.029214 0.118648
-1.199678 -0.204574 1.350739 -0.547792 -0.270680 -0.609367 -0.141846 -0.756719 1.001689 0.004760 0.683668 -0.048679
-0.858874 0.071339 1.200805 -0.820123 -0.306614 -0.513054 -0.370712 -0.256447 0.434219 0.807197 0.497015 0.158609
-0.228202 -0.172349 1.015365 -1.629458 0.640352 -0.272265 0.612064 -0.937249 -0.232854 0.266628 -0.718882 -0.443599
-0.260796 -1.110372 0.933725 -0.692264 0.574681 -0.309934 0.333728 -1.254799 0.119722 0.192735 0.442210 -0.477828
0.188260 -1.038464 1.627519 -0.692464 -0.159180 -0.565575 -0.089832 -0.354763 0.414209 -0.299443 0.290397 -0.359209
-0.732170 -0.065017 1.041414 -0.003483 -0.409312 -0.464163 -0.612222 -0.056430 0.516005 -0.008445 0.103409 0.493765
-0.184577 -0.272241 0.438368 -0.463187 -0.946181 -0.645457 -0.035397 0.056343 0.906433 0.113428 0.322392 -0.022356
0.198938 -0.620215 1.050316 -0.497126 0.307308 -0.187410 0.059628 -0.688948 0.317666 -0.306915 -0.168134 -0.214736
-0.076612 -0.582891 1.560286 -0.528069 0.507841 -0.623322 0.140774 -0.592383 0.238551 -0.002824 0.102577 -0.263411
0.370535 -0.128043 0.847248 -0.276107 -0.580031 1.417773 1.249833 -0.303920 0.328180 0.107051 -0.186834 -0.508414
0.666321 -0.032461 1.343107 -0.175470 -0.705030 1.391599 1.474390 -0.688174 0.270957 0.557118 -0.148158 -0.910008
0.521776 -0.368867 0.401150 -0.634328 -0.338759 1.412352 1.321756 -0.565781 0.506958 0.411108 0.024952 -0.235560
0.366280 0.185286 0.969581 -0.468618 -0.697316 1.215439 1.258929 -0.385586 0.159218 0.124680 -0.253611 -0.584993
0.538868 -0.143894 0.768713 -0.213238 -0.329589 1.423523 1.123302 -0.071495 0.162075 0.279896 -0.175337 -0.598646
0.335440 -0.241644 0.719554 0.123575 -0.254488 1.363629 1.312439 -0.132109 0.405850 0.384256 -0.164352 -0.496346
0.169695 -0.527058 0.427702 -0.404861 -0.435116 0.992654 1.272488 -0.254815 0.922187 -0.087753 -0.271358 0.040772
0.206982 -0.646113 0.202688 -0.746318 -0.366661 1.304148 0.942826 -0.603132 0.223558 0.449621 -0.099573 -0.268885
0.307837 -0.093432 0.863781 -0.529171 -0.491521 1.379185 1.294818 -0.503688 0.450111 0.159865 -0.253940 -0.437652
0.191088 -0.031825 0.679577 -0.064840 -0.176013 1.333981 1.172821 -0.096617 0.414458 0.520167 -0.211771 -0.541001
0.269244 0.056914 0.799470 -0.412763 -0.556534 1.423398 1.150891 -0.213142 0.323641 0.162014 -0.305387 -0.485614
0.044957 -0.329212 0.534392 -1.155186 -0.127044 1.097033 1.136579 -0.996134 0.685418 0.165465 -0.157766 0.014050
0.152161 -0.881923 0.121174 -0.831035 -0.180214 1.322206 1.086807 -0.644088 0.584139 0.356542 -0.173181 0.055154
0.247876 -1.067830 0.272106 -0.644663 -0.099658 1.489890 1.116988 -0.575535 0.481720 0.314593 -0.390020 0.004472
0.154298 -0.054060 1.104099 -0.279328 -0.528757 1.596674 1.171253 -0.418461 0.314770 0.393969 -0.421202 -0.722066
0.218809 -1.346884 0.248773 -0.290286 0.047856 1.343944 0.779664 -0.611472 0.585312 0.463492 -0.850874 0.175526
-0.140990 -0.446147 0.531287 -0.825401 -0.489344 1.459503 1.150714 -0.689757 0.735572 0.123671 -0.385406 -0.074096
0.290760 -1.082660 0.302150 -0.617886 -0.089089 1.501104 1.175448 -0.614810 0.514858 0.335894 -0.387509 -0.003653
0.377327 0.488904 1.231138 -0.389170 -0.679140 1.403741 1.311606 -0.245986 0.200964 0.602475 -0.315199 -0.843648
0.203606 0.246371 0.917920 -0.464131 -0.611798 1.318560 1.015269 -0.143413 0.388994 0.230444 -0.230559 -0.480118
-0.073373 -0.612331 0.762658 0.248948 0.027339 1.550292 0.989386 -0.351034 0.495429 0.813199 -0.532700 -0.625289
-0.214343 -0.627636 0.612550 -0.351651 -0.187244 1.506278 1.063786 -0.589963 0.772282 0.413178 -0.484349 -0.237562
0.229054 0.355956 0.608570 -0.988910 -0.000365 1.407556 1.408498 -0.412878 0.131124 0.890716 -0.393608 -0.814154
0.159404 -0.132286 1.129989 -0.888189 -0.711733 0.880102 1.129486 -0.767400 0.653183 0.435445 -0.187008 -0.396105
0.009281 -0.092803 0.768864 -0.756910 -0.431074 1.134169 1.085864 -0.690807 0.353209 0.615665 -0.197759 -0.300605
0.244157 -0.110530 0.688598 -0.421499 -0.435372 1.481673 1.125702 -0.304427 0.447511 0.377616 -0.175227 -0.491999
0.061564 -0.102476 0.760417 -0.756387 -0.551971 0.884327 1.226077 -0.513354 0.630649 0.013023 0.010815 -0.747455
0.122185 -0.788972 0.499742 -0.601444 -0.228790 1.514754 1.164678 -0.607461 0.549309 0.309990 -0.419204 -0.159043
0.154298 -0.054060 1.104099 -0.279328 -0.528757 1.596674 1.171253 -0.418461 0.314770 0.393969 -0.421202 -0.722066
0.247340 -0.013063 0.837004 -0.362817 -0.595403 1.393997 1.226272 -0.417194 0.448876 0.194173 -0.189155 -0.538054
0.280401 -0.029860 0.684546 -0.349013 -0.512231 1.373237 1.288165 -0.368120 0.594663 0.152827 -0.290684 -0.338926
0.229054 0.355956 0.608570 -0.988910 -0.000365 1.407556 1.408498 -0.412878 0.131124 0.890716 -0.393608 -0.814154
0.244294 0.076672 0.785086 -0.485381 -0.733896 1.336732 1.167426 -0.207910 0.281251 -0.124581 -0.241996 -0.385717
-0.369265 -0.580662 0.656048 -0.001189 -0.276316 1.442713 1.097825 -0.737544 0.663315 0.243401 -0.619242 -0.169034
0.184659 0.043895 1.184725 -1.268060 -0.717119 1.046747 0.953085 -0.687149 -0.043492 0.268998 -0.181675 -0.598626
-0.003510 -0.652645 0.588435 0.653234 0.193245 1.388240 0.922798 -0.293343 0.628431 0.951545 -0.491039 -0.511236
0.417950 -0.066642 0.786065 -0.354497 -0.531894 1.441602 1.201178 -0.122670 0.260681 0.172278 -0.180648 -0.527285
0.381920 -0.191932 0.526074 -0.067711 -0.268427 1.117453 1.199049 0.050507 0.352878 0.140332 -0.328571 -0.654665
0.093815 -0.155732 0.941164 -0.778708 -0.294651 1.095492 0.741831 -0.375512 0.589293 0.741896 -0.326570 -0.348609
0.350210 -0.170491 0.659287 -0.186567 -0.175269 1.338100 1.087940 -0.040442 0.261376 0.522052 -0.091279 -0.650426
0.274003 0.058689 0.705059 -0.437342 -0.978584 1.047457 1.200583 -0.719032 0.532556 0.227795 0.084738 -0.734798
0.113038 -0.426285 0.596380 -0.597573 -0.411800 1.524232 1.242582 -0.561909 0.476600 0.264038 -0.417891 -0.195437
0.196096 -0.526146 0.538523 -0.613699 -0.396536 1.441083 1.235385 -0.591443 0.613418 0.264955 -0.189310 -0.242714
