0.107290 -1.372917 -0.162043 -0.331022 0.095442 0.324008 0.164372 -0.264963 0.357268 0.242218 0.406250 0.264207
0.256747 -1.125746 0.487238 0.317579 -0.302545 -0.698030 -0.262287 -0.174506 0.089960 -0.764438 -0.596119 -0.441382
-0.365475 0.019900 0.697871 -0.525488 0.611247 -0.661279 -0.091748 -1.070532 0.972870 0.125761 0.575215 -0.283588
-0.897245 -0.546298 0.541544 -0.548649 -0.515802 0.150589 -0.272545 -0.599681 0.923724 0.213605 -0.077765 0.555512
0.098786 -0.712177 0.127834 -0.336216 -0.336976 0.478019 -0.354609 -0.336518 0.404290 -0.164544 -0.284515 0.192231
0.510007 -0.426615 0.880580 -0.308275 0.177120 -0.260193 0.623805 0.470560 -0.067906 -0.658562 -0.759197 0.158433
-0.465390 -0.418443 0.134320 -0.230892 -0.224221 0.019034 0.219921 -0.340628 0.872453 -0.067010 -0.111758 0.061536
-0.028481 -0.335824 0.364536 -0.349026 0.450166 -0.645917 0.176917 -0.382291 0.638737 -0.803061 -0.471593 -0.371074
-1.432112 -0.733878 0.184048 -0.956784 -0.273157 -0.319467 -0.783008 -0.320553 1.004167 -0.348174 -0.031785 0.494134
-0.039138 -1.297350 0.568184 -0.840249 -0.158823 -0.606201 0.021643 -0.257035 0.466901 -0.392862 0.245506 -0.356955
0.595731 -1.055134 0.070699 -0.718962 0.158923 -0.288730 0.198173 -0.055984 0.664528 -1.155612 -0.660713 0.128144
0.116143 -0.016330 0.740177 0.042021 -0.295624 -0.598397 -0.101886 -0.560578 0.523776 0.288964 0.155899 0.060427
-0.397613 -0.760947 0.258110 -0.448492 -0.373505 0.032605 -0.005474 -0.168222 1.216530 -0.185923 0.072773 0.361954
0.084028 -0.439869 0.675230 0.721244 -0.094825 0.038956 0.437737 -0.165937 0.680776 0.382379 0.174661 0.209145
-0.112944 -1.168140 0.473663 -0.200068 0.437166 -0.495808 0.412145 -0.595368 -0.202219 0.235483 -0.043333 -0.045666
0.187338 -1.095912 0.446959 -0.857523 0.609215 -0.225793 -0.284256 -0.312109 0.846177 -0.150844 0.442906 -0.037342
0.237175 -0.202473 1.123498 -0.542862 0.140981 -0.372221 0.448548 -0.712910 -0.380498 0.354551 -0.282237 -0.398795
-0.291209 -0.533347 0.430139 -0.323633 0.561578 0.062730 0.535815 -0.669210 0.998593 -0.345323 -0.104435 0.246177
0.420368 -0.118969 0.977563 -0.606748 0.514630 -0.960411 -0.721548 -1.051254 0.430890 0.566131 0.265927 -0.637359
-0.065239 -1.205675 0.233695 -0.207826 0.600349 -0.172806 -0.079857 -0.713204 0.260550 -0.423206 0.481470 -0.588060
0.060083 -1.082637 1.135783 -0.410706 -0.139444 0.298674 0.096847 -0.042110 0.486702 -1.000485 -0.790647 -0.158549
0.035566 0.242236 1.379774 -0.598565 -0.540673 -0.186141 0.387196 -0.533559 -0.005033 0.195343 -0.789485 -0.124384
0.605419 -0.139838 0.580375 -0.298720 -0.403060 0.327633 0.592868 -0.176364 0.162624 -0.472232 -0.499292 -0.253150
-0.619477 -0.789265 0.254878 0.366182 0.074550 -0.625957 -0.530526 0.405919 1.203495 0.045129 0.650229 1.044609
-0.723395 -0.175588 1.431454 -1.246425 -0.088361 -0.497842 0.175147 -1.223317 0.569069 0.627637 0.575979 -0.879658
0.539047 0.228346 0.787217 -0.494924 -0.235317 -0.332582 0.192928 -0.334411 0.461623 0.627696 -0.573039 -0.703233
0.181602 0.818929 1.133070 -0.346684 0.513790 0.218805 0.313296 -0.669912 0.398662 0.466620 -0.182512 -0.642829
-0.544229 0.450934 0.648970 -0.105317 0.063609 -1.322587 -0.044299 -0.267478 0.951251 0.215924 0.106382 -0.491779
-0.245545 -0.600099 0.560614 0.135295 -0.156399 0.603166 0.865922 -0.411856 0.743617 -0.318727 -0.379993 -0.043185
-0.030561 0.258670 0.912427 0.013370 0.362727 0.524414 0.605782 -0.477485 0.063386 -0.864121 -0.150319 0.183223
0.197431 -0.438500 1.334825 -0.571355 0.435047 -0.331300 -0.148228 -0.205267 0.361780 -0.313200 0.012139 0.017121
-0.410372 -0.157464 0.306230 -0.206822 0.582108 -0.580649 -0.165921 0.104155 1.157435 0.607304 0.608438 -0.474216
-0.036859 -0.652418 0.811256 -0.479140 -0.118218 0.041528 -0.268646 -0.316222 0.955786 -0.663325 -0.055667 0.403221
-0.235283 -1.116043 1.205286 0.167890 -0.671521 -0.285581 0.354054 -0.551174 0.708003 -0.371515 -0.289558 -0.400937
-0.000128 -1.285395 1.127734 0.364764 0.104145 0.271731 0.494664 -0.286725 0.271049 -0.598391 -0.542118 -0.086846
0.516032 -0.642532 -0.214697 -1.006038 0.711179 0.499819 0.779207 -0.736970 0.837837 -0.173397 -0.666524 0.098751
0.134557 -0.465823 0.998543 -0.077611 -0.198177 -0.659500 -0.147098 -0.155212 0.386166 0.760439 -0.215851 -0.075928
-0.421403 -1.191296 0.214324 0.705057 0.230866 -0.142805 -0.053104 -0.726961 0.665244 -0.044808 0.033415 -0.065701
-0.267624 -1.119958 0.811730 -0.346927 1.259494 -0.432556 0.181545 -1.346279 0.101029 0.794562 1.023188 -0.420957
-0.535884 -1.066251 1.148343 -0.816633 -0.869591 -0.051771 -0.037087 -0.395443 0.515403 -0.112679 0.297173 -0.094711
-0.020494 -0.887844 0.978531 -0.232598 -0.203180 -0.713129 -0.509454 -0.615864 0.674114 -0.506652 -0.374115 -0.152501
-0.612831 -0.755298 0.940895 -0.014461 -0.024014 0.230535 -0.374471 0.181697 0.674651 -0.240778 0.155554 0.489149
-0.395617 0.181280 1.012166 -0.275187 -0.208972 -0.401218 0.404700 -0.225395 0.541008 0.469317 0.595901 -0.043109
0.190141 -0.796399 0.215310 -0.275719 0.053623 -0.415844 -0.133348 -0.356585 0.619010 -0.283102 0.175085 0.439559
-0.060638 0.339116 1.094189 -0.610393 0.499366 -0.895841 0.262568 -0.719445 -0.049741 -0.131561 0.307359 -0.056672
-0.151069 -0.760664 1.084820 -0.570221 -0.412835 -0.704047 0.245434 0.347835 0.298655 0.068778 0.778835 0.180661
0.181668 -0.915325 1.105530 0.116862 0.195799 0.036572 0.326568 -0.970121 0.150943 -0.116599 0.315114 0.142363
-0.128921 -0.764292 0.970207 -0.855378 -0.057849 -0.425613 -0.152755 -0.266689 0.403512 -0.503804 0.099178 -0.071786
0.023876 -1.151484 0.937099 -0.249217 -0.028488 -0.160453 -0.094360 -0.766478 1.095736 -0.574941 0.400931 0.359077
-0.114445 -0.938797 0.900431 -0.173921 0.477451 -0.277696 0.091830 -0.874115 1.242102 -0.383061 0.395957 0.402179
0.098517 -0.772657 1.125969 -0.195213 0.518485 -0.582561 0.165734 -0.241008 0.371463 -0.772480 0.103546 -0.094410
-0.051611 0.076741 1.160043 -0.689611 -0.337241 -1.274169 -0.294249 -0.101598 0.366491 0.512344 -0.280542 0.473915
-0.121386 -0.806443 0.541093 -0.138319 0.164613 -0.465927 -0.682979 -0.383322 1.164916 -0.098520 -0.383296 0.725070
-1.028655 -0.498859 0.602507 -0.926456 0.384465 -0.174680 -0.729626 -0.565301 0.941607 0.380195 0.183572 0.378695
0.085996 -0.660655 0.745611 0.015946 -0.031626 -0.201034 1.012329 -0.324802 0.089451 -0.643876 -0.941442 -0.043279
-0.295378 -0.212979 1.160588 -0.298156 0.880656 -0.235739 0.177505 -1.077714 0.319083 -0.042416 0.151029 0.120644
0.159163 -0.377230 1.063531 0.333054 -0.008115 0.160255 0.193611 0.138140 0.415189 -0.729093 0.201326 -0.114613
-0.142499 -0.498179 1.403103 -0.775147 0.401939 -0.294857 -0.090332 -0.777063 -0.080357 -0.519334 0.059973 -0.330765
0.495451 -0.623912 0.708545 0.132458 -0.318924 -0.172649 0.287310 -0.126434 0.640748 -0.846472 -0.046204 -0.496399
0.285928 -0.102908 0.963658 -0.443064 -0.052413 -0.846354 -0.062409 -0.588542 0.555035 0.645155 -0.048377 0.117499
0.735814 -0.407680 1.624088 -0.133103 0.549358 -0.004621 0.390923 0.486156 -0.173431 0.096736 0.015933 -0.792360
-0.390916 -0.654604 0.282246 -0.510484 0.507097 0.025988 0.434123 -1.039935 0.570159 -0.176998 -0.453457 -0.123555
0.515292 -0.770773 0.675594 -0.844890 0.019980 -0.339181 -0.209306 -0.628586 0.591037 0.418535 0.482790 -0.324420
-0.070052 -0.601341 1.006317 -1.212885 -0.286624 -0.275394 -0.504845 -0.660419 0.937303 0.129883 0.035275 -0.142077
-0.803133 -0.863124 1.181804 -0.495630 0.432816 -0.251259 0.169558 -0.951662 0.567422 -0.471051 0.073806 0.230006
0.174865 -0.232596 1.194565 -0.098846 -0.476102 0.052084 0.709949 -0.141861 0.687955 -0.043858 -0.312440 -0.340600
0.011789 -0.700934 0.079520 0.349331 -0.004938 -0.014538 0.481060 -0.180519 0.982772 -0.310421 -0.445479 -0.555282
-0.199713 -0.825863 0.206022 -0.076193 -0.035021 -0.634857 0.510198 0.357398 0.558583 -0.165912 -0.470946 -0.582030
-0.612989 -0.574700 0.585777 -0.684456 0.200791 -0.865661 -0.191553 -0.678005 0.653316 0.285239 0.748242 0.102325
-0.307293 -0.155744 0.831660 -0.558677 -0.236541 -0.656670 0.652434 -0.766635 0.869247 0.052814 0.243894 -0.201225
-0.043488 -0.928601 0.780055 -0.245109 0.032744 -0.957343 -0.499733 0.065961 1.045472 0.412927 0.509398 0.081414
-1.021255 -0.386820 1.573070 -0.600538 0.076471 -0.591665 -0.291032 -0.197811 0.406199 0.085941 -0.175495 -0.215179
-0.431533 -0.793401 0.196569 -0.405672 0.054432 -0.051477 0.244569 0.118270 0.516824 0.045885 0.377051 0.158446
0.575996 -0.504437 0.270366 0.111495 0.252563 -0.519309 0.236059 0.456688 0.175113 -0.989789 -0.983380 -0.598342
0.804954 -0.188503 0.607223 -0.601538 0.510943 0.474058 0.122573 -0.077708 0.051156 0.016915 0.029638 -0.108437
-0.189866 -0.688800 0.574034 -0.658515 0.001580 0.052269 0.472694 -0.575058 0.222324 -0.897228 0.416776 -0.648922
-0.065658 -1.110509 -0.934701 -0.860579 0.359280 -0.091743 0.606291 -0.190450 0.662530 -0.029824 0.320426 -0.357247
0.009610 0.751999 1.503276 -0.597848 -0.586119 -0.718101 -0.308283 -0.950815 0.400410 0.309356 0.684727 -0.481940
0.318090 0.972436 0.628346 -0.395065 0.107103 -0.327231 -0.844815 -0.823971 0.155327 -0.073818 -0.031255 -0.061751
0.382840 -0.972649 0.753674 -0.789827 0.131900 0.164595 0.264451 -0.413029 0.557999 0.240740 0.128986 -0.045893
-0.435252 -0.963809 0.539324 -0.318200 -0.213736 0.027750 -0.325381 -0.080192 0.944440 -0.082171 0.315332 0.561566
0.065774 -0.190601 0.702680 -0.990303 -0.744764 0.176613 0.511173 -0.606637 0.939591 0.085072 -0.259097 -0.829199
-1.039750 -0.457525 0.101066 -0.869766 -0.436840 -0.607013 -0.592056 -0.160878 0.425613 0.459689 -0.181735 -0.200630
-0.407880 -0.206077 -0.070876 -0.084019 -0.126998 0.150345 0.410267 -0.478791 0.881634 0.531070 -0.237077 0.039215
-0.866652 -0.482677 0.725279 -0.394304 -0.497345 0.010031 0.730975 -1.256733 0.398903 -0.796262 -0.131239 -0.363139
-0.798650 -0.973138 1.139385 0.806044 -0.084152 -0.183742 0.024378 -0.269093 0.343396 0.161644 -0.092832 0.401822
-0.525922 -0.371940 1.437906 -0.475054 -0.516104 -0.578468 -0.023471 -0.682022 0.408680 0.297067 0.118092 -0.273908
-0.557655 -0.302007 0.143464 -0.930682 -0.245713 0.024569 -0.328033 -0.725803 0.776709 0.735828 -0.302613 -0.106131
0.139471 -1.028233 0.317995 -0.646839 -0.169365 0.425047 0.579888 -0.682148 0.624292 0.366096 0.133834 -0.122218
-1.065719 0.019738 0.719216 -0.025042 -0.143697 -1.011210 -0.528499 -0.037195 0.543791 0.065867 0.326246 0.329550
-0.808472 -0.118769 0.487008 -0.199840 -0.452221 -1.139226 -0.699700 0.025121 0.603857 0.096549 0.365476 0.346977
-1.255738 0.694015 0.529082 -0.224055 -0.668057 -0.858881 -0.548374 0.000770 -0.053018 -0.134637 0.107779 -0.160181
-0.234731 -0.205044 0.746959 0.513891 0.209469 -0.285180 0.725680 -0.885964 0.221136 0.889555 0.257957 -0.602760
-0.017526 -0.033760 1.190480 -0.226911 -0.236314 0.583974 0.375664 -0.001685 0.127902 -0.465546 0.019826 -0.302578
-1.100275 -0.186126 0.920015 -0.277752 -0.218401 -0.177524 -0.417766 -0.578781 0.874586 0.037835 0.382939 0.399932
0.310253 -0.679661 0.379762 -0.441438 0.466397 -0.587656 0.300840 -1.035610 0.209973 -0.442154 0.215582 0.122661
-0.273382 -0.849265 0.779973 -0.259739 -0.140871 -0.351714 -0.202780 0.125882 0.732142 0.259708 0.048212 -0.632018
0.206912 -0.749904 0.835519 -0.592746 -0.307074 -0.298453 0.007439 -0.880632 0.818818 0.528028 0.134137 -0.579945
-0.037905 -0.527751 1.238545 -0.629017 0.253810 -0.022555 0.768950 -0.977147 0.090966 -0.444763 0.451803 -0.485945
-0.060457 -0.024904 0.389156 -0.213141 0.558621 -0.332386 0.555961 -1.027070 0.449380 -0.286644 0.547585 -0.450873
-0.577069 -0.502723 0.629362 -0.857201 -0.663132 -0.055022 0.185314 -0.512505 0.655561 -0.014953 0.014826 -0.879831
-0.098136 -0.117767 0.697835 -0.935174 -0.468092 0.137636 0.342363 -0.186640 0.636705 0.482176 0.436432 -0.998279
0.029254 -1.245831 0.360525 -0.912265 0.307097 0.138160 -0.157198 -0.897066 0.419547 -0.385579 0.339066 0.047033
-0.277363 -0.863802 0.282903 -0.493341 0.284749 0.262912 0.163369 -0.469896 0.763893 0.255716 0.062841 0.268519
-0.343733 -0.950489 0.914506 -0.033788 -0.273843 -0.212896 -0.376820 -0.198121 0.704412 0.099134 0.225778 -0.070281
-0.000526 -0.926816 1.331976 -0.138052 -0.378530 0.483412 0.209614 -0.534225 0.927197 -0.546302 -0.087191 0.273232
-0.465914 -0.340390 0.926548 -1.256604 0.345447 -0.719479 0.433557 -1.323007 0.232467 0.042028 0.294130 -0.437085
0.568998 -0.395221 1.566625 -1.075791 0.041031 0.157386 0.065949 -0.749075 0.352103 -0.384921 0.258316 -0.184795
-0.140095 -0.298082 1.416602 -1.230010 -0.032991 0.158029 0.413228 -1.455565 0.731881 -0.150172 -0.156092 -0.349486
-0.658608 -0.229849 0.036468 0.004734 0.004612 0.043438 -0.320637 -0.391584 0.611695 0.193506 0.351642 0.029586
-0.241915 -0.113226 0.807621 -0.486778 0.625861 -0.123323 0.239220 -1.330728 0.142718 0.340812 0.228103 -0.741328
-0.060352 -0.458178 0.093297 -1.223629 0.412858 -0.443690 -0.268372 -0.769959 0.528670 0.348232 -0.314392 -0.505293
-0.637696 -0.892134 0.771055 0.132524 -0.183305 -0.368107 0.287369 -0.780653 0.955660 -0.119473 0.377015 0.138500
-0.602926 -0.703049 0.051317 -0.798803 -0.352166 -0.132630 -0.197207 -0.618593 0.767566 -0.411614 -0.311782 -0.323993
-0.557223 -0.331348 0.930241 -0.200223 0.146963 -0.617474 0.000637 -0.633878 0.807197 -0.390666 0.222868 0.387792
-0.288146 -0.636341 0.533916 -0.939357 -0.549578 0.992638 0.204161 0.126142 0.950360 -0.655845 0.232311 0.219518
-0.468232 0.931615 1.178988 -0.229220 -0.599963 -0.492295 -0.372937 -0.032545 -0.259189 0.074946 0.143967 -0.026921
-0.419768 -0.101226 0.554184 -0.291559 -0.266965 -0.495860 0.269623 -0.463276 0.707026 -0.389228 -0.122127 0.357995
0.233115 -0.823598 0.732988 -1.053574 0.450867 -0.945592 0.260761 -1.526450 0.166093 -0.082315 0.244099 -0.849665
-0.155249 -0.601712 0.673778 -0.633772 0.691050 -0.111365 -0.619039 -0.177260 0.421220 -0.419547 0.008890 0.220108
0.245974 -0.666569 0.691568 -1.183585 -0.550932 -0.273668 0.816953 -1.046602 0.475435 -0.226184 0.324813 -1.371055
-0.190771 -1.020600 0.219034 -0.546164 0.078678 0.606537 0.470037 -0.524267 0.473700 -0.012781 0.277241 -0.242533
0.146859 -0.494734 0.946776 -0.432675 -0.099118 0.107323 0.405291 -0.723214 -0.030403 -0.517970 0.628331 -0.464520
-1.208537 -0.618494 0.757539 -0.376924 0.442457 -0.714335 0.054896 -0.844629 0.682491 -0.324733 -0.061660 0.113048
0.115769 -0.649674 0.558988 -0.952009 0.034894 0.045837 0.773102 -0.670538 0.391231 -0.124763 -0.166066 -0.227058
0.284573 -0.551191 0.635269 -0.744342 -0.502642 -0.375694 1.016114 -0.620806 0.411833 -0.444565 -0.707875 -0.891336
0.015412 -1.147624 0.430896 -0.957586 0.449375 0.337390 -0.530405 -0.760823 0.863983 0.226420 -0.190313 0.002279
-0.323426 -0.795987 0.636825 0.599929 -0.320932 -0.416988 0.005028 0.562089 0.492075 -0.315927 0.734417 0.468500
-1.179429 -0.048967 0.702296 0.052319 -0.759311 -0.837047 -0.500442 0.013221 0.319535 0.145559 0.366747 0.672551
-0.808472 -0.118769 0.487008 -0.199840 -0.452221 -1.139226 -0.699700 0.025121 0.603857 0.096549 0.365476 0.346977
-1.122159 0.052039 0.554241 -0.698487 -0.309400 -0.705809 -0.678877 -0.076237 0.889860 0.903650 0.352247 -0.406829
-1.022045 -0.269028 0.443767 -0.337808 -0.553976 -0.515232 -0.434355 -0.025951 0.597348 0.574626 0.601596 0.448137
0.298102 -0.958102 -0.315061 -0.667305 0.180167 0.667358 -0.016207 -0.580021 1.046690 -0.056593 -0.291910 0.005994
-0.107844 -0.756272 0.231712 -0.007395 -0.141515 -0.900855 -0.391241 0.063396 0.449830 0.719712 0.171642 0.018453
0.033307 -0.464000 0.586996 -0.810176 -0.198227 -0.238657 0.081210 -0.275903 0.450456 0.152597 -0.024456 -0.304123
-0.189424 0.470905 1.003515 -0.159423 -0.138682 0.496775 0.481528 -0.292494 0.476039 -0.069476 0.149273 -0.492671
-0.374296 0.072558 1.707475 -0.887265 -0.194406 -0.626127 -0.459831 -0.679714 -0.215534 0.379138 0.166392 -0.418603
-0.534015 -1.193197 0.787847 -0.166808 0.315995 -0.801463 -0.571584 -0.366543 1.089602 -0.504910 -0.042357 0.803858
-0.694741 -0.502075 0.519847 -0.738844 0.381003 -0.284284 -0.433279 -0.638359 0.691681 0.609796 0.379980 0.672934
-0.353878 -1.256558 0.766461 -0.077591 0.207143 0.335646 0.109374 0.068387 0.543999 -0.272184 0.292108 0.540388
-0.196052 -0.175700 0.381904 0.186659 0.385125 -0.520355 -0.286951 -0.790163 0.605194 0.322735 0.477005 0.426561
-0.426638 -0.928041 0.500218 -0.076329 0.669465 -0.299120 -0.395353 -0.585346 1.034945 0.110008 0.063830 0.206716
-0.207516 -0.257177 1.276232 -0.148072 -0.059039 -0.057080 -0.162882 -0.289933 0.410263 -0.708066 0.085462 0.202249
0.053452 -0.092950 0.107363 0.435438 0.514328 0.234926 0.534982 0.019690 0.659843 0.063101 0.425618 -0.002788
-0.860735 -0.213112 0.197045 -0.285620 -0.381136 -1.112635 -0.266674 0.312419 0.636375 0.658989 0.595264 0.166485
-0.000526 -0.926816 1.331976 -0.138052 -0.378530 0.483412 0.209614 -0.534225 0.927197 -0.546302 -0.087191 0.273232
-0.375475 -0.597752 0.250004 -0.510976 0.521749 0.054426 0.132957 -0.970543 0.750903 -0.187996 -0.048753 0.377860
0.379925 -0.396459 0.210595 0.091514 -0.475397 -1.085751 0.366320 -0.316149 0.262671 -0.343855 -0.405538 -0.222936
0.204123 -0.299874 0.818482 -1.171343 0.123197 0.192546 0.143571 -0.824442 0.682486 0.450879 0.495304 -0.693307
0.082970 -0.677201 0.620654 -0.540345 0.362068 -0.320978 -0.054894 -0.402291 0.660108 -0.007724 -0.108533 -0.036374
-0.195146 -0.541043 0.758407 -0.541954 -0.063155 -0.755761 0.099037 -0.717183 0.414954 -0.044298 -0.191562 -0.136686
-0.791035 -0.811347 0.314766 -0.466150 0.684897 0.178473 0.063131 -1.013013 0.904235 0.453969 0.304242 -0.169331
-0.548292 -0.899088 0.266560 -0.726279 0.197937 -0.244200 0.777737 -0.935839 0.595522 -0.071890 0.280872 -0.379125
-0.255462 -0.741933 0.903856 0.085257 0.232611 -1.025994 -0.248413 -0.646535 0.735447 0.196454 0.489248 0.210955
0.237698 -0.637509 0.761796 0.048266 0.565220 0.164285 0.720249 -0.967338 0.148251 -0.458893 -0.051053 -0.438584
-0.063152 -0.587887 0.238728 -0.784264 0.369013 -0.267077 0.094143 -0.855106 0.040519 0.362215 0.129873 0.136588
-0.491333 0.515478 -0.124422 0.079776 -0.585396 -0.688363 0.262342 -0.022588 0.784728 -0.615813 -0.624058 -0.117002
-0.546038 -0.680610 0.765673 -0.442327 -0.164391 -0.258849 -0.377115 -0.633705 1.100614 0.022892 -0.213001 0.374318
-0.040688 -0.794569 0.739575 -0.398058 -0.208999 -0.491177 0.363058 -0.347770 0.658826 0.311956 0.028806 -0.469676
0.585532 -0.332270 0.802240 0.128741 0.555885 0.064684 0.619373 -0.066191 0.885559 -0.046456 -0.901580 -0.003610
0.017493 -0.677702 0.162161 -0.831259 0.457465 0.201460 0.340252 -0.482043 0.597397 0.282601 -0.434311 -0.330205
0.250795 -0.326257 0.651171 0.062344 -0.520715 0.468471 0.453997 -0.323195 0.660463 -0.462630 -0.466484 -0.369203
-0.274412 -0.987153 0.740690 -0.488148 -0.006670 -0.459696 -0.241852 -0.766384 1.657011 -0.209670 -0.034461 0.281549
-0.087987 -0.920545 0.438136 0.043289 0.470554 -0.157975 0.507860 -0.956473 0.486373 0.126889 -0.240224 -0.055136
0.422571 -0.650468 0.821003 -1.003268 0.034628 -0.759643 -0.008456 -0.597253 0.500697 -0.160183 -0.174511 -0.197869
-0.540271 -0.337116 1.612161 -1.341808 -0.372242 -0.467308 -0.163709 -0.796361 -0.328504 0.764311 0.747734 -0.342026
-1.220764 -0.766783 0.232532 -0.416231 -0.246554 -1.268432 -0.254566 -0.993935 0.333675 0.326162 0.222992 -0.605862
-0.096665 -0.273477 0.441350 -0.232292 0.750894 -0.180496 -0.035553 -0.881827 0.683879 0.143666 -0.030641 -0.468797
-0.556709 -0.425578 0.423494 -0.471478 0.406459 -0.546145 -0.193318 0.019012 -0.093746 -0.367831 0.151657 -0.081488
-0.165342 -0.077418 0.161832 -0.606571 0.619233 -0.573641 0.109568 -0.510434 0.455986 -0.336785 0.497315 -0.276323
0.300431 -0.207187 0.695606 -0.362478 -0.597804 1.365017 1.171437 -0.356438 0.368508 0.135959 -0.053483 -0.495158
-0.111190 -0.381678 0.375725 -0.924669 -0.398301 1.360033 1.139456 -0.866455 0.752279 0.115915 -0.137841 0.023885
-0.019919 -0.555897 0.104737 -0.479148 -0.277114 1.216813 0.688331 -0.428786 0.377586 0.322003 0.015410 -0.837866
-0.001358 -0.415214 0.483684 -0.711732 -0.459012 1.329029 1.240537 -0.815881 0.621858 0.195544 -0.190650 -0.308769
0.204568 -0.630976 0.602595 -0.179004 -0.397714 1.373623 1.129917 -0.513464 0.696071 0.271773 -0.204598 -0.598610
0.276682 -0.324495 0.725876 -0.510362 -0.270365 1.578394 1.055016 -0.381938 0.515609 0.397121 -0.222280 -0.436780
0.289812 -0.465985 0.676797 -0.594584 -0.420076 1.436233 1.231164 -0.521036 0.684764 0.211861 -0.210171 -0.151969
-0.024428 -0.471870 0.574586 -0.488657 -0.409293 1.073264 0.892952 -0.190597 0.978904 0.290326 -0.218822 0.026226
-0.059900 -0.375933 0.589116 -0.504921 -0.529074 1.594074 1.119805 -0.670853 0.672498 0.297674 -0.169463 -0.317114
0.098753 -0.588240 0.555145 -0.563738 -0.319241 1.530239 1.260413 -0.736341 0.606583 0.441574 -0.246407 -0.273088
-0.004651 -0.361846 0.565104 -0.741457 -0.241896 1.444424 0.664546 -0.485279 0.722566 0.768200 -0.109373 -0.095838
0.133975 -0.384971 0.287725 -0.564827 -0.361271 1.137564 1.272926 -0.445280 0.648316 0.242259 -0.231134 -0.205111
0.103039 -0.479307 0.685345 -0.551390 -0.608125 1.334238 1.406241 -0.908373 0.616086 0.432397 0.140286 -0.451552
0.083924 -0.967782 0.451116 -0.624948 -0.081717 0.880651 0.707316 -0.800785 0.831293 0.615847 -0.287184 0.192905
0.267305 -0.394394 0.366539 -0.697617 -0.516400 1.463351 1.555215 -0.750536 0.747188 0.040805 -0.379019 -0.185902
0.246642 -0.321349 0.658386 -0.057905 -0.451839 1.046012 1.111595 -0.286462 0.580401 0.065243 -0.144985 -0.326007
0.064097 -0.428383 0.634164 -0.578344 -0.447534 1.483740 1.229366 -0.627781 0.632903 0.291818 -0.344428 -0.274744
-0.039985 -0.239319 1.149853 -0.235195 -0.205651 0.658526 0.830861 -0.603821 0.738834 0.298928 0.186033 -0.301420
0.282920 -0.377599 0.638554 -0.493546 -0.410661 1.510601 1.307681 -0.511664 0.434532 0.305733 -0.287616 -0.333935
0.555657 -0.098945 0.990745 -0.520556 -0.741629 1.462145 1.032581 -0.101752 0.171809 0.160925 -0.196867 -0.433009
0.208485 -0.917725 0.201992 -0.652401 -0.153625 1.321525 1.109631 -0.635536 0.568357 0.429556 -0.194981 -0.056187
0.032879 -0.064933 0.340558 -0.741453 -0.687792 0.992057 0.654885 -0.086931 0.504143 0.236784 -0.061263 -0.423166
0.148018 -0.327488 0.419441 0.173010 -0.087367 0.780637 1.368138 -0.031777 0.756362 -0.031670 -0.476700 -0.085620
0.173950 -0.081852 0.618506 -0.577194 -0.744228 1.327683 1.463768 -0.628594 0.582240 0.155814 -0.229173 -0.164051
0.330014 -0.163392 0.822480 -0.530785 -0.626801 1.333140 1.252252 -0.446537 0.449222 0.037385 -0.141155 -0.386052
0.453303 -0.253999 0.715473 -0.323022 -0.406738 1.443048 1.261502 -0.316793 0.348149 0.302811 -0.245701 -0.513031
0.197936 -0.162398 0.741404 -0.608008 -0.626399 1.336819 1.259710 -0.466341 0.472909 0.173323 -0.423730 -0.312260
0.141102 -0.144790 0.611773 -0.702910 -0.491101 1.495284 1.234675 -0.397390 0.456766 0.161693 -0.273376 -0.294517
0.134972 -0.617233 0.364463 -0.724453 -0.307606 1.411727 1.172296 -0.680008 0.578909 0.371518 -0.220757 -0.127148
0.234868 -0.270433 0.546063 -0.746279 -0.533729 1.409895 1.346387 -0.560956 0.527581 0.139632 -0.203165 -0.149812
0.291539 0.034898 0.812751 -0.384983 -0.569850 1.401558 1.145662 -0.214343 0.380185 0.124656 -0.223337 -0.488776
0.266698 -0.113147 0.634333 -0.376463 -0.584679 1.274934 1.212095 -0.247248 0.459676 0.055467 -0.250425 -0.304854
0.291685 0.017114 0.867158 -0.607793 -0.549098 1.489291 1.281731 -0.451752 0.415875 0.287469 -0.318040 -0.496566
-0.505245 0.486952 0.469948 -0.405704 -0.669224 0.961753 0.911392 -0.392413 0.783396 0.802653 0.510267 -0.520178
0.385370 -0.077303 0.816731 -0.268052 -0.541800 1.402273 1.137060 -0.216138 0.270965 0.139124 -0.152962 -0.584476
