-0.089416 -1.006078 0.288819
0.143251 -0.444606 -0.061617
0.371435 -0.160944 0.166570
0.743265 -0.337177 -0.347878
1.086533 0.205458 0.220321
0.360802 0.128725 -0.966560
0.261051 -0.391293 0.290014
-0.513775 -0.310830 -0.300411
0.399049 0.146925 0.006367
0.146917 -0.473584 -0.259421
0.168589 -1.037294 0.570127
0.133816 -1.553934 0.064793
-0.246932 0.090985 -0.496818
0.494926 -1.370091 0.318362
0.614726 -1.324329 0.371839
-0.646737 -1.507478 0.434641
0.033655 -1.747036 0.609656
0.967131 0.729591 0.062464
0.474655 0.342179 1.150168
-0.057247 -0.741972 0.084075
0.534267 -1.285743 0.191898
-0.369292 -0.547432 0.483639
0.172310 -1.523165 0.054358
-0.057460 -0.122507 -0.101426
0.357116 0.089500 0.444240
0.835801 -0.895897 0.956799
0.236278 -0.567229 0.330069
0.733906 0.157215 -0.081146
0.246119 -1.333208 0.136892
0.597921 -0.411578 0.959277
0.473882 -1.164051 -0.010260
0.427700 -1.035299 0.233006
0.256752 -1.185250 0.717978
0.639886 -0.989658 0.345431
0.120881 -0.544629 0.408176
-0.136989 -0.325904 0.438471
-0.006657 0.511297 0.517517
-0.102332 -0.366076 0.810204
0.212579 -0.087534 0.962703
0.348044 -0.380452 0.579335
-0.245683 -0.234850 0.474674
-0.052720 -0.755438 0.243036
0.933287 -0.033807 -0.832844
0.496954 -0.528996 0.617752
-0.195542 0.064520 0.834590
0.355732 0.263908 0.739374
-0.139450 0.256215 0.591459
-0.170253 0.249822 1.153304
-0.313973 -0.557850 0.661404
0.367888 0.198692 -0.512395
0.094260 -0.330740 0.453006
0.059983 -1.156216 0.391711
0.739344 0.793068 1.014594
-0.295574 -0.285294 0.508609
0.179894 -0.441123 0.458262
0.118081 0.398352 0.997138
0.114089 -1.382794 0.528179
0.262542 -0.555582 0.278306
0.960484 -1.021297 -0.074793
0.176748 -0.493288 0.300867
0.597647 -0.998835 -0.061384
0.246119 -1.333208 0.136892
-0.428497 -1.728450 -0.384017
0.248885 -1.543050 -0.047744
0.673253 -0.968192 0.132303
0.636002 -1.437839 -0.456747
-1.017461 -0.249609 -0.755517
0.396464 -0.462200 0.495678
-0.416839 -0.053040 0.136991
0.906048 -0.188017 0.811405
0.350563 -0.270294 0.510736
0.365597 0.205628 0.420042
0.088336 -0.127379 0.138219
0.499364 0.049631 0.107859
-0.203936 0.188198 -0.126054
1.248342 -0.009677 0.673116
0.185907 -0.269427 0.670242
0.691928 -0.261206 0.787343
0.545664 -0.670809 -0.084473
-0.131975 -0.317127 -0.196512
0.448583 -0.868638 0.648618
0.151795 0.311870 -0.184933
0.238126 -0.644269 0.461704
0.570101 -0.288910 0.299797
-0.025805 -0.515163 -0.301097
0.243538 0.137855 0.846880
0.723392 -0.225844 0.015542
-0.037008 0.497591 0.363129
0.881341 0.391499 -0.405821
0.707838 -1.395899 1.018666
0.089517 0.085527 0.442595
1.259331 -0.812292 0.053973
-0.341466 0.137538 0.579797
0.536166 -0.989188 0.189333
0.736780 -1.227161 0.596118
-0.160093 -0.799833 -0.301395
-0.171061 -0.376969 0.468778
0.118178 -0.705973 -0.120453
0.073142 0.430335 0.497781
0.288101 -0.161752 0.670802
0.644093 -1.467841 -0.315908
0.296053 -0.411015 -0.523249
0.206638 0.124477 -0.764013
0.496232 -1.281859 0.048475
0.009865 -0.661249 0.660675
0.783416 -0.357066 -0.535572
0.721364 -0.476734 0.953150
1.187293 0.044012 0.139627
0.493045 0.379840 0.776604
0.663470 -0.689099 -0.315472
0.268822 -0.728671 0.571555
0.213675 -1.144105 0.388713
0.120041 -0.321670 -0.161183
0.108129 -0.795693 0.138352
0.197010 -0.761967 0.447160
0.300832 -0.802714 0.283731
0.293810 -0.958486 0.562717
0.043999 -0.721886 0.147685
0.089029 -0.591894 0.606239
0.149667 -0.900579 0.426963
-0.107102 -0.172844 -0.114960
0.164216 -0.586401 0.123742
0.192887 -0.754309 0.328962
0.022680 -0.640422 0.358761
0.076290 -0.830105 0.360749
0.424584 -0.647392 0.294970
-0.146451 -0.605703 -0.125408
-0.121583 -0.244859 0.578941
-0.154800 -0.390178 0.242591
0.143217 -0.674524 0.489695
0.157487 -0.619533 0.292725
0.282842 -0.550468 -0.011715
-0.100440 -0.511729 0.104131
0.400766 -0.168595 0.419443
0.361652 -0.790047 0.546909
-0.096616 -0.597404 0.135198
0.184897 -0.893362 0.508057
0.213955 -0.933304 0.692125
0.149944 -0.870675 0.204263
0.083307 -0.654655 0.313830
