-0.047736 -0.775155 0.067266
0.279382 -0.239113 0.129948
0.609884 -0.643439 0.528736
-0.233072 -0.507031 0.316826
0.761257 -0.137202 -0.348240
0.274177 -0.050571 0.076097
0.275685 -0.071808 0.584082
0.314045 -0.315374 0.450529
-0.519122 0.267693 0.479963
0.107432 -0.283664 0.226606
0.632477 -0.217194 -0.258139
0.184084 -0.438462 0.033920
-0.904482 -1.368320 0.528234
0.511948 -1.109609 -0.176464
-0.230927 -0.928079 0.124775
-0.120228 -1.539250 -0.078505
-0.759428 -0.932585 -0.141538
0.210686 -1.473531 0.178610
-0.361327 -0.334845 -0.825409
-0.113127 -1.246805 0.167399
0.958139 -0.927980 0.133926
-0.312354 -1.049782 0.141390
0.367392 0.032199 -0.280757
0.625871 -0.378815 0.274827
0.086369 -0.161069 1.007959
0.709117 0.217817 -0.136293
0.691067 -0.935768 0.227324
0.202892 -1.019771 0.506801
0.453308 -1.392001 0.107740
0.588874 0.200120 -0.611990
0.313861 -0.477164 -0.039332
0.572819 -1.317600 0.124463
0.007437 -0.625068 -0.408069
0.935597 -0.391215 0.007099
-0.224811 0.006637 0.337313
0.371564 -0.200397 -0.165689
-0.280967 -0.011574 -0.029328
-0.078894 -0.720091 0.174716
-0.026568 -0.574657 0.094351
-0.166895 -0.099332 0.237309
0.452432 -0.902462 0.513701
0.020685 -0.797659 0.761901
1.137707 -1.162261 -0.065859
0.213891 -1.429772 0.781506
0.452686 -1.053623 0.073459
0.216983 -0.917064 0.428517
0.930952 -0.852506 0.097034
0.226992 -0.329321 0.895573
1.327066 -0.908497 0.387818
0.212839 0.839192 0.090732
0.027110 -0.620520 0.316062
0.604429 -1.286452 0.131259
0.710492 -0.041997 0.275100
-0.924051 -0.487654 0.617352
0.660306 -0.767770 -0.337449
0.279656 -0.808366 0.365947
-0.260707 -1.338334 0.202404
0.320325 -0.724493 -0.474590
-0.227644 -0.476804 -0.242795
0.752799 -1.512256 0.282245
0.522508 -0.160785 -0.459623
0.397966 -0.590236 0.458049
0.613399 -0.087633 0.501143
0.246676 -1.212138 -0.023567
0.739629 -0.624045 -0.523104
0.020903 -0.503185 0.482126
0.596271 -0.531151 -0.338902
0.518853 -0.615763 0.799683
-0.144750 -0.972573 -0.225935
-0.001576 0.309050 0.057354
0.560596 -1.452843 0.339943
-0.469389 0.225144 0.608916
0.850521 0.263869 -0.930598
0.472959 -0.555183 0.181438
0.072394 -1.094354 -0.260542
-0.038817 -1.525730 -0.222220
0.713267 -1.405060 -0.071278
0.014699 -0.534685 0.945485
0.281203 -1.129937 -0.235680
-0.435100 -0.274082 -0.378271
0.557435 -1.160247 0.378860
0.175909 -0.349986 -0.193621
0.821806 -1.077955 0.580686
0.714271 -1.093487 0.308245
0.570176 -1.193181 -0.147044
0.044248 -0.000993 -0.740629
0.448239 -0.445910 0.353423
0.503451 -0.845415 -0.442960
0.936948 -1.126097 0.138841
0.908723 -0.653363 -0.083581
-0.002103 0.086094 0.631860
0.190808 -1.174431 0.271830
0.092236 -0.781933 -0.361399
0.090704 0.114631 0.112807
0.327965 -1.395773 0.233406
0.420725 -1.564622 -0.095079
1.120022 -0.011818 -0.711199
0.132237 -0.469302 0.409680
0.584407 -0.384635 -0.314679
0.614663 -1.512776 -0.285622
0.965084 -0.366377 -0.354981
0.851133 -1.012870 -0.384848
0.220101 -0.697177 0.474079
0.133882 0.044497 0.377532
-0.251330 -0.004191 0.324714
0.470914 -1.189460 0.682028
0.056138 -1.098773 0.102076
0.143599 -0.902760 -0.310820
-0.026101 -0.507210 0.025843
0.033343 -0.419229 0.172944
0.315508 -0.689890 0.482235
0.153240 -0.746411 0.285915
-0.041087 -0.653147 0.350702
0.129945 -0.458391 0.162611
-0.119592 -0.377693 0.266118
0.027415 -0.360876 0.339854
-0.076802 -0.304072 0.326090
0.178846 -0.734933 0.282544
0.143879 -0.619806 0.440317
0.349558 -1.213474 0.520380
0.912569 -0.986086 0.440348
0.169972 -0.403667 0.063109
0.314696 -0.891321 0.443448
0.200442 -0.705141 0.506116
0.149472 -0.809970 0.414951
0.289986 -0.815407 0.583841
-0.058502 -0.969423 0.175440
0.215277 -0.684052 0.349057
0.103528 -0.891751 0.413465
0.016242 -0.801096 0.148580
0.118585 -0.843084 0.158171
0.178899 -0.925009 0.185561
0.123499 -0.603910 0.371724
-0.027255 -0.439634 0.279952
0.161899 -0.834051 0.363441
0.542332 0.094708 -0.156034
-0.052883 -0.533008 0.262589
-0.034100 -0.545075 0.258181
0.112493 -0.821157 0.260608
-0.023005 -0.374895 -0.024274
0.215025 -1.204537 0.923298
-0.004859 -0.497330 0.328507
