0.248250 0.104690 -0.103472
0.379715 0.463284 0.082866
0.733964 0.034219 0.110766
-1.058642 -0.015220 -0.018397
0.319857 -0.149792 -0.507605
-0.058822 -0.922815 0.343434
0.718766 -1.022310 0.382379
0.150143 -0.299033 0.018548
0.170369 -1.313275 0.116072
0.878452 -0.384362 -0.440837
0.344667 -0.464645 0.066837
0.345482 0.314405 -0.428544
0.164732 -0.671882 0.670011
-0.045341 -1.003365 0.262430
0.878105 -0.077351 -0.724278
-0.212203 -0.442747 -0.162659
0.927920 -0.444902 -0.277834
0.706216 -0.233448 -0.637868
-0.446155 -0.868789 0.030132
0.195980 -1.024630 -0.184046
0.040781 -2.088791 0.212606
0.295113 -0.645302 -0.219220
-0.401012 -0.862504 -0.202840
0.450968 -0.156558 0.071875
0.099952 -0.273520 0.487600
-0.331644 0.168781 0.143051
0.486901 -0.638528 0.540000
0.635900 0.095671 0.586642
0.566693 -0.635072 0.327487
0.247085 -0.231360 0.523806
0.770444 -0.956123 0.277641
0.610113 -0.536360 0.516302
0.262136 -0.901797 -0.234131
0.232632 -0.923528 -0.009112
0.399530 -0.785097 0.167871
-0.300163 -1.517807 -0.010484
0.976599 -0.785734 -0.533392
0.177722 -0.996196 0.008664
0.365336 -1.844278 0.140270
0.482308 -0.666225 -0.147246
0.161714 -0.876235 -0.059964
0.257981 -1.188217 0.202287
0.554831 -1.489275 0.219752
0.883135 -0.149993 -0.579272
0.507592 -1.039476 0.052764
1.188568 -1.125008 0.287950
0.103219 -1.573716 -0.080137
0.237784 -1.566915 0.467979
0.340231 -0.858678 -0.009753
0.044723 -0.822217 -0.411755
0.213691 -1.185474 0.203549
0.701929 -1.443936 0.517042
0.529859 -1.165630 0.387524
1.209185 -0.842976 0.214143
0.276961 -1.065150 0.314653
0.993406 -1.705689 -0.160022
1.024671 -0.915549 0.191974
0.474099 -0.936897 -0.003160
0.351140 -1.309581 0.131436
0.203963 -1.071883 0.299381
0.228693 -0.542864 0.009117
0.636489 -0.526602 -0.943872
0.061156 -1.135719 0.576109
0.964458 -1.454864 -0.111880
1.072065 -0.959300 0.316611
1.420248 -1.067373 -0.396833
0.563184 -1.386066 -0.298039
1.406106 -1.098384 0.031902
0.884969 -0.632892 -0.450097
-0.683727 -0.737128 -0.172197
-0.506179 -0.528041 -0.297662
-0.399105 -1.424906 -0.183016
-0.258782 -0.155606 -0.061316
0.422995 -0.668576 0.389911
0.779219 -0.662854 0.585744
0.865956 -0.842174 0.332650
1.482805 -1.088309 -0.268021
0.208054 -0.213352 0.710217
0.106839 -0.338652 0.044280
0.188558 -0.848356 1.187745
0.121339 -0.582035 0.558285
0.759047 -0.441366 -0.821470
0.580505 -0.595933 -0.714229
0.543578 -0.729587 0.747715
0.774840 -1.235021 0.096931
0.102557 -1.910906 0.099734
-0.083401 -0.651893 0.394857
-0.090316 -0.207363 0.171675
-0.358724 -0.058088 0.047056
-0.181988 -0.229329 0.172222
0.057629 -0.558028 0.020732
-0.156230 -0.755032 0.237903
-0.130136 -0.522668 0.314908
-0.018780 -0.678152 0.117347
0.219561 -0.813106 0.401157
-0.008424 -0.579661 0.172094
-0.048694 -0.480067 0.316847
0.140052 -0.548099 0.392757
-0.224437 -0.296253 0.128625
-0.122732 -0.372410 0.262232
-0.155979 -0.563694 0.014395
-0.308369 -0.450782 0.011419
-0.071379 -0.570553 0.182919
-0.052915 -0.501939 0.225450
0.256452 -0.763763 0.450873
0.146686 -0.936529 0.325128
0.293709 -0.904780 0.301695
0.229628 -0.827229 0.515272
0.215116 -0.805619 0.411944
0.283758 -0.952373 0.505385
0.029710 -0.793332 0.167471
0.293737 -0.976336 0.390903
0.179200 -0.703629 0.338368
-0.363617 -0.241214 -0.041663
