0.315898 -0.375782 0.219018
-0.272623 0.540519 0.707037
0.264294 -0.926602 0.808650
0.376374 -1.156249 0.769100
0.886792 -0.477490 0.400207
0.288928 -0.961751 -0.076276
0.509214 0.622654 0.073498
0.506664 -0.199881 0.396287
0.528912 -0.159906 0.173201
-0.102092 -1.291446 0.609410
0.274818 -0.034747 1.006999
0.294594 -0.194697 0.638411
0.321122 -0.451983 1.057480
0.541066 0.051664 0.533780
0.442875 -0.003504 0.526273
-0.986325 -1.064503 0.230533
-0.337844 -1.092019 -0.258194
0.194953 -0.545175 0.426540
-0.351205 -0.680575 0.003151
-0.102509 -0.784806 0.428387
-0.472969 -0.773772 0.231861
0.516835 -0.351918 0.123205
0.730582 -0.822781 0.465287
1.017833 0.456231 0.563268
-0.025804 -0.303693 0.309565
0.228973 -0.320503 0.831388
0.111075 -0.364696 0.388095
0.911436 0.021969 0.036487
0.042286 0.217141 -0.035782
0.641291 -0.556519 0.563091
0.132857 -1.148152 0.477705
-0.295650 0.036501 -0.016979
0.338932 -0.582269 -0.340262
0.029772 -0.118533 -0.169208
0.379901 -0.252460 -0.132071
0.679389 -0.313554 -0.240166
0.108334 -0.986512 -0.307252
0.412733 -0.285950 0.572422
-0.148478 0.074634 -0.029881
0.614592 -0.607232 0.018654
0.341701 -0.619232 0.504781
0.872783 -0.979140 0.850418
0.706779 -0.313172 0.894553
0.793317 0.536298 0.641034
0.783882 1.006734 0.405069
0.728548 -0.428393 0.291811
0.325096 0.034265 0.239587
0.292919 0.551319 0.413076
-0.247429 -0.135912 0.629873
0.059356 -0.531670 0.689975
0.274831 -0.837374 0.650741
0.727343 -0.692503 0.013787
-0.030892 -0.331039 -0.955359
0.265273 -0.509666 0.089462
0.189666 -1.138138 -0.704827
-0.068364 -0.386566 -0.464405
0.528584 -0.517184 0.777072
0.561901 -0.799943 0.860404
0.579476 0.458294 -0.702981
0.374105 -1.541128 0.199683
0.176837 -0.478070 1.033025
0.921910 -1.065249 0.386104
-0.122450 -0.075595 -0.315034
0.290095 -0.694268 0.083198
0.290519 -1.581866 0.105085
-0.363741 -0.834337 0.490243
0.438280 -0.336404 -0.161619
0.749896 -0.916769 -0.080157
0.401087 -0.439556 0.533974
0.584647 0.024271 0.664214
0.211798 -0.220386 0.368770
0.842205 -0.253205 -0.310213
0.051939 0.347758 -0.046381
0.977496 -0.931205 -0.112345
0.127208 0.275675 0.073411
0.370225 -0.283978 0.184083
0.343298 -1.043895 -0.037907
0.111126 -0.905307 0.330978
0.742195 -1.291672 0.530913
0.468746 0.283557 0.273780
0.873470 0.049089 0.022212
0.608937 0.316424 1.315021
0.369794 -0.418715 0.119166
-0.219583 0.048832 0.732129
-0.303319 -1.499789 -0.174687
0.761104 -0.270988 -0.632916
0.279837 -0.771667 -0.049728
1.139766 -1.464663 0.559810
0.521009 -0.810444 0.630781
0.599679 -0.572319 -0.341729
0.530190 -0.908964 -0.039833
0.846676 -0.228694 -0.112569
0.534341 -0.994509 0.341312
0.792567 -0.980382 0.113161
0.973794 -0.859552 -0.104851
-0.346187 -1.237686 0.397758
-0.094806 0.170431 -0.374752
-0.493607 -1.273691 0.323635
0.416455 -0.499077 0.733177
0.773332 -0.616096 0.207550
0.036797 -1.656822 -0.010471
-0.754704 -0.366270 -1.046767
-0.130181 -1.379641 -0.239017
0.275278 -0.695755 0.204701
0.493754 -1.482343 0.657452
0.341323 -1.399117 0.434429
0.404419 -1.010576 -0.016264
0.269701 -0.697673 0.307670
-0.166278 -0.655905 0.417109
-0.030646 -0.545125 -0.132847
0.125066 -0.573822 1.080412
0.372430 0.373333 -0.070210
0.817342 0.118054 -0.451939
-0.373246 -0.670436 -0.215025
0.218746 -0.040438 -0.362625
-0.272420 -0.690634 -0.020152
0.609017 -0.849780 0.294226
-0.083714 -0.790907 0.056011
0.288692 -0.609607 -0.390985
0.017276 -1.166206 0.344889
0.743611 0.051394 0.011241
0.120549 -0.002513 0.013275
0.109846 -0.907080 0.141347
0.691501 -0.841284 0.165027
-0.269230 -1.309240 0.377870
-0.314946 -1.021701 0.211749
-0.346187 -1.237686 0.397758
0.615253 -0.673458 0.076564
0.273129 -1.181320 0.523194
-0.216687 -0.221002 -0.431304
0.010630 -0.883650 -0.081524
0.435656 -0.317596 0.727155
1.120393 -0.212603 0.036992
0.318225 0.008374 -0.250628
0.887209 0.658883 -0.204821
-0.340272 -0.766875 0.586907
0.497132 0.779588 -0.255433
0.285768 -0.970744 0.239189
0.318789 -0.128035 -0.446205
0.538690 -0.480095 0.046549
0.789105 -0.265291 -0.317852
-0.433726 -0.710465 0.626377
0.371972 -0.381973 -0.275408
0.406985 -0.665456 -0.147964
0.030765 -0.160110 -0.308795
-0.071564 -0.355152 0.331786
-0.122753 -0.649175 -0.133312
-0.105357 -0.566521 -0.028593
0.370433 -1.105711 0.545663
0.035226 -0.658050 0.139365
0.294375 -1.009149 0.397149
0.117179 -0.740116 0.389565
0.399409 -1.036767 0.892065
0.159696 -0.748160 0.399927
-0.278732 -0.661292 -0.000046
0.020974 -0.706136 0.160513
0.031674 -0.753556 0.161390
0.182539 -0.411880 0.484398
0.236931 -0.604411 0.483356
-0.388558 -0.190760 -0.212522
0.288819 -0.846635 0.581000
0.429412 -0.720705 0.396876
0.093376 -0.836685 0.288625
-0.255061 -0.620717 -0.051216
-0.231830 -0.282452 0.229727
0.189525 -0.292514 0.483918
0.578909 -0.870867 0.700427
0.062729 -0.621979 0.307032
0.186746 -0.749846 0.092018
-0.118568 -0.630803 0.344350
-0.005413 -0.720382 0.100284
0.066982 -0.523819 0.344668
0.243194 -0.773738 0.370619
0.170724 -0.858985 0.137103
-0.096417 -0.126573 0.000453
