-0.128450 -0.878972 -0.228334
-0.477656 -1.076625 -0.305693
0.674602 0.426866 -0.268089
0.501413 -0.704525 0.047936
0.470981 -0.122096 1.269339
0.020787 -1.560987 0.057864
0.021308 -0.428019 0.549031
0.469939 -1.583077 0.212872
0.257290 -0.250383 0.559301
0.655130 -0.050102 0.623683
0.315292 0.463817 0.993067
0.094222 -0.369732 0.664985
0.109391 0.595023 0.617122
0.670142 -0.454441 -0.429392
-0.079390 -0.143604 0.492699
0.149473 -0.582117 0.719266
0.104019 0.077924 -0.009279
0.407436 -0.929579 0.627315
0.601175 -0.091767 0.228002
0.452159 0.131364 -0.682194
0.126945 -0.455795 -0.741055
0.181484 -0.190789 0.315985
0.014043 0.335795 0.419994
0.304996 0.108619 0.447774
0.440865 -0.982660 0.369541
0.473907 -0.585749 -0.383003
1.042976 -1.015844 -0.142046
-0.367996 -2.011656 0.349166
-0.152022 -1.648542 0.047426
0.311171 -0.013576 -0.095879
0.441554 -1.041406 0.576283
0.184643 -1.507560 0.570078
1.378301 -1.082508 -0.301984
0.226748 -1.836431 0.186725
0.290411 -1.128963 -0.238739
1.187019 -0.909374 -0.484998
0.539985 -1.165202 -0.011780
1.586958 0.053413 -0.140175
0.715409 -1.171934 0.341646
0.423533 -0.860230 0.050312
-0.141763 -0.838559 -0.224288
0.684819 -1.232323 0.220028
0.261861 -0.717469 0.291417
0.478557 -0.710390 0.641080
-0.080739 -0.527599 -0.687957
0.857306 -0.429072 -0.456722
0.696415 -0.706559 -0.147989
0.518276 -0.865837 0.586071
0.938596 -0.255055 -0.157040
0.030728 -0.578098 -0.245934
0.622683 -0.033295 -0.111008
0.079158 -0.953969 -0.223960
1.042300 -0.947780 -0.277250
0.616013 -1.505730 0.441258
0.140570 -1.375418 -0.366237
0.218319 -0.985618 -0.231044
0.840334 -0.211816 0.166963
0.845040 -0.835390 0.828045
0.263284 -1.243000 0.475360
0.708555 -0.907945 -0.767986
0.281929 -0.788850 0.136913
0.595942 -0.512210 -0.140790
0.126030 -0.252006 0.720211
-0.308857 -0.214148 0.152226
0.287088 -0.631361 0.034707
-0.019512 -1.247031 0.505050
0.362307 -1.403389 0.789449
0.523008 -0.883899 0.731811
0.434039 -1.030204 0.288416
0.578610 -0.367956 0.732605
0.187962 -1.060228 0.267735
0.530957 -1.278974 0.559227
0.506693 -0.759231 0.159852
1.130526 0.305677 -0.434324
0.606567 -0.341502 0.028223
0.678381 -0.866425 -0.063880
1.051197 -0.963343 -0.188941
0.773775 -1.114863 0.035495
1.181923 -0.340400 -0.552571
0.124419 0.119992 0.171540
0.159013 -0.905060 0.032371
0.577499 -0.631943 0.362359
0.315918 -0.289834 -0.291206
0.506241 -0.684394 -0.280049
0.662921 -1.128241 -0.316960
-0.126168 -0.423690 0.067150
0.673318 -1.093188 -0.366213
0.768740 -0.947080 -0.338145
0.505491 -0.959845 0.258632
0.369151 0.020809 -0.590002
0.103350 -0.918481 -0.252895
0.077308 -1.404824 -0.152575
0.500120 -0.847420 0.687551
0.839625 -1.314888 0.541451
0.872996 -0.442101 -0.186742
0.435843 0.385875 0.105527
0.254187 -1.529159 -0.098706
0.648237 -0.847165 0.085466
0.823535 -1.211721 0.030974
0.217392 -0.651729 -0.345714
0.374627 -0.494662 0.603839
-0.306928 -0.640497 0.607369
0.731141 0.023251 -0.127245
-0.329553 -0.700042 -0.299909
0.329100 -0.007441 0.212210
0.352494 -0.832749 -0.258851
-0.174951 0.146777 0.179709
1.058200 -1.176439 -0.516215
-0.461903 -0.261725 0.479012
-0.912889 0.380463 -0.071134
0.571863 -0.880450 0.962194
0.271167 -1.091530 0.475684
0.547138 -0.285771 -0.218425
-0.218454 -0.546963 0.066799
0.943896 0.345806 0.899793
0.105920 -0.061000 0.079107
0.421916 -0.720336 0.546018
0.845040 -0.835390 0.828045
-0.700100 -0.870433 -0.273351
0.180566 -0.520270 0.694843
0.136556 -0.763867 0.600369
0.328100 -0.406946 0.322943
-0.005059 -0.117345 -0.093494
0.439365 -0.572296 0.195558
-0.273995 -0.505722 0.889192
-0.198679 -0.225044 0.274657
0.008307 0.190631 0.740245
0.331950 -0.421435 0.563981
-0.065275 0.269644 -0.001615
-0.376193 0.176719 -0.169363
-0.146433 -0.044371 0.135373
0.181034 -0.743277 0.460483
-0.052099 -0.599755 0.633221
0.651792 0.515944 0.372138
0.968745 0.107692 0.820318
0.531857 -0.201085 0.455701
0.044080 0.419506 0.200522
0.082531 0.240408 0.439119
0.116289 -0.045681 0.602132
0.229031 -0.015221 0.240677
0.049536 0.374865 0.188383
0.354115 -0.206001 0.433420
0.086302 -0.636074 0.250188
-0.276344 -0.689004 -0.198078
-0.328933 -0.125767 -0.143930
-0.148043 -0.962525 0.149528
-0.311068 -0.483053 -0.209325
0.118828 -0.223486 0.153081
0.319707 -0.566771 -0.450303
0.114265 -1.143417 0.216373
0.265924 -0.490242 -0.061252
0.004212 -0.841934 0.404883
0.046340 -0.736406 0.218556
0.113737 -0.640059 0.386687
0.408705 -1.109982 0.427916
0.347620 -1.077391 0.447808
0.108864 -0.847342 0.235500
0.134430 -1.038951 0.179955
-0.154227 -0.585532 0.083594
0.115352 -0.758422 0.148678
0.235799 -0.766909 0.377426
0.018725 -0.534100 0.344037
0.076836 -0.923036 0.153054
0.152719 -0.721803 0.274043
0.272498 0.267202 -0.004180
0.426625 -0.751650 0.359434
0.188718 -0.519360 0.335312
-0.002193 -0.886167 0.266603
0.346480 -0.662504 0.469063
0.218260 -0.736588 0.331579
0.797231 -1.330036 0.509485
0.172991 -0.927433 0.242445
0.167613 -0.680855 0.079006
0.188071 -0.631725 -0.500357
0.274820 -0.953308 0.274680
0.329304 -0.806859 0.481131
0.319158 -0.945452 0.429846
-0.424837 -0.490105 -0.272252
-0.154185 -1.004289 0.160822
0.132263 -0.714183 0.336118
0.039940 -0.782309 0.436527
-0.038677 -0.752971 0.291557
0.148620 -0.592089 0.270151
0.168239 -0.905133 0.117004
0.392639 -0.884249 0.382690
-0.282586 -0.063175 0.355736
-0.241025 0.037645 0.069861
0.091196 -0.993052 0.359838
