0.592912 -0.720072 0.254478
-0.077937 -0.891633 0.034198
0.993001 -0.998908 0.180772
0.256274 -0.184325 -0.378407
0.878725 -0.494710 -0.330833
0.454657 0.297955 0.269650
0.482029 -0.610070 -0.321567
0.655966 0.099216 0.694990
0.756468 -0.876269 -0.557925
0.135961 -0.413354 0.120328
0.507367 -0.242140 0.938160
0.763624 0.897556 -0.416136
0.073282 -0.597750 0.003581
0.608221 -0.251288 -0.413895
0.797368 -0.114438 0.301438
0.639742 -0.293378 -0.468654
-0.069751 -0.113327 -0.237906
0.455317 -0.161951 0.920841
0.016392 0.519174 0.610220
0.029735 0.478115 0.250489
-0.165039 0.213577 0.360415
-0.032378 -0.643437 0.712629
1.011614 0.274045 0.427554
1.117849 -0.028083 0.820024
0.511458 -1.248187 -0.100629
-0.208715 -0.389520 0.627457
0.717207 -1.178925 0.196075
0.181900 -0.172512 -0.267678
0.534858 -0.168127 -0.518387
0.644586 -1.265232 0.585778
0.621226 -1.176158 0.341666
0.553066 -0.621424 0.670585
-0.222695 -0.258073 0.443023
-0.300542 -0.979205 0.006664
-0.071917 -0.301635 0.544897
0.133568 -1.098259 -0.200804
0.778825 -0.312675 -0.817576
-1.295375 -1.147474 0.570856
0.929033 -0.819707 -0.086939
1.165911 0.030481 -0.972851
0.473169 -0.039363 -0.999811
0.578130 -0.494658 -0.804630
0.092435 -0.348814 -0.759202
-0.067248 -0.887920 0.361258
0.463886 -0.903666 0.161987
0.638807 -0.527933 0.020507
0.477502 -0.479968 0.594862
1.012713 -1.654950 -0.071832
0.733115 -0.895029 -0.232455
-0.258323 0.190940 -0.451487
0.352238 -0.642146 0.215927
0.872192 -0.622105 0.349358
-0.366754 -0.560721 -0.239744
0.749005 0.276507 -0.039725
0.327791 -1.052063 -0.812530
0.771162 -0.376913 -0.687049
0.673551 -0.057983 0.341284
0.568837 -0.400796 0.237361
0.906765 -1.240764 0.039865
0.576266 -0.680434 -0.076191
0.557364 -0.700199 -0.098255
0.657643 -1.635314 0.072621
0.997413 -0.899394 -0.406001
0.535034 -0.457163 -0.200869
-0.006891 -1.342103 0.344736
-0.120900 -1.166676 -0.203532
-0.150817 -1.104374 0.638557
0.104641 -0.871997 -0.294543
0.081796 -1.367524 -0.504113
0.036681 -0.792754 0.606206
0.897220 -1.033765 -0.184352
0.728245 -0.309420 0.124351
0.765173 -0.948730 0.209158
0.904722 -0.208334 -0.003819
0.822693 0.248444 0.123781
0.604614 0.082241 -0.031967
0.215055 0.009651 0.213850
0.658397 0.374770 0.557137
0.212809 0.301655 0.906998
-0.016072 0.000989 0.744267
0.176408 -0.189823 0.341372
0.112932 -0.971822 0.440457
0.364829 -0.346032 -0.070626
0.077192 -0.677692 0.261297
0.449045 -0.241991 0.401152
0.668878 -0.800262 -0.055652
0.757612 -0.952105 0.032476
0.537272 -0.731717 0.104586
0.284449 -0.798416 0.220921
-0.232278 -0.887896 0.329430
-0.169080 -0.268994 0.260633
0.077521 -0.749864 0.509215
0.116169 -0.903549 0.423308
-0.079201 -0.526261 0.065484
-0.006944 -0.460607 0.410989
0.101270 -0.594813 0.164194
-0.122720 -0.234132 0.155743
-0.130116 -0.594886 0.140722
0.157504 -0.815555 0.406817
-0.086159 -0.862561 0.248136
-0.250194 -0.868430 0.292807
-0.013701 -0.453726 0.309337
0.214677 -0.785355 0.390193
0.086173 -0.375202 -0.397417
0.049634 -0.536675 0.205983
-0.063301 -0.775429 0.335167
0.193938 -0.806836 0.364403
0.254141 -1.027809 0.331886
-0.375698 -0.431252 0.101975
0.188987 -0.708141 0.435566
0.328206 0.446733 0.588879
-0.275719 -0.108832 0.283231
-0.322724 -0.375040 0.045776
-0.030361 -0.307420 0.376348
0.334519 -0.947664 0.513716
