1.100612 -0.771285 0.221640
0.071321 -0.890132 0.825652
-0.236534 -0.396563 0.603462
0.159174 -0.967978 1.050557
0.369351 -0.215912 0.255054
1.284899 -0.928498 -0.271599
-0.274945 -0.742053 1.194484
0.382035 0.377296 -0.854993
-0.038596 -0.812996 0.495661
0.348298 -0.980124 0.376325
0.173152 -1.517660 0.036956
0.017098 -0.693449 0.436716
0.173248 -0.520056 0.390207
0.579098 -1.329079 -0.039892
0.925895 -0.240230 0.546468
0.549826 0.022673 0.103768
0.125124 -0.563508 0.048815
0.627702 -0.531706 0.472982
0.685043 -1.319783 -0.089344
0.301818 -0.459170 -0.451227
-0.232064 -0.133170 0.056361
0.257096 -0.370497 0.937246
-0.126501 -0.322628 0.661676
-0.009554 -0.057000 0.122285
0.472274 -0.624018 0.435968
-0.072161 -0.156009 -0.397042
0.281660 -0.210362 0.485168
0.092840 -0.152857 -0.052344
0.288969 0.120442 -0.007031
0.491404 -0.179706 0.133360
0.966475 -0.807965 0.053444
1.226718 -0.195704 -0.172115
0.158054 -0.261331 -0.152452
0.241821 -0.135668 0.033496
0.688856 -0.035053 0.587995
0.636340 0.053392 0.070715
1.224675 -0.151138 -0.083232
0.760775 -0.296284 0.839860
0.341116 -0.323520 0.297373
-0.040261 -0.026787 0.357730
-0.017396 -1.054845 -0.046514
-0.476301 -1.430189 0.520357
0.141708 -0.074865 0.174258
0.251121 -0.792617 0.103538
0.696910 -0.274516 0.471232
-0.039321 0.079633 -0.279699
-0.544035 -0.028585 -0.300891
-0.070813 -0.551648 0.465485
0.715956 -0.222148 -0.401109
0.083006 -1.165133 0.550808
0.090865 -0.809206 0.299279
0.805505 -0.183366 0.953214
0.229611 -0.536644 0.647913
-0.501137 -0.860166 -0.197981
-0.012453 -0.248713 -0.464619
0.320313 -1.326049 0.035299
0.048809 -0.876324 -0.049023
-0.105598 -0.700440 0.432727
0.169505 -1.017771 -0.023000
0.112351 -1.014031 -0.169431
0.311185 -1.237711 0.822800
0.928695 -1.284658 0.394472
0.277787 -0.938001 0.312791
-0.682093 -0.772077 0.252539
0.281487 -1.234170 0.552708
-0.309148 -0.438250 0.366405
-0.190520 -0.228615 0.039544
0.108097 0.134919 -0.398708
0.437611 0.414530 -0.954489
-0.348457 -0.903473 0.476325
-0.421091 -1.256713 0.816665
-0.114761 -2.181552 0.769246
0.122556 -0.777554 0.361089
0.577486 -0.781938 0.749978
-0.007630 -1.341900 0.333710
0.172917 -1.432378 0.468637
0.489467 -1.212906 0.442922
1.026703 0.351587 -0.822979
0.134850 -1.220621 0.280586
0.479318 -1.247591 0.584015
0.316709 -1.620147 0.369375
0.532802 -1.507347 0.062069
-0.018396 -0.679261 0.355674
-0.040401 -1.295700 0.306664
1.412096 -1.213909 0.236121
0.562336 0.039955 0.118065
0.127342 -0.316851 0.190057
0.520867 -0.193014 0.130932
-0.087557 -0.746252 -0.163298
0.085864 -0.003081 -0.233116
0.381730 0.596900 0.459448
0.656019 -0.530316 0.309848
-0.181297 -0.636337 0.715203
1.417721 -0.743214 0.086155
0.586200 -0.405230 0.165545
0.704106 -0.285392 0.538910
0.034447 -0.350984 0.556517
0.410845 -0.500445 0.425872
0.557167 0.499163 0.560665
0.249831 -0.843355 -0.186839
0.710491 -0.335750 -0.604210
0.386319 -1.037258 -0.033530
-0.021696 -0.638033 -0.080160
-0.102598 0.101938 0.606154
0.325115 -0.959616 -0.264734
-0.172970 -0.589204 -0.622810
-0.105369 -0.693069 0.008636
0.299776 -0.997366 0.471406
0.297605 -0.831582 0.480749
-0.003352 -0.636211 0.330720
-0.005863 -0.670337 0.124857
0.105930 -1.016330 0.252201
0.004630 -0.377980 0.281127
0.266985 -0.826787 0.323651
0.072946 -0.353071 0.137219
0.220471 -0.708202 0.684698
0.210084 -0.656095 0.470855
0.227707 -0.766279 0.311368
0.004155 -0.611960 0.235335
0.153992 -0.669636 0.366962
0.283873 -0.710859 0.477465
0.919094 -0.505111 0.238970
0.175125 -0.959213 0.284533
-0.227411 -0.533103 0.485552
0.154321 -0.802387 0.330353
-0.058868 -0.220460 -0.060361
-0.200099 -0.356702 0.283361
0.051138 -0.613023 0.351706
0.503356 -0.321183 0.677317
0.143421 -0.704211 0.593386
0.265937 -0.852053 0.552964
0.247228 -0.896283 0.675494
0.048141 -0.617386 0.460476
-0.169686 -0.968628 0.780338
-0.196709 -0.511359 0.100750
