0.302610 -1.098727 0.144152
0.753005 -1.378818 -0.382466
-0.318310 -0.705099 0.804305
0.596926 -0.168440 -0.235987
0.538664 -1.189505 0.085012
0.434800 -0.522419 -0.513788
0.191010 -0.543620 -0.528074
0.140159 -1.538675 0.266092
-0.500611 -1.531221 -0.014377
-0.046382 -1.314269 0.221363
-0.062749 -1.442630 -0.239179
0.224285 -0.824873 0.027051
0.007976 -1.130315 -0.143648
0.469770 -0.740218 0.569236
0.574477 -0.613655 0.683083
0.623763 -0.291112 0.665238
-0.386644 -0.137316 0.908735
0.733377 0.315060 0.212957
0.731261 0.591329 -0.155913
0.617029 0.266569 0.439286
0.268431 -0.127327 1.038911
0.413153 -0.756591 0.020261
0.117521 -0.898086 0.796304
0.805870 0.230723 0.172985
1.217785 -0.696364 -0.163300
0.484865 -0.665340 -0.370704
0.118016 -0.523337 0.655942
-0.027683 -0.394769 -0.155475
0.185796 0.855264 0.220950
0.193062 0.276064 0.045180
0.339157 -0.532835 -0.093922
0.930623 -0.586868 0.726854
0.032817 -0.017982 0.255591
-0.866642 -0.708339 0.058402
0.378770 -0.937674 1.236549
0.285606 -0.708443 0.727553
0.034821 -0.841144 0.671764
-0.292861 -1.213063 -0.232328
0.152146 -0.362992 -0.293887
-0.322761 -0.820604 -0.570414
-0.302031 -0.943107 0.044290
0.167553 -0.516573 0.348812
-0.048867 -0.340200 -0.798850
0.485123 -0.742185 0.406308
-0.382796 -0.298805 -0.370283
-0.027945 -1.202402 0.234595
0.575445 -0.512270 -0.208671
0.085245 -0.408515 -0.728869
0.261921 0.379714 0.742886
0.324584 -1.299376 0.126836
0.102220 -0.695277 -0.416090
0.558818 -0.423518 -0.732179
-0.146284 -0.105838 0.394573
0.288459 -0.987011 -0.267335
0.791044 0.125796 0.726423
0.306741 -0.434786 -0.163264
0.595661 -0.071078 0.966198
0.707824 -0.779093 0.664648
0.928649 -1.201655 0.501276
0.880708 -0.414504 -0.626287
-0.147380 -1.108453 -0.094034
0.200754 -1.770913 0.265338
-0.164857 -1.086455 0.007933
0.045232 -1.137926 -0.189666
0.263784 -1.282124 0.185818
0.438783 0.038402 0.943859
0.504584 -1.068046 -0.209645
0.622609 -1.109232 -0.146147
0.381689 -1.205921 -0.110361
0.484712 -0.335384 -0.008184
0.337468 0.516586 0.847705
0.722124 -0.249426 0.471177
-0.596557 -1.250706 -0.068886
-0.476893 -1.460535 0.365710
-0.302379 -0.623151 0.022032
-0.254105 -0.799190 -0.436192
-0.358983 -1.686536 0.259935
-0.328704 -0.174044 -0.346475
0.562273 -1.538896 0.069080
0.476237 -1.546405 -0.637573
0.520084 -0.459503 -0.417453
0.543831 -1.587494 -0.050445
0.436001 -1.483229 0.247344
-0.033423 -1.574030 -0.604669
0.419317 -0.795274 0.142303
0.848645 -0.609052 0.257871
0.186720 -0.991287 0.995445
-0.024626 -0.929947 -0.386321
0.091683 -0.548446 0.342419
0.403525 -0.455681 0.156218
0.113908 -0.554627 0.067673
0.084057 -0.528637 0.171751
0.001679 -0.640224 0.433345
-0.214654 -0.540196 0.152204
-0.025355 -0.558394 0.257266
-0.034852 -0.659165 0.301772
-0.023831 -0.659223 0.159643
-0.444860 -0.495585 -0.189044
-0.208437 -1.251081 0.513231
0.232315 -0.499783 0.637039
-0.158399 -0.535041 0.504299
-0.133957 -0.386649 -0.030631
-0.011827 -0.399358 0.148800
-0.065688 -0.497341 0.208533
