-0.285416 -0.570925 0.054638
0.704395 -1.139809 0.584956
0.263552 0.526643 0.844336
0.977557 -0.121686 -0.470544
0.886940 -1.302563 -0.565141
0.426318 -1.110190 -0.081323
0.019450 -0.232304 0.162260
0.523527 -0.068389 -0.065230
0.219032 -0.769637 0.280207
-0.288114 -0.672997 -0.540582
-0.078589 -0.340797 0.036007
0.187620 -0.489832 -0.633919
-0.009324 -0.595043 -0.080444
0.631918 -1.474823 0.138729
0.340703 -0.369266 -0.663374
0.490184 -0.507113 -0.143687
0.370616 -1.111461 -0.169071
0.089252 -0.377393 0.077856
-0.288269 -0.473007 0.053058
0.621557 -0.137399 -0.501877
-0.139240 -0.338997 0.096222
0.629181 -0.857347 -0.310496
0.231011 -0.141948 0.420909
0.630187 -0.626304 0.633689
0.717337 -0.388704 -0.503214
0.613974 -0.159203 -0.207828
-0.172398 -0.162011 -0.493479
0.360176 -1.432773 0.372362
0.198975 -0.549259 -0.168357
0.554175 -0.762869 -0.705681
0.783008 -1.874592 -0.044744
0.438188 -0.794839 -0.247769
0.378387 -1.585495 0.150371
0.928603 -1.226831 0.255464
-0.141073 -0.565502 -0.728536
0.696713 -0.711468 -0.420796
0.568971 -1.726533 0.547953
-0.049750 -1.937311 -0.020832
-0.043328 -1.650505 -0.134691
0.625553 -1.374530 0.426819
0.548773 -1.465996 -0.118007
0.063517 -0.751563 0.356120
1.139146 -1.103704 -0.334060
0.022049 -0.733367 0.131391
-0.322486 -0.823954 -0.058681
-0.205281 -1.448421 0.340785
0.113974 -1.284319 -0.309719
-0.098016 -0.926799 0.269941
0.326900 -0.915332 0.204912
0.893496 -1.486735 -0.057557
-0.040046 -1.800302 0.054235
0.238215 -1.352584 0.520982
0.818473 -1.101430 -0.064850
0.323890 -1.123047 0.705664
0.884555 -1.441077 0.190528
0.087590 -1.318173 0.381632
-0.123330 0.381847 -0.464024
0.194067 -1.506537 0.260967
0.296901 -0.787338 0.045526
-0.149924 -1.812338 0.433563
-0.206046 -0.547747 -0.023435
-0.136226 -0.946115 -0.242375
0.507734 -0.808484 0.410874
0.902093 0.041618 0.300795
0.193599 -0.105440 0.673540
0.740802 -0.294436 0.265651
0.483586 -0.100114 0.116784
-0.007370 0.226330 0.139111
-0.355288 0.871064 -0.058381
0.071582 -0.719394 0.565482
0.263903 -0.028813 -0.036848
-0.729094 -0.018101 -0.064873
0.473475 -0.513192 0.755185
-0.415526 -0.749691 0.279214
0.935232 -1.341074 0.483197
-0.289296 -0.664791 0.738770
0.690484 -0.292085 0.227836
-0.192479 -0.812324 0.283241
-0.273703 -0.305932 0.511834
0.039624 -1.119637 0.818246
0.260116 -0.355724 1.113947
0.125242 0.510584 -0.196505
0.287846 -0.034363 0.329503
0.236157 -0.778804 0.566192
0.215247 -0.758361 0.701233
0.357934 -0.851558 0.930295
0.535068 -0.538477 0.084799
0.343167 0.061583 0.798242
0.198975 -0.549259 -0.168357
-0.141835 0.704652 0.632823
-0.290455 0.041669 -0.338966
0.057420 -1.247776 -0.723583
0.252712 0.481297 -0.112440
0.263574 -0.493064 -0.381698
0.569721 -0.653545 0.642207
0.623451 -0.855872 0.183883
0.566587 -0.737082 -0.271764
0.664592 -0.941421 0.684476
0.576806 -0.581134 -0.399136
1.006694 -1.122129 0.674764
0.283369 -1.344370 0.783961
0.123114 0.885886 0.439045
0.176478 -1.076758 0.433432
0.696753 -0.302880 0.807374
0.468712 -1.174412 0.429332
0.263186 -0.096366 0.331775
0.057678 0.004358 0.339182
-0.010145 -0.178183 0.612092
0.754469 0.285854 -0.686032
0.440776 -1.745385 0.362205
0.477425 0.058784 -0.532070
0.316272 -0.910828 0.071028
-0.185463 -0.379776 0.426886
0.434538 -0.221662 -0.300270
0.131115 -0.967326 0.745011
0.281374 -0.108529 0.712379
-0.089336 0.221202 0.827834
0.305875 0.046744 -0.172656
-0.212749 -0.340742 0.645098
0.279124 -0.701314 0.851261
0.317769 -0.675386 0.514336
-0.056586 -0.653026 0.908629
0.700455 -0.264230 -0.108381
0.219517 -0.881910 0.217380
0.060814 -0.180253 0.964095
0.352948 -0.447146 0.014621
0.228336 -0.169802 0.189549
0.332815 -0.604421 0.568227
0.014787 -0.699885 0.182328
0.017504 0.161187 0.881257
-0.090742 0.343533 0.485371
0.187771 -0.687522 0.255280
0.455177 -0.940726 0.847878
0.380413 0.270694 0.784999
0.655990 0.148599 0.503992
0.958945 0.258175 -0.026811
0.839111 -0.165748 -0.192648
-0.209261 -1.097508 0.246697
0.101062 -0.135751 -0.443685
0.528182 -0.708843 0.749602
0.121507 -1.271474 0.017603
-0.117395 -0.410182 0.559347
0.294904 -0.356358 -0.067774
0.368401 -0.899068 0.418170
0.194608 -0.838114 0.395829
0.362341 -0.921018 0.290461
0.180819 -0.865502 0.110714
0.344993 -0.810800 0.561221
-0.112286 -0.553765 -0.182429
0.262241 -0.666479 0.303592
0.263157 -0.701658 0.439377
0.047840 -0.754652 -0.073768
-0.424861 -0.548588 -0.250813
0.051489 -0.561592 0.347545
0.157546 -0.633059 0.355752
0.082159 -0.880319 0.252511
0.103256 -0.987083 0.212726
0.130595 -0.781462 0.635904
0.390681 -0.404084 0.571154
-0.049553 -0.842357 0.167699
0.102997 -0.663913 0.419098
-0.213924 -0.344374 0.215815
0.673242 -0.912647 0.244830
0.373806 -1.309296 0.360169
-0.084207 -0.561170 0.229827
0.067819 -0.632734 0.278986
-0.128163 -0.401058 0.146908
0.306091 -1.352859 0.615114
0.489198 -0.890940 0.184359
0.156749 -0.721165 0.229804
0.507903 -0.779288 0.207969
0.332240 -0.598734 -0.520903
0.228052 -0.932761 0.112115
-0.322183 0.035149 0.230349
-0.073467 -0.129702 0.058851
0.220840 -0.378405 0.351617
-0.263647 -0.334906 0.239810
0.010447 -0.513262 0.358226
-0.102393 -0.780486 0.169177
0.260493 -1.046013 0.301687
0.047128 -0.742543 0.307361
0.122639 -0.671048 0.315500
0.176214 -0.893432 0.293550
0.083579 -0.462543 -0.220667
0.084482 -0.621185 0.392806
