0.704815 0.741640 -0.964018
0.654808 -0.527053 -0.342202
0.718920 -0.917597 0.656070
0.186616 0.278668 0.839846
0.289809 0.128923 0.469275
0.478174 0.553381 0.855622
0.673751 -0.041247 0.287057
0.235043 0.224861 -0.146664
0.679307 -0.575974 0.640409
0.702210 0.261125 0.015093
0.737010 -0.172885 0.037299
1.012632 -0.566219 0.778110
-0.036780 -0.357466 -0.190563
0.456470 -0.486575 0.837305
0.403973 0.274658 0.533146
0.606404 0.393190 0.310125
0.388362 -0.596189 0.725226
-0.007139 -0.423331 0.531482
0.601377 0.289030 0.548536
0.369519 0.306750 0.591500
0.722985 0.298585 -0.479551
-0.286589 -0.224121 -0.063722
0.823501 -0.069718 0.261901
0.432354 -0.046948 0.740326
0.338003 0.417005 -0.036808
0.707026 0.148284 -0.113537
-0.578750 -0.527745 0.676064
0.496008 0.598514 0.226121
0.342361 -0.539956 0.189217
0.840497 -0.087388 0.803318
0.368290 -0.170361 0.007601
0.484084 0.398950 0.138510
-0.510580 -0.056876 0.728546
0.503498 0.153844 0.716840
0.626631 -0.117858 0.662226
0.207392 0.242273 0.550533
0.427176 -0.113069 0.530831
0.690571 -1.268566 0.462682
0.092724 0.633022 0.224805
0.062698 -0.598277 1.173437
-0.202261 -0.709086 0.612125
0.048955 -0.242764 0.121828
-0.112376 -0.582229 0.667586
0.520256 -0.501080 0.004636
-0.149697 -0.051730 0.430737
0.283288 -0.151669 -0.704020
0.223290 -1.032575 -0.438694
0.702523 -1.136991 0.117904
0.314820 0.237318 0.457299
0.458142 -1.349826 0.052134
0.465047 -0.444525 -0.091018
0.864750 -0.410780 -0.193243
0.063484 -0.040744 0.784990
0.207802 0.254622 0.802461
0.158793 -0.127719 0.230500
0.401917 -0.687172 0.012356
0.107171 -0.194126 0.368961
0.450064 -1.144746 0.534045
0.199469 0.146702 0.867997
-0.102592 -0.650097 0.512142
0.462290 0.365633 0.148656
1.048616 -1.049872 -0.310434
1.072084 -0.833130 -0.315119
0.363926 -0.413634 -0.251991
0.386615 -0.507099 0.080151
0.545998 -1.353000 0.228307
0.212514 -0.182699 0.192702
0.298904 -1.180560 -0.290496
0.388445 0.013353 -0.467894
0.547667 -0.665912 -0.054025
-0.025555 -0.196814 -0.066040
0.211263 -1.349831 -0.306552
-0.240291 -0.054497 0.101064
0.558115 -1.428334 0.434098
0.897045 0.404913 -0.835083
0.229680 -1.087901 -0.556810
0.744243 -0.791039 -0.034636
0.631745 -0.480764 0.105063
0.873273 -0.361173 -0.243951
-0.260585 -0.768179 0.195578
-0.027183 -0.556733 -0.155718
0.563349 0.474461 0.182922
0.868661 -0.173731 0.186169
-0.028701 -0.848672 -0.450159
0.592903 -0.868019 -0.808509
-0.387261 -0.420347 -0.360659
0.858982 -0.159785 0.392435
0.935873 -0.504653 0.409138
0.158607 0.240681 1.042900
1.346856 -1.303450 -0.072319
-0.687984 -1.096335 -0.128823
0.889116 0.415613 0.178917
0.335272 -0.345186 0.249214
0.343133 0.554229 0.627624
0.778170 -0.947634 -0.219129
-0.379222 -1.101285 0.090831
0.996429 -0.517361 0.261009
0.517707 0.144485 0.439264
0.416290 -0.906226 0.326044
0.171795 -0.787122 0.329473
0.287578 -0.526843 -0.058107
0.485365 -1.205041 0.467095
0.255923 -1.008672 0.286696
0.093548 -1.030295 0.259314
0.016894 -0.235710 0.329511
0.070064 -0.938728 0.186499
0.036815 -0.933929 0.165337
0.452209 0.158168 0.298252
-0.004683 -0.318344 0.263484
-0.235027 -0.379770 0.067893
0.055712 -0.429867 0.296371
-0.020300 -0.412385 0.350529
0.062969 -0.552077 0.508118
0.230823 -0.721663 0.303324
0.182948 -0.735566 0.292568
0.090577 -0.784219 0.177650
0.339886 -0.713634 0.238663
0.198058 -0.642006 0.426175
