0.489639 0.562447 0.810239
-0.218362 0.165316 0.748822
1.209435 -0.029641 0.126403
0.286573 -0.726752 0.700187
0.001242 0.709599 0.140539
0.228399 0.201251 0.527736
0.152017 -0.780675 0.535028
0.037889 -0.279388 0.167396
-0.048279 0.198849 0.388561
0.344880 -0.168647 0.737068
0.337783 -0.314291 0.310219
0.951390 -0.203528 0.388366
-0.118279 0.338416 0.263612
0.357764 -0.857119 -0.116620
-0.595726 0.371296 -0.181365
0.387025 -1.643343 0.370903
0.030464 -0.456739 0.623938
0.876332 0.376482 0.177737
0.387996 -0.314904 0.172873
0.212503 -0.744780 -0.073836
0.164544 -0.538153 0.042462
0.394649 -0.469506 0.236147
0.306378 -0.181224 -0.027915
0.791466 -1.474611 0.494829
0.469487 -0.590868 0.072221
-0.116928 -0.648106 -0.883395
0.792377 0.536401 -0.330326
-0.061007 -0.066561 0.202867
-0.255618 0.241816 0.180038
0.027438 -1.244604 -0.257734
0.751896 0.149639 -0.507059
0.277155 -0.826393 -0.261951
1.008397 -0.055065 -0.650114
0.549623 -0.872812 -0.444147
0.325097 -0.936451 -0.197907
0.943555 0.097918 -0.223568
0.481940 -0.472687 -0.497353
0.042690 -0.369195 -0.135909
0.049378 -0.352219 -0.393211
0.332669 -0.955647 0.049472
0.285022 -0.837182 0.219791
0.334401 -0.526756 -0.572538
0.527445 0.075335 -0.054198
0.091937 -0.365975 -0.251870
0.569857 -0.622720 -0.174322
1.004542 -0.590224 -0.432511
0.660156 -0.505046 0.273114
0.159937 -0.888563 0.113332
-0.616070 -1.158191 0.117549
0.221060 -1.120478 0.527850
0.740915 -0.251684 -0.088240
-0.131111 -0.266528 0.086651
0.092211 -0.883885 0.521741
0.092300 0.379602 0.113282
0.182665 -1.076286 0.032289
-0.205326 -1.187375 0.205853
-0.295732 -0.261506 -0.255547
0.455173 -0.525478 -0.470371
0.523678 -0.717634 -0.056341
0.463754 -1.357303 -0.003886
0.151776 0.299177 0.755196
-0.137597 -0.432907 0.685285
-0.393281 0.050988 0.264955
0.628635 -0.105229 -0.465865
0.589581 -1.345998 -0.176935
0.620184 -0.806221 0.299458
0.681286 -1.054895 -0.507009
0.766827 -0.371920 -0.913129
-0.485074 -0.171264 0.288379
0.890897 -1.376815 -0.118934
0.046097 -0.833739 -0.105329
-0.338017 -0.788039 -0.252920
0.026040 -1.475670 0.754304
0.576213 -1.550153 -0.110674
-0.225821 -1.122584 0.316672
0.484164 0.050509 0.476927
0.717081 -1.384778 0.025939
-0.391759 -1.560707 -0.079584
0.592166 -1.143555 -0.524524
0.611950 -1.233786 -0.260790
0.086856 -1.040385 0.699269
0.593167 -0.894596 0.148861
0.504311 -1.130753 0.422687
0.406414 -0.145941 0.680712
0.752901 -1.377894 0.307354
0.819319 0.111934 -0.462624
0.396618 -0.561266 -0.613230
1.046778 -0.663587 0.202451
1.130627 -0.218961 0.417636
0.466389 0.235882 0.818933
1.027866 -0.441876 0.192213
0.557600 0.312504 0.647545
0.904291 0.171888 0.692425
0.595879 -0.345049 0.257472
-0.175116 0.325873 0.640151
0.630345 0.077782 0.624524
-0.387626 -0.477624 -0.251762
0.295153 -0.565247 0.542414
0.496522 -0.858371 0.607023
0.094671 -0.983001 0.267266
0.115361 -0.772211 0.329589
0.120580 -0.985690 0.610897
0.106703 -1.113473 0.285690
0.345288 -0.697852 0.601653
0.014506 -1.305774 0.683241
-0.042605 -0.812111 0.381841
0.484913 -0.980560 0.325005
0.140381 -0.393061 0.428940
-0.012657 -0.472333 0.381707
0.159192 -0.401638 0.140284
-0.397916 -0.215092 0.031350
0.074817 -0.762423 0.194537
0.171427 -0.602425 0.475932
0.385593 -0.711474 0.340558
0.162570 -1.217530 0.210442
-0.055379 -0.824512 -0.095495
-0.389994 -0.657013 0.483847
0.001183 -0.313210 -0.068785
0.285341 -0.615057 0.258174
-0.162270 -0.432732 0.516978
0.367857 -1.095381 0.408499
0.044075 -0.410816 0.452728
0.164951 -0.790485 0.278632
-0.057497 -0.581681 0.244114
0.238036 -0.592189 -0.063427
0.288115 -1.000123 0.614783
0.426453 -0.196841 0.406025
0.290708 -1.123173 0.419522
0.588095 -1.023498 0.793415
0.633417 -0.872050 0.158162
0.746097 -0.947627 0.686535
0.048001 -0.413740 -0.158234
-0.249014 -0.916406 0.287033
-0.223109 -0.658451 -0.040735
0.186199 -0.618225 0.476005
0.049951 -0.746783 0.418672
-0.052050 -0.570583 0.079240
0.288141 -1.078538 0.132096
0.127584 -0.662367 0.348704
0.106008 -0.693495 0.413231
