0.490234 -0.609067 0.200915
0.675151 -1.562056 -0.165677
0.071280 -0.267347 0.602599
0.193454 -0.200273 0.410342
0.090843 -0.471015 0.394936
0.130820 -0.040894 0.532600
0.493884 0.428915 0.379263
0.887020 -0.515110 0.365528
0.202687 -0.988186 0.251124
1.046451 0.649944 0.219279
0.763423 0.104458 -0.177364
0.201382 -0.703978 0.699035
0.242474 -0.005489 0.577923
0.515586 0.056408 0.466703
0.466373 -0.309773 0.793500
0.601204 0.154340 0.632525
-0.002452 -0.442834 0.271956
0.666843 0.474704 0.033630
0.493945 0.121629 0.107449
0.805334 -0.480598 0.469140
0.823272 0.113352 0.837823
-0.076982 0.293449 0.258754
-0.109133 -0.718713 0.381675
-0.015409 0.138072 0.279066
0.143231 0.135786 0.543350
0.225243 -0.468107 0.173630
0.078183 -0.461312 0.192432
0.938252 0.775506 0.287239
0.068116 0.143529 0.282492
0.790140 0.587882 0.489320
0.323106 -0.558645 0.986102
-0.395994 0.285090 0.698217
0.566003 -0.354210 0.837697
0.323714 -0.828818 0.577329
0.651756 0.137952 0.003924
0.574534 -0.422924 0.378719
0.965848 -0.452685 0.997672
0.640482 -0.602200 0.264576
-0.004851 0.591742 0.453887
0.657462 -0.744808 0.572973
0.257738 0.702917 0.638441
0.457816 0.295545 0.725185
0.812884 0.225868 0.538923
0.205565 -0.300264 1.025085
0.409789 -0.046168 0.303975
0.947876 0.195120 0.584317
0.255886 0.140746 -0.123962
0.814506 0.106343 0.988029
0.309881 0.120205 1.069190
0.179571 0.083928 -0.043371
0.019003 -0.284775 0.666591
0.668331 0.090766 0.800740
0.154946 -0.215124 -0.109568
-0.402101 -0.289518 0.866456
0.469761 -0.448559 0.137114
-0.057704 -0.794843 0.498519
-0.438149 -0.322315 0.764388
-0.150694 -0.687404 0.426188
-0.258783 -0.429621 0.386939
0.249264 -0.586022 0.316236
-0.276897 -0.259975 0.789977
0.202893 -0.426111 0.321146
0.097045 -1.491026 0.034925
0.484073 -1.059321 0.102167
0.263991 -0.287019 -0.052488
0.563069 -0.762331 0.020984
0.210695 -0.059143 0.711567
0.659591 -0.518901 0.310817
0.226987 -0.866005 0.100602
0.030484 -0.271396 -0.043595
-0.156959 -1.235731 0.233550
-0.148597 -0.768048 -0.408499
0.818732 0.811745 -0.256425
0.575369 -0.577743 0.814835
0.802011 -0.121217 0.199700
-0.214986 0.376097 0.554484
0.213712 0.717556 0.026636
0.258529 -1.406882 0.833251
0.223710 0.316310 0.596411
0.207554 0.152041 0.197822
0.490773 -0.077297 0.351260
0.561043 -1.028127 -0.046311
0.646657 -0.571421 -0.192839
0.058687 -0.557776 -0.535785
-0.006803 0.028800 0.153255
0.501266 -0.495357 0.479516
0.152312 -0.738565 0.383054
0.018969 -0.736546 0.593538
-0.661770 -0.652106 0.563660
0.127284 0.190514 0.375963
-0.416124 0.189103 0.395327
-0.529032 -1.448510 0.316728
0.400107 -0.630299 0.264841
0.011805 -0.589222 -0.689360
1.035420 -0.589363 -0.577472
0.440327 -0.357823 0.100914
0.327448 -0.773970 -0.923552
0.212431 -0.523963 -0.198131
-0.038053 -0.727762 -0.082867
-0.159033 -0.369956 0.254380
-0.004642 -0.904402 0.166550
0.441475 -0.703043 0.691584
0.504972 -0.041136 0.461143
0.260824 -0.260369 0.243454
0.308899 0.478945 0.741250
0.423688 -0.069716 -0.339357
0.539190 -0.066130 0.594201
0.723401 -0.341624 -0.164611
-0.502318 -1.665645 0.099893
0.410878 -1.000613 -0.421697
-0.437829 -1.047739 -0.227568
0.473525 -1.190812 -0.373208
0.662726 -1.232043 0.190384
1.039480 -1.419800 0.309120
0.571490 -1.459084 0.425298
0.857791 -1.319334 -0.011370
-0.379527 -1.202879 0.349629
1.299962 -0.733342 -0.094405
0.168143 -1.398395 0.305791
-0.623977 -1.029683 -0.519384
0.415979 -0.938037 0.133125
0.030286 -0.674574 0.457894
-0.320159 -0.441809 -0.073954
0.263984 -0.665601 0.071086
0.102838 -0.656372 0.495942
0.232446 -0.863138 0.416360
0.680050 -1.232986 0.053433
0.655931 -1.080648 0.306972
0.145830 -1.420316 0.746794
0.142749 -1.149720 0.206436
-0.156813 -0.849396 0.108287
0.236467 -1.154915 0.236492
0.266367 -1.219265 0.086656
0.809539 -0.497307 -0.212553
0.779024 0.165333 0.000385
0.026547 -0.831986 0.189816
-0.002277 -0.583180 0.082971
0.086094 -0.899055 0.310005
-0.152097 -0.458279 0.441568
0.075926 -0.748543 0.194454
0.286949 -0.808615 0.227555
0.146850 -0.702375 0.455769
0.352875 -1.048876 0.531696
0.334892 -0.522546 0.185910
-0.065588 -0.769123 0.255995
-0.000393 -0.708729 0.146513
-0.148452 -0.462593 0.237757
-0.212624 -0.261485 -0.056272
-0.371039 -0.690892 0.029721
0.126115 -0.907525 0.409911
0.067397 -0.566468 0.280242
0.134276 -0.783803 0.484954
-0.358897 -0.108074 0.009481
0.326917 -0.423264 0.044386
-0.260650 -0.137149 0.070853
-0.046168 -0.574637 0.042474
0.239651 -0.649561 0.571285
-0.354355 -0.075345 0.282425
-0.276864 -0.085510 0.363425
0.679652 -0.149014 0.203293
0.406959 -0.589305 0.444804
0.135075 -0.755569 0.168433
-0.007194 -0.396259 0.142702
0.171124 -0.656054 0.369687
0.243433 -0.789899 0.111403
0.420462 -0.500681 0.080367
-0.010165 -0.540045 0.140404
0.142514 -0.620582 0.425352
0.321794 -1.065292 0.550046
0.076817 -0.919306 0.219350
0.148535 -0.885654 0.282383
0.258210 -0.910140 0.386416
