0.713870 -0.773550 0.251188
-0.114870 -0.839387 0.853350
-0.509534 0.048131 -0.138827
0.521303 -0.651036 -0.718044
-0.405205 -1.303327 0.008746
0.325780 0.089004 0.664030
-0.574330 -1.702475 0.479202
0.026483 -0.826286 0.634569
0.367838 -0.019898 0.611071
0.086754 -0.190288 0.698766
-0.210884 -0.635676 0.333968
0.022015 -1.401655 0.289454
0.208434 -0.316956 0.405365
-0.447204 -1.371086 0.107810
0.124127 -0.322994 -0.011315
0.859076 -0.615698 0.150607
0.838660 -0.671080 0.312505
0.038912 -1.160916 0.533602
-0.229131 -0.467505 -0.076491
0.710384 -0.720126 -0.243252
0.250079 -0.494944 -0.134664
0.079663 -0.748820 0.274062
0.224403 -0.747889 0.029724
0.781426 -0.286765 0.335468
0.261545 -0.018620 0.097601
0.451478 -0.608891 -0.008756
-0.096494 -1.894443 0.244441
-0.220849 -0.243307 -0.360253
-0.606866 -0.674278 0.081482
0.047419 -1.120553 -0.332967
-0.166917 -0.923837 -0.061084
-0.285908 -1.175589 0.029803
0.846487 -0.465247 -0.202189
0.249566 -0.115096 -0.017074
0.496274 -0.199217 0.582828
-0.291416 -0.764042 -0.549484
0.564150 -0.990292 0.389509
0.975716 -1.116463 0.320514
0.289340 -1.417246 0.290690
0.765860 -1.259365 0.203066
0.992778 -0.514398 0.113675
0.888072 -0.942782 0.445130
0.767691 -1.424685 0.004112
0.480095 -0.849699 0.166206
0.282704 -1.117191 -0.022310
0.042330 0.131453 -0.388169
0.088982 -0.086341 -0.296434
0.878589 -0.236887 0.609430
0.563672 -0.875408 -0.118582
0.500934 -0.372583 0.240970
0.631941 -0.784083 0.008052
-0.161298 -1.022005 0.130615
1.118958 -1.213161 0.527870
-0.329860 -1.296683 -0.007795
-0.242106 -1.968615 0.394932
0.291705 -0.750969 0.425344
0.133914 -0.579563 -0.212153
1.165688 0.394786 -0.016846
0.351478 0.017073 -0.064557
1.056266 -0.348016 0.369645
0.455419 -0.650103 0.098565
-0.161749 -1.814069 0.468776
0.312101 -1.192373 0.295452
0.601076 -1.282695 -0.087022
0.388715 -0.364808 0.236615
0.556597 -1.004466 -0.155253
0.470891 -0.433768 0.582979
0.429073 -0.207035 1.042326
0.226553 -0.152222 0.851144
0.783136 -0.342641 0.787868
0.242258 -0.352170 0.195078
0.554808 -0.963892 0.492714
0.736027 -0.007662 0.323134
0.199717 -0.240229 0.229222
0.283431 -0.061398 0.548541
-0.766832 -0.607749 0.250497
0.750352 0.441349 0.161116
0.063956 -0.077046 -0.309145
0.571368 0.336458 0.263862
0.198630 -0.321085 0.155569
0.190172 0.503878 -0.463933
0.285107 -1.031167 0.358866
0.072175 0.230484 0.632936
0.412699 0.297983 0.447361
-0.016701 -0.178814 0.364415
0.394619 -0.295570 0.387484
0.166899 -0.291289 0.161099
-0.415924 -0.769059 0.021585
0.086754 -0.190288 0.698766
0.067736 -0.077314 0.642545
0.710444 -0.795048 0.657395
0.299133 0.547972 0.568353
-0.062381 0.989279 0.202051
-0.030189 -0.844981 -0.122429
-0.143973 -1.250695 0.053260
0.108257 -0.344328 0.428442
-0.208191 -1.341725 0.747234
-1.347002 -1.146380 0.251879
0.630030 -1.033434 0.534208
0.873345 -0.968151 -0.281796
-0.111287 -0.671302 0.424300
0.358655 -0.559879 0.972520
-0.109125 -0.217071 0.001396
-0.056707 0.535491 0.885449
0.094065 -0.090548 0.291007
-0.121818 -0.067406 0.386607
0.065031 -0.863334 0.916610
0.150243 -0.271973 0.104022
-0.138026 0.293202 0.367899
0.548313 0.760955 0.873028
-0.683171 1.080114 0.240656
-0.052665 0.212123 0.972087
0.942357 0.227835 0.429079
0.508008 0.078682 0.602019
-0.000825 0.314993 0.554444
0.338132 0.167133 0.894363
0.446694 -0.159859 0.879302
0.242620 -0.213408 1.047747
0.057985 0.112849 0.564579
-0.166647 0.195101 0.216252
-0.177196 0.317981 0.618568
0.215046 -0.010936 0.785082
-0.889436 -0.673195 -0.153600
0.017942 -1.326664 -0.281963
-0.968251 -0.961791 0.139694
-0.145799 0.518572 -0.804085
0.833803 -0.723069 0.477237
0.422322 -0.914118 -0.222799
-0.082044 -0.522254 0.220831
0.498609 -0.075782 -0.190618
-0.089926 -0.989573 -0.080723
-0.091678 -0.419275 0.263591
-0.365954 -0.225332 0.063336
0.161929 -0.766720 0.285001
-0.336125 -0.122998 0.284022
0.044605 -0.784021 0.134551
0.054832 -0.407994 0.572184
0.092595 -0.497620 0.361676
0.262248 -0.829958 0.458561
0.152731 -0.971729 0.201422
0.104189 -0.573543 0.329800
0.285445 -0.997412 0.349139
0.133527 -0.239306 0.308494
0.270225 -0.985581 0.312599
0.103139 -0.485767 0.352177
0.065252 -0.723683 0.263298
-0.217003 -0.590651 0.314186
0.228564 -0.793646 0.335808
0.074073 -0.544734 0.405046
0.140208 -0.676454 0.220960
0.220741 -0.729819 0.464330
0.124879 -0.689712 0.456061
0.127004 -0.035846 0.107869
0.274039 -0.149663 0.192247
-0.344291 -0.374263 -0.084330
-0.001745 -0.719808 0.058680
0.270770 -0.569234 0.543908
-0.141202 -0.431193 0.230996
-0.135451 -0.275697 0.169352
