0.927165 0.305205 0.007092
0.658616 -0.446319 0.447725
-0.140664 -0.901543 0.638709
0.153630 -0.164883 0.665407
-0.139835 -0.560497 0.136568
-0.578546 -0.019812 -0.473405
0.760610 -0.546097 -0.508496
0.119114 -0.702971 0.806956
0.214345 -0.974458 0.409496
-0.348764 -1.521837 0.017871
1.080536 -0.967650 -0.032971
0.042456 -0.847004 0.056001
-0.046365 -0.722508 -0.029204
-0.018835 -0.992884 0.065450
0.354946 -1.002562 0.111813
0.922641 -0.612944 0.649777
-0.711096 -0.377877 -0.034476
-0.335438 -0.918378 -0.111843
0.543594 -1.417150 -0.062359
0.714712 -1.022163 -0.572991
-0.415176 -0.955607 0.171410
0.567962 -1.311673 0.657813
-0.065235 -0.583128 -0.289194
0.418806 0.234688 -0.412148
0.177188 -1.097639 0.023423
0.383667 -1.276832 0.323144
-0.306857 -1.305166 0.003318
-0.214116 -1.098951 -0.221640
0.603993 -1.142417 -0.673579
-0.537036 -0.584057 -0.498067
0.760311 -1.063662 0.628920
0.386253 1.032872 -0.115669
0.219987 -0.513055 0.497195
0.526976 -0.915241 -0.228156
0.810193 -0.950997 0.728241
0.394852 -1.317616 0.426663
0.867776 -1.275742 0.489626
0.595874 -1.152437 0.364608
0.565413 -1.491901 0.148948
0.513347 -0.416743 0.682215
-0.005802 -0.561647 -0.170942
0.345794 -1.089407 0.467247
0.068908 -1.208918 0.248242
0.536578 0.730995 -0.318247
0.780187 -0.226327 -0.272833
0.434194 -0.007653 0.634687
0.632321 -0.858687 0.352572
0.989927 -0.316891 -0.248584
0.950616 -0.448993 0.891954
0.164300 0.084495 0.391888
0.415993 -1.062127 0.380877
0.210558 -0.493262 0.735946
-0.425561 -0.741950 0.004255
0.038969 -1.116507 -0.039755
0.761359 -1.808509 -0.131641
-0.188749 -0.545327 0.171182
0.994080 -0.707264 0.424593
0.577252 -0.104425 -0.291846
0.235376 0.136911 0.767151
-0.123355 0.064222 0.259801
0.408363 -0.324900 0.590253
0.366500 -0.404469 0.355369
1.332104 -0.830419 -0.232437
1.136084 -1.630084 0.743518
0.693249 -0.996997 -0.451948
0.016551 -0.869164 -0.260240
0.941564 -0.100717 -0.465857
0.520267 -1.574341 0.404277
0.754307 -1.524738 -0.008727
0.820367 -0.468540 -0.618810
0.761084 -1.465865 0.095822
0.585037 -1.165411 -0.184736
-0.328021 0.827871 -0.149464
0.753308 0.424391 -0.489978
0.418244 -0.728285 0.389211
0.450219 -0.332754 -0.210028
0.519924 -0.418788 -0.779396
0.153630 -0.164883 0.665407
-0.139835 -0.560497 0.136568
0.098886 -1.214410 -0.186393
0.207307 -0.056235 0.771079
-0.317178 -1.175265 0.033790
0.384521 -0.689935 0.150548
0.916389 -0.037854 -0.760158
0.526841 0.166970 -0.024561
0.480570 -1.279777 0.084822
-0.232188 0.354487 0.002351
0.291739 -0.277327 0.246253
-0.258798 -0.198282 0.252667
0.223539 0.254220 0.984212
0.343393 0.048398 0.875188
0.868282 0.970582 -0.506160
0.233678 -0.933365 0.388984
0.580552 -0.010243 -0.866721
0.033573 -1.191390 -0.140790
-0.071943 -0.674538 0.079981
0.154471 -0.052112 0.053602
0.338119 -0.963047 0.370128
0.919041 -0.907667 0.140482
0.451203 -0.970526 0.436886
0.220367 -1.137650 0.324793
0.651493 -1.413133 0.387524
0.237351 -0.577377 0.422608
0.623602 0.034678 -0.374072
-0.171479 -0.196323 0.237701
0.754004 -0.220997 0.167993
-0.120813 -0.876407 0.946399
-0.119351 -0.067944 0.050474
0.156462 -0.423019 1.120548
-0.238675 -0.404122 0.253674
0.317453 -0.826910 0.531753
0.632969 0.139425 -0.048294
-0.546879 -0.351789 0.003842
-0.052810 -0.550260 0.608915
0.483243 -0.471890 0.584198
0.408762 0.294214 0.796259
-0.413973 0.044198 0.135924
0.645873 -0.596789 0.418885
0.324383 0.139849 0.255108
0.770106 -0.400518 0.040667
-0.046058 -0.423142 0.796504
-0.283096 -0.623865 0.734199
0.646449 -0.300501 0.387754
0.780627 0.013328 0.303755
0.413140 -0.706034 0.620124
0.351384 0.456735 1.302872
-0.460380 0.490986 0.314944
0.601300 0.359954 0.476332
0.918210 -0.424626 0.265572
-0.185823 -0.298303 0.746765
0.524227 -0.348408 0.080215
0.043250 0.365106 0.438395
0.452975 0.283157 0.724428
0.299455 -0.657728 -0.023921
0.061392 -0.693608 0.101880
0.263877 -0.870213 0.369625
0.216919 -0.730393 0.448096
0.082378 -0.693307 0.314978
-0.050428 -0.468966 0.537242
-0.108860 -0.451520 0.276012
0.101483 -0.885244 -0.288253
0.037194 -0.373422 0.670374
0.380913 -0.650219 0.586835
0.067640 -0.529150 0.621142
-0.020217 -0.915625 0.259226
0.108035 -0.851519 0.356884
0.020540 -0.606604 -0.052849
-0.407021 -0.404582 -0.096572
0.065945 -0.641839 0.170459
0.042752 -0.899047 -0.269035
-0.075867 -0.549003 0.057041
-0.235530 -0.351909 0.333977
-0.246065 -0.392584 0.253107
-0.112789 -0.457291 0.637736
0.304894 -0.828514 0.418671
0.158287 -1.046225 0.192585
0.019337 -0.965158 0.274191
