0.121483 -0.927859 0.008729
0.531950 -0.267362 -0.660432
0.054264 -0.639095 0.049965
1.267495 -0.842126 -0.176321
0.382499 -0.267033 -0.665030
-0.148570 -1.392980 0.516712
1.153248 -0.815854 -0.331414
0.752043 -1.235363 -0.082019
0.486718 -1.213689 0.536268
0.537163 -0.307859 0.288408
0.595351 -0.753127 -0.343852
0.872723 -0.530011 -0.634528
0.303855 0.250166 -0.265758
0.528988 -0.992031 -0.305423
0.894329 -0.785018 -0.642434
0.073529 -0.573606 0.023660
0.336060 -1.274170 -0.084255
0.477515 -0.699640 -0.570316
0.071810 0.021873 0.053073
0.081143 -0.446496 -0.535426
-0.152435 -0.640442 0.303886
0.615478 -0.853300 -0.371691
-0.105804 -0.789911 0.470031
0.244931 -0.378819 -0.354126
-0.159757 -0.877264 -0.461983
-0.353840 -0.930430 0.531997
-0.114544 -1.565519 0.684163
-0.151571 -1.251388 0.065824
1.058470 -1.117825 0.408866
-0.081557 -1.210508 0.019571
-0.603715 -0.787391 -0.198853
-0.237610 0.207383 0.402816
0.341462 -0.683799 0.071563
0.343626 -1.036767 -0.172752
0.040153 -0.275531 0.428407
0.122004 -1.533666 -0.177278
0.532644 -1.293714 0.261322
-0.571255 -1.368454 -0.240219
0.760351 0.444976 0.158382
-0.547225 -1.325238 -0.090164
0.507204 -0.722824 0.118594
0.921989 -0.237869 0.710431
-0.253053 -0.210403 0.125898
0.646701 -1.026539 0.501919
-0.170939 -1.017211 -0.193030
-0.212594 -0.511172 -0.410455
0.285293 -1.263159 0.570507
0.234493 -0.480660 -0.453461
0.420863 -1.604686 0.173347
0.772281 -0.988700 0.369718
0.197867 -0.747701 0.040072
0.712638 -1.167444 0.055386
0.401655 -0.236866 -0.120458
-0.205574 -1.331318 0.424071
0.505912 -0.342623 -0.477795
-0.384963 -0.827698 0.120194
0.103580 -1.693368 0.101397
0.161392 -1.213107 -0.112664
0.570085 -1.043737 0.819841
-0.322119 -0.904148 -0.099447
0.044671 -0.990291 -0.499310
-0.186336 -1.385143 0.263939
0.145879 0.206968 -0.388336
-0.374291 -0.986970 -0.073694
0.365663 -1.229284 -0.138843
0.601186 -0.640715 -0.139071
0.777362 -0.173165 -0.220143
-0.395657 -0.757741 -0.365723
0.155415 -0.220077 -0.114623
0.557828 -0.890013 -0.148370
-0.709304 -0.441034 -0.486309
-0.756434 -0.003100 -0.156368
-0.237098 -0.141578 0.069970
0.102805 -0.603435 0.818080
0.292546 -0.975151 0.718083
0.825141 -1.386010 0.378736
0.346442 -1.042547 0.713790
0.322776 -0.976108 0.508223
0.053694 -1.019881 0.423424
0.291995 -0.822955 -0.278159
0.497466 -1.026931 0.099763
0.382229 -1.189826 -0.059645
0.225709 -1.211585 0.085574
0.570827 -1.236633 0.488965
0.631422 -1.082228 0.608219
0.616116 -1.075546 0.111978
0.244411 -1.051768 0.599138
0.249923 -0.567362 0.651712
0.668714 -0.491614 0.390212
0.413093 -0.497726 0.533269
1.224339 -1.302479 0.561478
0.619930 -0.630836 0.743710
0.574866 -0.887619 0.837476
0.307149 -0.298206 0.543739
0.353973 -0.200467 0.693072
0.456574 -0.263560 0.386848
0.327707 -0.785133 0.633489
0.923780 -0.539607 0.205447
1.023785 -1.177267 0.320247
0.752358 -0.609980 0.576956
0.678921 -1.117658 0.598184
0.522878 -0.909463 0.717996
0.632377 -0.941711 0.356622
0.342065 -1.120170 0.379445
0.656820 -1.594048 0.262106
0.512799 -1.086389 0.415329
0.207652 -0.974213 0.810603
1.109397 -0.964855 0.267163
0.486934 -1.122309 0.185734
0.017891 -1.118520 -0.434160
0.869928 -1.445319 0.341728
0.080094 -1.243477 0.137497
-0.597063 -0.628701 -0.397963
0.923291 -0.754138 0.373721
0.963979 -0.289117 -0.280180
0.794295 -0.457585 0.146568
-0.015484 -0.022734 0.616248
0.595193 -0.268385 -0.186741
-0.232860 0.159705 -0.381023
0.073341 -1.106963 0.315978
1.265364 -0.299357 0.223131
0.971108 -0.115322 -0.551480
0.300589 -0.728081 -0.630168
0.626585 -1.301634 0.502674
0.587886 -0.746509 -0.301799
0.216511 -0.865261 -0.100551
0.574870 -0.196885 -0.302669
1.267495 -0.842126 -0.176321
0.372315 -0.468460 -0.406607
0.651591 -0.224688 0.595702
0.415266 -0.027280 0.724797
0.244467 0.025310 0.406565
0.573347 -0.551151 -0.320828
0.273540 -1.199394 0.078294
0.622338 -0.128543 0.101856
0.040886 -0.419396 -0.065657
0.845928 -0.214840 -0.422806
0.315160 -0.444243 -0.024274
0.480471 0.075584 -0.124315
-0.148615 -0.451884 0.240189
0.341827 0.055661 0.744534
0.738822 -0.211604 0.789896
0.886755 -0.141707 0.135883
-0.270967 -0.032202 0.678910
0.864574 -0.253380 -0.020123
0.601818 -0.227783 0.199216
0.728813 -1.169150 0.607342
0.374985 -0.340075 0.152791
1.644709 -0.399532 -0.009791
-0.167447 -0.524757 -0.155321
0.616163 -0.981682 0.556250
0.452192 -0.620611 0.784408
0.733114 -0.235415 0.984399
0.808622 -0.879306 0.215528
-0.347732 -1.495910 0.206228
-0.170386 0.381255 0.535843
0.874256 -0.251026 0.097463
1.231658 -0.003007 0.403846
1.356107 0.264665 0.001949
0.763936 -0.246083 0.959384
0.433052 -0.399506 -0.241720
0.159787 0.328996 0.303688
0.555753 0.356746 -0.004121
-0.335887 -0.029389 0.304212
-0.075720 -0.163393 0.221682
0.264095 0.263319 0.623459
0.317938 -0.072711 0.453294
-0.327469 -0.112089 0.185336
0.280851 -1.007069 0.541170
1.112856 -0.411968 0.196137
0.186049 -0.868426 0.335303
0.245757 0.018851 0.488690
0.209817 -0.149794 0.297024
-0.035646 -0.165279 0.595760
0.424742 -0.105998 0.683681
0.123915 0.205806 0.527563
0.031860 -0.246795 0.713727
0.135626 0.210732 0.726581
0.111985 0.216630 0.508129
0.507562 -0.979712 0.409094
-0.330021 -0.435220 0.814735
0.583159 0.142505 0.200767
0.528383 -0.566092 0.084761
0.216511 -0.865261 -0.100551
1.267495 -0.842126 -0.176321
0.601984 -0.278528 -0.624229
0.212711 -1.031910 -0.043302
0.016106 -0.260526 0.064980
0.437630 -1.008182 -0.421661
-0.295496 -0.447327 0.067746
0.691930 -0.613662 -0.155473
-0.159964 -0.560695 0.488175
0.633142 -1.037917 -0.062304
0.071984 -1.055204 0.179147
1.095088 -0.059224 -0.681301
0.476017 -0.444078 -0.949542
0.275299 0.094359 -0.317402
0.372104 -1.463476 -0.326959
-0.509094 -1.301515 -0.787615
0.088814 -1.069707 -0.014737
-0.099914 -1.253393 0.473639
0.236572 -1.132437 -0.337103
-0.212321 -1.112817 -0.554312
-0.113272 -0.708708 -0.300988
0.768875 -0.501040 -0.332278
1.212336 -0.121087 -0.497268
0.425677 -1.290747 0.364512
0.655974 -0.674682 -0.099241
-0.023714 -0.784161 -0.133194
0.862126 -0.597250 -0.191963
0.003932 -0.452405 -0.051105
0.326240 -0.806899 -0.127646
0.021761 -1.504226 0.037456
0.369492 -1.376009 0.019417
0.734309 -0.377634 -0.377583
-0.214511 -1.196871 -0.154160
0.807172 -0.678701 0.138993
0.292308 -0.620414 -0.344709
0.498845 -0.069412 0.085524
0.431820 0.178103 -0.308352
0.132976 -0.565108 0.347733
0.037272 -0.654225 0.432702
0.055560 -0.984201 0.618125
0.390595 -1.145330 0.173241
0.263601 -1.021894 0.003811
0.286164 -0.665311 0.311140
0.094921 -0.774160 0.266376
0.288856 -0.825591 0.375575
-0.115550 -0.743313 -0.061409
0.118819 -0.764922 0.526385
-0.124524 -0.706560 0.289734
-0.232320 -0.270607 -0.070408
-0.000152 -0.730090 0.329596
-0.151982 -0.395105 0.300694
0.352804 -0.051308 -0.208000
0.078999 -0.940917 0.151728
0.062779 -0.150936 0.366244
0.153415 -0.423596 0.301992
0.132979 -0.817580 0.213746
0.067176 -0.817355 0.222868
-0.092285 -0.477182 0.275580
0.183017 -0.869653 0.209006
0.340964 -0.854056 0.503175
0.256763 -0.838679 0.381637
