-0.367726 -0.718527 0.811833
-0.367726 -0.718527 0.811833
0.329311 0.010614 0.468107
0.303201 -0.415254 0.139384
0.145834 0.176357 0.529686
-0.043072 -0.480909 0.344346
-0.180901 -0.662989 0.308905
0.371203 -0.168798 0.491100
0.240987 0.236244 0.228121
0.356357 -1.830640 0.177737
-0.048231 -0.237783 -0.129498
0.654368 -0.868319 0.194927
-0.323617 -0.770118 -0.167236
1.003691 -1.689146 0.889745
0.751480 -0.484972 -0.220842
-0.096249 -0.050081 0.676036
0.092042 -0.799101 -0.240699
0.449161 -0.257837 0.895761
0.177260 -0.203994 0.160070
0.469597 -0.388106 -0.196152
0.496445 -0.651037 0.150012
0.308335 -0.155612 0.299208
-0.160112 -0.614343 0.482365
-0.038774 0.145926 0.808626
1.189213 -0.339681 -0.424000
-0.046059 -0.498979 -0.649296
-0.038052 -0.890384 -0.118209
0.634656 0.014121 0.328271
0.429870 -0.335957 -0.176637
-0.428778 -0.388795 0.397868
0.594193 0.323338 0.546163
0.050824 -0.956515 0.107125
0.876232 -0.069177 0.566614
0.112011 -0.726816 0.322827
0.010743 -0.372685 0.291436
-0.249357 -0.235317 0.403437
0.694354 -0.463054 0.078394
0.208617 -0.359214 0.149682
0.452296 -0.485603 -0.335704
0.582937 0.541364 0.159237
0.056183 0.495423 -0.024947
0.633559 0.647912 -0.370133
-0.016984 -0.054111 0.761834
0.556760 -0.843031 0.095588
-0.134438 -0.183587 0.436621
0.204827 -0.043906 0.740873
0.149300 0.277634 0.502002
0.814744 -0.375985 -0.228438
0.481529 -0.847409 -0.405962
0.084956 -1.738056 -0.198454
1.090958 -0.469871 -0.406958
0.299114 -0.836597 -0.070435
0.295503 -0.313886 0.454016
0.862011 -0.386379 -0.073585
0.460102 -0.599775 -0.069674
0.278263 -0.825592 -0.128535
0.123254 -1.071573 0.528603
-0.172085 -1.623047 -0.177462
0.612268 -0.986694 -0.340484
0.460387 -0.763551 0.597895
-0.109855 -0.321526 0.578612
0.694041 -1.121188 -0.078339
0.391990 -0.104610 -0.284193
0.085568 -0.615964 0.518439
0.635850 -0.478586 -0.229554
0.132525 -1.413677 -0.167568
0.510534 -0.471718 -0.089528
0.179479 -1.073514 0.060559
0.544271 -0.832521 0.173712
-0.665904 -0.526105 -0.056788
0.102970 0.021702 -0.270819
0.174205 -0.796801 -0.405990
0.533892 -1.151044 -0.110013
0.261079 -1.435366 0.003498
-0.018367 -0.449241 -0.954498
0.235840 -0.437508 -0.032768
0.867538 -0.840639 0.212642
0.973178 -0.186445 0.305565
-0.042334 -0.245747 1.285546
0.427158 -0.430739 -0.229416
0.673903 0.303048 0.768450
0.268456 -0.424274 -0.710135
-0.329883 -1.023217 -0.581383
0.599193 -0.166449 0.662267
-0.564729 -1.163607 -0.069056
0.719994 -1.039241 0.880459
-0.026425 -1.246548 0.053597
0.546775 -1.673739 0.342645
0.695952 0.288512 -0.161176
0.512639 -1.099579 -0.086424
0.030501 -0.649121 0.236250
0.443168 0.327122 -0.066775
0.286219 -1.040541 0.750906
0.233821 0.472126 0.255120
0.074145 -0.872260 0.339472
0.054858 -0.418125 0.349156
1.107354 -0.080415 -0.178090
0.913969 -0.074665 0.446300
0.197341 -0.686246 0.208841
-0.178369 -0.879594 0.697089
0.532526 -0.117005 -0.394208
1.382713 -0.230890 0.398441
0.309820 -0.261177 0.635720
0.450568 0.018647 -0.227121
0.124777 0.144176 0.876107
1.004327 -0.470583 0.760996
0.460700 -0.442694 -0.503507
0.756816 0.020823 0.129344
1.205842 0.154713 0.017277
0.722950 0.347010 0.591359
-0.186192 0.023808 0.298757
0.247180 -0.053534 0.531602
0.417182 -0.193984 0.203116
-0.100662 0.269670 0.144232
-0.238995 0.571952 -0.004497
-0.528312 0.231880 -0.218275
-0.193899 -0.293707 0.355201
0.904548 -0.174414 -0.146873
0.294798 0.060293 1.143774
0.013702 -0.535361 0.311944
0.304951 -0.690520 0.417377
0.022122 -0.429646 0.305973
0.219629 -0.832775 -0.214261
-0.120091 -0.190277 0.128112
0.217194 -0.716801 0.372864
-0.046461 -0.651622 0.171457
0.025250 -0.401169 0.127048
0.100820 -0.233754 -0.263454
0.005426 -0.708321 0.059096
0.253454 -0.734025 0.463702
-0.047843 -0.685167 -0.006805
0.418042 -1.229737 0.628759
0.299031 -0.351988 -0.105094
0.140817 -0.715117 0.192861
0.001798 -0.408155 0.357806
0.059119 -0.515897 0.172552
0.081407 -0.742932 0.272098
0.325764 -0.984324 0.439609
0.031482 -0.356371 0.200943
