0.577649 -0.006004 -0.198045
0.653933 0.201061 -0.299641
0.257723 0.844968 -0.124750
0.058094 -0.820849 0.411897
0.044031 0.657767 0.115161
0.650993 -0.988950 -0.253691
0.324639 -0.083530 0.521996
0.000866 -0.794466 0.158107
0.459623 -0.945669 0.793825
-0.147845 0.011577 0.617829
-0.091146 0.237991 0.817782
0.583052 -0.383547 -0.617448
0.120988 0.486311 0.115166
0.230238 0.045658 0.415073
0.676692 0.058873 0.789926
0.545070 0.146626 1.180844
0.581279 0.578218 -0.021351
0.410037 -0.017039 0.681985
0.170536 0.141920 0.470496
0.795866 -0.040050 0.561254
-0.024583 0.089164 0.265654
-0.299484 -0.117314 0.419784
-0.098209 -0.628323 -0.139891
0.121917 -0.632985 0.731311
0.234917 0.342132 0.489969
-0.019183 0.219713 0.966912
0.354083 0.016405 0.400768
0.688013 -1.054612 0.022979
0.100274 -0.256929 0.765490
0.267894 -0.369183 0.811234
-0.291202 -0.239398 0.585900
-0.035662 -0.300087 0.434140
-0.225038 -0.139456 0.500290
-0.241654 -0.229108 0.563185
-0.256470 -0.141664 0.544097
-0.204681 -0.153160 0.587333
0.418077 -0.012998 0.530584
-0.069371 0.153603 0.414678
-0.059744 -0.170877 -0.223555
-0.440475 -0.877773 0.028085
0.560334 -1.240024 0.482943
0.273596 -0.802326 -0.171118
0.309345 -0.958836 -0.459477
0.506549 -1.082845 0.539818
-0.240488 -0.458316 -0.925954
0.306889 -1.083483 0.036161
0.078857 -0.693220 0.197594
0.752451 -0.931674 0.670619
0.437889 -0.179409 -0.662469
0.986738 -1.116987 0.470957
0.499447 -1.081076 -0.256291
0.466739 -0.790565 0.592690
-0.851623 -0.774390 -0.029003
0.283204 -0.465772 0.680468
0.606763 -0.099654 0.557751
-0.775560 -1.375134 -0.383992
-1.038938 -1.077023 -0.108957
-0.112443 -1.181652 -0.667915
0.688782 -1.175025 0.019396
-0.137580 -1.201394 0.089118
0.148460 -0.997548 0.102198
-0.038134 -1.361103 0.592130
0.268941 -0.158293 -0.070829
0.132999 -0.171333 -0.028710
0.128558 -0.209071 -0.856424
-0.192642 -0.646436 -0.001126
0.074767 -0.836792 -0.437194
-0.225202 -0.750252 -0.190942
0.256347 0.047670 -0.599179
0.061479 -0.890963 -0.458992
-0.400295 -0.714119 -0.414219
0.609816 -0.832678 0.037879
1.063007 -1.112045 -0.006109
0.965126 -0.014788 -0.716091
0.961247 -0.021811 -0.201418
-0.013823 -0.535907 -0.574261
0.306772 0.312612 -0.364936
0.509164 -0.579089 0.464509
0.585673 -0.188013 0.027909
0.315292 -0.817073 -0.095111
-0.317220 -0.490121 0.016741
0.160845 -0.269947 -0.344494
-0.557179 -0.053951 -0.423758
0.306496 -0.994877 -0.366942
0.463329 -0.030381 0.051072
0.075612 -1.005529 -0.317656
0.473932 -1.224118 0.027276
0.478362 -0.805758 0.138658
0.445492 -0.978919 0.017206
-0.047182 0.230087 0.370668
0.900974 -0.624481 0.143205
0.192756 -0.262449 1.016820
0.531396 -0.393688 -0.086208
-0.229079 -0.355609 0.241535
0.349155 0.769616 0.246242
0.691677 0.777649 -0.449264
0.363471 -0.123104 -0.073548
0.088061 0.168719 0.375265
0.390293 0.576062 0.267246
0.003875 -0.867336 0.706119
0.908439 0.525865 -1.000285
1.159498 0.562477 -0.681681
0.395441 0.053558 -0.356732
0.295683 -0.151174 0.572182
-0.016858 0.352338 -0.490099
0.060997 -0.657614 0.305174
0.183764 -0.112688 0.391664
0.123840 0.007108 -0.239155
0.493492 -0.293290 -0.275697
0.396846 -0.434302 0.179607
0.310752 -0.027020 0.027351
0.160445 0.405900 0.197288
0.714061 -0.227706 0.087417
0.256828 -0.215127 0.302667
-0.246282 -0.374822 -0.382937
0.107500 0.001199 0.543395
0.797122 -0.369840 -0.091527
-0.211688 -1.687913 0.334479
-0.707608 0.018260 -0.201377
0.875269 -0.792598 0.250673
0.059411 0.260764 -0.248603
-0.454957 -1.008563 -0.066480
0.325869 0.215198 1.214527
-0.042362 0.569370 0.280599
0.354971 0.194408 -0.142774
0.641860 -0.150631 -0.352027
-0.184331 -0.143360 -0.334319
0.097677 -1.248223 -0.088096
0.380682 -0.193665 0.101184
0.481257 -0.042706 0.520099
-0.157413 -0.313899 0.007914
0.457329 -1.147079 0.538204
0.341265 -0.284267 0.574002
0.984242 -0.852220 0.533895
-0.105959 -1.057674 0.667753
-0.414993 -1.207329 0.088749
0.629838 -0.818733 -0.469743
0.138244 -0.247385 -0.074533
0.337253 0.055462 0.816117
0.695358 -0.530422 0.966132
0.175296 0.043705 0.223919
-0.020988 -0.895636 0.018638
0.388814 -1.040050 0.536502
0.563062 -0.366462 0.017565
0.164365 -1.091603 -0.744004
0.651184 -0.116894 -0.155026
0.447400 -1.052947 -0.157211
0.479728 -0.587760 0.077999
0.166585 -1.012473 -0.204016
-0.118657 -0.126418 -0.147920
1.201294 0.539537 -0.495689
0.504535 -0.746300 0.052515
-0.002388 -1.023403 0.095632
-0.522693 -1.142195 -0.313592
-0.016641 -0.614135 -0.253464
0.635924 0.293439 -0.082988
0.620266 -1.074146 -0.045086
0.027688 -0.507316 -0.021202
0.309753 -0.798688 -0.265237
0.602020 -0.869289 -0.090386
0.891928 -1.025643 -0.459039
0.438974 -1.108163 0.070169
-0.934673 -1.042983 -0.118966
0.980161 -0.205057 -0.352987
1.089001 -0.322044 -0.281601
1.162729 -0.444703 -0.490143
0.238927 -0.617097 -0.402670
0.177618 -0.491800 -0.192509
0.591480 0.486841 0.190339
0.256918 -0.314669 0.236429
0.312985 -0.460732 0.839131
1.060297 -0.561305 -0.164097
0.338488 -1.222961 -0.139907
0.600844 -1.053275 -0.077495
0.671243 -0.666411 0.255629
-0.300128 -0.438442 0.194461
0.380320 -0.135451 -0.284748
-0.124961 -0.408000 0.393016
0.540059 -1.175634 0.270507
0.065087 -0.895455 0.472016
0.160959 -1.003863 0.519131
-0.354332 -0.013804 0.148267
-0.361277 0.156177 0.273969
-0.258676 0.214432 0.150931
-0.362175 0.065401 0.218507
-0.011495 -0.395424 0.440328
0.160449 -0.561053 0.424392
0.270365 -1.080602 0.219660
0.214435 -0.881812 0.193780
0.097942 -0.839052 0.451911
0.141113 -0.653754 0.365314
-0.071000 0.008781 0.263224
-0.037815 -0.056367 0.243568
-0.029492 -0.438884 0.292172
0.088616 -0.541905 0.433907
-0.008555 -0.436730 0.314220
0.001916 -0.481496 0.281111
-0.670400 -0.737282 -0.379916
0.399416 -0.311178 -0.272982
-0.417936 -0.786149 -0.058485
0.299222 -0.626149 -0.013788
0.304397 -1.137862 0.470180
0.132169 -0.802958 0.226143
0.056859 -1.021970 0.320216
0.172836 -0.852602 0.410708
-0.114050 -0.332411 0.321334
0.054568 -1.147573 0.746337
0.341645 -1.136781 0.666064
0.033220 -0.478391 0.406372
-0.758973 -0.907797 -0.275467
0.227473 -0.171788 0.379847
-0.244148 -1.518608 0.921946
-0.070436 -1.044300 0.808236
0.059550 -0.309310 0.101394
-0.341456 -0.350961 0.486964
0.228826 -1.025834 0.393879
0.125033 -0.338520 0.472266
-0.425143 -0.000744 0.293957
-0.015738 -0.768295 0.161058
0.011610 -0.647536 -0.156691
0.857573 -0.750676 -0.133030
0.147997 -0.823833 0.323335
0.135894 -0.821194 0.340734
0.112686 -0.796308 0.277511
0.172792 -0.832616 0.375430
0.072258 -0.067849 -0.159553
-0.069236 -0.778435 0.171771
0.038976 -0.561823 0.279873
-0.054934 -0.485793 0.327757
0.021155 -0.799583 0.165974
-0.253665 -0.256071 -0.006253
-0.052225 -0.526403 0.222304
