0.382486 -0.639931 0.076426
0.829287 -1.245020 0.104015
0.643542 -0.875766 -0.154771
-0.090577 -0.249236 -1.353105
0.102596 -0.918784 0.087707
-0.020396 -1.506043 -0.046706
-0.033309 -0.760127 -0.188213
0.486817 -0.826766 -0.079444
0.311925 -0.126432 -0.252825
0.696157 -0.541872 0.630867
0.417554 -0.696405 -0.291564
-0.020669 -1.468010 -0.041960
0.122490 -0.739660 -0.313381
0.914376 -1.366790 0.289724
1.000673 -0.850990 0.077103
0.589376 -1.325884 0.405784
0.345657 -0.549457 0.003907
0.707925 -1.051055 0.820283
0.662190 -1.386963 0.162755
0.245076 -0.564684 0.893139
-0.646964 -1.150633 0.518516
0.046198 -1.247974 -0.499243
0.252242 -0.577153 -0.475183
0.105309 -0.503912 -0.140133
0.726460 -0.749504 -0.013419
0.549736 -0.603297 0.109925
-0.047952 0.211815 0.077295
0.535873 -1.225357 0.640324
0.331291 -0.476371 -0.422908
0.808746 -0.224657 -0.240831
0.563118 0.001706 -0.009639
-0.042845 -0.133597 -0.768476
0.849916 -1.181186 0.106716
0.953472 -0.156890 0.329912
0.288072 -0.888784 -0.078622
0.519019 -1.222837 0.078404
0.664614 -1.409405 0.713046
0.651559 -0.526197 0.258459
-0.143288 -0.674809 0.177983
1.131375 0.543601 -0.049580
0.952493 -0.941884 -0.252314
0.190284 -1.075427 0.407691
0.455436 -0.276440 0.153211
0.653559 -0.548291 -0.113397
0.866084 -1.409272 -0.166517
0.559969 -1.055048 0.451162
0.964873 -0.633972 -0.412616
0.520213 -0.508037 -0.039422
0.580298 -1.018163 -0.323494
0.959814 -0.591017 0.050173
-0.034817 0.173421 0.004132
0.605823 -0.345603 0.095497
0.002077 -1.306098 0.298111
-0.536433 -1.281078 -0.154031
0.279042 -0.544768 0.005536
0.133631 -0.277807 0.635464
0.695977 -0.406686 0.062131
-0.059195 -1.199805 0.292092
1.099319 -1.106527 0.821164
0.814680 -0.413485 0.121453
-0.153082 -0.756553 0.109836
0.200685 0.461367 0.136780
0.202711 -0.331764 0.587053
0.115108 0.355471 0.362750
0.393933 -0.512462 1.078972
-0.418812 -0.179708 -0.223048
-0.003395 -0.693171 0.477689
-0.215847 -0.436701 -0.484802
0.382450 0.845717 0.343492
0.307750 -0.621114 -0.348511
0.103359 -0.758990 0.507018
0.711639 0.280975 0.086171
0.370004 0.284100 0.256085
0.594235 -0.165277 0.275633
1.451284 -0.595192 0.144218
0.045457 0.165177 -0.205871
0.686907 -0.789816 0.092414
1.266484 -0.649299 0.089271
1.133096 0.619089 -0.442837
0.591026 -1.227621 -0.498524
0.166764 -0.763697 0.429559
0.487230 -0.317758 1.272758
0.193585 -0.220472 0.266639
0.934278 0.349593 -1.049871
0.972910 0.067096 -0.149801
0.038336 0.569104 0.156466
0.391034 0.240543 0.457321
0.764101 -0.662185 -0.469224
-0.434520 -1.277553 0.258994
-0.619619 -0.006701 0.738473
-0.263281 -0.564899 0.007104
0.073709 -0.085085 0.933656
0.227849 -0.198741 0.322087
0.985482 0.651592 -0.415146
0.362942 -0.955483 0.139267
-0.155589 0.470104 0.169469
0.281930 0.011862 0.228643
0.244513 0.632719 0.004433
-0.202059 0.367285 -0.111757
0.326345 0.116837 -0.544331
1.024373 -1.358974 -0.241639
0.475226 -0.466583 0.277328
0.089813 -1.115182 0.120549
-0.050420 0.336137 0.103279
0.811687 -1.118515 0.123711
0.953472 -0.156890 0.329912
0.128309 -0.651234 0.687320
0.281660 -0.074486 0.170118
-0.211975 -0.599460 -0.156000
0.276329 -0.489032 0.336398
0.218867 -0.777376 0.114137
-0.007263 0.020895 -0.288285
0.988044 0.007057 0.603776
-0.010868 -0.196981 -0.234794
0.763923 -0.390724 0.484340
0.262331 -1.281803 0.623398
0.619442 -0.841203 0.541110
1.165179 -0.441063 -0.729322
0.877609 -0.379318 -0.126289
0.935240 -0.442464 0.680004
-0.120325 -0.846533 0.048329
0.673096 -0.798796 0.599040
0.274772 0.113455 0.335868
0.650317 -0.588905 0.105413
-0.010432 -0.847493 0.189768
0.582726 0.186773 0.108999
0.166067 0.486689 0.347934
0.603951 0.009540 -0.383930
0.818393 -1.495386 -0.035827
0.628313 -0.396030 0.107531
0.350297 0.208122 0.258159
0.408190 -0.208777 -0.226839
0.644420 -0.101435 -0.145119
1.191899 -1.083237 0.149613
-0.034817 0.173421 0.004132
0.195343 -0.967635 0.173939
-0.424786 -0.586270 0.429678
0.446849 -0.752966 0.260278
0.709983 -0.303042 0.128212
0.835434 -0.474154 0.466539
1.350090 -0.335323 0.390103
-0.063613 -0.546776 -0.699854
0.599578 -1.577595 -0.011650
0.290607 0.274043 0.826264
0.021628 -0.835909 0.362574
0.684790 0.031457 -0.031892
0.174538 -0.593445 -0.351284
0.696734 -0.686015 -0.749463
0.314145 -0.356238 0.433649
0.023188 -0.476312 0.399527
0.911288 -1.065429 0.489919
0.072399 -0.681430 0.359802
0.217492 -0.920409 0.366314
0.126629 -0.984591 0.351663
0.222300 -0.859566 0.255245
0.534921 -1.342956 0.131135
0.045904 -0.616372 -0.088558
0.410838 -1.228518 0.529946
0.378515 -0.793357 0.625055
-0.278615 0.001244 0.089435
0.247385 -0.991647 0.313515
0.169228 -0.810277 0.309533
0.187970 -0.716658 0.095679
-0.182786 -0.588761 0.149850
0.122721 -0.702247 0.276737
0.029908 -0.716839 0.183080
0.217319 -0.592714 0.435609
-0.193863 -0.367316 0.281019
0.289783 -0.882301 0.503652
0.271698 -0.716259 0.448806
-0.075622 -0.512955 0.205826
0.016424 -0.618205 0.387474
0.289230 -0.641473 0.463112
0.156154 -0.516167 0.442174
0.634839 -0.754330 0.222103
0.216892 -0.622263 0.817546
-0.181637 -0.532433 0.098408
0.318729 -0.838482 0.614572
-0.065731 -0.452257 0.243566
0.131660 -0.708051 0.393009
0.174798 -0.636062 0.442029
0.137075 -0.547982 0.490375
-0.006300 0.179417 -0.233837
-0.034184 -0.606338 0.248616
0.120277 -0.731818 0.313323
0.178162 -0.730995 0.463101
0.379956 -0.753939 0.344754
0.133877 -0.889911 0.237794
-0.272417 -0.014533 -0.052024
-0.263925 -0.234751 0.175930
-0.285620 -0.514343 -0.075612
