0.740362 -1.167207 -0.158555
0.119033 -1.215714 -0.118355
0.151866 -0.615890 -0.005037
0.952206 -1.006471 0.867261
-0.144531 -0.640045 -0.055967
-0.130476 -1.113401 0.148568
1.001690 -0.054939 0.639741
0.087977 0.358395 -0.216930
-0.101977 0.205142 -0.058663
-0.287900 -1.225818 -0.517754
0.884264 -0.479870 -0.296072
0.802843 -0.043659 -0.113641
0.030987 -0.975437 -0.345578
0.325474 -0.607165 -0.340589
0.848534 -0.750274 -0.094303
0.162956 0.140294 0.817043
0.298357 -0.031062 -0.556068
0.783930 -0.119459 0.169166
0.614990 -0.850825 0.233122
0.804348 -0.899603 0.140423
0.354695 -0.040657 1.340783
0.274798 -0.565392 0.198531
0.033782 0.058541 0.564072
0.200503 -0.316357 0.780796
0.320300 -0.509209 0.535191
0.118699 0.048747 0.967023
-0.046961 -0.099145 0.777717
0.144092 -0.037251 0.860670
0.110697 0.363081 0.739426
0.279702 -0.786785 0.556005
0.229392 -0.175791 -0.026271
-0.182675 0.124963 0.091256
0.861231 -0.480669 -0.028044
-0.044118 -0.816222 0.231989
0.005024 -1.286599 0.111325
0.925914 -0.979605 -0.723987
0.150440 -0.313538 0.430912
-0.019256 0.081481 0.573673
-0.024427 -0.610288 0.350208
1.202618 -0.585881 0.843235
-0.401994 -0.793063 0.561796
0.240366 -0.323781 0.132822
0.243455 -0.284324 0.346205
-0.233613 -0.271208 0.845590
-0.020920 0.044354 0.668207
-0.295846 -0.005853 0.641460
0.737342 -1.115136 0.189727
0.198863 -1.693288 -0.462836
0.554180 -1.025800 0.588016
-0.222865 -0.041735 0.160311
0.402211 -1.463359 -0.154114
0.684341 -1.078447 -0.096850
0.475421 0.105009 -0.278668
-0.143695 0.068882 -0.631481
0.142497 0.012209 -0.413662
-0.229555 0.543346 0.582549
-0.017940 0.110352 0.519800
0.442241 -0.028408 0.963418
0.519381 -1.554477 0.350028
0.714597 -0.914496 0.267538
0.117229 0.148109 0.609688
0.431274 -0.922550 0.395927
1.008754 -0.870156 -0.210537
-0.215677 -1.341468 -0.269162
0.304204 -0.451042 0.718976
0.033120 -0.744726 -0.044263
0.656394 -1.211009 -0.049083
0.394990 -0.583220 1.007679
0.303875 -0.785154 -0.000635
0.448978 -0.416924 -0.382195
0.708281 0.144157 0.233939
0.704753 -0.293929 -0.313160
0.242654 -0.713250 -0.848369
0.011290 0.040276 -1.249693
0.231559 -0.320621 -0.352485
-0.035091 -0.376002 0.172086
1.403399 -0.007038 -0.580659
0.247573 0.264719 -0.600263
-0.401623 -0.865622 0.243627
-0.220078 0.242365 0.365854
-0.087276 0.026943 0.553435
0.063865 -0.516373 0.515824
0.420482 -0.278701 0.102666
0.019102 -0.018104 0.211295
0.824733 -0.583157 -0.043306
0.851215 0.086908 0.290171
-0.201984 -0.854514 -0.222630
0.236065 -0.123105 0.471345
0.156256 0.254826 0.367845
-0.675612 -0.785285 0.863662
0.150695 -0.033335 0.208689
-0.028900 0.115214 0.793816
0.215138 0.327876 -0.430428
0.833245 -0.303331 0.753402
0.212427 -0.951520 0.276609
0.452013 -0.086010 0.357773
0.138710 -0.988963 0.279469
-0.071277 -0.217555 0.360482
0.250497 -0.970264 0.355782
0.159788 -0.955720 0.280996
0.073269 -0.816722 0.206616
-0.046030 -0.712635 0.276461
-0.142659 -0.317008 0.208875
0.231837 -0.802757 -0.016215
0.120266 -1.020073 0.289704
0.293960 -0.799321 0.388246
-0.147151 -0.362531 0.260201
-0.007676 -0.597309 0.221477
-0.013312 -0.466426 0.177866
0.080308 -0.357165 0.041451
-0.157960 -0.412769 0.462845
-0.201900 0.165716 -0.101940
-0.429155 -0.279146 0.189114
-0.329005 -0.689440 -0.009803
-0.109173 0.100056 0.108527
-0.243060 -0.947590 -0.114277
0.023781 -0.718656 0.073473
-0.121674 -0.195437 -0.002082
