0.562911 -0.805389 0.701651
0.446520 0.776939 -0.233199
-0.250706 -0.943164 -0.054467
0.400931 -1.108618 0.391559
0.571749 -0.321442 0.043155
0.624299 -1.965931 0.893529
0.266893 -0.722849 -0.363585
-0.315168 -0.845600 0.284492
0.196592 -0.554660 0.718151
0.239824 -1.378977 -0.035281
0.435164 -0.043397 0.545785
-0.143414 -0.264604 0.454195
0.430045 -0.035958 0.495303
-0.100092 0.437125 0.310092
0.676399 -0.802359 0.495341
0.673804 1.103030 -0.023520
0.593247 -1.329320 0.297107
-0.215908 -0.682160 -0.379090
0.383868 0.153953 0.077821
-0.339528 0.187833 0.092631
0.503422 -0.760421 1.387869
-0.074397 0.298529 -0.187000
0.004537 -0.079040 -0.112812
0.486499 -0.758848 -0.034818
0.576609 -0.541096 0.371202
0.346910 -0.876805 0.485803
-0.836661 -0.609141 0.192762
0.265269 -0.534790 0.648802
0.413226 -1.439789 -0.006044
0.318515 -0.323589 -0.393217
0.428843 -0.856215 0.199567
0.235593 -1.383027 0.260656
0.198469 -1.061546 0.586875
-0.067297 -1.703864 0.190755
-0.197019 -0.436080 1.596281
0.523809 -0.235348 0.225374
0.329233 -1.140018 -0.142323
0.078185 -0.496866 0.564289
0.192212 -1.312239 0.400135
0.301495 -1.140273 -0.458079
0.047134 -1.255144 0.573914
0.105724 0.213089 -0.101616
0.066545 -1.231920 -0.345146
0.350512 -0.810039 -0.354042
0.166037 -1.483581 0.270143
-0.470297 -0.373899 -0.087388
-0.129713 0.391288 0.606951
0.411846 -1.328741 0.144350
0.787063 -0.197204 -0.484895
0.310908 -1.211849 0.838340
-0.333480 -0.632833 -0.323196
0.270003 -0.459685 0.246816
1.194900 0.508259 -0.230613
0.845939 -0.390958 0.024215
0.134999 -1.048542 -0.010360
0.020315 -0.154195 -0.288892
0.382800 -0.678945 -0.704521
-0.174756 -1.729888 -0.074078
0.450971 0.622247 -0.419232
0.207053 -0.814444 0.002766
-0.906394 0.037925 -0.079545
1.015278 -0.986867 -0.427770
0.426234 -0.882116 -0.067756
0.761703 -1.519039 0.005859
0.312202 0.163287 -0.110125
-0.318585 -1.437235 -0.108852
0.039553 -1.148397 -0.028696
0.607368 -1.472649 0.211347
1.019641 -0.378103 -0.147344
-0.074648 -0.178668 0.221424
-0.216544 -0.524080 -0.328889
0.802230 -0.989877 -0.180386
0.205638 -0.284619 0.248465
0.518641 -1.121096 0.031850
0.431363 -0.239894 -0.303442
-0.408213 -0.171627 -0.183064
0.473022 -1.262695 -0.270840
0.298839 -1.592181 0.123163
0.564124 -0.416410 -0.175762
0.401048 -1.132378 0.010766
0.294445 -1.391729 0.021773
0.489529 -0.885129 -0.053656
-0.092924 -1.648383 0.364396
0.090595 -0.115266 0.361395
0.772197 -0.083817 0.314805
-0.163476 -0.316356 -0.185687
0.532261 -0.776770 0.163698
0.526877 -0.615913 0.158087
-0.200920 0.084306 -0.100844
0.439515 -0.955328 -0.057545
1.034254 -0.679822 -0.225653
-0.619075 -0.872290 -0.075995
0.887932 -1.643371 -0.427727
0.038968 -1.571886 0.121263
0.208140 -0.893856 0.358004
-0.163732 -0.745084 -0.239950
0.932335 -1.692110 -0.098691
0.726712 -1.315646 0.895052
0.910587 -0.918104 -0.217691
-0.020087 -0.451370 0.108296
0.521159 -1.401380 0.167365
0.177221 0.193612 0.530599
0.486092 -1.204576 0.333790
0.086387 -0.243997 0.314393
0.405860 -0.177257 0.436757
0.457082 -1.313965 0.306110
-0.528556 -0.560446 0.384388
-0.101759 0.096534 0.297922
0.306150 -0.294357 0.102224
0.763852 -1.309339 0.340750
0.617328 -1.048516 0.399636
-0.303109 -1.372734 0.151186
0.306235 -0.852796 0.057676
1.013723 -1.409511 0.433102
0.637111 -1.363250 0.310122
0.465415 -0.122063 -0.400888
0.758304 -0.299230 0.168358
0.199268 -0.343352 0.089593
0.020447 -0.494153 0.227697
0.398410 -0.132477 0.220911
0.210850 -1.232382 0.275154
0.146418 -0.516376 0.055252
-0.428061 -0.146140 0.283589
-0.182948 -0.614224 0.094433
-0.167203 -0.458201 0.290150
-0.080261 -0.504767 0.331283
0.312347 -0.704174 -0.004361
0.377670 -0.904809 0.387247
-0.199105 -0.717418 0.221015
0.061715 -0.618802 0.095035
-0.078104 -0.448757 0.405471
-0.063811 -0.365300 0.273784
-0.019446 -0.758944 0.236379
0.189216 -0.850755 0.390845
0.150060 -1.050888 0.165976
0.013253 -0.193033 0.162697
0.471388 -0.578538 0.470635
-0.082862 -0.482198 0.220895
0.378754 -0.271098 0.468356
0.396967 -0.732087 0.103175
0.204104 -0.743551 0.556388
-0.045861 -0.434762 0.303019
0.247143 -0.782232 0.393839
-0.037577 -0.379746 0.190581
-0.265328 -1.154662 0.064008
0.178991 -0.581514 0.142950
0.335246 -0.958855 0.469699
0.131519 -1.143705 0.380338
-0.003455 -0.785241 0.293196
-0.014325 -0.650426 0.355602
0.086039 -0.763262 0.336219
-0.111090 -0.524716 0.058964
-0.053764 -0.322164 0.068429
0.380734 -0.987862 0.499984
-0.331167 -0.032124 0.018250
0.330992 -1.141494 0.483264
0.159194 -0.244264 -0.019286
-0.065133 -0.556423 0.340142
-0.393439 -0.324038 -0.048715
