-0.335986 0.712403 0.208101
0.579570 -0.796014 0.364572
0.212154 -0.075489 -0.009868
0.314779 -0.568129 0.596333
-0.042227 -0.120094 0.137726
0.406760 -0.459328 0.477806
-0.387683 -1.082763 0.489455
0.508120 0.679366 -0.001394
0.501933 -0.881177 0.740227
0.627114 -0.544568 0.547590
0.447452 -0.971221 0.483943
1.004201 -1.321269 -0.277813
0.577037 -0.032539 -0.622071
0.315349 -0.564346 1.001808
0.416759 -0.767894 0.391444
0.724939 -0.741088 -0.138391
0.529230 0.499489 0.371185
0.645112 -0.383838 1.244695
0.544250 -0.411922 -1.004391
-0.267093 -1.084727 0.565869
-0.124482 -0.150001 0.541567
0.146115 0.486904 0.839137
0.119749 -0.234602 0.229603
0.333995 -0.356473 -0.076721
0.542035 0.430529 0.931916
0.354754 0.108484 0.481612
0.264705 -0.135607 -0.208454
0.146920 0.341183 0.740920
0.545157 -1.021933 -0.365150
0.324238 -0.464662 0.800466
0.511609 -0.440718 0.852137
0.554211 -0.965001 0.447275
0.690152 -0.675206 0.292884
0.320699 -0.371860 0.122610
0.438744 0.523698 0.578413
0.930261 0.249443 0.464601
0.771964 -0.900756 -0.453016
0.204907 -0.387067 0.487722
0.585103 -0.051221 0.533677
0.233736 -0.236075 0.781826
1.242806 0.472463 -0.563915
0.204071 0.001200 0.358172
0.016782 -0.556825 0.447207
-0.024797 -0.141699 0.431950
0.131289 -0.260282 0.395144
0.657607 -0.394818 0.712963
-0.097094 0.209478 0.383909
0.398875 0.252103 0.423892
0.320554 -0.435374 0.666720
0.328635 -0.513036 0.394246
0.157163 0.432246 0.881861
0.680258 -0.238636 0.691710
1.049388 -0.111000 0.666546
1.046529 -0.300213 0.351534
0.331765 -0.230821 0.999790
1.192550 -0.218172 0.719102
0.449126 -0.945314 0.796820
-0.260238 0.428045 0.612213
-0.016351 -0.534184 0.205444
0.002860 0.078859 0.240531
0.548579 -0.505636 0.137713
0.107120 0.081860 0.733084
0.644969 -0.268123 0.139419
0.584714 -0.731421 0.098954
-0.154652 0.098384 -0.039981
-0.166083 -0.570656 -0.001007
0.531638 -0.340096 0.427213
0.386121 -0.662935 -0.544711
0.294733 -0.336782 -0.033423
0.779818 -0.313129 0.686333
0.358318 -0.314947 0.702416
-0.100485 0.219614 -0.564183
0.366758 -0.982582 0.742247
-0.382077 -0.050044 0.333124
0.119383 -0.659159 0.582116
0.006847 -0.489422 0.631263
0.460740 -0.507392 -0.316202
-0.178734 -0.361022 -0.330515
0.214077 -0.697382 0.136348
0.582075 0.217663 0.038073
0.389264 -0.170991 0.186964
0.440969 0.547039 -0.097663
-0.056164 -0.117389 0.528644
0.454689 0.671100 0.532708
0.628934 0.095957 -0.577411
0.277796 -0.813281 0.541928
-0.349262 0.857876 0.635890
-0.458452 -0.378796 -0.023923
-0.832970 0.293392 0.584866
-0.297764 -0.622897 -0.603314
0.690949 -0.634902 0.756722
0.013783 -1.179599 0.112111
0.903374 -0.866965 0.224880
0.826872 -0.886089 0.778799
0.768060 0.008797 -0.063313
0.128425 0.358463 0.635467
0.173854 -1.170415 0.708667
0.427448 -0.861133 -0.684366
0.587661 -0.509409 -0.624339
0.186006 -1.051008 0.053612
0.117803 -0.279230 0.148004
0.716976 -0.731037 0.520200
0.434591 -1.027566 -0.429154
-0.501648 -0.578415 0.773444
0.159222 -0.922770 0.331923
0.159358 -0.520140 0.473907
0.077402 -1.705681 -0.308627
0.637084 -1.868404 0.140544
0.286857 -1.337436 -0.082059
0.359567 -1.458800 0.562509
-1.021017 -0.914914 -0.132458
0.418040 -1.019573 0.358267
0.380087 -0.626421 -0.408933
-0.107602 -1.352653 -0.232701
0.074583 -0.372933 -0.431570
0.151418 -0.276451 0.573867
0.488852 -1.194477 -0.254004
0.262940 -0.187538 0.383246
-0.061924 0.372237 0.149841
0.343763 0.033964 0.326624
-1.113496 0.308543 0.024441
0.393141 0.066485 -0.855701
0.422970 0.333584 1.048369
0.268347 -0.914452 -0.422311
0.553157 -1.330869 -0.351188
-0.149057 -0.831564 -0.117838
0.272269 -0.144831 -0.356070
0.535225 -1.505010 -0.370293
0.316220 -0.815616 -0.653649
0.049321 0.077243 0.596563
-0.375139 -0.224071 0.587999
0.856030 -0.273202 0.750166
0.379370 -0.351705 0.505499
0.565829 -1.491152 0.278039
0.695629 -1.186861 0.319013
0.795870 -0.059980 0.189578
-0.010327 -0.181116 -0.260282
0.390398 -0.612372 -0.141316
0.024178 -0.931920 0.126292
0.666882 -1.590346 -0.049254
-0.299285 -1.370861 -0.050968
-0.024611 0.043462 0.455838
0.371607 -0.243630 -0.090936
0.541884 -0.077961 -0.461791
0.438790 -0.470785 -0.242706
0.683063 0.293771 -0.574061
0.173312 -0.954931 -0.009555
0.825028 -0.689270 0.102353
0.298307 -0.953874 0.534460
-0.267408 0.053286 0.666886
-0.087499 -0.210333 0.663027
0.200532 -1.294185 0.353008
0.354941 -0.945594 0.729417
0.197728 -0.632915 0.416289
0.524997 -1.013124 0.197023
0.131545 -0.291284 0.070514
-0.049705 -0.631138 0.021252
0.155934 -0.562187 0.419110
0.120290 -0.705490 0.014240
0.425718 -1.058551 0.126593
-0.130570 -0.862728 0.244761
0.038916 -0.930077 0.184957
0.071168 -0.732912 0.157390
0.287131 -0.945986 0.426663
0.188451 -0.856454 0.307085
0.358612 -1.023137 0.295576
0.381559 -0.906560 0.214780
0.352566 -0.478696 -0.308398
-0.219145 -0.227272 0.204334
-0.057029 -0.442508 0.165429
0.634335 -0.160467 -0.121412
0.704197 -0.549184 -0.193338
0.230201 -0.710471 0.002504
0.242269 -0.491967 -0.085192
-0.368132 0.101625 0.090448
-0.352047 -0.293490 -0.059761
0.164316 -0.791396 0.400877
0.132248 -0.711213 -0.529005
0.368068 -0.992179 0.428537
0.145997 -0.832378 0.316068
