-0.508824 -0.501920 0.411277
-0.160760 -1.423468 0.133936
-0.486698 0.120507 0.402088
-0.201140 0.169229 0.114774
0.287296 -0.237663 -0.180973
-0.327675 -1.186776 -0.730228
0.506686 -0.871033 0.141300
1.096453 -1.274685 0.136630
0.773107 -0.245308 -0.050307
0.550012 -0.305931 -0.167524
-0.238645 -0.151040 0.144970
0.257913 -1.490197 0.400750
0.041785 -0.938949 0.288472
-0.022076 -0.505721 0.130977
0.667482 -0.841324 0.333812
-0.466071 -1.973025 0.425317
0.463099 -0.649794 0.716214
-0.202042 -1.084285 0.045687
-0.468591 -0.784987 0.650648
-0.354311 -1.766845 0.123907
0.703723 0.013865 -0.205138
0.064626 -1.459117 0.663903
0.243157 -1.469360 0.401990
0.774473 -0.512708 0.686952
0.033868 -1.313585 0.511203
-0.010041 -0.063304 0.054722
-0.619683 -1.039212 0.124235
-0.228505 -0.810954 0.097718
-0.123383 -0.541352 -0.556253
-0.687863 -1.397347 0.173037
0.295627 -0.940894 -0.471433
0.239571 -0.800631 0.721762
0.193158 0.329795 -0.546511
0.489065 -1.351919 0.155419
0.858293 -1.090135 -0.003411
0.609552 -0.193418 0.679709
-0.324405 0.148508 0.394863
0.307647 -0.545995 -0.115080
-0.103113 0.153380 0.118290
-0.121053 -0.940511 0.189992
-0.016627 -0.075464 0.130728
0.581647 -1.249970 -0.004313
-0.256082 -0.327538 0.393070
0.475483 -0.908179 -0.083854
0.585047 -0.833519 -0.098827
0.562011 -0.508426 0.380202
0.737761 -0.694276 -0.044583
1.098161 -0.720320 0.230197
-0.421926 -0.703415 -0.223291
0.613293 -0.742614 0.611171
-0.333096 -2.075087 -0.078047
0.003609 -0.358286 0.275699
0.430427 -1.037286 -0.421084
-0.050353 -0.730411 0.271311
0.660992 -1.774698 0.077642
-0.087454 -0.816206 0.595193
0.758876 0.220345 -0.370059
0.016553 -1.031236 0.227049
0.415062 -0.542338 0.185650
0.661314 -1.164813 0.376873
1.305735 -1.011515 -0.289434
0.904268 -0.734152 -0.168903
-0.083350 -1.005901 0.248745
0.230176 -0.291926 -0.307015
0.302058 -1.178885 -0.019339
0.686153 -0.942838 0.120961
0.779622 -0.779301 0.151560
0.288314 -0.883141 0.411013
-0.275917 -1.952256 -0.061233
0.232800 0.021866 0.352458
0.486551 -0.013151 0.189607
1.035331 0.541857 0.357416
0.775841 -0.772157 -0.376105
0.496716 -0.706293 -0.630947
0.377952 -0.417139 0.546629
0.538662 0.061358 -0.235851
0.258303 0.070344 1.263074
0.098432 0.080639 0.703817
0.553726 -0.221313 0.525980
-0.157858 0.232702 0.005973
-0.151837 -0.675233 0.980482
0.087856 -0.428191 0.397424
0.313618 -1.076819 0.415215
0.236375 -1.021426 0.055584
0.379205 -0.732251 1.139554
0.788196 -0.705410 -0.169676
0.171914 -0.206389 0.592511
-0.050061 -0.932903 0.341239
0.174531 0.059460 0.757166
0.323255 0.290859 0.448932
0.001721 -1.323565 -0.646931
1.020947 -0.903940 0.125814
-0.119333 -0.276969 -0.265217
0.210779 -1.135731 -0.339321
0.719221 -0.475424 -0.150175
-0.059634 -0.580353 -0.270179
0.579394 0.197491 0.624511
0.195115 -1.432790 -0.159147
1.101333 -0.771148 0.503702
0.488633 -0.943536 0.360812
0.103956 -0.698751 -0.239679
0.886542 -0.924688 -0.124166
0.445017 -1.356772 0.313217
0.807320 -1.484025 0.534734
0.411827 -1.474105 0.196681
0.557149 0.597808 -0.090617
0.887190 -0.777864 -0.124885
0.312523 -0.848812 0.003262
0.136696 -0.569242 0.466854
0.216588 -0.688735 0.506276
-0.447802 -0.828081 0.256856
0.463841 -0.917721 0.581498
0.080229 -0.677506 0.202588
0.136708 -0.741892 0.187857
0.482715 -0.773336 0.257203
0.411261 -1.397194 0.280889
-0.074508 -0.698556 0.368877
-0.052212 -0.374707 0.266605
-0.118812 -0.542624 0.132308
0.240794 -0.892628 0.427114
-0.096737 -0.316716 0.370984
-0.115675 -0.618684 0.115261
-0.154155 -0.400775 0.663652
0.190134 -0.444288 0.400219
0.415383 -0.539474 0.657338
0.245073 -0.553491 0.490963
0.230040 -0.864377 0.410922
0.097654 -0.426105 0.176468
-0.352732 -0.255629 0.139063
-0.338795 -0.260767 0.267887
-0.210610 -0.296998 0.006084
-0.156345 -0.592157 0.337517
-0.031257 -0.274795 0.229575
-0.015397 -0.578401 0.143543
0.352794 -0.747692 0.529852
0.210847 -0.847225 0.195649
0.302171 -0.663291 0.763702
0.336381 -0.740287 0.498617
