-0.039580 -1.156113 0.093272
-0.298729 -1.022872 -0.318654
0.228344 -1.501977 0.682621
0.290431 -1.042927 0.727715
-0.286540 -1.027961 0.422785
0.456092 -1.000329 0.019999
0.416886 -1.219530 0.463313
0.866146 -0.250543 -0.031293
0.109654 -1.016775 0.313403
-0.043547 -0.328228 0.428656
0.675860 -1.041543 0.118342
0.303455 -1.255536 0.451625
0.192274 -0.095432 0.055012
0.521783 -0.183480 0.355517
-0.128927 -0.531053 -0.876840
0.763077 -1.164852 -0.130888
0.198022 -0.627110 0.477650
0.831137 -0.890724 -0.029528
0.311399 -0.648630 -0.135764
0.301969 -0.556835 0.059821
0.603851 -0.508466 0.169517
-0.038783 -0.599747 0.217519
0.207207 -0.063432 0.105959
0.970552 -0.343111 -0.365186
0.353101 -1.341873 -0.285220
0.713143 -0.470291 -0.914321
0.152452 -0.850898 -0.142217
0.914502 -0.952618 0.059586
-0.114716 -1.395330 0.030669
0.201258 -1.478727 0.365766
0.951942 -1.017088 -0.339990
0.423821 0.338031 0.050523
0.547027 -1.285982 -0.251941
0.309344 -1.092111 0.062707
-0.303149 -1.873602 0.875698
0.108807 -1.005451 0.067375
0.272432 -0.026195 0.546018
-0.173616 -0.409083 0.423162
0.544008 -1.001827 0.159999
0.512586 -0.482798 -0.602850
0.934778 0.173512 0.775954
0.642032 -1.112214 0.523682
0.388929 0.130504 0.549569
0.661251 -1.082141 0.020905
0.565135 -0.770224 -0.329854
0.680832 -0.929511 0.306203
0.048184 0.367045 0.255037
0.591749 -1.151287 0.457068
0.916694 -0.587869 0.252858
0.317099 -0.571710 -0.017924
-0.715802 0.522012 -0.383363
-0.232496 -0.530603 -0.127315
0.129706 -0.392911 0.390808
0.444982 -0.048583 1.005744
-0.214630 0.475683 0.461085
0.297976 -0.296992 0.051964
-0.137368 0.031713 0.790396
-0.153414 0.229155 0.361953
-0.281210 -0.065632 0.222696
0.077922 -0.135841 -0.171005
0.257457 -0.326059 0.282751
0.107511 -1.051734 -0.363262
-0.126316 -0.266642 -0.557176
0.846963 -1.041096 0.045358
0.505526 -1.078695 -0.446352
-0.069369 -0.740347 -0.292426
0.273100 -1.250824 -0.437361
0.731484 -0.981182 -0.291868
0.457042 -1.043726 0.033090
0.003424 0.508036 0.499039
-0.182529 -1.642775 0.306943
0.552856 -0.689983 -0.095626
0.001683 -1.128827 0.623195
0.243016 0.225637 0.278430
0.460528 0.212383 0.270941
0.524513 -0.564813 0.360438
-0.402600 0.244506 0.150350
-0.314523 -0.900200 0.321398
0.173106 0.053400 0.345807
-0.207331 -0.075797 -0.076493
-0.094832 0.807292 0.215882
0.227713 -0.295659 0.170069
0.815143 0.064551 0.013290
0.185142 -0.051295 0.214257
-0.041069 -0.929293 0.828940
0.324088 -0.139709 -0.415565
0.297976 -0.296992 0.051964
0.733092 -0.206812 0.271132
0.268424 0.374839 0.583439
0.289371 -0.434508 0.515368
-0.043265 -1.214075 -0.204600
0.036429 -0.987049 0.959250
0.036309 0.242570 0.234047
-0.082653 0.104446 0.676134
0.113060 0.015783 0.956810
-0.112364 0.020260 0.970271
0.173562 -1.054767 0.094189
0.084915 -0.093989 0.376819
-0.299736 -0.082331 -0.003964
-0.336156 -0.651450 0.254464
-0.108824 -1.277094 0.197375
-0.023979 -0.751571 0.269766
0.124250 -0.779760 0.457798
-0.201402 -0.462374 0.218497
-0.050510 -0.459278 0.344550
0.289086 -0.712502 0.449016
-0.202986 -0.458364 0.216588
-0.174502 -0.458539 0.334044
-0.024402 -0.485478 0.172268
0.043173 -0.787630 0.216731
-0.299380 -0.578454 0.373247
-0.209932 -0.298159 0.027743
0.089737 -0.500480 0.275787
-0.209933 -0.437779 0.423435
-0.124458 -0.269513 0.238559
0.002236 -0.531626 0.459793
0.176384 -0.704859 -0.144036
0.433992 -1.289979 0.266360
0.078898 -0.970671 0.195934
0.136701 -0.858963 -0.484565
-0.036060 -0.771367 -0.083179
0.239334 -0.786884 0.455477
0.053603 -1.000273 -0.260843
0.019540 -0.517198 0.399058
