0.677626 0.178214 -1.183333
0.113221 -0.679037 0.280617
-0.028962 -0.881331 0.370931
0.635573 0.470424 -0.033887
0.285854 -0.389367 0.370668
0.696093 -0.697021 -0.161822
0.715711 -0.410091 0.581747
0.599210 -1.204040 0.028516
-0.464002 -1.392061 0.595535
0.103026 -0.256339 -0.095276
0.319579 -1.153056 0.170606
0.608681 -1.047281 0.373098
0.361470 -0.808171 0.658711
0.678624 -1.534617 0.087778
0.554347 -1.216862 -0.445000
0.903133 0.179817 -0.005016
0.968478 -0.663422 0.689674
0.894973 -0.170747 0.628348
0.795679 0.213860 0.705105
0.282755 0.193255 0.570423
0.255921 0.081060 0.897986
0.274429 -0.298316 0.303785
-0.175280 -0.476983 0.171271
0.407065 -0.658421 0.471636
0.188370 0.371377 0.725443
-0.058539 0.701208 0.677226
0.412452 -1.338375 -0.223920
0.386923 -0.895290 -0.256640
0.655537 -1.436656 0.282508
0.583188 -0.760307 0.294619
0.589114 -0.281590 -0.185470
0.385629 -0.229948 -0.003263
0.123544 -0.218729 0.502427
0.668147 -0.954513 -0.022345
0.281201 0.368510 0.872932
0.088329 0.255398 0.438455
0.531409 -0.703710 0.756290
0.304308 0.298342 0.301025
0.324814 0.262174 0.996748
1.177668 -0.664201 0.139696
-0.113349 0.359129 1.064081
0.383906 0.887106 0.208739
0.114022 -0.148504 0.372375
0.435473 -0.640012 0.574801
0.998107 -0.817118 1.069948
-0.048446 -0.230509 0.327599
-0.159907 -0.406418 1.051855
0.694066 -0.233983 0.593056
0.163543 -0.956149 0.448685
0.333933 -0.335996 0.728866
0.267383 -0.429226 0.102411
-0.115217 0.059851 1.025044
0.406634 -0.013952 1.146471
0.005127 0.260117 0.852438
0.204533 0.190750 0.663402
0.677305 -0.959258 -0.869913
0.207384 0.084801 0.842305
-0.306424 -0.386051 0.316260
0.234434 -0.110083 0.422989
-0.123948 0.238241 0.646350
0.031794 -0.666860 0.602274
-0.172802 0.582861 0.464227
0.101341 0.018843 0.455411
0.379560 -1.037770 0.480785
0.084624 -1.197739 -0.205893
0.277862 -1.738415 0.014468
0.239949 0.381145 -0.305725
0.704474 0.055683 -0.589315
0.766462 -0.236778 -0.399714
0.374140 0.139398 -0.635058
0.476948 -1.296302 -0.086151
0.799342 -1.277187 -0.133761
-0.108954 -1.281202 -0.432798
-0.569266 -0.557054 0.111872
-0.251773 -1.177233 -0.259528
-0.749989 -1.504062 -0.397678
-0.174197 -0.578738 -0.138268
0.575322 -0.607841 -0.425791
-0.203012 -1.434708 0.017770
0.018100 0.083929 0.177909
1.140758 -0.527868 -0.190015
0.564278 -1.279392 -0.428090
0.449927 -0.898814 0.128002
0.621275 -0.845971 -0.328024
0.134204 -1.231005 -0.950858
0.902650 -0.674125 -0.110595
0.338049 -1.055093 -0.287253
0.659753 -0.756701 -0.592396
0.006487 -1.548791 0.241584
-0.408997 -0.530450 0.173362
-0.033606 -1.439565 0.207741
-0.179336 -0.840335 0.272490
0.790800 -0.532220 0.585185
0.881477 -0.600151 0.526793
0.174670 -0.648202 0.308447
0.235309 -1.354407 0.414950
-0.155894 -1.030729 -0.033310
0.887153 -1.045006 0.130074
0.526480 0.832798 -0.213636
0.316623 -0.475740 0.119370
0.841196 -1.590810 0.051803
0.087645 -1.444438 0.005680
0.060153 -1.220093 0.101703
0.311622 -1.491800 -0.084664
0.260346 -1.290993 0.085870
0.666600 -0.901254 -0.005225
0.623331 -0.640223 -0.603655
0.548838 -0.299453 0.206955
-0.844985 -0.440913 0.061634
-1.090550 -0.604237 -0.537907
0.522602 -1.946957 0.021008
0.676790 -1.032276 -0.191985
0.820267 -1.035163 -0.054940
0.496481 -1.494551 0.184929
0.562192 -1.183730 0.473076
0.472424 -1.305918 -0.248894
1.036104 -0.918857 -0.432308
1.026394 -0.211749 0.151211
0.070133 -1.664511 0.633323
-0.092276 -0.608022 -0.384596
0.657314 -0.270987 0.184706
0.523903 -1.604890 0.249794
-0.186100 -0.545680 -0.663967
0.694350 -0.165398 -0.023531
-0.243576 -1.242648 0.301653
0.912268 -0.473687 -0.268321
0.288763 -0.507362 -0.239074
0.222849 0.005196 0.710292
0.454318 -1.126665 0.130258
0.078799 -0.433197 0.388985
0.691887 -1.396848 0.129537
0.620799 -0.981547 0.779874
0.883874 -0.100254 0.066527
0.418747 -0.746242 0.638692
-0.380813 -0.846279 -0.067709
0.127187 -0.675782 0.397569
0.246365 -0.638312 0.479107
0.273156 -0.566752 0.587229
0.146861 0.223356 -0.268587
0.338990 -0.909189 0.231060
0.544611 -0.954453 0.217444
0.268938 -0.812150 0.032891
-0.143733 -0.274972 0.275140
0.840605 -0.266797 0.300195
0.411894 -0.353230 0.093080
0.003566 0.043787 0.197638
0.058036 -0.230303 0.574006
0.069508 -0.868802 0.118122
-0.138745 -0.806717 0.002624
-0.227264 -0.657727 -0.209281
-0.309282 -0.464891 0.069588
-0.008274 -0.513145 0.604070
0.037647 -0.367951 0.304521
-0.023617 -0.545045 0.235721
-0.355988 -0.572422 0.333778
0.261501 -0.764990 0.414516
0.163410 -1.084365 0.405483
-0.236836 -0.383663 0.361281
-0.221660 -0.638961 0.416814
-0.108231 -0.775553 0.277233
