0.902471 -0.683051 -0.340980
0.469766 -0.554947 -0.025081
0.976962 -0.185445 -0.545802
-0.097185 -0.536828 -0.421620
0.066996 -1.051184 0.075723
0.153845 -0.629243 0.256611
0.361545 -0.486869 0.569249
0.064380 -0.393514 -0.400421
0.915894 0.383486 -0.837674
-0.418612 -0.655430 -0.292807
1.164175 0.545832 -0.101070
0.594581 -0.673696 0.554462
0.027626 0.363344 -0.260886
0.428572 -1.849157 0.244386
0.342411 0.015103 -0.642183
0.503352 0.174877 0.419916
0.127848 0.002394 0.071774
0.522466 -0.638299 -0.286690
0.194173 -0.687311 0.373720
0.294626 0.258337 0.492332
1.058238 -1.072286 -0.098717
0.387306 -0.180267 -0.113600
0.880208 -0.388508 -0.875838
0.577091 0.010506 -0.115602
-0.136327 -0.459779 -0.288544
-0.016103 -0.838158 0.253297
0.164542 -0.958481 0.495752
-0.455201 -1.883677 0.347784
0.752627 0.124996 -0.711329
0.677771 -0.918804 0.138843
-0.131657 -0.340853 0.022034
-0.139404 0.503998 -0.106722
0.948466 -0.712496 -0.338625
0.075740 0.152382 0.304683
0.877934 -0.662148 0.327906
0.701306 -0.248390 -0.357250
0.122692 -0.768792 0.100498
-0.189951 -0.571747 0.220740
0.142728 -0.040319 0.438082
-0.022452 -0.336897 0.611103
1.103303 -1.398601 0.077025
0.440849 -0.867924 -0.128226
-0.039227 0.725449 0.031908
0.315926 -0.305768 0.823395
0.410858 -0.386357 0.497538
-0.176653 -1.500399 0.286408
0.910835 -0.305961 0.594011
-0.369356 -0.470700 0.370318
0.121421 -1.111651 0.076592
-0.190907 0.095493 0.521994
-0.101935 0.229203 0.819802
-0.111176 -0.091388 0.475018
0.151853 0.058442 0.230986
0.637922 -1.311058 0.477259
-0.397740 -0.789490 -0.032339
0.716835 0.392076 0.245532
0.063323 -0.138122 1.165373
-0.706674 -0.924555 -0.621305
0.175680 -0.027357 0.453664
-0.079974 -0.218703 0.605244
0.593767 -0.489646 -0.330087
0.385728 -0.303868 0.798965
-0.026309 -0.466710 0.349358
0.518547 -0.607946 1.032435
-0.082910 -0.026795 0.156531
0.450234 -0.825489 -0.052305
0.045815 -1.397890 0.194141
-0.237423 -0.948781 -0.079446
-0.156191 0.271814 0.001910
0.404615 -1.408474 -0.521218
0.741526 -0.250348 -0.500616
0.875580 -1.048669 -0.515748
0.436535 -0.534770 0.666237
0.601618 -0.631544 -0.223465
0.183352 -1.172215 -0.107366
-0.391893 -0.611498 -0.167551
0.365933 -0.614454 0.034064
0.511710 -1.613206 0.251362
-0.136259 0.055963 -0.073776
1.127821 -0.871403 -0.201460
0.485892 -1.063272 0.673329
0.407727 -1.465540 -0.367624
-0.084129 -0.733815 0.031447
0.450560 -0.482606 0.629922
0.153978 -1.678334 0.463030
0.688145 -0.906448 0.136176
0.183761 -1.252519 0.144903
0.399112 -0.709550 -0.020626
0.732006 -1.543396 -0.144802
0.140407 -1.811325 0.369824
-0.082319 -0.598124 0.410856
0.660451 -0.664769 0.071559
0.244288 0.403894 0.211438
0.464732 -0.834649 -0.664519
0.683305 0.319696 0.015682
0.660076 -0.915691 0.225013
0.941323 0.605031 0.032541
0.556158 0.285341 -0.214751
0.072967 -0.007919 0.048623
0.079857 -0.201308 0.546034
0.351893 -0.900786 0.316820
0.687577 -0.918963 -0.023752
0.358882 -0.868816 -0.276677
0.984980 -0.192034 -0.264796
-0.335307 -0.198434 -0.046819
0.285715 -0.430674 0.473605
0.443659 -0.813350 0.080688
0.502470 -1.079938 0.051702
1.112317 -1.310550 0.031966
0.021955 -1.436360 -0.463275
0.366212 -0.700142 0.654833
0.488406 -0.725169 0.170423
0.111485 -0.392227 0.475061
-0.140713 -0.479275 0.059968
-0.057058 -0.585489 -0.199646
-0.418134 -0.307998 -0.041770
0.160506 -1.343234 0.376955
-0.064120 -0.625756 0.294904
-0.515826 -0.047020 -0.087858
-0.129165 -0.380901 0.195947
0.183662 -0.651939 0.151203
-0.037792 -0.649050 -0.107196
0.190862 -0.664289 0.339963
-0.039700 -0.394102 0.156911
