0.428320 -0.391173 -0.244429
0.215968 1.135273 0.167637
0.612342 -1.200440 -0.968463
0.200500 -1.063634 0.429500
0.738781 0.222170 0.292812
0.087066 -0.345615 0.140769
0.678864 -1.189802 0.689309
0.258571 -0.161831 -0.440687
0.388825 -0.451737 0.591728
0.699106 -0.064821 0.939570
-0.507620 -0.570645 0.772021
0.723992 -0.819828 0.173769
0.136957 0.165285 0.300420
0.953295 -0.107246 0.540249
0.639264 -0.568640 0.640438
0.115295 -0.095164 1.049287
-0.321904 -0.253555 0.604261
0.986680 -0.096693 -0.044694
1.348524 -0.116496 -0.120238
0.312351 -0.507228 0.039717
0.296745 -1.088856 -0.442331
0.410248 -1.590504 0.140437
0.430246 -0.283391 0.581039
-0.026137 0.211136 0.579833
0.057920 -0.603759 0.732104
0.026131 0.068843 0.167634
0.165518 -0.423208 0.215686
0.349285 -1.042608 0.358896
0.624052 0.593530 0.486297
-0.285883 -1.145963 -0.082800
0.660235 -1.908422 -0.031552
0.193054 -1.034157 0.001303
0.684178 -1.176324 -0.129971
0.799823 0.431889 -0.019661
0.811951 0.371127 -0.678330
0.722286 0.155053 -0.103259
0.221356 0.389236 0.701976
0.804763 0.525963 0.315786
0.185811 0.140138 0.242574
0.758070 0.534853 0.389010
0.453590 0.714644 0.061979
0.300504 -0.117367 0.853076
-0.099066 -0.271897 0.475069
1.092843 -1.191885 -0.557397
0.195837 -0.453972 0.832952
0.622394 0.278497 0.676324
-0.253124 -0.007279 0.852027
-0.001492 0.128538 -0.051990
0.264558 -0.384548 0.182547
0.535237 -0.665303 0.774360
0.570142 0.207840 0.663709
-0.020761 -0.517706 1.050411
0.687721 -0.165624 -0.717708
0.785147 0.258188 0.305267
0.638523 -0.847647 0.589491
1.615848 -0.022433 -0.026808
0.889444 -1.135307 -0.133590
0.088777 0.705692 0.742918
0.698357 -0.614766 0.551103
0.636994 0.424259 0.011636
0.203012 0.075186 0.535854
1.389240 -1.282839 0.307171
-0.101644 0.030098 0.647972
0.378539 1.007208 0.220288
-0.487498 -0.218518 0.193588
0.711386 -0.919830 0.031725
0.461529 -0.202660 0.520999
0.480233 0.069151 0.191532
0.785915 -0.798315 0.054680
0.728725 -0.722842 -0.045723
0.470461 -0.537987 0.532958
0.165514 -0.405768 0.855849
1.008575 0.360305 -0.517578
-0.047476 -0.314380 0.405407
0.476061 -0.617143 0.228287
0.373296 -0.615139 -0.549334
0.211312 -0.014536 0.376913
-0.394764 -1.462566 0.349083
-0.722977 0.378503 -0.332252
-0.647109 0.357955 -0.243777
0.558487 0.486702 0.361315
-0.359658 -0.256191 -0.062758
0.423979 -1.128727 0.529352
0.515549 -0.723486 0.249260
0.276306 -1.011884 0.613220
0.379379 -0.912487 0.505012
0.449847 -0.774928 0.585778
0.135012 -0.692223 0.489992
0.239448 -0.701486 0.231995
0.182703 -0.978513 0.409410
0.311956 -0.598686 0.435090
0.106289 -0.706002 0.404599
-0.001582 -0.707772 0.165196
-0.058797 -0.500856 0.294687
0.216751 -0.643640 0.394402
-0.062414 -0.659170 0.234062
0.080672 -0.342216 0.422863
-0.104482 -0.555994 0.546729
0.249543 -0.389679 -0.203287
-0.013693 -0.394326 0.012653
0.181749 -0.852168 0.200340
-0.078171 -0.723878 0.071632
-0.284037 -0.461700 -0.237182
-0.027596 -0.323022 0.301974
0.162441 -0.839726 0.433915
