0.365344 -0.189735 0.488078
-0.248798 -1.121293 0.109231
0.139698 -1.009064 -0.196832
0.755125 -0.893587 -0.083668
-0.505645 -1.231973 1.160253
0.179634 0.179237 -0.487646
0.433129 -0.170823 0.023494
0.846604 -1.201615 0.052820
0.317533 -0.684920 -0.254608
0.094241 -0.686485 -0.508859
0.910540 -0.804204 -0.574719
0.220919 -0.844444 -0.203110
0.261814 -0.133577 0.381660
0.412901 -1.199071 0.469341
0.948548 -0.779218 -0.241176
0.489818 0.297300 0.069266
-0.102907 -1.479799 0.649848
-0.086876 -0.777616 0.841478
0.389424 -1.431012 0.063267
0.095967 -0.621764 0.065458
0.192237 -0.451208 -0.392326
-0.455192 -1.322772 0.164660
0.257551 -0.822631 0.566495
-0.229369 -0.259886 -0.546208
0.532462 -1.452923 0.416910
0.296501 -0.721008 -0.056240
0.743729 -1.065139 0.689992
0.394984 -1.114820 -0.236276
0.627971 -1.239842 0.062192
0.808990 -1.183358 -0.309237
0.184495 -0.029036 0.260529
0.678351 -0.422307 0.221597
0.442903 -0.400101 -0.090474
0.683835 -0.807949 0.187826
0.682011 -0.320164 -0.351960
0.126561 -0.111325 0.130013
0.622928 -0.766135 -0.012626
0.506824 -1.053007 0.005154
0.046880 -0.254780 0.036207
0.084455 -1.748176 0.185848
0.436734 -0.463907 0.135521
0.157686 0.407934 -0.007410
0.586249 -0.076841 -0.163207
0.729763 0.271096 0.936538
0.569180 0.024047 1.445549
0.321991 -1.233137 0.257983
-0.220602 -0.367121 0.208802
0.066530 -1.027554 -0.062535
-0.246687 -0.876387 -0.299940
-0.431170 -1.583845 0.103377
-0.468018 -1.589519 0.576326
-0.005997 -0.369585 0.410956
-0.039720 -1.407715 0.226820
1.163442 -0.510267 -0.385845
0.599635 -0.680038 0.003097
0.545020 -0.980902 0.056772
0.093599 -1.047735 -0.246803
0.028304 0.235278 0.219992
0.583308 -0.932584 0.366181
0.201131 -0.867837 0.212063
0.383805 0.026174 -0.023393
0.594839 -1.711664 0.278671
0.050402 -1.445534 0.544363
0.072620 -1.296444 -0.037543
0.101899 -1.291709 0.362060
0.457460 -0.849091 0.412883
0.567446 0.585085 -0.092961
0.345011 -0.810194 -0.045391
0.223698 -0.177345 0.448421
0.297892 -0.577226 -0.003384
1.170174 -0.710630 0.389245
0.273560 -1.513935 0.400882
0.049257 -1.024170 -0.209665
0.678118 0.690985 -0.267620
0.444433 0.023051 0.381709
-0.034111 -0.110761 0.136642
0.714036 -0.365181 0.536076
0.316018 0.019690 0.502622
0.042959 -0.069290 0.702671
0.168416 0.567263 1.110158
0.067338 -0.088434 0.480536
0.142439 -0.172162 -0.197587
0.157157 0.685442 -0.031582
0.302604 -0.101001 0.593445
0.560287 -0.223917 0.150577
0.413403 -0.093193 0.342715
0.125743 0.034917 0.390857
0.293069 -0.143828 0.192249
-0.073984 -0.650031 0.016932
0.082136 0.085339 0.367799
0.044435 -0.888063 0.497863
0.339299 -0.282191 0.447520
-0.022488 -0.124055 -0.051319
0.030970 -0.975153 0.086150
-0.070774 -0.739593 0.215659
0.709267 -0.107847 0.109100
-0.108443 -0.468554 0.181201
-0.060588 -0.146800 -0.085289
0.154826 -0.952338 0.254210
-0.053038 -0.224691 -0.024104
-0.019769 -0.730900 0.198468
0.061730 -0.624964 0.331478
0.132630 -0.721623 0.349096
0.258214 -0.697729 0.462905
0.151499 -0.255014 0.426266
0.402472 -0.664208 0.516203
0.070933 -0.948587 0.133796
0.047749 -0.687270 0.208837
-0.190936 -0.547021 0.589962
-0.204012 -0.227821 -0.147480
-0.085579 -0.531839 0.238211
-0.103427 -0.651423 0.078405
0.122549 -0.721299 0.473292
0.144981 -0.848294 0.457357
0.401013 -0.271081 0.120091
-0.109714 -0.818232 0.019861
0.050426 -0.586995 0.017656
0.748148 -0.987736 0.229460
-0.074089 0.457774 -0.094908
-0.181501 -0.810717 0.202774
-0.070921 -0.786510 0.111999
-0.021143 -0.820263 0.122516
-0.131664 -0.460690 -0.153690
0.263268 -0.939411 0.342745
0.219119 -0.564669 0.505751
0.192701 -0.640681 0.385120
0.128697 -0.704636 0.345292
0.213751 -0.656295 0.615750
0.107259 -0.796472 0.333204
0.217830 -0.012734 -0.111337
-0.055452 -0.221885 0.313006
0.218421 -0.569219 0.427746
0.264080 -0.813469 0.486120
-0.340646 -0.622288 -0.143017
-0.071350 -0.392735 -0.178341
0.081733 -0.430084 -0.232034
0.061610 -0.632234 0.532258
0.074643 -0.331506 0.328730
