0.299775 -0.004442 -0.093151
-0.245968 -0.103627 0.621938
0.275633 0.607239 1.284094
0.470988 -0.338331 0.054763
-0.184261 0.199671 0.354416
0.128204 -1.279838 0.318916
0.525057 -0.965801 0.579166
0.751131 -0.459931 0.766507
0.329758 0.194369 0.663283
-0.084194 -0.322827 0.712352
0.901979 0.385136 -0.216551
0.851932 0.390286 0.134111
0.629377 -0.609270 0.254460
0.787798 -0.101519 -0.949813
0.822119 -1.209665 -0.130061
0.470931 -0.141885 0.243933
0.308769 -0.221455 0.403792
-0.262715 -0.529598 0.027940
0.480882 0.094252 0.372986
0.021348 -0.894522 0.456311
-0.399585 -0.819195 0.159992
-0.008482 -0.855482 0.301189
0.021803 0.198653 -0.096381
0.355169 -0.470665 0.431064
0.296870 -1.015621 0.165554
0.967172 -0.704454 0.685063
0.549828 -0.356392 0.110950
0.226591 -0.499271 0.155409
-0.382679 -1.345633 0.686625
0.591491 0.363446 -0.242550
0.324670 -0.455900 0.278979
0.538720 -0.848261 0.202032
0.376295 -0.425979 -0.420676
0.323221 -1.177661 0.200381
0.809631 0.020973 -0.529673
0.265300 0.384411 -0.387101
0.054620 -1.061565 0.200564
0.296142 -0.643661 -0.068580
0.148587 -0.220826 -0.198371
0.400084 -1.605423 0.328889
-0.060474 -1.623441 0.074468
0.769365 -1.572234 0.938907
0.401013 0.845528 0.002816
0.296562 -0.416956 -0.131319
0.480791 -0.342570 -0.173014
-0.237384 -0.652748 -0.278449
0.435563 -0.973998 -0.429054
0.487651 -0.824982 0.606301
0.201692 -0.135105 0.113297
0.366175 0.283261 -0.201864
0.805167 -0.845887 0.414791
-0.224316 -1.839908 0.311933
0.021287 -0.276875 0.118279
0.579771 -0.051204 -0.243555
0.112404 -0.504836 -0.194945
0.504725 -1.331548 -0.163721
-0.205467 -1.224385 -0.082612
0.035614 -0.432460 -0.702060
-0.156922 -1.695154 -0.653647
0.551614 0.356261 -0.794080
0.583010 -0.840536 -0.697705
0.571767 -0.614918 -0.281728
0.067952 -1.158624 0.613662
0.524657 -0.658176 0.478409
0.109689 -0.505368 -0.228957
-0.322675 -0.371032 -0.018826
-0.161365 -1.027983 0.247888
0.726749 -0.483525 0.015570
0.114697 -0.371039 0.079487
0.452765 -1.534559 0.052798
0.418389 -0.183001 0.137797
0.281817 -0.139500 0.160715
0.060381 -0.966449 -0.223426
0.788945 -0.806681 -0.477914
0.154312 -0.046715 0.605787
0.150290 -0.876962 -0.105311
0.202874 -0.513277 -0.144454
0.581470 -0.689715 -0.094170
0.067162 -0.630276 0.079308
0.373966 0.204337 0.249055
0.719557 -0.493038 0.699488
-0.172432 -0.653415 -0.406113
0.577039 -0.372056 -0.160594
0.701408 -0.175651 -0.854986
0.264182 -0.045012 0.891097
0.221055 -1.112572 -0.158196
0.315994 -0.764986 -0.432370
0.748248 -0.418096 1.323963
-0.289592 -0.808510 -0.175191
0.080401 -0.539375 -0.412842
1.210357 -1.056507 -0.258087
0.290713 -0.051731 0.270858
0.583410 -0.441735 0.561521
0.331367 -1.464306 -0.035427
0.662424 0.207023 -0.406769
0.515376 -0.101710 -0.082340
0.510516 -0.310580 -0.110468
0.635473 -1.096202 -0.386814
0.996940 -0.621366 0.183869
0.145666 -0.881848 -0.196773
0.372901 -0.660621 -0.208064
0.533960 0.250125 0.023155
0.307748 0.881168 0.008522
0.200056 0.016426 0.316507
0.514354 -1.525282 0.595993
0.270958 -0.262836 0.114006
1.024450 -0.698875 0.110851
0.309300 -0.101133 -0.500737
-0.015143 -0.045014 -0.327709
0.451479 1.106522 0.212217
-0.317396 0.225688 0.512653
0.946681 0.118390 -0.339042
0.775788 0.788911 -0.345322
0.537768 0.603472 0.009398
-0.001417 -0.263464 0.307928
-0.071858 0.406955 0.568586
-0.155413 -0.788962 -0.234889
-0.122307 -0.332388 -0.108591
0.459661 -0.482472 0.020441
-0.099038 -0.305025 0.396671
-0.283408 0.010827 -0.130253
-0.311408 -0.230769 0.314803
0.635432 -0.839359 0.435338
0.059566 -0.775871 0.398954
0.135540 -0.822900 0.463122
0.007086 -0.638391 0.260260
0.069783 -0.660188 0.118202
0.105964 -0.511109 0.179152
-0.151207 -0.498937 0.319465
0.056176 -0.025635 0.138880
0.132542 -0.883423 0.668876
-0.238359 -0.270909 0.315933
0.388559 0.022677 0.032006
-0.085988 -0.279680 0.394460
-0.015326 -0.733234 0.056295
0.417087 -0.805510 0.452019
0.014748 -0.460542 0.529524
0.033838 -0.791083 -0.025785
-0.232869 -0.491331 -0.237606
-0.079186 -0.514936 0.058862
0.137804 -0.510803 0.313788
0.198019 -0.701087 0.263153
0.046480 -0.635741 0.367437
0.162339 -0.635699 0.560621
0.208792 -0.506934 0.294533
-0.261346 -0.464208 0.148686
0.129013 -0.693434 0.085923
0.456231 -0.722245 0.755900
-0.479370 -0.461018 0.236083
-0.215332 -0.242094 0.308144
0.020004 -0.289049 0.344796
-0.085988 -0.279680 0.394460
-0.164547 -0.439454 -0.182849
0.700807 -1.212507 0.472106
-0.263849 -0.199279 0.057882
-0.158889 -0.254359 0.448902
0.344988 -0.882924 0.479348
