0.757351 0.383371 0.365320
0.408026 -0.011489 0.040379
1.371683 -0.090422 -0.335479
0.335706 -1.216116 -0.225068
0.435819 -0.946747 -0.165118
-0.157707 -0.602712 0.363091
0.570345 -1.170729 0.246444
0.324091 -0.437641 -0.052438
0.740303 -0.088354 -0.455133
0.176041 0.682954 -0.120537
-0.294631 -0.091367 0.659284
0.111521 -1.086405 -0.316663
-0.089280 -1.179462 -0.040677
0.779203 -0.363237 0.598244
0.686004 0.010611 0.941121
0.345598 0.451124 0.393756
0.848386 0.647600 0.127247
0.129088 0.655737 -0.006909
0.312063 0.429535 0.573257
0.288055 0.220058 -0.737864
0.079387 0.761838 -0.207491
0.013810 0.762857 0.734751
1.081384 -0.703611 0.335161
0.633584 -0.031328 0.160551
0.792746 -0.331554 0.543406
0.948452 0.014137 -0.308685
0.610272 -0.262396 0.075140
0.195478 -0.306804 0.340157
0.169848 0.437546 0.329545
0.006889 -0.757654 0.951846
0.711653 0.327115 0.465085
0.069146 0.248364 0.368213
0.077403 -0.456442 0.651115
0.455294 -0.842544 0.560381
-0.522322 -0.296273 0.812957
0.520698 -0.336822 0.759375
0.312704 0.308894 0.238229
0.227384 -0.465887 0.843075
-0.287384 0.261232 0.950365
0.060457 -0.409137 -0.173081
0.468388 0.529464 0.192754
0.184492 0.335907 -0.071982
0.341866 -0.347564 -0.245605
0.223612 -0.331318 0.387603
-0.554289 -0.157389 -0.053133
-0.327577 -0.794097 -0.103377
-0.059686 -1.424885 0.718893
0.226139 -1.596144 0.066607
0.003371 -0.468895 -0.012681
-0.038881 -0.403955 0.148468
-0.021282 -0.550341 0.378607
1.012153 -0.801689 -0.190543
-0.045636 -1.294935 0.134276
0.026286 -0.804723 -0.437673
-0.225191 -1.168305 -0.432639
0.189473 -1.382642 0.104182
0.121771 -0.859769 -0.370848
0.354531 -0.041276 0.020647
0.393594 -0.879582 0.321672
0.020669 -0.635867 0.285688
0.238724 -0.648785 0.470578
0.201189 -0.778774 0.391997
0.006447 -0.595686 0.345527
0.051809 -0.393536 0.242065
0.338334 -0.960416 0.471508
0.141777 -0.513219 0.247927
-0.087735 -1.139888 0.484222
0.083093 -0.628998 0.235427
0.082408 -0.681300 0.476840
0.165014 -0.668052 0.387704
0.375808 -1.063038 0.478684
0.230071 -0.658674 0.443599
-0.438956 -0.870637 -0.289931
0.186905 -0.809325 0.212409
-0.044844 -0.106305 -0.155804
0.357293 -1.041103 0.475121
0.427500 -0.971062 0.619304
0.227169 -0.833511 0.351906
0.060881 -0.330382 0.117753
0.005160 -0.426865 0.327215
-0.097571 -0.505077 0.221860
-0.011705 -0.441634 0.356371
0.137566 -0.761052 0.375896
0.096601 -0.366625 0.021880
-0.133343 -0.525475 0.171895
0.320195 -0.848498 0.460108
0.586451 -0.446998 0.254658
0.101100 -0.632097 0.319008
