1.180591 0.090777 -0.284697
-0.146711 -0.014569 0.153436
0.585932 -0.454512 -0.047208
0.446266 0.317127 -0.653164
0.530704 -0.796634 0.191165
0.715957 -0.633128 -0.148013
-0.100969 -1.211940 0.987219
0.296331 -1.113422 0.060435
-0.268102 -1.520451 0.344255
1.298368 -1.629158 0.422624
0.686072 -0.857347 0.522534
-0.370735 -1.273744 0.378377
1.202216 -0.514860 -0.454733
-0.393043 -1.346318 0.135371
-0.012813 -1.609010 0.397038
0.973542 -0.105452 -0.532365
-0.117718 -0.953109 0.354043
0.777185 -1.181517 0.102583
-0.044048 -1.226831 0.052971
0.789958 -0.921810 0.123864
0.069359 -1.748789 0.751556
0.538479 -1.289722 0.529386
0.172537 -0.406368 -0.134622
-0.082254 -1.325515 0.650310
-0.578996 -1.661939 -0.156118
0.392953 -0.679491 0.641096
-0.216062 -1.825149 0.345020
0.682878 -1.267118 0.738470
0.617538 -1.232361 0.747648
1.091389 -0.929004 0.131528
-0.361561 -1.262680 0.129005
0.595222 -1.350061 0.298174
0.546011 -0.340758 0.234271
0.281672 -0.736985 0.055384
0.223770 -0.211439 0.118215
-0.022242 -0.483213 0.720274
0.179816 0.372182 0.322099
-0.420735 -0.469679 -0.179909
0.728211 -0.948033 -0.086936
0.339056 -0.820364 0.415792
0.311866 -0.441963 -0.167223
0.303978 -0.367860 0.913727
0.326750 -0.058299 0.355712
0.563715 -0.612420 0.666883
-0.310085 -0.185805 0.961848
-0.147508 -0.065841 0.580312
0.420611 0.156404 0.347477
0.457527 0.188913 0.676154
0.481577 -0.087432 0.540527
0.016144 -0.098050 0.614582
0.193310 -0.135225 0.136922
0.192752 -0.385399 0.580029
0.451372 0.147652 0.318626
0.171275 0.217000 0.954016
0.866601 0.702956 -1.138702
0.344949 -0.646059 0.559959
0.406892 -0.277195 0.067133
0.760074 -0.416160 0.457823
0.203309 0.785868 0.324354
1.295218 -1.153636 0.511165
0.446266 0.317127 -0.653164
-0.177106 0.118327 0.071427
0.619749 0.244923 -0.267520
0.215976 0.069993 0.367003
0.292893 0.778897 0.439590
0.491300 -1.007980 -0.097609
0.019329 0.681613 0.538431
-0.467866 -0.677550 0.084464
-0.267839 0.685922 0.684200
0.281524 0.297016 0.816323
0.796103 -0.951771 0.647301
0.330555 -0.139490 0.415417
0.299796 -0.777941 -0.572199
0.777479 0.733010 0.401512
-0.058311 -0.055854 -0.286534
0.118833 -0.329013 0.150573
-0.005822 -0.705149 1.123507
-0.177001 0.502733 0.685389
0.457771 0.131406 0.533837
-0.635089 -1.595648 0.290848
-0.046058 0.959617 -0.136352
-0.051292 -2.188134 0.728227
-0.138917 -0.468429 0.607152
0.064937 -1.312904 0.332923
0.006206 -0.620158 0.966818
-0.015136 -0.250168 1.165316
0.537891 0.230561 0.599913
0.701873 -0.125138 0.811588
0.246550 0.127474 -0.417801
0.159571 -1.471634 0.393376
0.542045 -0.566611 1.185277
-0.005509 -0.106931 -0.110455
-0.072353 0.422002 0.104902
0.327702 0.387631 0.085612
0.897455 -0.842027 0.270436
0.931793 -0.605252 0.344823
0.364430 -0.422898 -0.141450
0.443721 -1.291679 0.181583
-0.100969 -1.211940 0.987219
-0.467866 -0.677550 0.084464
-0.471974 -0.542770 -0.676276
0.072414 -1.403637 0.503146
-0.627002 -1.720200 0.321392
0.303556 -1.451764 0.757321
0.720186 -0.461376 -0.200211
0.256237 -0.890154 0.698532
0.686030 -1.294307 0.360384
0.426078 0.035016 0.183543
1.095456 -0.576099 -0.105125
0.881963 -0.736780 0.311919
0.688585 -0.445132 -0.061363
1.166694 -1.059526 -0.067255
0.665412 -1.326661 -0.440852
0.253638 -1.266343 0.135136
0.705996 -1.126369 -0.021249
0.537943 -0.933718 -0.472419
0.102857 -0.005280 -0.519985
0.150967 -0.978674 0.593764
0.012236 -0.948465 -0.015263
0.472853 -0.357646 -0.046533
-0.244957 -1.073380 0.526075
0.257234 -0.641667 0.470753
0.182239 -0.707538 0.573595
-0.175287 -0.360260 0.493409
0.103472 -0.506470 0.368345
-0.154841 -0.310733 0.449327
0.416806 -0.837386 0.549012
0.431433 -0.852576 0.566098
0.126247 -0.705994 0.453444
0.021951 -0.660468 0.208598
-0.172086 -0.347106 0.366358
0.025234 -0.716139 0.242117
-0.127020 -0.439173 0.026961
-0.040658 -0.384657 0.350426
