-0.189250 -0.428432 0.354518
-0.089206 -0.331110 -0.605049
0.293597 0.090093 -0.012671
0.181088 -1.509234 -0.237615
0.086231 -0.936564 -0.343673
-0.179499 -1.225388 0.037816
0.174911 -0.926257 0.155769
-0.231405 -0.253614 0.327364
0.910846 -0.841576 -0.371797
0.073520 -0.500218 0.468989
-0.087259 -0.582371 0.337883
0.633329 0.246884 0.136748
0.893976 -0.295792 0.044781
0.674292 0.210155 0.376189
0.808379 -0.603957 0.786897
0.414314 -0.962616 0.829542
0.375582 -0.525053 0.080882
0.243405 -0.506271 0.553269
-0.004904 -0.322984 -1.245434
0.187008 -1.015152 -0.138443
0.796775 -1.436218 0.867970
1.262269 -0.582242 1.309870
0.429590 -0.980906 0.080550
0.339780 -0.472811 0.511143
0.250411 -0.424758 0.523721
0.676758 -1.295456 -0.234750
0.154281 0.272353 0.603069
0.163672 0.026689 0.209857
-0.471790 0.376776 0.109413
0.165829 -0.148766 0.000821
0.936157 -0.044291 0.652811
0.278218 0.228105 0.681038
-0.012115 -0.367020 0.590503
-0.490661 -0.559621 -0.235945
-0.032870 0.057170 0.418637
-0.509308 0.236995 0.839091
-0.212302 0.188111 0.497235
0.316952 -0.293996 0.870640
1.306651 -0.464854 -0.328609
0.751689 -0.650838 -0.066777
0.167007 -0.482366 0.442100
0.444404 -0.527001 0.505195
0.680191 -0.304866 -0.326798
-0.085407 -1.520601 0.242781
0.838587 -1.146983 -0.093579
0.491656 -1.347534 -0.487397
-0.736673 -0.356394 -0.199741
-0.072272 -0.575485 0.051252
0.332338 -0.969513 0.450697
0.301617 -0.714236 0.509407
0.045021 -0.642516 0.093427
-0.047811 -0.681198 0.502901
-0.128752 -0.313423 0.157220
0.235733 -0.909281 0.338564
0.180375 -0.918408 0.279533
