-0.135271 -0.089596 0.307553
0.204143 0.564850 0.242414
-0.468483 0.479327 0.370215
-0.392974 -0.482370 0.097116
0.192689 -0.643661 -0.046063
0.453660 -0.806569 0.410084
0.205596 -1.105002 0.616697
0.176572 -0.301815 0.288822
0.044750 -0.414123 0.247147
0.074547 0.221989 -0.095311
0.638552 0.461339 0.919953
0.160075 -0.456916 0.500104
-0.084936 0.194403 0.981156
0.762595 -0.008044 0.490963
0.268664 -0.930616 0.775132
0.235782 0.197862 0.557315
1.039674 0.455469 -0.489375
0.902600 -1.292774 1.036718
-0.823739 -0.223642 0.414459
0.198475 0.060630 0.962490
0.353867 -0.063150 0.134267
0.780733 -0.896200 0.542395
-0.245007 -0.355548 0.287924
-0.189588 -0.964351 0.174798
0.930755 -0.978134 0.520379
0.308594 0.531815 -0.685785
0.412051 -0.506859 -0.011724
-0.011152 -0.783975 -0.182778
0.380453 -0.108846 -0.264297
1.106924 -0.091351 0.170328
-0.218306 -1.061678 0.002479
0.783900 -0.192545 0.765139
0.724335 -0.078015 -0.051768
-0.298551 -1.481056 0.109668
0.834361 0.119781 0.059785
0.720307 -0.353375 0.391288
0.101402 0.172214 0.483581
0.530437 0.204886 0.463459
-0.205498 0.066075 -0.401566
0.180489 0.103621 0.354655
-0.167997 -0.391602 0.566524
0.991723 0.041715 -0.347149
0.449086 0.988452 -0.368708
0.618932 -0.315872 0.853781
0.041702 -0.651162 0.314273
0.243704 -0.540723 -0.267729
0.099818 0.194878 0.629919
0.298164 0.037639 0.289982
0.811318 -0.852176 0.303644
-0.040350 -0.788991 0.296909
-0.291217 -0.269321 0.117306
0.136355 -0.270423 0.737909
0.908327 0.438943 0.304066
0.289259 -0.291525 0.060929
0.335210 -0.588600 0.908849
1.212045 -0.129776 0.326318
-0.674473 0.565795 0.068537
-0.328203 -0.509631 0.063835
-0.265180 -0.149951 0.186506
0.614051 -0.267931 0.848812
0.153639 -0.260371 0.395227
0.566591 0.212892 0.303670
1.418390 -0.374125 -0.023184
-0.099875 -0.355401 0.356999
0.699681 -0.064019 0.838263
1.002282 0.167537 0.453278
0.596534 -0.413108 0.043509
0.131931 -0.453451 0.481774
-0.084847 0.572515 1.018689
0.780839 0.037798 -0.613035
0.520285 0.759442 0.814442
0.387486 0.060981 0.109785
0.157251 0.369597 0.764509
0.199921 0.726263 0.014086
0.180586 -0.296732 0.369194
0.361984 -1.772659 0.435654
0.541097 -0.228167 -0.046115
0.457119 -0.358601 1.054399
0.331036 0.093700 -0.358207
0.217946 -0.703927 -0.777768
0.321147 0.082722 0.195682
0.838668 0.182818 -0.133381
-0.012013 -0.957439 0.143857
0.110531 -0.503800 0.937232
0.146799 -0.145504 0.792333
0.611733 -0.596435 0.327678
0.427630 -0.004856 0.465483
-0.031486 -0.008040 0.689406
0.366479 0.057437 0.372776
0.189373 -0.279065 -0.100361
-0.098834 -0.396403 -0.555786
0.395718 -0.051038 0.203826
0.006107 -0.891702 0.803436
0.009130 -0.667579 0.102959
1.292670 -0.097907 0.122917
0.717185 0.177500 0.297291
0.385915 0.459760 0.799784
0.449544 -0.400239 0.308135
0.700905 -0.686665 0.199881
0.245372 0.141939 0.419101
0.904067 -0.916722 -0.469527
-0.667238 -0.318489 0.402897
0.938200 0.147650 0.155722
0.530168 -0.140927 -0.062984
-0.426098 -0.491928 -0.089169
-0.279293 -1.677999 0.507558
0.214716 -0.655665 -0.398056
0.106335 -0.557702 0.199370
0.531302 -0.752169 0.170337
-0.030584 -0.436986 0.214201
0.398974 -0.380858 -0.497962
0.833271 -1.073816 -0.095548
-0.189610 -1.331977 -0.436682
0.807048 -0.078976 -0.191803
0.054501 -0.146733 -0.376379
0.540495 -1.013766 -0.276468
-0.643851 -0.215083 -0.313530
-0.131002 -0.336107 -0.075445
1.009849 -0.361973 -0.178696
0.096057 -1.068517 -0.121942
0.122481 -1.124210 0.540328
0.101402 0.172214 0.483581
0.484955 -0.334044 0.672587
0.785427 -1.064681 -0.074066
0.882968 -0.756601 -0.324291
-0.103568 0.276913 0.351611
0.121291 -0.863561 0.144587
0.277110 -0.604167 0.450388
-0.472282 0.031591 0.033397
0.146622 -0.625775 0.533650
0.112373 -0.488287 0.408874
0.360979 -0.699308 0.293453
0.075436 -0.819131 0.377931
0.049034 -0.711973 0.331018
0.305279 -0.912299 0.394609
0.028655 -0.618226 0.630656
-0.315720 -0.254134 0.294161
0.162502 -0.804335 0.337001
-0.274086 0.298910 0.107856
0.248116 -0.976177 0.559136
-0.079604 -0.505189 0.142926
-0.124104 -1.325098 0.404626
0.053629 -0.555385 0.377432
0.194389 -0.572137 0.505071
-0.202929 -0.259738 -0.129170
