0.514469 -0.568224 0.502378
0.687237 -1.006879 -0.244066
0.022200 -0.163388 0.227340
0.876830 -0.771040 -0.557952
0.979399 0.260443 0.135039
-0.410419 0.213393 -0.214648
0.266218 -0.927484 0.484051
0.159146 -1.137462 -0.190370
-0.059954 -0.880109 -0.429683
0.593805 -0.948552 0.406939
0.776037 -0.901524 -0.069825
-0.145337 -0.499250 0.486963
-0.163703 -1.103601 0.041168
-0.307988 -0.778630 -0.033052
0.443899 -1.242649 0.286384
0.330645 -0.208753 0.161442
0.256678 -0.852855 -0.308526
1.295525 -0.747627 -0.204638
-0.204168 -1.412435 0.040519
0.369627 -0.445326 -0.490840
0.267819 -1.401161 -0.117612
-0.650953 -1.273764 0.252731
0.354463 -0.282870 -0.419823
-0.100220 -0.687532 0.467600
-0.154175 -1.190570 0.082930
0.345089 -0.830596 0.324771
0.884896 -1.284142 0.497439
0.872274 -0.458439 -0.198759
0.540616 -0.687380 0.068332
0.012192 -0.872069 0.060018
-0.352684 -1.399569 -0.440538
0.391702 -1.396091 0.139924
-0.135249 -0.508369 -0.477747
0.379558 -0.814357 -0.081988
0.245753 -1.035944 0.158556
0.061636 0.790316 -0.348982
0.101737 -0.645490 0.754194
0.039908 -0.384175 0.890819
0.504194 -1.144171 -0.321357
0.960938 -0.502979 -0.150668
1.125062 0.728706 -0.298639
0.071509 -1.537643 -0.022591
-0.333657 -0.852031 0.794020
0.088610 -0.931153 0.353288
0.725968 -0.888254 0.152665
0.612585 -0.033582 0.170613
0.901980 -1.347477 0.218637
0.761480 -0.824056 0.563221
0.360550 -0.327090 0.382318
-0.327950 -1.520033 0.361327
0.294876 -1.152588 -0.169265
0.004752 -0.401385 -0.913294
0.728159 -0.397579 1.136398
0.603256 -0.514806 0.061344
0.841100 0.675734 -0.252043
0.736910 0.261909 0.091183
0.238102 -0.474687 0.080307
-0.511142 -1.325321 0.008884
0.177980 -0.517912 0.622452
-0.149876 -1.741428 0.437238
-0.029674 0.109126 0.389357
0.846946 -1.048983 0.290126
0.918104 -0.197520 0.075012
0.259709 -0.603866 0.905188
0.604114 0.256655 0.471669
-0.077204 0.485059 1.075440
0.220607 -1.016314 0.577761
0.544599 0.261251 0.613702
0.189106 -0.958938 0.425710
0.526224 0.459898 0.856708
0.797816 -0.057291 0.580547
-0.039915 -1.656251 -0.298452
0.041627 -0.527682 0.212647
0.307819 -0.207666 0.648242
0.421543 -0.087767 0.446235
1.071372 -0.313075 0.131022
0.390544 0.101032 0.706202
0.061567 0.775732 -0.438379
0.117535 0.269664 0.238540
-0.364524 -0.517700 0.621079
0.396761 -0.122664 0.807734
0.304350 -0.419864 0.647791
0.793539 0.290044 0.213544
0.217540 -1.274935 0.088205
0.015574 0.485608 0.702206
-0.128305 -0.064485 0.456372
0.256689 -0.772058 -0.101170
-0.087855 -0.983232 0.115845
0.713270 0.419897 -0.604979
0.630950 0.497911 -0.474794
0.400160 -0.377195 0.274842
0.660126 0.208682 -0.206845
-0.223813 -1.130587 0.405861
0.157129 -0.506092 0.703103
0.355309 -0.312062 0.561211
0.313442 -0.352994 -0.131255
0.424717 0.221984 0.480749
0.292555 -0.024406 -0.467659
-0.069419 -0.878602 -0.092666
0.208263 -0.866070 -0.136915
-0.296511 -1.028859 0.397847
0.429732 -0.985873 -0.356750
0.519575 -0.483318 -0.006235
0.795682 -0.314412 0.432894
0.100361 0.011828 0.841915
-0.141262 -0.488141 0.377287
-0.282941 -0.643535 -0.101429
0.844677 -0.361364 -0.217260
0.264166 0.056288 0.387257
-0.622294 -0.080005 0.124557
0.615748 -1.442747 0.126968
0.497912 0.104931 -0.037688
0.251997 -1.220891 0.194553
-0.339978 0.440792 -0.264143
0.598589 -0.408577 0.525990
0.740856 0.165081 0.256720
1.285578 -0.357391 0.095313
-0.104656 -0.104367 0.289710
-0.250352 0.288883 0.247109
0.357931 -0.656572 -0.004238
0.061504 -0.062501 0.553275
0.714965 -0.230567 0.446145
0.734528 0.244138 0.469171
-0.429931 -0.776298 0.119397
-0.481751 -0.189800 0.286452
1.022773 -1.148246 0.471573
0.951809 -0.584821 -0.183944
-0.037518 0.171996 -0.050642
0.161618 -0.409089 0.674534
0.061179 -0.370872 0.725997
-0.381328 -0.719194 0.081676
0.246820 -0.544574 0.663985
0.246435 -0.472533 0.752433
0.403675 -0.383761 0.258526
0.897063 -0.291965 -0.259524
0.897750 0.815437 -1.027515
1.026050 0.373351 0.405338
0.375625 -0.884138 0.118615
-0.044319 -0.435102 0.339998
0.298890 -0.728000 0.606068
0.745186 -0.600436 -0.150259
0.738329 -0.507152 0.155727
0.495922 -0.705055 0.170419
0.078375 -0.850590 0.268794
0.477911 -1.036568 0.623214
0.411703 -0.899044 0.451443
0.377630 -0.860050 0.379139
0.389998 -0.495307 0.597579
0.061672 -0.649935 0.002318
0.168432 -0.755342 0.424670
0.550568 -1.203897 0.503406
0.480142 -0.708670 0.701867
-0.174481 -0.489843 0.246665
0.055180 -0.542404 0.420677
0.243597 -0.657325 0.753505
0.215799 -0.886647 0.306495
0.122549 -0.611115 0.347758
0.274936 -0.899641 0.481539
0.073879 -0.533125 0.306959
0.251597 -0.587752 0.272109
0.050919 -1.085961 0.516050
0.401346 -0.848165 0.534153
-0.284992 -0.186985 -0.168658
0.417677 -0.986866 0.309936
0.261007 -0.712414 0.499302
0.100625 -0.575045 0.239588
0.105531 -0.646349 0.412317
-0.161472 -0.165286 0.170997
-0.231938 -0.262478 0.058808
0.126101 -0.523449 0.387141
-0.045424 -0.985403 0.147414
0.297578 -0.395441 0.455155
-0.121200 -0.484362 0.426411
