0.960265 -0.241136 -0.485000
0.361310 -0.555060 0.297463
0.646397 -0.226856 -0.171175
0.661347 -0.631449 0.308837
-0.001955 0.343375 -0.110923
0.356670 0.529095 -0.117179
0.631269 -0.512762 0.027603
0.967189 -0.768945 0.470131
-0.186772 -0.871041 -0.176399
-0.267753 0.019431 -0.207168
-0.291333 -0.196744 0.385976
0.271907 -1.125709 -0.320859
-0.005440 0.443205 0.354017
0.953828 -0.975198 -0.311869
0.706324 -0.641271 -0.167960
0.147488 -0.246108 0.714512
-0.853741 -0.376358 -0.034019
0.163509 -0.619067 -0.371336
0.696577 -0.117980 0.657770
-0.306343 -0.956959 -0.043353
0.224237 -0.628287 0.187238
0.297717 0.031915 0.380078
0.160047 -0.324287 -0.398444
0.537565 -0.778665 0.322268
0.712840 -0.094807 -0.492673
0.413953 -0.489305 -0.437861
-0.596022 -1.328162 0.433313
0.528851 -0.685574 0.350059
1.050004 -0.476781 -0.653981
0.549952 -0.966393 0.022840
0.690783 -1.082383 0.258441
1.707487 -1.269581 -0.256849
0.860426 -1.653545 0.082125
0.170309 -1.139693 0.319098
-0.123896 -1.673428 0.291167
0.473938 -0.794144 0.295289
0.082909 -0.923666 0.826961
-0.324185 -0.591703 -0.314887
0.340414 -0.176126 0.009106
-1.037448 -0.300902 0.280722
1.125156 0.086636 -0.586199
0.165489 -0.113668 0.365331
0.382176 0.573317 -0.412257
0.728724 0.151942 0.293729
0.393087 -0.223885 0.418559
-0.132462 -0.588530 0.474415
-0.042080 -0.251880 -0.419902
0.657664 -1.309363 -0.175931
0.466220 -0.537755 -0.503901
0.414198 0.412104 0.077552
-0.395747 -0.439993 0.254455
0.506469 -0.973132 -0.487033
0.016284 -0.494605 -0.105236
0.496467 0.253066 0.091227
0.366776 -1.297278 0.058649
0.210126 -0.293347 0.054043
-0.192311 -1.485303 0.023385
0.168079 0.015720 1.153460
0.333847 -0.888666 0.008055
0.498460 0.297785 -0.024530
0.046290 -1.204639 0.302742
0.149222 -0.873631 0.363109
0.857578 -1.482998 0.306110
0.155312 -1.205352 0.153371
0.406339 -0.545512 0.561897
0.718818 -0.511650 0.810639
-0.610788 -0.786638 0.364434
0.221403 -1.258785 0.155553
0.699713 -0.719032 -0.709037
-0.194971 -0.751697 0.493544
-0.184154 -0.625838 -0.378243
0.349195 -0.401034 -0.092735
0.533968 -0.660621 0.142169
0.387723 -0.289281 0.545424
-0.062047 -0.250264 0.112640
-0.503806 -1.241701 0.162827
-0.126609 -1.010744 -0.942997
0.759925 -0.597206 0.816793
0.118557 -1.071066 -0.655935
0.006830 0.455453 -0.336673
1.419947 -0.776639 0.113650
0.056412 -0.189615 -0.083146
-0.441958 -0.165297 0.319789
0.251778 -0.820656 0.659657
0.124851 0.278924 0.798133
-0.186118 -0.111599 0.538190
0.337034 -0.454984 0.696343
0.289577 0.382917 0.655793
0.638069 -0.249291 0.267329
0.137469 0.727730 0.132007
0.721212 0.519120 0.495185
0.154281 -0.496253 0.790510
0.874346 -0.764058 -0.413752
-0.120345 -0.409965 0.799137
0.191941 -0.020641 0.116736
0.314867 0.458302 0.914240
-0.046486 -0.393347 0.148510
0.676055 -0.083095 -0.239227
0.477381 -0.729065 1.043611
0.155312 -1.205352 0.153371
0.665332 -0.578862 0.293405
-0.198350 -0.934112 -0.023555
0.849321 -0.350853 0.415748
0.856682 -0.120984 0.183591
0.698892 -0.066436 1.153133
-0.058317 0.158952 0.438090
0.568395 0.236899 -0.709516
0.178300 -0.288940 -0.865786
0.525178 0.030312 0.541311
0.068843 -0.726866 0.170118
0.097335 -0.495627 0.319311
0.071160 -0.930850 0.161381
0.076929 -0.482512 0.627866
0.080533 -0.639350 0.423458
0.125337 -0.632675 -0.028558
-0.251915 -0.511777 -0.058634
0.128766 -0.966495 0.125618
0.140665 -1.035875 0.199667
-0.249992 -0.507942 -0.112107
0.269280 -0.805863 0.436692
0.203818 -0.770688 0.412973
0.222609 -0.703436 0.481355
-0.186236 -0.643297 0.540309
0.167678 -0.702614 0.255502
0.241254 -0.742171 0.477179
-0.267167 -0.787581 0.450945
0.312179 -0.880894 0.495546
-0.003358 -0.640582 0.182586
0.622826 -1.092941 0.042562
-0.072928 -0.629380 0.183551
0.254450 -0.727598 0.440851
0.096583 -0.432272 0.357966
-0.214438 -0.455145 -0.225507
