0.012462 -0.665111 0.096274
-0.143272 -0.050002 0.466779
0.874216 0.026126 0.573110
0.548302 -0.768892 -0.675725
0.341699 -0.164207 0.207452
0.315116 -1.011215 0.563703
0.196082 0.346033 0.325378
0.158338 -0.578668 0.815222
0.109394 -0.700151 -0.011157
0.170185 0.688816 0.666395
0.158719 -0.324583 0.337040
0.234100 0.607513 -0.426340
-0.053645 0.675494 0.711677
0.691893 -0.299991 0.254721
0.737786 0.155817 0.682407
0.367811 -0.285924 0.650325
0.562094 -0.678075 0.479992
0.077554 0.221821 0.334492
0.373488 0.067608 0.230648
0.110257 -0.156843 0.949488
0.384155 -0.166772 0.682919
0.250215 -0.000679 0.791420
0.252564 0.244280 1.337853
1.013748 0.344170 0.405179
-0.440419 -0.199712 0.506605
0.642740 -0.893760 -0.183210
0.585925 -0.008915 0.158380
0.399598 -0.423852 0.491154
0.664002 -0.322277 1.148507
-0.592726 -0.184058 0.056889
-0.833635 -1.141808 0.295861
0.971045 0.361213 -0.255734
-0.117309 -0.078283 0.200698
0.503830 -0.375896 0.927330
-0.210386 -0.122665 0.532238
0.407271 0.042089 0.345860
-0.005464 -0.505048 -0.359587
-0.159428 -0.366347 -0.685661
-0.443479 -0.117840 0.408297
0.250605 0.717733 -0.124751
0.661301 -0.402625 0.583662
-0.017462 0.117717 0.294909
0.208253 -0.660716 0.825743
0.433498 -0.858706 -0.201252
0.330039 0.257503 0.120428
0.226449 -0.559497 0.209292
0.538112 -0.515353 0.197159
0.093309 -0.047907 0.539670
0.345748 -1.266684 -0.615233
0.066543 -0.636909 0.435776
0.524308 -0.810779 0.694160
0.485544 0.294520 0.534179
0.264981 0.025265 0.633754
0.298176 -0.061853 0.571094
0.329792 0.264963 1.138492
0.505872 -0.326916 0.799191
0.340163 -0.909826 0.644597
0.702666 -0.262205 0.186609
0.659356 -0.943305 0.635778
0.696969 -0.258148 0.545230
-0.608343 -0.593971 0.514077
0.075998 -0.913116 -0.250777
0.168845 0.186214 -0.217789
0.266782 0.079194 0.043356
0.529863 -0.512600 -0.158609
0.461551 -0.894340 0.175292
-0.259813 -0.821641 0.385344
0.092124 -0.162536 -0.194691
0.436833 0.042786 0.562951
0.139046 -0.502192 0.666296
0.575337 -0.597905 0.858944
0.963660 -0.617470 -0.130901
0.796547 -0.716021 -0.028868
0.370844 -0.222309 0.839911
-0.210866 -1.338389 0.192692
0.072484 -0.077235 0.579091
0.634671 -0.811341 0.787427
0.040462 -0.267250 0.622510
0.834698 -0.207050 0.184314
0.566802 -0.390153 0.491589
0.726814 -0.208610 -0.228383
1.003984 -0.715493 -0.186461
-0.223642 0.002394 0.449570
0.455705 -1.175147 0.531599
-0.214291 0.466237 0.460062
0.194590 0.034179 0.444166
-0.041674 -0.116743 0.864321
0.462341 0.440261 0.031051
0.359222 0.048091 0.316866
0.531021 -0.350409 -0.042932
0.332711 -1.281086 0.322056
0.984326 -0.444885 0.369536
0.258352 -0.815421 0.158806
0.747874 -0.657335 -0.221459
0.289798 -0.781882 0.268329
0.889587 -0.370306 -0.059562
0.465641 -0.286447 0.730756
-0.043831 0.076158 0.370339
0.608210 -0.464495 -0.275595
0.249743 -0.403515 0.067825
0.245533 0.429409 0.932218
0.160155 -0.189761 -0.074346
0.101730 -0.155833 -0.204595
0.740306 0.163356 -0.214893
-0.057551 -0.743195 -0.020282
0.143020 -0.525246 0.206663
0.433365 0.310406 -0.776355
0.210066 -1.616066 0.172983
0.663299 -1.346651 0.194610
0.471565 -0.500332 0.045051
0.794694 -0.762497 0.337295
0.320026 -0.438207 -0.931557
0.068509 -0.619975 0.089731
1.079197 -0.023485 -0.670933
0.361565 -1.186331 -0.008589
0.592072 -1.387772 0.083989
0.323059 -1.348782 0.166042
0.338435 -0.499822 0.163862
0.370108 -0.872913 0.416224
0.338778 -1.370621 0.439422
0.135614 -0.791022 -0.205333
0.732233 -0.270474 -0.136221
0.795852 -1.154592 0.672046
0.921608 0.092000 -1.171678
0.104336 0.011831 -0.063346
0.499834 0.492414 0.017596
0.005634 -0.531687 0.205941
0.501580 -0.941302 -0.294884
0.214531 -0.859437 0.086562
-0.204386 -1.530843 0.034343
0.177269 -0.236745 0.288962
0.331933 -0.549534 0.815945
0.282430 -1.665025 -0.264949
0.426107 -0.712409 0.118101
0.405294 -0.752302 0.349954
1.070918 -0.720759 0.234366
0.110617 -0.407457 -0.224835
0.777067 -1.551812 0.426810
0.836901 -1.011523 0.064857
-0.023819 -0.643857 0.429443
0.760973 -1.098364 -0.324598
0.245064 -0.878326 0.225095
0.888810 -1.395609 0.016022
0.241300 -0.319689 0.830882
0.580195 -0.766902 -0.025805
0.256394 -0.218585 0.551679
-0.800800 -0.600192 -0.598567
-0.225565 -0.696779 -0.330215
0.899410 -0.876327 0.154079
0.238779 -0.741276 0.461026
-0.153614 -0.647393 -0.050159
0.210967 -0.977260 0.300032
0.155981 -0.810362 0.196908
0.329337 -0.801757 0.505672
0.077465 -0.669888 0.081045
1.062341 -0.894755 0.183096
0.125355 -0.606431 0.402408
0.253439 -0.690802 0.473359
0.199119 -0.496981 0.383962
-0.001654 -0.171500 -0.101085
0.133756 -1.153938 0.391563
0.076600 0.217271 0.136078
0.104877 -0.529997 0.432524
0.310811 -0.540471 0.221801
0.194014 -0.873235 0.324727
0.236405 -0.872394 0.382514
0.227734 -0.773251 0.442073
0.119093 -0.684761 0.200161
0.065573 -0.767813 0.246507
