0.575568 -0.697122 0.501821
1.034970 -0.951513 0.403677
0.076038 -0.518737 -0.253681
0.369101 -0.630698 -0.104822
0.091595 -0.207287 -0.170435
-0.346433 -0.896795 0.159063
0.038984 -0.446035 0.054408
1.290317 0.087854 0.062869
0.344537 0.984270 0.626086
0.280233 -1.349027 0.677140
0.808044 -1.115026 0.034449
1.102025 -0.542283 -0.064096
0.243340 0.147355 0.909835
0.871352 -0.131469 -0.604021
0.290442 -0.795574 -0.662413
0.116349 -0.214629 1.027025
0.415558 -1.848429 0.524156
0.481414 -1.270695 -0.178863
1.313150 -1.207483 -0.089544
-1.049159 -0.839212 0.737480
-0.311553 -1.450826 0.283604
0.488523 0.039708 -0.152160
0.427782 -0.997073 -0.074552
-0.196820 -1.869145 0.190503
0.492703 -0.500275 -0.146921
0.638909 0.110299 0.338791
0.552626 -0.645951 -0.226687
1.048865 -0.318615 -0.834982
0.540139 -0.301913 -0.402445
-0.059266 -1.296097 0.177415
-0.023218 -2.041327 0.458267
-1.069526 -0.890367 0.003706
0.073884 -0.768069 0.665183
0.436220 -0.762976 -0.054591
-0.672416 -0.859510 -0.008074
0.260293 -2.063824 0.259059
0.584475 -0.106465 -0.464796
0.539127 -1.268023 -0.298705
-0.300162 -1.069434 0.105185
0.003194 -0.155624 -0.496850
0.276090 -0.498992 -0.373907
0.882361 -0.572592 -0.421814
0.735157 -0.700320 -0.550797
-0.537396 -0.509719 0.728164
0.531207 -0.518768 -0.182702
0.827856 -0.330823 -0.158228
-0.328433 -0.023425 0.429572
-0.390901 -1.522013 0.102698
0.696915 -0.623637 0.260245
0.839552 -0.668825 -0.419222
0.829986 -0.497687 -0.496458
1.151053 0.159735 0.021683
-0.007960 -0.782277 -0.201215
0.332274 0.742456 -1.315660
-0.048611 -0.513901 1.069011
0.427163 -0.949102 0.470093
0.031420 -1.311565 0.298688
1.037820 -0.410551 0.415935
0.712321 -0.495244 -0.134987
0.598792 0.133882 0.040796
0.334357 -0.736306 0.796568
0.112080 -0.860155 0.436926
0.931240 -0.947497 0.232407
0.749137 -0.909067 0.348884
0.975747 -0.831189 0.296127
0.528846 -1.362913 0.476593
0.736333 -1.098576 0.702672
0.507977 -1.259764 0.131016
0.249614 -1.631793 0.354996
0.293903 -1.087538 0.265243
0.476509 -0.916857 -0.621076
1.271925 -0.714785 -0.108641
0.889624 -0.193080 -0.262914
-0.259207 -1.327802 -0.286370
0.682027 -0.062441 -0.148522
0.266019 -0.132430 -0.218983
0.320423 -0.468176 0.265008
0.252413 -1.045550 0.646138
0.129462 -0.105767 0.134610
0.774205 0.412867 0.124809
-0.218782 -0.690742 0.178049
-0.112372 0.151320 0.708803
0.574243 -0.175892 -0.226405
0.805545 -0.581951 -0.115143
-0.903254 -1.016865 0.413544
0.294544 -0.156937 0.141896
0.814489 0.418437 0.202592
0.104593 -0.825997 0.274788
0.256526 1.039355 0.193559
0.527535 0.499063 0.419776
0.595174 0.520763 -0.060525
0.571204 -1.006047 0.365950
0.631584 -0.010193 0.452014
0.014699 -0.219955 0.337987
-0.186163 0.268092 0.337087
1.127643 -0.430551 0.368292
0.889624 -0.193080 -0.262914
0.011538 -0.069137 0.809187
0.023033 -0.968678 0.687118
0.372745 -0.384658 0.298301
0.140271 -0.956528 0.519100
0.197992 0.003427 0.700083
-0.095496 -0.788053 0.191892
0.140687 -0.453914 0.546732
0.491140 -0.975416 0.473331
-0.288216 -0.655779 0.559907
0.179610 -0.583667 -0.066861
0.067212 -0.006275 -0.091033
-0.196951 -0.490752 0.319756
0.260418 -0.780971 0.453267
0.089368 -0.558918 0.321967
0.188448 -0.996836 0.195574
0.622838 -0.641910 0.074868
0.145805 -0.406118 0.372817
-0.077540 -0.916467 0.160738
-0.004378 -0.740848 0.297129
-0.005503 -0.490411 0.367164
0.073411 -0.568589 0.451997
-0.340739 -0.736522 0.580133
0.539676 -0.145935 -0.554076
0.659757 -0.913832 0.736185
-0.396758 -0.229778 0.095353
0.129258 -0.787888 0.499881
