-0.241777 -1.946384 0.309522
0.010948 -0.793939 -0.125328
0.778763 -0.435293 -0.279962
-0.369722 -1.023560 0.096141
-1.224472 -0.855196 0.061729
0.824330 -1.274042 0.756463
0.755358 -0.425103 -0.292141
0.152710 -0.806111 0.053207
0.294360 0.007472 -0.129822
0.061026 0.301704 0.023123
0.379119 -0.899339 0.183727
0.563987 -0.225053 -0.234237
0.756295 -0.141834 -0.446354
0.750178 -1.375162 -0.018673
0.760570 0.320527 0.023123
0.872161 0.383638 -0.342733
0.367579 -0.821305 0.461033
0.095158 -1.521281 -0.063986
0.985352 -0.944688 0.189279
-0.040904 -0.217869 -0.266257
1.214216 -1.111083 -0.009372
0.977427 -1.176644 0.310944
0.783117 -1.170198 -0.119668
0.420589 -0.815853 0.678440
1.015961 -0.634210 -0.274278
0.265387 -0.539398 -0.245424
0.505937 -0.352918 0.414004
0.879336 -1.304545 0.511293
0.499215 -0.261309 -0.084126
-0.053989 -0.719760 0.418214
-0.111841 -1.248815 0.179349
0.465696 -0.456659 -0.603714
-0.002289 0.168183 0.293586
-0.105341 -1.256530 -0.745460
0.930875 -0.493340 -0.803744
0.468418 -0.629193 0.523508
-0.020127 0.423543 1.045250
0.122638 -0.912147 0.138040
0.335410 -0.188275 -0.425534
-0.369894 -1.188735 0.090627
0.721786 -1.068471 0.333118
0.152716 -1.334023 0.300505
-0.055269 -1.308532 0.258844
0.331486 -0.106154 -0.276694
0.199805 0.334830 0.116271
0.399636 0.548517 0.052692
1.422420 -1.094308 0.120816
1.095805 -0.507766 0.159170
0.057699 -1.565411 0.411939
1.153057 -0.199048 -0.501327
0.626699 -1.244628 0.445127
0.429531 -0.584284 0.633114
-0.063571 0.177224 0.711952
0.560455 -1.193908 -0.062664
0.318705 -0.745212 0.433933
-0.688194 -0.288877 0.294489
0.564220 -0.983084 -0.385025
-0.214529 -0.130475 0.295283
0.783629 -0.011589 -0.286556
0.227845 -0.973385 0.293698
0.612807 -0.992254 0.510388
0.625171 -0.494590 -0.074903
0.973936 -1.047439 0.560852
-0.291293 -0.912026 0.171810
-0.016535 -0.466317 0.512906
-0.563668 -0.984882 0.137887
0.004894 -0.404288 0.328697
0.623844 0.761470 0.136860
0.298616 0.508271 0.497894
0.509491 0.083242 0.445792
0.694041 0.025405 0.923943
0.688494 0.275629 0.353987
0.231313 -0.154546 0.934222
0.128010 0.168591 0.558287
0.248285 -0.901038 0.307195
0.366136 0.223246 1.083187
0.864770 0.036568 0.692980
0.088902 -1.227962 0.811027
-0.106485 -1.393588 -0.354123
0.319753 0.038410 0.455050
0.757282 0.510870 0.366420
0.207273 -0.830021 0.757904
0.532388 -0.925652 0.008089
0.758859 -1.034848 -0.033483
0.108080 -0.411805 -0.592200
0.152716 -1.334023 0.300505
-0.096481 -0.317301 0.579002
-0.152257 0.308751 -0.000039
0.861542 -0.274224 -0.014681
0.276944 -0.535274 0.715854
0.588989 0.070219 0.096023
1.277022 -0.372765 -0.143272
0.115252 -0.025647 -0.451528
0.362564 -0.373934 0.489726
0.735959 -0.640189 -0.257566
0.466129 -0.779422 -0.036980
1.033740 -0.783503 0.886800
-0.050698 0.027974 0.199160
-0.086930 -0.324607 0.210637
0.272165 -0.745062 0.564726
0.067463 -0.752736 0.049369
0.326805 -1.057872 0.507255
0.038542 -0.617164 0.315150
0.077173 -0.603875 0.259394
0.258915 -1.008650 0.301907
-0.139173 -0.545764 0.105765
-0.212197 -0.462895 0.172054
0.376136 -0.764802 0.480135
0.269122 -0.929264 0.264807
0.127720 -0.804877 -0.009585
0.197759 -0.856886 0.372484
0.253069 -0.776605 0.280804
0.034993 -0.924108 -0.093459
-0.097473 -0.553044 0.195403
0.178083 -0.889092 -0.000033
-0.310093 -0.664525 0.019798
-0.082731 -0.252254 -0.029367
-0.012277 -0.751621 0.072883
0.149314 -0.273412 0.416271
0.192336 -0.712273 0.553256
0.013927 -0.823583 0.247306
0.071910 -0.761864 0.215885
0.098732 -0.800373 0.195904
