-0.326288 -1.008013 0.969189
-0.317919 0.203292 -0.092902
0.311473 -1.002943 0.493472
0.692784 -1.126689 -0.545452
0.299249 -0.691601 -0.118257
0.205226 -1.093914 0.289957
0.591715 -0.406729 -0.433306
0.404928 -1.981593 0.362678
-0.719073 -0.855841 0.582479
-0.810076 -0.770132 -0.312253
-0.230119 -0.406951 -0.092829
-0.216065 -1.313227 0.593209
0.519256 -0.966512 0.105531
-0.007900 -0.666068 -0.116816
0.594676 0.263540 0.488830
0.771311 -0.923976 -0.518477
1.140766 0.315783 -0.399956
0.024251 -0.910562 -0.100077
0.311774 0.288750 0.334173
0.622440 -0.087766 0.773953
-0.348106 -0.969480 -0.732825
0.388864 0.478155 0.703032
0.936434 0.106858 0.366265
-0.003682 0.027770 -0.142150
0.860304 -0.401496 -0.045809
-0.251092 -0.611184 -0.126834
0.041790 -0.180728 -0.165272
0.814294 -0.668478 -0.019070
0.410371 0.207592 -0.140649
0.009261 -0.107222 0.246947
0.156358 -0.469113 0.398985
-0.074978 -0.958015 -0.070538
-0.058643 -0.789291 -0.134750
-0.667969 -1.635280 0.973691
-0.197844 -1.138790 0.022216
-0.107287 -0.662724 -0.360923
-0.241143 -1.331082 0.056458
-0.096236 -0.809000 -0.220236
0.196738 -0.490704 0.268310
0.518907 -1.603960 0.199626
1.146304 -0.883484 -0.464154
0.390523 -1.104244 -0.481157
0.413204 -0.347874 -0.621867
0.899966 -0.871945 0.032567
0.065134 -1.321368 0.123749
0.791672 -0.285943 0.004331
0.067001 -1.355252 0.029868
0.061793 0.111151 -0.057420
0.259240 -1.147340 0.011187
-0.611769 -0.848703 0.735276
0.599468 -1.013950 0.360639
0.374948 -0.283421 -0.774673
-0.709562 -0.241269 0.100734
0.874277 -1.232013 0.140110
0.212678 0.669561 0.037933
0.254886 -0.540330 0.850157
0.654870 -0.934904 -0.560700
0.065345 -0.375482 0.447355
0.594441 -0.574443 -0.371427
1.133918 0.073905 -0.009753
0.490754 0.117945 -0.179098
-0.144701 0.072991 0.044900
0.721212 -1.287701 0.539431
-0.111344 -1.133297 0.446630
0.134893 -1.677850 -0.132756
0.660047 -0.720918 0.283922
-0.348485 -1.525567 0.357121
-0.385322 -0.953187 0.060375
0.009499 -1.504215 0.274877
0.593463 -0.327680 0.465881
1.009865 -1.378211 0.065719
-0.207452 -0.251416 -0.054420
0.334759 -1.094397 0.333157
0.117358 -0.616275 0.386198
0.005230 -1.111053 0.040303
1.185509 -0.358518 0.043024
-0.386533 -0.748577 0.476515
0.931663 -0.563428 -0.035235
-0.161757 -0.945101 0.607774
0.872981 -1.153715 0.312312
0.778335 -1.471155 0.080894
-0.885696 -1.208084 0.428524
0.238438 -0.749495 -0.290782
0.265285 -0.815450 0.073222
0.900202 -0.257999 -0.074256
0.839947 -1.348175 0.042857
0.502593 -1.250454 0.677084
0.458346 -0.098647 -0.034529
0.449540 -1.452751 -0.198674
0.318251 -0.156636 -0.040390
-0.031937 0.007286 -0.159532
0.744161 -0.666948 -0.082058
0.251205 -0.565612 -0.540623
0.422514 -0.902123 -0.219704
-0.734915 -0.676630 -0.979268
0.168553 -1.435837 0.090206
0.485423 -0.929758 -0.118730
0.432411 -1.361135 -0.363006
0.304007 -0.640303 -0.353102
0.856256 -0.758977 -0.048603
0.901362 0.120139 -0.389230
0.685219 -0.444815 0.124334
0.161949 -1.150505 -0.284619
0.784652 -0.552395 -0.190257
-0.461062 -1.148409 -0.072797
-0.121954 0.264856 0.159208
-0.009679 -0.289316 0.035773
0.077964 -0.407648 0.181044
0.184613 -0.741598 0.103994
0.035462 -0.636280 0.279255
0.257384 -0.838374 0.437053
-0.168408 -0.785392 0.175859
0.277646 -0.718803 0.632988
0.017440 -0.407967 0.143273
0.018201 -0.454576 0.507584
0.074022 -0.528877 0.473503
-0.081204 -0.667358 0.174977
-0.027897 -0.315621 0.013431
0.111659 -0.655326 0.406197
0.258367 -0.822551 0.395799
-0.241914 -0.395799 0.285652
0.138554 -0.943584 0.318416
0.392545 -0.786078 0.803287
-0.208956 -0.266258 0.255638
0.468478 -0.444177 0.548635
0.049418 -0.532433 0.431124
0.717740 -0.711607 -0.008528
0.059096 -0.887682 0.426337
