0.470102 -0.248709 0.200032
-0.220342 -1.269524 0.173416
0.014556 -0.404425 -0.486056
0.082740 -0.443337 0.096656
0.151809 -1.543331 0.456275
0.593089 0.025828 0.311962
0.042702 -0.593457 0.722917
0.345662 -1.247925 0.191919
0.071757 -1.567513 0.576342
0.219113 -0.414430 -0.167314
0.370742 -0.449335 1.386873
-0.439524 -1.278200 -0.068212
1.001485 -0.884263 0.142118
-0.437219 -0.251660 0.598043
0.043956 -0.548799 -0.379854
0.305337 0.305046 -0.574916
0.154003 -0.547624 0.205388
0.138830 -1.481744 0.063257
0.676957 -1.061900 0.292662
0.481913 -0.554823 0.308476
-0.061537 -0.492501 0.134813
0.380023 0.117301 0.329493
0.657066 -0.133463 0.136378
-0.350395 0.017228 0.046542
-0.114883 -1.255972 0.669451
0.353043 -1.326671 0.261921
-0.259957 -0.719993 0.291782
0.284272 -0.856476 0.412817
0.497718 0.383342 0.172724
0.587433 -0.896775 0.423772
0.731977 -0.451214 0.105845
1.126364 -0.700324 -0.616560
-0.342863 -0.335122 -0.177654
-0.026589 0.022353 -0.406954
0.235409 0.051859 0.583492
0.619530 -0.371643 -0.513522
0.102703 -0.176966 0.545405
-0.258858 0.276217 0.843147
0.587436 0.170987 0.074527
0.593119 -0.859221 -0.102324
0.433027 -0.624658 0.105837
0.816835 0.061520 -0.536977
1.030966 0.022140 0.231734
-0.372760 -0.243037 0.444245
-0.072753 0.588832 0.477623
0.183932 -0.506392 0.775239
0.643026 0.216394 0.364487
0.222683 -0.442027 -0.080787
0.228466 0.152279 0.764468
0.949591 0.100933 0.590316
0.112058 -1.055270 0.139531
-0.041799 0.065840 0.731011
0.086320 -0.613241 0.961815
0.257958 -0.839498 0.886372
0.130559 0.105031 0.202090
1.100896 0.165787 0.495903
0.257360 0.274204 -0.525557
0.033102 -0.781239 0.001421
0.427482 -0.677868 0.170568
0.009789 -0.625264 0.336606
0.271460 0.510979 0.091223
0.146429 -0.662545 0.540406
0.124501 -0.142661 0.417436
0.229481 -0.953803 0.552297
0.758128 -0.066604 0.244302
0.589659 -0.994501 0.231784
0.328062 -0.247893 0.327871
0.393330 -0.225126 1.002162
0.320886 0.274764 0.608981
0.245188 -0.724499 0.571750
0.098323 -0.441632 0.537356
-0.034488 -0.330273 0.681368
0.068719 -0.366595 0.244974
0.617711 -0.788505 0.184320
-0.142566 0.359595 0.290185
0.432878 0.121995 -0.107867
0.543490 -0.138231 0.781947
0.257133 0.141312 0.387092
0.060109 0.065033 0.918735
0.552462 -0.900662 0.502133
0.422857 -0.021052 0.628470
0.306141 -0.737871 0.518246
0.470564 -0.967768 -0.042185
0.624550 -0.084623 0.477631
0.683574 0.118905 0.484768
0.255567 -0.896659 0.301456
-0.233513 0.044932 0.160126
0.331099 -0.914307 -0.323111
-0.256310 -0.726315 0.005477
-0.534354 -1.110116 -0.096293
-0.609824 -1.234638 -0.107133
-0.162351 -0.037314 0.660979
0.604425 -0.216583 0.827576
0.893245 -0.297816 0.370554
-0.265622 -0.743120 0.268833
0.483483 -0.083526 0.305932
-0.133319 -0.823879 0.093820
0.580134 0.007611 0.490095
0.086715 -0.643590 0.290255
-0.091042 -0.368001 0.247624
-0.035038 0.098988 0.612564
0.553193 0.457916 0.085132
0.382663 -0.519648 0.654508
0.160802 -0.022189 0.522509
0.846829 0.250231 -0.322941
0.721213 -0.431097 0.953103
0.969439 0.496219 -1.077306
0.028951 0.196819 0.053694
-0.027767 -0.476004 0.325941
-0.120363 -0.183626 -0.110133
0.318989 0.089818 0.459969
0.508833 -0.163597 0.690266
0.028645 -0.244551 0.327876
-0.003953 -0.299970 0.364387
0.202078 0.244131 0.182954
0.059227 -0.274955 0.252762
0.747559 -0.481578 0.948194
0.378215 -0.038323 0.654657
0.538317 -0.748435 0.420070
0.497166 -0.576463 0.653830
0.228404 -0.306640 0.215990
0.265671 -0.310758 0.315104
-0.674709 -1.431848 0.283004
0.469435 -0.492738 -0.642599
0.182039 -1.225746 0.149334
0.539362 -0.681500 0.526267
0.148210 -0.598297 -0.442940
0.297908 -0.236616 -0.532365
-0.442602 -1.038478 0.339229
-0.343817 -1.214765 0.253936
0.323954 -0.951895 0.866218
0.084221 -0.475309 0.318452
0.021409 -0.378415 0.455174
1.021152 -0.720097 -0.090625
0.869915 -0.915061 -0.042574
0.334868 -0.594778 -0.091766
-0.187548 -0.353198 -0.052420
-0.144210 -0.712579 0.628661
0.033985 -0.517760 -0.183152
0.029994 0.196483 0.542903
0.025327 0.679798 0.303846
-0.721182 -0.790589 -0.254735
1.130526 -1.725716 0.109614
1.039648 -1.509545 -0.109260
0.361337 -0.475948 0.119964
-0.152140 -0.161578 -0.025412
0.125510 -0.416706 0.160568
0.580944 -1.047793 0.281499
-0.036279 -0.143840 -0.105709
0.584985 -0.163232 -0.525508
-0.050641 -1.277184 -0.153231
0.070903 -0.829938 0.140003
0.033327 -0.436458 0.498527
0.250110 -0.853305 0.493853
0.351753 -0.988681 0.484202
0.066407 0.096500 0.058536
-0.117678 -0.954241 -0.007275
0.466525 -0.814217 0.382313
0.109865 -0.583240 0.313231
-0.083647 -0.496304 0.092365
-0.198104 -0.637889 0.308157
0.025274 -0.696622 0.151685
0.276244 -0.637394 0.516590
-0.334098 -0.232186 0.115884
0.241424 -0.747086 0.421024
0.371362 -0.855403 0.572770
-0.207000 -0.702664 0.606223
-0.341067 -0.256673 0.099030
0.218620 -0.897590 0.212902
0.289656 -0.960382 0.339770
0.243107 -0.822767 0.318029
-0.102230 -0.238693 -0.294606
-0.006011 -0.596518 0.155185
0.138972 -0.778973 0.217367
0.131431 -0.593766 0.090330
