0.219724 -0.095174 -0.044034
0.508190 -0.325813 0.897728
0.335958 0.220265 0.030910
-0.085890 -0.599049 0.476917
0.271606 -0.502758 0.318582
0.465638 -0.005103 0.519133
-0.240063 -0.806834 0.422667
0.370536 0.350329 0.490541
0.204124 -1.357771 -0.207890
0.127136 -0.628050 0.474627
-0.000234 0.411915 0.626084
-0.012710 0.035626 0.307280
0.376067 0.748813 0.298209
0.064505 -0.557779 0.552113
0.854550 -0.504327 0.783216
0.456106 0.098862 0.344526
0.587182 0.133689 0.476626
0.274889 -0.683306 0.986438
0.224735 -0.449890 0.573302
0.536619 0.201319 -0.002228
0.345191 0.683372 1.010168
0.553883 0.983265 0.003077
0.085787 -2.105957 0.619786
0.647615 -0.757211 -0.057288
-0.514776 -1.466280 0.230955
0.421264 -0.481488 0.349105
-0.079647 0.281894 0.764409
0.156124 -0.163491 0.353740
0.056594 0.164812 1.246731
0.168855 0.074044 0.034944
-0.068480 0.227479 0.050934
-0.164291 -0.337241 0.499733
0.338907 0.088835 0.438667
0.683540 -0.175737 0.498879
0.344743 0.530360 0.257409
-0.040276 0.440851 0.312736
0.561046 -0.269423 0.647944
0.346475 -1.610767 0.554087
0.017844 -0.781269 0.267478
0.261358 0.281315 -0.284507
0.236280 -0.782773 0.528741
0.685206 0.032516 0.293908
0.648479 0.780629 0.186096
-0.085566 0.807668 0.457402
0.276904 -0.881821 0.473694
0.277839 -0.959043 0.267711
-0.111936 0.043562 0.421863
1.088789 -1.394630 0.266173
-0.030141 0.321542 0.744409
0.603413 -0.818906 0.603432
0.018686 -0.169001 0.205498
0.524098 -0.901767 0.539082
0.238957 0.864850 -0.155241
1.141860 -0.188325 0.281694
0.206878 -0.068852 0.734100
0.666359 -0.227965 0.264661
0.923541 0.313504 0.454723
-0.579245 -0.291663 0.398752
0.833211 -0.921538 0.429978
0.572649 0.009289 0.651788
0.555125 0.501115 0.240659
0.698287 -0.498510 -0.878391
0.030165 -1.181632 0.640126
1.058981 -0.717634 0.200047
-0.114256 -0.516507 0.119770
1.170290 -0.137876 -0.470681
0.187716 -0.060353 0.224063
0.539538 0.228470 0.380155
0.477149 0.572503 0.644643
0.789169 -0.310530 -0.157597
0.712432 -0.587976 -0.043202
0.362917 0.709955 0.147360
-0.243082 -0.014776 -0.038889
0.513308 -0.043388 0.731100
0.263592 -0.221093 0.626544
0.607828 -1.016620 0.338107
0.603118 -0.035557 0.258434
0.503289 0.415304 0.461057
0.107674 -0.323513 -0.069432
0.354277 -1.206610 0.866419
0.576209 -0.195792 -0.317350
0.229595 -1.024251 0.059625
0.372394 0.284393 -0.287525
-0.460308 -0.513297 0.743466
0.235196 -0.226194 -0.158707
0.169079 -0.065904 0.444721
0.414407 -0.425225 0.798456
0.004972 -0.367702 0.595403
0.278652 -0.333292 0.028839
0.160533 -0.851018 -0.399237
0.919539 -1.212060 0.361477
1.271076 -0.137614 -0.528831
0.390169 -0.312493 -0.054012
0.152136 -0.569603 -0.456555
0.991298 0.046397 -0.286074
0.770706 -0.891570 0.310002
0.564300 -0.900143 0.354683
0.659456 0.023499 -0.383920
0.509003 -0.205016 -0.180080
0.490127 -0.734458 0.219293
0.277186 -0.521723 0.007346
0.337138 -0.281876 0.238292
0.213509 0.039118 -0.364490
0.957928 -0.557753 -0.130958
0.685246 -1.612633 0.562409
-0.217013 -0.797654 0.406141
0.614213 -1.716462 0.613586
0.753258 -1.043760 0.075684
0.591284 -0.334411 0.273868
0.438006 -0.342672 -0.267287
0.612033 -1.344577 0.101564
1.598523 -1.325605 0.159499
0.382927 -1.035116 0.390674
0.309771 -1.348803 -0.330436
1.142193 -1.603914 0.256683
0.979411 -0.256040 -0.158257
-0.155136 -0.762502 0.384820
-0.516475 -1.063602 0.163334
0.334123 -0.232295 0.084687
-0.116302 0.210727 -0.053412
1.028384 -0.310667 -0.098739
0.390485 -1.352174 0.484151
0.722446 -0.288487 -0.356314
0.583914 -1.331066 -0.562858
0.277631 -0.824034 0.704088
1.037581 -0.522306 -0.120831
0.608289 -0.271931 0.212834
0.372402 -1.303088 -0.063199
0.438705 -0.368361 -0.311134
0.981766 -0.764918 0.096315
0.600507 -0.377303 0.429432
0.481201 -0.186084 -0.443061
0.499837 -0.741864 0.114146
1.038322 -0.508365 -0.080514
-0.102884 -1.020737 0.109202
0.064285 -0.694728 -0.631175
0.599947 -1.056778 0.441695
0.504595 -1.205411 0.316104
0.455771 -1.150332 0.182615
-0.243011 -0.233331 0.438282
0.390510 -0.537160 -0.243045
0.923571 -0.942868 -0.253123
-0.200301 -1.122334 -0.071695
0.179171 -0.737250 -0.150334
0.308009 -1.127785 -0.502963
0.363843 0.078037 -0.365939
0.273128 -1.101548 0.387866
0.081710 -0.301234 0.177644
1.001642 -0.436614 -0.202903
0.789169 -0.310530 -0.157597
0.439909 -1.346935 0.233825
-0.457169 -0.602523 -0.287286
0.802087 -1.537418 0.346975
0.689111 -0.924567 0.715357
0.661332 -0.990494 -0.681093
0.391805 -0.222189 0.756846
-0.140112 -0.453684 0.221642
0.224348 -0.796433 -0.015624
0.348138 -0.951685 -0.355364
0.409653 -0.860177 -0.480191
-0.264390 -0.584427 0.705003
0.294559 -1.094217 -0.349872
0.235196 -0.226194 -0.158707
0.401971 -1.314178 0.666089
0.725497 -0.594106 -0.632889
0.666376 -0.672948 0.117301
0.036957 -0.983381 0.181178
0.298571 -0.571704 -0.463245
0.449673 -0.732347 -0.133238
0.476357 -0.333534 0.296474
0.439715 -0.743918 -0.139093
0.119828 -1.121755 0.222488
0.629464 -0.710438 0.223611
0.343020 0.362386 0.451915
0.253710 -0.448362 0.630425
0.479185 -0.736617 0.091703
0.965527 -1.115761 0.300646
-0.163457 -0.870205 -0.138486
0.286979 -0.799264 0.343411
0.099759 -0.913251 0.331354
0.790246 -1.209401 0.292628
-0.067506 -0.547925 0.221448
0.033013 -0.596584 0.242065
0.227082 -0.765072 0.410766
0.243084 -0.440773 0.255218
0.235608 -0.540678 0.114141
0.216126 -0.417774 0.460011
-0.196602 -0.510302 -0.032960
0.813600 -0.539230 -0.345976
0.133258 -1.011326 0.590313
0.016781 -0.512342 0.292222
0.114667 -0.625734 0.379515
0.530738 -0.446116 0.396533
