0.271715 -1.353866 0.241882
0.234585 -0.212561 0.424818
1.081374 -0.452986 -0.333498
0.521935 0.536077 0.388819
0.447977 0.360760 0.430585
-0.014694 -1.164319 -0.112668
-0.013080 0.043426 0.177152
-0.237736 -0.426414 0.741658
-0.611491 -1.133991 0.569379
0.620514 -0.779195 0.744188
-0.037599 -0.897091 0.861549
0.446660 -0.244590 0.761456
0.102027 0.585117 0.722929
0.801096 0.027794 0.273035
1.315246 0.257688 0.650256
0.838689 -0.171294 0.219639
0.692371 -0.060420 0.138348
0.751181 -0.711123 0.657855
0.217586 -0.053148 0.884012
0.365367 -0.200833 0.207348
0.172828 0.394054 0.372165
-0.227538 0.069087 0.209011
0.327268 0.333237 0.047619
-0.039485 -1.024790 0.467742
0.072463 -0.781095 -0.066676
0.724411 -0.428184 1.039823
0.399183 0.154731 0.210824
0.429163 -0.126573 0.067800
0.609599 0.328236 1.193884
0.562682 -0.023202 0.380421
0.808653 0.110914 0.283522
0.513882 -0.119273 0.454908
0.489109 -1.082964 0.758209
0.046180 -0.827247 -0.392422
0.186249 -0.469814 -0.161696
0.561012 0.112674 0.373710
0.238843 -0.389166 0.352214
0.291928 -0.198821 0.213433
0.119038 -0.315381 0.862008
0.406989 -0.860502 0.417357
0.247152 0.062105 0.064022
0.940668 -0.440143 0.258773
0.351983 0.570299 0.499590
1.130090 0.141749 0.036423
0.293019 -0.336677 0.236852
0.785512 -0.940049 -0.152275
0.544404 -0.292986 0.277426
0.016150 -0.294946 0.523521
-0.174350 -0.665763 -0.089136
0.541804 0.700793 0.590972
0.513738 -0.541537 -0.240883
0.368483 -0.213928 0.333911
0.682904 -0.090499 0.145435
0.727299 -1.153790 0.387050
0.286060 -0.718132 0.625370
0.456198 -0.495389 0.057775
1.390205 -0.345365 0.316672
-0.396844 0.077588 0.873383
0.289477 -0.838027 0.752404
0.874601 0.388357 0.007430
0.304601 -0.832492 -0.264178
0.339317 -0.205614 0.820029
0.479910 0.584063 0.399416
0.190267 -0.155259 0.251377
0.273169 0.041560 0.797287
1.245797 0.396850 -0.153644
0.358260 0.347639 0.569911
0.889670 0.011235 0.307411
0.427527 -0.159755 0.918755
0.454061 0.321403 -0.599311
0.642226 -0.028283 0.048529
0.501107 -0.825167 0.704151
0.944673 0.737117 -0.259022
0.541819 -0.277014 0.271656
-0.006294 -0.558682 0.294899
0.396277 -0.734223 0.424163
-0.410978 -0.122034 0.197182
0.300403 -1.111822 0.502669
0.259048 -0.961478 0.538450
0.078735 0.096263 -0.378592
