-0.226594 -1.289284 0.510369
-0.325602 -0.749933 -0.065598
-0.281623 -1.068758 0.357730
-0.385478 -1.169736 0.373867
-0.262746 -0.988860 0.710447
-0.452894 -1.723684 0.174731
0.293252 -0.236142 0.104162
0.535548 -1.345439 0.161578
0.158712 -0.658450 0.312599
1.367692 -0.575348 -0.321592
0.390871 -0.923818 0.414722
-0.068093 0.094396 0.017446
0.465053 -0.594098 0.114190
0.341552 -0.539381 0.716362
-0.046705 0.148984 0.373925
0.430460 0.015190 0.779237
1.205628 -0.837725 -0.177662
-0.020726 -0.006842 1.070680
-0.073023 -0.230506 0.613241
1.324168 -1.157496 0.370901
-0.061955 -0.146031 0.787577
-0.185517 -0.626191 0.353838
0.644196 -1.239050 -0.000272
0.455805 -1.220596 0.554310
0.512684 -0.049651 0.311728
0.374758 -1.102605 0.277927
0.204446 -0.946093 -0.569736
0.403328 -0.750006 -0.159658
0.650637 0.472083 0.326605
0.435771 -0.740454 0.147053
-0.069494 -0.378853 0.353063
-0.328700 -0.909779 0.178312
-0.184975 -0.452850 0.169627
0.090809 -0.682062 0.351621
0.409447 0.041180 0.600367
0.079372 -0.254127 0.675858
0.767910 0.016796 0.823860
0.319364 -1.805850 0.338519
0.148264 -0.305271 0.760597
0.359943 -0.563731 0.656728
0.751891 -0.413137 -0.644760
0.393390 -0.808818 -1.055773
0.114069 -0.013525 0.323695
1.043347 -0.267635 0.551328
-0.493765 -1.025966 0.147859
0.501633 -0.719694 0.486484
0.015477 -0.891492 0.136853
-0.124201 0.072760 -0.445556
0.138919 -1.375932 0.151659
0.152710 -0.865027 0.033763
0.567665 -1.067507 0.100537
0.803526 -0.773793 -0.058614
0.701662 -1.282469 0.021951
0.621136 -1.021296 0.044560
0.577437 -0.632437 0.466081
0.045759 -1.528933 0.131689
0.109485 -0.637121 -0.436045
0.012307 -0.373048 0.414403
-0.049410 -0.996418 0.245998
0.292741 -0.967927 0.300448
0.500472 -1.224095 -0.370471
0.143739 -1.277968 0.555526
0.017421 -0.746046 0.457056
-0.085513 -0.653480 0.373733
0.280243 -0.229854 0.735838
0.021445 0.145796 0.258930
0.759902 -0.631226 -0.386827
1.372559 -0.672624 0.073965
-0.044676 -0.980709 0.496965
0.803131 -1.090497 0.300307
0.401807 -1.082939 0.212383
0.194314 0.297152 -0.315595
1.136301 -0.400162 -0.176036
0.361211 0.246817 0.396971
0.155335 -1.365329 0.113563
0.443300 -0.991243 0.035883
0.947947 -1.219210 -0.097641
0.746040 -0.050948 -0.494637
-0.046250 -0.545691 0.220164
0.331135 -1.318697 0.262079
0.753683 -0.902342 0.052657
0.217867 -0.776768 -0.342258
0.985616 -1.262106 0.581445
1.360506 -0.602366 -0.175630
0.629291 -0.547241 -0.185772
0.502218 0.203511 -0.020485
0.059200 -0.310229 0.455299
0.232383 -0.633496 0.412026
0.178383 -0.703781 0.462333
0.126138 -0.682180 0.308690
0.083079 -0.509068 0.385608
0.097580 -0.633056 0.335463
-0.227198 -0.532282 0.219476
0.188302 -0.946263 0.399361
0.160439 -0.404507 0.512946
0.512328 -0.521096 -0.042279
0.401076 -1.030580 0.441369
0.107938 -0.779602 0.637165
-0.073097 -0.339849 0.237241
0.251097 -0.765706 0.215281
0.422718 -0.583222 0.374514
0.646931 -0.694038 -0.310263
-0.030339 -0.438657 0.288330
0.009398 -0.571845 0.414694
0.103241 -0.542560 0.453668
0.010647 -0.544452 0.369542
0.058357 -0.677876 0.235143
0.212506 -0.687514 0.353556
0.019271 -0.877760 0.177776
0.053459 -0.438062 0.374775
0.215308 -0.576665 0.171675
0.249915 -0.786470 0.405478
0.236564 -0.887515 0.159886
0.044813 -0.692194 0.086332
0.206695 -1.099489 0.546130
