0.663467 -0.589185 0.278260
0.322299 -0.455162 0.475977
-0.518837 -0.639679 0.727985
0.352909 -0.666566 0.018518
0.558267 -1.624180 0.780212
0.387640 -0.719138 0.544113
-0.262609 -1.227583 -0.036635
-0.259121 0.112850 -0.063670
0.365375 -0.055911 -0.177182
0.228398 -0.460462 0.039148
0.819530 0.605398 -1.184688
-0.455417 0.637733 -0.403231
0.454857 0.314228 -0.183179
-0.175320 -0.386600 -0.278577
0.589781 -0.025079 -0.207289
0.251859 -0.186041 0.845266
0.951718 0.217675 0.113375
0.259810 -1.323350 0.942977
0.464948 -1.123743 0.946874
0.768755 -0.024784 -0.531829
-0.142572 -0.634559 0.460531
-0.007660 -0.185800 0.556314
-0.245845 0.287226 0.501317
0.392855 -0.858023 -0.052285
0.417248 -0.099009 0.387033
0.125991 -1.064149 0.161430
0.224295 -0.529778 0.208892
0.072789 -0.737094 0.183127
-0.168798 -0.071270 -0.391331
0.023549 -0.541975 -0.208025
0.140735 -1.384434 -0.189642
0.484469 -1.454213 0.087253
0.343675 -0.651108 0.279861
0.798780 -0.464641 -0.276121
0.413584 -0.148448 -0.403648
-0.380402 -1.170004 0.227406
0.651948 -0.905828 0.209764
0.750804 -0.524419 -0.167975
0.956548 0.101482 0.144090
0.040698 -0.265830 0.317582
0.821725 -0.052542 -0.206911
-0.033795 -1.256178 -0.158136
1.039143 -0.497853 -0.368319
-0.378487 -1.175928 0.528197
0.224514 -0.364091 0.888209
0.909783 -0.071587 -0.447833
-0.203423 -0.247812 0.311666
0.148800 -0.686601 0.655131
0.432225 -0.652850 0.594812
0.190078 0.743960 0.314883
0.026836 0.208600 0.040276
-0.482738 0.147116 0.475226
0.382448 0.345869 0.793150
0.216784 -0.243542 0.471084
-0.060679 0.502033 -0.122392
0.156373 -1.334932 0.271630
0.417248 -0.099009 0.387033
0.225841 0.064407 0.521408
0.530338 0.041695 0.479054
0.725393 -0.132958 0.546696
0.395722 -0.969023 0.067284
0.281101 -0.601443 -0.076007
0.294046 0.129930 0.928110
0.568598 -0.340608 0.282945
0.150538 0.941836 0.401728
0.239822 -0.542740 -0.552005
-0.133941 -1.882813 0.595105
0.202524 -1.582862 0.184322
0.465017 -1.481309 0.220568
-0.298953 0.407480 0.017058
0.342051 -0.115281 -0.318355
-0.159395 -0.337117 -0.086808
0.128447 -0.411128 0.199962
0.353574 0.260549 0.494800
0.502074 0.499997 -0.343233
0.263845 0.168250 0.318183
0.413299 0.243207 0.126855
0.250255 -0.117849 -0.506778
0.166453 -0.306530 0.253139
0.249671 0.156996 0.306138
0.507115 -0.283883 -0.002960
0.306800 -0.384372 0.472116
0.262598 -0.775307 0.554306
0.114801 -0.787179 0.420973
-0.000772 -0.557018 0.336825
0.316775 -0.166976 -0.048333
0.291355 -0.264585 0.259511
0.155813 -1.102988 0.177568
0.001815 -0.643705 0.260637
0.017159 -0.754461 0.199258
0.287978 -0.625711 0.439956
-0.094665 -0.333076 0.276965
0.344055 -0.840220 0.500005
0.249714 -0.665753 0.483542
0.101699 -0.604781 0.491325
