0.127033 -0.104103 -0.123676
0.182605 -1.243405 0.103072
0.403630 -0.385883 -0.140927
0.769026 -0.352772 -0.126127
0.879772 0.388019 -0.478124
0.541670 -1.071084 0.383605
0.112075 -0.347106 0.546767
0.209511 -1.257274 0.181132
-0.132796 -1.419968 0.267994
0.766214 -0.380595 0.282971
0.613526 0.042662 -0.172958
-0.250776 -1.535422 0.588791
-0.119387 -0.649814 -0.299936
-0.362916 -0.860990 -0.155511
0.234574 0.423176 -0.142753
0.763068 -0.467014 0.320291
0.696242 -0.573158 0.283373
0.558768 -0.403423 0.509485
0.671566 -0.490625 0.138694
0.045868 -0.455787 0.419184
0.162055 0.470476 0.544837
-0.195620 -0.781271 0.223283
0.015158 -0.233276 0.148250
0.593249 -1.197153 0.389541
0.176652 0.143511 -0.108901
0.116939 0.131196 0.759478
-0.144489 0.532357 0.429899
0.832871 -0.857600 0.107235
0.236383 -0.371581 0.636903
-0.651013 0.632783 -0.404275
-0.325955 -0.245743 0.711469
0.537687 0.393098 0.512361
0.218598 -0.360252 0.511059
-0.026841 0.257086 0.315591
0.820377 0.234392 -0.609650
0.021141 -0.050375 -0.190564
-0.285519 -0.832047 0.287654
-0.305408 -0.806108 0.663266
0.704113 -1.097437 0.852121
0.610780 -0.179143 0.144013
0.161351 -0.579330 0.565874
0.401143 -0.266563 0.267460
-0.103382 -0.001717 0.465403
0.345873 -0.764752 -0.059068
0.494566 -0.430442 0.151209
0.027630 -0.128868 0.897083
-0.069860 -0.461635 0.281025
0.024679 -0.689431 -0.188198
0.016564 0.009124 -0.333150
0.810099 -0.635822 -0.532105
0.507215 -1.176140 0.594797
-0.237772 -0.422324 0.632783
-0.029091 -0.417262 0.347555
0.003884 -1.318405 0.387386
0.010611 -0.211359 0.080039
0.585023 -0.331425 -0.461602
0.707322 -0.279666 0.348397
0.147383 -0.275263 0.542331
0.331593 -0.570286 -0.278076
0.323339 0.037535 -0.216642
-0.075661 -0.798854 0.387667
-0.084614 0.253812 0.530873
1.138807 -1.401202 0.406449
-0.823389 -1.160707 0.292256
0.738546 -0.571083 -0.418266
0.493899 -0.432964 1.067162
-0.019639 0.095027 0.096923
0.632290 -0.122500 -0.284425
0.588087 -1.255805 0.205454
1.323092 -1.127719 0.018740
0.645419 -0.440711 -0.192156
-0.001138 -0.707579 0.469294
0.891506 -0.334195 -0.323763
0.901183 -0.490643 -0.044726
-0.202090 0.059019 0.362444
0.269115 -0.522178 -0.175315
0.634754 0.293367 -0.641823
0.655430 -0.079270 0.469302
-0.532776 -1.099722 -0.239897
0.212007 -0.443102 0.455713
0.018462 -0.060402 0.748932
0.495459 -0.655931 0.169770
0.316467 -1.640447 -0.199509
0.435650 -1.382676 0.372953
0.565181 0.198190 0.927267
0.161193 -1.358129 0.451512
0.432136 0.256494 0.502941
0.782951 -0.731102 0.423975
0.373145 0.276618 0.628873
0.937749 0.064465 0.719558
0.354788 0.503613 0.208663
0.551727 -0.156294 0.727742
0.494545 0.062479 0.548672
-0.030206 0.109361 0.548168
0.510240 0.565839 -0.144034
0.104999 -0.191778 0.488164
0.416601 -0.115372 0.594525
0.270410 0.497602 -0.120997
-0.064258 0.178111 0.492119
0.760474 -0.337463 -0.202862
0.668580 -0.172466 -0.354967
0.624855 -0.258173 -0.053119
-0.029264 -0.067780 0.602094
-0.282850 -0.072134 0.443680
-1.116010 -0.041873 0.032686
0.531768 -0.455819 0.313812
-0.563228 -0.663831 -1.129075
0.417108 -0.016320 -0.451648
-0.460497 -0.399185 -0.290746
0.511889 -0.266335 -0.424299
0.297500 -1.372401 0.217083
1.098511 -0.798937 0.315264
0.529368 -0.622662 0.289526
0.107774 -1.234970 0.289442
-0.224162 -0.229769 0.327547
-0.010075 -0.155878 0.392797
0.314647 0.083107 0.195058
0.152206 -0.795345 0.617367
-0.286246 -0.466448 0.558553
0.432141 -0.937539 0.453373
0.015865 -0.161941 0.449152
0.022446 0.754777 0.188106
0.278205 0.253424 -0.283983
-0.217313 -1.546533 0.256624
0.757523 -0.054202 -0.288706
-0.051784 -1.388837 0.050053
0.071795 -0.683254 0.571446
0.065819 0.432816 -0.310285
-0.041751 -1.414479 -0.363922
0.302316 -0.500871 0.550156
1.050907 -0.342415 0.271922
0.531489 -0.734212 0.131695
-0.080531 -0.519236 0.742500
0.148963 0.081691 0.027807
0.228276 -0.631346 0.687827
-0.000097 -0.374892 0.222131
-0.237811 -0.140496 0.097152
0.158436 0.477078 0.023598
0.426943 -1.295789 0.919870
0.326812 -0.515512 0.174165
0.555302 -1.205472 0.296709
-0.119387 -0.649814 -0.299936
0.275854 -0.630961 -0.872710
0.342927 -0.819031 -0.075266
0.865800 -1.024369 -0.281488
0.335271 -0.464824 -0.435229
0.600526 -0.447320 -0.345816
-0.527765 -0.335956 -0.325893
-0.054495 0.390621 -0.284170
0.183992 -0.478791 0.329687
0.163129 -0.550309 0.486895
0.403612 -0.794819 0.609160
-0.388305 -0.303150 0.179001
-0.086474 -0.689867 0.148225
0.118014 -0.036115 0.112552
0.312047 -1.031542 0.483215
0.447131 -1.008760 0.582262
0.182499 -0.722248 0.423029
0.111540 -0.841526 0.216058
0.181336 -0.729797 -0.102714
-0.369949 -0.413911 -0.322500
0.334365 -0.835152 0.758580
0.099601 -0.878581 0.295447
0.096228 -0.548347 0.230295
0.101794 -1.028866 0.361994
0.197120 -1.129729 0.323821
0.143815 -0.996225 0.109104
0.179887 -0.998350 0.216656
-0.065911 -0.437440 0.298086
0.149516 -0.731274 0.629159
0.723314 -0.361201 -1.033007
0.132195 -0.420654 0.286924
-0.125086 -0.567839 0.137941
0.678347 -0.406789 0.419704
-0.366107 -0.475568 -0.098796
0.409746 -0.107415 -0.020622
-0.042434 -0.583406 0.270593
-0.084983 -0.452723 0.364406
