1.256178 -0.146207 -0.405449
0.231614 -1.633573 0.657682
0.913926 -0.560684 0.002209
0.274752 -0.690346 0.626390
0.166611 -1.309846 0.417526
-0.786169 -2.070877 0.894159
0.201170 -1.396856 -0.040936
0.580482 -0.451343 -0.355018
-0.187569 -0.026632 0.590961
0.451214 -0.197208 -0.566918
0.694286 0.028738 1.018391
0.341378 -0.910900 -0.180924
-0.287696 -0.473198 -0.054767
0.297687 0.421817 0.563819
0.544638 0.280264 -0.305189
0.962286 -0.096894 -0.745800
0.296416 -0.075536 0.578320
0.388343 -1.058580 0.666074
0.445969 -0.565756 0.383565
0.574544 -0.906636 0.493695
0.583208 -0.243822 0.678165
-0.088500 -1.229920 0.463561
0.602319 -0.772659 0.456123
0.068831 0.602358 0.666109
-0.094659 -0.682894 1.008208
0.383230 -0.277274 0.623476
0.389473 0.286585 -0.707204
0.557148 -0.523855 -0.682384
-0.451389 -0.789248 -0.192128
-0.322163 -0.918259 -0.134938
0.257811 -0.125005 0.467240
-0.150408 0.194653 -0.549846
-0.576695 -0.485919 0.124981
0.601251 -2.050021 0.044945
0.626500 -1.088204 0.089612
-0.267915 -0.716017 0.292021
0.013428 -1.274286 0.380879
0.575357 -1.397632 0.529233
0.869799 -1.729284 0.426170
0.759811 -0.970955 0.049962
0.074326 -0.882405 0.613957
0.234243 -0.759311 0.382906
0.111824 -0.964491 0.632974
1.061192 -1.199359 -0.020192
0.595967 -0.912484 -0.042658
0.972835 -0.805087 -0.301426
-0.026382 -0.740128 -0.385868
0.584728 -0.897843 -0.338969
0.199244 -0.117535 -0.525456
-0.083360 -0.943124 0.314716
-0.009742 -0.496325 -0.762919
-0.506681 -0.630227 0.252823
0.763457 -0.218992 -0.379019
0.737402 -0.515853 0.007990
0.500601 -0.555302 -0.011919
0.338041 -0.522193 0.196351
-0.653927 -0.619251 0.109013
1.032177 -0.809636 -0.396974
-0.117979 -1.054080 -0.135055
0.274430 -0.521672 0.642156
0.655924 -0.413772 0.501500
0.366584 -0.654176 -0.133160
0.527369 -1.083686 0.367139
0.355316 -0.705621 0.526765
0.012189 -0.554739 -0.469905
0.505174 -0.609775 0.048052
0.637673 -1.109645 -0.255696
-0.257488 -1.539186 0.287516
0.818081 -1.023991 0.426853
0.973843 -0.990491 -0.035133
0.841519 0.598593 -0.724466
-0.384658 -1.637898 -0.127673
0.466842 0.187569 -0.049900
0.380504 -0.862826 -0.006045
0.542746 -0.976509 -0.213866
0.215898 0.477646 0.137267
0.667181 -0.522793 0.059080
0.708768 -0.157918 -0.194706
0.861853 -0.655588 -0.198875
-0.209806 -0.813891 -0.493927
0.348123 -0.240552 -0.104702
-0.197015 -0.257156 0.531091
-0.471532 0.196453 -0.458422
0.561674 -0.531054 0.835086
0.213407 -1.002771 0.698645
-0.069795 0.096213 0.340706
0.658105 0.894164 0.341184
0.299814 0.183201 0.679407
0.909657 -0.791706 0.570121
0.768302 -0.296700 0.448895
0.643089 0.057992 1.247200
0.445173 0.532563 0.565099
-0.158489 -0.151892 0.579542
-0.267915 -0.716017 0.292021
0.180191 -0.696023 -0.251835
0.357554 -0.548683 0.761865
0.853665 -0.570939 -0.178176
0.295384 -0.968961 0.058241
0.165355 -1.231839 0.436306
0.752814 -0.445374 0.278558
-0.076829 -0.387248 -0.199826
0.311177 0.065952 -0.435337
0.135897 -0.895764 0.190286
-0.477268 -0.844164 1.501165
0.845496 -0.000759 0.856099
0.840009 -0.849781 1.058378
1.041309 -0.617776 1.023984
0.606452 -0.301587 -0.002021
0.423225 -1.111730 0.499543
-0.055013 -0.867219 0.653065
-0.112803 0.648787 0.605444
0.218500 -0.333503 0.393459
-0.094330 -0.346267 0.413062
0.943528 0.420581 0.077592
-0.009617 -0.175206 0.726599
0.206969 -0.655785 0.261535
0.270867 -0.927527 0.294255
-0.031095 -0.881406 0.606423
-0.008340 -0.305886 0.091792
0.195844 -0.656808 0.394248
0.087731 -0.041086 -0.326283
0.324104 -0.563054 -0.447172
0.109066 -0.696987 -0.121288
0.129133 -0.624346 0.499811
0.551865 -0.629674 0.547952
0.337591 -0.919765 0.475754
0.192574 -0.803716 0.270181
0.373437 -0.802219 0.234520
0.371389 -0.615909 -0.028987
-0.606136 -0.344675 0.248439
-0.010203 -0.544714 0.691010
-0.093223 -0.610745 0.076382
0.205280 -0.360155 0.464691
-0.327025 -0.331174 -0.043875
-0.297582 -0.287229 -0.337687
