0.457765 -0.654634 0.378023
1.107291 -0.450707 0.164182
0.135153 -1.506041 -0.251615
-0.157799 -1.404429 0.078843
0.230520 -0.430250 -0.189138
0.428996 -0.538324 -0.095703
-0.136789 -1.326233 -0.264899
0.064303 -0.204967 0.258852
0.124024 -0.924070 0.424795
0.736117 -0.387236 -0.162567
0.213793 -1.414637 -0.074066
0.177678 0.994577 -0.710490
0.242017 -0.828139 -0.009751
0.105456 -0.265455 0.643311
0.150694 -1.457499 -0.169930
0.921730 -0.558303 -0.486531
-0.156125 0.417548 -0.460151
0.249379 -0.230563 -0.264938
0.077777 -0.477253 0.464358
1.083525 -1.385975 -0.263856
-0.460507 -0.518124 -0.336380
0.376671 -0.985077 0.111321
-0.554626 -0.700551 0.313639
-0.307370 -0.936478 0.298675
0.197032 -0.307284 0.183074
-0.555088 -0.690162 0.203272
0.012167 -0.003050 0.603615
-0.076274 -1.344046 0.366358
0.631074 -0.892933 -0.105898
-0.032917 -1.734246 0.091565
0.140518 -1.200791 0.432775
0.386529 -0.527775 0.091191
0.007359 -0.478204 0.193196
0.496244 -0.817403 -0.678979
0.133439 -1.418170 0.175395
0.741558 -0.977191 0.265925
0.416638 -0.695443 -0.037980
0.870595 -0.753668 0.201548
0.113761 -0.743281 0.444972
-0.263809 -1.424189 0.570877
0.456496 -1.092868 0.077157
0.558921 -1.098467 0.028323
0.992988 -0.832066 1.269265
0.533363 -0.363527 -0.541562
0.604714 -0.279500 -0.556592
0.544900 -1.458068 0.198959
0.173438 -1.632438 0.428759
-0.040326 -1.176275 -0.305315
0.222175 -1.288966 -0.204743
-0.538974 -1.825111 0.605362
0.635768 -0.128538 -0.432008
-0.070180 -1.386876 -0.312075
0.616491 -0.057713 0.975083
0.592960 -1.076523 -0.184144
-0.289868 0.611469 1.239278
0.181099 -0.524446 -0.598439
-0.021427 -0.717224 -0.435095
0.583679 -1.248150 -0.268761
0.168656 -1.147784 0.685305
0.532356 -0.236693 0.624530
-0.277052 -0.607056 -0.574967
0.375811 -0.833495 0.203158
0.389538 -1.693002 0.142373
0.921558 -0.877098 -0.166702
-0.669423 -1.085377 -0.551767
0.834960 -0.979165 -0.019969
0.598121 0.081109 -0.117835
0.932357 0.542708 -0.481030
0.850013 -0.611500 -0.304065
-0.313070 -0.411879 -0.158221
0.345901 -0.398900 -0.206623
0.527425 -1.489272 0.514141
0.630757 -1.557145 0.280638
0.394535 -0.198135 0.227153
-0.392171 -0.400715 0.606061
-0.096409 -1.204509 0.105317
0.767383 -0.413396 -0.354124
0.157197 -0.097990 0.774106
-0.809193 -0.738848 0.154988
0.588553 -0.659897 -0.087187
0.355198 -0.084282 -0.375568
0.065270 -1.352245 -0.257742
-0.045584 -1.884965 0.080002
0.718693 -1.075728 -0.609738
0.085491 -0.086955 -0.011369
0.808436 -0.949343 0.384302
-0.078766 -0.921902 0.144148
0.222403 -1.234612 0.049507
0.458877 0.062107 -0.082376
0.015876 0.220547 0.632003
0.525500 -0.153804 0.287505
0.285010 0.142054 1.000099
0.170792 0.388328 0.537368
0.369056 -0.017598 0.115092
0.243670 -1.047572 -0.105844
0.517088 -0.251744 1.010979
0.422869 0.572485 0.454900
0.532356 -0.236693 0.624530
-0.648065 -0.779170 0.173580
0.720418 -1.769844 0.414604
0.687144 -0.766229 0.622083
1.012997 0.315710 0.059017
-0.648565 -0.425981 0.392124
0.891510 -0.887988 0.302903
0.156891 -0.150346 1.080201
-0.060023 -1.666126 0.740678
0.330987 -0.897582 0.061144
0.694097 -0.968592 0.811406
0.225879 -1.553409 0.032401
0.384169 0.175709 0.395005
0.058785 -0.015915 0.679716
0.159022 0.439138 -0.275045
0.065482 -0.029613 0.209423
0.684500 0.447220 -0.250676
-0.419161 -0.079671 0.120290
0.185662 0.791230 -0.219596
0.250055 -0.653240 0.962233
0.175404 0.390924 -0.536683
-0.036013 0.194925 0.187724
0.247168 -0.770891 0.493825
-0.005470 -0.092983 0.434971
-0.093502 -0.219031 0.068093
-0.025778 -0.504976 0.759572
0.266378 -0.398713 0.376704
-0.072599 -0.507220 0.499145
0.012777 0.198579 0.100144
-0.499896 0.275041 0.074268
-0.346048 0.493837 0.218790
-0.199680 -0.058822 0.349509
0.269642 -0.798855 0.923006
0.302299 0.100790 0.711853
0.125485 0.537198 0.484469
-0.228914 0.015606 0.406462
0.393698 0.098143 0.636860
0.492775 -0.638834 0.788441
0.411902 -1.960742 0.615551
0.512555 -0.367080 1.165049
0.204088 0.115768 0.606727
0.179852 -0.103967 1.081807
0.093866 -0.676893 -0.280849
0.139969 -0.411921 0.721052
-0.010473 0.189121 -0.112570
0.098732 -0.169632 0.862723
0.187042 -0.068007 0.879475
-0.199181 -0.002077 0.064439
0.081277 0.330007 0.163462
0.004158 -0.793482 -0.151978
1.498913 0.216061 -1.082820
0.220618 0.110526 -0.532498
0.434629 0.137760 0.595796
0.190449 -0.623173 0.155854
-0.243939 -1.050692 -0.543775
0.244072 0.581306 0.340043
0.557398 -0.104660 0.105716
0.235903 -0.381260 0.117439
0.447305 0.114530 -0.078756
0.635089 0.722316 0.348656
-0.585421 -0.919851 0.241453
0.157734 -0.732786 0.424889
0.122408 -0.894320 -0.320936
0.025216 -1.298345 0.436400
0.207304 -1.091072 -0.087344
0.063753 -0.611970 -0.236098
0.372468 -0.772928 0.294048
-0.190069 -0.737394 0.566262
0.351301 -0.841422 0.551347
0.353609 -1.080304 0.348154
0.394917 -0.829152 0.493238
0.254363 -0.892632 0.437500
0.339264 -0.084284 0.174245
0.178234 -0.902497 0.223450
-0.044615 -0.464482 -0.248006
0.183618 -0.005534 0.096520
0.372686 -1.132116 0.321013
0.462011 -0.877531 0.232907
0.108770 -0.813029 0.315851
0.456980 -0.854017 0.559735
0.196873 -0.877481 0.400441
-0.358791 -0.712563 0.622984
-0.046528 -0.485936 0.243777
0.091663 -0.653300 0.295875
0.268306 -0.794766 0.496212
-0.306849 -0.415228 -0.186712
0.101649 -0.948647 0.190874
-0.108841 -0.685311 0.188142
0.173514 -0.756265 0.351860
0.166218 -0.726260 0.299455
0.078364 -0.680894 0.212101
-0.003170 -0.785221 0.282204
0.239450 -1.071038 0.324358
-0.602743 -1.479708 0.398728
0.143044 -0.638453 0.197904
0.361551 -0.753149 -0.015241
-0.277990 -0.194271 0.110825
0.076688 -0.350989 -0.013509
-0.013036 -0.481548 0.000803
-0.667410 -0.557821 0.108413
0.009013 -0.439963 0.392018
0.090809 -0.693134 0.370226
