0.741535 -0.015362 -0.197047
-0.800971 -0.640325 0.240811
-0.007712 -1.387338 0.442500
0.514277 -0.886547 0.476201
0.905037 -0.592740 0.463100
-0.009298 -0.501821 0.797831
-0.364069 -0.112195 -0.034750
0.001376 -0.908792 0.471686
-0.311043 0.311210 0.182082
0.279669 0.169282 0.012596
-0.040173 0.191375 0.138371
0.285202 -1.086456 0.367214
-0.033158 -0.231595 0.164098
-0.479779 -0.755195 0.246484
0.699617 -0.230540 -0.098577
0.946036 -1.038213 0.311297
-0.174204 -0.925738 0.106014
0.566903 -0.169592 -0.590310
0.440343 -0.885240 0.383425
0.097639 -0.889645 0.051082
0.383513 -0.514327 0.296706
0.892888 -0.573442 0.100970
-0.896297 -0.528623 -0.368961
0.376988 -1.608667 0.204540
0.344016 -0.054701 -0.414422
0.765143 -1.102432 -0.289742
-0.362838 -0.105586 0.277356
0.299327 -0.545869 0.450437
0.098073 -0.617086 -0.134912
-0.324171 -0.123132 0.045816
0.061912 -0.197213 -0.140508
0.486145 0.503410 -0.368634
0.147218 -0.386640 -0.923055
-0.160144 -0.856278 0.318882
1.355340 -0.113657 0.029000
-0.152129 -0.752394 -0.214789
0.260326 -0.542633 -0.599376
0.791510 -0.406840 -0.639889
-0.109082 -0.494984 -0.789736
1.253868 -1.036988 0.124927
0.878278 -0.687758 0.163178
0.313437 -0.433237 0.378337
0.600537 -0.282499 0.078364
0.741521 -0.132591 0.039260
0.901137 -0.582901 0.090846
1.027818 -0.723433 0.297427
0.399907 -1.610200 0.198314
-0.388378 -0.775878 -0.137685
-0.580083 -0.435881 -0.846583
0.201897 -0.278944 0.270891
0.264827 -0.745172 0.254035
0.920963 -1.344220 0.095291
0.898502 -1.156704 0.071240
0.947751 -1.318196 -0.024505
0.320580 -1.085939 0.483593
0.670222 -1.134812 0.039574
-0.004522 -1.515557 0.647717
0.765409 -0.791570 0.110190
0.482565 -1.552010 0.013607
-0.189296 -0.062702 0.139255
0.829158 0.377225 -0.005796
0.487873 -0.051981 0.871538
0.244553 -1.010360 0.229357
0.294316 -1.502236 0.036620
0.125486 -0.149477 -0.613834
-0.278747 -0.328355 0.233055
0.052559 -0.036730 0.397704
0.402862 -0.296958 0.335977
0.287813 -0.194060 -0.312043
-0.527078 -0.390670 0.807632
0.023044 -1.293172 0.756406
0.291877 -0.830254 0.482548
0.448514 -0.123151 0.989265
0.446389 -0.476364 -0.073227
0.042782 -0.618728 0.893372
0.326064 -0.383154 0.020415
-0.099986 -0.827364 0.605742
0.198848 -0.172941 0.316445
1.087846 -0.565780 0.356101
0.671501 -0.296942 0.094176
0.480195 -0.332942 0.106478
0.570801 -0.573743 -0.146048
0.359757 -0.503283 -0.052834
0.569795 -0.695572 0.023540
0.690409 0.352397 -0.193491
0.010075 -0.641803 0.353709
-0.377333 -0.784250 1.046718
0.034582 -0.886535 0.169111
0.447856 -0.698638 -0.127396
0.802090 -0.760302 0.465111
-0.294259 -0.667327 0.417249
0.313437 -0.433237 0.378337
0.312946 -0.136585 0.127858
0.639707 -0.807017 0.240313
0.346947 -0.228930 -0.156639
0.892898 0.546897 -0.426643
0.838027 0.505564 -0.168687
0.438568 0.039019 -0.005651
0.160873 -0.813201 0.245347
0.246558 -0.030145 0.397033
0.618621 -0.746211 0.900492
-0.012279 -0.713237 0.401366
0.649183 -0.253565 -0.509634
0.466536 0.121093 0.312251
0.250625 -0.307622 -0.047288
-0.398130 -0.478555 0.392512
0.999753 0.291633 0.925024
0.415915 0.107593 0.711482
0.473784 0.120635 0.315263
0.748041 0.480385 -0.199360
-0.256002 0.050767 0.679963
0.063696 -0.671480 0.585804
0.869079 -0.598118 0.731405
0.591168 0.036178 0.218265
0.257533 -0.282280 0.467351
0.146839 0.020013 0.596823
0.392821 -0.748970 0.362080
0.323819 -0.056292 -0.355433
0.865219 -0.244566 -0.734868
1.125586 -0.648110 -0.443473
0.710037 0.286754 0.573818
0.467567 -0.309997 0.665033
-0.041614 -1.901689 0.751839
0.958619 -1.387025 -0.095810
-0.224647 -0.917228 0.259658
0.267020 -0.252202 -0.222164
-0.577272 -1.093902 -0.134088
-0.728081 -1.030712 -0.427251
0.228705 -0.885198 -0.298231
-0.346023 -1.318080 -0.183952
0.537778 -1.464460 0.049845
-0.248836 -1.419711 -0.369590
0.216123 -0.718413 0.393979
0.306464 -1.383608 0.128624
0.838302 -1.553910 0.532820
0.710623 -1.201936 0.071885
0.574252 -1.000983 0.206453
0.510278 -0.486157 -0.079959
0.387482 -1.804012 -0.098021
0.841823 -1.301217 0.283332
0.509536 -1.139176 -0.310704
0.623387 -1.288476 0.415277
0.690630 -0.925836 -0.180025
-0.273145 -1.538865 0.032392
-0.668418 0.059683 -0.115883
0.765409 -0.791570 0.110190
0.088481 -0.731473 0.071546
0.361298 -0.489966 0.709584
0.123906 -0.953293 0.155148
0.276615 -0.946166 0.475031
0.294441 -0.854140 0.402978
0.044345 -0.627870 0.394965
0.286972 -0.845286 0.486026
0.365247 -0.817406 0.170295
0.376507 -0.892329 0.664752
0.061906 -0.714733 0.343743
0.073813 -0.895107 0.082946
-0.058219 -0.544587 0.199750
-0.573666 0.030278 -0.200724
-0.094591 -0.446984 0.123484
0.605349 -0.855252 0.354093
0.415228 -0.144618 0.361801
-0.200263 -0.078017 0.030123
-0.150004 -0.361509 0.203242
-0.143520 -0.403788 0.185672
-0.079475 -0.428564 0.358969
0.093747 -0.295457 0.185170
-0.262639 -1.002359 0.590212
0.130278 -0.491595 0.169449
0.043118 -0.485542 0.119571
-0.247964 -0.368454 0.090574
0.220868 -0.970759 0.378563
-0.258946 -0.064775 0.075445
0.163208 -1.040558 0.052476
-0.289671 -0.238105 0.353821
0.023827 -0.790343 0.105877
-0.058599 -0.920974 0.095402
0.423551 0.721205 -0.278282
-0.122615 -0.265437 0.355140
0.956937 -0.268427 0.337812
-0.174155 -0.641544 -0.066936
0.161085 -0.501372 0.491794
0.030202 -0.226979 0.253661
