0.854460 -0.977380 0.123465
0.371717 -1.322801 0.503465
0.219174 -0.694927 0.586377
-0.080631 -0.866100 0.567895
0.272752 0.366007 -0.090502
0.031188 0.301635 0.123834
0.472299 0.203888 0.167982
-0.104204 -0.008510 0.193902
-0.397529 -0.553074 0.085176
0.686862 0.154131 0.286140
0.188002 -1.098727 -0.799915
1.017468 -0.814082 -0.388490
-0.049190 -0.166775 -0.046358
0.392542 -0.198241 0.675340
-0.005689 -0.356689 0.109622
-0.567421 -0.533364 0.438548
0.384278 1.256387 0.097832
-0.610997 0.800120 -0.179698
0.032728 -1.599537 -0.381981
0.408060 -1.110058 0.779146
-0.001916 -0.067709 0.644616
0.070998 -0.178290 0.610995
0.532334 -0.447922 0.600873
0.270494 0.107737 0.239625
0.942136 -0.178365 1.165154
0.103795 0.078757 0.802335
0.297522 0.590927 0.446528
0.617748 0.496645 -0.141344
0.254157 -0.051939 0.498552
0.860827 -1.694480 0.394309
0.831464 -0.296503 0.160516
0.513767 -0.040378 0.902814
-0.151249 0.040728 0.537620
0.031435 -0.820592 0.401155
0.137394 -0.501423 0.764981
0.507199 -0.351917 0.355372
0.318488 -1.025633 -0.384080
0.508776 -0.664953 0.196704
0.460057 -1.070926 0.125220
0.375801 -0.320089 0.171894
0.311565 -0.965328 0.160333
0.705472 -0.361507 1.300632
-0.100768 0.277022 0.554943
0.005058 -1.595441 -0.296692
-0.676744 -1.563538 -0.628781
0.882770 0.469947 0.600833
-0.031944 0.777147 -0.382545
1.337344 -0.660027 0.645001
0.268035 -0.362606 -0.507796
0.244502 0.003993 0.821362
-0.216170 0.191570 0.377981
0.369232 -0.231426 -0.447977
0.487861 -0.385273 0.501710
0.380462 -0.039516 0.601552
-0.432010 -0.599971 0.493697
0.296915 -0.836798 0.755964
-0.256972 -0.364666 0.140003
0.391729 -0.272082 0.883539
0.543340 -0.914718 0.104917
0.745010 -0.949427 0.696601
0.617972 -1.258122 1.072219
0.682188 -0.475996 0.370294
0.547889 -0.075841 -0.143717
0.873263 -0.730456 -0.161778
0.311877 -0.223381 0.543373
-0.547680 0.007018 -0.319412
0.371241 -0.769554 0.137585
0.628998 -1.038715 0.025299
0.354061 -0.262952 0.396352
0.803902 0.032936 -0.099780
1.152913 -0.214798 -0.130551
0.529811 -1.302964 -0.347026
0.535763 -0.943548 0.346952
-0.406618 -0.468955 -0.214517
0.630078 -0.300498 0.293264
-0.826112 -1.025265 0.258744
0.547928 -0.510488 0.002446
0.323064 -0.375069 0.679303
-0.018756 -0.873445 0.094670
1.360432 -0.706557 -0.451925
0.520222 0.435227 -0.038806
0.140587 -0.924585 0.048586
-0.190208 -1.823479 0.563184
-0.010351 -0.902866 -0.346817
-0.567875 -0.708851 0.496468
0.161325 0.129911 -0.490449
0.295503 -1.318542 -0.226728
0.039263 -1.217746 0.508521
0.651352 -0.981513 -0.183975
0.917994 -0.855355 -0.145746
0.551421 -0.368123 -0.141044
-0.537533 -0.693722 -0.079900
0.234534 -0.992469 0.357745
0.483291 -1.051165 -0.171610
0.827812 -0.432103 -0.803953
-0.519350 -1.190539 -0.433671
1.001513 0.684684 0.163284
0.826409 -1.491929 0.589621
0.484140 -1.452428 0.016295
0.688330 -1.268384 0.352348
0.437642 -1.399222 -0.081592
0.781701 -0.742953 -0.331175
0.515653 0.099406 0.213999
0.459231 -0.642243 -0.347992
0.925678 -1.092412 -0.287145
0.442122 -0.426296 -0.134827
1.219269 -1.057774 -0.024517
1.169114 -1.727736 -0.276032
0.498930 -0.459967 0.602294
0.666278 -0.191369 0.462490
-0.102605 -0.726417 -0.408969
0.119965 -0.808824 -0.092811
0.313246 -1.456546 -0.215023
0.169309 -0.781030 -0.260963
0.771783 -1.023992 0.336460
1.194428 -1.274302 -0.056713
0.207093 -0.341938 -0.031381
0.951778 -1.297911 0.213133
0.336467 -0.783238 0.101861
0.185114 -0.689383 -0.034325
0.829834 -0.638081 0.276482
0.009239 -1.050515 0.571201
0.870918 -1.122491 -0.113873
1.070042 -1.056867 -0.132091
-0.351970 -0.725042 0.256176
0.718231 -1.404494 -0.259664
0.483735 -0.569646 0.436064
0.543340 -0.914718 0.104917
0.274327 -0.840418 -0.072563
0.839499 -0.973546 0.078192
-0.413557 0.036089 -0.275427
0.682372 -0.325997 -0.141548
0.501093 -0.412363 0.067234
-0.079851 -1.049909 -0.281610
0.024375 0.010875 -0.338450
0.875798 -0.846394 -0.161938
0.185234 -0.636438 -0.179248
0.440304 0.303665 -0.389415
0.591073 -1.023860 -0.205551
0.228381 -0.257054 -0.098170
-0.406618 -0.468955 -0.214517
0.625024 -1.057653 0.687639
0.255619 0.344224 0.386436
0.397046 0.288292 0.454122
0.327006 -0.045783 0.568693
0.576131 -0.594787 -0.650348
-0.294287 0.262013 0.590647
0.033811 -0.690673 0.308566
0.407448 0.324999 0.330441
0.294196 0.571801 0.158751
0.413448 0.358394 1.084377
0.291464 0.236514 0.980391
0.516199 0.002073 0.574763
0.014059 -0.514347 0.020879
-0.344410 -0.847789 -0.267729
0.359580 -0.955133 0.553272
0.923932 0.094009 -0.074679
0.612388 -0.652543 0.348008
0.062893 0.041693 0.690353
0.555257 -0.170783 0.709849
0.012773 -1.124903 0.461347
1.065917 -0.419617 0.232479
-0.141146 -0.183854 0.206409
0.134859 -0.803028 0.338126
-0.009365 -0.617781 0.176152
0.006874 -0.634674 0.551590
0.014220 -1.268591 0.595513
0.004786 -1.211085 0.435412
0.134082 -0.561267 0.515189
-0.086884 -0.549673 0.311259
0.267877 -0.893842 0.426961
0.359821 -0.583963 0.615169
0.158007 -0.565806 0.567196
-0.170990 -0.565114 -0.105293
0.091169 -0.777518 0.390270
-0.280082 -0.381798 0.079426
0.371148 -1.278208 0.521705
0.219482 -0.830979 0.341353
0.016795 -0.235943 -0.296359
0.168671 -0.994922 0.252422
0.053552 -0.428969 0.281563
0.216626 -0.188024 0.104503
0.012111 -0.517516 0.336025
