-0.258623 -1.549426 0.445167
0.839368 -0.394831 0.181205
0.519114 -0.261290 -0.102472
0.593860 0.256345 1.153976
0.147181 -0.530842 -0.139827
0.292608 -0.345744 -0.183268
0.156084 0.230547 0.650738
0.438340 -0.678157 0.143971
0.584397 0.052556 -0.348304
0.269824 0.079570 1.169925
0.019046 0.049725 0.367925
0.146357 -0.216366 0.286170
-0.110408 -0.534139 0.479969
0.336951 -0.367649 0.545664
0.739432 -0.210430 0.535102
0.593727 -0.383034 -0.159338
-0.151380 -0.547912 -0.226970
0.818403 -0.097938 0.482436
0.724193 -0.376805 -0.110907
0.336136 -0.123108 -0.279732
0.348723 -0.641654 -0.184316
0.463205 0.552203 0.564100
-0.048534 -0.675016 -0.239051
-0.106153 -0.556235 0.376136
0.294011 -0.011819 -0.127372
-0.108624 0.191735 -0.396883
0.225194 0.554782 1.131723
0.137751 -1.849452 0.069936
0.170721 -0.131173 0.084556
-0.313118 0.026674 0.053604
1.081678 -1.390407 0.810042
0.551421 -0.144736 -0.352670
0.288664 -0.290241 -0.704876
-0.095127 0.977540 0.902361
0.349223 -0.258116 0.332866
0.328691 -0.720194 0.212097
-0.141957 -0.852820 -0.587616
0.342119 -0.694494 0.305177
-0.527064 -0.659070 0.171125
0.560264 -1.399742 0.566015
0.156315 -0.463540 0.753503
0.023349 -0.757148 -0.289851
0.687722 -0.582980 -0.369845
0.211558 -0.376405 0.264474
0.564722 0.467764 0.547116
0.676725 -1.457134 0.524685
0.435890 -0.207110 -0.293036
0.280410 -0.171417 0.163373
0.915292 -0.243721 -0.963580
0.514245 -0.552029 -0.735272
0.188128 -0.376132 0.673581
0.236282 -0.415476 0.178914
0.184172 -0.242746 0.932345
-0.452064 -0.856000 0.182139
-0.299059 -1.122788 -0.440822
0.381076 0.262211 0.885488
-0.077850 -0.156296 -0.612385
0.125258 -0.189040 -0.494101
0.497566 -0.770109 -0.405566
0.452150 -0.318348 -0.345294
0.353800 -1.396342 0.337619
-0.432117 -0.685625 0.169334
1.222027 0.184393 -0.198429
0.254528 -0.688608 -0.272076
0.138100 -0.195197 -0.819302
0.199249 -0.185465 0.546023
0.169658 -1.230293 -0.106892
-0.042580 -1.064955 -0.191950
0.355174 -0.666763 0.809564
0.693526 -1.571678 0.301972
0.125750 -0.518546 0.492912
0.233560 -0.197703 0.062323
0.475643 -0.022061 -0.117922
-0.122518 -0.947259 0.093346
0.614375 -0.685470 -0.380335
0.795129 -1.327596 0.060645
0.565429 -0.034893 -0.019264
0.084374 0.299164 0.281380
0.041531 0.346244 0.747848
-0.227547 -0.056088 0.397350
1.084387 -0.547909 -0.598698
-0.223623 -0.186844 0.449785
0.971261 -1.232885 -0.348156
0.176466 -1.628491 0.237799
-0.001335 -0.164537 0.875090
-0.064909 -0.326628 0.789361
0.172060 -0.581896 0.073951
-0.235305 -1.156481 0.094333
0.979257 -0.174502 0.096922
-0.431668 -0.025466 0.446509
0.306636 -0.501123 0.199832
0.277935 0.156724 0.586863
0.333785 0.140317 0.224205
0.092447 0.650777 0.477142
0.024311 -0.358805 0.171307
-0.269152 -0.238128 0.274728
0.262016 -0.669969 -0.058697
0.423861 0.704656 0.376659
0.526330 -0.828591 0.475578
-0.164507 0.061881 0.335962
0.735002 -0.752458 0.055783
0.276141 -0.275130 0.149455
0.237812 -0.676607 0.152870
0.162735 -0.678547 0.329680
0.922877 -1.142791 0.276850
-0.246645 -0.940919 -0.057201
0.016296 0.073710 0.491718
-0.141636 -0.426588 0.733372
0.119917 0.613928 0.565154
0.301732 0.360462 0.111648
0.450317 0.708357 -0.031087
0.116826 -0.745886 -0.275482
-0.170538 0.225129 0.634348
0.210987 -0.921274 1.146397
-0.149989 -0.254190 0.040350
-0.309170 -0.192213 0.088467
0.563720 -0.098015 0.662697
0.136396 -1.003216 0.778806
0.228317 -0.992915 0.665827
0.571949 0.024257 1.195384
0.415113 0.184036 0.736459
0.900611 0.469897 0.376487
0.194309 0.019494 -0.339436
0.244829 -0.588982 0.652544
-0.344744 0.035069 0.597763
-0.001339 -0.266691 0.202447
0.123802 -0.695530 0.341916
0.204382 -0.610487 0.620776
-0.122207 -0.150422 -0.346413
0.089206 -0.826547 0.594594
-0.195000 -0.333800 -0.267622
0.111857 -0.794912 -0.188141
0.269391 -0.838434 0.472571
0.051656 -0.518019 0.382391
0.028563 -0.698329 0.207700
0.091177 -0.419014 0.365208
0.223370 -0.629281 0.485628
0.498138 -0.861799 0.561113
0.133368 -0.572077 0.087149
-0.333368 0.095608 0.409097
-1.043468 0.321235 -0.791778
-1.133977 0.451380 -0.830644
0.484666 -0.684093 0.327897
0.161800 -0.661942 0.240802
0.166822 -1.145454 0.403190
-0.183265 -0.647743 0.207500
-0.318746 -0.585788 0.176917
-0.056714 -0.400184 -0.151784
0.287319 -1.261108 0.226551
0.147195 -0.512728 0.021550
-0.095122 -0.572205 -0.130590
0.085722 -0.582141 0.536885
0.128024 -0.484257 0.402655
0.155874 -0.818770 0.495767
-0.163826 -0.178417 0.175555
-0.213200 -0.698615 0.141728
-0.108356 -0.255932 0.002253
0.319995 -0.898786 0.473744
