0.481507 -1.125492 0.296901
0.767249 -0.304323 -0.483369
0.041719 0.027302 -0.183461
0.114708 -0.323040 -0.140657
0.618972 -0.620817 0.074195
-0.196279 -0.457452 0.045969
0.475650 -0.971169 -0.286208
0.271903 -0.515584 -0.765970
1.323341 -0.170121 0.025965
0.394692 -1.202694 0.935193
0.073113 0.063488 0.715745
0.587972 -0.121245 -0.306606
0.234081 0.310368 0.112019
-0.466435 -1.368655 0.079484
0.261189 -0.580276 -0.050555
0.615580 -0.728851 0.748482
0.907359 -1.182971 0.669778
0.464421 -0.761529 0.008238
0.683188 -0.953826 0.062263
0.723913 -0.675638 0.108484
0.688149 -1.299139 0.224676
0.596151 0.160177 0.608847
-0.282671 -1.130858 0.233241
-0.013682 -1.404463 0.464092
1.146358 -1.010874 -0.011518
0.380012 -0.954904 -0.775037
0.306421 -1.077145 -0.755892
-0.540743 -1.666991 0.426427
0.508016 -0.265517 -0.434081
0.803584 -1.117882 -0.413126
0.591273 -0.902657 -0.327654
0.093733 -1.739824 0.222248
0.294172 -1.374098 -0.133745
0.287962 0.122163 1.021209
0.788980 -0.748071 0.100679
0.396917 -1.128896 0.361334
1.154921 -1.065349 0.162301
0.188697 -0.106465 0.921327
0.095895 -0.897876 0.359624
0.139627 -1.277463 -0.312624
0.990743 -0.646535 0.176332
0.639001 -0.546306 -0.226686
0.085011 0.260251 1.283786
0.081795 -0.651917 0.295177
-0.153659 -0.507385 0.524575
0.215567 -0.833524 0.263238
-0.298344 -0.379192 0.587126
-0.111956 -0.350835 0.082531
-0.262358 -0.253667 0.421497
0.013956 -0.453090 0.371480
-0.043547 -0.514497 0.007820
-0.038530 -0.640308 0.178729
0.102962 -0.524050 0.254259
0.307144 -0.793353 0.198741
0.000446 -0.926231 0.061448
-0.143973 -0.538387 0.173475
0.009413 -0.601240 0.197202
0.316580 -0.854892 0.433158
-0.000454 -0.324946 0.317925
-0.028670 -0.600610 0.496385
0.069927 -0.989582 0.380114
-0.155830 -0.565856 0.192376
0.160800 -0.836153 0.297135
0.270665 -0.751952 0.287573
0.097714 -0.520569 0.349691
0.199722 -0.792461 0.389714
0.366621 -0.937764 -0.121276
-0.207591 -0.256932 0.220772
0.396257 -0.767527 -0.007193
-0.188674 -0.380598 0.251748
