-0.203319 -1.155946 0.061917
0.219897 -0.578860 -0.568595
-0.050734 0.186081 0.904113
-0.334960 0.052479 0.441694
-0.157812 -0.917480 0.459186
-0.088501 0.138315 0.393292
0.036375 0.335498 0.577389
1.113904 -0.193423 0.573826
-0.041677 0.254833 0.347579
-0.677098 0.296575 0.373169
0.720147 -0.683146 -0.805304
0.679841 -1.345598 0.627280
-0.018112 -0.576781 0.555190
0.172959 0.307184 0.284227
0.230061 -0.810251 0.673650
-0.338186 0.141538 0.618177
0.521049 -0.314614 0.466669
1.376233 -0.220006 0.669369
0.326468 -1.316832 0.352789
-0.527464 0.878578 0.905583
-0.101059 -0.783940 -0.214789
-0.078159 -1.268006 0.033000
-0.030560 0.078902 0.197817
0.101437 0.889658 0.934691
-0.685804 0.643190 0.112743
-0.360829 0.151782 0.266575
-0.488126 -1.247016 0.169666
0.395221 -0.923292 0.151157
0.217377 -0.794175 0.163227
0.541252 -0.416982 0.520169
0.134518 -0.599883 0.472622
0.326691 -1.335196 0.084418
0.175359 -0.136181 0.374885
0.435696 -0.157066 0.664902
0.209878 0.118147 0.077628
0.083523 0.261351 -0.059501
0.245001 -0.013356 0.603199
0.142997 0.029049 0.650600
-0.154648 0.331328 0.355720
-0.292149 0.280654 0.046504
-0.091172 0.328285 0.437549
0.749349 -0.422726 0.683271
0.315042 0.726085 0.370262
0.482125 0.399717 0.174043
0.075258 0.352452 -0.705521
0.126666 -0.194231 0.390088
0.472297 -0.403869 0.316139
-0.384227 0.445509 0.585813
0.707121 0.116643 1.030429
0.562505 -1.073712 0.413753
1.012812 -0.588716 0.912607
-0.114401 -0.618061 0.719163
0.195452 0.170787 0.498177
0.752036 -0.206972 0.290044
0.592236 -0.022678 0.325421
0.443083 -1.181819 0.692983
0.319350 -0.563883 0.685953
0.117862 -0.955657 0.402758
1.055881 -1.002691 0.345571
0.767906 -0.777814 0.050287
-0.104274 -1.524548 0.179508
0.270285 -0.397659 -0.143668
-0.021327 -0.640980 0.247037
0.067553 -1.179560 0.092617
0.908017 -0.255269 0.240090
0.544302 -0.358926 0.088727
0.204242 -0.209678 -0.008001
0.644990 -0.637431 0.622611
1.001187 -0.994238 0.173122
0.330283 -1.633332 -0.043845
0.390402 -0.470855 -0.146407
-0.553054 -0.603629 0.363801
0.718782 -0.987139 0.639639
0.304332 -0.389783 0.144818
0.827347 -0.987583 0.282794
-0.135074 -0.584034 -0.108207
0.494659 -1.021765 -0.286934
-0.175139 -0.752229 -0.244839
-0.160111 -0.020521 0.112533
1.024215 -0.180841 0.062316
0.459354 -0.535355 0.692269
0.388685 -0.357935 0.458536
0.305686 -0.905603 0.339421
0.563466 -0.110927 -0.067426
0.550080 -0.971779 0.880527
-0.054423 -1.149289 0.477586
0.425659 -0.290129 0.427565
0.589242 -0.645456 -0.117067
0.607118 -1.146326 0.308945
0.333640 -0.321165 0.594614
0.848384 -0.225105 0.215629
0.891236 -0.755174 -0.299050
0.160478 -0.650767 0.296090
0.546493 -0.156480 0.138919
0.506005 -0.767454 0.151754
1.227724 0.089124 0.083337
0.341111 -0.447323 0.226572
0.436839 -0.591361 0.163927
0.618948 -0.057253 -0.276889
0.913196 -1.114422 0.645876
0.122062 -0.562188 -0.533190
0.145255 -0.055861 0.346600
0.600713 -1.041677 0.111468
0.523967 -1.256910 0.286929
-0.670932 -1.282274 0.046962
0.237774 -0.473277 -0.345060
-0.020757 -0.346223 0.489305
0.571465 0.146078 0.018061
1.028865 -0.587285 -0.107824
-0.244096 0.876635 -1.015687
0.186981 0.105458 -0.837569
-0.060293 -0.016343 0.353360
0.447384 -0.479855 -0.284930
0.446136 -1.539824 0.564820
0.278414 -0.945415 0.156962
0.605418 -1.532960 0.262607
0.415602 -1.798915 0.665759
0.735262 0.496924 -0.107489
0.452301 0.184886 -0.750446
-0.449903 -0.509869 0.597112
0.222328 -0.161599 -0.207421
0.174690 -0.313510 -0.009955
0.749240 -0.712096 -0.260402
0.584460 -0.312158 0.290675
0.638632 -1.633229 -0.437378
-0.088858 -0.803549 -0.050292
0.493853 -1.160318 0.480649
0.165685 -1.041102 0.292749
0.795132 -0.944694 0.318564
0.748931 0.793755 -0.514480
0.248054 -0.919470 0.061313
-0.123295 -0.654701 -0.291368
0.183612 -1.175515 -0.237727
-0.176077 -1.490790 0.142780
-0.160111 -0.020521 0.112533
0.736374 -1.467262 -0.021140
1.265362 -0.360721 0.154600
0.180688 -0.941983 0.573221
0.160478 -0.650767 0.296090
0.506005 -0.767454 0.151754
0.723476 -0.893199 0.119581
0.262739 -0.651399 0.446124
0.353994 -1.232198 0.032278
0.479284 -0.371142 -0.507425
-0.257242 -1.243475 0.342078
-0.094016 0.099228 0.532073
-0.413776 -1.334747 0.146721
0.589558 -0.921282 0.419554
0.098595 -1.105647 0.182488
-0.525380 -1.694883 0.075081
0.377433 -1.467208 0.118413
0.642386 0.258707 -0.632066
0.625241 0.192153 -0.788215
0.149019 -1.338185 -0.154014
0.555837 0.425106 0.247512
0.036239 -0.708748 -0.223102
0.427249 -0.218085 -0.158574
-0.361403 -1.179640 -0.264841
0.732982 -0.925473 -0.007799
0.558208 -0.623761 0.001311
0.523994 -0.881338 0.258646
0.232689 0.196997 0.085245
0.697454 -0.673132 0.046228
0.217838 -0.299397 -0.549129
1.102835 -0.366778 0.225972
0.562377 -0.909110 0.141616
0.858251 -0.966115 0.139756
0.694566 -1.115477 0.099805
0.451531 -0.625555 -0.031051
0.095570 -0.723204 -0.050639
0.337900 -0.408775 0.971188
-0.173591 -0.274816 -0.113386
0.064303 -0.679657 -0.086002
-0.245226 -0.995134 0.036041
0.198104 -0.178714 0.365563
0.310466 -0.000244 0.268938
-0.193051 0.212676 0.193420
-0.129018 -0.267346 0.389960
0.236944 0.307490 0.294483
-0.234292 -0.025112 0.188875
-0.003871 -0.622302 0.827458
0.276515 -1.149881 0.045254
0.211493 -0.739252 0.433869
0.172893 -0.730940 0.537215
-0.105594 -0.297674 0.358813
0.025704 -0.894609 0.195275
0.208713 -0.765767 0.508788
0.119925 -0.921292 0.340390
-0.293202 -0.140299 0.114100
0.311295 -0.811227 0.454208
0.047347 -0.728669 0.170518
0.248232 -0.624257 0.443882
0.144309 -0.826984 0.324151
-0.033464 -0.149118 0.018045
-0.287082 -0.284202 0.239626
0.094097 -0.749309 0.121482
0.246972 -0.754332 0.408830
0.221618 -0.704723 0.459773
-0.072106 -0.683694 0.309083
0.170131 -0.860276 0.334769
-0.048247 -0.498896 0.241149
0.449323 -0.676011 0.404909
0.299788 -0.714393 0.534053
0.168337 -0.809189 0.246854
-0.461486 -0.349300 0.188122
-0.015865 -0.770841 0.546970
