0.036482 -0.523338 0.453174
0.335321 -1.130073 0.757826
0.041349 -0.172099 -0.058566
0.483134 -1.017318 0.236149
-0.039703 0.229295 -0.405715
0.056751 -0.681715 0.494501
0.729238 -1.234489 -0.022398
0.251400 -1.103793 0.620802
0.088635 -0.701967 0.563768
-0.319596 -0.930763 0.290837
0.024038 -0.151297 0.916966
0.342167 -0.417235 -0.201735
-0.509914 -1.020641 0.247703
0.177126 -1.037065 0.822994
-0.036423 -1.371168 0.108981
0.661619 -0.015679 0.557441
0.100749 -0.842234 0.148503
0.154177 -1.584893 0.214396
0.064735 0.067454 -0.003159
0.090344 -0.647058 -0.434694
0.090791 -0.138904 -0.332935
0.201400 -0.526705 0.263085
0.348758 -1.111526 -0.051894
0.763812 -1.234717 0.299696
0.100716 -0.804170 0.432386
0.604630 -0.730568 0.332954
0.139519 -1.013558 0.291321
0.272578 -1.871873 0.570961
0.781884 -0.050174 -0.230474
0.913083 -0.690083 -0.125431
-0.032747 -1.248692 0.780421
0.522894 -1.823990 0.414691
0.795664 -1.176016 0.000446
0.382509 -1.451432 0.348738
-0.104196 -0.077615 -0.396052
0.282747 -0.610934 -0.059496
0.281065 0.020552 -0.223343
-0.760480 -0.487652 0.314756
0.202701 -1.049445 0.503940
0.847465 -0.990324 0.409081
-0.656341 -0.673485 0.056637
0.038548 -0.739472 -0.304719
0.089570 -0.454845 0.005602
0.719898 -1.009103 -0.433716
0.050008 -0.306811 0.281411
-0.194284 -0.439644 0.402057
-0.242706 0.015879 0.040120
0.453328 -1.507303 0.767081
0.674983 -0.719352 -0.120996
0.223909 0.136743 0.253022
0.241814 -0.619895 0.383073
0.108959 -0.252278 0.718667
0.480432 -0.332771 1.360399
0.682373 0.261487 0.405891
0.893270 0.477310 -0.516953
-0.106647 0.196490 0.825589
0.688280 -0.053304 -0.792636
-0.069299 -0.690061 -0.368518
0.060963 -1.089243 0.087458
0.237826 -0.941449 0.055993
1.173335 0.289273 0.070796
0.108086 -1.258343 -0.238191
0.637546 -0.484207 0.037292
0.404383 -0.163368 0.420687
1.296041 -0.734329 -0.303291
0.764833 -0.792725 -0.521313
-0.163470 -0.285742 0.451498
0.109734 -0.131971 0.339061
-0.332652 0.374879 -0.268279
0.301641 -0.469201 1.019451
0.328232 -0.356722 0.349363
-0.226697 -0.128432 0.805694
0.353088 0.283438 -0.043447
0.325532 0.039050 0.421658
0.114013 0.060678 -0.060282
0.219362 -0.124461 -0.044103
0.398800 -0.918956 0.355618
0.199305 -1.582748 0.003581
0.488120 -1.630507 0.135871
-0.155684 -1.243811 -0.084066
0.301616 -1.695926 -0.171645
-0.142779 -1.111945 0.111186
0.177073 -0.360757 0.602024
0.191383 -0.422277 0.590301
0.185985 -0.231715 0.154390
0.367226 0.736052 -0.224591
0.856817 0.110422 0.219866
0.815942 -0.184679 -0.956484
0.508030 -0.257874 -0.028799
0.091697 -0.464259 0.981543
0.337595 -0.184934 0.466339
0.462033 -0.710105 0.290680
0.106932 -0.317721 0.609661
0.330612 -0.322627 0.482351
0.398915 -0.095648 -0.018822
-0.058610 -0.312036 0.319801
0.067305 -1.004917 0.146147
0.165136 -0.520661 -0.092326
0.082157 -0.804446 -0.194910
0.474227 -0.491789 -0.027356
-0.093618 -0.613326 0.391607
-0.229183 -0.270773 0.340601
-0.140782 0.031687 0.098612
0.030522 -0.539226 0.523370
0.258933 -0.628505 0.436933
0.103868 -0.528098 0.322697
0.209595 -0.734673 0.273947
0.360901 -0.825903 0.390739
0.329602 -0.898834 0.529224
0.280095 -0.601975 -0.088404
0.235180 -0.935882 -0.244618
0.420463 -0.807612 0.296533
0.033350 -0.172498 0.586848
0.060080 0.028146 0.524138
-0.094249 -0.233979 0.453414
-0.393081 -0.528488 0.102746
0.081248 -0.781562 0.431727
0.224771 -0.866262 0.364027
