0.925739 -0.951874 -0.150396
-0.316726 -0.861558 0.262600
0.221426 0.329300 -0.238855
0.072402 0.095761 -0.326344
0.148485 0.289439 -0.397891
-0.875280 -1.399267 0.237792
0.504898 -0.800434 0.209537
0.528279 -1.445815 0.605145
0.553318 -0.723057 0.542664
0.238687 -1.179614 0.185934
-0.077090 -1.250766 0.012321
0.339453 -0.290981 -0.217815
0.312192 -0.157394 -0.515223
0.554527 -0.208508 -0.103952
0.496471 -1.196262 -0.021476
-0.634516 -1.079821 -0.166648
0.236204 -0.415493 -0.630877
0.056668 -1.196011 0.194770
0.456047 -1.629687 0.133341
0.773046 -0.296162 -0.167209
0.403601 -0.838872 0.493084
-0.056914 -0.972721 0.419691
0.711134 -0.928159 -0.209352
-0.043106 -0.858728 0.165091
0.656392 -0.973279 -0.505271
-0.020245 0.120583 0.394137
0.678111 -0.135606 0.459000
0.139970 -0.634289 0.185565
0.484675 -0.618288 0.299586
0.782541 -0.512211 -0.267929
0.090249 -0.841284 -0.320281
-0.084564 -0.775487 -0.088352
0.619992 -0.347453 0.038767
-0.289756 -0.645620 0.054986
-0.726433 -0.127058 -0.350496
0.618568 -1.114477 -0.485887
0.339021 -0.776286 -0.354841
0.287621 -1.364172 0.313817
0.083033 -1.683001 0.257478
-0.383861 0.308674 -0.459381
-0.394758 -0.492311 0.152513
0.490394 -1.101616 0.957019
-0.042032 -1.055879 -0.393607
0.775616 -1.496909 0.428008
0.610650 0.067434 0.754054
1.355263 -0.709405 -0.157295
1.142272 -1.025874 0.060303
0.429135 -0.673935 -0.571308
0.209667 -0.564895 0.874987
0.056540 0.085084 0.205336
0.636986 -1.078882 0.270064
1.285085 -0.804938 0.388865
0.519503 -0.817380 -0.069109
0.138480 -0.766006 0.176242
-0.707023 -0.810475 -0.174095
0.348897 -0.623821 0.029150
0.374070 -0.343541 0.670276
0.191686 -0.336829 0.391079
-0.192504 -1.043659 0.011677
-0.292285 -1.779435 0.169375
-0.295440 -1.272219 0.156918
0.418708 -0.424370 -0.536438
0.447350 -0.265979 -0.330726
0.241127 0.413697 0.511580
0.310651 0.273893 0.002616
0.403212 -0.010236 0.662480
0.562622 0.493157 0.735774
0.486584 -0.317990 0.606978
0.110845 -1.173167 -0.365627
-0.290147 -1.351721 0.476560
0.371908 -1.148923 -0.160313
0.106034 -1.001077 0.251608
0.406757 -0.841851 0.576761
-0.048779 0.612701 -0.290982
0.060468 0.694622 0.590079
0.234858 0.402828 0.427951
0.125585 -0.136022 0.706361
0.947968 0.446238 -0.325977
0.268983 -1.341077 0.453070
1.218988 -0.202206 0.739463
0.185910 0.142591 0.620839
0.437414 -0.640339 0.072698
0.184740 -0.459709 0.724569
0.287903 -0.367515 -0.100397
0.041921 -0.117799 -0.192658
-0.035111 -1.420589 0.372044
0.101922 -0.824995 0.272220
0.056368 -0.681099 -0.083655
0.150834 -0.910873 0.146581
0.503319 -0.787380 0.356074
0.138593 -0.588109 0.173081
-0.137348 -0.423024 0.520022
0.335965 -0.830471 0.285436
0.447488 -1.053988 0.720463
0.254122 -0.290549 0.031403
0.537616 -0.913526 0.630126
0.073352 -0.892185 0.117942
0.203784 -1.015326 0.283716
-0.111180 -0.769023 0.207109
0.028491 -0.915364 0.154583
-0.027423 -1.063290 0.104346
-0.362338 -0.153667 -0.026991
0.502511 -0.747343 -0.309054
0.247440 -0.445397 0.223319
0.110131 -1.050916 0.303002
0.108961 -0.458301 0.683480
0.387819 -0.730807 0.156486
-0.077481 -0.601132 0.184119
0.634912 -1.312742 0.734594
-0.008314 -1.235583 0.339564
-0.104055 -0.526994 0.098991
0.125314 -0.501892 0.337325
0.186028 -0.404569 0.576958
0.126993 -0.938381 0.558843
-0.030028 -0.427244 0.504699
-0.347193 -0.410099 0.196395
0.211777 -0.690792 0.028996
0.227863 -0.759665 0.586556
-0.193101 -0.436938 0.286295
0.309231 -0.456339 0.165167
0.278753 -1.005826 0.406727
-0.193389 -0.475344 0.029852
0.017080 -0.478043 0.293259
