0.484263 -0.528989 -0.143736
0.085944 -0.320097 0.043209
0.463581 0.042375 -0.452451
-0.243619 -0.010132 0.208559
-0.283081 -0.406719 0.335828
0.248971 -0.124436 0.255636
-0.321662 0.289958 0.410763
-0.250150 -1.128729 0.219304
0.889431 -0.497353 0.656949
0.027345 -0.953231 -0.515000
0.526249 -0.419509 0.603369
-0.717870 -0.168824 -0.222444
0.723885 0.204254 0.468860
0.950125 -0.512785 -0.290817
-1.323268 -1.322812 -0.010176
0.433176 -0.134866 1.090214
-0.032755 -0.728230 -0.537499
0.348748 -0.044637 -0.174166
0.561443 -0.670473 -0.240503
0.787806 -0.119091 1.119204
0.893664 0.109908 0.951245
-0.243620 -0.213951 0.781593
0.687150 0.191515 0.707362
0.123347 -0.275439 0.844590
0.052427 -0.348668 0.687821
-0.042777 -0.377394 0.843691
0.673457 0.038246 0.504576
0.986972 -1.032776 0.131718
-0.059465 -0.487022 0.122796
0.226075 -0.636298 0.234813
0.820384 -1.209368 0.433333
0.272856 0.001280 0.260673
0.534296 -1.080726 -0.059836
-0.472935 -1.060675 -0.065160
0.364313 0.377291 0.293026
0.021320 -0.489047 -0.306194
0.947727 -1.029891 -0.231901
0.152132 -1.593151 -0.085787
0.008501 -0.911285 0.428243
-0.110714 -0.103294 0.307284
-0.260153 -1.384960 -0.331887
0.443698 -0.602327 0.301895
0.484939 -0.353612 0.059968
0.643364 -0.852541 0.111222
0.626071 -0.650117 -0.535627
0.015603 -0.069674 -0.099780
-0.140702 -1.048812 0.121856
-0.353517 -1.424409 0.100927
-0.595805 -0.910908 0.631870
0.387713 -0.600085 -0.234119
0.427162 -1.002841 -0.173211
0.551802 -1.601836 -0.290449
0.437131 -0.745254 0.219739
0.007246 -0.469068 0.537175
0.169298 -1.096592 -0.169890
0.096211 -0.138431 -0.608473
0.630340 -0.175441 -0.507890
0.403159 -0.886988 0.062112
0.209872 0.134539 0.000001
0.412846 -0.812484 -0.603294
0.601230 -0.876624 0.301903
0.086301 -0.805355 -0.426031
0.099952 -1.408145 0.715770
-0.236459 -1.032839 0.390169
-0.474914 -0.928790 -0.234806
0.509018 -0.849623 0.348484
0.369922 -1.209678 0.292621
0.856027 -0.555300 -0.121677
0.283296 -1.498357 0.428342
0.052113 -0.120394 0.925056
0.598263 -0.717065 0.049466
0.180530 0.515676 -0.345459
0.820515 -0.606563 0.024839
0.686392 -0.874946 -0.123743
0.253620 -0.737250 -0.090689
0.669255 -0.878369 0.321350
0.485268 -0.927824 0.544001
0.336879 -1.050344 0.517318
-0.100453 -0.090590 -0.428798
-0.307802 -1.168302 0.288162
0.060884 -0.821835 -0.294276
0.194149 -0.582095 -0.004370
0.069195 -0.639251 -0.361677
0.797536 0.014024 -0.558034
0.256403 -1.227805 0.129420
0.288357 -0.612740 0.193343
0.035574 -0.552799 0.121596
0.431974 -0.849270 -0.319830
0.867415 -0.827987 -0.091273
-0.109525 -0.788987 -0.033418
0.410544 -0.335975 0.082238
0.530029 0.072316 0.050500
0.457428 -0.870414 -0.129437
0.726941 -0.282936 0.535819
0.721561 -0.277414 0.090421
0.437237 0.028346 0.165686
0.760304 -0.290492 0.212335
0.348561 -0.864036 -0.195772
0.547869 -1.016571 0.867152
0.269541 0.371280 -0.310742
0.350589 -0.635262 0.331476
0.467016 -0.665018 -0.167732
0.678581 -0.048579 -0.025833
1.129020 -0.783836 0.062510
1.106402 -0.829002 0.104488
0.713657 -0.339795 -0.036619
0.132273 -0.599218 -0.151412
0.531366 -0.309049 -0.412139
-0.456192 -0.569173 0.214565
0.245470 -0.555557 -0.340201
0.886086 -0.699739 -0.333395
0.252794 -0.955427 0.242978
0.924114 -1.020741 0.315161
0.760617 0.520677 -0.096881
0.263991 0.156957 0.709718
0.296687 -1.144782 0.040929
0.195522 -0.243493 1.013613
0.443967 -0.683182 0.168338
0.579185 0.227403 0.419122
-0.744415 -1.589901 -0.182968
0.322313 -0.117416 0.477875
-0.121392 -0.827470 0.163195
-0.167817 0.289812 0.856411
0.525437 0.554659 0.760907
0.893664 0.109908 0.951245
1.110770 -0.101613 0.154662
1.482883 0.790655 -0.764989
0.226478 -1.351108 0.246885
0.404311 -0.501170 0.450619
0.629487 -0.461673 0.051471
-0.098953 -0.130461 0.362523
0.823203 -0.102518 0.460593
-0.143727 -0.524437 -0.086971
0.546791 -0.465361 0.649703
-0.320584 0.168919 0.207246
0.061459 -0.927657 0.220661
-0.005414 -0.652003 0.341887
-0.018543 -1.529027 0.459428
0.561059 -0.136247 0.625768
0.059072 -0.566800 0.291678
0.229289 -0.607449 0.333861
0.283563 -0.683090 0.376070
0.230558 -0.538830 0.422057
0.168824 -0.809542 0.332642
-0.086250 -0.684617 0.114297
0.092518 -0.731632 0.249377
0.012384 -0.405634 0.042441
0.105551 -0.442889 0.121860
0.097864 -1.015535 0.173826
0.043807 -0.676430 0.089856
0.406802 -0.953595 0.429632
-0.053744 -0.698074 -0.074176
0.407239 -0.858387 0.473634
0.139411 -0.985496 0.212793
0.156845 -0.735249 0.376271
0.024115 -0.938322 0.136363
-0.034705 -0.603939 0.232231
0.183133 -0.779451 0.387587
0.413758 -0.900514 0.612764
0.304937 -0.801161 0.413231
0.101252 -0.472203 -0.103032
0.238748 -0.523301 0.223127
0.201217 -0.651587 0.391155
0.335091 -0.928977 0.648692
-0.108410 -0.470403 0.309521
0.165273 -0.898465 0.169170
0.743250 -1.197630 0.326945
-0.008335 -0.576871 0.282500
0.183178 -0.277704 0.038490
-0.184051 -0.102322 0.032623
0.180945 -0.821512 0.621902
-0.394497 -0.352277 0.135546
0.022056 -0.887481 0.284776
0.095530 -0.672182 0.202561
0.038397 -0.664249 0.317492
0.079053 -0.079158 -0.333507
0.062808 -0.584526 0.527131
0.006352 -0.580960 0.286052
0.096261 -0.400070 0.158802
0.064472 -0.517707 0.021226
0.115707 -0.483678 0.155052
-0.129823 -0.574234 0.088197
0.125596 -0.645479 0.153823
0.010290 -0.747338 0.263994
-0.177094 -0.463297 0.158953
0.286405 -0.210242 0.120954
0.068054 -1.035385 0.087196
0.241968 -0.705890 0.565345
0.212276 -1.045488 0.576567
0.254099 -0.723050 0.440294
0.273572 -1.327995 0.544283
0.080293 -0.496231 0.328598
-0.098424 -0.438990 0.228647
0.042552 -0.626024 0.321960
