0.641388 -0.713015 0.779287
0.859879 -0.089410 0.146834
-0.432490 0.099243 -0.226119
0.853483 0.005179 -0.139671
1.049086 -0.604838 -0.464990
-0.511046 -1.225664 -0.097914
0.275483 -0.183070 0.362230
-0.327872 0.261689 0.328121
-0.107490 -0.242226 0.090574
0.567592 -0.888123 0.474241
0.920128 -0.957804 0.745257
0.768397 -0.932673 0.318333
-0.330610 -0.753279 -0.372964
0.448676 -0.578205 0.840501
-0.050857 -1.182679 -0.348100
-0.346683 -0.556099 -0.395177
0.387585 -0.504691 0.335853
0.900294 -0.670905 -0.015479
0.979266 -0.632412 0.217106
0.232436 -0.833889 0.353831
-0.010442 -1.548377 0.197236
0.675481 -0.004732 0.688988
0.759476 0.046006 -0.226879
-0.195481 -0.449178 -0.234747
-0.285881 -0.332530 1.061967
0.343367 0.596879 0.886735
0.562278 -0.429464 -0.116666
-0.184727 0.138154 -0.100889
0.391269 0.107764 0.545679
-0.306641 0.045992 0.183046
0.756479 -0.401564 -0.433957
0.443166 -0.601788 0.451222
1.050734 -0.056177 -0.497372
0.895380 -0.435572 0.389043
0.691494 -0.259353 -0.115783
-0.029533 -0.312902 0.753558
-0.550944 -0.856555 0.456393
0.140525 0.392680 0.329336
1.130520 0.053782 0.184109
0.081596 -0.767965 -0.213082
-0.035470 0.049617 0.345614
0.397564 -0.205118 -0.159932
-0.293385 -0.416470 -0.403137
-0.376397 -0.831712 0.073617
0.762699 -1.142054 -0.446077
0.808827 -0.122705 0.026782
0.105243 -0.463642 -0.588480
0.489290 0.681076 0.036219
0.254770 -0.075315 0.035758
0.136907 -0.258846 -0.227607
0.652441 -1.013064 0.163506
0.952564 -0.532858 -0.294163
1.035634 -0.760325 0.097574
0.431028 -1.201103 0.210499
0.375738 -1.015653 0.367533
0.639262 -1.049194 0.424815
0.803963 -1.028872 0.184006
0.497281 -0.959921 0.068194
0.974580 -0.655522 -0.100130
0.919689 -0.826510 0.641162
0.399342 -1.212236 0.107587
0.062836 0.009142 -0.239831
0.165982 0.375374 -0.201706
-0.205526 -0.764185 -0.551213
0.657655 -1.098496 0.471162
-0.214973 0.086848 -0.227557
0.040482 -0.979206 -0.240478
-0.326593 -1.242042 0.048331
-0.171490 -1.406809 0.204552
0.257355 -0.160722 0.365954
0.522428 -0.554008 -0.332136
0.710470 -1.404781 -0.215700
0.426990 0.048493 -0.315600
-0.113543 -1.129167 0.221750
-0.270736 -1.415371 0.242040
0.209040 0.278399 -0.214436
0.203649 -0.127956 -0.264307
0.199108 0.028666 0.007668
0.312060 -0.576732 -0.105779
0.207125 -1.088014 -0.556990
0.610584 -1.430033 -0.179420
0.079984 -0.520927 -0.210869
-0.265086 -0.342712 -0.181814
0.302490 0.100873 -0.211709
-0.269096 -0.816046 -0.009492
0.430331 -0.877622 0.314195
0.256791 -1.573191 0.411038
1.088355 -1.369693 -0.167512
-0.240227 -0.157682 -0.217022
-0.062330 0.307365 -0.158455
-0.324960 -0.160594 0.901330
1.281048 0.249119 -0.303021
0.646534 -0.387117 0.659657
0.543956 -0.063632 -0.516630
0.013683 0.285494 -0.090595
0.415837 -0.504796 0.179443
0.330034 -0.410539 0.011191
0.347615 0.551489 0.297218
0.825873 -1.146468 -0.030730
0.732879 -0.831561 0.063685
0.272743 -1.594672 -0.035521
-0.077238 -1.063022 0.139532
0.665341 -0.980909 0.287634
1.138474 -1.042826 -0.053409
-0.105692 -0.549389 0.026546
0.638812 -0.785829 0.248889
0.765417 -1.460953 0.192305
0.578072 -0.639430 -0.639506
0.418831 -0.835077 0.031336
0.918244 -0.976336 0.166620
0.838769 -1.453332 0.025519
-0.089725 -0.713763 1.026973
0.116721 -0.642048 0.182026
0.103458 -0.696561 0.448608
-0.104166 -0.391526 0.398133
-0.269013 -0.378421 0.720337
0.231862 -0.492127 0.434765
0.244532 -1.099888 0.825515
0.045045 -0.261218 0.609643
0.444853 -0.071805 0.151367
0.165032 -0.806265 0.189259
-0.051346 -0.329340 0.247759
-0.081475 -0.961092 0.172368
0.095794 -0.240432 -0.185611
0.384913 -0.708228 0.557490
0.407140 -0.417216 -0.179137
-0.120502 -0.366372 0.204545
-0.106993 -0.482478 0.239577
0.089076 -1.357236 0.620403
0.195768 -0.865469 0.048084
-0.094423 -0.509368 0.325296
-0.106255 -0.354761 0.299205
-0.091718 -0.329978 0.316300
0.094461 -0.813570 0.276747
0.108458 -0.725187 0.194707
-0.252172 -0.306236 0.355126
-0.240522 -0.568750 0.117908
-0.530064 -0.532109 0.735172
-0.154166 -1.019715 0.578871
0.044305 -0.829052 0.797348
0.495741 -0.950637 0.812924
0.256434 -0.391897 0.491534
-0.048535 -0.769875 0.120389
-0.219726 -0.080634 0.113174
0.294614 -0.864796 0.584201
0.050539 -0.713561 0.207324
-0.664503 -0.915433 0.464340
-0.011235 -1.243570 0.217088
0.266049 -0.060587 0.092329
-0.065187 -0.353238 0.252530
0.229583 -0.696376 0.507764
-0.775763 0.719957 -0.563573
0.175491 -1.040033 0.545697
0.370921 -1.256734 -0.092214
-0.171544 -0.134248 -0.254882
-0.169338 -0.815051 -0.029103
