-0.062488 -1.482604 0.788150
0.039505 -0.889597 0.401037
1.001450 0.194856 0.056414
0.149626 -1.026466 0.709192
-0.448472 -0.429748 0.126545
0.899043 -1.259203 0.666499
0.967169 0.669416 -0.225102
0.091445 -0.516647 0.216286
0.123024 -0.934536 0.280261
-0.818234 -0.242308 -0.293643
-0.075737 -0.979524 -0.190670
-0.598988 -0.701519 0.331847
0.343030 -0.504438 0.919890
1.596281 0.447828 -0.692328
0.704973 0.311134 0.645025
0.271847 0.671694 -0.625376
0.546144 -0.582560 1.101427
0.416175 -0.054090 0.119497
0.634057 -0.906706 0.577695
0.415352 0.143655 0.388532
0.373307 -0.163005 0.652657
0.448489 -1.075520 0.347356
0.217582 -0.156658 0.380744
0.903251 -0.074420 -0.099926
0.854081 -0.415090 -0.184506
1.083158 -0.490466 0.766079
1.023096 -1.006051 0.523955
0.218472 -0.684515 0.886915
0.168517 -1.211797 -0.400639
0.606856 -0.656365 0.579842
1.044193 -0.529907 -0.225541
0.053428 -0.699858 -0.140756
-0.133013 -0.730299 -0.097985
0.107606 -2.055269 0.548347
0.425375 0.270758 0.265724
0.552109 0.640329 0.066657
0.358286 -0.330544 0.606270
0.194029 -1.119575 0.277751
0.142632 -0.728101 0.090110
0.682013 -0.465469 0.509911
-0.100485 -0.091226 -0.027741
0.837167 -0.468931 0.107851
0.848088 0.072624 0.044010
-0.201443 -0.463410 -0.081318
-0.149802 0.152244 0.269955
0.659372 -0.577026 0.215401
0.614890 0.215814 -0.103800
0.501377 -0.604635 0.070870
0.213161 -0.197783 -0.118886
0.749086 -0.431659 0.125155
0.599608 -0.493742 0.079749
0.423823 -0.099099 0.374621
-0.007941 -0.896211 1.073449
0.432875 0.076287 -0.340774
0.123967 -1.151151 0.474203
0.048209 -0.352116 -0.313408
-0.282530 -0.999820 0.055361
0.504699 -0.460174 0.452733
0.473006 -1.168869 -0.163765
-0.556215 -0.959138 0.006097
-0.758224 -0.870430 0.212861
-0.010218 -0.056350 -0.153414
0.247650 0.140926 0.032921
-0.227537 -0.496427 0.578144
0.769656 -1.186989 0.083444
-0.341953 -0.845333 0.311580
-0.067313 -0.273258 0.657017
0.897686 -0.161792 -0.035306
-0.805354 0.078139 -0.019418
-0.043770 -0.467381 0.081369
-0.396034 -0.082508 0.000072
0.550686 0.122526 0.523279
0.677861 -0.457698 0.181227
0.227314 0.539548 0.231188
0.440607 -0.342549 -0.913694
0.741957 0.551398 0.267950
0.031982 -1.569667 0.225435
0.581544 -1.203156 0.506917
-0.344570 -0.299758 0.292922
0.262679 0.535107 0.646192
0.235167 -1.045866 0.228513
0.146077 -0.383599 -0.388943
0.646649 -1.461828 0.023218
0.560746 -1.172981 0.033800
0.428364 -0.335718 0.306611
0.033558 -0.157880 0.125235
0.900523 0.209378 0.434210
0.278720 -0.538303 0.701693
0.010864 -1.828773 0.021060
0.390504 -0.284014 0.319357
0.655490 0.002346 0.625309
0.305002 -1.337151 0.398618
-0.051489 -0.645621 0.253307
-0.046654 -0.853299 0.305485
0.095901 -1.303119 0.386557
0.259635 -1.044044 0.577143
0.424037 -0.284552 -0.505160
0.625444 -0.779408 -0.382815
0.249009 -0.214200 0.072285
-0.365820 -0.823834 0.328251
0.584327 -0.329192 0.518431
-0.311538 -0.668973 0.654727
0.561823 -0.832634 1.181257
0.581571 0.125673 0.102512
0.380030 -0.555436 0.252583
0.364261 -0.580535 -0.073650
0.354500 0.331388 0.649040
0.473967 -0.119944 0.579608
0.320925 -0.440960 0.235262
-0.383090 -0.656156 0.532805
0.751165 0.411369 0.047705
0.456985 0.405839 -0.093903
1.112089 0.528555 -0.185385
0.155657 0.220591 -0.047005
0.000573 -1.139998 0.635069
0.003263 0.373711 -0.476773
0.632515 -0.771815 -0.297096
0.520093 -1.738448 0.365304
0.126551 0.159759 -0.091402
0.750422 -0.452706 0.174515
-0.197620 0.189356 0.922193
0.285171 0.182107 0.213538
0.954769 -0.076781 -0.074696
0.084056 -0.110649 -0.341037
0.631227 0.115299 0.114032
1.113652 -0.003703 -0.134483
0.387496 -0.346446 0.180725
-0.172447 -0.489807 0.614741
0.710612 -0.198577 0.165448
0.103896 -0.258262 0.165222
0.914115 -0.030589 -0.074534
0.600735 -0.045625 0.057951
0.238769 -0.742405 0.339107
-0.138596 -1.887221 0.227010
0.126913 -0.727006 0.517794
0.715538 -0.461096 0.084769
0.618844 -0.513696 0.249285
0.190725 -0.922008 0.378730
0.527440 -0.973834 0.477154
0.144990 -0.832271 0.368493
0.034640 -0.570103 0.383743
-0.063931 -0.559340 0.194483
-0.000316 -0.420850 0.009284
0.225489 -0.747732 0.356468
0.211193 -0.794697 0.347307
-0.269952 -0.397050 0.436946
-0.077581 -0.629517 0.508261
0.252600 -0.699542 0.366229
-0.132191 -0.129031 0.218396
-0.193039 -0.032390 -0.267342
-0.046700 -0.099028 -0.023245
0.217584 -1.073950 0.362995
0.001823 -0.519497 0.118734
-0.168738 -0.778556 0.203674
-0.170900 -0.906690 0.383946
