-0.502850 -1.564072 0.232258
-0.273009 -1.014796 0.482414
0.220029 -1.422384 0.027221
0.853815 -0.387267 0.794481
0.265969 0.221991 0.162212
-0.072846 -1.082765 0.653806
-0.014099 -1.049009 -0.142499
0.638409 0.013726 0.336397
0.613426 -0.720139 -0.213698
0.150379 0.314790 0.170211
0.645210 -1.221487 0.368575
0.848808 -0.631885 0.533689
-0.145907 0.457567 0.378759
-0.109835 -0.435770 0.257504
0.104348 0.096473 0.983976
0.443779 -0.343583 0.517996
0.237670 -0.374231 0.466131
0.755097 -1.289918 0.628914
-0.564250 -0.519478 0.017123
0.318610 -0.223453 -0.178978
0.591094 0.057803 0.734651
0.006673 0.447870 0.668257
0.751620 0.088621 0.184491
-0.003792 -0.422250 0.104040
-0.102353 0.086850 0.908767
0.104439 -0.004373 0.600573
-0.482001 0.059530 0.883305
0.303757 -0.156822 0.589184
0.263265 -0.430656 0.926308
0.148509 0.028897 0.409910
0.485106 -0.664242 1.383415
0.479994 0.039962 0.592232
0.058264 0.059656 0.782365
0.109349 -0.908627 0.601555
0.453913 -0.110323 1.034513
-0.061296 0.442080 0.859090
0.183507 -0.673706 -0.029074
0.366778 -0.370353 0.645303
1.212225 -0.978917 0.526125
-0.182747 0.055242 -0.149954
0.646406 -0.726514 0.107050
-0.024828 -0.546203 0.121683
0.376843 -0.940412 -0.219092
0.599216 -0.992331 -0.388761
-0.135448 0.618831 0.821629
-0.181918 -0.613376 0.483062
0.847518 -0.330745 0.172478
0.347119 -1.607187 0.871425
-0.194520 0.771110 0.819895
0.888032 -0.349619 0.615886
0.410735 -0.303789 1.053580
-0.307378 -0.810436 0.580682
0.378122 -0.481735 0.334001
0.266215 0.209961 1.307989
-0.441269 -0.567944 0.047092
1.127909 -1.049249 0.979796
-0.108447 -0.264682 0.386214
0.623191 0.170424 0.259678
0.403092 -0.393366 0.350417
-0.451188 -1.628204 -0.366697
0.789578 -1.156099 -0.273096
0.275494 0.014877 0.447775
0.069615 0.136722 0.562560
0.420179 -0.262686 0.029310
0.374574 0.664894 -0.309673
-0.725217 -0.209410 0.404016
0.639044 -1.049317 0.251475
0.344622 -0.685306 0.000392
0.632905 0.176874 0.712150
0.478421 -0.768578 -0.260942
-0.535388 0.210804 -0.260759
0.869800 0.121332 0.473410
-0.271315 -1.027843 0.031879
-0.135777 -1.221829 0.045821
-0.099471 0.745453 -0.332634
0.969250 0.284759 0.070467
0.587409 -0.673780 -0.059933
0.337847 -0.116298 0.447719
-0.519203 -0.552663 0.210376
0.249367 -0.055472 0.554477
0.101424 -0.620178 0.643588
0.861965 -0.835507 0.600189
0.535587 -0.297574 0.149460
-0.008017 -1.843476 0.529967
0.315256 -0.778109 -0.115455
-0.107114 -0.673753 -0.094624
0.050674 0.303085 0.986340
0.177667 0.311672 -0.042208
-0.223831 -0.453459 -0.014624
0.391445 -0.510710 0.237441
0.006041 -0.161397 0.273785
0.676812 -0.072349 -0.440552
0.330282 -0.139911 -0.076581
0.180176 -0.492173 0.675494
-0.069512 -0.364727 1.119072
0.240219 -0.252259 0.510439
0.254702 -1.164803 0.916923
0.424998 -0.225564 0.630730
0.565000 0.223562 0.662704
0.318162 0.251344 0.787943
0.048103 0.195546 -0.013935
-0.006094 -0.541721 0.395523
0.276766 -0.750456 0.504994
0.261005 -0.931394 0.326118
0.214101 -0.762710 0.195362
-0.008211 -0.715908 0.252336
0.128553 -0.644159 0.139444
0.507453 -0.440493 -0.104403
0.325036 -0.928987 0.446422
0.011561 -0.140441 0.491912
-0.004302 -0.063196 0.292443
0.020377 -0.600646 0.039494
-0.256578 -0.011672 0.195408
0.001414 -0.348028 0.039578
0.319025 -0.979250 0.351097
0.316717 -0.570716 0.413151
0.015392 -0.712487 0.172824
-0.276242 0.102717 0.055526
-0.329051 -0.281022 0.097476
-0.005233 -0.589600 0.330178
0.219103 -0.714996 0.409712
