-0.415293 -0.730636 0.580284
0.138679 -0.756929 -0.032634
0.837724 -0.871538 -0.282893
0.634632 -1.216230 -0.102934
0.317281 -0.819288 -0.401770
0.185846 -1.149746 0.267472
-0.426743 -1.553618 0.375817
0.333739 -0.840470 -0.358110
0.372733 -0.980789 0.013973
-0.001887 1.083568 -0.647965
0.692547 -0.465534 -0.396353
0.212480 -0.115396 -0.843555
0.111427 -0.563463 0.680567
0.075828 -1.503645 0.268629
0.184983 -1.058407 0.093541
0.683714 -0.934097 0.290624
0.284208 -0.936068 -0.549780
0.470547 -1.008177 -0.165682
-0.142068 -1.324620 0.421787
-0.143002 -0.956806 0.454244
0.181694 -1.282805 -0.428092
0.051592 -0.962346 0.313757
0.775216 -0.970823 -0.108777
0.185117 -1.570637 0.227618
0.397779 -0.940053 -0.200466
0.947205 -0.582543 0.169484
0.840608 -0.351030 0.103947
0.706987 -0.637590 0.114664
0.624813 -1.665649 -0.122895
0.509437 -0.736421 0.149403
0.408457 -0.782965 0.217443
0.666810 -0.625630 0.069911
0.678709 -0.501259 0.078373
0.221649 0.391113 -0.174103
0.396372 -0.415905 -0.288262
0.324765 -0.160894 0.249780
0.167638 -0.470945 -0.032702
-0.085284 -0.966929 -0.413571
0.311157 -1.067871 0.516545
0.405188 -1.277112 -0.278534
0.094351 -1.735491 0.221779
0.293730 -0.190486 -0.615175
0.153809 -1.307607 -0.078816
-0.081014 -0.793867 0.185236
0.323703 -0.720903 -0.222040
1.265514 -0.340751 -0.409699
0.719206 -0.673552 0.146857
0.675426 -1.179326 0.123882
0.157368 -0.451822 0.289100
0.459734 -0.904497 0.363067
0.141434 -1.702058 -0.048319
0.299195 -0.876879 0.179300
-0.016877 -1.246189 -0.023776
0.833062 -0.633926 -0.014234
0.639865 -1.245066 0.343928
0.633161 -0.757161 -0.605291
0.677724 -1.117151 0.248517
0.733894 -1.158709 0.522776
0.563631 -1.764899 0.205719
0.420453 -0.341670 0.390870
0.168456 -0.163156 0.347299
0.091908 -0.905103 1.155614
0.045185 -0.520391 0.305131
0.650250 -0.875211 -0.350640
0.326670 0.036334 0.655508
-0.033339 -0.466599 0.716606
-0.294182 -0.269340 0.027554
-0.300820 -0.464035 0.124625
-0.254396 -0.324430 0.225146
0.740832 0.452699 0.265428
0.439042 0.251617 0.459539
0.312344 0.136654 0.581720
0.228857 -0.504713 0.399463
0.320900 -0.418147 0.411652
0.233653 0.511149 -0.050035
-0.207837 -0.027001 0.571497
0.126616 -0.206182 0.640834
0.393909 0.465799 0.284330
0.487097 0.424592 0.015462
0.236319 0.260995 0.299458
0.241858 -0.014917 1.074138
0.502549 -1.181674 0.302430
0.233841 -0.017020 0.545345
0.502687 -0.382028 0.233078
-0.161819 0.080398 0.106348
0.442610 0.372735 -0.163585
0.754228 -0.004438 0.367583
0.242555 -0.858945 0.082061
0.443348 -1.617481 -0.330202
0.004932 0.891321 0.604345
0.529318 -0.372282 0.463702
0.812398 -0.406995 0.242573
0.202944 0.044708 -0.310569
0.381877 -0.560315 -0.173884
-0.361622 -0.875841 1.036813
0.519478 -0.208737 0.600791
-0.151624 -0.658601 1.197720
0.576684 0.686352 -0.413877
-0.152520 -0.885395 0.209991
0.728668 -0.665081 0.617601
0.330457 -0.568254 0.717986
0.162325 -0.036591 0.263539
0.223570 -0.054474 0.573758
0.705191 -1.708530 0.023427
0.048834 -0.492374 0.645422
0.492043 -0.465078 1.150097
0.367855 -0.342826 0.441037
0.428567 -0.908827 -0.228570
0.437236 -0.585794 -0.213379
0.645449 0.139318 -0.159664
0.847260 -0.357233 0.162849
0.062549 -1.402411 0.159614
-0.194375 -0.737241 0.147786
0.054515 0.702316 -0.533431
0.813911 0.149664 0.265673
-0.293838 -0.950238 0.965546
-0.007120 -1.718081 0.960531
0.274589 -1.837460 -0.023704
0.295129 -0.284819 0.382874
0.341738 -1.547771 0.842363
0.354041 0.014462 0.231982
0.402948 -0.548004 0.172971
-0.176277 0.389874 0.077186
-0.317003 -0.148025 -0.094995
-0.103390 -0.128792 0.173171
0.260042 0.084326 0.354555
0.689646 0.087983 -0.212630
0.352842 -1.273996 -0.124193
0.206904 -1.118951 0.394987
0.111226 -0.913241 0.299057
0.125170 -0.553257 0.504589
0.307106 -0.890160 0.191708
0.345346 -0.972435 0.582715
0.083939 -0.706610 0.180619
0.147374 -0.812620 0.266053
0.104038 -0.778909 0.127294
0.156388 -0.786294 0.230879
0.329615 -0.304499 0.500131
0.149371 -0.581787 0.384224
0.047040 -0.807760 0.165545
0.058031 -0.510572 0.189615
-0.130624 -0.078706 -0.026664
0.270783 -0.854766 0.460724
0.264794 -0.999549 0.374170
0.391683 -0.705091 0.548615
0.081774 -0.424775 0.299719
-0.458039 -0.300876 0.780066
-0.187835 -0.048567 -0.372827
-0.164383 -0.276413 -0.156862
0.137810 -0.674754 0.268637
-0.041833 -1.062119 0.531859
0.132363 -0.556877 0.496695
-0.330546 -0.464175 0.113648
-0.307776 -0.347607 0.491497
-0.001195 -0.042799 0.222486
0.066754 -0.537013 0.503877
-0.220129 -0.522869 0.283356
-0.164848 0.221354 -0.334547
-0.403535 -0.046933 -0.024726
-0.019356 -0.405670 0.096806
0.256358 -0.815940 0.439015
0.071100 -0.949131 0.467370
0.045574 -0.608554 0.572101
-0.017783 -0.837246 -0.148099
-0.255418 -0.412656 -0.262282
-0.403077 -0.207030 -0.244708
