-0.561313 0.076041 -1.039410 -0.307392
0.418317 0.102569 0.219912 -0.353382
0.512770 -1.160064 -0.675088 0.416584
0.433009 -0.297191 0.377387 -0.189849
0.516703 -0.695664 -1.054446 0.007501
-0.037394 -0.166002 -0.345750 -0.242400
-0.564974 -0.490210 -1.457679 -0.393462
-0.188641 -0.026925 -0.435658 -0.847162
-0.481075 0.376497 -0.277086 -1.105407
-0.579513 0.083387 -0.757434 -0.254401
-0.507541 0.310409 0.233674 -1.157422
0.163912 0.135260 -0.235271 -0.794342
-0.565762 0.585577 -0.577056 -0.253159
-0.429829 0.309038 -0.002180 -0.371092
-0.352907 0.240532 0.320018 -0.615656
0.359285 -0.814247 0.346791 -0.027829
-0.655730 0.094933 -1.071890 -0.567007
0.686826 -0.328095 -0.319933 -0.626745
0.503061 -0.757592 -1.254556 -0.912846
0.026359 -0.995687 0.028716 -0.644601
0.727232 -0.416924 0.092707 0.110075
0.156114 -0.464362 -1.247156 -0.748337
0.341021 -0.947373 -0.615967 -0.332775
-0.244214 -0.539063 -0.109459 -1.146340
0.106695 0.496570 0.777254 -0.475048
-0.433232 0.397045 -0.598866 0.068961
-0.010852 0.232580 -1.350373 -0.290023
-0.010220 -0.171269 -0.484273 -0.826498
0.805381 -0.343431 0.099561 0.435870
0.668140 -0.576282 0.580883 -0.042324
-0.676499 0.224500 -0.266164 -1.091285
0.014993 0.932143 0.040555 -0.446770
-0.264678 0.064131 -0.464743 -0.572198
0.881946 -0.377032 0.759504 0.297097
0.045924 0.227580 0.364638 -0.754114
-0.008986 0.142030 -0.260252 -0.469422
0.616509 -0.199734 0.442375 -0.246921
0.372453 -0.344441 0.143169 -0.267990
-0.031215 -0.850875 -0.239408 -0.870489
-0.087717 -0.028295 -0.403405 -0.728084
-0.261458 0.139956 -0.568718 -0.779071
0.400266 -0.020568 -1.289174 -0.531076
-0.065279 -0.276798 -1.326186 -0.300231
0.132693 -0.431394 -0.752170 -0.965465
0.360079 -0.243024 -0.490922 -0.481176
-0.045031 -0.245412 -1.380061 -0.462201
0.736649 0.283877 0.047283 -0.705374
0.064287 -0.465640 -1.109854 -0.250425
-0.404733 0.554217 -0.110265 -0.894336
0.178517 0.063304 0.128494 -0.299596
0.281549 -0.675129 -1.430418 -0.062812
-0.098542 0.490681 0.215849 -0.668498
0.306621 -0.595441 -0.250453 -0.279650
0.658071 -0.610542 -1.125058 0.025881
-0.569378 -0.224438 -0.825630 -0.641934
-0.007194 0.020244 -0.108052 -0.719882
0.108271 -0.251610 -0.696829 -0.921432
-0.097077 0.356955 0.655997 -1.156954
-0.147251 -0.467451 -1.043865 -0.393434
0.177018 -0.508037 -1.177237 -0.044984
-0.190704 -0.280061 -0.307178 -0.463402
0.261595 -0.413927 0.122649 -0.821727
0.157353 0.209989 -0.432851 -0.947097
-0.047763 0.359555 -0.908174 -1.020477
0.482443 -0.723403 -0.884001 -0.190054
-0.296079 0.751634 -1.081734 -0.827329
0.391597 -0.146050 -1.102622 -0.741477
0.340061 0.207318 -0.406826 -0.787228
0.124298 0.071369 0.110933 -1.491871
0.216352 -0.894187 -1.120941 0.206246
-0.181450 -0.154100 0.161690 -0.094693
0.175317 -0.861732 -0.000978 0.001106
0.027563 0.256875 -0.963658 -0.942751
0.331330 -0.875712 -0.571629 0.441499
0.679796 -0.320051 0.640438 0.113350
0.634483 -0.306221 -0.153478 -0.271266
0.812683 -0.233729 -0.167835 0.073316
-0.728830 0.680152 0.126319 -0.077649
0.105896 -0.133972 0.153918 -0.283033
0.690961 -0.598375 0.718052 -0.275305
0.217515 -0.226793 -0.147335 -0.037550
-0.046823 -1.152624 0.088312 -0.138973
-0.179717 -0.892950 0.580990 -0.194890
-0.002264 1.178866 -0.530701 -0.213577
0.352116 0.057131 -0.118560 0.174230
0.163200 -0.456343 0.561543 -0.252289
0.763402 0.215972 0.819693 0.351854
-0.034920 0.144859 -1.105528 -0.232750
-0.214910 -0.070600 -0.529206 -0.435452
0.494889 -0.644056 -0.193749 0.083007
-0.462994 0.259612 -0.124269 -0.640721
0.447045 -0.576557 -0.180675 0.116341
0.602057 -0.615466 -0.195053 0.159457
1.230160 -0.231929 0.569649 0.054362
-0.030753 0.662388 -0.877342 -1.026863
0.716066 -0.128265 0.365334 -0.777566
0.056137 0.186795 -1.028924 -0.798650
1.074411 -0.095012 0.531238 -0.181590
0.624100 0.043799 0.283003 -0.474462
1.132457 -0.150135 0.217506 0.442006
-0.296577 -0.054133 -0.665710 -0.369616
-0.065360 -0.458177 -1.423426 -0.294537
0.893633 0.242765 0.765857 -0.229715
1.454474 -0.289671 -0.294351 0.032382
0.222805 -0.157560 0.533222 0.322303
0.476738 -0.743877 0.612227 0.062823
-0.083282 0.474017 -0.342153 -1.080403
-0.274891 -0.640064 -0.546452 0.340338
0.380595 -0.259742 -0.833512 -0.493424
0.515387 0.432176 0.005672 -0.132919
-0.003121 0.415427 -0.327857 -0.156710
0.721877 -1.251715 0.040010 -0.422434
-0.091171 0.059026 -0.687747 -0.708098
0.803230 0.073300 0.818434 -0.258437
-0.440791 0.403729 -0.550244 -0.956304
0.234722 -0.109717 0.349473 -0.732053
0.590235 -0.463150 0.611942 -0.710998
-0.130338 -0.080029 -0.622448 -1.217692
0.838411 0.688423 -0.457911 -0.465005
-0.561313 0.076041 -1.039410 -0.307392
-0.066121 0.893451 -0.593094 -0.556428
0.465399 0.861332 -0.244209 0.193425
-0.272270 -0.374104 -0.632715 -0.943260
-0.558717 0.533669 -0.801982 -0.237730
-0.102008 -0.045709 -0.492581 -0.359927
-0.281129 0.426275 -0.607952 -0.709498
0.421909 -0.045716 0.840001 -0.131761
0.366893 -0.189090 -0.121772 -0.324113
-1.237170 -0.078006 -0.382463 -0.731134
0.412142 -0.086396 0.101636 0.209369
0.795325 -0.414538 1.001291 -0.092138
0.844803 -1.150990 0.690082 -0.330735
-0.041338 -0.300802 -0.884528 -0.488646
0.622874 0.007126 0.204939 -0.289144
0.339686 -0.919459 -0.219130 -0.502568
0.760833 -0.842064 0.739302 0.059735
0.672290 0.003089 0.263450 -0.575216
-0.171254 0.447943 0.235199 -0.403933
0.782533 -0.302982 -0.932163 -0.156543
0.747903 -0.739788 -0.340245 -0.206223
0.937057 -0.629820 -0.288801 -0.098154
0.552878 -0.543208 -0.670458 -0.542540
0.593132 -0.380031 -0.874127 -0.732983
-0.470524 -0.404057 -0.118661 -1.294128
0.289754 -0.425956 -0.258472 -0.709573
-0.130338 -0.080029 -0.622448 -1.217692
0.143017 -0.174063 -0.302726 -0.941400
-0.207460 -0.162169 -0.106119 -0.910013
-0.668704 -0.409780 0.350057 -0.334246
-0.773750 -0.252841 0.195982 -0.421664
-0.713019 -0.411669 0.545918 -0.438762
-0.800327 -0.105193 0.117216 -0.433548
-0.754521 -0.340663 0.076400 -0.265904
-0.851475 -0.352361 0.345121 -0.340227
-0.754793 -0.049292 -0.102484 -0.114421
-0.672863 -0.205907 -0.108096 -0.319551
-0.788484 -0.346119 0.112351 -0.383816
-0.742627 -0.249019 -0.019395 -0.270957
-0.693619 -0.264971 -0.297131 0.136696
-0.693910 0.140422 -0.193195 -0.245501
-0.828839 0.445307 0.506958 -0.176392
-0.585970 -0.508826 0.066038 0.378260
-0.832589 -0.043961 -0.300259 0.089418
-0.954596 -0.067471 -0.076622 -0.222378
-0.885690 -0.067471 -0.075407 -0.130438
-0.761208 -0.440745 -0.198644 0.115882
-0.792267 0.216655 -0.683590 0.185341
-0.753370 -0.221966 0.192423 -0.476356
-0.757355 -0.492332 0.372408 -0.436121
-0.572294 -0.535293 0.410991 -0.134071
-0.889889 0.025796 -0.077827 -0.175264
-0.630392 -0.084208 0.160909 -0.323943
-0.634084 -0.200659 0.139369 -0.209227
-0.805610 -0.258239 0.050019 -0.064203
-0.434061 0.109383 0.185227 -0.743914
-0.860455 -0.153599 0.029532 -0.349970
-0.977204 -0.450722 0.108832 -0.118753
-0.248763 0.323901 -0.198053 -0.350757
