0.168363 0.541924 -1.483150 -0.657563
-0.112903 0.248614 -0.616346 -0.843553
-0.325066 -0.658253 -0.862731 -0.401796
-0.332908 -0.481826 -0.768091 -0.204273
0.009592 0.288855 -0.930905 -0.448568
-0.528954 -0.255940 0.208374 -0.819615
0.337444 -0.177461 -0.689940 -0.088098
-0.286592 -0.107882 -0.655328 -0.231176
-0.605351 0.373725 -0.418370 -0.021490
-0.069701 -0.246007 -0.724724 -0.384470
0.766615 -0.005141 -0.450275 0.164568
-0.305854 -0.529389 -0.778826 -0.669238
0.789983 -0.720714 -0.039768 -0.506975
-0.275090 -0.047087 -1.165990 -0.489302
0.108206 -0.533055 -0.520601 -0.558607
0.213031 0.285948 0.527035 -0.483772
0.262705 0.194907 -0.723106 -0.223169
0.513906 -0.422652 0.778256 -0.163674
0.838015 0.042709 0.147228 0.418202
0.331294 -0.346399 -0.115864 -0.478690
-0.125927 0.340441 0.276582 -0.478695
0.225396 -0.551257 -0.719272 -0.142825
0.149223 -0.291176 0.445259 -0.287024
-0.307594 -0.568496 -0.095200 0.083007
0.910665 -0.365292 0.127352 0.011604
0.477413 0.078099 0.850841 -0.454913
-0.357236 -0.112179 0.142698 -0.191949
0.271995 -0.949758 -0.491762 0.064546
-0.134992 -0.262400 -0.222733 -0.185019
-0.258108 0.008992 0.131583 0.244577
-0.598067 -0.219056 -0.039778 -0.854555
-0.124594 0.114210 -0.283178 -0.305568
-0.403723 -0.008947 -0.796889 -1.191331
0.151685 -0.132211 0.095884 -0.176002
-0.105522 -0.298454 -1.367096 -0.243791
0.433878 -0.234858 -0.858544 -0.737868
0.315352 0.106813 -0.759597 -0.806304
-0.074620 -0.881848 -1.154318 -0.339338
-0.264931 -0.493026 -1.209683 -0.394134
-0.059335 -0.433824 -0.283720 -1.125411
-0.200435 -0.253364 -0.820331 -0.623075
-0.994439 -0.337148 -0.702481 -0.850310
0.546900 -0.070716 0.237776 0.207275
0.579576 -0.586278 0.590871 -0.142373
0.603545 -0.245286 0.738444 0.013114
-0.136511 -0.695484 0.820229 -0.318826
-0.298019 -0.295782 0.517570 -0.460555
-0.373114 -0.664145 0.048969 -0.051686
0.764683 0.119074 -0.297203 -0.292311
0.574837 0.058994 -0.187738 -0.065451
0.564150 0.027238 0.742096 0.036267
0.306056 -0.506624 0.628810 -0.094395
0.784851 -0.363641 0.597817 0.381145
0.427199 -0.226244 0.278591 -0.479041
0.958314 0.146087 0.121338 -0.475036
0.943834 -0.834032 0.066636 -0.416615
0.398307 -0.512188 0.155322 -0.057580
1.025815 -0.925660 -0.187839 0.131643
1.023159 -0.944362 0.742764 -0.138923
0.035566 -0.563071 -0.520342 -0.548400
0.771281 0.735557 0.154036 -0.594838
0.364830 -0.753992 0.015001 -0.267127
0.361356 -0.243306 0.265261 0.073380
-0.108370 0.143304 0.378202 -0.636637
0.483553 -0.074818 -0.145808 -0.221916
0.370165 0.071267 0.307359 -0.514925
0.213026 -0.286723 0.466046 0.409495
0.418815 -0.114464 0.605931 -0.553402
0.237171 -0.258095 -0.054356 -0.367259
0.141319 0.151848 -0.089469 -0.298718
-0.244877 -0.072755 0.350426 -0.448919
-0.326736 0.707676 -0.680212 -0.654798
0.136343 -0.581281 -0.202820 -0.210076
1.169748 -0.229585 -0.946860 -0.416094
0.365790 -0.137021 0.107813 0.121392
0.318408 -0.014348 0.728173 -0.276152
0.469027 -0.556819 -0.609401 -0.223830
0.154970 -0.147619 0.328989 -0.234214
0.293336 -0.320732 -0.847053 0.183351
-0.183208 0.257455 -0.107452 -0.226669
1.478260 -0.749475 0.596171 0.286033
0.940049 -0.263175 0.135704 0.068345
-0.376182 0.116884 -0.818319 -0.089124
0.743109 -0.800143 0.032818 -0.761471
0.148082 -0.506274 -0.681548 -0.667008
0.078971 0.225413 -1.009766 -0.252652
0.264078 0.582620 -0.599395 -0.521920
0.223825 -0.259360 0.187142 -0.339685
-0.503487 0.140974 -0.807358 -0.263468
-0.054461 0.114274 -0.132638 -0.296690
0.048998 -0.240368 -0.374949 -0.862302
-0.075101 0.473036 -0.941115 -1.017789
0.635997 -0.745797 -0.148825 0.148902
-0.494932 -0.445754 -0.366030 -1.040610
0.260401 -0.279346 -1.195860 -0.068764
0.194760 1.264586 -0.011017 -0.525443
0.104654 0.165236 0.063864 -0.414526
0.837682 -0.509860 0.224058 -0.236608
0.080768 -0.919634 -0.148249 -0.050115
0.075013 -0.134520 0.081057 0.117446
-0.271677 -0.340751 -0.795356 -0.097256
0.346745 -0.229205 -0.209772 -0.320824
-0.091733 -0.481291 -0.179122 -0.212585
-0.308387 -0.147585 -0.521895 -0.422908
1.169748 -0.229585 -0.946860 -0.416094
-0.237073 -0.447849 -0.762267 -0.161177
0.318408 -0.014348 0.728173 -0.276152
0.880986 -0.858555 0.145379 -0.039231
-0.150711 -0.847079 -0.655393 -0.504266
-0.243678 0.545891 -0.764297 -0.638683
0.368138 -0.395004 0.426344 -0.668391
-0.025973 -0.619289 -0.785517 -0.009713
-0.453951 0.568805 0.040204 -0.426243
0.349054 -0.307714 0.097354 -0.112500
-0.063332 -0.298070 -0.379508 -0.522643
-0.018356 -0.211121 -0.290750 -0.113521
-0.803176 -0.110377 0.100153 -0.440507
-0.635795 -0.421021 0.463433 -0.411801
-0.603826 -0.232572 0.107307 0.396940
-0.904271 -0.334067 0.225449 -0.738734
0.211254 -0.611829 -0.787741 -0.416260
-0.774847 -0.336510 0.122454 0.036108
0.082803 -0.040134 -1.279779 -0.517923
-0.680444 -0.321566 0.230692 -0.148181
-0.881284 0.231298 -0.126624 -0.637614
-0.831463 -0.260447 0.316706 -0.454301
-0.822849 -0.090957 0.174518 -0.327825
-0.797869 0.127543 0.205242 -0.171440
-0.811191 -0.185560 0.150796 -0.272031
-0.785014 -0.160993 0.221131 -0.171789
-0.746792 -0.200945 -0.022518 -0.260397
-0.905811 0.040310 0.128676 -0.387387
-0.782646 -0.275259 0.124105 -0.437913
-0.771600 -0.288282 0.310303 -0.448054
-0.825106 -0.192176 -0.270163 0.270852
-0.873668 -0.093542 -0.062650 -0.170641
-0.683763 -0.089617 -0.309043 -0.202091
-0.246456 -0.626460 0.426615 -0.241904
-0.845002 -0.206538 0.044210 -0.278427
-0.888635 -0.030682 -0.136648 -0.085101
-0.716953 -0.446397 0.283130 -0.395965
-0.949003 0.043477 -0.221864 -0.213593
-1.077370 0.036920 0.080424 -0.500994
-0.545700 0.142496 0.120469 -1.007888
-0.958651 0.101130 -0.069217 -0.339258
-0.787201 -0.269535 -0.095991 0.041361
-0.963319 -0.239471 -0.094092 0.120348
-0.747814 -0.288157 -0.094652 0.048201
-0.804981 -0.222205 -0.024272 -0.080719
-0.867748 -0.088005 0.020509 -0.033765
-0.798131 -0.197983 -0.003043 -0.162446
-0.959862 -0.156052 -0.386765 0.145965
-0.844908 -0.061321 -0.163151 -0.030033
-0.901576 -0.186459 0.065029 -0.199332
-0.717376 -0.031359 0.064003 -0.063287
-0.726802 -0.387455 0.105305 0.098718
-0.305347 -0.764752 -0.163349 -0.585337
-0.813938 -0.365623 0.209426 -0.156670
-0.811528 -0.297927 0.300710 -0.428068
