0.237016 0.625992 0.106650 0.079308
0.324415 0.308469 -0.729841 -0.187362
0.078387 -0.446551 0.443438 0.156626
0.404119 -0.346304 0.318026 -1.057797
0.130620 -1.156099 0.054550 0.102688
-0.343290 0.050589 -0.188466 -0.180341
0.152610 -0.570930 0.779071 0.019780
0.606850 -0.472599 -0.242791 -0.204547
0.610889 -0.077150 0.213153 0.060356
0.267906 0.068378 0.010310 0.015247
0.675612 -0.180518 0.544634 0.058413
0.104127 -0.681496 0.882641 -0.356320
-0.106298 -0.219302 0.715761 -0.163362
-0.381807 0.049271 0.316834 0.106428
-0.309949 -0.233309 -0.674897 -0.150607
0.495128 -0.340598 0.493070 0.013794
0.393415 -0.619288 0.622771 -0.109551
0.637180 -0.243783 -0.219394 0.158251
0.434211 -0.345047 0.013819 -0.050493
0.197587 -0.451156 -0.295246 -0.238367
-0.095563 0.238762 -0.106579 -0.047181
0.613849 -0.915357 0.633189 0.263598
0.195350 0.046326 0.353109 -0.464197
0.264953 -0.698289 0.055034 -0.201480
0.092886 -0.599913 0.386332 -0.114981
1.067103 0.604277 0.371043 0.241584
0.516751 -0.590725 0.266491 -0.378700
0.074791 -0.001766 0.207531 -0.509676
0.791327 -0.506621 0.437220 0.373001
0.982717 0.053958 0.524380 0.425426
0.910536 -0.524965 0.096770 -0.136558
1.061125 -0.657868 0.315074 -0.050217
1.049676 -0.394819 -0.093570 -0.060823
1.415969 -0.479045 -0.348921 0.287099
0.999372 -0.124253 -0.436477 -0.213017
-0.158310 0.088648 -0.837224 -1.189470
1.105410 -1.089253 -0.646317 0.006615
0.271728 0.998901 0.177453 -0.318753
0.896469 0.201051 -0.232784 -0.126309
0.218013 -0.337034 0.604147 -0.389986
0.791986 -0.296607 -0.282418 0.203207
0.853234 -0.219295 0.225438 0.131947
0.046921 0.315787 0.037088 -0.304133
0.330339 0.029627 -0.479322 0.275288
0.416140 -0.042763 0.232131 -0.417383
0.417672 -0.480940 0.204766 0.015320
0.164541 -0.322149 -0.941168 -0.592338
0.167275 0.652014 0.310666 0.207760
0.295638 -0.617445 -0.568843 0.076554
0.172313 -0.997963 0.156575 0.030406
0.244470 -0.441168 0.566109 -0.630226
0.043507 -0.332613 -0.439042 -0.506385
-0.228386 -1.128507 0.127488 -0.347502
0.316723 -0.254934 -0.012499 -0.102316
0.673458 0.058820 -0.029683 -0.233794
0.299713 -0.442277 -0.188314 -0.570571
0.147837 0.378077 -0.551525 0.275276
0.125912 -0.438351 0.190236 -0.385992
0.299602 -0.318597 -0.086637 -0.505894
0.325904 0.287565 0.637318 -0.149387
0.404401 -0.588658 0.056063 -0.351928
0.362038 -0.049723 0.052359 -0.066799
-0.158839 -0.079210 -0.427286 -0.099802
-0.054791 -0.031691 0.227512 -0.670130
-0.312013 -0.444264 0.514957 0.184987
0.243470 0.666167 1.248046 -0.063061
0.308348 0.529117 -0.642358 -1.274195
0.080525 -0.604510 -1.079205 -0.888187
0.283484 -0.637259 0.048825 -0.167017
0.294606 -0.481998 0.171588 0.428426
0.646838 -0.990975 -0.309616 0.312039
-0.515123 0.031360 -0.536586 -0.567101
0.096509 -0.773032 -0.100533 0.182708
0.123177 0.090891 -0.580233 -0.084889
0.577847 -0.595978 -0.198268 -0.002012
-0.410622 -0.183666 -0.304661 -0.226327
-0.104414 0.413099 0.509586 -0.814388
-0.125144 0.060005 0.020954 -0.474452
-0.357666 0.074542 -0.807337 -1.087470
-0.331222 0.271771 -1.064919 -0.259418
-0.234841 -0.322570 -0.936729 -0.861526
-0.360560 0.544213 0.199392 -0.255480
0.156381 0.276024 -0.880382 -0.817579
0.018835 -0.141911 -0.480478 -0.466956
-0.084099 -0.172163 -1.628154 -0.253006
0.325598 0.608216 -0.131389 -0.140921
-0.354144 0.079355 -1.095880 -0.667575
-0.378205 0.021048 -0.268570 -1.128477
-0.217437 0.431198 -0.016278 -1.082797
0.179874 0.453028 -0.557165 -0.710968
-0.296420 0.753663 -0.543643 -0.501849
-0.448092 0.840609 -0.217478 -0.743944
-0.418518 -0.279805 -0.786478 -0.090296
-0.192716 -0.226840 -0.878917 -0.502262
-0.089498 0.171690 -0.230140 -0.659840
0.420102 0.030142 0.126482 -0.096851
0.463294 -0.591907 -0.903955 -0.083887
0.016169 -0.159905 -0.471068 -1.043606
0.479162 -0.088420 0.049500 -0.721047
0.279443 -0.245436 -1.378395 -0.434511
0.145815 0.521294 -0.257860 -0.869014
-0.328630 -0.492338 -0.884031 -0.140546
-0.511773 0.091973 -0.167565 -0.450956
0.757548 -0.440923 -0.179163 0.176174
-0.086232 -0.062691 0.136862 -0.415289
0.080525 -0.604510 -1.079205 -0.888187
-0.094227 -0.262541 0.417087 -0.633759
0.199295 -0.719186 0.592231 -0.128969
0.380538 -0.214179 0.130833 0.000899
0.734141 -0.759446 0.317749 0.055678
-0.134193 -0.226244 -0.137715 -0.367172
0.080467 -0.736405 0.239367 0.267843
-0.173812 -0.803580 -0.150243 -0.004357
-0.389499 -0.403243 -0.336926 -0.509473
0.500150 -0.552683 0.395528 -0.176236
-0.059537 -0.147676 0.063193 -0.574744
-0.195558 0.159802 -0.751154 -0.985831
0.142418 -0.268462 0.225367 -0.603471
-0.448018 0.018851 -0.607701 -0.755842
0.073602 0.266525 -0.315023 -0.910390
-0.769015 -0.134498 -0.812619 -0.270813
0.278602 -0.222670 -1.032864 -0.826429
0.287300 -0.213926 0.384137 -0.220648
0.049511 0.398902 0.280120 -1.042751
0.601643 -0.117820 0.230527 0.079480
0.800296 0.101236 0.495331 -0.300845
0.682593 -0.536400 -0.230907 -0.980540
-0.712974 0.115378 0.076725 -0.529837
-0.754298 -0.322561 0.124257 -0.530574
-0.832170 -0.143084 0.039733 -0.303640
0.195383 -0.207251 0.418583 -0.327925
-0.871602 0.017599 -0.143625 -0.028056
-0.767475 -0.353298 0.069162 -0.487507
-0.741924 -0.178119 -0.128600 0.036497
0.075573 -0.170313 -0.108292 -0.007923
-0.297296 -0.117329 -0.165439 -0.319945
-0.851112 -0.038692 -0.147054 -0.000631
-0.732399 0.151601 -0.747270 0.212045
-0.793417 -0.159199 0.070527 -0.188940
-0.735515 -0.162921 0.229820 -0.534074
-0.652829 -0.445199 0.501722 -0.433873
-0.875913 -0.292267 0.161493 -0.232038
-0.903161 -0.325163 0.025635 -0.372205
-0.529314 -0.129804 -0.184493 -0.574410
