1.196631 -0.386630 -0.072398 -0.592065
0.663027 0.232322 0.340346 0.087449
0.064524 -0.121021 0.092225 -0.851610
-0.255397 -0.451169 -0.252735 -0.221819
-0.047568 -0.663800 -0.631177 0.249179
0.324216 -0.712951 -0.496525 -0.614219
0.833412 -0.503670 0.794400 -0.542602
0.192564 -0.045604 -0.672737 -0.058352
-0.013951 0.281395 -0.224417 -0.465836
0.194332 -0.504181 -0.924789 -0.207180
-0.170823 -0.380575 -0.353728 -0.251906
0.352495 -0.004472 -0.292335 -1.145725
1.112876 -0.495854 0.441631 0.363642
-0.210632 0.103522 -0.831896 -1.300788
-0.308752 0.645833 -0.436377 -0.685642
0.434320 -0.597367 -0.578040 -0.659294
0.517479 -0.309614 -0.680224 -0.821771
0.548365 0.096635 -1.153688 -1.320654
0.296216 -0.462095 -0.748000 -1.038570
-0.024237 -0.046356 -0.729655 -0.579400
-0.198890 0.055555 -0.850742 -0.812814
-0.680256 -0.334706 0.010486 -0.944136
-0.007876 -0.137351 -0.335300 -1.075099
-0.617140 -0.221436 0.376560 -1.212647
-0.223946 0.245278 -1.058903 -0.930699
-0.201325 -0.264662 -1.246567 -0.071942
-0.006085 -0.219899 0.566927 -0.055431
-0.100414 -0.853942 -0.196393 -0.165586
-0.352271 0.066816 -0.560161 -1.580385
-0.345632 0.187827 -0.833988 -0.835244
0.220417 -0.978067 -0.724819 -0.314738
0.056008 -0.469773 -0.871495 0.071023
0.361727 0.506593 -0.372740 -0.638374
0.480027 0.098434 -0.152002 -0.051536
0.781779 -0.177996 -0.293246 0.239422
0.651128 -0.512977 0.204865 -0.212019
0.797112 -1.007627 0.046019 0.308784
0.295449 0.790963 -0.399066 -0.099763
0.134589 -0.791997 -0.377400 -0.063354
0.510266 0.095726 0.350490 0.137826
-0.386837 0.220187 0.761433 -0.588610
0.390379 -0.523235 -0.232805 -0.082611
0.040680 -0.300077 -0.302400 -0.055611
0.151106 -0.167739 -0.025792 -0.066854
-0.115323 -0.674596 -0.305857 -0.079505
0.157545 -1.141791 0.639165 0.425903
0.864941 -0.495075 0.383820 0.541590
-0.124250 -0.588596 0.826813 -0.148917
0.466713 -0.013965 -0.172330 0.018973
1.187309 -1.038208 0.194866 0.010574
0.776657 -0.084790 -0.439964 -0.367637
-0.053767 -0.854444 -0.198755 -0.098334
0.679441 -0.759046 -0.070311 -0.313519
0.089333 -0.213391 1.002405 -0.133927
-0.163834 0.588289 0.250609 -0.606070
-0.277890 -0.381664 0.263678 -0.556121
0.295901 -0.464837 0.303034 -0.016294
0.375189 0.757803 0.146959 -0.278702
0.600429 -0.769654 -0.329246 0.078415
0.845473 -0.066805 0.432202 0.197354
1.149575 -0.610653 -0.362086 -0.208705
0.154328 -0.543777 -0.152203 0.075042
1.275740 -0.885238 0.447433 0.142890
1.141452 -0.760704 0.450655 0.562882
0.961005 -0.077922 0.253727 -0.306487
0.399982 -0.320679 -0.111990 -0.452204
0.929050 -0.775411 0.811215 -0.382176
1.012350 -0.581095 -0.101709 -0.439703
0.739708 -0.530801 0.306769 -0.126822
0.390004 -0.648751 0.317196 -0.201592
1.364803 -0.442335 -0.008727 0.071719
0.281047 0.157778 0.203809 -0.093388
-0.160905 -0.054554 0.513783 -0.509605
1.245093 -0.643723 0.245112 0.015209
0.308648 -0.266902 -0.214016 -0.985841
0.148205 -0.160804 -0.126602 -0.268006
0.895096 -0.515377 0.343719 -0.437382
0.117490 -0.007061 0.171345 -0.973627
0.237896 -0.734061 -0.016878 -0.323093
-0.470901 0.083459 -0.451497 -0.358678
0.039107 0.125761 0.554769 -0.059623
-0.229581 -0.173462 0.181902 -0.304369
0.475976 0.142024 0.669796 -0.282787
0.403712 0.614693 -0.770936 -0.378001
1.062499 -0.259212 -0.516068 -0.173504
0.792857 -0.924033 -0.266031 0.553416
0.889154 -0.914110 0.024863 0.404686
0.862020 -0.804905 -0.003722 0.146975
1.159141 0.071661 -0.171172 -0.283888
0.371639 0.431750 0.179484 -0.277533
0.366921 0.135268 -0.306855 -0.280555
0.063759 0.187916 0.125377 -0.975586
0.256639 0.198341 -0.608916 -0.446672
0.267460 0.148738 -0.578548 -0.327669
1.006975 -0.126743 0.089874 -0.181208
-0.277283 0.095582 -0.876388 -0.398556
0.354706 -0.348945 -0.275987 -0.006410
0.570916 0.271625 -0.213627 -0.041319
0.219199 0.396820 -0.024369 -0.678531
-0.428473 0.208735 -0.664633 -0.302204
0.354141 -0.092197 -0.423088 -0.243052
-0.132562 0.045673 -0.303462 -0.103958
0.032879 0.211068 -0.273619 -0.968515
-0.213798 -0.499866 -0.651417 -0.864015
-0.339734 -0.827355 -0.865155 0.029678
-0.898561 0.313276 -0.986632 -1.025946
-0.634735 0.214930 0.398808 -0.168125
-0.463834 -0.127679 -0.266300 -0.311861
-0.277494 0.332811 -0.727437 -0.615385
-0.660904 0.400927 -0.826807 -0.322543
-0.483440 -0.140312 -1.280537 -0.068987
0.461467 -0.936356 -0.478903 -0.408291
0.534733 -0.454141 -0.658408 -0.619871
0.250781 -0.121084 -0.938129 -1.085783
0.470675 0.309852 0.177435 -0.352149
-0.191449 0.076677 0.429341 0.035445
-0.116007 -0.822794 -1.354612 -0.430209
-0.661040 0.077548 0.284291 -0.496615
1.404390 -0.753531 0.240757 -0.002128
1.619609 -0.887245 -0.158240 -0.284706
0.366595 0.408566 -0.001653 -0.753860
0.491059 0.388059 -0.843843 -1.371629
0.002537 -0.479655 -1.084722 -0.883003
-0.355189 -0.053388 -0.493493 -0.398133
-0.321194 -0.472097 -0.860959 -0.901723
-0.774013 -0.285992 -0.062538 -0.066206
-0.702862 -0.073312 0.152897 -0.361472
-0.977289 -0.179645 -0.062478 -0.220347
-0.745076 0.321584 -0.480039 0.107390
-0.583283 -0.104172 0.494142 -0.587742
-0.783846 -0.376251 0.193768 -0.246154
-0.852305 -0.008401 -0.120392 -0.118055
0.045035 -0.149322 0.121017 -0.520978
-0.768610 -0.288349 0.185685 -0.175314
-0.832991 -0.041446 -0.035021 -0.119883
-0.750818 -0.221987 0.205009 -0.356216
-0.211967 -0.372143 0.320610 -0.771589
-0.769076 -0.122157 0.613917 -0.747553
-0.262416 -0.527944 0.614972 -0.545700
-0.333101 -0.090181 -0.030489 -0.488073
