-0.745686 0.146966 -0.142078 -0.840128
-0.282657 0.120047 0.001048 -1.002112
0.873439 -0.229341 0.132226 0.356823
1.213873 -0.696150 -1.198225 -0.355891
-0.379396 -0.599667 0.490511 0.045067
1.180532 -0.127199 0.799484 0.102921
0.061162 0.126027 -0.437290 -0.728820
-0.328614 -0.641310 0.168912 -0.388853
-0.071359 0.120771 -0.439403 -0.134106
0.410260 -0.053312 0.597544 -0.928335
0.346654 0.010623 0.607506 -0.668120
0.310904 -0.261231 -1.450118 -0.121465
0.686147 -0.190085 0.095585 0.194087
0.132624 -0.159919 0.518191 0.008730
-0.049841 -0.142354 -1.041781 -0.202945
1.250983 -0.509073 0.013597 -0.172153
-0.194809 -0.588367 -1.214082 -0.651884
-0.286444 -0.392103 -0.796438 -0.545210
0.564122 -0.021041 -0.249553 -0.741222
0.297303 -0.321600 -0.707112 -0.199737
0.158436 0.342624 -0.214657 -0.331261
0.242958 0.347366 -0.227555 -0.064220
0.064348 0.163402 0.055398 -0.078881
-0.324775 -0.308886 -0.396236 0.057784
-0.190880 0.232691 -0.440596 -0.747747
-0.272426 0.424135 0.077608 0.241721
0.519559 -0.527838 0.126796 -0.283618
0.606286 0.254311 -1.016333 -0.100919
-0.197441 -0.213034 -0.623021 -0.647032
-0.342239 -0.315381 -0.974833 -0.326702
-0.456159 0.141718 -0.722627 -0.393778
-0.499592 -0.259920 -1.459799 0.025492
-0.842003 0.595474 -0.148946 -0.200036
-0.335767 0.134263 -1.512820 -1.233717
-0.674058 0.241227 -0.220479 -1.006926
-0.271229 -0.578214 -1.068059 -0.656092
-0.406538 0.923312 0.020942 -0.543365
-0.217591 -0.161896 -0.998050 -0.784975
0.063010 -0.344313 -1.347110 -0.732605
0.839502 -0.459017 -0.936066 -0.685932
0.211798 0.225619 -0.575044 -0.729462
-0.020075 0.119441 -0.267781 -0.817439
0.819206 0.495380 -0.335652 -0.645360
0.250128 1.027527 -0.974858 -1.115848
0.737861 0.433998 -0.061843 -0.606041
-0.137361 -0.945965 -1.308413 0.211493
-0.083233 -0.852910 -1.062399 -0.049086
-0.081572 0.306355 0.426702 -1.104084
-0.037051 -0.356223 0.106165 -0.679917
-0.368785 0.158143 -0.040093 -0.963313
-0.053208 0.718673 0.334628 -0.488728
0.271136 -0.073969 0.722609 0.178707
-0.240145 -0.196358 -1.662369 -0.219776
-0.402581 -0.018838 -1.209603 -0.712401
-0.669165 -0.248062 0.351346 -0.278775
-0.660450 0.324010 -0.172756 0.118476
-0.792649 -0.357004 -0.285026 -0.152468
-0.222968 0.143810 0.157977 0.290390
-0.506155 0.373884 -0.872785 -0.164868
-0.230172 -0.168276 -0.794588 -0.711540
-0.362121 0.068494 -0.431798 -0.103150
-0.114140 -0.466320 -0.192904 0.288087
-0.237713 -0.293090 0.340157 -0.249579
-0.509092 0.541998 -0.427969 0.134916
-0.036256 -0.055549 -0.644711 -0.476944
0.710380 -0.294895 -0.052648 -0.232145
-0.009803 0.337722 -0.669575 -0.766227
0.634790 0.027739 0.467869 0.184960
0.039710 -0.609778 1.483990 0.156817
0.970089 -0.123301 -0.592653 -0.595398
1.210397 -0.584518 0.227791 0.420519
1.095942 -0.629615 0.311836 0.436022
0.638039 -0.085050 -0.537645 -0.871856
-0.477083 -0.658596 0.753091 -0.113925
0.861699 -0.582877 0.688829 0.159197
0.145691 -0.494080 -0.887864 -0.468429
-0.407710 0.004620 0.502517 -0.806092
-0.300334 -0.551413 0.127658 -0.258340
-0.738180 -0.165456 0.060055 -0.353789
-0.821064 -0.324159 0.368910 -0.416636
-0.845230 -0.368601 0.100397 -0.143685
-0.839806 -0.166782 -0.293018 0.055657
-0.892053 0.034479 -0.272307 0.032347
-0.744843 -0.045358 0.034006 -0.187315
-0.732934 0.125147 0.156766 -0.474801
-0.272881 0.180931 -0.413385 0.053786
-0.871312 -0.145967 0.200734 -0.315789
-0.599936 0.236993 -0.297225 -1.026305
-0.420621 -0.042693 0.153454 -0.853122
-0.993092 -0.248277 0.462175 -0.423106
-0.837589 0.215974 -0.029175 -0.016419
-0.665186 0.834818 -0.257215 -0.849738
-0.919624 -0.138825 -0.083762 0.098929
-0.964597 -0.222065 -0.099639 0.082442
-0.698237 0.029668 -0.138184 -0.064129
-0.238740 -0.136590 -0.369983 -0.357837
-0.912117 -0.186794 0.056425 0.001452
0.505375 0.083374 -0.000038 -1.009491
-0.594364 0.100102 -0.213847 -0.040000
-0.816784 -0.204222 0.033657 -0.084700
-0.821081 -0.260605 0.291640 -0.398483
-0.846964 0.166016 -0.428340 0.000950
-0.829084 -0.368128 0.170137 -0.103660
-0.856785 0.014468 0.052663 -0.301218
-0.739314 -0.101241 0.266060 -0.690828
-0.250930 0.138939 -0.257197 0.171747
-0.701412 -0.190206 -0.091110 -0.381853
-0.433049 0.150545 -0.044329 -0.052373
-0.737167 -0.254841 0.118414 -0.124491
-0.920340 -0.116569 0.097204 -0.299986
-1.055791 -0.264691 -0.151682 -0.041926
