0.795899 0.343274 0.084300 -0.544908
1.246352 -0.311970 0.594936 0.398737
-0.317432 -0.115687 -0.192727 -0.888359
-0.457389 -0.462331 -0.192545 -0.924735
-0.229598 -0.367204 -0.595998 -0.258910
0.870182 0.512977 -0.165039 -0.845345
0.681807 0.886535 -0.737749 -0.841144
0.431244 0.053679 0.295553 -1.234924
-0.441245 -0.082976 -0.628065 -1.118628
-0.383888 0.603481 -0.665402 -0.021607
-0.264841 0.624432 0.454658 -0.447035
-0.063319 -0.770302 -0.869876 -0.016664
-0.568357 0.349574 0.011709 -0.148099
0.536292 -0.456781 0.091118 0.304744
0.346619 0.104023 -1.086824 -0.775222
0.049651 0.553152 0.289964 -0.325076
0.808705 0.745232 -0.615458 -0.844744
-0.001114 0.382300 -0.800595 -1.096237
0.016110 -0.056133 0.022740 -0.360137
0.718427 -0.268839 -0.246433 0.009985
0.180555 -0.044026 -0.177052 -0.241581
-0.321241 0.770394 0.188791 -1.055783
-0.041686 -0.344749 -0.561649 -0.525964
0.789792 -0.425507 0.300298 0.191724
-0.068859 0.585253 0.019372 -0.054435
-0.091022 -0.513648 -0.555361 -1.375642
0.288559 0.200998 0.130120 -0.469924
-0.137935 -0.021709 -0.266022 -0.449685
0.362732 -0.755532 -0.324904 0.338893
-1.078322 0.225779 -0.341583 -0.946096
-0.069007 -0.958879 0.042443 -0.417886
0.026086 0.668824 0.027345 -0.587041
-0.475902 -0.314684 -0.854266 -0.414410
0.409617 0.003162 -0.726612 -0.488385
0.396107 -0.026009 -0.410599 -0.871464
-0.103296 0.087030 0.013256 -0.270286
-0.404143 0.386482 0.300648 -0.132229
-0.276693 -0.298420 0.027618 -0.367418
-0.264449 -0.341817 -0.651905 -0.205701
-0.438315 -0.639454 -1.209729 -0.299630
-0.042989 0.486683 -0.225112 -1.040677
0.193232 -0.094018 -0.075829 -0.087245
0.269697 -0.252263 -0.165252 -0.164430
-0.386607 -0.448531 -1.176200 -0.553242
0.409922 0.712605 0.531837 -0.911863
-0.466979 -0.505842 -0.912967 -0.449422
0.592772 -0.911062 -0.485934 -0.517297
0.268718 -0.347539 -0.824826 -0.763195
-0.343023 -0.221986 -0.432681 -0.239370
-0.051259 -0.354496 -1.058630 -0.435633
-0.082432 0.441490 -0.192606 -0.395446
-0.339386 -0.276336 -0.171387 -0.827381
0.175518 0.017876 -0.756007 -0.632828
0.215469 -0.143572 -1.692229 0.174659
-0.880869 -0.278112 -0.877776 -0.661437
0.610251 0.181688 -1.174651 -0.516224
0.433810 -0.463259 -0.568126 -0.391301
0.482837 -0.235461 0.404843 -0.688858
0.129190 0.019725 -1.039779 -0.441478
0.376929 0.020827 -0.148557 -0.707412
0.437005 -0.542149 -0.693188 -0.310086
0.428170 -0.387007 -0.579062 -0.440226
-0.375239 -0.592562 -0.931121 -0.500494
-0.437790 -0.536984 -1.046526 -0.589380
-0.421639 -0.831167 -1.369796 -0.623561
0.046504 -0.575945 0.484892 -0.785019
0.104684 -0.165227 0.308134 -0.970654
0.108909 -0.680831 -0.661507 0.050351
0.524645 -0.331929 -0.242503 -1.208995
0.135070 0.046524 0.171661 -0.731142
0.076901 0.014669 -0.772593 -0.365227
-0.188524 -0.531211 -0.047767 -1.387395
-0.066946 -0.288651 -0.860610 -0.809370
0.397952 0.411048 0.169758 -0.545356
0.672996 -0.952528 -0.838864 -0.370840
0.708081 0.106650 0.043949 -0.116938
-0.288524 -0.139469 -0.792977 -0.551095
0.662254 -0.215281 0.020182 -0.646614
0.664757 -0.745043 -0.415985 -0.602797
0.758765 -0.803636 -0.617513 -0.429833
0.632629 -0.279510 -0.212147 -0.741661
-0.026155 -0.089692 -0.636455 -0.703544
0.402866 0.315044 -0.023064 -1.047850
0.675808 0.320149 -0.743103 -0.725166
-0.024049 -0.232455 -0.929056 -0.638026
-0.048982 0.087459 0.100368 -0.570535
0.753323 0.150518 0.073383 -0.356778
0.548543 -0.009405 0.236382 -0.653274
0.559932 0.515179 0.263046 -0.439169
0.170001 -0.727101 -0.338793 -0.140625
-0.585977 0.163650 -0.590365 -0.854433
-0.441245 -0.082976 -0.628065 -1.118628
-0.043881 -0.315653 0.424834 -0.073442
-0.016433 -0.682587 -0.472246 0.046943
0.234277 -0.009057 -0.336454 -0.098812
-0.735881 0.418353 -0.440594 -0.546076
0.379879 -0.128891 0.124586 -0.110704
0.424199 -0.581636 0.611847 -0.141722
0.180555 -0.044026 -0.177052 -0.241581
0.555520 -0.761231 0.877329 -0.315747
-0.203931 0.072871 0.989953 -0.628177
-0.414343 0.286086 -0.713140 -0.350409
-0.134187 0.282734 -0.966717 -1.303130
0.044263 -1.051473 0.342468 0.016353
0.688803 -0.600669 -0.083458 -0.013697
0.371428 -0.779154 0.540935 -0.096301
0.563375 -0.218006 0.475893 0.013907
0.482615 -0.241600 -0.446165 -0.627373
-0.283304 0.159321 -0.849767 -0.504985
0.469567 -0.214411 0.326334 0.246758
0.530145 -0.931907 0.091745 -0.121737
0.521520 -1.141661 0.743078 -0.011301
0.121704 -0.635520 0.605793 -0.741353
1.145795 0.142152 0.077753 -0.153841
0.416469 -0.010101 0.597178 -0.260624
0.139355 -0.173184 -0.637749 -1.124208
1.158214 -0.243246 0.196961 -0.392312
0.178448 -0.572224 -0.279985 0.086865
-0.257901 0.445480 -0.417539 -0.536744
0.425390 -0.621827 -0.358642 -0.114471
0.470384 -0.606825 0.381977 -0.207175
0.150273 -0.740319 0.205490 -0.187185
-0.190666 0.155995 -1.156400 -0.696947
-0.222150 -0.125058 -0.696257 -0.897526
0.250839 0.823302 0.380266 -0.304302
1.015261 -0.320292 -0.474718 -0.251592
0.434263 0.400776 0.727393 -0.677210
-0.725100 0.308319 -0.290103 -0.361521
0.517815 0.733476 0.038014 -0.424296
0.112755 -0.509458 0.037688 -0.318262
-0.200579 -0.361184 0.251930 -0.000349
-0.038692 -0.094667 -0.402749 -0.424689
-0.237656 0.593358 -0.518011 -0.060337
-0.427170 0.545262 -0.035894 -0.020662
-0.330886 -0.258389 -0.548390 0.244789
-0.755470 -0.304309 -0.053885 -0.099972
-0.626288 -0.132055 0.130221 -0.663066
0.405243 0.157527 -0.943298 -0.622964
0.518952 -0.905609 -0.146727 0.284913
0.232102 -0.115397 -0.221614 -0.644214
-0.227574 -0.329340 -1.203897 -0.234088
-0.271761 -0.361624 -1.499729 -0.372669
0.032626 -0.438281 -0.412308 -0.380864
0.586097 0.212923 -0.212926 -0.802479
-0.266863 -1.036090 -1.211419 -0.382770
-0.104694 0.055181 -0.354607 0.023699
-0.078070 0.394857 0.032005 -0.419766
-0.723386 0.622864 -0.448973 -0.801275
-0.299161 -0.047568 -0.515455 -0.740150
-0.228071 -0.768901 -1.030689 -0.547910
0.804887 -0.047551 -0.586008 -0.501827
0.319284 0.297408 0.131570 0.072611
-0.319013 -0.055749 -0.913531 -0.988589
0.812083 -0.251279 -0.324155 -0.060239
0.129468 -0.291888 0.244084 -1.323730
-0.384963 0.306910 -0.532588 -1.277749
-0.042265 0.100881 0.457988 -0.631978
0.314272 0.020815 1.083077 0.092431
-0.077212 -0.158853 -0.856555 -0.320854
0.722650 -0.045457 -0.670880 -0.610905
-0.313147 -0.259840 -0.471337 -0.774940
0.099557 -0.224485 -0.539519 -0.655846
0.666621 -0.404789 -0.295725 -0.514965
-0.313272 -0.178120 0.258446 -0.312020
-0.532787 -0.497103 0.250205 -0.241799
-1.058038 0.024655 -0.195371 -0.333918
-0.895646 -0.078527 0.204896 -0.536030
-0.284569 0.103757 0.072728 -0.827531
-0.575076 -0.416921 0.190855 -0.452745
-0.823641 0.023023 0.075205 -0.454121
-0.868333 0.066647 0.046195 -0.369931
-0.821268 -0.425170 0.251945 -0.219543
-0.709828 -0.333393 0.244494 -0.461296
-0.383923 -0.303892 0.028859 -0.395042
-0.835998 -0.262617 0.296335 -0.255335
-0.901278 -0.309652 0.121931 0.102479
-0.920538 -0.013100 0.307544 -0.399732
-0.736085 -0.156506 0.175528 -0.698128
-0.696184 -0.024649 -0.039336 -0.479561
-0.974197 -0.049313 -0.074575 -0.058288
-0.881281 -0.115036 -0.068272 -0.509622
-0.556148 -0.349542 0.399381 0.261079
-0.585807 -0.604728 0.100816 -0.398834
-0.663018 -0.038312 -0.036452 -0.274624
-0.915252 -0.099179 0.029101 -0.712399
-0.504046 -0.028788 0.150683 -0.264111
-0.732943 0.011546 0.254203 -0.232823
-0.585915 -0.271332 0.136289 -0.528013
-0.855506 -0.140884 0.116438 -0.325325
-0.458019 -0.066821 0.090781 -0.369184
-0.835998 -0.262617 0.296335 -0.255335
-0.774493 0.066388 -0.129417 -0.693082
-0.698139 -0.435751 0.530926 -0.334173
-1.017862 -0.074526 -0.065630 -0.157427
-0.776726 -0.387785 0.259584 -0.308151
-0.618753 0.192933 -0.302900 -0.788567
-0.905114 -0.201960 0.027335 -0.094247
