-0.087742 0.155059 -0.149910 -0.393757
0.596669 -0.427573 0.291241 -0.132923
-0.073165 -0.333848 -1.050656 -0.347954
0.203518 -0.773402 -0.806240 0.315353
0.301929 -0.708644 0.084753 0.353069
-0.337704 -0.744903 0.145973 -0.520497
0.298895 -0.871536 -0.436918 0.243305
0.025219 0.391220 -0.057152 -0.738895
-0.021896 0.142932 -0.445084 -1.640124
0.013741 -0.609025 -0.190664 -0.147808
-0.243484 0.033259 -1.453995 -0.115371
0.526511 -0.529125 0.407660 -0.036289
0.026627 -0.515005 -0.790266 -0.747602
0.176488 0.242248 -0.557893 -0.442413
0.316040 0.046103 -0.041861 -0.900945
0.019380 0.074522 -0.780053 -1.009359
-0.717532 0.204093 -1.219461 -0.268239
-0.121489 0.633605 -0.098627 -0.521303
-0.389262 0.130920 -0.768759 -0.091678
-0.375182 -0.029755 -0.514751 -1.493285
-0.179562 0.105687 -0.836223 -0.367304
-0.008763 0.357754 -0.532710 -0.520318
0.026021 0.034646 -0.029279 -0.777363
0.025180 -0.007122 -0.563020 -0.490636
-0.316005 -0.225697 -0.829447 -0.524284
0.025813 -0.100984 -0.060490 -0.385170
0.267642 -0.549303 -0.429837 -0.344973
-0.118018 0.582054 -0.790974 -0.558764
0.336206 -0.486158 -1.104416 -0.884719
-0.130033 0.073749 -0.227648 -0.878763
-0.191598 -0.564582 -0.490412 -0.008120
0.062150 -0.275616 -0.690349 -0.291231
0.245109 0.472714 0.010494 -0.485133
-0.155620 -1.040455 -0.676698 -0.070651
-0.040557 -0.346132 -0.463378 -0.455667
-0.058426 0.341865 -0.411913 -0.099791
0.056893 -0.212892 -0.811157 -0.575354
0.155300 -0.828815 -1.041187 -0.758620
-0.152350 0.336696 -0.655990 0.031456
-0.404689 -0.149271 -0.293474 -0.981706
-0.156086 0.334610 0.053293 -0.416966
-0.165254 -0.483644 -0.325060 -0.221163
-0.537338 0.013502 -0.459415 -0.036155
-0.412092 -0.465523 -1.244612 -0.450586
0.041863 0.107448 -0.598928 -0.518971
0.329260 0.148548 0.445796 -0.998516
0.242181 -0.311385 -0.711735 -0.887451
-0.039413 -0.333253 -0.586712 -0.918100
-0.661907 0.189048 -0.821582 -0.778384
-0.109407 0.620544 -0.244705 -0.777297
0.076661 0.091915 -0.891377 -0.887771
0.001216 0.276714 -0.820245 -0.716782
0.317906 0.304137 -0.131264 0.511670
0.654469 -0.197483 0.063616 0.212772
0.281084 0.040776 -0.127883 -0.288155
0.414013 -0.280716 0.309223 0.053665
0.008948 -0.655420 -0.084259 0.150451
0.748202 -0.310792 -0.441337 -0.889767
0.204669 0.093900 -0.556084 -0.683495
0.461548 0.157108 -0.639214 -0.845694
0.846724 -0.462761 0.305770 -0.318957
-0.294195 -0.305357 0.232034 -0.134694
1.094026 -0.224615 -0.167557 0.497934
0.413569 -0.392896 0.196548 -0.129062
0.679525 0.149492 0.281675 0.287079
1.183198 -0.968082 0.291920 -0.699127
0.589387 0.297919 0.114443 -0.386864
0.773190 -1.179908 0.023136 0.800975
0.751984 -0.413680 0.351414 -0.246662
0.336110 -0.330051 0.428930 -0.080928
0.442553 -0.567810 -0.203267 -0.308022
0.342939 -0.405451 0.485908 0.017393
-0.409395 -0.372401 0.361262 -0.222966
0.471479 -0.126513 0.426557 -0.144117
0.567553 -0.803893 0.867083 -0.019370
-0.125208 0.025640 -0.916190 -1.056731
0.466441 -0.572071 0.654294 -0.283958
0.358346 -0.361266 0.634112 -0.664855
0.256254 -0.674015 0.825198 -0.088778
0.286619 -0.773504 0.866769 -0.249535
0.527676 -0.537364 0.260941 -0.070249
0.974106 -0.171965 0.776040 -0.146484
1.204616 -0.528978 -0.009492 0.070442
1.125139 0.139854 0.292294 0.412343
1.048037 -0.202013 0.400135 0.356599
0.585952 -0.509673 -0.006380 0.009903
0.711932 -0.281648 -0.095981 0.080850
0.355034 0.276426 0.122359 0.124294
0.982069 -0.583992 0.237398 -0.048320
0.889488 0.171634 -0.749519 0.304073
0.485613 -0.833601 -0.265371 -0.424215
0.793285 -1.060806 0.104835 -0.505659
0.107545 -0.176728 -0.070581 -0.316385
0.335509 0.199115 -0.600744 -0.391774
0.404390 -0.201850 0.035427 -0.666196
-0.147248 -0.481127 0.364062 -0.012405
0.696774 -1.051343 -0.517011 -0.237796
1.174618 -0.338547 0.561171 0.209005
0.460755 0.141636 -0.153871 -0.463396
0.580412 -0.567046 0.188517 -0.161214
0.216678 0.150541 -0.654252 -1.053072
0.744712 -0.250643 -0.100925 -0.278046
-0.371155 -0.825620 -0.354718 -0.540602
0.105380 0.275412 0.381375 -0.269327
0.214733 -0.015408 0.078547 -0.211388
0.045565 0.468262 -0.061205 -0.160004
0.775103 0.350970 -0.046885 0.156849
0.545217 -0.465436 -0.255442 -0.716177
0.678522 0.187785 -0.741612 -0.810453
0.404653 0.909498 0.148516 -0.763542
0.526195 0.214139 -0.154285 -0.675034
0.606389 0.280242 0.530380 -0.139144
0.390499 -0.481991 -0.484418 -0.446867
0.321028 -0.072669 -0.172488 -0.293684
0.603337 -0.419235 -0.872418 0.103915
0.282252 -0.577963 -0.641693 -0.030740
1.114150 -0.434194 -0.237583 0.247026
0.174962 -0.414167 -0.534821 -0.007685
0.374731 -0.541086 -0.434000 0.132166
0.125101 0.062546 -0.001000 -0.565971
0.283020 -0.206116 0.042438 -0.162184
0.223376 -0.202999 -0.502437 -1.088299
0.179415 0.527679 -0.089426 -0.977036
0.072991 0.188284 -0.546194 -0.345770
0.107943 -0.046380 0.164165 -1.274907
0.004385 0.095890 -0.004086 -0.100766
0.302556 0.371340 -0.477848 -0.712245
0.235506 -0.261318 -0.557428 -0.713639
0.058888 -0.160475 -0.886811 -0.030517
0.062217 0.492615 -1.192130 -0.829132
0.005208 0.013643 -1.079241 -0.321330
-0.059512 -0.044065 -0.279832 -0.943269
0.639744 0.473361 -0.408129 -0.429431
0.769146 -0.441462 -0.571367 0.055798
-0.742837 0.071820 -0.168824 0.043221
-0.457631 -0.284731 -0.198210 0.475268
-0.843347 -0.148947 0.113167 -0.018532
-0.728322 0.167385 -0.557966 0.129386
-0.864110 -0.401627 0.051639 -0.081001
-0.954252 0.039357 -0.167707 -0.252229
-0.810173 -0.097993 0.015140 -0.139782
-0.636544 0.053650 0.040095 -0.302587
-0.742938 -0.442341 0.242788 -0.836088
-0.431480 -0.605517 0.203597 -0.414805
-0.979633 -0.212498 -0.096019 -0.042880
-0.680448 -0.340058 0.253208 -0.245284
-1.048882 0.078016 -0.208044 -0.174920
-0.814077 -0.559734 0.130534 -0.093972
-0.812942 0.108517 -0.306151 -0.039889
-0.817169 0.021523 -0.048718 -0.323044
-0.800860 -0.190545 0.036950 0.034322
-0.812042 0.140712 -0.414102 0.071504
-0.643502 -0.452229 0.214479 0.167197
-0.801167 0.228814 0.039444 -0.557584
0.521254 -0.285950 -0.097441 -0.333467
-0.860865 0.002140 -0.031914 -0.352844
-0.607046 -0.444528 0.507485 -0.434988
-0.917287 0.061594 -0.103733 -0.142426
-0.867032 -0.215713 0.066030 0.035885
