0.315685 0.177659 -0.092554 -0.301590
0.547313 -0.718022 0.514601 0.196266
-0.994290 -0.099679 0.134877 -0.934179
0.520648 0.572769 0.393226 0.064431
0.768412 -0.813799 0.263837 0.290580
0.128664 -0.725012 -0.957899 -0.642053
-0.739682 -0.156854 -0.306312 -0.207891
-0.603275 0.197864 -0.877828 -0.598905
0.233935 -0.310898 0.208223 -0.173853
-1.079161 1.024413 -0.177429 -0.849356
-0.011049 -0.472872 -0.484350 -0.254965
-0.260862 -0.038138 -0.700560 0.154609
-0.272410 -0.287563 -0.403200 0.322300
-0.474068 -0.402319 -1.508964 -0.076611
-0.421864 0.495988 -0.416128 -1.490279
-0.666531 0.390832 -0.103150 -0.229764
0.051429 -0.117485 -1.034646 -0.602131
-0.456628 0.305676 0.559770 -0.579725
0.585630 -0.243155 -0.586462 -0.124877
0.565378 -0.072067 0.176925 -0.218861
0.837992 -0.457484 -0.033924 -0.048500
1.007077 -0.469696 -0.540446 -0.088830
-0.163320 -0.554988 -1.609693 -0.134603
0.099901 0.125419 -0.102976 -0.225751
0.776985 0.220640 0.049331 0.054861
0.215553 0.734993 -0.091445 -0.811929
0.296330 0.847647 0.099494 -0.350627
0.004262 -0.595784 -1.264058 -0.105366
0.080021 -0.515687 -1.006311 -0.417024
-0.457376 0.297545 -0.941935 -0.520856
0.070347 0.497881 -0.869468 -0.551416
0.071360 -0.152837 -0.499860 -0.623177
0.047952 0.869587 0.205793 -0.805394
0.135763 0.039780 0.101648 -0.367097
-0.345669 0.124899 -1.105957 -0.409350
-0.313502 -0.197707 -0.360403 -0.150172
-0.213343 0.267447 -1.172775 -0.572554
-0.500090 0.086015 -0.226594 -0.116491
-0.664771 0.731626 0.558927 -0.868072
-0.246134 -0.038072 0.746523 -0.244303
-0.065948 0.706709 0.090669 -0.298469
-0.103581 -0.141825 -0.772035 -0.798793
0.882823 0.017597 0.047952 0.176001
-0.189789 -0.067735 -1.463912 -0.111885
1.109896 -0.437910 0.721578 -0.213829
0.604622 -0.650748 0.091420 0.068502
-0.238728 -0.164175 -1.042953 -0.083514
-0.412182 -0.293588 -0.610973 0.332444
-0.788472 -0.793514 -1.359438 0.022946
0.426738 -0.216494 -0.422206 0.160907
1.225854 -0.406399 0.329735 0.359013
0.410337 0.491765 0.062383 0.162592
0.585583 0.408830 0.320402 0.259424
-0.310179 -0.331561 -0.057282 -0.705878
0.834587 -0.302728 0.652409 0.418972
-0.190676 0.315907 -0.451196 -0.076372
-0.648375 0.033050 -0.150482 0.092999
0.297003 -0.203601 -0.180295 -0.539391
-0.440742 -0.462349 -0.205268 -0.569539
-0.132759 -0.476345 0.075670 0.093255
-0.223795 -0.026009 -0.183120 -0.972886
0.244171 1.050074 0.265265 -0.794170
0.840981 -0.384051 -0.582968 -0.378116
0.756907 -0.224166 -0.303151 -0.324874
0.152116 0.283820 0.367430 -0.171508
0.236382 -0.786026 -0.951977 -0.569597
0.329404 0.188653 -0.095049 -0.215356
1.104863 -0.211361 -0.177623 -0.122104
-0.259400 -0.339148 0.105514 -0.824197
-0.969070 -0.154815 -0.001194 0.081023
-0.622733 -0.379177 0.034544 -0.107270
-0.733390 0.028033 -0.170558 -0.097777
-0.887058 -0.087196 0.100975 -0.267915
-0.538337 -0.093191 0.200522 -0.288192
-0.772833 -0.386599 0.472197 -0.482550
-0.921239 -0.194832 -0.140438 -0.462891
-0.759779 -0.311628 0.296897 -0.219824
-0.795675 0.165987 0.033408 -0.189696
-0.102935 -0.026165 -0.464053 -0.765300
-0.885957 0.175065 0.147929 -0.450578
-0.991929 -0.263758 -0.030909 0.047892
-0.422265 -0.083885 -0.264556 -0.056744
-0.849723 0.097123 -0.090490 -0.081888
-0.767985 -0.327870 -0.081622 -0.165329
-0.850049 -0.246016 0.201192 -0.268764
-0.860844 -0.083186 0.180358 -0.343524
-0.901828 -0.053811 0.056585 -0.332875
