0.885197 -0.035404 -0.666345 -0.503677
0.000687 -0.384429 -0.161110 -0.975735
0.885197 -0.035404 -0.666345 -0.503677
1.156829 0.103231 -0.572467 -0.480794
-0.046437 -0.993072 -1.252918 -0.420215
-0.210043 -0.674559 0.450496 -0.321727
-0.244555 -0.804188 -1.178689 -0.378851
-0.487959 -0.414086 -1.498596 -0.169867
-0.313387 -0.727401 -1.273554 -0.316519
-0.790673 -0.189500 0.164468 -0.229187
-0.313237 -0.044615 -0.801127 -0.850871
-0.269711 -0.208280 -0.537593 -1.461862
0.922396 -0.464005 -0.654497 -0.268742
-0.386914 -0.480378 -1.260853 -0.425169
-0.188257 0.075840 -0.417831 -0.770170
-0.150935 -0.259169 -0.571430 -0.847524
-0.107552 -0.059714 -0.854445 -0.959579
-0.104418 -0.083952 -0.729260 -0.757248
-0.687429 0.049365 0.858005 -1.186189
-0.244964 -0.814281 0.165561 -0.584259
-0.502461 -0.193126 0.388001 -0.149852
0.179397 -0.294030 0.230937 0.118734
1.002764 -0.167753 0.597107 -0.632804
0.199420 -0.528322 -0.070324 -0.224868
0.279786 -0.192983 0.493690 0.055994
0.412959 0.137425 0.152705 0.221935
0.325333 -0.718092 0.585253 0.516539
-0.214045 0.306841 -0.200430 -0.176917
-0.062822 0.152200 -0.006071 0.137245
-0.054509 -0.928450 -0.048748 0.176514
0.354715 -0.818506 -0.547110 0.163984
0.109262 -0.403633 0.612062 -0.134123
0.127314 -0.427193 -0.276730 -0.217760
-0.477265 -0.195468 0.429419 0.070889
0.307909 0.068303 0.065196 -0.191868
0.068595 -0.095650 -0.884867 -0.511276
0.062462 -0.474086 -0.167146 0.326957
0.919454 -0.454155 -0.404461 -0.528089
-0.000064 -0.092146 0.243084 -0.070052
0.006725 -0.126707 0.489306 -0.406334
0.767633 -0.103177 0.733816 -0.330931
0.210552 0.077755 -0.116786 -0.259188
-0.039503 -0.133884 -0.154677 -0.319098
0.460069 -0.577383 0.643319 -0.018506
-0.185616 -0.785584 -0.506573 -0.514912
0.927395 -1.192768 0.028073 -0.205921
0.166131 -0.449153 0.539524 -0.038120
0.673684 -0.163590 -0.268186 -0.495426
0.644913 -0.385099 -0.419357 -0.396944
0.224544 -0.637645 0.524502 -1.030317
-0.229843 -0.032399 -0.177319 -0.174497
0.023529 0.203405 -0.420873 0.724461
0.624549 -0.202435 -0.598858 -0.668405
0.606869 -0.235490 -0.481380 -0.553931
-0.081888 -0.744249 -0.262255 -0.437401
0.945378 -0.395812 0.761654 -0.086110
-0.832535 -0.472376 -0.755173 0.089726
-0.409408 0.202150 -0.391105 -0.930562
0.226394 -0.328061 -0.255787 0.028123
0.670947 -0.277574 -0.754423 -0.126944
0.558260 -0.229611 0.129299 -0.274350
-0.076677 -0.897563 -0.390722 -0.024856
0.535285 -0.340950 -0.200800 -0.064017
0.802888 -0.311670 -1.014143 -0.199832
0.049961 -0.362560 -0.692752 -0.226345
0.353837 -0.177147 0.063637 -0.252986
0.511983 0.207386 0.131141 -0.433998
0.484141 -0.552340 -0.212025 0.459858
-0.015632 -0.529582 0.137886 -0.280303
0.960197 -0.178751 0.159166 -0.240142
0.002572 0.145155 -0.081730 -0.822253
-0.200798 -0.309398 -0.695163 -0.206122
-0.286278 0.229030 -0.650462 -0.088289
0.543294 0.244668 -0.340245 -0.108021
0.595336 -0.643331 0.370706 -0.231348
-0.553920 0.151769 0.045401 -0.385452
0.043558 -0.130212 1.009365 -0.717886
-0.491089 0.059247 -0.321787 -0.283677
0.263771 -0.332435 -0.737906 -0.444205
0.725095 -0.439087 0.503543 -0.096653
0.484573 0.252992 -0.020694 -0.024994
0.681901 -0.088867 0.430877 -0.312732
-0.007351 -0.401349 -0.278022 -0.352405
1.452917 -0.493982 0.172478 0.118568
1.407332 -1.069344 0.548015 0.097520
0.187064 -0.234434 0.299017 -0.082429
1.337793 0.236828 -0.195127 0.420768
1.276012 -0.107976 -0.322924 -0.121906
0.448572 -0.311881 -0.488345 -0.273029
1.254028 -0.568523 0.483430 0.300548
0.097060 0.537639 -0.994728 0.069221
0.248126 -0.034673 -1.109816 -0.209970
0.590494 -0.180395 -0.963595 -0.335415
-0.130109 -0.657971 0.282697 -0.097924
0.452332 -0.280949 -0.138345 -0.246907
1.038376 -0.156298 0.033195 -0.194808
0.718890 -1.034840 0.670678 0.347545
0.338063 -0.365865 0.679860 -0.155053
0.477970 -0.800002 -0.068981 0.170965
0.784992 -0.487058 0.212252 0.438452
0.726923 0.231800 -0.295861 -0.467354
0.334261 -0.685404 0.796203 0.215512
0.860320 -0.461597 0.098394 0.055510
0.191901 -0.152385 -0.495792 0.448926
-0.574949 0.444890 -0.067783 -0.531212
0.438720 -0.982640 0.587304 0.136271
1.069337 -0.671596 0.496965 0.090904
0.173075 -0.408120 0.989590 -0.389095
1.059445 -0.060520 -0.108921 -0.253781
0.050915 -0.543493 0.018546 -0.277687
0.933276 -0.972882 0.739570 -0.359408
0.458786 -0.177059 -0.127764 0.019858
-0.017761 -0.104338 -0.605823 -0.599408
0.684254 -0.113786 -0.318895 -0.056117
0.258360 -0.546322 0.569257 0.009478
0.496284 -0.636779 -0.028420 0.026343
0.604261 -1.319202 0.974798 0.278195
0.400043 0.115085 1.131140 -0.540098
0.189491 0.038742 -0.262934 -0.166254
0.797211 -0.113922 0.053989 -0.514179
0.664491 -0.161186 -0.617693 -0.111123
0.766132 -0.294332 0.366236 0.376318
0.433305 -0.672743 1.040533 0.589197
0.429236 -0.615107 -0.138319 -0.831986
1.100915 -0.287986 -0.129123 -1.017810
1.216623 -0.123891 0.576974 0.041566
-0.207645 -0.954738 -0.824734 0.140218
-0.199909 -0.510942 -0.728552 -0.226689
-0.397545 -0.354341 -0.723617 -1.252720
0.248635 -0.348479 -0.484366 -0.437817
-0.089989 -0.083840 -0.876545 -0.376496
0.598690 -0.286919 0.651448 0.030381
0.606971 -0.369544 0.950095 -0.272743
-0.223048 -0.307317 -1.514560 -0.310219
1.161890 -0.243312 0.133813 -0.041256
-0.199676 0.086088 -1.673362 -0.450591
0.021936 -0.704104 0.600535 -0.184824
0.218155 -0.454419 -0.407159 -0.606147
-0.014160 -0.888886 -1.198662 -0.916096
0.438800 -0.674599 -0.930537 -0.692163
-0.085173 -0.720870 -1.126624 -0.403973
-0.949789 -0.164652 0.049125 -0.342256
-0.739810 -0.274692 -0.016421 -0.067353
-0.877116 -0.135812 0.071960 -0.181861
-0.732782 0.062951 -0.059389 -0.364746
-0.781373 -0.259552 0.079738 -0.034815
-0.847367 -0.222942 0.060492 -0.208317
-0.756899 -0.288595 0.233061 -0.490232
-0.761568 -0.132372 0.058651 -0.271289
-0.880547 -0.013621 -0.048189 -0.120010
-1.007961 -0.113466 -0.037568 -0.260545
-0.874311 -0.198586 -0.053151 0.056485
-0.270642 0.497962 -0.491034 -0.389568
-0.600051 -0.150624 0.078447 -0.076983
-0.945703 -0.134795 0.146408 -0.187628
-0.499642 -0.414935 0.347323 -0.464376
-0.865737 -0.325820 0.014791 -0.277952
-0.665733 0.172533 -0.179083 -0.444247
-0.596193 -0.516946 0.448203 -0.384753
0.088291 0.053508 0.230282 -0.428593
-0.606473 -0.541914 1.064331 -0.604370
-0.554906 -0.072758 -0.105024 -0.595966
-0.960996 0.073925 -0.033357 0.067632
-0.789818 0.202364 -0.066596 -0.472382
-0.606229 -0.444573 0.080330 -0.114530
-0.765960 -0.234290 0.329629 -0.486689
-0.932857 -0.076555 -0.043581 0.047797
-0.925752 -0.182841 -0.052461 -0.093212
-0.885446 -0.196730 0.065927 -0.186845
-0.836912 -0.017522 0.089218 -0.520027
-0.805919 -0.245541 -0.064907 -0.038079
-0.856703 -0.169606 0.273562 -0.239102
-0.787738 -0.330556 0.240918 -0.263084
-0.380737 -0.244635 0.173335 -0.535595
-0.669651 -0.326630 -0.072703 0.317875
-0.362226 0.221195 0.100439 0.150472
-0.408557 0.454486 -0.326645 -0.234381
-0.873533 -0.135635 -0.182138 0.131411
-0.656943 -0.250465 0.125430 -0.206271
-0.740762 -0.065508 -0.033764 -0.297498
-0.795132 -0.239869 0.224011 -0.495162
-0.833352 -0.233941 0.250293 -0.418201
