0.151955 0.093327 0.158683 -0.625074
-0.106995 0.102106 -0.132705 -0.423819
0.720474 -0.362343 -0.429262 -0.122413
0.309526 -0.217366 -0.567883 -0.705571
0.903501 -0.685603 0.111918 -0.563753
0.589715 -0.745562 0.298087 -0.469982
0.118349 -0.628464 -0.941715 -0.527590
0.102978 -0.277371 -0.610167 -0.513420
0.821236 -0.032632 0.236590 0.090510
0.764945 -0.142569 0.016767 0.219132
-0.514903 -0.170755 -0.963024 -0.793933
1.071651 -0.250158 0.070773 -0.546066
0.122537 0.532929 0.326646 0.377652
0.606491 -0.514258 0.379753 0.242005
-0.727173 0.039617 -1.055875 -0.413906
-0.076026 -0.945834 -0.476894 -0.025107
0.529099 -0.708972 0.745848 0.453658
0.440151 -0.502498 0.333998 -0.512310
0.831145 -0.947254 -0.385618 -0.205250
0.890853 0.232737 0.590878 -0.179979
0.674021 -0.558089 0.622655 -0.005188
-0.314599 -0.726704 0.150774 0.296213
0.094646 -0.323789 0.430373 0.623157
0.713194 -0.593328 0.834691 -0.027687
-0.190824 0.002174 -0.304965 -0.532438
0.505533 -0.688945 0.337585 -0.309576
-0.126521 0.286542 -0.424695 -0.634977
0.559283 -0.565071 -0.037993 0.256652
0.153452 -0.698575 1.092030 -0.067631
0.418543 -0.865988 -0.093151 -0.413900
0.036859 -0.605744 -0.162592 0.220028
0.662009 -0.755185 -0.002646 0.242547
0.570372 -0.017387 -0.088688 -0.511839
0.250473 -0.013480 0.087831 -0.547963
0.851136 -0.749320 0.052438 -0.183213
0.762534 -0.234152 0.433331 -0.562338
0.553918 -0.357392 -1.019920 -0.104158
-0.303751 -0.216017 -0.746132 -0.880782
-0.236914 -0.310738 -1.098927 -0.519192
0.002338 -0.030739 -0.093399 -0.491062
0.707797 -0.288803 -0.862656 -0.329434
-0.160737 -0.008831 -1.007543 -0.618479
-0.361000 0.179749 -0.744521 -0.221015
-0.146538 -0.672411 -1.166180 -1.043947
-0.153682 -0.145451 0.174577 -0.247890
-0.036763 -0.280648 -0.727691 -0.702389
-0.263818 -0.288487 0.515843 -0.211063
-0.323809 0.195240 -0.381952 -0.150134
-0.648121 -0.240818 -0.776358 -0.194320
0.572244 -0.103979 -0.618376 -0.406803
0.351883 -0.274432 -0.131743 0.492319
-0.381997 0.468822 -0.499908 -0.094578
0.931191 -0.404934 -0.963271 0.305995
-0.105006 -0.200554 0.778677 -0.524551
-0.244678 -0.418337 -1.271691 -0.301915
-0.478996 0.372356 -0.923956 -0.039746
-0.353198 -0.416414 -1.108818 -0.618351
-0.277998 -0.147264 -1.136859 -0.346599
-0.110297 -0.083998 -0.116848 -0.349416
-0.032589 0.493255 -0.423262 -1.194584
0.008045 0.669821 -0.613164 -0.759263
0.130139 0.778408 -0.286729 -0.741938
-0.508166 -0.260104 -0.744392 -0.755622
0.046311 -0.005931 -0.401100 -0.667175
-0.107680 -0.002274 -0.190153 -0.368560
0.598500 -0.376236 -0.204192 -0.874571
-0.523291 0.055349 -0.399934 -0.926137
0.682105 0.272769 -0.329784 -0.837494
-0.138831 -0.362427 0.024311 -0.739662
1.158192 -0.804149 -0.287508 0.364887
0.507262 0.446832 -0.186651 -0.783549
-0.032263 0.221670 -0.196834 -0.430083
-0.154227 -0.151627 -0.543086 -0.385261
0.240387 -0.333900 -0.778859 -1.253347
0.049594 0.329529 0.465274 -0.743670
-0.499777 0.504507 0.043830 -0.505342
0.196099 -0.045753 -0.524909 -0.986582
0.411757 0.189769 -0.557883 -0.678783
0.174289 0.100742 -0.001854 -0.690806
-0.029422 0.061664 0.250558 -1.043267
0.160758 -0.199526 -0.569969 -0.429564
0.422074 0.471120 -1.050852 -0.905540
-0.689284 -0.523398 -0.736024 -0.686270
-0.331490 0.119023 -0.966564 -0.087826
-0.402465 0.145458 -0.496332 -0.701948
0.657398 0.341550 -0.215965 -0.893419
-0.122961 0.613840 -0.506228 -0.682161
-0.432575 -0.671812 -1.171909 -0.272260
0.808343 0.853168 -0.384487 -0.637461
0.424598 0.655149 -0.766286 -1.020714
-0.161067 0.023472 0.636356 -1.045856
0.347271 0.042222 -0.413006 -0.211909
-0.006081 -0.035803 -0.366012 -0.349461
0.156233 -0.034349 0.016318 -1.110016
0.600133 -0.067943 -0.596127 0.075105
-0.568311 0.249425 0.076100 -0.357026
-0.537292 -0.451947 0.123369 -0.374884
-0.760244 -0.128583 0.025530 -0.314839
-0.946863 -0.242023 -0.314901 -0.078176
-0.888198 -0.122088 0.380064 0.024241
-0.888537 -0.207023 0.015166 -0.098865
-0.726015 0.023162 0.045061 -0.002433
-0.744740 0.145860 0.438512 -0.407426
-0.987970 0.086225 -0.077440 -0.274309
-0.872686 0.226933 -0.032156 -0.452371
-0.587556 -0.411173 0.452217 -0.305273
-0.787546 -0.313713 -0.131852 -0.080937
-0.505857 -0.429668 0.118302 -0.421688
-0.854102 0.167016 -0.160460 -0.303092
-0.655592 -0.373116 0.217658 -0.411899
-0.902063 -0.312439 0.081668 -0.263103
-0.972762 -0.068288 0.149243 -0.585753
0.000812 -0.666799 0.190735 0.497790
-0.713762 -0.154411 0.070208 -0.300275
-0.849075 -0.088470 -0.008153 -0.218079
-0.764898 -0.342709 0.077613 -0.166733
-0.892770 -0.097492 0.021397 -0.262723
-0.911388 -0.413759 0.209217 -0.441599
-0.532419 -0.254335 0.283970 -0.668177
-0.589002 -0.346633 0.057775 -0.226641
-0.821983 -0.171827 0.071076 -0.259145
-0.708072 -0.022300 -0.081370 -0.056263
-0.240609 0.044141 -0.263327 -0.546255
