-0.585908 0.038153 -0.323880 -0.165563
-0.394426 0.806653 -0.674744 -0.642231
1.246273 0.209671 -0.214620 -0.388734
0.584512 -0.603758 -0.152902 -0.832204
0.710816 -0.176254 0.186236 0.132538
-0.295161 -0.245405 0.125991 0.250392
0.173735 -0.172805 0.820410 0.081630
0.768218 -0.190091 0.097606 -0.167107
-0.119147 -0.178880 0.001059 -0.386971
0.730667 -0.744196 0.051759 0.464020
0.285533 -0.785887 0.409246 -0.156634
0.580449 -1.396188 0.530712 -0.251645
0.077753 -0.539723 -0.224341 -0.281003
0.209054 -0.391513 0.360950 -0.108230
-0.211412 -0.880453 -0.660809 0.138439
-0.202207 -0.064544 0.080590 0.027413
-0.731377 0.141959 -0.762554 0.144783
0.517690 -0.295201 -0.589633 -0.283143
0.006860 0.140579 -0.139969 -0.613895
0.057803 -0.481068 -0.183850 -0.425588
-0.078731 -0.448527 -0.002327 -0.285093
0.386274 0.341397 -0.411572 0.102499
0.123964 -0.375826 0.399581 -0.357506
0.590143 0.009309 -0.450188 -0.061709
-0.054055 -0.171931 -0.887083 -0.527280
0.263544 -0.578713 -0.366755 -0.848579
0.628155 0.522963 0.347564 -0.182624
1.041017 0.041909 0.834857 -0.048206
0.458163 0.274214 0.382349 -0.042667
-0.425539 0.034824 -0.583245 -0.568409
0.097622 0.332222 -0.350474 -1.086288
-0.694043 0.309562 0.068526 -0.630089
0.110743 -0.572446 -0.108269 -0.231023
0.163664 -0.026302 -1.011691 -0.497560
0.168074 -0.290137 -0.656113 -0.439000
0.305525 -0.305956 -0.111852 -0.225234
0.694075 -0.224415 -0.362307 -0.315530
1.066535 -0.382571 -0.303671 -0.267344
0.739349 0.126391 -0.540868 -0.821770
0.317583 -0.467936 -1.307296 0.072820
0.195594 -0.158962 -0.480814 -0.627493
-0.227685 -0.288037 -0.479369 -0.757210
-0.545372 -0.028371 -1.177440 0.103441
-0.406983 -0.203833 0.299384 -0.388896
-0.325269 -0.307825 -0.667090 -0.086930
-0.375902 0.067589 0.234002 -1.210509
0.111757 1.215195 -0.087591 -0.642568
-0.134449 -0.178822 -0.922529 -0.614125
-0.216073 -0.570583 -1.446844 -0.399380
-0.218438 0.186967 -1.029651 -0.229575
-0.238228 0.060298 -0.824737 -1.071937
-0.174923 -0.232807 -0.480507 -0.122032
0.100216 0.377806 -0.771955 -0.762644
-0.124963 0.379800 -0.954259 -0.131095
-0.125773 -0.236129 -1.012840 0.194289
-0.107445 0.577293 -0.667328 -0.634909
0.421373 -0.029079 -1.271552 -0.306310
-0.152516 -0.529438 -0.033770 -0.217654
-0.160868 -0.256800 0.520053 -0.547177
0.483440 0.117750 -0.758638 -0.675546
0.105290 -0.068737 -0.782094 0.037297
0.505855 -0.242222 -0.016682 -0.723345
0.215537 -0.452690 -0.700550 -0.679907
0.629746 -0.057338 0.020323 -0.333375
-0.330506 -0.092516 -0.393373 -0.711434
-0.177026 -0.547181 0.047575 -0.085408
0.025692 -0.822849 0.059811 -0.246461
0.146390 -0.517844 -0.382195 -0.033967
-0.291529 -0.897047 -0.285106 -0.174007
0.323967 -0.519681 -0.528638 0.150407
-0.563959 -0.354820 -0.744535 -0.064381
-0.219802 -0.074297 -0.607662 -0.341476
-0.245255 -0.261832 -1.055981 -0.152152
-0.224262 -0.537496 -0.506327 0.034386
-0.406587 -0.206631 -0.712929 -0.466841
-0.220181 0.357257 -0.480588 -0.433766
-0.026432 0.434624 0.256310 -1.026112
0.301809 0.383384 -0.697826 -0.327554
-0.218316 0.107998 -1.314835 -0.808537
-0.454977 0.342441 -0.337771 -0.811228
-0.061495 0.569194 0.234645 -1.038129
-0.673035 -0.449750 0.122187 -0.100353
-0.205301 0.201833 0.793093 -0.298654
0.164989 -0.791889 -1.332153 -0.033538
0.179229 -0.693891 -0.746400 -0.377840
0.389845 -0.393500 -0.938394 0.115281
0.137207 0.059202 0.419273 -0.818033
-0.078921 -0.356053 -0.917755 -0.680141
0.399007 0.357622 0.127438 -0.762738
0.399624 -0.078842 -0.380536 -0.733792
-0.078731 -0.448527 -0.002327 -0.285093
-0.218587 0.257151 -0.499155 -0.858704
0.123964 -0.375826 0.399581 -0.357506
0.427871 0.982451 0.115440 -0.391364
0.200014 -0.265202 -0.983790 -0.554763
0.339429 0.034169 0.054496 -0.485057
0.052140 -0.130720 -0.792882 -0.561678
0.759092 0.297223 0.375732 -0.116067
0.610008 0.321611 -0.164246 -0.449369
0.397145 -0.556012 -1.326014 -0.893327
0.417413 0.439722 -0.659470 -0.816227
0.038539 -0.176023 -1.166817 -0.405804
-0.160307 0.596250 -0.335106 -0.377784
-0.284773 -0.463389 -0.892174 -0.006803
0.015256 -0.016166 -0.995705 0.626346
-0.710935 1.092949 -0.172870 -0.016013
-0.593435 0.374242 -0.479284 -0.180616
0.237240 0.851950 0.234800 0.064989
0.082911 -0.519041 -1.141764 -0.212808
-0.522069 -0.052269 -1.176007 -0.541656
0.213269 -0.685120 -1.721297 -0.144625
0.771602 -0.340094 0.071272 -0.573675
0.726198 0.230058 -0.664482 -0.041125
0.664284 -0.026808 0.026709 -0.500241
0.248865 0.167629 -0.161645 -0.740456
0.684666 -0.470971 0.317282 -0.124838
0.927963 -0.411544 -0.220224 -0.241674
0.837896 -0.192691 0.447000 0.267866
0.719831 -0.824688 0.761822 -0.397060
0.683546 -0.390525 0.448853 -0.011277
1.406130 -0.090162 -0.597247 -0.787933
0.065605 -0.822211 0.420198 -0.068259
0.117504 -0.565122 0.223567 -0.167094
0.169453 -0.274767 0.515116 -0.181260
0.201221 0.103931 0.219685 -0.550161
0.591410 0.444446 0.044899 0.089465
0.548208 -0.571253 0.739546 0.067792
-0.071259 -0.298829 0.086022 0.004454
0.332819 0.109460 0.726631 0.279680
0.627513 -0.596830 0.747387 0.258178
0.266793 -0.651624 0.183040 -0.289203
0.153108 -0.643620 0.889049 -0.429694
0.724993 -0.376803 0.682878 0.251042
0.311574 -0.802249 0.411250 0.133464
-0.635546 0.726748 -0.094497 -0.558917
-0.235733 -0.171642 0.023995 -0.039171
-0.221528 0.681981 0.347876 -0.360007
-0.268374 0.907856 -0.213165 -0.280137
-0.150096 0.433117 -0.357449 -0.177975
0.107249 1.182577 0.474781 -0.281300
0.044075 -0.888132 -0.313941 -0.644327
0.500687 -0.271756 0.048998 -0.099132
0.287171 -0.696490 -0.216036 -0.442794
0.097793 0.333082 -0.404496 -0.450039
0.384469 -0.912903 -0.573416 -0.390713
-0.018518 -0.200439 -0.140441 -0.678390
0.431756 0.391383 0.548527 -0.192491
0.763167 1.057563 0.297618 -0.241265
0.782935 -0.373345 0.270248 -0.141493
0.378923 0.158851 1.281816 -0.833064
0.884868 -0.450412 0.488601 0.029343
1.073917 0.089844 0.228298 -0.085690
0.093858 -0.221127 -0.287702 -0.146379
0.807728 -0.039429 0.072968 -0.087779
0.604316 -0.115221 -0.288627 -0.353263
1.086301 -0.380421 0.517954 0.107790
-0.701866 -0.154376 -0.278549 0.370300
-0.622941 -0.814044 -0.435190 -0.259709
-0.672051 -0.216798 0.132867 -0.304668
-0.786299 -0.433249 0.084359 0.209820
-0.925022 0.049721 -0.173616 -0.292991
-0.685775 -0.304564 0.291443 -0.317767
-0.840951 -0.065402 0.070205 -0.232635
-0.880616 -0.200089 0.312698 -0.286252
-0.890885 -0.107355 -0.024685 0.044024
-0.858783 -0.121174 0.081695 -0.201861
-0.242800 -0.203379 0.051148 -0.339403
-0.505187 -0.119200 0.097414 -0.313241
-0.389438 0.065398 0.115648 -0.392143
-0.352179 -0.115169 -0.234310 -0.531320
0.075909 0.094697 -0.077282 -0.426762
-0.956204 -0.069561 0.286883 -0.313555
