0.188397 -0.155998 -0.592121 -0.492247
0.474430 0.205278 -1.095692 -0.527843
0.809392 -0.268991 0.854150 0.358869
0.812330 -0.487633 0.240006 0.265622
0.114418 -0.831445 0.405287 0.323313
0.212233 -0.309516 0.060221 -0.786995
0.156412 0.829717 -0.284704 -0.840139
0.575737 -0.339613 0.153949 -0.219266
0.597492 -1.081788 -0.214478 -0.176268
1.359272 -0.635326 -0.458525 0.042779
0.055121 -0.590131 -0.413446 0.085992
0.105322 -0.078943 -0.730212 -0.711690
1.587314 -0.712095 -0.176756 0.228076
0.839501 -0.716509 0.187913 -0.088481
0.812790 -0.758572 -0.610941 -0.393546
0.051618 -0.645516 0.278094 -0.013691
0.062763 -0.740502 -0.400786 0.098043
0.279916 -0.727219 0.222496 -0.047701
1.703230 -1.094988 -0.222694 -0.040688
0.123482 0.358542 0.283963 -0.477442
0.878497 -0.559969 0.320088 0.031137
1.045381 -0.626563 0.186200 0.591471
-0.275481 0.234390 -0.415020 -0.110432
0.523131 0.089865 0.098276 -0.241965
0.176633 0.035134 -0.057372 -1.089407
0.892409 -0.390598 0.222884 -0.459410
0.012604 -0.345646 -0.664765 -0.177544
0.710575 -0.219886 0.001867 -0.647489
0.294436 -0.434871 -0.820551 -0.571083
-0.797974 1.136056 -1.032374 -0.466094
-0.349230 -0.110664 -0.702766 -1.150446
-0.362168 -0.636733 -0.759361 -1.167814
-0.383470 -0.111896 -0.743897 -0.537952
-0.587684 0.209329 -1.112185 -0.465369
0.176629 -0.275428 -1.321767 -0.224297
0.383787 -0.085258 -0.624929 -0.515685
-0.049172 -0.118992 -1.129979 -0.627058
-0.116508 0.318624 -0.202408 -1.161987
-0.326913 -0.155883 0.070285 -0.921867
0.276968 0.654609 0.179479 0.300644
0.356437 0.577010 -0.226431 -0.350092
-0.232529 0.926393 -0.567741 -0.594226
-0.168853 -0.137658 -0.573397 -0.563004
0.014140 0.004538 -1.045028 -0.741746
-0.089930 -0.628001 -0.912613 -1.020778
0.069083 -0.743592 -1.018582 0.323310
-0.232832 -0.851467 -0.630176 -0.068422
-0.002931 0.704111 0.284750 -1.113624
-0.026413 -0.822373 -0.146612 0.288984
0.287821 -0.314571 -0.509551 0.146182
0.077864 -0.375187 -0.398788 -0.173131
-0.319586 0.021583 -0.141197 -0.455570
0.008900 -0.250483 0.041926 -0.388932
0.879824 -0.652064 0.235824 -0.665702
0.500762 0.562307 0.682758 0.016346
0.219217 -0.601838 -0.753491 -0.177297
-0.466468 0.417273 -0.330952 -0.041229
-0.053011 0.005135 0.402645 -0.550038
0.132211 -0.082740 -0.326103 -0.264333
-0.300909 -0.108882 -0.304137 -0.347671
0.480773 -0.415954 -0.309652 -0.917832
-0.243234 -0.611962 -0.992753 -0.755792
-0.184916 0.726314 -0.279399 -0.586955
0.209183 -0.109074 -1.112686 -0.443562
0.110175 0.492578 -1.405279 -0.219281
0.038089 -1.169791 -1.313830 -0.706408
0.234295 0.376354 -0.516527 -0.556991
0.798180 -0.419865 0.123428 0.289069
0.573367 0.553959 -0.660161 -1.055442
0.245428 0.180152 -0.542746 -0.316705
-0.045581 0.061705 -1.005503 -0.872211
0.189924 0.238676 -0.026163 -0.867572
-0.093582 -0.351996 -0.813942 0.369655
-0.196738 0.003750 -0.478096 -1.162099
0.441530 0.469649 -0.676228 -1.245933
0.031848 -0.454491 -0.139436 -1.157769
0.586306 -0.482263 -0.769026 -0.408413
0.811236 -0.478006 -0.833698 -0.343991
0.443977 -0.235722 -0.670112 -0.503051
0.874243 -0.232053 -0.844888 0.097558
0.338510 0.633494 -0.431809 -0.543907
0.035321 0.699242 0.227605 -0.624963
-0.619796 0.784855 -0.702869 -0.743737
0.055909 0.006753 -0.150956 0.163052
-0.416032 0.086980 -0.199523 -1.315302
-0.675819 -0.314023 -1.334412 -0.757461
-0.103947 -0.354602 -1.537212 -0.456352
-0.217729 -0.682803 -0.591207 -0.591668
0.139596 -0.388093 -0.648866 -0.857528
0.654622 -0.160426 -0.326031 -0.538826
0.289702 0.134971 -0.210042 -0.995758
0.546025 0.269677 -0.630229 -0.215338
-0.354471 -0.455292 -0.139730 -0.013404
0.278613 0.058725 -0.347387 -0.398246
0.564115 0.714782 -0.751423 -0.465192
0.328593 -0.231446 0.020051 -0.328693
0.502548 -0.047180 -0.343964 -0.650645
0.360354 -0.540853 0.502310 -0.599783
0.515474 -0.304860 0.636105 -0.224748
-0.022220 0.128573 -0.296853 -0.135667
1.141814 -0.543460 -0.270541 -0.061319
-0.946544 -0.069855 -0.637042 -0.384337
0.409433 -0.791067 -0.451183 -0.293891
0.787394 -0.529821 0.426550 -0.487877
0.763990 0.051906 0.134767 -0.144302
0.464010 0.083629 0.131298 -0.791300
-0.172922 0.024948 0.165713 -0.229607
-0.536126 -0.119276 0.360659 -0.409864
-0.809989 -0.093105 0.029192 -0.129227
-0.928997 -0.071765 -0.365923 0.127248
-0.777273 -0.279145 0.138578 -0.218787
-0.892007 -0.106877 0.041115 -0.098038
-0.440722 -0.102201 0.080154 -0.173580
-0.858242 -0.143655 0.117819 -0.236521
-0.622068 0.009134 -0.118296 -0.353449
-0.578689 -0.333436 0.152652 0.081288
-0.833457 -0.192602 0.094770 -0.172713
-0.849457 -0.141099 0.036372 -0.131300
-0.682940 0.623145 -0.520625 -0.592884
-0.690785 0.121377 0.342655 -0.691372
-0.779964 -0.255248 0.171205 -0.376532
-0.628555 -0.291951 0.430004 -0.547981
-0.809064 -0.152624 0.294239 -0.392094
-0.735840 -0.269669 -0.000733 -0.082026
-0.886827 -0.313043 0.362242 -0.243023
-0.907870 -0.358917 0.071224 -0.106644
-0.928801 -0.163979 -0.012250 -0.195469
-0.824190 -0.011621 0.154822 -0.517551
-0.895168 -0.386008 0.050938 -0.253942
-0.843611 0.239510 -0.253865 -0.414960
