1.335678 -0.035243 -0.477587 -0.838357
-0.067516 0.183310 0.381668 -0.394501
0.839519 -0.352642 -0.072232 0.362220
-0.247348 -0.064863 -0.209535 -0.514380
-0.474007 -0.264628 -0.513536 -0.359311
-0.113580 -0.541958 -0.178732 -0.105641
-0.579567 -0.081981 -0.721998 -0.791018
-0.893726 0.154381 -0.182373 -0.411093
0.110305 0.061637 0.354138 -0.042633
0.556053 -0.341423 -0.311453 -0.149111
-0.183566 -0.467964 0.128712 -0.017350
-0.375341 0.103493 0.149130 -0.591357
0.123969 -0.269867 0.212331 -0.560526
-0.154116 -0.628155 -0.064076 -0.061746
0.306726 -0.108626 -0.211652 0.099583
0.302434 -0.546514 -0.053428 -0.060761
0.095395 -0.423761 -0.035559 0.235255
-0.383339 0.534593 0.104723 -0.125095
-0.108847 0.087388 -0.106766 0.014189
0.639124 0.211129 0.243414 -0.214043
-0.262379 -0.003981 -0.279336 -0.332370
0.260978 0.341732 0.080887 0.119264
0.348153 0.013154 -0.318153 0.043567
-0.125850 0.554797 -0.199958 -0.826590
-0.065144 -0.331261 -0.052049 -0.205451
0.344515 -0.064337 -0.014704 -0.572928
0.647539 -0.757121 0.154993 0.093450
-0.167715 -0.236151 -0.590284 0.221080
-0.099644 0.157646 -0.879442 -1.002069
-0.596641 0.280018 0.308725 -1.272436
-0.447408 -0.152420 -0.198208 -0.518613
0.380807 -0.362981 -0.298157 -0.213934
-0.273057 0.100386 -1.518015 -0.655678
0.257063 -0.312598 -0.230437 -0.366834
0.143505 0.367684 0.448137 -0.424855
0.545290 0.342646 0.322557 0.143031
0.439374 0.690116 -0.193184 -0.455790
-0.202910 -0.535900 0.405063 -0.296331
0.520442 0.669713 0.286351 -0.335938
-0.031979 -0.278193 -1.003710 -0.315051
0.825210 -0.549102 0.385329 -0.259269
0.876202 -0.435894 -0.070598 0.142637
-0.176039 -0.185624 -0.517337 -1.045253
-0.046126 0.125916 -1.244896 -0.641541
-0.251163 0.005686 -0.871041 -0.982125
1.160310 -0.130908 0.127685 0.306535
1.401290 -1.381040 0.830465 0.028585
-0.029809 -0.143663 -1.584729 -0.610770
0.578630 -0.584352 0.585883 0.319955
-0.043682 0.162725 -0.578157 -0.516881
1.352606 -1.060919 0.384516 -0.041059
-0.357060 -0.604380 -0.177324 -0.156356
-0.438355 0.244267 -0.476370 -0.483840
0.036735 -0.356369 -0.381045 -0.091693
0.476235 -0.942364 -0.252202 -1.006476
0.623254 -0.137385 0.127844 -0.025235
-0.738183 0.174816 0.278435 -0.062527
0.073259 -0.610334 -0.567710 -0.031576
-0.247348 -0.064863 -0.209535 -0.514380
-0.025532 0.000781 -0.325649 -0.491625
0.235081 0.114147 -0.067356 -0.333543
-0.070345 0.662178 0.027228 -0.940412
-0.375521 -0.039628 0.289280 -0.190760
-0.140882 0.422240 0.887898 -0.472926
0.110305 0.061637 0.354138 -0.042633
0.075895 0.149687 0.844630 0.258024
-0.078714 -0.393645 -0.746846 -0.466258
0.523504 -0.286883 0.101779 0.273462
-0.381568 -0.392967 0.247137 -0.114668
-0.293350 -0.794263 -0.076925 -0.246113
0.071837 -0.574958 -0.507847 0.053180
-0.001531 -0.402855 -0.461000 -0.063508
-0.724705 0.107883 0.387471 -0.726145
0.076466 0.133273 0.550692 -0.357448
-0.359951 0.463677 -0.136528 -0.602487
-0.294668 -0.171707 0.144833 -0.062374
0.687847 0.016004 -0.098418 -0.211320
-0.314603 -0.139002 -0.234575 0.007303
-0.302454 -0.349266 -1.271200 0.086731
-0.339806 0.091945 -0.078923 -0.228392
0.058407 0.034462 -0.795774 -0.605968
-0.130808 0.042399 -1.027874 -0.847283
-0.097391 -0.050972 -1.094082 -0.484694
0.235895 0.176332 -1.090737 -0.372184
0.502083 -0.594614 0.522136 -0.077277
0.190841 -0.279544 0.616081 -1.206067
-0.068002 -0.230292 -0.732751 -0.112219
-0.443362 -0.367153 -0.584420 -0.191166
-0.353287 0.351326 -0.232963 -1.305748
0.167504 -0.223927 0.536878 0.051751
1.309655 -0.690723 -0.650735 -0.009488
1.117982 -0.723362 0.944592 -0.002189
0.806383 -0.821581 0.580394 -0.283687
0.941426 -1.264329 0.497952 -0.284630
0.954532 -0.693098 0.310669 0.405729
0.599062 -0.374051 -0.111910 -1.400012
0.262188 0.016771 -0.049356 0.483053
0.020048 -0.166310 -0.582879 -0.457187
-0.014878 -0.490107 -0.586776 -0.495743
-0.371300 -0.265704 -0.037426 -0.518651
0.430422 0.425702 0.064635 -0.623162
0.026168 -0.142852 -1.229850 -0.417689
-0.074569 0.166900 0.288033 0.010802
1.130212 -0.547088 -0.146791 -0.299183
-0.505963 0.444859 -0.072362 -0.924438
0.358731 0.069993 -0.227180 -0.958568
-0.038486 -0.190765 -0.908051 -0.420322
-0.751426 -0.360703 0.727451 -0.734427
-0.735476 -0.462647 0.416089 -0.408183
-0.857387 -0.174520 0.071771 -0.182976
-0.845504 -0.059297 0.091764 -0.195929
-0.837310 0.084784 0.015427 -0.364373
-0.991415 -0.123580 -0.303855 0.122303
-0.919702 0.011418 -0.223709 -0.011162
-0.904980 0.028417 -0.098650 -0.030578
-0.759832 0.250678 -0.321436 -0.065574
-0.491672 0.106070 -0.203120 -0.127846
-0.492081 0.104950 -0.440978 -0.160804
-0.975673 -0.219452 0.056227 0.015653
-0.748411 -0.358983 0.369734 -0.448174
-0.716106 -0.452930 0.341999 -0.169598
-0.851519 -0.218449 0.290988 -0.436096
-0.729385 -0.218914 -0.177097 -0.273787
-0.858531 -0.141939 -0.001680 -0.088704
