-0.060450 -0.470180 0.462438 -0.247765
0.019735 -0.539510 0.862957 0.078124
0.806191 -0.314428 -0.472988 -0.343967
0.430416 -0.410594 -0.157847 -0.284784
0.034703 -0.417556 0.444497 -0.240811
-0.024106 -0.595959 0.108068 -0.186515
0.436439 -0.130646 0.063132 -0.145986
0.284517 0.007711 -0.102610 -0.532000
0.022797 0.897815 0.305953 -0.462650
0.786248 -0.282676 0.226067 0.594934
-0.516873 -0.271518 0.679700 -0.340303
0.868059 0.655787 -0.266529 0.092823
-0.242600 -0.255134 -0.268681 -0.212472
-0.302588 -0.443103 0.049146 -0.486913
0.242180 -0.642874 0.592111 -0.002735
0.096722 0.145820 -0.156604 0.423781
0.184900 -0.366073 0.159172 -0.271473
-0.353521 -0.217339 0.039917 0.017366
0.098835 -0.327414 0.051473 -0.330283
0.815144 0.017876 0.190754 -0.074742
0.344247 0.065805 -0.189973 -0.424315
0.024626 -0.302498 0.636918 -0.367148
-0.176939 -0.291653 0.111232 -0.378236
0.226069 -0.389973 0.302968 -0.294600
0.085467 0.017783 0.310633 -0.995152
-0.337936 -0.752849 0.011254 -0.047310
0.238002 0.175338 -0.408054 -0.861242
0.745272 0.131260 0.632746 -0.035973
0.583205 -1.036454 -0.120502 0.316958
0.288676 -0.389918 0.156269 0.191957
1.006401 -0.114072 0.469949 -0.608851
-0.042058 -0.070231 0.304185 -0.680150
0.866816 -0.429001 0.457391 0.045713
0.155244 -0.046007 -0.772349 -0.644440
0.523194 -0.142190 0.062960 -0.489375
0.320892 -0.786840 -0.048510 0.109568
0.071474 0.426815 -0.539287 -0.623121
1.414238 0.170914 -0.105157 0.216745
0.135000 0.371064 -0.780999 -0.489168
0.689534 -0.546918 0.243847 -0.005603
0.705776 -0.094346 0.648982 -0.250305
-0.161207 0.423542 -0.551419 -1.134742
0.360708 -0.175436 0.262743 -0.756312
1.077682 -0.839806 0.575066 -0.293657
0.747319 -0.491066 -0.133504 -0.278219
0.188953 -0.525941 -0.550529 -0.411532
-0.554924 -0.198850 -1.365550 -0.838404
-0.073511 0.106222 -0.382572 -0.152849
-0.728934 -0.101823 -0.856166 -0.662161
-0.066539 -0.953733 -0.131516 0.066291
0.085118 -0.785978 -0.084564 -0.172145
0.073624 -0.319383 -0.019403 -0.002463
0.637721 -0.339399 0.325545 -0.551711
-0.110735 -0.554816 0.312585 -0.329327
0.346193 -0.324754 -0.296434 -0.192213
0.464474 -0.414788 -0.101943 -0.493934
1.617283 -0.615402 -0.318206 -0.021883
0.262925 -0.558184 -0.280656 -0.314296
0.581372 0.326624 -0.224383 -0.325692
0.386176 0.399417 0.038184 0.055316
0.696347 0.074646 -0.194159 -0.042415
0.082728 -0.183154 -0.816149 -0.083264
-0.072020 0.043548 -0.409908 -0.544505
1.204086 0.329480 -0.022779 -0.206545
0.980432 0.009137 -0.231123 -0.522690
0.812756 -0.075118 -0.764701 0.261365
-0.022268 0.250978 -1.017614 -0.430389
0.354349 -0.934114 -0.358815 -0.414903
0.971563 -0.485958 -0.463445 -0.236914
0.313046 -0.062398 -0.081408 -0.105262
0.646564 0.094883 0.055312 -0.373584
0.198100 -0.438369 -1.037083 -0.625663
-0.212906 0.213515 0.372095 -0.377322
-0.761361 0.113249 -0.686269 -0.924708
1.656189 -0.891453 -0.315249 -0.267811
0.387265 0.524895 -0.799782 -0.400718
0.265625 -0.536509 -0.142971 -0.196619
0.582463 -0.627850 -0.280099 -0.654900
1.019306 -0.971819 -0.051340 0.142435
0.272967 0.426015 -0.554574 -1.089213
-0.239107 -0.179004 -1.071137 -0.483950
0.251414 -0.134162 -0.986383 -0.257007
0.636805 -0.166562 -0.558064 0.454684
0.407961 -0.557026 -0.054382 -0.070790
0.352400 -1.013921 -0.295840 -0.198195
0.021939 -0.202894 -0.316235 -0.328698
0.410972 -0.327323 -0.587571 -0.252586
0.354181 -0.574912 -0.139442 0.166896
0.184900 -0.366073 0.159172 -0.271473
-0.289709 -0.529441 -0.331739 -1.165003
0.234806 -0.111842 -0.072277 -0.158810
0.125955 -0.848589 -0.880008 -0.788391
-0.876441 0.240171 -0.586867 -0.144665
0.117313 0.167254 -0.073411 -0.708678
-0.762818 -0.233939 -1.039184 0.237481
0.211783 0.056709 -0.777079 -0.972864
0.583205 -1.036454 -0.120502 0.316958
-0.603607 -0.363762 -0.766754 -0.791210
0.575496 0.054901 0.550130 -0.751999
-0.120347 0.166352 -0.542336 -0.330812
-0.057755 -0.169194 -0.193315 -0.978031
0.734970 -0.807157 0.862295 -0.166880
0.959871 0.053561 0.449829 -0.254245
-0.383703 0.537081 -0.915236 -0.946075
-0.098849 -0.342198 -0.938660 -0.411761
0.043585 -0.695058 -1.319410 -0.352063
-0.144952 0.204206 -0.727337 -0.515775
0.169779 -0.481978 0.298135 -0.213273
0.721481 0.120044 -0.622355 0.286429
-0.176718 -0.164123 -0.150174 -0.687690
-0.033014 -0.336425 -0.766232 -1.245915
0.638692 -0.018817 0.295391 -0.258891
0.482324 -0.173247 -0.720707 -0.467175
1.366810 -0.528782 0.187078 -0.002416
-0.255253 0.133439 -0.035497 0.078486
-0.182357 -0.120443 -0.394232 -0.099809
0.011808 -0.908650 -0.890107 -0.103512
0.394421 -0.148099 -1.332723 -0.416088
0.482831 -0.652864 -1.359578 -0.668046
0.668509 -1.311022 -0.060353 -0.423247
0.169647 -0.254592 -0.548928 -0.559956
0.037237 -0.131456 -0.574376 -0.512269
-0.018077 -0.753373 -0.077125 -0.654341
-0.109338 0.085645 -0.858983 -0.823785
0.131359 -0.436567 -0.296856 0.143820
-0.282676 0.216721 -0.506210 -1.231558
0.500357 0.772775 -0.341061 -0.728557
0.934249 -0.418629 -0.165363 -0.239919
-0.810439 0.151892 -0.570195 0.075732
0.092726 -0.338476 -1.238584 0.331854
0.604416 -0.350031 -0.059677 -0.345501
0.725174 0.918652 0.299719 -0.447542
0.522176 0.183252 -0.180139 -0.794537
-0.251145 -0.330525 -0.924622 -0.983579
-0.153359 0.075917 -0.343193 -0.843330
0.885147 -0.727257 -0.734879 0.057094
-0.219442 -0.138851 0.180263 -0.699973
-0.198152 0.013838 -0.452887 -0.548490
0.270136 0.381579 0.166802 -0.334236
0.199148 0.346097 -0.686284 -0.962501
0.133514 -0.670597 -0.859294 -1.559803
0.511985 0.682326 -0.267182 -0.358551
0.265625 -0.536509 -0.142971 -0.196619
0.405467 -0.231061 -0.836681 -0.551662
0.019020 -0.050860 -0.811103 -0.340835
1.019306 -0.971819 -0.051340 0.142435
0.509885 -0.181468 -0.342550 -0.274739
0.557581 -0.071048 0.187154 0.084431
0.754428 -0.472781 0.362933 -0.455087
0.412832 -0.362623 0.034275 0.063187
-0.152796 -0.129631 -0.471822 -0.158098
1.195268 -1.169469 0.309661 -0.206188
0.746569 0.077128 -0.179940 -0.014449
-0.815627 -0.589204 0.421039 -0.713306
-0.634082 -0.524682 0.049960 0.220978
-0.768468 -0.049431 0.065756 -0.274862
-0.852726 -0.493810 0.560865 -0.546019
-0.473492 -0.460781 0.186665 0.230864
-0.679460 0.033064 -0.278505 -0.118710
-0.828712 -0.191663 0.281500 -0.779419
-0.858239 -0.047185 0.066828 -0.322968
-0.585807 -0.495503 0.517885 -0.391026
-0.732273 -0.445867 0.535133 -0.550838
-0.881794 0.192703 0.020529 -0.375739
-0.673427 -0.294813 -0.003497 -0.185758
-0.379377 -0.458543 0.578157 -0.297237
-0.616024 -0.117558 -0.101935 0.100072
-0.785891 -0.237254 -0.084973 0.070763
-0.180120 -0.175083 -0.005285 0.003267
-0.887415 -0.201052 0.101966 -0.108160
-0.850253 -0.180876 0.206880 -0.421471
-0.930303 -0.132654 0.050372 -0.220823
-1.008735 -0.064199 0.164420 -0.171752
-0.694440 -0.406920 -0.398125 -0.228980
-0.723495 -0.342058 0.273489 0.004395
-0.326821 -0.333087 0.039046 -0.272972
-0.985813 0.234502 0.113480 -0.773861
-0.745153 -0.335294 -0.022753 -0.403117
-0.744956 -0.246608 0.067422 -0.086460
-0.980059 -0.181776 0.170684 -0.155093
-0.776970 0.190950 -0.052836 -0.734523
-0.372484 -0.174851 -0.080576 -0.445531
-0.869824 -0.412910 0.302406 -0.414896
-0.543897 0.114421 -0.127566 -0.479030
-1.002666 -0.277463 0.079267 -0.026666
-0.903511 -0.332150 0.190626 -0.339688
-0.830787 0.203287 -0.099751 -0.243196
-0.677669 -0.058875 0.403636 -0.358556
-0.888686 0.043231 -0.080700 -0.028064
-0.961242 -0.121429 -0.144601 -0.026860
