-0.642651 0.137121 0.050021 -0.386160
0.559109 -0.795615 0.155804 -0.214243
0.359814 -0.537453 -0.186194 -0.267216
0.749816 -0.494517 0.225897 -0.509387
-0.132864 -0.230696 -0.376523 -0.091030
0.351503 -0.734911 -0.050579 -0.211564
0.377095 0.409999 0.329231 -0.545536
0.432311 -0.409091 0.449804 -0.415655
-0.366938 0.568233 -0.503373 -0.819022
0.932296 -0.239156 -0.161412 0.051443
1.086617 -0.235177 0.503904 -0.059753
0.424401 0.183917 0.115548 -0.724284
0.285323 0.530260 -0.947997 -0.757946
1.030945 0.041081 0.142102 -0.450661
0.372050 -0.686832 0.414953 0.063656
0.064731 -0.002808 -0.687409 -0.383478
0.287259 -0.395303 -0.075450 -0.063312
-0.439725 0.526768 -0.225510 -0.346807
-0.350692 0.371069 0.423341 -0.506767
-0.116744 -0.472062 -1.190023 -0.420073
0.988655 -0.073624 -0.824703 0.181627
0.430770 -0.387799 0.163245 -0.403383
0.750934 -0.198939 -0.710956 -0.771229
0.415793 -0.576990 0.121214 -0.357869
-0.162378 -0.304070 -0.322856 -0.001657
0.033652 -0.548932 -0.144283 -0.226687
0.203547 -0.114688 0.364634 -0.307602
0.870057 -0.368514 0.243309 0.230433
-0.063020 -0.394897 0.160211 0.085844
0.633537 -0.507213 0.490336 0.316434
0.730764 -0.353378 0.333862 0.368465
0.529474 -0.910557 0.423485 0.372526
0.135565 0.175186 -0.248553 -0.534199
0.375409 -0.693948 -0.154661 0.440541
0.274064 -0.303141 -0.596550 -0.080233
0.429075 0.391595 0.322532 -0.566389
1.089161 -0.625428 0.086191 -0.120808
0.942709 -0.055805 -0.670602 -0.089576
0.391180 -0.640323 -0.549401 -0.187800
0.295861 0.188315 0.516002 -0.555086
0.804698 -0.613486 0.811729 -0.037902
0.432109 0.002709 0.136885 -0.247615
0.363203 -0.770585 0.111775 0.277278
0.436509 -0.649768 0.065649 -0.252611
0.653584 -0.409567 -0.061698 -0.201715
-0.087434 0.703168 -0.929076 -0.547482
0.157574 -0.181379 0.049959 -0.116381
0.945803 0.132832 0.382553 -0.345023
0.789600 -0.354573 0.912062 0.174492
0.748714 -0.588653 0.236756 -0.162766
0.495489 -0.757882 0.296859 -0.359648
-0.751083 -0.221598 0.194831 -0.263799
-0.547409 -0.257617 0.120246 -0.227254
-0.802158 -0.493739 0.145968 -0.226899
-0.746013 -0.145172 -0.010602 -0.244272
-1.039581 -0.016466 -0.127865 -0.254929
-0.318043 -0.204357 0.197372 -0.239751
-0.859345 -0.284594 0.414353 -0.506258
-0.821578 -0.340544 0.277370 -0.297449
-0.667108 -0.191796 -1.007233 -0.481402
-0.674020 -0.409224 0.465125 -0.232914
-0.769283 -0.238623 0.398869 -0.276276
-0.803990 -0.224556 0.025660 -0.253004
-0.825021 -0.185633 0.051861 -0.174542
-0.229555 -0.310802 0.195882 -0.313970
-0.950633 0.055661 -0.516510 0.004949
-0.778702 0.028616 0.065845 -0.320385
-0.440634 -0.456550 0.081317 -0.075931
-0.869280 -0.147775 -0.005741 -0.185407
-0.918935 -0.206859 -0.201069 0.212570
-0.889019 -0.112117 -0.277669 0.225209
-0.901577 -0.066130 -0.251845 0.126320
-0.840215 -0.087940 -0.154532 -0.042058
-0.700022 -0.133898 0.107256 -0.027304
-0.731840 -0.287892 0.078102 -0.122652
-0.757701 -0.337184 0.288704 -0.494440
-0.275808 -0.140108 0.221239 -0.261017
-0.714002 -0.057555 0.101456 -0.589053
-0.742599 -0.381151 0.380203 -0.508015
-0.802766 -0.588357 -0.043905 -0.163568
