-0.344395 0.624321 -0.579066 -0.616809
-0.191997 0.212563 -0.301453 -0.270891
0.026365 0.163072 -0.951682 -0.242936
-0.247000 -0.040677 0.011793 -0.780871
-0.747609 0.416796 0.047731 -1.094882
-0.272601 -0.098763 -0.313969 -0.404412
0.084819 0.675537 0.031654 -0.589523
-0.554323 0.683054 -0.656966 -1.268993
0.194065 0.272610 -0.026316 -0.422203
-0.649336 -0.402704 -0.547827 -0.512649
-0.001828 0.508448 -0.692115 -0.912306
-0.218452 -0.177213 -0.749313 -0.509635
-0.240666 -0.714225 -0.541630 -0.210158
-0.100177 0.114283 -0.051090 -1.014597
-0.010437 -0.298098 0.091230 -0.871624
-0.203483 -0.331506 -1.079341 -0.460660
-0.429115 -0.610518 -0.852592 -0.192505
-0.364436 -0.372026 -1.007638 -0.289967
0.276133 -0.197011 0.316465 -0.881129
0.401979 0.243563 0.123076 -0.652862
0.474614 -0.376771 -1.014805 -0.307478
-0.079451 -0.699270 -1.400896 -0.410864
0.037525 -0.011161 -0.838597 -0.718527
0.329584 -0.547144 -1.042321 -0.826104
-0.719328 -0.404084 -1.288423 -0.241978
-0.327174 -0.329985 -0.918561 -0.443184
-0.583554 0.135077 -0.539865 -0.891442
0.156279 0.478387 -0.072141 -0.538945
0.239135 0.451952 0.084757 -0.103995
-0.030154 0.224251 -0.278412 -0.425714
-0.398628 -0.522926 -0.908077 -0.167583
-0.285826 0.054055 -0.911210 -1.041139
-0.093458 0.047791 -0.243225 -0.698728
-0.193921 0.345602 0.001077 -0.451270
0.770444 -0.830267 -0.618785 -0.360676
-0.136137 -1.017982 -1.467632 -0.110097
-0.102486 -0.289804 0.526029 0.171608
-0.194557 0.228913 -0.513975 -0.366310
0.641524 -0.370722 -0.259224 -0.223229
-0.134391 -0.158438 -0.426856 -0.386773
-0.907964 -0.604664 -1.197274 -0.386360
0.041169 -0.303960 -0.946038 -0.554233
-0.087324 0.038912 -0.765742 -0.805609
-0.494569 -0.392407 -0.899098 -0.701078
-0.288924 0.360101 -0.626562 -1.039115
-0.095623 0.271220 -0.117502 -0.850238
0.060849 -0.060491 -0.153085 -1.192282
0.137102 -0.639633 -1.065850 -0.185172
0.221591 -0.312176 -1.009561 -1.114863
0.837076 -0.765798 -0.285747 -0.272514
0.244436 -0.270340 -0.611376 -0.105558
0.004132 -0.883369 -1.040531 -0.287330
-0.343349 -0.020051 -1.127328 -0.314003
0.336035 0.260666 0.026335 -0.162546
0.152639 -0.822394 -1.580458 -0.170391
0.557226 -0.322158 -0.468316 -0.389073
0.589808 -0.151144 0.221299 -0.192473
0.425890 -0.855539 -1.038946 0.075678
-0.027203 -0.205765 -0.511081 -0.963260
-0.052725 -0.578045 -0.332360 0.053468
0.012574 -0.301557 -0.204236 -0.023743
-0.821462 -0.051036 0.292851 0.044727
0.258365 -0.337638 -0.155335 0.026311
1.010141 -0.325316 0.099928 0.006585
0.487619 -0.816548 0.368092 0.248745
-0.692023 0.089574 -1.105834 0.092719
0.005255 -0.375868 0.045593 -0.033886
-0.181149 -0.006996 -0.008359 0.097140
0.029136 -0.632266 -0.376327 0.025191
-0.116525 -0.327540 0.020399 0.022027
0.297684 -0.096804 -0.097718 0.271741
-0.586116 0.072561 -0.781610 0.018509
0.421939 0.365979 -0.591527 -0.941534
-0.290546 -0.734864 0.038923 0.113191
-0.521064 -0.811578 0.173549 0.259664
-0.142272 0.119169 -0.078517 -0.290366
-0.004528 0.817487 -0.146970 -0.779857
0.635460 0.173895 -0.108642 -0.081535
0.213552 -0.431589 0.698777 0.014127
0.347384 -0.530610 0.255884 0.014882
-0.087660 0.502411 0.016658 -1.256973
-0.324898 -0.687051 0.026682 -0.007010
0.274672 -0.472092 0.062918 -0.263688
0.748013 -0.076037 0.042724 -0.205622
-0.587587 0.092465 0.492328 -0.319990
-0.505630 -0.162086 0.110780 -0.493175
0.235657 0.297727 -0.150557 -0.060403
-0.421095 -0.480685 0.610318 -0.622582
0.363995 -1.063162 -0.845855 0.024444
1.158241 -0.612232 0.336351 0.129386
-0.475315 -0.099119 -0.119892 -0.654606
-1.176315 -0.277068 -0.274254 0.016074
0.355301 -0.421849 -0.294323 0.155210
1.017790 -0.657747 0.167346 -0.482696
-0.249650 -0.974805 0.210806 0.044262
-0.272601 -0.098763 -0.313969 -0.404412
-0.267681 -0.261113 0.644954 -0.584007
0.729592 -0.513404 -0.228360 0.150957
0.810987 -1.269043 0.125843 -0.217305
-0.291859 -0.169118 -0.067759 -0.480295
0.000369 -0.234935 -0.471826 -0.044168
0.272642 0.154795 0.321200 -0.055469
-0.340895 -0.672252 0.555225 -0.495761
0.139580 -0.384400 -0.039874 -0.016458
-0.037062 -0.735109 -0.318550 -0.234701
0.700668 -0.265511 -0.804943 -0.989740
0.537813 -0.346558 -0.245482 -0.799492
-0.242148 0.329766 0.301846 -0.259586
0.503562 -0.135839 0.022345 -0.185769
-0.700135 -0.465979 -0.318425 -0.347656
0.273595 -1.326091 0.118222 -0.260835
0.017552 -0.038603 0.018028 -0.322550
1.225666 -0.061112 -0.134689 -0.238372
-0.178512 0.527702 -0.036378 -0.819128
0.807789 0.019244 -0.525010 -0.980298
0.370191 -0.330699 -0.414368 -0.571232
0.464821 -1.315967 0.164194 0.679702
0.038042 0.264695 -0.292370 -1.141353
0.240251 -0.439494 -0.367013 -0.463896
0.369449 -0.658157 0.748326 0.582352
0.888812 -0.492423 -0.747406 -0.127275
0.911582 0.464170 -0.111558 -0.611860
0.364163 0.145177 -0.660775 -0.477175
-0.195783 1.248939 -0.051464 -1.156333
0.734008 -0.349875 -0.322670 0.131671
0.155236 0.093997 -0.325679 -1.035088
0.811689 -0.038864 -0.384665 0.085337
0.692791 -0.030603 -0.063821 -0.023161
0.394613 -0.590684 0.508917 -0.007779
0.636488 -0.307880 0.371048 0.221654
0.298243 -0.416708 0.515819 -0.296015
0.382955 0.727021 0.246254 0.033009
0.911233 -0.620148 -0.272734 0.580215
0.506685 0.580098 0.034651 -0.176501
0.835361 -0.556417 0.100816 -0.151790
0.731161 -0.058302 -0.068293 -0.266624
0.581067 -0.716998 0.547207 0.088329
0.478346 -0.529537 0.454926 -0.381379
0.970769 -0.004752 0.137352 -1.116519
0.263776 0.490996 -0.727719 -0.986002
1.043216 0.098873 0.291736 -0.240003
0.511479 -0.413422 -0.344575 -0.250495
0.065044 0.086104 -0.079686 -0.687487
-0.455586 0.180969 -0.235869 -0.601767
1.195871 -0.486041 0.227539 0.129010
0.197415 0.559078 -0.336515 -0.378922
0.474319 0.730416 -0.639197 -0.203105
0.588196 -0.897332 0.545729 -0.475313
0.386637 0.049416 0.329904 -0.688221
-0.367150 1.298103 0.128361 -0.453826
0.788320 -0.907350 0.570378 -0.122502
1.597316 -0.713679 -0.187827 -0.047157
0.999105 -0.349911 -0.077042 -0.116518
0.341623 -0.220680 0.166120 -0.355767
0.191350 0.422566 -0.715210 -0.758599
0.312681 -0.865657 0.359900 -0.110045
0.488939 0.139032 0.188010 0.045318
-0.009122 -0.746518 0.565170 -0.635239
0.186248 -0.296368 -0.300034 -0.483121
0.891766 -0.916029 0.617988 0.286738
0.645811 -0.301021 0.010651 -0.009917
1.085962 -0.674513 0.520986 -0.066405
-0.077937 -0.612118 0.531734 -0.030924
0.095756 -0.793790 -0.705055 -0.070569
0.503510 -0.056978 0.048010 0.066636
0.667558 0.487481 0.376342 -0.024741
0.158018 -0.395084 0.194327 0.006476
0.620040 0.096219 -1.005614 -0.508583
0.415419 -0.473560 0.441192 -0.390832
-0.852939 -0.229939 0.108231 -0.112384
-0.822795 -0.254316 0.062708 -0.292375
-0.017702 -0.250332 -0.330928 -0.223053
-0.674923 -0.082035 -0.081711 -0.216315
-0.581748 -0.558213 0.368455 -0.077263
-0.577180 -0.514884 0.423364 -0.142843
-0.712704 0.080579 -0.448691 0.070153
-0.667006 -0.147485 -0.039988 -0.338126
-0.674951 -0.242752 0.211840 -0.094429
-0.822982 -0.069146 0.068803 -0.251355
-0.878100 -0.352677 0.161035 -0.122048
-0.919257 -0.067569 -0.108585 -0.086551
-0.886054 0.023428 -0.081746 -0.185916
-0.719233 0.115951 -0.364469 -0.245227
-0.938494 -0.204743 0.129882 -0.099498
-0.711470 -0.544525 -0.062954 -0.343242
-0.757695 0.275433 -0.809085 0.194318
-0.779574 -0.492249 0.080230 0.024112
-0.643657 0.445085 -0.632119 -0.044231
-0.848050 -0.154511 0.224712 -0.399389
-0.669225 -0.315691 0.427806 -0.328015
-0.412977 0.853620 -0.241873 -0.259091
-0.580067 -0.393874 0.465010 -0.442380
-0.847462 -0.180062 -0.137792 0.099686
-0.349940 0.356938 -0.461008 -0.442540
0.437346 -0.606621 0.381931 -0.620396
-0.669276 -0.463688 0.523696 -0.276054
-0.749121 -0.003829 -0.378643 0.050716
-0.465477 0.104141 -0.169927 -0.716710
-0.935274 -0.076613 0.022265 -0.195582
-0.743058 0.039372 -0.240119 0.140944
-0.699844 -0.605755 0.026329 -0.260435
-0.700362 -0.251810 0.331215 -0.394564
-0.668109 -0.185053 -0.084616 -0.082631
-0.835467 -0.019683 0.106897 -0.057624
-0.838810 -0.107809 -0.060553 -0.139133
-0.814346 -0.248686 0.087180 -0.204012
-0.989153 -0.213175 0.348705 -0.461797
-0.384452 -0.127739 0.792818 -0.060208
-0.812168 0.651985 -0.302784 -0.256646
