0.286580 -0.128142 0.019245 -0.292353
0.145835 0.202775 -0.265708 -0.925622
-0.149805 0.520738 -0.054434 0.145752
0.333706 -0.408090 -0.391990 0.113265
-0.058506 0.324098 0.056065 0.061392
0.934550 0.057826 -0.218750 0.475200
0.725284 0.020011 0.281568 -0.171753
-0.021767 -0.596583 0.254735 -0.147012
0.576031 0.563779 -0.085957 -0.021803
0.232116 -0.795412 0.540217 -0.152473
0.591860 -0.367922 -0.294256 -0.346274
0.986040 -0.219564 0.177847 -0.306949
-0.295105 -0.338174 0.433373 -0.074158
-0.189736 0.562740 -0.677833 -0.270230
0.293066 -0.325266 0.286475 -0.233118
0.967445 -0.434882 0.465788 0.188330
0.396049 0.070104 0.530854 0.069940
0.710047 0.062598 0.381449 0.065103
0.329789 -0.692474 -0.391760 -0.127175
-0.055060 -0.665910 0.083798 -0.015058
-0.012553 -0.491808 -0.270682 0.108355
0.346209 -0.107367 0.082415 -0.345636
0.677169 -0.731883 0.192419 0.003669
0.355761 -0.237454 0.401377 -0.153467
0.897386 0.070390 0.130580 0.007887
0.054976 -0.085538 0.290675 -0.398733
0.532850 -0.364691 -0.130852 -0.454939
0.846366 -0.675806 -0.411279 -0.016174
1.064889 -0.491957 0.467734 -0.375624
0.178087 0.004308 0.161297 -0.858970
0.781591 -0.524149 0.097999 -0.576330
0.240843 -0.554605 0.471604 -0.624527
0.184574 -0.300483 0.050341 -0.548966
0.373255 0.316914 -0.402107 -0.120766
1.004534 0.304188 0.065581 -0.091760
0.969868 0.051127 0.322732 -0.272604
0.625847 0.321363 -0.363993 -1.037240
1.066620 0.225337 0.144944 0.113259
0.550275 -0.875242 -0.012117 0.128751
1.130961 -0.512123 0.220929 -0.093869
0.799656 0.078086 0.297762 -0.531775
0.473362 -0.124580 -0.076151 -0.192009
0.017649 0.955019 -0.809502 -0.520705
0.679641 -0.480794 -1.050737 -0.401664
1.225697 -0.590969 -0.166857 -0.246076
0.592898 -0.808581 0.660971 -0.387605
0.004181 -0.140574 0.576992 -0.783263
0.354420 -0.684536 0.136805 0.108004
0.357983 -0.453023 0.218072 -0.771811
1.036129 0.425637 -0.088286 0.012102
0.897392 -0.616199 0.403552 -0.112025
0.969886 -0.436778 0.697575 0.082978
0.764843 -0.783770 0.448878 -0.201418
-0.252666 -0.347450 0.407385 -0.215783
1.132928 -0.306401 0.415908 -0.301253
0.959439 -0.366003 0.091472 -0.321243
0.295914 -0.183585 -0.050204 -0.497491
0.279666 -0.059162 -0.104507 -0.190304
0.527295 0.324943 -0.084159 -0.380924
-0.096575 0.058435 -0.029893 -0.946064
-0.414527 -0.365374 0.157250 -0.520968
0.731305 -0.762448 0.082687 0.156955
0.131416 0.161528 -0.011381 -0.316115
0.343849 0.613359 -0.145687 0.024657
1.130778 -0.969050 0.483753 -0.484192
0.590070 -0.294632 0.301621 -0.577383
1.209050 0.151370 0.027479 0.371010
0.397643 -0.836473 0.328127 -0.194934
0.510883 -0.833230 -0.078598 0.178947
0.802141 -0.366381 0.294504 -0.584928
-0.014791 0.253484 -0.056289 -0.410758
0.179023 -0.102602 0.303189 -0.722680
0.394348 0.135566 0.075566 0.027532
0.044976 -0.016954 -0.612728 -0.702705
-0.431636 -0.309197 -1.074859 -0.015068
0.464231 -0.525786 0.628868 -0.569974
0.528602 -0.911131 0.366411 -0.166461
-0.394516 -0.548672 -0.239714 -0.083455
0.348034 -0.460884 0.271479 -0.300279
0.216237 -0.657741 0.391544 -0.037476
0.343258 0.055301 -0.672454 -0.072945
0.463413 -0.024318 -0.362161 0.197262
0.818238 -0.244416 -0.043518 0.085090
-0.194294 -0.082921 0.287434 -0.365108
-0.027770 0.104226 -0.022991 -0.244080
0.572120 -0.648661 -0.527200 -0.228464
-0.241621 0.178867 -0.045090 -0.741496
-0.053442 0.060572 -0.857039 -0.873857
-0.202788 0.240379 -0.978181 -0.183609
0.430071 -0.444754 -0.917911 -0.610776
0.208432 0.016126 0.252635 -0.503064
-0.039388 -0.165413 -0.610328 -0.795513
-0.343037 -0.076147 -0.665258 -1.163287
-0.140970 0.404719 -0.803654 -0.428634
0.084475 -0.202231 -0.747422 -1.459076
0.818555 -0.319320 -0.550647 -1.045056
-0.230235 -0.274082 -0.823836 -1.055250
0.351872 0.671385 -0.320642 -0.279679
-0.437623 -0.272891 0.254515 -0.928081
0.265900 0.113053 -0.683586 -0.818385
0.248802 0.321441 -0.038361 -0.769669
-0.065845 0.329434 -0.825324 -0.746245
-0.824600 0.284286 -0.502567 -1.174793
0.143356 0.288078 -0.361818 -1.325323
-0.025664 -0.081735 -0.841227 -0.932381
0.558197 -0.471679 -0.652879 -0.320716
-0.162943 -0.530854 -0.918418 -0.369080
-0.421916 0.710031 -0.900874 -1.097873
0.288281 0.266557 -0.331708 -0.793429
-0.348701 -0.093484 -0.513800 -0.239148
-0.366219 0.046020 -0.735632 -0.907279
-0.818812 0.380081 -0.915173 -1.084144
0.862873 -0.102263 -0.118478 -0.191416
0.755264 -0.465652 0.657391 -0.646147
0.129483 -0.535359 -0.791044 -0.962001
-0.185524 -0.785555 -1.544472 -0.401670
-0.071211 -0.556051 -1.674357 -0.720956
-0.152150 -0.721407 -1.535664 0.016093
0.422617 -0.661557 -1.354848 -0.288626
1.021793 0.022261 -1.210279 -0.352278
-0.308602 0.102353 -1.039297 -0.335340
-0.182982 -0.071551 -0.482222 -0.205145
-0.264234 -0.192428 -0.994935 -0.236033
-0.021359 0.431773 -0.293739 -0.463986
0.562428 -0.225942 -1.047064 -0.646001
-0.096983 -0.391540 -1.055536 -0.710668
-0.391694 -0.163273 0.261632 -0.284515
0.308807 -0.555440 -1.412522 -0.402694
0.829626 -0.078154 -1.117447 -0.652688
-0.401645 -0.273503 -0.359024 -0.329310
-0.451102 -1.160597 -0.658188 -0.055718
-0.411664 -0.507621 -0.468472 -0.207685
-0.316472 0.736985 -0.631535 -1.110131
0.197048 -0.128313 -0.576750 -0.794942
0.976489 -0.360829 0.534510 -0.531384
0.570944 0.080663 0.273030 0.019500
0.778545 -0.858861 0.632944 0.081878
-0.144199 0.399937 0.193248 -1.073212
0.837633 -0.323156 0.411551 -0.713322
0.377717 -0.631980 0.355939 -0.109317
0.736521 0.085124 -1.006748 -1.148163
0.427044 0.326362 0.486529 -0.306913
0.702998 -0.409851 -0.195460 -0.314559
-0.146400 0.057148 0.481608 -0.884063
-0.293889 1.038847 -0.870588 -0.270187
-0.418849 0.017652 -0.256559 -0.021600
-0.835990 -0.314975 -0.158535 -0.201447
-0.884263 -0.189908 -0.064487 -0.219609
-0.890505 -0.085303 -0.016773 -0.426644
-0.765031 -0.190010 0.175792 -0.236248
-0.662048 -0.374342 0.263059 -0.003806
-0.742731 -0.350374 0.350975 -0.658016
-0.745695 -0.600911 0.779826 -0.817550
-0.804016 -0.376350 0.143567 -0.295121
-0.935747 0.085674 -0.012578 -0.582726
-0.552002 -0.549158 -0.264480 -0.135652
-0.305166 -0.091212 -0.049782 -0.032945
-0.827060 0.226230 0.040571 -0.282957
-0.803796 0.158955 -0.264365 -0.180008
-0.832407 -0.239380 0.048261 -0.221144
-0.825141 -0.206395 0.045446 -0.091615
-0.455803 -0.362068 -0.078640 0.624096
-0.825962 -0.195470 0.146727 -0.468215
-0.743131 -0.143214 0.222679 -0.450209
-0.835911 -0.216060 0.095333 0.072029
-0.733669 -0.008174 0.006871 -0.291138
-0.869407 -0.334757 0.000616 -0.241074
-0.983390 -0.134201 -0.147892 -0.020936
-1.098804 0.880059 -0.319089 -0.661622
-0.804649 -0.185039 0.238094 -0.265949
-0.868716 0.081044 0.073595 -0.299034
-0.802103 -0.062289 0.193698 -0.323536
-0.830054 0.253614 0.007985 -0.306930
-0.833684 -0.219760 0.091503 -0.185766
