-0.212365 -0.595020 -0.115949 0.811284
0.841812 0.257201 -1.103330 -0.584584
0.679946 -0.250589 -0.300643 -0.237619
0.792407 -0.230920 0.105404 -0.234110
1.133099 -0.943799 -0.227489 0.060341
0.405133 -0.847401 -0.004319 -0.227122
-0.236496 -1.051256 -0.735597 -0.170350
0.474930 -0.299772 0.220858 0.161459
0.230295 -0.818291 -0.132473 0.092918
0.160021 -0.468369 0.016969 -0.039986
-0.478966 0.555694 -0.353034 -0.477252
0.712901 0.098476 0.208075 0.011335
-0.464675 -0.423410 0.027747 -0.150653
0.624939 0.774323 0.608192 -0.019153
0.186195 -0.279146 0.692843 -0.181227
1.149504 -0.617665 0.231546 0.545282
-0.178304 -0.066152 -0.162229 -0.253046
-0.265401 -0.653342 0.106760 0.007202
1.117331 0.060485 -0.089429 -0.503949
0.149234 -0.095839 -0.836929 -0.268143
-0.008681 0.266358 0.332406 -0.379222
-0.064813 -0.630437 -0.286685 -0.269484
0.207027 0.423876 -0.139990 0.034345
-0.500301 0.312638 0.172576 -0.095460
0.894601 -0.078888 -0.125053 -0.432377
-0.239175 -0.093850 0.315459 0.382044
0.970738 -0.521105 0.415908 0.225839
0.047070 -0.123907 0.566558 0.005724
0.342335 -0.783941 0.505447 -0.635485
1.285205 -0.442137 0.334625 0.101839
0.356952 -0.578147 0.581104 0.388226
0.650895 -0.263568 -0.279204 -0.255465
0.698765 -0.354625 -0.231426 0.066779
0.310848 -0.056626 -0.108532 -0.048337
0.335350 -0.794778 0.133977 0.156110
-0.268448 0.125450 0.270876 -0.584241
-0.329415 -0.148821 -0.202674 -0.601558
0.134560 -0.149411 0.230942 -1.045569
0.368679 -0.319394 0.194169 0.549467
0.720868 -0.254872 0.098423 -0.674732
-0.121702 -0.219444 0.402707 -0.159524
-0.329359 0.279323 -0.395879 -0.290291
0.241109 -0.519025 -0.405816 0.205848
0.160998 -0.533160 0.580912 -0.103009
0.535322 0.650216 0.496957 0.055840
0.154058 -0.705523 -0.006741 0.371530
0.063670 -0.584076 -0.089014 0.293178
0.282411 -0.458892 -0.164451 0.067791
0.054297 -0.442721 -0.075715 0.386107
0.593360 -0.117168 0.579355 -0.091812
0.072272 -0.300460 -0.476666 0.134963
-0.198030 0.019435 0.039673 0.215467
0.250185 -0.103906 -0.748745 -0.039054
0.570575 -0.647198 -0.663178 -0.098599
0.081613 0.403080 -0.103455 0.293182
0.168264 0.002514 -0.457067 -0.337149
0.418410 -0.039179 0.282855 -0.180397
0.181817 -0.379709 0.007172 -0.508610
0.199761 -0.283466 0.335876 -0.063465
0.073878 0.537071 0.113176 -0.462800
-0.413628 0.031639 -0.011798 -0.803036
-0.026303 -0.474939 -0.210199 -0.118928
0.726497 -0.340394 0.652151 -0.019635
0.583635 -0.402054 0.203477 -0.487604
0.872527 -0.172681 -0.563442 0.274920
0.491268 -0.037847 -0.737151 -0.309994
0.687248 -0.159011 0.267466 -0.509249
0.120519 0.566969 -1.113042 -1.002723
0.702293 -1.181541 -0.276131 -0.148728
1.312810 -0.918134 0.447481 0.296604
-0.111766 0.850103 -0.690634 -0.382535
0.036498 -0.226437 -0.866244 -1.339947
0.796042 -0.550248 -0.026334 -0.100680
0.820299 -0.236479 0.041686 -0.153835
0.489697 -0.880131 0.373747 0.079388
0.999189 -0.108311 -0.085765 0.064018
1.389534 -0.676529 -0.330967 0.146876
1.189201 -0.170970 0.082173 0.129903
0.378183 -0.484693 0.036500 0.067525
0.405969 -0.690406 0.288057 0.280015
0.846502 -0.227747 0.409918 -0.420982
0.907661 -0.506753 0.432336 -0.225524
0.397233 -1.093890 0.732638 -0.291585
-0.039947 0.322002 -0.566820 -0.312229
0.411401 -0.190366 -0.282070 -0.058196
0.156048 -0.509096 -0.119623 0.117240
0.678670 -0.171333 -0.003467 -0.116150
0.447296 0.164568 -0.238205 -0.083518
0.382446 0.763112 -0.336315 -0.070190
0.460038 -0.813389 -0.094297 -0.011308
0.655531 -0.879369 -0.558737 -0.377758
0.886504 0.092108 -0.110158 -0.129985
0.434888 0.329579 -0.402075 -0.047788
0.509283 -0.665362 0.350684 -0.056002
0.211819 -0.443962 0.388277 0.184718
0.083478 -0.567813 0.421951 0.004335
0.058490 -0.774301 -0.011239 0.306139
-0.081675 0.553571 -0.822403 -0.325309
0.910566 -0.142722 0.268502 -0.309790
-0.033853 -0.262831 -0.234902 -0.170475
0.782765 -0.779638 0.184049 -0.087055
-0.504915 1.122971 -0.516734 -0.159452
-0.124662 0.826596 -0.501213 -0.191836
1.372235 -0.849172 0.398746 0.128281
0.227630 0.404767 -0.440965 -0.572926
0.341942 0.127543 0.522607 -0.293151
0.227185 -0.367401 -0.120809 -0.442195
0.924658 -0.453941 0.256922 -0.030107
0.843345 -0.541360 0.272889 0.060371
0.844820 -0.456712 -0.008749 -0.100086
0.307878 -0.166984 -0.985713 -0.182900
0.811197 -0.297131 0.547151 0.080650
-0.298221 0.865794 -0.777723 -0.504821
0.756357 -0.020707 -0.050414 -0.442360
0.762838 -0.370316 -0.486542 -0.068944
0.155164 1.116693 -0.535560 -0.079958
0.685118 -0.563452 0.620905 0.157236
0.222977 -0.128425 -0.313548 -0.173531
0.070923 -0.390609 0.320296 -0.382667
-0.036476 0.236977 0.532138 -0.744285
0.178504 -0.370961 0.448664 -0.444011
0.499488 0.760766 0.177097 -0.421358
0.536177 -0.824080 -0.247477 -0.420416
0.506116 -0.311764 0.287384 -0.110747
0.019887 -0.007343 -0.029698 -0.197904
0.790725 -0.713178 0.172548 -0.027387
0.445779 -1.122392 0.855231 0.029470
1.090864 -0.416949 0.544028 0.611593
0.819869 -0.481750 0.098273 -0.027476
1.332041 -0.654553 0.541514 0.361162
0.245707 -0.774107 0.265786 -0.013886
0.136666 0.589124 -0.250969 -0.216037
-0.055241 0.727889 -0.474942 0.232365
0.334584 -0.513015 -1.334918 -0.012390
1.000259 -0.431466 -0.369368 0.160600
0.907242 -0.727143 -0.239222 0.313195
-0.321233 -0.458658 -0.430044 -0.386525
0.143009 -0.269338 -0.034074 -0.078016
-0.033672 -0.556726 -0.566963 -0.176640
-0.524765 0.317583 -0.235581 -0.585787
0.126544 -0.106411 -1.141915 -0.810328
0.249829 -0.565131 -0.636360 -0.565817
-0.071208 0.543415 -0.562453 -1.603069
0.265751 0.816827 -0.353146 -0.185184
0.014434 0.145458 -0.716484 -0.985339
0.394671 0.094542 -0.455674 -1.103764
-0.104297 -0.065276 -1.485869 -0.633902
0.613881 -0.382207 -0.298705 -0.323696
-0.166251 -0.554298 -1.303360 0.059586
0.098991 -0.475533 0.506621 0.186578
-0.375446 0.337202 -0.356233 -0.117287
-0.325635 -0.579387 -1.112834 -0.204670
0.323616 -0.767460 -0.344082 -0.125756
-0.050551 -0.847605 0.003726 0.294033
-0.204743 -0.919822 -0.078729 0.013187
-0.187607 -0.455957 0.048784 0.259622
0.271899 -0.541498 -1.667161 -0.266259
0.259746 -0.007273 -0.162746 -0.436570
-0.419963 -0.178914 -0.927245 -0.291946
-0.033853 -0.262831 -0.234902 -0.170475
-0.180136 -0.226204 -0.893223 0.040588
0.305797 -0.133000 0.224156 -0.929339
0.234610 -0.544340 -1.339884 -0.060876
0.452471 0.631651 -0.488154 -0.320222
-0.519332 -0.901997 -1.528718 -0.660881
-0.334909 0.801001 -0.540258 -0.758618
-0.490376 0.063155 0.319345 -0.482209
0.162878 -0.315368 -1.454802 -0.651723
0.036243 0.399027 0.186782 -0.184162
0.009934 -0.351779 -1.685658 -0.157967
-0.094267 -0.408364 -1.493103 -0.589097
-0.415612 -0.393113 -1.500937 -0.567348
-0.113612 -0.880993 -1.313074 -0.854953
-0.502965 -0.249042 -0.835149 -0.859638
-0.732745 0.168514 0.370480 -0.798030
-0.399402 -0.123191 0.605143 -0.429185
0.570501 0.185628 0.336991 0.180472
0.761449 0.306344 0.135855 -0.242544
1.007084 -0.684723 0.395676 0.553722
0.743670 -0.174032 0.444338 -0.119692
0.396062 -0.398590 0.217465 0.418368
0.831455 -0.499662 0.331967 -0.029220
0.743661 0.055200 0.372415 -0.165045
0.098991 -0.475533 0.506621 0.186578
0.454604 0.311546 0.659088 -0.303915
0.865107 0.086689 0.192379 -0.468946
0.273825 0.342801 0.031996 -0.352878
-0.464450 0.767465 -0.921239 -0.016958
-0.040098 0.009812 -0.489193 -0.531924
-0.348672 0.336033 -0.149251 -0.103175
0.202777 0.144837 -0.614492 -0.315946
0.936822 -0.818925 0.358961 -0.004774
0.676766 -0.892167 0.530047 -0.090694
-0.096757 0.253038 0.362828 -1.187991
0.250669 -0.438472 -0.057680 -0.234329
0.322669 -0.151052 -0.118737 -0.011695
0.446121 0.400760 -0.175459 -0.421872
0.523665 -0.294784 0.515294 -0.230309
1.245281 -0.607364 0.159580 0.215275
-0.817591 -0.219969 0.091069 -0.193103
-0.755111 0.359801 -0.447470 -0.695369
-0.796363 -0.173219 -0.041831 -0.144414
-0.945657 -0.215929 0.229913 -0.191336
-0.717220 -0.160703 0.061416 -0.393081
-0.909096 -0.228450 -0.482415 0.260241
-0.306238 0.369829 -0.903226 0.154044
-0.946051 -0.204556 -0.019055 -0.007690
-0.705089 -0.277911 0.172943 -0.279874
-0.646557 -0.295271 0.186367 -0.504080
-0.924464 -0.063606 -0.123146 -0.069408
0.544383 0.553749 0.156702 -1.042273
-0.478529 -0.112673 0.005499 -0.605238
-0.786921 -0.270109 0.339041 -0.334749
-0.937905 0.229924 -0.244629 -0.208973
-0.982553 -0.240951 0.225049 -0.285773
-0.817456 0.222540 -0.567261 0.130301
-0.764834 -0.340933 0.375886 -0.001771
-0.522486 -0.550233 0.535000 -0.382606
-0.453419 -0.622355 0.555726 -0.364025
-0.336829 0.093028 -0.794638 0.178366
-0.679103 -0.291187 0.185249 -0.325699
-0.084826 -0.574890 0.894810 -0.002499
-0.962727 -0.101957 -0.179029 0.034335
-0.826240 -0.079637 -0.109188 -0.157071
-0.647300 1.107005 -0.669808 -0.374519
-0.738821 -0.346347 0.335974 -0.354710
-0.320326 -0.678503 0.278978 -0.487825
-0.649417 -0.512912 0.513204 -0.395156
