-0.363097 -0.388545 -0.760810 -0.778447
0.207905 0.036888 -0.839458 -0.541569
-0.015621 -0.170214 -1.073414 -0.424839
0.717596 0.240268 -0.079820 -0.206242
0.366115 -0.573250 -0.816673 -0.547241
-0.103769 0.028493 -0.830485 0.007619
-0.041083 -0.146905 -0.215524 -0.567156
0.637665 -0.123227 0.479332 -0.299994
-0.769447 -0.359640 -0.506963 -1.169643
1.062089 -0.517875 -0.696154 -0.439455
0.283006 -0.363776 -1.342031 -0.283089
0.086112 -0.867786 0.042386 -0.489943
0.268738 -0.127163 -0.985648 -0.514989
-0.243017 0.279360 -1.106716 -0.819341
-0.470932 0.221374 -0.292362 -0.565905
-0.058189 -0.197736 -0.551309 -0.598977
-0.378966 0.504260 -0.350613 -1.436033
0.368684 -0.220124 0.052291 0.083405
0.841896 0.325698 -0.026582 0.134048
0.505741 -0.279893 -0.834096 -0.169987
0.476258 0.123912 -0.442292 -0.520109
0.431606 0.395023 -0.448808 -0.978337
-0.109772 0.741676 -1.013122 -1.132831
-0.145566 0.225441 -0.154669 -0.992124
0.018490 -0.053066 -0.634803 -0.387646
0.176679 -1.417147 -0.226160 -0.290859
-0.144687 -0.209955 -1.267624 -0.337236
0.244311 -1.187843 -0.578316 -0.067342
-0.314625 -0.162696 -0.882547 -0.580692
-0.511785 0.048708 -0.544123 -0.560336
0.755543 -0.734456 -0.144489 0.017737
0.172758 -0.081923 -0.319886 -1.207860
0.192126 0.468264 -1.078670 -0.456620
0.106987 -0.776069 0.025699 -0.303696
-0.256011 -0.064033 -0.411265 -0.771170
-0.043478 -0.427091 -0.728718 -0.812261
0.152569 -0.621968 -0.884702 -0.508649
0.216661 -0.905785 -1.099989 0.375544
1.153114 -0.543057 0.373822 0.301626
-0.518609 -0.166786 -0.952248 -0.427712
-0.695839 -0.654152 -1.190564 -0.327920
0.196118 -0.187492 -0.923250 0.435991
0.496181 -0.543904 -1.271385 0.023719
0.310541 -0.508055 -1.607182 0.064671
0.112508 0.569445 -0.555816 0.028060
-0.085659 0.099476 -0.126817 -1.045357
0.679090 -0.158167 -0.193803 0.043112
1.141924 -0.384287 -0.342220 0.059172
0.605415 -0.896668 -0.092493 -0.667615
0.361693 -0.419492 -1.152293 -0.549042
-0.220212 -0.864563 -1.310902 -0.252786
0.043156 0.125997 -0.090390 -0.184005
-0.155466 -0.362888 -0.325291 -0.256238
-0.344083 -0.672567 -1.107617 -0.228434
-0.613505 0.226374 -1.063628 0.238655
0.094115 -0.254945 -1.242415 -0.375252
0.078821 -0.293406 -1.129323 -0.596247
0.387354 -0.037412 -0.111791 -0.484911
0.029971 -0.998467 -0.612317 -1.008188
0.567859 0.162068 -0.139135 -0.889728
0.264163 0.548239 -0.479857 -0.304131
-0.118517 -0.242498 -0.760404 -0.401577
0.592566 0.605278 -0.512182 -0.426378
0.488731 -0.293855 0.295703 -0.185738
1.169740 -0.536202 -0.141420 -0.134871
0.004803 0.010494 0.119865 -0.677291
1.396018 -0.595580 0.052796 0.000137
0.677672 -0.953921 0.424705 0.276546
1.122354 -0.728505 0.481613 0.044014
0.549239 0.507220 0.024473 -0.230575
0.744066 -0.596459 0.140423 -0.672637
0.425898 -0.229624 0.306838 -0.243757
1.136907 -0.366678 0.315334 -0.202721
1.057413 0.253770 0.586910 0.014020
1.323118 -0.739803 0.336958 0.173813
0.633973 -0.074286 -0.372778 -0.119163
0.520084 -1.059792 0.311346 -0.056158
0.500293 -1.028318 0.447528 -0.494969
0.343899 -0.146877 -0.329916 -0.383019
0.328793 -0.603465 0.362552 0.045235
0.413548 -0.156054 0.015168 -0.449322
0.542965 0.132559 0.191061 0.063302
0.181644 -0.620561 0.579714 -0.005238
0.806636 -0.143210 -0.230298 -0.332317
0.183474 0.084572 -0.159500 -0.506805
0.342738 -0.111883 0.591752 0.316302
0.501311 -0.202034 -0.726192 -1.427686
0.339961 -0.872309 -0.596974 -0.925038
0.647319 -0.356124 -1.055549 -1.043013
0.767717 0.247661 0.441167 -0.182721
0.688366 -0.749455 0.656096 -0.009292
0.106177 0.278120 -0.542774 -0.420284
0.126840 0.142584 -0.433038 -0.861819
0.598069 -0.150917 -0.525170 -0.548542
-0.065872 -0.496464 0.561205 -0.036574
-0.093494 -0.625864 0.851087 -0.137777
0.313430 -0.287918 -0.004341 -0.064343
-0.113586 0.474134 -0.099964 -0.821078
0.700550 -0.690344 -0.003702 -0.177285
0.742946 -0.566760 0.904593 -0.108182
0.009057 -0.816955 0.958106 -0.025852
-0.225969 -0.096017 0.625459 -0.576907
0.071533 -0.103759 -0.183278 -1.164198
-0.729926 -0.101251 0.073311 -0.454309
-0.828766 0.138044 -0.088482 -0.420396
-0.938024 -0.130063 -0.063988 -0.003267
-0.794009 -0.144498 0.092745 -0.300949
-0.746631 -0.501717 0.706603 -0.573871
-0.786093 -0.137054 -0.055699 0.079467
-0.716466 -0.306093 0.249390 -0.343799
-0.616515 -0.446378 0.478091 -0.530295
-0.689759 0.007727 -0.027097 -0.532845
-0.673039 -0.243978 0.149069 0.111771
-0.529208 -0.077524 -0.210012 -0.199171
-0.607930 -0.294834 -0.003520 -0.423587
-0.946910 -0.210746 -0.013562 0.103769
-0.543289 -0.415655 -0.156290 0.399843
-0.962716 -0.016782 -0.084213 -0.030478
-0.904448 0.345835 -0.159102 -0.381712
-0.966224 -0.164836 -0.059249 0.082927
-0.869519 -0.141396 0.009972 -0.258084
-0.468424 -0.134585 0.306691 -0.360918
