0.179544 0.353897 -0.299543 -0.442720
0.289324 -0.087765 -0.179806 -0.806920
-0.528513 0.050906 0.044487 -0.194139
-0.080783 -0.438794 -0.972614 -0.260832
-0.459720 -0.357425 0.109943 -0.438358
0.248339 0.153377 -1.321468 -0.139615
0.200835 -0.302525 -1.289529 -0.332179
0.242168 0.187322 -0.469082 -0.221467
-0.355675 -0.351080 -0.815548 0.128825
0.012884 -0.530238 -0.625580 -0.248672
-0.416766 -0.062385 0.002011 0.060403
-0.722958 -0.002751 0.071244 -0.103333
0.129481 -0.538735 -0.379234 -0.778495
-0.555988 -0.311127 -1.026310 -0.231802
-0.244445 0.052167 -0.840956 -0.193365
-0.192290 -0.345388 -0.123979 -0.809376
-0.984771 0.680608 -0.823176 -0.011154
-0.137311 -0.312849 -1.717352 -0.148347
-0.253337 0.178216 -0.818963 -0.973090
0.248857 -0.076680 -0.280120 -0.172926
0.258299 -0.167787 0.674695 -0.200703
-0.056580 0.282321 -1.304407 -0.621943
-0.204004 0.254216 -0.391067 -0.399837
-0.436574 0.353081 -0.799898 -0.342292
-0.123696 -0.245352 -0.638596 -0.220383
0.145142 0.061394 0.057825 -0.430002
0.463472 0.423171 -0.314691 -0.532667
-0.231158 -0.355888 -0.768232 -0.177544
-0.120463 0.260535 -0.755402 -1.313006
0.158507 -0.364818 -1.256003 -0.769121
-0.302493 -0.084112 -1.262110 -0.103379
0.305736 -0.265843 -0.723443 -0.832029
-0.753774 0.463907 -0.751113 -0.594322
-0.520378 0.162709 -0.207136 -0.681956
-0.266943 -0.104440 -0.565567 -0.138228
0.296080 0.435267 -0.025307 -0.434392
-0.169257 -0.379774 -1.416314 -0.469916
-0.259314 -0.096841 -0.174562 -0.964548
-0.386919 -0.163854 -0.658616 -0.666947
0.118292 -0.478822 -0.746759 -0.282271
-0.387902 -0.344182 -0.465027 -0.506660
-0.112545 -0.890361 -0.962950 -0.963764
-0.305449 -0.798438 -0.758096 -0.300391
-0.527295 0.074588 -0.561837 -0.689948
-0.085315 -0.672919 -0.616707 0.136355
-0.192282 0.535893 -0.677059 -0.863963
0.249964 -0.847711 -0.835227 -0.032656
-0.420746 0.181932 -0.891192 -0.590981
0.156350 -0.313019 -1.326959 0.122968
-0.148565 0.569375 -1.192800 -0.285535
-0.103847 0.019564 -1.081641 -0.584387
-0.268716 -0.111089 0.245226 -0.484055
-0.169799 -0.024784 -0.545778 -0.332121
-0.344828 -0.475268 -1.380598 -0.071164
-0.748127 -0.769753 -0.360170 -0.475476
-0.649905 -0.141026 0.578161 -0.068123
-0.287380 -0.401242 -1.688355 -0.292019
0.070324 -0.399420 -1.378213 -0.475498
0.547979 0.198110 -0.394672 -0.712802
-0.210700 -0.511684 -1.376755 -0.317417
-0.318084 -0.842933 -0.996652 0.370826
-0.178017 -0.615491 -0.973625 -0.681699
0.125339 -0.258593 -0.662840 -1.025041
-0.359875 -0.424275 -0.799063 -0.337708
0.113294 -0.765284 -1.091294 0.055317
0.060304 -1.329137 -0.619702 0.042326
0.439707 -1.119463 -0.340932 -0.340969
0.031754 -0.123983 -0.037102 -0.691461
0.047616 -1.362530 -0.412067 -0.408084
0.266092 -0.581950 -1.036077 -0.730064
0.778780 -0.132746 -0.212848 -0.076969
-0.119508 0.402687 -0.221723 -0.593883
0.272796 -0.206667 -0.832731 -0.897845
0.448058 0.533614 0.265344 -0.226985
0.153446 -0.062398 0.211227 -0.588208
-0.048663 -1.297670 -0.694008 -0.030829
0.093252 -0.006726 -0.172102 -1.302877
0.056670 -1.043557 -1.072354 -0.169649
0.533999 0.432400 -0.430229 -0.779115
-0.156601 -0.530860 -1.144503 0.069253
0.759079 0.345126 -0.498027 -0.801677
-0.018021 -0.491244 -1.311841 -0.133747
-0.104643 -0.032776 -0.711581 -0.737431
0.072630 -0.817583 -1.338699 0.157113
0.330960 0.012040 0.199954 -0.953998
-0.150829 -0.415692 -0.230935 -1.204667
0.090388 0.200704 0.276669 -0.076802
0.609989 -0.125255 0.075991 -0.775705
0.369537 -0.260060 -0.337182 -0.276456
0.305293 -0.284880 -0.115089 -0.482064
0.292919 -0.197407 -1.425075 -0.701246
0.191991 0.307644 -0.214545 -0.565675
0.346713 -0.247481 -0.657101 -0.357727
0.513073 -0.095153 0.151733 -0.477393
0.115960 -0.118653 -0.398076 -0.854973
0.271324 0.093792 -0.679233 -0.562810
0.350501 -0.200961 -0.513741 -0.612389
0.238096 -0.100230 -0.149604 -0.448428
0.132855 0.300634 -0.019876 -0.588967
0.142465 0.515111 -0.186772 -0.201015
0.433478 -0.213944 -0.161747 -1.110586
0.036024 -0.160350 -0.221136 -1.050015
-0.186637 0.414704 -0.466095 -0.466016
-0.177065 0.107885 -0.050467 -0.253621
0.111533 0.175103 -1.058630 -1.183197
0.342482 -0.066219 -0.391365 0.000196
0.732140 0.155978 -0.263327 -1.062202
-0.941152 0.076727 -0.411765 -1.315009
0.521181 -0.257234 0.267106 -0.512581
-0.096975 0.387252 -0.103209 -0.771580
0.188772 -0.488443 -0.649212 -0.556410
0.574217 -0.335354 0.778455 0.153933
0.208228 -0.072090 -0.331699 -0.768474
0.504465 -0.377967 0.786909 -0.087485
0.869517 -0.728271 0.348342 0.038958
-0.102287 -0.234026 -0.541086 -0.170432
-0.620049 -0.344910 -0.344166 -0.956335
0.543284 0.316797 -1.572061 -0.644282
0.663708 0.161945 -0.320331 -0.491555
0.111516 0.860400 -0.211973 -0.188905
0.794048 -0.410582 0.226913 0.070378
0.454505 -0.502670 0.472171 0.315046
-0.020141 -0.530882 0.945123 -0.053056
-0.829704 0.261301 0.126255 -0.753832
0.478170 -0.157051 -0.126922 0.075799
0.549261 -1.145120 -0.069467 -0.271036
0.394969 -0.029574 0.008431 0.324557
0.280548 -0.140407 -0.511850 -0.278967
1.044279 -0.348064 -0.534179 0.030716
0.695314 -0.282497 -0.056614 0.042933
0.836442 -1.155440 -0.071815 -0.295873
0.645682 -0.342471 0.487707 0.222242
1.252928 -1.407874 -0.235613 -0.268946
0.792656 -0.176682 -0.217629 -0.328881
0.161430 -0.743152 0.924861 -0.538770
0.497768 0.438921 -0.100588 -0.644448
0.432890 -1.346654 -0.274575 -0.694693
0.740532 -0.519275 0.174060 -0.143419
0.508369 -0.442958 0.436601 -0.141019
0.317619 -0.520352 0.452554 -0.238849
1.503783 -0.278641 0.159025 0.110566
0.097716 -0.287788 0.156416 -0.725519
0.076580 -0.495944 0.353803 -0.180847
1.100510 -0.284987 0.210312 0.192624
0.483188 -0.910253 0.899394 -0.291986
0.437137 -0.658710 0.476257 0.039507
0.331945 -0.512768 0.118892 -0.139252
0.834290 -0.449974 -0.033754 0.130612
1.004851 -0.019817 0.042116 0.041121
1.085348 -0.407582 0.114536 0.776858
0.973663 -0.350597 0.029156 0.155099
0.071021 0.269801 -0.265937 -0.787445
-0.186377 0.018431 0.188047 -0.114774
0.734598 -0.792205 0.734336 0.049597
0.313231 -0.421909 0.077395 0.072971
0.427724 -0.164354 0.621966 0.124024
0.313006 -0.304814 0.775293 0.353580
0.069395 0.165314 -0.630342 -0.184043
0.783441 0.335275 -0.391668 -0.201743
0.250691 0.591204 0.447678 -0.935475
0.944100 -0.599024 -0.173129 -0.237759
0.125296 0.730908 -0.308881 -0.259850
0.802752 -0.092548 -0.614091 -0.090018
0.533977 -0.115619 0.072088 -0.043814
0.723105 0.124030 -0.561969 -0.293150
-0.190350 0.639867 -0.140521 -0.946515
-0.119508 0.402687 -0.221723 -0.593883
0.850856 -0.905394 0.050476 -0.258397
0.049930 -0.718992 -0.414867 -0.604926
0.533129 0.594979 -0.548143 -0.457900
0.053331 -0.318656 -0.439831 0.248403
0.670771 -0.554750 -0.111853 -0.260805
1.012238 -0.599423 -0.176642 -0.224116
0.653009 0.249226 -0.332117 -0.206254
1.006200 0.067880 -0.261067 -0.787904
0.361095 -0.411841 -0.474545 -0.919518
0.045620 0.495739 1.098362 -0.517247
0.857383 -0.138492 -0.028315 -0.328962
0.288078 -0.772944 0.291461 -0.591194
0.363042 -0.222024 -0.377611 -0.452054
0.513462 0.393916 -0.120187 -0.462825
0.223363 -0.393983 -0.567021 -0.661583
0.202118 -0.246776 0.042133 -0.550139
0.173531 -0.673230 -0.895020 -0.994707
-0.089626 0.050546 -0.130454 -0.191621
0.503231 0.387675 0.005386 -1.209488
0.180718 -0.205900 -0.175161 -0.190044
0.716661 -0.164601 -0.293326 -0.474310
0.431591 -0.314122 -0.168575 -0.377367
0.229940 -0.536517 -0.293820 -0.335399
0.145180 0.347171 0.611562 -0.087007
0.421954 -0.159138 -0.537351 -0.798912
0.498500 -0.207682 0.147507 -0.893163
0.932415 0.004009 0.056785 -0.762272
0.134630 -0.793364 0.314276 -0.507362
-0.709804 0.058414 -1.463971 -0.572239
-0.722984 0.506186 -1.047434 -0.778044
-0.163609 -0.821637 -0.824289 -0.861517
-0.350835 -0.105581 -0.810619 -0.157723
0.178743 -0.318927 -0.688747 0.004683
-0.034003 -0.773002 -0.743277 -0.740954
-0.168332 -0.500086 -1.133153 -0.550099
-0.629470 -0.439817 -1.099091 -0.762705
-0.709046 -0.335533 -1.383206 -0.004975
0.083686 0.249650 0.380254 -0.467137
-0.612500 0.249244 -1.077723 -0.503997
-0.134729 -0.473069 -1.026954 -0.491737
0.101589 -0.328972 -0.663672 -0.469742
-0.009329 0.300491 -0.620417 -0.827637
0.091916 -0.384473 -0.102090 -0.727722
-0.204377 0.071923 -0.542048 -0.852407
0.385696 0.448805 -1.225258 -0.415727
0.902334 -0.423218 -0.825549 -0.034815
0.833664 0.283567 0.087224 0.081052
-0.190172 -1.022320 -0.659796 -0.421364
-0.888123 -0.322076 0.429283 -0.458851
-0.748683 -0.159409 0.002611 -0.007838
-0.784074 0.107488 -0.730626 0.323621
-0.432602 0.229029 0.101805 -0.000640
-0.473145 -0.215932 0.160150 -0.447494
-0.769403 0.050952 -0.465273 -0.000249
-0.715160 0.115847 -0.817262 0.071174
-0.578179 0.171551 -0.948767 0.340585
-0.752995 -0.091072 0.066367 -0.433261
-0.884016 -0.286243 0.327565 -0.644351
-0.459008 -0.238052 -0.107169 -0.437186
-0.888489 -0.232254 0.032606 -0.012540
-0.705928 -0.214778 0.086247 -0.293596
-0.671033 -0.038445 -0.088893 -0.317392
-0.759363 -0.261484 0.266140 -0.495087
-0.910533 -0.031018 -0.226984 0.076811
-0.835190 -0.181619 0.045433 -0.100448
-0.780714 -0.108276 -0.010476 -0.183665
-0.919288 -0.063610 0.091389 -0.183523
-0.795934 -0.177032 0.029725 -0.327339
-0.811598 -0.381550 0.150208 -0.388487
-0.701220 -0.405383 0.086140 -0.448569
-0.855709 -0.163004 0.270595 -0.428874
-0.650712 0.082788 -0.061224 -0.330552
-0.895053 -0.175707 0.173276 -0.324352
-0.846585 -0.264167 0.112267 -0.280608
-0.807074 -0.242982 0.026071 -0.298938
-0.686746 0.121193 0.211500 -0.728746
-0.803824 -0.355770 0.199321 -0.228885
-0.628007 0.120053 0.128072 -0.586251
-0.644307 -0.204602 -0.012760 -0.603794
-0.804069 -0.281679 0.150066 -0.019982
-0.922301 -0.046827 -0.183521 -0.172335
