-0.176516 -0.469198 -0.351183 -0.400712
0.168857 -1.142365 -1.055072 0.170458
0.410236 0.004244 0.139731 -1.394977
-0.181775 -0.584293 -1.089876 -0.116709
-0.344672 0.018284 -0.579019 -1.140113
0.296121 -0.718922 0.872944 -0.537883
-0.296318 -0.004019 -0.599144 -1.368193
-0.162045 0.289645 -0.108781 -1.361898
0.204986 -0.324046 -0.771781 -1.007301
0.029239 -0.842329 -1.131475 -0.378126
0.785583 -0.428145 0.770069 -0.418619
-0.828354 -0.435713 -0.490977 -1.293046
0.488443 -0.034924 0.785140 -0.332389
-0.214661 -0.405016 -0.190580 -1.356087
0.022082 -0.951937 -0.683141 0.384704
-0.570638 -0.616329 -0.709026 -0.294840
-0.361253 -0.876227 -1.099283 -0.577595
1.392494 -0.627326 -0.594048 -0.152418
0.444530 -1.210438 0.057794 -0.836704
0.653017 -0.231365 -0.184192 -0.280995
0.151424 -0.298153 0.773474 -0.533454
0.486474 -0.373844 0.431654 0.057121
0.984049 -1.151436 0.436818 -0.034356
-0.489746 0.344667 -0.598574 -1.221150
0.958949 -0.073459 0.378178 -0.358005
1.250808 -0.551238 -0.053054 -0.117535
0.198152 -0.266284 0.311033 -0.970330
-0.297372 -0.177506 -1.169908 0.127214
0.184428 -0.412883 -0.837459 0.049190
-0.324724 -0.690684 -1.340130 -0.060235
-0.109534 -0.282728 -0.831209 0.193668
0.097561 -0.432708 -0.741084 0.334084
0.795103 -0.081262 -0.105799 -0.613344
-0.099332 -0.000949 -0.598007 0.254727
-0.210054 -0.153627 -0.518571 -0.003293
0.005646 0.097558 -0.549347 -0.045744
-0.263284 -0.869528 0.299203 -0.272956
0.461327 0.006111 -0.373463 -0.271591
-0.345061 -0.511922 -0.137728 0.105036
0.637741 -0.024486 0.065526 0.004131
0.625353 -0.200370 -0.663632 -0.284298
0.315120 -0.524611 0.432188 -0.672003
0.271403 0.354253 -0.470032 -0.587394
0.503417 0.011757 -0.469355 -0.607061
0.205009 0.139660 0.467644 -1.055805
1.202748 -0.887908 0.357559 0.073942
0.270877 0.167831 -0.089537 -0.168335
0.749727 0.606638 0.437141 -0.519928
0.459445 -0.555675 -0.109664 -0.373797
0.511701 0.128613 -0.141170 -0.647648
-0.261345 -0.421425 -0.898113 -0.350725
-0.101247 0.247175 -0.511560 -0.662597
0.599090 -0.132953 -0.728694 -0.604524
-0.000742 0.456010 -0.063927 -0.445615
0.226423 -0.351800 -0.363463 -0.695515
0.472314 -0.324848 -0.857827 -0.112277
0.523592 -0.562890 -0.094949 -0.488943
0.356477 -0.428124 -0.263596 -0.749238
0.135652 0.184196 -0.477332 0.005042
-0.305055 -0.069660 0.090776 -1.146779
1.002560 -0.179486 0.433631 -0.595125
0.371805 -0.256786 -0.662776 -0.182901
0.544496 -0.598804 -0.314439 -0.607506
-0.760551 0.000279 0.032350 -0.561934
-0.726217 -0.238595 0.094071 -0.201313
-0.835039 -0.238979 -0.153852 0.236704
-0.789016 -0.255174 -0.160694 0.155534
-0.554997 0.099970 -0.330752 -0.157245
-0.857793 0.206436 -0.016860 -0.202066
-0.840897 -0.014242 0.127487 -0.265840
-0.735707 -0.117848 0.157965 -0.480330
-0.853455 -0.202568 0.043983 -0.091355
-0.965149 -0.103516 -0.021894 -0.137734
-0.595752 0.275582 -0.981922 0.101649
-0.684062 0.300722 -0.824998 0.235174
-0.918577 -0.246760 0.100884 -0.109841
-0.757797 -0.033249 -0.560517 0.082947
-0.695351 -0.368194 0.139818 -0.277418
-0.731456 -0.264098 0.284223 -0.428381
-0.798451 0.207617 -0.508206 0.189289
-0.906095 0.058794 -0.170252 0.029781
-0.459166 -0.477124 -0.028584 0.099427
-0.829019 -0.284827 0.123284 -0.381734
