0.028544 0.202848 0.011773 -0.151425
0.294421 0.656377 -0.613538 -0.770724
0.649874 -0.375881 0.266474 0.417247
-0.159309 -0.424308 0.537400 -0.441794
-0.257365 0.224756 -0.104207 -0.055617
0.832864 -0.132901 0.117376 0.192326
0.329683 -0.685493 0.781013 0.024404
1.292700 -0.727609 -0.063103 0.092005
0.778848 -0.668582 0.412504 -0.262580
1.000628 -0.367864 0.294376 -0.183809
0.354670 0.211019 0.526114 -0.708108
-0.795681 0.428310 -0.412603 -0.843850
-0.722392 0.677582 -0.947741 -0.672442
-0.146092 -0.418409 -0.534730 -0.100644
-0.449320 0.163414 -0.309262 -0.018812
-0.304879 0.127234 -1.096910 -0.275397
-0.316179 0.662856 -0.577210 -0.262322
-0.285852 0.038791 -0.453111 -0.332129
0.247693 0.906758 -0.053203 -0.296699
0.032854 -0.417986 -0.176409 0.164763
0.168945 0.510783 -0.032478 -0.375068
0.002365 -0.352770 -0.607421 -0.025519
-0.336418 -0.070074 -0.518359 -0.875429
-0.239986 0.165364 -0.628240 -0.605333
-0.353154 -0.457071 -0.665296 -0.180996
0.292640 -0.151496 -0.366995 -0.690500
-0.735379 0.515358 -0.019533 -0.483423
-0.138744 -0.653312 -0.188781 -0.741650
-0.521411 0.209313 -0.997510 -0.385616
0.234864 -0.546985 0.089190 0.007457
-0.493167 -0.054374 -0.169845 -0.085624
-0.497468 0.665851 -0.936481 -0.333404
0.336630 0.112117 -0.996807 -0.347750
0.752851 0.123147 -0.275043 -0.699400
-0.093617 -0.347759 -0.524451 -0.464533
0.383211 -0.607873 -0.577561 0.162980
-0.263129 0.095947 -0.497017 -0.035294
-0.434121 -0.416042 -0.735295 -0.813371
-0.369388 -0.695017 -1.025242 -0.499312
0.121100 -0.420274 -0.875150 0.002820
-0.088911 -0.035468 -1.416869 -0.459530
-0.342844 -0.197191 -1.053619 -0.297825
0.272872 0.538201 -1.053361 -0.808485
0.406742 -0.644552 -0.175717 -0.446534
-0.286593 0.448700 -0.661983 -0.882202
0.404027 -0.469803 -0.210358 -0.535346
-0.106763 -0.438911 -0.333900 -0.714835
-0.270504 -0.197293 -1.430630 -0.391459
-0.696163 0.704160 -0.893292 -0.936211
-0.317082 -0.619654 -1.281937 -0.622840
-0.006866 -0.872257 -1.024331 0.052643
-0.048719 -0.056814 -0.591905 0.441837
-0.130932 -0.525528 -1.343240 -0.047930
-0.048981 -0.718026 -0.713832 -0.167137
-0.158251 -0.244737 -0.330062 -0.318397
-0.025355 -0.395503 -0.915093 0.024961
1.087315 -0.214291 -0.464108 -0.226907
-0.160224 -0.206772 -1.013022 -0.141224
0.254252 0.626882 0.182298 -0.633630
0.921661 -0.633688 -0.663173 0.037181
0.548813 -0.527732 0.205127 -0.533964
0.540711 0.150780 -1.052207 -0.563716
-0.032001 0.141538 -0.429745 -0.322981
-0.042348 1.006752 -0.529739 -0.941269
-0.013171 0.615443 -1.135239 -0.458047
0.278164 0.258044 0.253745 -0.706102
1.234827 -0.133922 -0.098096 -0.454976
0.198247 0.632564 -0.844146 -0.412399
0.224719 -0.617723 0.000657 -0.674099
0.577013 0.756583 -1.049329 -1.160283
0.530206 -0.155835 -0.086633 -0.330397
-0.033542 -0.335513 -0.356157 -0.731603
-0.115842 -0.046219 0.747911 -0.511754
-0.139964 -0.390442 -0.885118 -0.950253
-0.509665 -0.021163 -0.531116 -0.567118
0.186303 -0.866193 -0.461062 0.027017
-0.114156 -0.324111 -0.499086 -0.778435
0.797097 0.132169 -0.569872 -0.556762
-0.034231 0.068251 -0.993981 -0.630683
0.409377 0.406906 0.029035 -1.083066
0.379840 0.524008 -0.105872 -0.427074
0.578217 -0.422028 -0.124392 -0.204861
0.245327 0.080684 0.032798 -1.013188
0.333812 -0.385526 -0.301339 -0.450028
-0.027779 -1.168149 -0.098136 -0.839908
-0.200891 -0.058598 -0.105838 -0.652527
0.910039 0.245691 -0.868352 -0.366663
0.243955 -0.556655 -0.118299 -0.571631
0.314329 0.242513 -0.178479 -1.262909
-0.244510 0.509211 -0.738927 -0.737171
0.399022 0.182182 0.356282 -0.245695
-0.006887 0.422432 0.514865 -0.450344
0.601448 -0.176856 -0.146912 -0.449223
0.932489 0.699403 -0.244422 -0.705948
0.572465 0.484314 -0.227553 -0.846600
0.906783 -0.172233 -0.675510 -0.498596
0.396980 -0.408423 -0.250055 -0.406303
0.003053 -0.119068 -0.857966 -0.169666
-0.101581 0.108318 -0.632841 -0.940327
0.320916 -0.314779 0.061287 -0.750605
0.458619 0.315375 0.482427 -0.604990
-0.623186 -0.449706 0.279082 -0.216558
-0.624579 0.509122 -0.304926 -0.508340
-0.624210 -0.230438 0.226681 -0.301398
-0.578634 -0.326452 0.206612 -0.453171
-0.894097 -0.047703 -0.054941 -0.036409
-0.713581 -0.140975 0.145302 -0.199415
-0.895649 -0.252117 0.292792 -0.540857
-0.914715 -0.205651 0.060723 -0.198768
-0.898352 -0.064054 -0.083716 -0.191230
-0.781462 -0.117152 -0.022563 -0.187152
-0.363317 -0.281235 0.048137 -0.212598
-0.834070 0.013366 0.004530 -0.235412
-0.787153 -0.079583 -0.021934 -0.257621
-0.871293 -0.234081 0.241538 -0.056644
-0.580866 -0.384239 0.119958 -0.566809
-0.898422 -0.190857 0.071419 -0.316574
-0.543604 0.080818 -0.302162 0.030028
-0.450344 0.115293 -0.174415 -0.224261
