0.455915 -0.691367 -0.243508 -0.971756
-0.112959 -0.500427 -1.321442 -0.370110
0.019428 0.364708 -0.775267 -0.149198
-0.288996 -0.507274 -0.887298 -0.225798
0.343779 -1.009726 -0.407815 0.120924
0.048970 -0.587736 -0.900494 -0.044252
-0.562505 0.896231 -0.298920 -0.469401
-0.000416 0.289362 -0.350353 -0.476569
0.086527 -0.817853 -0.495761 -0.030543
-0.042651 -0.686536 -1.070024 -0.030167
0.105767 -0.931485 -0.313576 0.258546
0.085965 -0.685995 -1.017188 -0.047088
-0.505126 -0.233800 -1.024336 -0.061248
0.128319 -1.140128 -0.627786 0.203121
-0.135467 -0.451248 -0.761216 -0.340447
0.140474 -0.231144 -1.100985 -0.216280
-0.332858 -0.919463 -0.422599 0.073739
0.039591 -0.661671 -0.600230 -0.038060
-0.978374 0.302450 -0.548874 -0.277211
-0.041388 0.593880 -0.257474 0.246193
-0.071949 -0.763628 -1.007441 -0.304933
-0.207877 -0.328662 -1.067754 -0.262324
-0.291716 -0.861804 -1.210528 -0.199063
-0.606895 -0.007537 -0.946976 -0.485782
-0.137879 -0.381466 -1.316854 -0.028242
-0.353332 -0.812218 -1.571372 -0.004645
0.152653 -0.546113 -0.872999 -0.152140
0.065395 -0.684368 -0.633550 -0.433895
0.134773 -0.391696 -0.662609 -0.746621
-0.105528 -0.095905 -0.530100 -0.745578
0.357442 0.333828 -0.471034 -0.810224
-0.182882 -0.660053 -1.399816 -0.124050
-0.129431 -0.858647 -1.477901 0.169707
-0.272372 0.068226 -0.606288 -0.078965
-0.231405 0.269895 -1.051140 0.337928
0.018895 -0.756296 -1.006051 0.069559
0.027933 -0.630702 -0.539182 -0.099263
0.023199 -0.611551 -0.676312 0.010653
-0.014556 -0.648723 -0.566055 -0.068958
0.051844 -0.549205 -0.808744 0.065291
0.226643 -0.420026 -0.163901 0.121001
0.003177 -0.051310 -0.589580 -0.835590
-0.024536 -0.641377 -0.576781 -0.061227
-0.337406 0.096479 -0.746009 -0.398402
-0.299099 -0.779936 -1.197738 0.090369
0.136383 0.008154 -0.132812 -1.000428
-0.139685 -0.135235 -0.640031 -0.218637
-0.419290 -0.812445 -1.664915 -0.238378
0.260754 -1.055341 -0.960157 -0.024740
0.003348 -0.652777 -0.716866 -0.133570
-0.071731 -0.526573 -0.616452 -0.060824
0.116313 -0.375406 -0.331219 0.147008
-0.143626 -1.000141 -1.140682 0.188200
-0.439834 0.375234 -0.835017 -0.071073
0.188084 -0.540709 -0.554250 0.016896
-0.072092 -0.005863 0.331392 -0.228358
-0.142979 -0.676931 -1.312309 -0.342293
0.009696 -0.970195 -1.106714 0.378756
0.024019 -0.904064 -1.208294 -0.315289
-0.241282 -0.432693 -0.718691 -0.100137
0.219009 -0.594302 -0.641011 -0.357115
-0.157613 -0.493215 -0.630691 -0.095276
0.144554 -0.530364 -1.071831 -0.028956
-0.422905 -0.752574 -0.836218 0.092032
-0.230599 -0.280411 -1.293419 -0.307167
-0.020621 -0.717197 -0.642372 -0.107712
0.169065 -0.591914 -0.536417 0.070275
0.128918 0.398724 -0.486129 0.085371
1.265996 -0.842517 0.296964 0.294757
0.536875 0.173491 -0.058517 -1.150235
0.931850 -0.313682 0.042357 0.641282
1.026670 -0.296709 -0.297915 0.123226
0.653210 -0.637164 -0.167777 -0.003562
1.250753 -0.597405 -0.198473 -0.018152
1.198538 -0.239887 -0.461221 0.196075
1.074419 0.038073 -0.466895 0.190416
1.147842 -0.562257 0.718937 0.111225
1.140769 -0.827004 0.134996 0.438981
1.028820 0.005624 -0.368359 0.113063
0.565552 -0.361808 -0.302369 0.408044
1.140167 -0.561898 0.460451 0.458371
0.847762 -0.099075 0.854511 -0.100369
0.787291 -0.513267 0.552911 0.176539
-0.448555 0.349174 -0.422447 -0.037769
-0.532992 0.266060 -0.022674 -0.518761
-0.585708 0.581179 -0.155684 -0.800556
0.898777 0.056112 0.168034 0.234700
0.822048 -0.545490 0.354023 0.104436
-0.716598 -0.136483 -0.360456 -0.685876
-0.620564 0.282453 -0.321818 -0.842734
0.889814 -0.019362 -0.341403 0.023789
0.365594 0.240961 -0.512279 0.162951
0.133860 0.138412 -0.609762 -0.536490
1.409529 -0.687508 0.466884 0.483022
0.588922 0.695364 -0.190407 -0.708175
0.638117 -0.775784 0.345102 0.259167
0.476036 -0.582131 0.557708 0.275645
0.610360 -0.474063 0.720431 0.340937
1.197267 -0.554721 0.195465 0.024220
1.157851 0.966827 0.801940 0.369092
-0.127077 -0.165939 -1.026407 -0.652442
0.310160 -0.098319 -1.096004 -0.736970
0.339224 -0.038116 0.197620 -0.845760
0.775705 -0.187457 -0.442067 -0.066782
-0.206514 -0.847341 -1.296170 0.187363
-0.481386 0.170215 -0.352580 0.007650
0.917848 0.184074 0.157713 -0.376815
0.003201 -1.088509 -1.252897 -0.753775
1.212176 -0.279775 0.372702 0.119506
0.700915 -0.258789 -0.229606 -0.260296
0.681764 0.243698 -0.042833 -0.208890
0.949809 0.004049 0.312895 -0.615986
-0.242670 -0.511243 -1.003372 -0.027308
0.352589 -0.135575 0.123233 -1.052178
0.785053 -0.479768 -0.835779 -0.254115
-0.170853 0.383930 -0.344499 -0.318606
1.423204 -0.794529 -0.238934 0.082918
0.200361 -0.304059 0.679676 0.322956
1.293046 -0.469049 0.249644 -0.038721
1.134747 -0.275644 -0.439009 -0.321966
-0.736473 -0.013807 -0.881097 -0.400736
0.008758 0.094384 0.765784 -1.074988
1.591740 -0.805298 0.126536 0.228454
0.379518 0.033057 0.235375 -0.874005
0.844038 -0.558359 0.371458 0.396499
1.144800 -0.544107 -0.060068 0.082126
0.323493 -0.103078 -0.899613 -0.399977
-0.009106 0.278293 -0.576012 -0.041628
-0.227922 -0.652500 0.143760 -0.792656
-0.497288 -0.254171 0.079720 -0.563219
-0.958537 -0.051601 0.033249 -0.096462
-0.579922 -0.347267 0.177036 -0.182513
-0.727574 -0.219965 0.308284 -0.286208
-0.919539 -0.349206 0.032237 -0.038409
-0.598238 -0.262416 0.304020 -0.494999
-0.581592 -0.050887 -0.190972 -0.220004
-0.758013 -0.367728 0.488426 -0.446514
-0.757442 -0.372728 0.585421 -0.458020
-0.900905 -0.249205 0.234732 -0.370861
-0.525315 -0.450876 0.712075 -0.467646
-0.738496 -0.348209 0.426750 -0.166224
-0.718775 -0.349662 0.407311 -0.511410
-0.775331 -0.457358 0.000653 -0.018352
-0.383840 -0.532895 1.165504 -0.526584
-0.710003 -0.431313 0.545290 -0.481952
-0.786606 -0.330858 0.391594 -0.460733
-0.591208 -0.563698 1.083295 -0.477650
-0.672761 -0.484502 0.875799 -0.488006
-1.150292 -0.035485 0.127245 -0.221272
-0.823354 -0.336853 0.423887 -0.438183
-0.842781 -0.551464 0.253852 -0.030715
-0.912274 -0.131526 0.019551 -0.252620
-0.868279 0.105682 -0.325270 0.075268
0.187889 -0.051337 -0.296141 -0.043425
-0.705967 0.218590 -0.921438 0.192009
-0.655684 0.154555 -0.796510 0.040782
-0.943818 -0.121231 0.168301 -0.160791
-0.292288 -0.474086 1.064964 -0.557031
-0.693315 -0.319748 0.165455 -0.369625
-0.973615 -0.188222 0.202055 -0.155574
-0.912718 -0.218579 0.052178 -0.066798
-0.683246 0.327260 -0.970662 0.206357
-0.715836 -0.273286 0.096358 -0.285772
-0.939372 -0.235415 0.184685 -0.115908
-0.464688 0.160793 -0.204642 -0.145622
-0.062304 -0.227372 0.596016 -0.804216
-0.933249 0.000323 0.046329 -0.116279
-0.542430 -0.074056 -0.476233 -0.320678
-0.974786 0.104334 -0.556793 -0.072658
-0.476547 -0.527644 0.946226 -0.421097
-0.796002 -0.252032 0.137370 -0.112161
-0.819876 -0.285472 0.006441 -0.176069
-0.832000 -0.316724 0.114424 -0.073769
