0.172902 -0.396187 0.504507 0.131421
-0.162806 -0.654338 0.224899 -0.157758
-0.227065 0.085579 -0.165752 -0.319664
-0.763444 0.085122 -0.286367 -0.633309
-0.182683 -0.166179 -0.050716 -0.303943
-0.324022 -0.476159 -0.168223 -0.379522
-0.143121 -0.621835 0.232238 0.491756
0.020579 -0.089398 -0.037716 -0.000791
-0.411514 0.155530 -1.061435 -0.047128
0.291516 -0.600744 -0.909613 -0.135819
-0.735944 -0.085037 -0.401774 -0.241132
0.644025 -0.189811 -0.373746 -0.248921
0.669097 -0.485014 0.401058 -0.280627
0.913146 -0.274460 0.897446 0.306757
0.559120 -0.860244 0.178303 -0.123861
-0.004248 0.212154 -0.085492 -0.802109
0.510258 0.175203 0.786692 0.148883
-0.020160 -0.041442 -0.598992 -0.070079
0.145408 -0.032498 -0.195563 -0.364169
0.594909 -0.870734 0.405939 0.230064
0.779997 -0.398295 0.698191 0.306262
0.535367 -0.083855 0.433604 0.034358
0.569886 -0.493067 -1.286506 -0.401153
-0.161457 0.336119 -0.713929 -0.956704
1.020083 -0.156944 -0.232071 -0.250263
0.514951 -0.806910 0.137820 0.079780
0.786535 -0.592812 0.419098 0.118035
0.601253 -0.553114 0.424601 0.307578
0.508607 -0.042170 -0.134574 0.097782
0.805282 -0.331940 0.373737 -0.163794
0.395364 -0.319737 0.463504 0.041974
0.031123 -0.452956 -0.700308 -0.371384
1.155608 -0.885834 0.510844 -0.124130
1.291412 -0.181850 -0.100283 -0.077701
0.468760 -0.925248 -0.107334 -0.224622
0.418214 0.198876 0.243247 -0.308688
1.007490 -0.315050 0.339063 -0.285337
-0.008769 -0.999813 -0.371231 -0.065099
0.594984 1.001371 0.316768 -0.287946
0.681343 -0.391766 0.857970 -0.167144
0.368601 -0.085187 -0.393571 -0.145295
0.781123 -0.937739 -0.302920 -0.062582
0.344974 -0.093080 0.201581 -0.460534
0.823639 -0.182936 0.286372 -0.330795
0.917240 -0.794919 0.018951 -0.134615
1.177973 -0.863050 0.356719 -0.162659
-0.286575 -0.488215 -0.356881 -0.818701
0.612627 -0.898681 0.062384 -0.198801
-0.214798 -0.235552 -0.534569 -0.553618
-0.620279 0.116962 0.397361 -0.648033
1.225752 -0.400672 -0.688924 -0.171869
-0.294882 -0.081327 -0.160980 -0.433879
-0.618182 0.373764 0.211796 -0.638876
0.170486 0.053714 0.333626 0.006754
0.243275 -0.645075 -0.112102 -0.120655
0.505566 0.469357 -0.940206 -0.133626
0.053571 -0.850260 0.630904 0.095931
0.328596 -0.816871 0.329127 0.038658
1.086805 -0.509507 0.437454 0.305399
0.440282 -0.264409 -0.495304 -0.634685
-0.326299 -0.463840 -0.880403 -0.555934
-0.690179 -0.300418 -1.509188 -0.638142
-0.577416 0.341497 -0.812842 -0.598203
-0.147864 0.357514 -1.037278 -0.381823
0.312115 -0.063009 0.395354 -0.830974
0.158061 -0.325752 -0.526300 -1.174473
0.657126 -0.244548 0.144874 -0.096283
0.499553 -0.725426 0.057608 -0.284653
0.379398 -0.291460 0.405971 -0.256154
1.513302 -0.653762 0.356177 0.097454
0.203315 -0.662323 -0.364586 -0.360001
0.273381 -0.733992 0.292935 -0.614965
0.555918 0.060276 -0.307349 -0.235278
0.016141 -0.705004 0.180868 -0.491627
0.589588 0.358867 0.483873 0.182042
1.094895 -0.857321 -0.052621 -0.049172
-0.601159 -0.337674 0.437597 -0.510939
1.022050 -0.438621 -0.115417 0.117378
1.213388 -0.269165 0.076559 -0.047072
0.256978 -0.104375 0.282492 0.236467
-0.318613 -0.365061 0.193045 -0.109534
0.993624 -0.461140 -0.182768 -0.121436
0.051035 -0.286675 -0.083835 0.252748
-0.670815 0.294315 0.092290 -0.758245
0.481636 0.379953 0.327178 -0.250833
0.655961 -0.360635 0.632559 -0.470315
1.205084 -1.019817 0.185113 -0.222079
0.372767 -0.520942 0.126582 -0.464161
0.263180 -0.239503 0.303612 -0.332271
0.388513 0.244872 0.636501 0.113808
0.750955 -0.302031 -0.302554 -0.252291
0.996450 -0.388383 -0.204345 -0.659545
1.118665 0.506291 -0.510192 -0.463317
1.042673 -0.299392 -0.123469 0.436477
-0.112163 0.409323 -0.009877 -1.226467
0.985332 -0.476582 -0.233344 -0.952400
-0.549936 0.312520 -0.495990 -0.730323
0.489143 0.436456 -0.157694 -0.850251
-0.450115 0.388869 0.197658 -0.752066
-0.776540 -0.350671 0.249765 -0.190920
-0.018820 -0.062436 -0.014038 -0.966543
-0.537719 -0.260450 0.159792 -0.263515
-0.973726 -0.237304 0.211989 -0.309634
-0.909444 -0.191132 -0.121801 -0.293020
-0.782766 -0.365925 0.048574 -0.016030
-0.970871 -0.151616 -0.076895 0.097371
-0.630972 0.052106 0.161742 -0.414174
-0.844744 0.100338 -0.448750 0.069931
-0.805756 -0.071205 -0.277574 -0.128737
-0.651494 0.087904 -0.012232 -0.479916
-0.856480 -0.187181 0.108262 -0.375492
0.005256 -0.195833 -0.164421 -0.289037
-0.837616 -0.052731 0.212858 -0.413812
-0.796476 -0.419466 0.085347 -0.056409
-0.664061 -0.268174 0.120449 -0.319574
-1.014721 -0.095042 0.083880 -0.631978
-0.768510 -0.221708 -0.027249 -0.141630
-0.941427 -0.123240 0.112870 -0.216772
-0.752585 -0.058118 0.226519 -0.531651
-0.673943 -0.506988 0.423098 -0.075478
-0.718082 0.286635 -0.312314 -0.127326
-1.070300 -0.033276 0.113286 -0.196909
-0.805607 0.007282 0.005203 -0.269505
-0.676365 -0.017059 -0.501265 -0.027610
-0.729942 0.135687 -0.190479 0.053731
-0.137745 0.040601 0.088648 -0.293219
-0.323571 -0.344850 -0.268802 -0.139992
-0.719656 -0.153025 -0.180361 -0.556542
-0.773992 -0.561346 -0.192660 -0.433028
-0.832015 -0.398406 0.448220 -0.675035
-0.953830 -0.224288 -0.364074 0.077732
-0.209822 -0.560192 0.264023 -0.491375
-0.306123 -0.469582 0.298476 -0.479960
-0.501696 -0.436970 0.573011 -0.710070
-0.978308 -0.068366 0.091005 -0.307667
-0.900166 -0.101649 -0.038144 -0.127267
-0.915256 -0.257669 0.077770 0.044343
-0.735073 -0.026866 0.137194 -0.149413
-0.774973 -0.425573 0.405945 -0.291828
-0.955280 0.058524 -0.157320 -0.225124
-0.516618 0.150562 -0.312690 -0.088297
-0.821254 0.356764 -0.101788 -0.406941
-0.902589 -0.255418 0.013286 0.084396
-0.787308 -0.299445 -0.154784 -0.752193
