0.812395 0.142205 -0.588955 -0.142331
-0.575522 -0.321712 -0.751660 0.092819
-0.155945 0.153962 -0.293062 -0.118885
-0.653499 -0.124727 -0.852494 -0.421136
-0.570919 -0.459489 -0.739241 -0.534278
-0.023385 -0.149131 -0.469093 -0.995720
-0.818217 1.007714 -0.494494 -0.639834
-0.713876 0.444573 -0.308586 -0.407888
0.176745 -0.745211 -0.665096 -0.750372
0.353502 -0.449876 -0.361091 -0.989038
0.392937 -0.413695 -0.762701 0.063615
-0.606393 -0.341190 -0.938578 -0.235755
0.094265 -0.468347 -0.529244 -0.028751
0.211543 -0.388861 -1.179847 -0.285022
-0.440078 -0.231881 -0.089087 -0.802280
0.597839 -0.200140 -1.196081 0.022283
-0.396348 -0.312844 -0.807817 -0.536637
0.116022 -0.178735 -0.758301 -0.357635
-0.428209 -0.506988 0.081771 -0.281669
0.903231 -0.756452 0.060423 -0.155645
-0.050481 -0.297897 0.011955 0.157887
0.194205 -0.822367 -0.343962 -0.562244
-0.173897 0.009543 0.500762 0.008887
0.016612 -0.611056 -0.068498 0.486708
0.455791 -0.673923 -0.813136 0.027030
-0.108708 0.523355 0.130347 -0.558724
-0.393512 -0.190583 -1.293739 -0.376841
-0.136066 0.044452 -0.335850 -0.363042
-0.390448 -0.937392 -0.752915 -0.293655
-0.011240 0.313908 -0.958345 -0.652597
0.160531 -0.036771 0.153218 -0.848363
-0.081594 -0.372973 -0.624782 -0.319015
-0.080330 -0.454688 -0.521844 -0.038285
-0.343690 -0.125840 -0.284054 -0.365476
-0.057154 -0.406298 0.173092 -0.248668
0.543582 0.212195 -0.858001 -0.086661
0.003268 -0.386393 0.010678 -0.148934
0.295559 0.482641 0.086244 -1.130578
0.335515 0.930102 -0.114494 -0.392257
-0.133730 0.249812 0.217296 -0.592175
0.131628 0.451091 -0.287905 -0.412808
-0.096683 0.101606 -1.151409 -0.915849
-0.271963 0.530307 -0.521833 -0.628998
0.876490 -0.752980 0.274383 -0.290204
0.794739 -0.411566 0.291287 0.083970
-0.008468 -0.553884 0.521476 -0.197809
0.457723 -0.496254 0.455404 0.238863
-0.351257 0.706481 -0.657641 -0.867454
0.163840 -1.020810 0.299752 0.086166
0.477095 -0.141386 0.269751 0.131704
0.656695 -1.055338 1.019568 -0.167820
-0.132560 -0.428242 0.002675 0.044131
1.145391 0.221977 0.424830 -0.077547
0.445803 -0.734159 0.003451 -0.132437
0.734199 -0.083338 0.095438 -0.318384
-0.100394 -0.099581 0.556564 -0.167753
1.278135 -0.480774 0.189251 0.382397
1.143245 -0.692393 0.170496 -0.023615
0.751467 -0.374827 0.121087 -0.358745
-0.335411 0.923300 -0.198811 -0.093048
0.762651 -0.683477 -0.256787 -0.355550
0.579842 -0.982816 0.550674 0.025941
0.551328 -0.568435 0.417977 -0.204484
0.768944 -0.549098 -0.130980 -0.753831
0.289835 -0.313228 -0.682616 -0.459803
0.588905 -1.026886 0.470466 -0.302424
0.393341 -0.458151 0.639019 0.056599
-0.428419 0.649332 0.854193 -0.131120
0.691294 -0.630737 -0.131426 0.251410
0.071981 0.346895 0.094995 0.318803
0.494058 -0.921119 0.467944 0.092989
0.016596 -0.627372 -0.616248 -0.391709
0.000826 0.634723 0.220303 0.308009
0.744582 -0.062868 0.202260 -0.243376
0.405450 0.021577 -1.490604 -0.648152
-0.258629 0.049564 0.111915 -0.589900
-0.683447 0.310245 -0.672765 -0.212835
-0.090511 1.103537 0.730600 -0.393212
0.399050 -0.424420 -0.039417 0.136838
-0.213633 0.568758 0.783170 -0.509773
0.398210 -0.595947 0.590965 -0.085583
0.474518 0.135218 0.067948 0.033367
0.343209 -0.497968 -0.213080 -0.575140
-0.180303 0.256532 0.288712 -0.097024
-0.097536 0.352166 -0.527707 -0.917302
0.295197 -0.123680 0.657684 -1.103939
0.405179 -0.383687 -0.384107 0.040927
1.169528 0.418725 0.511628 0.032547
0.709178 -0.161282 0.128779 -0.023809
1.136369 -0.005897 0.180036 -0.117102
-0.499002 0.089207 -1.265612 -0.494483
0.101180 0.668611 0.388199 -0.006234
0.740227 -0.031685 -0.036724 -0.743084
-0.111325 0.877535 -0.479898 -0.698078
-0.115058 0.153278 -0.441649 -0.562389
0.264255 0.007744 0.073930 -0.067978
0.207296 -0.048651 0.759951 -0.567730
0.384179 -0.078635 0.158113 -0.050848
-0.232498 -0.333104 0.401145 -0.346670
0.429163 0.048126 0.144718 -0.259930
-0.345349 0.133705 -0.480856 -0.457585
-0.552460 -0.011643 -0.018509 -0.958196
0.506760 -0.012968 0.309307 -0.623821
0.041547 0.308384 -0.523550 -0.727361
0.222740 1.164147 0.108429 -0.459759
0.327103 0.317414 0.465229 -0.902383
-0.104595 -0.831156 0.178562 -0.113036
0.107327 -0.100748 -0.241961 -0.611694
1.031976 -0.012203 0.274482 0.314994
-0.174051 0.187628 -0.207196 -0.237729
0.370585 0.459633 0.233500 0.028614
0.331566 -0.105631 0.728364 -0.522470
-0.056726 -0.170484 -1.192145 -0.298128
0.329525 -0.958565 -0.103702 0.091283
0.082712 -0.678207 -0.050892 -0.016650
0.736758 -0.141996 0.208873 -0.441206
0.074716 -0.719123 -0.488387 -0.151036
0.080574 -0.605601 -0.695087 -0.927392
-0.201111 -0.224106 -1.162121 -0.772797
-0.403601 -0.555203 -1.508727 -0.057181
-0.291788 -0.542564 -0.292233 -0.773873
-0.048187 -0.102580 -0.769527 -0.163927
0.500587 0.513044 0.287063 -0.693575
-0.062717 0.006106 0.357217 -0.070826
-0.160233 0.431626 0.264751 -0.848108
-0.533230 -0.406397 -0.489828 -0.276441
-0.135068 0.133046 -1.354262 -0.265457
0.073712 0.046959 -1.201705 -0.123917
-0.328098 -0.820839 -0.385114 -0.007637
-0.626833 -0.571894 -0.364549 0.092098
-0.344037 0.469033 -0.145720 -0.532035
-0.016443 0.081400 -0.375776 -1.017604
-0.059535 -0.230039 -0.126538 -0.299267
-0.635385 0.393180 0.007796 -0.366036
0.020383 0.706737 -0.302034 -0.196460
-0.695886 0.714881 -0.323235 -0.477637
0.027439 -0.330900 -0.298902 -0.244465
-0.448310 0.028611 -0.465634 -0.280602
0.651795 -0.256500 -0.640433 -0.660960
-0.420785 0.113678 -0.493767 -0.176445
0.506005 -0.107743 0.096265 -0.868699
-0.552706 -0.117605 -0.180092 -0.066720
-0.383153 -0.299312 -0.463675 -0.365856
0.343209 -0.497968 -0.213080 -0.575140
0.423753 -0.581138 0.445559 -0.350486
0.557573 0.194943 -0.040482 -0.188990
0.489331 -0.282754 -0.047893 -0.157608
-0.525067 -0.243124 -0.263273 -0.644722
-0.003321 0.600754 0.206840 -0.629152
-0.254564 0.052271 0.435072 0.048716
-0.499002 0.089207 -1.265612 -0.494483
-0.419133 0.328696 -1.250756 -0.876979
0.236603 -0.058151 -0.298551 0.156983
0.013281 0.200155 -0.160731 -1.147972
0.262858 0.164187 -0.484517 -1.065607
0.341861 0.195609 0.083156 0.059174
-0.241455 -0.164743 -0.090521 0.482924
0.108714 -0.005244 0.525603 0.162368
-0.876930 -0.339897 -0.822812 -0.451372
-0.327252 0.243646 -0.106824 -0.733683
0.022905 -0.213416 -0.869120 0.381463
0.135016 0.124990 -0.392564 -0.254370
-0.125992 -0.426023 -1.425663 -0.586725
0.289962 0.331323 0.077234 -0.471562
-0.046898 -0.615114 -0.607822 -0.161683
0.860210 0.410715 -0.813144 -0.443739
-0.026808 -0.133565 -0.718588 -0.366641
-0.005895 -0.546842 -0.213364 -0.132889
0.453693 0.016648 -0.712564 -0.351556
0.000001 -0.489902 -1.195015 -0.363608
-0.015620 -0.338500 -0.147194 -0.423713
-0.079230 -0.111290 -0.645202 -0.347988
-0.051512 -0.306872 -0.215763 -0.114198
0.279029 0.461071 -0.184399 -0.556499
-0.345349 0.133705 -0.480856 -0.457585
0.027811 -0.326460 -0.120102 -0.399110
0.220918 0.868560 0.468224 -0.024414
-0.262856 -0.036231 -0.146359 -0.333511
-0.110170 0.074562 -0.146341 -0.880472
0.667315 0.264079 -0.555217 -0.402165
-0.817757 0.666108 -0.492874 -0.734564
-0.351519 0.303382 -0.145425 -0.072264
-0.286327 -0.200417 -0.269015 -0.390376
0.440774 -0.621069 -1.251135 0.072513
0.305471 -0.896788 -1.193194 -0.101436
0.172493 -1.096791 -0.248287 -0.584927
-0.035208 -1.064820 -0.618445 -0.295697
0.240232 -0.385157 0.181607 -0.335475
-0.164150 -0.121737 -0.463605 -0.341592
-0.677359 -0.899649 -1.326951 -0.259897
0.284381 -0.326681 -0.045150 0.096356
0.923576 -0.220858 0.206308 -0.627257
-0.629747 -0.365698 -0.523679 -0.132236
-0.137092 0.137815 -1.267073 0.293447
-0.535252 -0.860792 -1.623774 -0.124967
1.153467 0.081712 -0.952717 -0.322903
-0.118168 0.070244 -0.719042 -0.404173
-0.535942 0.080014 -0.910412 -0.794437
-0.590283 0.090239 -0.034145 -0.710219
-0.344035 -0.283255 -0.600344 -0.710620
-0.541465 0.354117 0.073973 -0.931840
-0.634524 -0.026116 -0.261071 0.142163
-0.838110 1.048273 -0.444281 -0.393438
-0.237957 0.522830 0.149524 -0.373078
0.881272 -0.741475 -0.133667 0.148773
-1.085825 0.719542 -0.590092 -0.305033
-0.258569 -0.272802 -0.664271 0.441333
-0.121033 -0.826934 -0.103741 -0.199159
0.630152 -0.487608 -0.797881 -0.142596
0.003338 -0.530719 -0.253047 -0.035218
-0.350237 -0.321892 0.046143 -0.258216
-0.073975 0.602086 -0.589071 -0.564888
0.148440 0.717081 0.441112 -0.532708
-0.358194 -0.841500 -0.753810 -0.321386
-0.912107 -0.055699 0.057577 -0.320375
-0.460952 -0.092544 0.025082 -0.131267
-0.871277 -0.249589 0.248984 -0.421054
-0.565849 0.274933 -0.230857 -0.518752
-0.753186 -0.339358 0.371798 -0.659712
-0.927646 -0.315159 0.021586 0.074219
-0.546164 -0.563650 -0.171581 0.200483
-0.679905 -0.046077 0.006251 -0.091461
-0.765615 -0.257318 0.064038 -0.141372
-0.836849 -0.078459 0.083022 -0.164555
-1.120654 -0.193142 0.082667 -0.334860
-0.881364 -0.150134 0.024058 -0.138214
-0.485224 0.597228 -0.164140 -0.644476
-0.494252 0.004704 0.033982 -0.538692
-0.670930 0.088128 -0.120229 -0.171294
-1.002016 -0.227811 -0.030735 0.038816
-0.971902 0.377408 -0.110986 -0.882325
-0.933108 0.049125 -0.206887 -0.178023
-0.632898 -0.542082 0.578863 -0.626888
-0.908935 -0.101065 0.289318 -0.710667
-0.692149 -0.249840 0.235080 -0.308012
-0.673229 -0.101372 0.043286 -0.322549
-0.789497 -0.311585 0.142727 -0.256108
-0.509348 -0.353456 0.330132 -0.580418
-0.779782 -0.363137 0.237441 -0.454066
0.041322 -0.158685 0.194795 -1.177531
-0.746949 -0.090633 0.091645 -0.403898
-0.896704 -0.029288 -0.381511 0.149391
-0.916051 0.093894 -0.066751 -0.336844
-0.898603 -0.252866 -0.320696 0.217786
