0.258680 -0.308429 -0.134722 -0.200602
0.258680 -0.308429 -0.134722 -0.200602
-0.411232 -0.368456 -0.137394 0.359705
0.196726 -0.396984 -1.257942 -0.530791
0.503683 -0.301324 -0.221680 -0.132092
-0.589883 -0.057184 -0.987354 -0.390793
0.858348 -0.464719 -0.688537 -0.675123
-0.204068 -0.438346 -1.219109 -0.036589
0.315945 -0.079786 -0.504101 -0.483614
-0.042313 0.189261 0.268270 -0.014851
0.061139 -0.335592 0.298001 0.154696
0.329491 0.306967 -0.654116 -0.359950
-0.749179 -0.029783 -1.156524 -0.503695
-0.139853 0.011873 -0.545487 -0.704044
-0.137704 0.167726 -0.198925 -0.499007
0.327992 -0.903005 0.306655 -0.135398
0.408907 -0.474442 0.710712 -0.043648
-0.552081 0.726512 -0.640387 -0.763438
-0.604396 0.648474 -0.777644 -0.154225
-0.223342 0.630621 0.126305 -0.195388
0.467231 0.215524 -0.036457 -0.716350
0.194731 -0.757814 -0.112927 0.002294
0.342196 0.607738 -1.260637 -0.581382
-0.183043 -0.261206 -1.365977 -0.603153
0.771983 0.615094 -0.477494 -0.379817
-0.001281 0.621928 -0.006738 -1.013318
0.101575 0.613726 -0.473880 -0.483479
-0.239863 -0.032952 -0.610820 -0.672345
0.018995 -0.532705 -1.477815 -0.517895
0.768745 -0.110881 -0.504181 -0.738013
0.067132 -0.827713 -0.795494 -0.850781
0.727562 -0.008601 0.000043 -0.727535
0.727940 0.324806 -0.209204 -0.693556
0.374879 -0.173174 -0.822177 -1.148789
0.067018 -0.250592 -0.272865 -0.656926
0.401290 -1.005418 -0.203387 -0.932578
0.644213 0.037529 -0.145210 -0.039729
0.019195 -0.834761 0.713864 -0.430944
-0.355417 0.712731 -0.349964 -0.305203
-0.176721 -0.350814 -1.041616 -0.515402
0.260093 -0.831239 -0.026547 -0.659290
0.191791 0.078225 -0.474381 -0.513478
0.064019 -0.427508 -0.594635 0.176818
0.795534 -0.035973 0.355267 -0.648980
-0.045200 -0.001299 -1.256337 -0.334415
0.178662 0.296060 -0.907093 -0.761597
0.340200 -0.778279 -0.443389 -0.456403
0.873787 -0.977359 -0.581289 -0.803283
-0.325637 -0.317030 -0.392590 -0.881270
0.168591 0.035420 -0.168186 -0.884522
-0.624749 0.173669 -0.330735 -0.717628
0.099902 -0.393426 -0.168442 -0.444094
-0.097118 0.170773 -0.007695 -0.431466
0.300958 0.060837 -1.061748 -0.801181
0.228302 -0.282369 -1.025235 -0.360396
-0.030984 0.769021 0.016427 -1.197809
0.233142 -0.122352 0.420515 -1.019552
0.024392 -0.286276 -1.303554 -0.179340
-0.174302 -0.452516 -1.447562 -0.391286
-0.197347 0.048558 -0.807947 -0.825799
0.179417 0.678113 -0.264231 -0.884574
-0.202765 -0.231343 -0.644587 -0.342018
-0.343127 -0.178930 -0.337333 -0.693208
-0.144511 0.514324 -0.746541 -0.369957
-0.429487 0.149191 -0.810753 -0.933303
0.299552 0.249648 0.002212 -1.415299
0.279041 0.187859 -0.495985 -0.647854
0.018264 -0.066084 -0.823130 -0.383227
0.432804 0.411770 -0.280393 -0.437492
-0.544511 -0.052156 -0.862470 -1.174759
0.353264 0.326210 -1.265863 -0.794802
0.009494 -0.066300 -1.051924 -0.424002
-0.259411 -0.811479 -1.328443 -0.417672
0.158678 0.137755 -0.421753 -0.365695
-0.028495 0.374114 -1.020783 -0.102063
-0.218531 -0.316001 -0.624476 -0.677356
0.214013 -0.747502 0.197569 -0.891857
-0.266949 -0.388858 -1.241585 -0.674679
-0.010340 -0.578076 -1.302155 -0.395545
-0.532264 -0.755778 -1.054020 -0.583411
-0.451794 -0.708307 -0.299639 0.023286
0.225347 -0.746758 -1.041775 0.028622
0.095293 -0.366825 -0.315254 -0.174604
-0.311946 -0.682158 -1.168794 -0.732043
0.409180 -0.705701 -0.168582 0.243420
-0.527936 -0.004319 -0.730369 -0.639304
0.465711 -0.374654 0.337277 -0.205407
-0.275868 -0.068897 -1.493529 -0.615293
-0.087367 0.031557 -1.111705 -0.727546
-0.124928 -0.614198 -1.162865 -0.101352
0.687378 -0.379741 0.100548 -0.089068
-0.017938 -0.767097 -0.890906 0.066648
-0.306687 0.331217 -0.833077 -0.062060
-0.190055 -0.501393 -0.666931 -0.300538
0.928006 -0.368273 -1.018485 0.047150
-0.110091 0.576785 -0.468834 -0.766931
0.475118 -0.894936 -0.140879 -0.237593
0.151592 -0.296718 -0.559682 -0.201055
-0.105499 -0.123184 -0.778481 -0.440722
-0.481595 0.068033 0.200610 -0.733923
-0.322480 0.050500 -0.898223 -0.764116
0.028660 0.696063 -0.630543 -1.277337
0.294147 0.314775 0.227826 -0.506346
-0.661452 0.549227 -0.632744 -0.714299
0.900629 -0.537861 0.509415 0.053898
1.183482 -0.685221 0.253545 0.222235
1.225049 -0.136222 0.373313 -0.195676
0.812515 -0.385797 0.350056 0.123653
0.501334 0.233830 0.243317 -0.021965
1.115290 0.109084 0.342607 0.444011
0.834118 -0.389835 0.867968 0.253008
0.666422 -0.137696 0.134007 0.091071
1.321437 -0.400254 -0.070959 -0.109143
1.031249 -0.696865 0.593641 -0.502384
0.454839 0.042135 0.010463 -0.515375
0.421892 -0.021514 0.540096 -0.218382
0.628974 -0.609438 0.150270 -0.236167
0.270135 0.001302 0.443081 -0.435028
0.670288 -0.440397 -0.277793 -0.360712
0.124861 0.351739 0.473763 -0.393677
0.432586 0.152704 0.074272 -0.218140
0.489128 0.099846 0.497744 -0.217748
0.177030 0.953345 -0.295185 -0.534784
0.576456 0.539488 -0.012588 -0.460677
0.185937 1.218800 0.222984 -1.008423
0.368151 -0.708805 0.111702 -0.886983
0.863084 -0.209886 0.437973 -0.135090
0.683781 0.390418 -0.212002 -0.386344
0.387185 -0.405061 0.022004 -0.258927
0.699825 0.374844 0.152837 -0.839748
1.542204 -1.139576 -0.031069 -0.069548
0.629860 -0.279168 0.727582 0.093060
0.735790 -0.951413 0.626246 -0.363051
0.960778 -0.105571 -0.008072 -0.091705
0.162279 0.575169 -0.399910 -0.977387
0.079557 -0.354171 0.121189 -0.813692
0.930745 0.013971 0.314161 0.130534
0.599840 -0.649181 0.474565 0.143543
0.613767 -0.089061 0.449755 -0.003167
0.170556 -1.041629 0.261029 0.033821
0.994233 -0.107603 -0.077531 -0.106392
0.827972 -0.327111 0.515466 0.198167
0.341443 0.382971 -0.135028 -0.330900
0.652645 -0.796261 0.777104 0.238528
0.634038 -0.852416 0.964535 -0.149587
1.388283 -0.533629 0.309425 -0.012347
1.270028 -0.306216 0.201691 -0.007374
0.178674 0.393236 -0.594086 -1.100037
0.923896 -0.313169 0.286581 0.066104
0.256278 0.292481 -0.934188 -0.322985
0.152087 -0.144511 0.213772 0.150288
0.348046 0.070269 0.214600 -0.225288
0.009219 0.262558 -0.619644 -0.417640
0.891963 -0.550916 0.393779 0.084426
0.252028 0.639866 -0.472894 -1.042990
0.420281 0.013506 0.660952 -0.577661
-0.065827 -0.652475 0.233903 0.084567
0.193105 -0.417923 0.950715 -0.434731
-0.355813 0.529725 -0.337862 -0.369116
-0.402166 0.818194 -1.080418 -0.764495
-0.057854 0.167584 0.296076 -0.427861
-0.317096 0.270993 -1.379873 -0.497211
-0.260508 -0.145965 -0.955965 -0.712006
0.311682 -0.003187 -0.220300 -0.592353
-0.532206 0.629809 -0.891039 0.158213
-0.279687 0.070376 -0.650771 -0.578361
-0.068904 0.036540 -0.286660 -1.282156
-0.679154 0.125823 -1.070795 -0.625759
0.340606 -0.269818 -0.831398 -0.721103
-0.309150 -0.349821 -1.580630 -0.610509
0.287233 -0.020888 -0.706042 -0.238261
0.326833 -0.116455 0.042045 -0.169891
-0.291089 -0.389244 -0.721691 -0.313558
0.328088 -0.705233 0.441617 -0.083551
0.418711 -0.740498 0.293749 0.333214
0.363651 -0.262557 -1.118303 -0.594684
-0.197232 0.063048 -0.162446 -0.525146
-0.827056 -0.213869 0.290076 -0.310376
-0.893705 -0.272338 0.421311 -0.244304
-0.714060 -0.332681 0.446849 -0.428962
-0.829721 -0.040059 0.111119 -0.472628
-0.871199 -0.164185 0.224877 -0.075821
-0.516511 -0.315010 0.189673 -0.113646
-0.830580 -0.297732 -0.130952 -0.056938
-0.781241 -0.210442 -0.229652 0.051597
-0.822244 -0.186578 0.069312 -0.149760
-0.932790 -0.277953 0.186474 -0.130132
-0.949852 -0.168703 0.051924 -0.027967
-0.817363 -0.048839 -0.092930 -0.084726
-0.798019 -0.209878 0.023574 -0.232801
-0.558197 -0.389835 0.338646 -0.039912
-0.306525 -0.286271 -0.023769 -0.073011
-0.837594 0.402985 -0.073612 -0.761179
-0.885064 -0.293002 0.205981 -0.100215
-0.850451 0.049073 -0.547170 0.186438
-0.731530 -0.321851 0.181832 -0.238960
-0.923198 -0.283396 0.235443 -0.141073
-0.872832 -0.184577 0.072516 -0.073434
-0.829213 -0.188036 0.080700 -0.150921
-0.897258 -0.108218 -0.028965 -0.159019
-0.909491 -0.298438 -0.176185 -0.091092
0.364155 0.095881 -0.767994 -0.505724
-0.812249 -0.017795 0.149413 -0.484017
