0.222195 -0.886249 -0.418370 0.207610
0.041964 -0.697719 0.578446 -0.179817
-0.048528 -0.274578 -0.200341 -0.103147
-0.492080 -0.371269 -0.507019 -0.403234
-0.561927 0.031819 -0.549018 -0.725197
-0.033458 -0.518116 0.466387 -0.208500
0.005913 -0.197137 -0.773470 -0.012294
-0.165544 0.447277 -0.176540 -0.876181
0.137907 0.261123 -0.252200 -0.824120
0.299787 -0.018899 -1.180277 -0.406240
0.300014 -0.307661 -1.280895 -0.108999
-0.171677 -0.439631 -0.130731 -0.238294
-0.107363 -0.675568 -0.679982 0.344478
-0.020667 0.420732 -0.733724 -0.377140
0.440041 -0.042649 -0.372221 0.490566
0.520292 -0.634356 0.752969 -0.027077
-0.338246 -0.045994 -0.186036 -0.282312
-0.678091 -0.499539 -0.785265 -0.371156
0.010864 -0.472440 -1.237335 -0.766391
-0.639404 0.224365 -0.986874 0.024068
-0.056531 -0.407091 -0.789341 0.012608
-0.149049 -0.553665 -1.168950 -0.377833
-0.387967 0.462098 -1.062107 -0.398414
-0.246843 -0.048730 -0.487584 -0.799933
-0.421704 0.547684 -0.017591 -0.323245
-0.488579 0.434638 -0.709081 -0.487434
-0.359379 0.344365 -0.185496 -0.436628
0.095745 0.123565 0.130288 -0.463635
0.115432 -0.577767 -0.605031 -0.406973
0.492100 -0.611127 0.452163 0.302045
0.619596 0.099523 -0.508874 -1.105858
0.363180 -0.695105 -0.495480 -0.806049
-0.334135 0.111633 -0.102206 -0.666483
-0.668929 0.415947 -0.139197 -0.745752
0.119205 0.498984 0.650451 -0.914660
0.182463 -0.628393 -0.576349 0.145394
-0.622593 0.418967 -0.559151 -0.236114
0.020665 0.077364 -0.993274 -0.492625
-0.011609 -0.347883 -0.515128 -0.227856
0.259041 -0.840046 -0.129568 0.004489
0.366838 -0.533552 0.306816 -0.439164
-0.133418 0.502103 -0.846979 -0.768417
0.034429 0.545912 -0.356899 -0.355608
-0.284763 0.171859 -0.886032 -0.442938
-0.312737 0.726382 -0.266702 -0.653934
0.062800 -0.012148 0.499987 -0.638115
0.291922 0.107022 0.276369 -0.225187
-0.032667 -0.662724 -0.974432 0.068512
-0.291155 0.134736 -0.720426 -0.695012
0.535830 -0.607783 -0.112979 -0.269563
-1.025526 -0.264462 -0.024465 -0.691741
0.276285 0.379311 0.441627 -1.043620
-0.633711 1.022156 -0.768877 -0.753323
-0.126995 -0.521245 -0.046439 -1.152374
0.522183 -0.492592 0.284417 -0.199250
0.052423 0.526302 0.121996 -0.075046
-0.283222 -0.395068 -0.747617 -0.299902
0.117466 -0.353111 -0.322350 -0.150288
-0.065541 -0.404130 -0.785311 0.042873
-0.139839 0.306855 0.535961 -0.774696
-0.019658 -0.151757 0.408089 -0.228381
-0.175887 -0.125839 -1.160775 -0.744099
0.978220 -0.732107 -0.107215 -0.299650
0.739010 -0.487208 0.575480 0.193302
0.258799 -0.631192 0.574182 -0.390950
0.512039 -1.131540 0.091194 0.151360
0.159941 -0.617749 -1.229311 -0.682105
0.375502 -1.192244 0.600465 -0.232461
-0.312448 -0.195759 -1.338896 -0.312132
0.326164 -0.462761 -1.266941 -0.198759
-0.199886 0.083355 -1.066756 -0.777128
0.348576 0.152822 -0.387104 -0.056814
0.073947 -0.474472 -1.107927 -0.374352
0.151703 -0.867424 -0.763027 0.099492
0.816239 -0.627953 -1.103259 -0.072503
0.584378 -0.565746 -0.746129 0.115064
-0.203790 0.208485 -0.737039 -0.494567
-0.052223 -0.499616 -1.247165 0.249642
0.072279 -0.917809 -1.277807 -0.209763
0.600701 -1.053029 -1.145788 0.110783
0.048669 -0.722206 -0.883440 -0.239991
-0.598836 0.261781 -0.303002 -0.355818
0.516818 -0.775846 -1.326632 0.300064
0.578555 -0.836882 -1.334867 0.239902
0.351064 -0.703921 -0.983060 -0.034522
-0.264941 0.139645 0.980804 -0.677662
-0.152620 0.184153 -1.138605 -1.034449
-0.354381 0.021309 -0.707582 -0.826670
0.054226 -0.728837 -0.707810 -0.856571
0.399184 -0.914907 -0.722738 0.373320
0.475083 -0.528437 -1.003156 -0.249462
0.234293 -0.570476 -0.532816 0.303130
-0.040287 0.326939 -0.760415 -0.247979
-0.225127 -0.783010 0.106380 0.323306
0.028867 -0.625712 -0.125894 0.173844
-0.106889 -0.316208 -0.250390 -0.256674
0.243738 -0.191916 -0.350778 -0.173266
-0.033458 -0.518116 0.466387 -0.208500
-0.074982 -0.279978 -0.489812 -0.232213
-0.478890 0.155347 0.142584 0.101968
0.070940 0.163449 -0.965171 -0.801211
0.240361 0.213633 -0.058425 0.036297
0.440199 -0.625127 0.330966 -0.208246
0.785592 -0.498292 0.194753 -0.212321
0.104126 -0.182737 0.002055 -0.256993
0.132879 -0.209483 0.447988 -0.373478
-0.023017 -0.647230 -0.055822 0.041775
0.872493 -0.248244 0.929552 0.038627
0.186487 -0.477882 -0.897906 0.117718
0.009806 -0.124917 -0.319307 0.160439
0.440041 -0.042649 -0.372221 0.490566
0.520292 -0.634356 0.752969 -0.027077
-0.467418 0.370489 -0.795232 -0.093301
0.514811 -0.077491 -0.514109 -0.964788
0.141661 -0.612749 0.163052 0.311524
0.017830 -0.611287 -0.533126 -0.340499
0.573821 -0.656396 -0.133420 -0.288174
0.270460 -0.559032 -0.028403 -0.220068
-0.213956 0.058855 -0.438657 -0.622881
1.032430 -0.021372 -0.217210 -0.116592
-0.071101 -0.171549 -0.969690 -0.482751
-0.222753 -0.139894 -0.425935 -0.161958
0.350343 -0.712283 -0.304202 0.102842
-0.097983 0.576176 0.372264 -0.247828
0.647223 -0.532027 0.243398 -0.127229
0.776858 -0.493634 0.757016 0.246932
0.160147 -0.677858 0.071707 -0.536160
0.391796 0.184106 -0.285538 -0.091424
0.632003 -0.636383 -0.255933 -0.422277
-0.494584 0.370540 -0.232674 -0.582333
0.328259 -0.479728 -0.456104 -0.509947
0.844246 0.571347 0.290970 -0.198382
0.244933 -1.294607 0.372363 -0.235063
-0.014105 -0.371290 -0.353610 -0.819704
-0.522128 0.891169 -0.743908 -1.066144
-0.625106 0.036289 -0.930905 -0.049068
-0.154476 -0.507657 -0.426783 0.338621
1.704818 -0.272869 -0.416182 -0.284225
0.376060 -0.434871 0.048624 0.406730
0.155357 -0.603546 0.258865 -0.162262
-0.130392 -0.756098 0.615902 0.071218
0.176772 -0.076952 -0.093561 0.102859
-0.021992 0.142531 -0.151906 -0.459923
0.163752 -0.002224 0.407293 -0.527038
0.448537 -0.290003 -0.114711 -0.066848
0.324013 -0.632092 0.033588 0.234212
-0.217690 -0.194418 -0.575490 -0.085634
0.514811 -0.077491 -0.514109 -0.964788
0.299455 -0.026915 0.160189 -0.728103
1.226631 -0.446676 -0.169860 -0.365932
0.023034 -0.403691 -0.103429 -0.375878
-0.071093 0.501220 -1.183959 0.050236
0.180796 0.438293 -0.616084 -0.452041
0.255824 -0.288445 0.268200 -0.047421
0.205147 0.032347 0.128617 -0.070402
0.277020 -0.561271 -0.068694 0.037918
0.330779 -0.070911 -0.196777 -0.174036
0.161979 -0.354235 -0.981023 -0.259458
-0.060666 -0.433872 -1.097640 -0.001399
0.433064 -0.353629 -0.163821 -0.365915
0.475241 0.099093 0.427804 -0.298418
-0.701045 -0.472302 0.168239 -0.615081
-0.159523 0.756117 0.047213 -0.638794
-0.783444 -0.075559 -0.091737 -0.467378
-0.739072 0.471255 -0.425802 -0.879809
-0.778388 -0.106006 -0.110946 -0.102073
-0.826092 -0.227806 0.042982 -0.067132
-0.908651 -0.138439 0.089013 -0.549398
-0.903806 -0.232382 -0.047943 -0.087890
-0.848760 0.049420 -0.342527 0.137226
-0.931594 -0.069730 -0.242595 0.115220
-0.479066 -0.290161 0.581204 -0.305660
-0.947855 0.407815 -0.274042 -0.705061
-0.398502 -0.319076 0.320284 -0.362420
-0.876742 -0.120468 -0.050474 -0.077912
-0.949059 -0.179569 0.207948 -0.206390
-0.810273 -0.095695 0.086341 -0.306264
-0.810565 -0.364670 0.318107 -0.284113
-0.427309 0.027304 -0.683587 -0.782418
-0.831008 0.101305 -0.332903 0.060461
-0.911059 -0.046151 -0.066537 -0.107099
-0.782139 -0.332313 0.249061 -0.021514
-0.913671 -0.190896 0.013097 -0.062184
-0.564439 -0.514553 0.566426 -0.240251
-0.878506 -0.204317 -0.148174 -0.030597
-0.931943 -0.354025 0.179919 -0.188091
