-0.063679 -0.141774 0.380733 -0.494618
-0.827536 -0.144791 -0.286016 -0.497560
0.167989 -0.572403 -0.094901 -0.216054
0.292015 -0.074408 0.180388 -0.180971
0.110808 -0.087273 0.442952 -0.191135
-0.652265 -0.000615 -0.506367 -0.092981
0.190345 -0.510520 -0.135973 0.220099
0.196221 -0.709612 -0.210907 0.046850
-0.124619 -0.304391 -0.070657 0.367403
0.314665 -0.483867 -0.523814 0.271302
-0.230602 -0.406456 0.164578 0.118534
0.576185 -0.069404 0.056385 -0.298157
0.686086 -1.002658 0.226936 -0.009770
0.332514 -0.691833 -0.355479 -0.104638
0.145085 -0.510780 0.479226 -0.497894
0.765011 -0.419705 -0.013037 0.404485
-0.371248 -0.421036 -0.713864 -0.187401
-0.246189 -0.453575 -1.319638 -0.339093
0.286911 0.046384 -0.161833 -0.440958
0.291987 -0.307393 -0.597568 -0.726023
-0.248415 -0.739064 -1.167583 -0.015032
1.091851 -0.489039 0.114972 0.059371
1.090174 -0.218730 0.259638 0.208504
0.617160 -0.697713 0.516919 -0.359876
0.347113 -0.238664 -0.905543 -0.646821
0.591425 -0.369548 -0.784923 -0.160855
0.769228 -0.305837 -0.119854 -0.102319
0.772598 -0.262277 0.265817 0.260053
0.903753 -0.038647 0.235177 -0.162420
0.697528 -1.223199 -0.185831 -0.597375
-0.005092 -0.017983 -1.457639 -0.217190
-0.042462 -0.561591 0.400241 -0.183814
0.554895 -0.780897 -0.093913 -0.587136
-0.008070 0.102488 -0.003749 -0.418746
0.583457 0.000044 0.057900 0.150461
-0.619228 -0.477433 -1.467106 -0.521814
0.046434 -0.261636 -0.621417 -0.901126
0.194018 -0.158543 -0.389663 -0.181773
-0.165717 -0.175277 -1.082715 -1.080312
0.992323 -0.802765 0.304292 0.151909
1.043459 -0.310139 0.126660 -0.268904
0.220382 -0.014770 -0.683033 -0.532617
-0.323181 0.164697 -0.625927 0.095267
-0.324427 0.867671 -0.047273 0.125854
0.102277 -0.376950 -0.893721 -0.955647
0.132192 -0.699773 0.090519 -0.085065
-0.729454 -0.122271 -1.251580 -0.365869
-0.285575 -0.423848 0.014068 -0.198212
-0.250151 -0.717439 0.003431 -0.079306
-0.341825 -0.669703 -0.040883 0.044487
-0.099496 -0.688976 0.908316 -0.282885
-0.077608 0.313701 -0.480287 -0.089900
-0.843853 0.009942 -0.659105 -0.665618
-0.324968 -0.599151 0.747736 -0.656944
0.215111 -0.017849 -0.830845 -0.456058
0.619855 0.375065 0.666676 -0.646749
0.771494 -0.253487 0.130758 0.102940
0.823097 -0.202829 0.122924 0.136268
0.678676 0.022693 0.224480 0.069140
0.098008 0.287585 -1.100765 -1.071727
1.028420 -0.644827 0.179601 0.154706
-0.478812 -0.370933 -1.069786 -0.376631
0.474699 -0.735182 0.042419 -0.313041
0.135460 -0.762801 -0.591831 -0.276569
0.643799 -0.032039 -0.591326 -0.421231
0.304050 0.486587 -0.151918 -0.504078
-0.212974 -0.530015 0.299936 -0.165634
0.400709 -0.389420 -0.188954 -0.603033
0.345193 0.853773 -0.274531 -0.302950
0.496529 -0.604184 -0.214362 -0.541968
-0.139012 -0.160675 0.100408 -0.420393
0.242061 -0.755191 -0.027568 -0.620470
-0.859884 -0.093618 -0.157951 -0.491974
0.584573 0.432131 -0.112927 -0.044518
-0.198125 -0.895309 0.669293 0.117338
-0.080536 -0.087784 -0.024966 -0.514794
-0.142086 -0.583871 -0.188738 -0.266508
0.264272 -0.634601 0.901419 -0.254642
-0.511211 -0.388165 0.170356 -0.245383
0.110865 0.082680 -0.291422 -0.196912
0.000671 -0.406633 0.333888 -0.538770
0.144702 0.295945 0.989181 -0.492323
0.311376 -0.826340 0.402120 -0.126178
0.834416 0.389219 -0.549797 -1.030230
1.077271 0.025642 -0.345660 -0.030986
0.091141 -0.475725 -0.449977 -0.113263
0.006511 0.197651 0.388806 -0.661941
1.000455 -0.558850 0.058458 -1.014936
0.432433 -0.574614 -0.104210 -0.514594
0.263585 -0.887443 0.388090 -0.368416
0.634786 -0.494107 0.244230 -0.179477
0.292400 -0.356336 -0.415526 -0.487356
0.057957 0.879600 -0.833519 -1.087805
0.270585 0.171292 -0.068276 -0.960748
0.627822 0.209723 -0.333591 -0.782533
-0.400728 -0.420125 -0.119396 -0.460071
0.196203 -0.131427 -0.945793 -0.393080
0.199319 -0.185727 -0.144903 -0.555942
0.756661 -0.086528 -0.683850 -0.136718
0.602907 -0.653494 -0.252803 -0.232044
-0.979177 0.351363 -0.159116 -1.019598
-0.908588 -0.293701 0.158177 -0.066891
-0.470143 -0.642855 0.571360 -0.007266
-0.737205 -0.191212 -0.032584 -0.610970
-0.798501 -0.125735 0.121923 -0.502038
-0.573043 -0.652422 0.461523 -0.066082
-0.830572 0.141983 -0.388372 0.095659
-0.841531 -0.067370 -0.178435 0.032628
-0.898014 -0.123356 -0.478895 0.265327
-0.840691 -0.081456 -0.149934 0.015541
-0.747033 -0.333218 0.172878 -0.378755
-0.205993 -0.058921 -0.431698 -0.695554
