-0.056448 0.117662 0.769425 -0.025416
0.670611 -0.235953 1.004758 0.314709
-0.439216 -0.317658 0.078548 -0.028764
0.036442 -0.009833 0.421192 -0.229784
1.206734 -0.354002 -0.165825 0.234876
0.530460 -0.836287 0.653612 -0.214096
0.011589 -0.416161 0.012347 -0.308147
-0.048413 -0.046547 -0.340980 -0.508747
-0.105543 -0.449943 -0.317274 -0.021193
0.040333 -0.409462 0.092129 -0.096539
0.138803 -0.061773 -0.345933 -0.290419
-0.932157 0.154359 -1.187002 -0.956233
0.160037 0.041307 0.272475 -0.189116
-0.300663 0.549018 -0.532693 -0.470933
0.266891 -0.082781 0.361293 -0.033934
-0.019025 0.027869 -0.487399 -0.099352
-0.782586 -0.370602 -0.473875 -0.519862
-0.563968 -0.186340 -0.246540 -0.255869
-0.373917 -0.431528 -0.864068 -0.829555
-0.079619 -0.698791 -1.249104 -0.434656
-0.034563 -0.627146 -0.216107 -0.760630
-0.364558 0.025828 -0.242023 -0.752071
-0.407382 -0.379434 -1.116640 -0.515846
-0.428792 -0.312619 -0.788569 -0.378448
-0.203358 0.719296 -0.831908 -0.336782
-0.033134 0.281343 -0.511539 -0.783840
0.035238 0.181883 -0.420651 -0.671780
-0.260153 0.160393 -0.420637 -1.448687
-0.087595 0.038727 -0.158666 -0.929993
-0.185080 -0.287846 -0.309212 -1.004460
0.112094 0.507098 0.227392 -0.966191
-0.095074 -0.767380 -0.601873 -0.355975
-0.072019 -0.205874 -1.223102 -0.811381
0.260334 -0.191333 0.371316 -0.523359
-0.374459 0.807815 -0.373110 -1.108925
0.147026 -0.750363 -0.540353 -1.121489
0.016783 -0.071995 -0.324645 -0.692893
0.471971 -0.273211 0.044882 -0.024196
-0.080628 -0.325095 0.252761 -0.672216
0.191783 -0.467923 0.291020 -0.058276
0.688525 0.200172 -0.456718 -0.660742
0.545562 0.027068 -1.008315 0.155259
-0.706695 -0.219031 -0.994833 -0.653955
-0.499595 0.183613 -0.459105 -0.808312
-0.368491 -0.000726 -0.357355 0.106391
-0.251288 0.258724 -0.524596 -0.647424
-0.005889 0.129799 -0.426311 -1.324961
0.993110 -0.589584 0.087196 -0.238778
0.130971 -0.450493 -1.152954 -0.212074
-0.268749 -0.360505 -0.192715 -0.066233
0.250572 -0.841103 0.520426 0.011042
-0.488998 0.610679 -0.785293 -0.665080
-0.031025 -0.727776 -0.107076 -0.366404
0.371194 -0.376216 0.307561 -0.163119
1.215291 -0.700798 0.016364 -0.230808
1.327555 -0.586639 -0.201953 0.430131
1.134756 -0.704830 0.208148 0.616942
1.083464 -0.215607 -0.118389 -0.343199
0.904308 -0.157609 -0.046005 -0.268220
1.320616 -0.338509 0.421059 0.025561
1.136729 -0.395813 0.005089 0.150104
1.093195 -1.190586 0.539724 0.460264
0.405699 -0.238751 0.174119 0.006551
0.036652 -0.036493 -0.450656 -0.208046
1.025401 -0.783084 0.897012 -0.155931
0.955434 -0.646498 -0.211243 -0.158851
1.222578 -0.514530 -0.023774 -0.630003
0.629381 0.165997 0.376789 0.219788
-0.262164 -0.299300 1.326768 -0.348201
0.406416 -0.270615 -0.335558 -0.506444
0.757102 -0.917569 0.486385 -0.235757
1.060142 0.106100 0.476442 -0.488105
-0.363308 0.464981 -0.856581 -1.047788
0.355369 -0.646896 -0.392037 -0.270019
1.090008 -0.495731 0.507942 -0.546259
0.093375 0.365166 0.540767 -0.583786
0.307527 -0.778310 -0.381597 -0.604923
0.197057 -0.932723 -0.040168 -0.027773
-0.106273 -0.767094 0.223570 -0.163792
0.524417 -0.369208 0.885951 -0.536869
0.899784 -0.467811 0.704259 -0.253206
0.962378 -0.111607 0.548342 0.157833
-0.288289 -0.317736 -1.038600 -0.450925
0.231145 -0.135951 -0.135903 -0.959003
1.217326 -0.259130 0.309515 0.207037
1.302715 -0.491246 0.137822 -0.126121
-0.056448 0.117662 0.769425 -0.025416
0.290941 0.645001 0.116737 -0.222191
-0.034956 -0.175216 0.146693 0.414597
0.159280 -0.697638 -0.675088 -0.150894
0.375831 -0.225288 -0.586206 -0.151378
0.301586 0.489333 -0.223376 -0.149574
0.195623 0.320687 -0.576704 -0.024593
0.919870 -0.845615 0.222760 0.537941
0.163609 -0.587211 -1.340504 -0.355458
0.107802 0.346789 -0.980958 -0.570735
0.646179 -0.745815 0.952988 0.110916
-0.062648 -0.128996 -0.891300 -0.606065
0.520289 -0.022943 -0.654673 -0.832516
0.435428 -0.136455 -0.247985 -1.222448
0.034510 -0.109196 -0.498992 -0.375829
-0.165260 -0.315171 -0.721258 0.294765
-0.822370 -0.192874 0.022599 -0.107558
-0.238557 0.280132 0.600294 -0.787985
-0.788043 -0.148257 0.087677 0.189106
-1.040580 -0.236606 0.225343 -0.306990
-0.692388 0.005740 -0.366907 -0.032043
-0.614715 -0.305472 0.173371 -0.438142
-0.771799 -0.268973 0.238926 -0.288283
-0.701824 -0.125203 0.025551 -0.268025
-0.859256 -0.171736 -0.143020 -0.145673
-0.718376 -0.334730 0.095520 -0.336578
-0.734452 0.128046 -0.353686 0.193570
-0.912740 -0.106136 -0.072546 -0.003708
-0.407249 -0.361484 0.421960 -0.598613
-0.286354 0.074960 -0.541938 -0.652448
-0.455165 0.015790 0.281200 -0.259376
-0.709035 -0.328221 0.417895 -0.618298
-0.748897 -0.326843 0.390418 -0.443877
-0.015225 -0.511415 0.172550 -0.983307
-0.875046 -0.313931 0.188939 -0.411886
-0.799857 0.011101 -0.449875 0.188750
-0.826393 0.091128 -0.391751 0.099279
-0.796500 -0.383700 -0.030090 0.028514
