0.079650 -0.758635 -0.013418 -0.185398
0.214670 -0.020926 0.410069 -0.331710
0.704620 -0.731658 0.820572 -0.014479
-0.143623 -0.516221 0.571393 -0.555817
0.004582 -0.436716 0.199623 -0.607228
-0.359239 -0.894540 -1.144799 -0.264896
-0.551313 -0.144049 -0.860659 -0.160650
-0.082857 -0.020269 0.334336 -0.400216
0.173404 0.158300 0.445605 -0.409928
0.359074 -0.133651 -0.082984 0.110320
0.735505 0.016791 0.271834 0.401124
0.175436 -0.090157 0.134507 -0.906892
-0.079837 0.151942 -0.050834 -0.069453
1.136718 0.011559 0.174452 -0.156786
0.753729 -0.671944 0.528580 0.120721
-0.145655 -0.137812 -0.128651 -0.816491
-0.177241 -0.387383 -1.052156 -0.614388
0.465083 0.335311 0.055043 -0.523178
-0.010661 -0.113804 0.289146 -0.273510
-0.063068 -0.034274 0.279376 -0.391966
0.525754 -0.664511 -0.055299 -0.297617
0.809668 -1.055947 -0.427754 -0.813863
0.053366 0.035378 -1.062163 -0.199158
0.073568 0.152798 -0.818916 -0.978427
0.116347 0.518688 -0.539826 -0.859833
-0.352535 -0.491398 -0.203215 -0.744208
-0.400349 0.230512 -0.418918 -0.655488
0.646936 -0.063158 -0.611015 -0.159291
-0.145715 -0.816818 -1.588131 -0.179500
-0.431858 0.427632 0.260579 -0.244805
0.180560 -0.411950 0.070575 0.319771
-0.007046 -0.390707 -0.477603 0.013452
0.278206 -0.898957 -0.285771 0.255925
-0.400760 -0.368307 0.123655 0.296056
0.751047 -0.238978 -0.390824 0.112370
-0.266525 -0.143805 -0.297392 -1.179486
0.240491 -0.191482 -0.569848 -0.251994
0.167998 0.145189 0.171868 -0.551020
0.342636 -0.344584 0.378423 -1.066250
0.330800 -0.228123 0.313707 -0.307455
-0.051554 -0.347508 -0.728099 -0.068416
0.465574 0.476131 -0.557280 -0.382089
0.062729 0.105149 0.462954 -0.115213
0.715843 -0.113868 -0.722739 -0.189276
0.078929 0.561250 -0.949972 -0.678470
-0.373508 0.330205 -0.118785 -0.592896
0.523521 -0.627277 -0.061722 -0.041612
-0.083086 -0.029959 -1.355408 -0.153060
-0.223929 0.059550 -1.184072 -0.215209
0.397531 -0.315374 0.635045 -0.096907
-0.598412 0.030795 -0.698606 -0.237597
-0.333064 -0.296282 -0.284043 -0.693316
0.820956 -0.176142 0.013184 -0.134343
0.321966 0.129219 -0.234208 -0.976420
-0.370355 0.165064 -0.374589 -0.158634
0.567487 -0.493945 -0.241855 -1.353905
-0.148814 -0.369583 -0.505761 -0.863898
-0.595615 0.320747 -0.425748 -0.452199
-0.222479 -0.145504 -0.235319 -1.279882
0.220480 -0.118322 -0.305010 0.129818
-0.400145 -0.049839 -0.550525 -0.485705
0.532888 -0.448798 0.751583 -0.655131
-0.106113 -0.056100 -1.272377 -0.645436
0.639004 -0.616357 1.221022 0.349945
0.159766 -0.486891 -0.762717 -0.019122
0.692571 -0.905534 1.177886 -0.221537
0.741701 -0.849658 -0.154268 0.088971
0.621207 -0.935813 -0.898026 -0.707430
0.267824 -1.020990 0.380592 0.310538
0.571651 -0.138350 -0.551435 -0.202728
0.626156 -0.630174 0.593114 -0.080870
-0.318790 0.178849 -0.205774 -0.887749
-0.598412 0.030795 -0.698606 -0.237597
0.368257 -0.652848 -0.061214 -0.162030
0.373758 -0.048312 0.562699 -0.320515
0.006844 0.130567 0.488922 0.274726
-0.197039 0.319940 -0.464478 -1.053180
-0.105531 0.320571 -0.053810 -0.152707
-0.044759 0.234987 -1.443423 -1.256798
-0.174741 -0.080074 -0.486313 -0.241282
0.381915 0.283809 -0.829508 -1.214389
0.078937 -0.722690 -1.660981 -0.310803
-0.024546 0.111608 -0.540446 -0.786208
-0.183117 0.064973 -0.828945 -0.052183
-0.260466 -0.511820 -1.388611 -0.456338
0.085344 0.106733 -1.186170 -0.686129
-0.018552 -0.038283 -0.335251 -0.221128
0.094404 -0.869923 -1.329142 -0.111800
0.198473 -0.240468 -0.551371 -0.186512
0.671424 -0.318198 -1.305445 -0.406051
0.641316 -0.684690 -0.056058 -0.185265
-0.248483 0.351571 -0.303970 -0.318547
-0.267980 -0.129511 -0.339528 -0.270606
-0.342602 -0.137546 0.764866 -0.614198
-0.431704 0.139245 -0.830113 0.165510
-0.455617 0.289425 -0.829919 -0.391684
-0.647106 -0.142906 -0.406706 -0.568658
-0.540188 -0.092487 -0.387442 -0.109104
-0.713545 0.347449 -0.576941 -0.414002
0.096965 -0.830640 0.340018 -0.096331
-0.700784 0.127094 -0.816758 0.123030
-0.485246 0.377346 0.018052 -0.441188
-0.924958 -0.077531 -0.114388 -0.239402
-0.245371 0.122271 0.601815 -0.373996
-0.415472 -0.553951 0.318889 -0.833904
-0.993174 -0.366988 0.181046 -0.510640
-0.843351 -0.318304 0.278049 -0.713452
-0.038300 -0.375155 0.237911 -0.675774
-0.656998 -0.583300 0.458067 -0.355027
-0.351797 -0.164549 0.442711 -0.570282
-0.399890 0.145024 0.719846 -0.880367
-0.136240 0.321789 -0.322733 -0.440206
-0.725291 -0.164932 0.437435 -0.375828
-0.345414 0.383562 -0.592031 -0.042221
-0.834498 -0.272724 -0.046432 -0.165713
-0.642150 0.414271 -0.291422 -0.503913
-0.933840 0.159241 0.122155 -0.566624
-0.579731 -0.326702 0.250694 -0.224688
-0.197559 0.051092 0.316848 -0.722854
-0.047821 -0.216084 -0.108820 -0.895923
-0.895674 -0.060356 -0.021743 -0.285197
-0.871605 0.045135 -0.287595 0.069395
0.820172 -0.064281 0.692184 -0.698823
-0.721367 0.214751 -0.713832 -0.631894
-0.903986 -0.107231 -0.412924 0.024832
-0.945864 -0.186460 0.118761 -0.204491
-0.904750 0.227913 -0.562479 -0.027577
-0.454197 -0.093481 -0.253799 -0.374439
-0.599888 -0.221740 0.387040 -0.958037
-0.374216 -0.105664 0.763345 -1.014761
-0.248301 -0.127878 0.683153 -0.853327
