-0.066933 0.079629 0.236684 -0.379423
0.062544 -0.208157 0.390114 -0.415250
-0.047859 -0.284343 -0.820341 -0.082925
-0.142840 -0.031394 -0.846314 -0.450350
-0.071801 -0.339164 -0.155692 -0.308193
-0.070893 0.515948 0.499421 0.047000
-0.147204 -0.348862 0.244330 -0.353241
0.148701 0.275032 -0.658980 -0.759515
0.223380 -0.089589 -0.603666 -0.747095
-0.009076 0.112894 -0.879869 -0.680783
0.510787 -0.696815 0.882510 0.182377
-0.062434 -0.529480 0.264210 -0.475795
0.744214 -0.739939 0.334316 0.108631
-0.542386 0.260259 -0.205196 -0.661545
-0.119917 -0.410836 -0.236659 0.024114
0.122450 0.277075 0.241084 -0.475392
0.232336 -0.229160 -0.815457 -0.508564
-0.278501 -0.564320 -0.833268 -1.101109
0.534514 -0.195234 0.218589 0.378832
0.175815 0.632909 0.597236 0.226237
0.445239 -0.414596 0.028403 0.389213
0.179040 -0.434658 -0.432682 -0.125452
-0.027627 0.309021 -0.229570 -1.175643
0.650567 0.268760 -0.228937 -0.751619
-0.085651 0.025633 -0.505572 -1.237022
0.033323 0.040416 -0.068094 -0.958766
0.220529 -0.914069 -0.653724 0.042332
0.873207 -0.747706 0.433057 -0.449883
-0.674246 0.282173 -0.723123 0.064453
0.410742 -0.667143 0.936536 -0.085498
0.437540 -0.196649 0.364695 -0.121721
0.277629 -0.491789 0.939415 0.141870
0.858959 -0.736373 0.448141 0.138983
0.483376 -0.724994 0.734315 -0.135136
0.903783 -0.626202 1.094962 0.031086
-0.018667 0.315370 -0.679584 0.076192
-0.217745 -0.170453 -0.290237 -0.154304
0.149158 -0.362822 -0.417419 -0.380215
0.723280 -0.632985 0.388740 -0.130656
1.097577 -0.363613 0.313669 0.579136
1.176723 -0.245194 0.179895 -0.697962
0.045650 -0.419906 -0.740375 -0.725214
0.324032 0.442049 -0.330717 -0.024620
0.573843 0.123622 -0.377493 -0.274285
0.382966 -0.748301 -1.146862 -1.005228
0.938803 -0.957816 0.675090 -0.561223
0.884254 -0.213013 -0.345098 -0.065389
0.876095 -0.424593 0.326986 -0.044552
0.775285 -0.582939 0.763318 -0.040244
0.439856 -0.691197 -0.055699 -0.030636
-0.276458 0.117464 -0.722639 -0.456531
-0.932210 0.010990 -0.855951 -0.543632
-0.121981 0.308541 -1.337381 -0.485819
-0.466686 0.027124 -0.390427 -1.166910
-0.320259 -0.121192 -0.316213 -0.754807
0.262311 -0.948501 -0.765509 0.347567
0.042452 -0.171757 -0.961488 -0.722874
0.534440 0.519435 0.248241 -0.717923
-0.260361 -0.061992 0.020944 -0.732400
-0.528551 0.182984 -0.706806 -0.304038
-0.681450 -0.431447 -1.773718 -0.307742
-0.313404 -0.451509 -1.345006 -0.324709
0.242983 -0.327061 -0.461628 -0.301428
-0.039311 0.185634 -0.995461 -0.447281
-0.310869 -0.208558 -0.751310 -0.723730
-0.217214 0.039765 -0.637003 -0.589271
0.425877 -0.248314 0.342233 0.097804
-0.376200 0.516649 -0.598124 -0.804926
0.416598 -0.054572 -0.054040 -1.012890
-0.269886 -0.064076 -1.426280 -0.667843
-0.216872 0.646936 -0.965999 -1.086903
-0.250886 0.222974 -0.873372 -1.041285
0.468230 0.101818 -0.518382 -0.499153
-0.836502 -0.217702 0.170665 -0.697951
-0.053934 0.445485 -0.789111 -0.703684
-0.092057 -0.028458 -0.607032 -0.152965
-0.243482 -0.368564 -1.231835 -0.238855
-0.240475 -0.514469 -1.210107 0.077360
-0.130797 -0.322388 -0.631637 -0.128216
0.544616 0.419583 -0.465236 -1.496986
-0.009963 0.590290 0.626152 -0.188168
0.405538 -0.355306 0.097595 -0.218656
-0.383965 -0.359917 -1.169100 -0.588974
0.531824 -0.288392 -0.396391 -0.012096
-0.370121 0.003179 -0.551740 -0.494954
-0.321636 0.346817 -0.764044 -1.105323
0.031175 -0.052814 0.120795 -0.227504
-0.639474 0.128864 -0.400289 -1.082819
-0.289941 0.144484 -1.030590 -0.314644
-0.186999 -0.495114 -0.999953 0.117487
-0.206666 0.637847 -1.248573 -0.969211
-0.472263 -0.596215 0.996110 -0.331635
-0.451498 0.183411 0.118610 -0.676094
-0.484913 0.058257 0.058298 -0.949142
-0.634287 0.054769 -0.415379 0.130084
-0.836585 -0.142776 0.345388 -0.162129
-0.837188 -0.527582 0.614107 -0.527532
-0.819401 0.336627 0.439067 -1.120444
-0.619869 -0.511131 0.436657 -0.587946
-0.720887 -0.354922 0.246652 -0.409668
-0.504727 -0.441124 0.210105 -0.585604
-0.872531 -0.187295 0.477558 -0.651792
-0.904203 -0.222454 0.183250 -0.260550
-0.296204 0.013138 -0.180227 -0.377763
-0.883044 0.199899 0.018682 -0.234255
-0.900836 -0.188759 0.276639 -0.239718
-0.853899 0.035736 -0.221225 0.002389
-0.726772 -0.536509 0.709399 -0.536369
-0.917049 0.049788 0.132174 -0.463083
-0.740405 -0.491073 0.086890 -0.442647
-0.432068 -0.473864 0.061858 -0.445753
-0.769661 -0.212808 -0.315591 -0.608361
-0.861428 -0.085246 0.092255 -0.204075
-0.547891 0.237598 -0.653574 0.352885
-0.830014 -0.038461 -0.014919 -0.209595
-0.847347 0.009862 -0.284781 -0.043242
-0.934197 -0.010347 0.023693 -0.292764
-0.555771 -0.633980 0.450694 0.251762
-0.801380 0.232320 -0.467526 0.025492
-0.757082 0.161757 -0.630588 -0.091755
-0.790702 -0.146451 0.234620 -0.426289
-0.807885 -0.323444 0.276209 -0.151863
