0.723065 -0.175907 -0.295390 -0.520094
0.043235 0.277360 0.696121 -0.146204
0.725321 -0.562351 -0.082208 -0.209296
0.468853 -0.641145 0.299491 0.149816
-0.698887 0.036148 0.354723 -0.733261
1.154197 -0.325449 -0.106629 0.537595
0.379239 -0.712233 0.547335 -0.295313
0.789196 -0.340157 -0.015533 -0.063952
0.382699 0.447863 -0.066148 -0.290312
0.765869 0.698529 -0.014906 -0.132406
0.743856 -0.812571 0.152353 0.626826
-0.028177 -0.824456 -0.076233 -0.606156
0.644761 -0.714559 -0.188071 -0.470547
0.384978 -0.191520 -0.312025 -0.385637
0.283175 -0.565871 -0.241568 -0.410324
0.840439 -0.980142 0.750150 0.511877
0.840559 -0.519199 0.177112 -0.255606
1.523922 -0.936212 0.737870 0.822167
0.854396 -0.274035 -0.034239 0.266578
0.609182 -0.280057 -0.398213 -0.316720
0.411095 -0.933325 0.737599 -0.056051
0.166305 0.156134 0.244945 -0.308957
0.524704 -0.786463 0.003995 -0.251790
0.477041 -0.376655 0.002175 -0.343882
1.027407 -0.490672 0.047479 0.240263
0.016481 -0.886298 -0.111079 0.015933
0.527497 -0.216514 0.042859 -0.518245
1.108507 -0.592258 0.005391 -0.140402
0.113810 -0.648011 0.072449 0.137095
0.563198 -0.486796 0.143722 0.276620
0.098189 -0.679379 -0.431808 -0.459848
0.080649 -0.096516 -0.822563 0.133041
0.583771 0.298332 -0.965614 -0.417476
0.230652 -0.276020 -0.781500 -0.571321
1.016375 -0.155753 0.339154 -0.368926
0.708318 -0.782524 0.096318 -0.603029
1.003480 -0.340834 -0.110332 0.264072
0.934103 -0.733453 0.689951 -0.445424
-0.115742 -0.747112 0.283492 -0.089163
0.008277 0.301377 0.981757 -0.180911
0.045644 -0.181491 -0.427035 0.315936
0.211666 -0.468741 -0.084072 -0.430590
0.045580 -0.535857 -0.127777 -0.450085
-0.780221 0.259680 -0.183187 -0.945692
-0.567314 0.460977 -0.234383 -0.324651
0.588742 -0.495768 0.306701 0.146416
0.600532 -1.178691 0.256804 0.557678
-0.111150 -0.682510 -0.083687 -0.118906
-0.217466 -0.052680 -0.037722 -0.047247
0.112614 -0.262156 -0.286595 -0.380667
0.550098 -0.657581 0.485633 -0.096934
0.044382 -1.189656 -0.106667 -0.341690
0.630363 -0.073122 -0.156245 -0.672774
0.477859 0.030475 -0.114013 0.379881
0.673862 -0.304915 -0.167769 -0.341823
0.380239 -0.423587 0.407681 -0.162170
0.690463 -0.341155 0.181199 0.023995
0.976254 -1.370384 0.831169 -0.361263
0.629573 -0.190117 0.465134 -0.404557
0.756951 -0.750152 0.426210 -0.160416
1.103826 -0.661906 0.036813 -0.253691
0.921839 -1.109082 0.579231 -0.292364
0.448890 -0.082593 0.094185 -0.056235
0.183344 -0.384701 -0.139662 -0.176896
-0.161211 -0.986824 -0.409655 0.035306
1.591823 -1.286587 0.654870 -0.310369
0.324749 -0.532174 0.091650 -0.482599
0.860755 -0.321489 0.339166 0.089058
0.304638 -0.285382 0.209401 -0.167272
0.527294 0.102147 0.094949 0.332671
0.576573 0.040438 -0.369838 -0.088112
-0.245406 -0.087009 -1.359889 -0.566614
0.176544 0.654052 -1.014159 -0.586185
-0.332688 -0.115120 0.028197 -0.269008
0.257600 0.028743 0.070405 -0.155775
0.568878 -0.652302 0.779677 -0.632477
-0.442528 0.632442 -0.643211 -0.476091
0.440637 -0.950979 0.087634 0.137550
0.814796 -0.486465 -0.058644 0.153053
0.953050 -0.952936 -0.032197 0.304622
1.164637 -0.661167 0.171123 0.408387
0.849974 -0.570469 -0.235358 0.132161
0.584953 -0.969195 0.443610 0.148956
0.840837 -0.232524 -0.028138 -0.119180
0.739325 -0.006295 0.142274 -0.427799
-0.737404 -0.268327 -0.179088 -0.773705
0.206449 0.041274 0.017330 0.198170
0.058813 -0.065627 0.722750 -0.071677
0.191715 -0.063863 -0.510593 -0.264413
0.556076 -0.153309 -0.155570 -0.285211
-0.013149 -0.463669 -0.351583 -0.296911
0.629916 -0.052858 0.566794 0.371533
-0.427544 -0.402296 -0.435313 -0.554446
1.021155 -0.716183 -0.056694 0.315716
0.647250 -0.479617 0.296355 0.218195
0.124692 -0.261442 -0.587197 -1.248666
0.848741 -0.603555 0.216363 -0.298131
0.739945 -0.631791 0.812173 0.041302
0.393232 0.234465 -0.083855 -0.507479
-0.240677 0.379328 -0.380909 -0.446531
-0.097128 -0.394004 -1.061061 -0.309599
0.412034 -0.222908 -1.417307 -0.764568
0.612997 -0.194710 -0.934623 -0.129375
0.427366 -0.601701 -0.311182 -0.801845
-0.095578 -0.325645 -1.044860 -0.416639
-0.567013 -0.319529 -0.994469 0.063916
-0.162361 0.444501 0.772642 -0.732291
-0.645046 0.344724 -0.761113 -0.065383
-0.198589 0.476173 -0.748651 -0.057757
0.113453 -0.350213 0.058139 -0.057673
-0.706661 -0.603623 -1.580383 -0.238159
0.085345 0.255677 -0.331902 -0.397753
-0.182336 0.274309 -0.118448 0.000645
-0.231877 -0.575132 -0.139713 -0.207162
0.090940 0.478312 -0.473692 -0.363583
-0.236788 -0.301516 -0.498870 -0.011951
-0.284231 -0.625112 -0.781415 -0.567869
-0.714578 -0.413375 -1.090939 -0.281488
0.640676 -0.424931 -0.292742 0.060985
-0.244907 0.077225 -0.007573 -0.523627
-0.205535 -0.448187 -0.398096 -0.571650
0.109663 -0.870119 -0.609220 -0.972704
-0.151687 -0.332915 -1.183513 -0.120316
0.292248 -0.144887 0.150555 0.244712
0.049555 -0.084035 -0.040065 -0.503946
-0.116183 0.877987 0.297853 -1.011546
-0.646551 -0.004639 0.106238 -0.594833
-0.028038 0.137328 -0.388674 -0.893109
0.023035 0.639053 -0.361032 -0.909792
-0.370958 -0.161113 0.261705 -0.172373
-0.244317 0.598036 0.056635 -0.751999
-0.530517 0.593783 -1.165162 -0.632026
0.008563 -0.044955 -0.539178 -0.280801
0.317389 0.239450 -0.415690 -0.751595
0.265851 0.028223 -0.826024 -0.253202
0.993111 -0.759454 0.189124 0.284061
-0.249349 -0.442406 -0.760056 -0.275273
-0.587368 0.653713 -0.521241 -0.408633
-0.860313 -0.270738 -0.405934 -0.491697
-1.014013 0.252588 -1.087450 -0.585737
-0.884132 0.716936 -0.427854 -0.212201
-0.718932 0.492799 -0.145881 -0.590693
0.052673 0.030917 -0.371796 -0.444437
-0.052923 -0.651702 -0.653177 -0.969682
-0.305049 0.295978 -1.208797 -0.410695
-0.743781 -0.252670 -0.497031 -0.442472
-0.394733 0.263011 0.078755 -0.109046
0.900538 0.098952 -0.438526 -0.071592
0.652903 -0.599624 -0.299196 0.171220
-0.170500 0.580602 -0.740893 -0.935280
0.846452 -0.382748 0.296645 0.590498
0.026530 -0.765069 -0.030675 0.058422
0.157975 -0.228874 -0.340887 -0.899050
0.698644 -0.625779 0.631283 0.331587
-0.140286 0.104843 0.107632 -0.717093
-0.858234 -0.325394 0.101088 -0.154235
-0.923382 -0.147885 -0.093556 -0.268713
-0.659745 -0.275946 0.078999 -0.359211
-0.758789 -0.233511 0.423639 -0.383900
-0.857760 -0.066763 0.088949 -0.116340
-0.703813 -0.287329 0.086554 -0.324148
-0.913655 0.122460 0.074833 -0.647764
-0.931532 0.178727 0.100891 -0.670102
-0.523741 -0.033515 0.039507 -0.151726
-0.608887 -0.530607 -0.003330 0.060158
-0.415100 -0.237455 0.511003 -0.797579
-0.583684 -0.467100 1.146889 -0.526910
-0.631990 -0.373739 0.444100 -0.476788
-0.569457 -0.017866 0.524860 -0.519956
-0.598941 -0.536438 0.556930 -0.391776
-0.158204 -0.579353 0.817896 0.180986
-0.639479 -0.167458 -0.080337 -0.044714
-0.726459 -0.350507 -0.301735 0.014785
-0.680170 -0.417977 0.410715 -0.558856
-0.740355 -0.347884 0.269971 -0.395777
-0.886542 -0.380162 0.302367 -0.598583
-0.897579 -0.007301 0.048352 -0.159924
-0.760578 -0.212885 0.170044 -0.296790
-0.989458 -0.069107 0.081542 -0.171780
