0.883321 -0.357466 -0.423381 -0.707426
0.406102 -0.198731 -1.162601 -0.934342
0.732685 0.050439 -0.455217 -0.337873
0.486434 0.551325 0.694378 -0.596400
0.627159 0.406605 -0.682404 -1.055274
0.204229 -0.041082 -0.496056 -0.768189
-0.236783 0.105477 0.026029 -1.097840
0.213296 0.202509 -0.930754 -0.413789
0.994104 -0.184411 -0.001136 -0.038789
0.536672 -0.325208 -0.511224 -0.419235
-0.497755 0.252714 -0.734707 -0.662215
-0.195192 0.279744 -0.363660 -1.024746
0.443851 -0.914145 -0.354676 -0.347055
-0.235550 -0.106993 -0.981885 -0.795324
0.387374 0.265252 -0.312848 -0.874249
0.411389 -0.700234 -0.123119 -0.757789
0.300910 0.197663 -0.038707 -0.645636
0.306518 -0.411294 -0.428611 -0.359379
-0.230749 0.055970 -0.758597 -0.837727
-0.444922 0.189626 -0.282280 -0.632603
-0.131566 -0.190688 -0.811715 -1.124132
0.195065 -0.880452 -0.473868 -1.089355
0.092040 0.525558 -1.096837 -0.787411
-0.156183 0.059905 -0.570586 -0.895695
0.123736 -0.112240 0.668949 -0.344176
-0.186198 -0.647923 -0.420755 -0.586401
-0.259443 -0.715934 -1.067897 -0.631317
0.706805 -0.552970 0.034292 -0.818781
0.266867 0.541834 -0.627922 -1.078545
0.067067 -0.254848 -0.619993 -0.557786
-0.200860 -0.012915 -0.280913 -0.712420
-0.046492 0.179218 -0.952723 -0.856097
0.119045 0.484814 0.132613 -0.646379
-0.029967 -0.207127 0.382713 -0.907521
0.273541 0.093670 -0.607086 -0.434914
0.041121 0.288297 -0.825332 -0.286070
-0.046688 0.246083 -0.382719 -1.139442
-0.157901 -0.379158 -0.655491 -0.470020
0.162253 -0.512447 -0.593778 -0.405935
0.029563 -0.744942 -1.098498 0.041273
0.288163 -0.265475 0.283017 -0.203619
0.317322 -0.331348 -0.976601 -0.467432
-0.723029 -0.350684 0.167200 -0.862651
-0.014839 0.076147 -0.339622 -0.666174
-0.165318 0.455364 0.058811 -1.248130
0.279552 -0.758357 -0.228641 -0.287284
-0.112096 -0.930405 -0.262277 0.241773
-0.192668 -0.711617 -0.773569 -0.862187
-0.270358 0.246322 0.071284 -0.072492
-0.182274 -0.238730 -0.202653 -0.600297
-0.385348 0.008692 -0.326278 -0.056054
-0.176057 0.641722 -0.988582 -0.412155
-0.580008 0.158139 -0.983910 -1.233705
-0.462108 0.574343 -0.570891 -0.951247
0.016872 -0.115342 -0.582878 -0.407263
-0.425176 -0.527321 -0.487410 -1.028358
-0.013505 0.255173 -0.927431 -0.539387
-0.370494 0.459006 -0.557365 -0.610908
0.310095 -0.454742 -0.497567 -0.557994
0.133228 0.229357 -1.156842 -0.288348
-0.301074 -0.341563 -1.038005 -0.718898
0.797656 -0.728282 0.444580 -0.280664
-0.276409 0.244578 -0.452066 -0.752301
-0.126450 -0.783551 -0.940884 -0.652371
-0.013164 0.628301 -0.869763 -0.414967
-0.027441 0.277349 -0.698521 -0.654593
0.021586 -0.124272 -0.527624 -1.102982
-0.195485 -0.039523 -1.265756 -0.355788
-0.077187 -0.037935 -0.879896 -0.563598
0.218201 -0.529388 -1.393351 -0.492042
-0.037251 -0.558153 -0.785733 0.207199
-0.093683 -0.462205 -0.959046 -0.420192
0.071008 -0.470957 -0.778354 -0.074513
-0.488678 -0.501829 -1.435516 -0.099400
-0.321424 -0.143731 -1.232188 -0.533796
0.336497 -0.564013 -0.909731 -0.845494
-0.266901 -0.249622 -0.750321 -0.098122
0.088097 -0.215991 -1.066396 -0.269928
0.122238 -0.127400 -0.872696 -0.581923
-0.162733 -0.299947 -0.882753 -0.717571
0.041296 0.256842 0.390525 -0.350675
0.241869 0.061714 -0.699790 -0.285559
-0.546893 -0.376416 -0.555624 -0.582644
-0.315854 0.189919 -0.760340 -0.738728
-0.091104 0.202669 0.434659 -0.609529
0.420647 0.020769 0.041898 -0.503601
-0.515695 0.423923 -0.184814 -1.041498
0.187394 -0.255693 -0.121210 -1.519839
0.306138 -0.183244 -0.295035 0.076941
0.281713 -0.269944 0.401404 -0.346864
0.717243 -0.257008 0.302508 -0.445748
0.569599 -0.304027 0.214382 0.083710
1.183047 -0.479747 0.108711 0.012624
1.078048 -0.910355 0.234995 0.096268
0.226484 0.207614 0.283231 -0.612645
0.534167 -0.271961 0.617302 -0.455565
0.820607 -0.145757 0.080996 0.257238
0.787312 0.045252 0.668025 -0.914892
-0.029460 -0.897635 0.207400 -0.201503
0.609853 -0.142020 0.147721 0.233654
1.009597 -0.071205 0.422472 -0.058278
0.788850 -0.086459 0.082992 -0.265118
0.454644 -0.542284 -0.245631 -0.605571
-0.244158 -0.998464 0.669953 0.192899
0.154171 -0.767675 0.542633 -0.012431
0.659596 0.214578 -0.162372 -0.103891
0.348212 -0.514626 -0.265126 -0.423707
0.201982 0.193495 0.309800 -0.697065
0.554934 -0.075164 0.401753 -0.206903
0.373398 0.006167 0.751185 -0.104940
0.564259 -0.320893 0.659850 0.463736
0.250593 -0.574552 -0.383638 -0.316979
0.836166 -0.283359 0.326001 0.048841
1.340090 -0.790608 0.124518 -0.396286
0.371314 -0.135910 0.150502 -0.296016
0.950533 -1.054905 0.528175 0.194339
0.025537 -1.058918 0.385308 0.182730
0.948586 -0.965867 0.580524 -0.041308
0.782610 -0.593274 0.496650 -0.004080
0.731187 -0.687943 0.508774 0.153335
0.842463 -0.237765 0.351913 -0.079426
0.286321 -0.643565 0.928432 -0.224185
1.471897 0.394765 -0.170022 -0.220217
0.240683 -0.424514 0.965029 -0.282030
0.108448 -0.663966 -0.349889 0.263225
1.439484 -0.976363 -0.128994 0.154359
1.080781 -0.893567 -0.258455 -0.141729
0.326911 -0.933214 0.333126 0.042871
-0.366488 -0.869277 0.443864 -0.004622
0.114593 -0.116068 0.276119 -0.719297
0.328356 -0.377902 0.762907 -0.436349
0.276656 -0.189560 0.932306 -0.207975
1.248953 -0.960787 -0.302036 -0.396415
0.466813 -0.221355 0.520831 -0.161419
0.845805 -0.719415 -0.488404 -1.269276
0.652021 -0.005515 -0.750204 -0.402383
-0.556459 -0.025485 -0.200514 -0.748172
-0.977667 -0.523258 0.367657 -0.170564
-0.829632 -0.346140 0.578200 -0.519002
-0.841997 0.160794 -0.036250 -0.331756
-0.916910 -0.190090 0.183451 -0.204606
-0.733752 -0.179569 0.075229 -0.516050
-0.789279 -0.502345 0.187989 -0.054756
-0.842829 -0.336161 0.027746 -0.238418
-0.927787 -0.157204 0.045885 -0.359812
-0.923799 -0.059925 -0.083253 -0.182411
-0.915080 -0.080027 -0.084361 -0.079091
-0.914602 -0.243055 -0.046853 -0.004189
-0.762916 0.126788 -0.514807 -0.123395
-0.884872 -0.117648 0.087483 -0.283032
-0.870910 -0.145754 -0.121364 0.033470
-0.695132 -0.024487 -0.244069 -0.134312
-0.312361 -0.032658 -0.131742 -0.447896
-0.562061 -0.006581 -0.031883 0.152581
-0.347055 -0.241910 0.211870 -0.253626
-0.198581 0.009124 -0.556361 -0.341024
-0.504313 1.157324 -0.858867 -0.523935
