0.056305 0.288172 0.291726 -0.388985
0.133987 -0.268279 -0.518311 -0.066924
0.065657 -0.247365 -0.263941 -0.817289
1.525323 -0.904776 0.096306 -0.641196
0.973320 0.040797 0.174718 0.115273
-0.046846 0.148507 -0.261302 -0.433160
-0.034098 0.399537 -0.082392 -1.069164
0.593819 -0.695527 0.182671 -0.156561
0.718786 -0.393428 -0.066674 0.134326
0.458065 -0.943032 -0.436162 -0.027646
0.665289 -0.553646 -0.624694 0.296077
0.828177 -0.087241 -0.460166 0.226347
0.288545 -0.443259 -0.210132 -0.135398
-0.030109 -0.022962 -0.933113 -0.746613
-0.034643 0.080854 -0.283332 -0.766190
0.194247 -0.110571 -0.474386 -0.588538
0.010477 0.501318 0.304012 -0.083460
0.236662 -0.254254 -0.691557 -0.368079
0.047146 -0.344365 0.165289 -0.239889
0.141661 -0.013685 -1.143689 -0.937242
-0.807177 -0.218180 -0.034206 -0.978758
-0.245728 0.176944 -0.696042 -0.197869
0.012240 -0.768974 -0.354022 -0.436251
-0.053053 0.002247 -0.405979 -0.886556
-0.312601 -0.023978 0.578033 -0.377474
-0.314145 -0.470532 -0.402367 -0.096426
-0.370318 0.400332 -0.700669 -0.221698
0.068105 -0.319844 0.024074 -0.590268
-0.026571 0.047381 -0.786827 -0.877743
-0.175679 -0.303227 -1.271608 -0.976856
0.104049 -0.259208 -1.087061 0.039428
-0.227538 -0.796370 -0.426175 -0.563128
-0.439002 0.344809 -0.816735 -1.312236
0.184659 0.021055 -1.013638 -1.093946
0.062536 -0.927155 -1.328431 -0.431423
-0.091037 0.165100 -1.172234 -0.518605
0.218635 -0.166162 -1.436145 -0.789072
-0.441557 -0.459733 0.625964 -0.039173
-0.273886 -0.091572 0.140747 -0.792937
-0.128684 -0.152041 -0.789109 -1.144761
0.639217 -0.081673 -0.916539 -0.011032
0.185446 -0.549890 -1.050059 -0.456036
-0.651853 0.008805 -0.380339 -1.056305
0.524114 -0.612156 -0.920766 0.074213
0.769699 -0.254627 -1.057258 -0.323829
0.575755 -0.041278 -0.666122 -0.106523
0.185755 -0.157465 -1.332289 -0.617705
0.301836 0.676082 0.237336 -0.657319
0.214775 -0.397363 -0.537548 -0.178397
-0.456575 -0.326310 -0.030795 -0.437490
-0.205313 -0.846263 -1.039368 -0.861965
0.088690 -0.615034 -1.108120 0.285728
0.325476 -0.278683 -0.236455 -0.378680
-0.104515 0.470403 -0.835869 -0.482914
-0.121776 0.344877 -0.743950 -0.432628
0.451534 -0.339803 -0.258677 -0.919267
0.352907 -0.366578 -0.735287 -0.443157
0.229745 -0.482646 -1.138783 -0.350844
-0.243245 0.102400 -1.010994 -0.430239
-0.246712 -0.582804 -0.635042 -0.317973
-0.616092 -0.441323 -0.908635 -1.362156
0.606821 -0.679154 -0.547356 -0.284776
-0.267305 -0.550314 -0.000027 -0.468322
0.493067 -0.369070 -0.272300 -0.242148
0.512920 -1.098566 -0.406564 -0.298548
0.239222 -0.538535 -0.360925 -0.156658
-0.193430 -0.303130 -0.553527 -0.327234
0.196411 -0.281645 -0.450299 -0.170460
-0.376051 -0.174794 0.737728 -0.680010
0.294958 -0.089848 -0.824688 -0.384659
-0.368920 0.428920 -0.271678 -0.651410
-0.601689 0.314722 -0.288641 -0.409065
0.333972 0.089912 0.381414 -0.480627
-0.331207 -0.032370 -1.216104 -0.476782
0.461978 -0.435493 -0.893752 0.141914
0.036536 -0.543673 -1.466687 0.245387
-0.142471 -0.477125 -0.435741 -0.712511
-0.007734 -0.346849 0.377737 0.122440
0.455130 -0.683309 -0.264899 0.047010
0.056018 -0.697274 0.344194 0.047935
0.267080 -0.406286 -0.941762 -0.116164
0.009187 -0.538073 -0.393896 -0.100776
0.401659 -0.418118 -0.155051 -0.035338
-0.293615 -0.663178 -0.644116 -0.190481
-0.433567 -0.656829 -0.036569 -0.142693
-0.439851 0.518492 0.384317 -0.377076
0.028581 -0.608285 -0.438689 0.085311
-0.224019 0.513660 -0.371009 -0.489834
-0.231520 0.609984 -0.921315 -0.574746
0.029487 -0.077668 0.653781 -0.452129
-0.016610 -0.414256 -0.693716 -0.909346
0.145410 0.129798 -1.060673 -0.457435
0.863579 -0.216102 -0.565503 -0.700171
-0.200111 0.636187 -0.104617 -0.544315
0.194201 -0.344645 -0.740669 -0.789195
-0.695205 0.411887 -0.931091 -0.172124
-0.044760 -0.037721 -0.687825 -0.843992
0.662558 -0.100617 -0.495935 -0.279050
-0.127877 0.219510 0.058245 -0.313843
-0.008207 -0.013117 -0.035154 -0.545428
0.727273 0.182993 -0.828746 -0.674498
0.198503 0.309052 -0.672912 -0.246021
-0.034865 0.123411 -0.298825 -0.247187
-0.747867 -0.281376 -0.933547 -0.463870
0.984894 -0.357857 0.168610 -0.455160
0.035147 -0.400337 0.188436 -0.434110
-0.054216 -0.465428 -0.132887 -0.164795
0.739854 0.155723 0.047241 -0.518394
0.623465 -0.861257 0.365355 -0.028535
0.129792 0.194061 0.081285 -0.057115
0.625139 -0.752147 0.496581 0.008281
0.429545 -0.514962 0.071026 -0.711156
0.443759 0.320354 0.515943 -0.315670
0.063698 -0.505184 -0.215185 -0.671816
0.662479 -0.098578 0.315778 -0.142402
0.671511 -0.153474 -0.087219 -0.997004
1.017349 -0.517088 -0.247388 -0.197161
0.856616 -0.021393 -0.139375 -0.285495
-0.162582 0.165994 -0.147458 -0.348098
0.648450 0.047110 0.458296 0.057856
1.025420 0.212391 -0.066873 -0.567066
0.874818 -0.466719 0.636709 -0.085737
0.376919 -0.468741 -0.436580 -0.031517
0.613262 -0.578152 -0.374526 -0.263386
0.726545 -0.263634 0.173473 0.201905
0.877053 -0.588201 -0.141097 -0.343469
0.042381 -0.578899 0.367772 -0.426556
0.708323 -0.522938 0.272511 -0.209845
0.640258 -0.796687 0.222970 -0.002021
0.422470 -0.473951 0.261900 0.147041
0.144939 -0.545135 -0.166252 -0.182981
0.162626 -0.559008 0.211457 -0.047704
0.056018 -0.697274 0.344194 0.047935
0.005995 0.287134 -0.315834 -0.337371
-0.290154 -0.138790 0.824823 0.317000
0.597556 -0.228255 0.528195 -0.620889
-0.433757 0.165465 -1.251325 -0.714259
0.511067 -0.511905 -0.570167 -0.382061
-0.790790 -0.220079 0.122657 -0.038583
-1.018220 -0.286718 0.029353 -0.374245
-0.760631 -0.449482 0.243542 -0.049443
-0.900218 -0.195000 0.182676 -0.295087
-0.429837 -0.658444 0.189651 -0.536682
-0.664719 -0.358037 0.295007 -0.351979
-0.128338 -0.581806 0.130491 -0.508777
-0.728633 0.172410 0.214944 -0.497248
-0.881538 -0.230187 -0.047448 -0.106734
-0.849369 -0.145373 -0.061779 -0.000707
-0.705553 -0.110452 0.273067 -0.038639
-0.952027 -0.233671 -0.051989 -0.097140
-0.874630 0.088243 -0.020485 -0.197489
-0.786160 -0.294290 0.268545 -0.472176
-0.796515 0.216203 0.108971 -0.445379
-0.291138 -0.556517 0.436777 -0.675210
-0.916871 -0.121764 0.114597 -0.338874
-0.789754 -0.341782 0.433161 -0.478925
-0.101303 0.380694 0.409311 -0.126019
-0.305916 0.236388 -0.351127 -0.694630
-0.765629 -0.332360 0.189351 -0.296085
-0.789754 -0.341782 0.433161 -0.478925
-0.808419 -0.123579 0.204114 -0.201825
-0.747925 -0.297945 0.209272 -0.374073
-0.176218 -0.483493 -0.169632 -0.631773
