0.096029 -0.216861 -0.041139 -0.099218
0.076498 0.084408 -0.158590 -0.404947
0.214542 -0.130459 -0.106790 -0.631363
0.049208 -0.560628 -0.158162 -0.142332
0.744603 -0.881310 -0.385313 0.362886
-0.215926 0.065618 -0.807081 -0.617231
0.849420 0.319694 -0.457504 -0.788981
-0.282551 0.148600 -0.802569 -0.772951
-0.041264 -0.049446 -0.024772 0.177684
0.049837 -0.236729 0.520386 -0.229987
-0.177646 -0.112300 0.369936 -0.223123
0.327846 -0.781026 0.914095 0.190380
-0.299378 -0.041280 0.581747 0.141681
1.027060 -0.850141 0.506260 -0.085251
0.003365 -0.854785 0.055016 -0.384606
-0.049265 -0.075785 -0.626043 -0.345119
-0.082400 0.194774 -0.376415 -0.344424
-0.152614 -0.113791 0.344561 -0.128266
0.313194 -0.309909 -0.914516 -0.215337
0.237488 -0.317181 0.003094 0.381510
0.891903 -0.322251 0.103371 0.078835
0.664695 -0.312655 0.788508 -0.091568
1.347664 -0.303408 0.398655 -0.449980
0.841437 -0.341868 0.457278 0.140574
0.474553 0.031631 -0.083074 -0.410332
0.230959 -0.465194 0.291292 0.278622
0.701395 -0.049838 -0.425628 -0.372033
0.930850 -0.029380 -0.029331 0.281135
1.035137 -0.439369 -0.530511 -0.062050
0.396170 -0.663204 0.659275 -0.333462
0.319126 -0.865799 0.318484 0.269199
-0.139272 -0.491239 -0.195844 0.118256
-0.150654 -0.518053 -0.461499 0.058430
-0.462544 -0.485041 0.374175 -0.370091
-0.929561 -0.174308 -0.584384 -0.159635
0.693899 -1.235598 0.442743 0.050593
0.211808 -0.347440 0.481012 -0.145893
-0.477794 -0.511135 -0.013201 -0.712906
0.875829 -0.376390 0.096464 0.017977
0.054272 0.882769 0.812652 -0.647907
0.525798 -0.298905 -0.091727 -0.144701
0.672581 -0.034915 -0.529434 -1.373062
0.792557 -0.316722 0.104098 -0.167400
0.672730 -0.530506 0.181236 -0.150884
0.473931 -1.182403 0.455638 -0.396207
0.234451 -0.460156 -0.815535 -0.711249
0.252622 -0.324379 0.300163 -0.304125
0.197089 0.522512 -0.943960 -0.921102
0.014337 -0.212007 -0.272930 -0.834144
0.774262 -0.701651 0.308706 -0.120467
1.018105 0.360452 0.025513 -0.459967
-0.696601 0.214119 -0.295083 -0.479723
-0.171113 0.065913 -1.189665 -1.122985
0.615180 -0.188053 -0.621562 -0.144230
1.160699 0.047066 0.214653 0.332253
-0.604506 -0.526624 -0.981570 -0.175266
1.029569 -0.202150 0.271401 -0.369629
0.219154 -0.195716 0.036087 -0.209737
0.458282 -0.430286 0.136356 -0.057949
-0.260546 -0.905088 0.629871 -0.137797
-0.140983 -1.123470 -0.117345 0.382033
0.183474 0.126350 0.190243 -0.484453
0.062718 0.522606 -0.504947 -0.760331
0.218972 -0.127527 -0.566903 -0.760306
0.620316 -0.098045 0.290597 0.008075
-0.160139 -1.220487 -1.352761 -0.261484
0.346934 -0.407947 0.131976 -0.413330
-0.095747 -0.780784 -0.903631 -0.412689
0.504492 -0.467228 0.549822 -0.111262
-0.013209 0.495959 -0.661732 -0.432159
0.025757 -0.239724 -0.252251 -0.957596
0.166842 -0.755766 -0.434071 -0.963793
-0.378364 0.730529 -0.262584 -0.704699
0.838754 -0.260049 0.280569 -0.373764
-0.208456 -0.432068 -0.649911 -0.623441
1.072998 -0.620313 1.085532 -0.425364
0.420917 -0.365522 0.386855 -0.586337
0.020519 -0.090220 -0.573184 -0.484779
0.989797 -0.522376 -0.214714 0.105923
0.140069 -0.701369 -1.112864 -0.132449
-0.445996 0.288812 -0.390237 -0.282795
0.150247 0.266971 0.475323 -0.064446
0.123524 -0.836046 -0.779447 -0.018415
-0.345982 -0.079322 -0.514865 -0.529006
-0.630495 -0.035813 -0.476848 -0.905957
0.157076 -0.341426 0.091810 0.201946
-0.367319 -0.492386 -0.578744 -0.048019
-0.037495 -0.292194 -0.006239 0.088380
-0.279287 -0.454982 -0.676738 -0.679502
0.123264 0.017939 0.169314 0.059860
-0.809931 0.493735 -1.182146 -0.674945
0.514261 0.430756 -0.248648 -0.995129
-0.501775 -0.437817 0.554557 -0.311195
-0.922288 -0.316709 -0.143470 -0.570145
-0.807227 -0.175951 -0.125547 -0.121878
-0.492313 -0.442618 0.321472 -0.012670
-0.998015 -0.605467 0.372949 -0.055894
-0.703354 -0.210304 0.115440 -0.386742
-0.954809 -0.102978 -0.352009 -0.067953
-0.893275 -0.017116 0.049430 -0.131324
-0.423275 -0.100343 0.056222 -0.677520
-0.919555 -0.083861 0.052361 -0.144104
-0.967212 0.010764 -0.089684 -0.144769
-0.781031 -0.034433 0.140712 0.085956
-0.483811 0.337674 0.405373 -0.610240
-0.741078 -0.063492 -0.242171 -0.017396
-0.770478 -0.267097 0.000641 -0.074108
-0.648599 -0.266593 -0.008068 -0.213490
-0.718191 -0.230337 0.081508 -0.272838
-0.937024 -0.008349 0.198423 -0.333203
-0.458815 0.128527 0.004435 -1.041995
-0.785979 -0.171215 0.288249 -0.380553
-0.912936 -0.254082 0.026356 0.039211
