-0.620591 0.582514 -1.104880 -0.722451
0.234199 0.154257 -0.323263 -0.790607
0.922860 -0.069240 0.152290 0.062624
-0.529747 0.039650 -0.880539 -1.144531
0.005813 -0.144747 -0.841886 -0.411912
-0.290424 0.296833 -0.541473 -1.209972
0.415813 -0.392048 -0.588467 -1.022599
0.276649 -0.458783 0.052080 -0.481285
-0.397592 -0.247455 -0.999047 -0.755960
0.121305 -0.520089 -0.527238 -0.038182
0.263607 0.703256 -0.843768 0.071196
0.617787 -0.985208 -0.743563 0.308250
-0.165139 0.198749 -0.082382 -0.776205
-0.076316 0.646076 0.470749 -0.555371
0.343233 -0.294301 -0.312136 -0.568712
0.422960 -0.107021 -0.170968 -0.680306
-0.667899 -0.466757 -0.541447 -0.361649
-0.229551 -0.107551 -1.001558 -0.564112
0.138661 0.475300 -0.725421 -0.600224
-0.349092 -0.787592 -0.114019 -0.790106
0.098400 -0.338184 -0.953845 -0.280959
-0.338518 0.286009 -0.079224 -0.505791
0.247902 -0.295977 -1.011414 -0.614835
-0.296278 -0.582772 -0.240236 -0.273422
-0.309567 -0.554688 -1.493253 -0.590193
0.100607 0.202602 -0.876767 -0.391271
0.948483 -0.113441 -0.317998 -0.399102
0.226749 -0.559236 -0.374096 0.199496
0.308082 -0.908968 0.913536 -0.316124
-0.125590 -0.545536 -0.812486 -0.184909
0.548508 -0.275389 -0.184503 0.155733
0.085897 -0.140388 0.221208 -0.155892
-0.333272 0.279375 -0.029962 -1.005140
0.538841 -0.414683 0.491038 -0.144652
0.344469 -0.134244 0.384970 -0.527134
0.616017 -0.259085 0.308309 -0.061523
1.023068 -0.018534 -0.127699 -0.960727
0.585537 0.788285 -0.374913 0.186395
0.124767 0.461908 -0.514782 -0.781877
0.765993 -0.121322 -0.254520 -0.250891
0.336947 0.439157 0.491303 -0.324592
0.028577 0.079303 0.200417 -0.128424
0.278805 -0.176839 -0.060493 -0.456497
0.190109 -0.234951 -0.032296 -0.721338
-0.356263 0.386919 0.385736 -0.753602
0.219308 0.329005 0.296722 -0.401269
1.018903 -1.010616 0.035506 -0.358709
0.073159 0.111424 -0.605012 -0.879134
0.336047 -0.248411 0.513238 -0.247954
0.223609 -0.055577 0.270774 -0.410077
0.456643 0.091131 0.140532 -0.813970
-0.032201 -0.196381 0.339011 -0.300395
-0.194938 0.020429 0.841302 -1.094009
0.433507 -0.194808 0.294969 -0.476069
0.609957 -0.120995 0.164850 -0.417574
0.949384 -0.288203 0.629274 0.046606
0.896151 -0.525568 0.868819 -0.092008
0.472287 -0.415893 0.133835 -0.269485
0.451819 -0.574432 0.675230 -0.063277
0.016832 -0.286338 0.625981 -0.392945
0.393042 -0.811122 0.352361 -0.052621
0.883511 -0.205274 0.050163 -0.024305
0.809078 0.061550 0.670407 -0.207961
0.528420 -0.357011 0.424034 -0.299822
1.087368 -1.060212 0.577074 0.259034
0.669034 -0.625616 -0.074426 -0.396116
0.852845 -0.541727 0.395585 -0.476050
0.521501 0.556594 -0.601964 -0.685864
-0.081226 0.797014 -0.288462 -0.446579
0.641233 -0.067020 -0.168413 -0.389791
0.715877 -0.269461 0.589624 -0.187797
0.652062 -0.274478 -0.019428 -0.202307
0.935234 -0.866649 -0.142550 -0.176381
0.040026 -0.839364 0.796027 0.078977
0.425045 -0.860609 0.033758 -0.361862
0.534209 -0.327117 -0.326899 -1.192448
0.154935 -0.142865 0.157458 -0.058774
0.038469 -0.582310 0.053935 -0.035353
0.717142 -0.771100 -0.559879 -0.243256
0.393331 -0.004948 0.122900 0.155143
0.539173 -0.281603 -0.290214 -0.365160
-0.667899 -0.466757 -0.541447 -0.361649
1.030156 -0.140858 0.649148 -0.153639
0.057783 0.522922 0.242197 -0.821248
0.409058 -0.038512 0.031577 -0.069376
0.619139 0.285985 0.022125 -0.436582
-0.379240 -0.719464 0.333901 -0.526709
0.287096 -0.436512 0.582176 -0.397088
-0.199085 0.218804 -0.622423 -1.126528
0.733227 -0.549823 0.523115 0.158693
0.060060 0.884624 -0.385365 -0.905804
0.896644 -0.080561 -0.089977 -0.330882
1.036336 -0.521903 0.590143 -0.355721
0.085440 0.022452 0.176277 -0.543764
0.852500 -0.324726 0.344167 -0.310697
0.851731 -0.581404 0.337913 -0.157526
0.601701 -0.304231 -0.221616 -0.154845
0.438853 -0.066521 -0.843234 -0.087785
0.338013 -0.899202 -0.245192 -0.187317
0.127558 0.009358 -1.386268 0.150398
-0.196396 -0.582167 0.285355 -0.466158
0.573667 -0.747182 0.246462 -0.355929
0.909313 -0.316210 -0.612970 -0.749430
1.104116 -0.785472 0.466954 -0.064259
0.849539 -0.617175 -0.212982 -0.082917
-0.183313 -0.853262 0.834581 -0.348756
-0.208973 0.545961 0.754251 -0.783171
0.058691 -0.264545 -0.388538 -0.361637
0.334278 -0.787857 0.522754 -0.456840
-0.017585 0.309988 -0.255717 -1.131848
0.101766 0.691616 -0.007389 -1.052482
0.214866 -0.471042 -0.638331 -0.234433
-0.491121 -0.152648 -0.758765 -0.263438
0.183506 0.065115 -0.380191 -0.442111
-0.307004 -0.682694 -0.030586 -1.479099
0.387411 -0.198149 0.258889 -1.046667
0.109106 0.749785 -0.739398 -0.777821
-0.088933 0.371660 -0.969599 -0.127995
1.222877 -0.104824 -0.119186 -0.860514
0.167452 -0.888512 -0.333498 -1.029745
0.715877 -0.269461 0.589624 -0.187797
-0.347273 1.428170 0.073272 -0.785343
-0.115976 -0.293812 -1.134989 -0.203472
0.080419 -0.020211 -0.802027 -0.475413
0.494647 -0.038736 -0.287187 -0.449632
-0.320334 -0.636827 -1.007505 -0.256178
0.372020 -0.008810 0.198190 -0.337419
-0.624571 0.213331 -0.946950 -0.794193
0.169408 0.717682 0.003587 -0.767386
-0.616611 -0.816967 -0.924247 -0.072307
-0.441115 0.003667 -0.833237 -0.767925
1.170175 0.238596 -0.172929 -0.530269
0.041852 -0.113658 0.452351 -1.033841
-0.300990 -0.533078 -0.070286 -0.024975
0.173114 -0.161336 -0.816135 -0.489821
0.349939 -0.525718 -0.658761 -0.100092
-0.736013 -0.122064 0.156612 -0.264801
-0.611108 -0.171433 0.132230 -0.511660
-0.493715 -0.477479 0.609559 -0.029257
-0.819927 -0.132592 -0.124157 -0.056119
-0.821262 -0.273432 0.024165 -0.274789
-0.830400 -0.377573 0.193266 -0.390320
-0.681067 -0.467581 0.550013 -0.254864
-0.929262 -0.331824 0.031849 -0.065436
-0.803379 -0.077564 -0.108473 -0.122534
-0.813039 -0.365078 0.266890 -0.416168
-0.836102 -0.266174 -0.080432 -0.007790
-0.279765 -0.197512 0.413606 -0.160391
-1.011716 -0.088418 0.000693 -0.313550
-0.859152 0.019597 -0.501035 0.141124
-0.797681 0.064979 -0.381990 0.064358
-0.290653 -0.371076 0.016297 -1.101011
-0.648660 -0.581033 0.273792 0.302720
-0.904655 -0.229008 -0.036215 -0.206317
-0.903428 -0.226742 0.029681 -0.233446
-0.524154 -0.400460 0.403037 -0.449805
-0.916428 -0.094937 0.019970 -0.058432
-0.623967 -0.253668 0.350113 -0.181370
-0.828504 -0.192668 0.068290 -0.056796
-0.748263 -0.512353 0.391597 -0.198075
-0.775871 -0.422687 0.355503 -0.319652
-0.420152 -0.119694 0.334633 -0.382186
-0.873460 -0.229678 0.118772 -0.231442
-0.782451 -0.317420 0.176054 -0.108580
-0.976314 -0.090064 -0.040171 -0.247354
-0.881575 -0.053169 0.058399 -0.224182
-0.792635 -0.029745 0.108320 -0.170838
