0.411316 0.134298 -0.092098 -0.273780
0.376871 0.251053 -0.371642 -1.161828
0.119465 -0.298066 0.213783 -0.088326
-0.544920 -0.564481 0.594664 -0.104067
1.133644 -0.201842 0.498002 -0.188298
0.069195 0.147116 -0.987510 -0.633798
0.560018 -0.587053 0.857399 -0.248331
0.546861 -0.487869 -0.268065 0.055509
0.938812 -0.176010 0.012690 0.281634
-0.035295 0.637128 -0.449740 -0.840736
-0.359298 -0.693653 -0.823658 -1.116765
0.031700 -0.094527 -0.523781 -0.360995
0.550207 -0.066781 0.011626 -0.139044
-0.160256 0.084312 -0.276065 -0.529188
0.085276 0.230385 0.016551 -0.791321
0.418355 -0.852688 0.694853 0.380509
-0.140124 0.010495 -0.808886 -0.373873
1.426280 -0.786338 -0.069306 -0.054499
0.344917 -0.228670 0.345665 -0.214535
1.230270 -0.604928 -0.064007 -0.882126
-0.113141 -0.724840 -0.300065 0.104217
0.803135 -0.501313 0.925924 -0.683266
0.764945 -0.219792 0.624017 -0.561675
0.731490 -0.288645 0.109623 -0.266474
0.718314 -0.705640 0.548958 -0.004039
-0.181361 -0.446857 -1.148274 -0.375709
0.308273 -0.279671 -0.902443 -0.491121
0.021710 0.160326 -0.423961 -0.272101
0.350008 -0.074446 0.487209 -0.203728
0.407073 -0.334256 -0.443536 -0.222579
0.528784 0.519132 -0.068570 -0.466076
0.143730 -0.351545 -1.371072 -0.479736
0.508711 -1.084605 0.179650 -0.469433
0.811464 -0.863491 -0.287743 -0.728382
0.873061 -0.509774 0.170464 -0.482774
1.021427 -0.195501 0.206408 0.138211
0.479975 -0.040541 0.025631 -0.238819
0.389360 -0.718511 -0.594191 -0.139054
0.705710 -0.812340 -0.331823 -0.098744
0.765380 -0.367947 0.587416 -0.573626
0.033719 -0.064966 -0.410714 -0.212294
0.381014 -0.260704 -0.575274 -0.302843
0.690126 -0.073181 -0.070068 -0.248569
-0.108327 -0.047877 -0.358560 -0.684829
-0.281845 -0.368720 -0.758831 -0.623916
0.599550 -0.254204 -0.454463 0.137639
0.980938 -0.667848 -0.382148 -0.181845
1.306764 -0.502702 -0.418938 -0.237037
-0.199219 -0.520779 -0.982904 -0.554125
-0.323712 0.419366 -0.244415 0.311177
-0.427181 -0.257978 -1.230260 -0.512937
1.489176 -0.521185 -0.267111 -0.001924
-0.076677 -0.165450 -0.803752 -0.159979
0.813685 -0.605320 0.503613 -0.008165
0.115504 -0.132213 -1.089636 -0.777159
0.773016 -1.012443 0.428765 -0.070794
-0.014742 -0.699984 -0.196266 -1.189442
0.437958 -1.288343 -0.848437 -0.041445
0.429742 -0.068820 0.005178 -0.136308
1.239904 -0.566992 -0.099751 0.350762
1.123622 -0.075811 -0.652663 -0.726100
0.155710 -0.078624 0.201430 -0.700421
0.262501 -0.250926 -0.850909 -0.412766
0.309682 0.274982 -1.301675 -0.119319
0.106308 -0.031018 -0.843474 -0.844106
0.558252 0.920072 -0.374003 -0.293495
0.019407 0.282949 -0.361477 -1.070514
-0.054603 -0.558466 -0.716232 -0.149081
0.046815 -0.471727 -0.474717 -0.937931
0.175247 -0.911917 -0.236240 -0.584847
0.441855 -0.724669 -0.353902 -0.585263
0.111393 -0.455924 -0.769289 -0.763057
-0.083949 -0.175507 -1.199273 -0.132302
-0.399725 0.100376 -1.095726 -0.031590
-0.173861 -0.725294 -0.523566 -0.114786
-0.142203 -0.731147 -0.664551 -0.035120
-0.306478 -1.121061 -0.539369 -0.423154
-0.313556 -0.529219 -0.555341 -0.064074
-0.480784 -0.446627 -0.227076 -0.097964
-0.150282 -0.389330 -0.770827 -0.281589
0.831484 -0.633735 0.601772 0.156798
0.015583 -0.672713 -0.416421 0.345361
0.128187 0.685718 -0.303151 -0.297144
-0.257144 -0.701880 -1.042971 -0.604786
0.239738 -0.406010 -0.036685 0.153581
-0.494958 -0.485954 -1.012068 -0.114412
-0.639425 0.074462 -0.564274 -0.479470
-0.110743 -0.517038 -0.096261 -0.024846
-0.151075 -0.375657 0.648062 -0.726460
-0.369460 0.288531 -0.631193 -0.493281
1.049308 -1.040026 0.396969 0.084411
0.854190 0.408251 0.153509 -0.296080
0.779685 -0.948813 0.192962 -0.101843
0.980754 -0.646990 0.685016 0.159729
0.444556 -0.004074 -0.430106 -0.437784
0.110472 -1.198050 -0.186727 -0.430445
0.741130 -0.783545 -1.186672 -0.515398
0.609049 -0.218508 0.440455 -0.780128
0.869502 -0.900874 0.692021 -0.381923
-0.328512 -0.238613 -0.834619 -0.083774
0.859998 -0.402040 0.097947 0.279164
0.637767 -0.560741 0.361535 -0.222238
-0.028769 -0.085657 -0.399812 -0.266029
0.975773 -0.010406 -0.510897 -0.174323
-0.914676 -0.242463 -0.139413 -0.193420
-0.867503 -0.122039 -0.010124 -0.191814
-0.814876 -0.210522 -0.110642 -0.181861
-0.860828 -0.047608 0.065658 -0.206877
-0.872640 -0.340948 0.085326 -0.571850
-0.641449 -0.188331 0.182666 -0.370861
-0.574947 -0.513094 0.336624 -0.586046
-0.955081 -0.066118 0.238610 -0.593489
-0.628295 -0.203843 0.301183 -0.107806
-0.196499 0.548540 -0.545600 -0.556478
-0.879270 -0.344505 -0.578587 -0.422024
-0.394338 0.391384 -0.585044 -0.710117
-0.523280 0.022612 -0.373468 -0.882134
-0.663686 -0.181018 0.004314 0.059191
-0.795457 -0.362209 0.146558 0.123571
-0.860828 -0.047608 0.065658 -0.206877
-1.016236 -0.164208 -0.016588 -0.047628
-0.870717 -0.472779 -0.194818 -0.006759
-0.768675 -0.240183 0.042193 -0.026690
-0.654421 -0.396951 0.135233 -0.179072
-0.844277 -0.311782 0.429370 -0.690027
-0.701779 -0.430549 0.405063 -0.242082
-0.671227 -0.405525 0.551241 -0.594782
-0.807489 -0.410267 0.231172 -0.237940
-0.381697 -0.158971 0.017146 -0.289716
