-1.070369 0.158006 0.019431 -1.116026
-0.254505 -0.177558 -0.127715 -1.102738
1.003925 -0.560738 -0.444013 -0.393620
-0.480348 0.208386 -0.356677 -0.087861
0.524178 -0.610929 -0.935069 -0.107830
-0.256634 0.112722 -0.128088 -1.071814
0.701251 0.217660 -0.178064 -0.541495
0.156927 0.388686 0.960943 -1.122796
-0.003419 0.335194 -0.813224 -0.646842
-0.330054 0.600504 -0.567457 -0.729425
0.575716 -0.188493 0.067995 -0.796632
-0.072015 0.467910 -0.516436 -0.532684
-0.000437 0.352246 -0.254752 -0.407133
0.420696 0.058411 0.022296 -0.139490
-0.089277 -0.501617 -0.114715 -0.502763
-0.634727 0.033971 -0.567887 -0.672074
0.036374 0.017427 -0.347828 -0.409962
0.067600 0.179531 -0.238344 -0.650500
-0.456680 -0.537959 -1.171041 -0.756288
-0.186259 -0.504048 -0.923840 -0.306563
0.119378 0.600893 -0.453214 -0.970294
0.551043 0.516148 0.281737 -0.203747
-0.043410 0.077884 -1.495895 -0.650100
0.118113 0.344345 -0.336098 -1.193065
-0.123807 -0.165184 -0.227100 0.026553
0.256882 -0.148108 -0.170599 -0.724436
-0.375083 0.194604 -0.196556 -0.171050
-0.444637 0.059194 -0.690042 -1.017121
-0.243976 -0.151716 -0.168747 -1.188112
-0.168724 -0.086485 -1.416904 -0.749750
0.347408 0.326963 0.026561 -0.489317
0.402290 0.290485 -0.003116 -0.618165
-0.804207 -0.161459 -0.744296 -0.442383
0.290357 0.452487 0.246985 -0.967348
-0.305249 -0.508931 -0.475502 -0.339446
-0.469868 -0.209154 -0.677903 -0.163625
-0.227799 0.129997 -0.685747 -1.028638
0.030427 0.197224 -0.454200 -0.706351
0.611622 0.042269 0.050944 -0.693275
-0.485638 -0.500101 -0.140701 -0.263426
-0.099849 0.084903 -0.315690 -0.603210
-0.240248 0.382133 -0.211965 -0.234281
0.138417 -0.284041 0.026425 -0.316805
-0.603012 -0.194287 -0.944478 -0.838152
-0.305890 -0.600329 -0.867858 -0.321280
0.698409 0.160590 0.300720 -0.100656
-0.363882 -0.159401 -0.983377 -0.360329
-0.160802 -0.066613 -0.585460 -0.487752
-0.445782 -0.584585 0.498964 -0.259753
0.043259 -0.735676 0.191464 -0.247100
-0.765208 -0.195627 0.292405 0.214579
-0.599570 -0.323221 -0.280123 -0.351799
-0.639632 0.208552 -0.415466 -0.795994
0.466983 0.167594 -0.652022 -0.378695
-0.275546 -0.507691 0.182189 -0.057853
0.131620 -0.718620 -0.641605 -0.695014
-0.322761 -0.202205 0.093422 -0.014607
0.402661 0.594985 0.033518 -0.905380
-0.250652 -0.896878 0.104383 -0.196479
0.486988 0.002775 -0.536204 0.101609
-0.326866 0.590606 0.105740 -0.740111
-0.727068 -0.329255 0.006460 0.142551
-0.439757 -0.547810 -0.484073 -0.655459
-0.559288 0.230454 -0.728748 0.259701
-0.034505 -0.833003 -0.134256 -0.112794
-0.288758 0.373272 -0.346406 -0.213071
-0.454858 0.153056 -0.374859 -0.024439
-0.287111 0.415247 0.225421 -0.284657
0.431471 -0.644577 -0.080655 -0.271958
0.396878 -0.305542 -0.278855 -0.280553
0.516305 -0.172016 -0.283401 -0.169245
0.401857 -0.884874 -0.359368 -0.120526
0.674205 -0.671935 0.239807 0.116693
0.486065 -0.580988 -0.336228 -0.847848
0.174428 0.234242 -0.217794 -0.721099
0.980855 0.172485 0.051264 -0.067705
0.558514 -0.108960 0.009762 -0.671848
0.601946 -0.765260 0.349278 -0.563306
0.454733 -0.160018 0.784571 -0.594091
0.706553 0.059609 0.260981 -0.337512
-0.391925 0.086168 -0.301270 -0.600191
0.540766 -0.120427 0.291382 -0.365759
0.824153 -0.524250 0.137476 -0.057902
-0.367965 -0.342295 -0.248114 -0.340349
0.539585 -0.995584 -0.254929 -0.006311
1.090066 -0.614317 0.799595 -0.186293
0.455149 -0.333843 -0.315885 -0.406263
0.302541 0.018902 0.226621 0.049439
0.512278 -0.558828 -0.046011 -0.806074
-0.198998 -0.565403 0.450115 -0.543963
0.415909 -0.549047 -0.175417 -0.363411
0.820930 -0.035228 0.127352 0.361647
1.109754 -0.244287 0.668385 -0.574393
0.280183 0.155327 -0.309415 -0.521572
0.338077 -0.573668 0.536206 0.037747
0.179912 0.118209 -1.016434 -1.046820
0.743267 -0.529704 0.713540 -0.109254
0.508201 0.022840 0.669453 -0.070003
0.227540 0.202874 -0.486306 -0.264683
-0.297284 -0.117592 -0.100957 -0.085116
-0.623085 -0.255349 -0.212772 -0.145947
-0.447222 -0.333218 -0.543123 0.202135
-0.251885 0.057361 -0.247997 -0.399302
0.558700 -0.583016 0.693034 -0.026265
-0.297920 -0.200666 0.117775 -0.196356
0.357149 -0.552052 -0.515325 -0.194273
-0.746833 0.345720 -0.280212 -0.515333
-0.167659 -0.960620 0.122335 -0.113127
0.212363 0.245317 0.478211 0.237060
-0.773452 0.053291 0.041769 -0.281402
0.103000 -0.085262 0.275730 -1.039090
-0.269489 -0.234997 -0.427894 -0.136078
0.113775 -0.182435 -1.162763 -0.673959
0.386068 -0.008396 -0.610761 -0.074604
0.087777 -0.198550 -0.141439 -0.212900
0.285795 0.136442 -0.566746 -1.286155
1.014769 -0.332838 0.241837 0.363235
0.381719 0.324940 0.618600 -0.451913
-0.060277 0.141987 -0.744704 -0.261764
0.460668 -0.371602 -0.263830 -0.643828
0.248006 -0.100268 -0.135827 -0.459014
0.358006 -1.182264 -0.213090 -0.109829
-0.087645 -0.182292 -0.944293 -0.825617
0.358263 -0.576603 -0.457519 -0.444547
0.865624 0.223492 -0.175077 -0.204128
0.170910 0.440209 0.370023 0.028300
-0.144307 0.306086 0.016170 -0.564648
0.691375 0.676355 -0.431230 -0.498483
0.005183 -0.304478 0.271538 0.024143
1.200962 -0.153901 -0.396600 -0.211516
0.143201 -0.501234 -0.380381 -0.583950
0.178903 -0.157423 -0.133434 -0.080379
0.563609 0.539534 -0.179622 -0.845689
0.084899 -0.462614 -0.039196 -0.084832
0.726441 -0.528377 -0.418484 -0.477055
-0.708711 0.655449 0.378465 -0.498179
-1.085901 0.238626 -0.178427 -0.438827
-0.371327 -0.232765 0.342707 0.157837
-0.803100 -0.414552 0.468711 -0.501877
-0.815362 -0.348704 0.098225 -0.157475
-0.897786 -0.103136 0.055630 -0.460059
-0.926235 -0.146678 -0.246792 0.013761
-0.870830 -0.128779 -0.512804 0.131899
-0.786227 -0.140377 0.033415 -0.125444
-0.570472 -0.089494 -0.145792 -0.226699
-0.657364 -0.480897 -0.085588 -0.030054
-0.985197 -0.115051 -0.103353 0.035314
-0.914223 -0.381870 0.131473 -0.069577
-0.725642 0.046377 -0.403110 0.018843
-0.828463 -0.162441 -0.145229 -0.227568
-0.794334 -0.287697 0.161582 -0.200427
-0.852087 -0.292418 0.054118 -0.381422
-0.913039 -0.099067 -0.150728 0.021998
-0.919170 -0.127603 -0.043255 -0.150680
-0.868916 -0.168453 0.017492 -0.037792
-0.653836 -0.383289 0.084355 -0.204331
-0.674847 -0.277074 0.083546 -0.426444
-0.132024 0.734942 -0.352730 -0.662788
-0.745569 0.076583 -0.137583 -0.179204
-0.834832 -0.087314 -0.022955 -0.175225
-0.943883 -0.104331 -0.004416 -0.005972
-0.876805 -0.274983 0.054932 -0.238084
-0.659776 -0.154127 0.339171 -0.070406
-0.712185 -0.607921 0.437072 -0.396961
-0.659568 -0.345420 0.061696 0.012502
-0.733792 -0.191789 0.204085 -0.126793
-0.798914 -0.375555 0.358702 -0.389923
-0.734562 -0.423404 0.479445 -0.456379
-0.794334 -0.287697 0.161582 -0.200427
-0.877797 -0.192027 0.001458 -0.127670
-0.921193 0.187948 -0.005619 -0.586642
-0.837755 -0.118703 0.009865 -0.468695
-0.903999 -0.020429 -0.201408 -0.012692
