0.727291 -0.088658 0.030755 0.011561
0.668769 0.028591 0.512229 -0.061194
0.381150 -1.125561 -0.083798 0.090395
0.133204 -0.110115 0.649457 -0.054346
0.666639 0.159412 0.553532 -0.057893
0.166055 -0.295450 -0.595865 0.079614
0.957809 -0.165345 -0.102131 -0.263015
0.226762 -0.526488 -0.058362 0.115122
0.430334 -0.401901 -0.018397 0.495035
0.665691 -0.457833 0.082930 -0.106142
0.839907 -0.113189 0.407221 -0.358302
0.274175 -0.158915 -0.069451 -0.852994
0.076769 -0.956276 -0.355116 0.047747
0.523668 -0.347765 0.471854 -0.031209
0.201467 0.115342 -0.556224 -0.224273
0.023826 0.226805 -0.056702 -0.475041
0.542417 0.194228 0.436335 -0.057035
0.673904 -0.654023 -0.280566 -0.279219
0.536663 -0.860240 -0.734038 0.013852
-0.164341 -0.464425 0.410410 -0.121661
0.773038 -0.023384 0.328810 0.033937
0.843273 -0.535410 0.583294 0.038241
1.153477 -0.735896 -0.172038 -0.378493
0.086523 -0.410043 -0.538878 -0.466152
0.481408 -0.841321 0.313819 -0.231630
0.481595 -0.671570 -0.112488 0.113494
0.154370 0.140752 -0.085162 0.000389
0.441602 0.113482 -0.697461 -0.542178
-0.137169 0.619720 -0.469687 -0.022563
0.079475 -1.102855 -0.130380 -0.005431
-0.403162 0.306304 0.508080 -0.366589
0.596601 -0.051727 0.680904 -0.159306
-0.017701 -0.607699 0.027649 -0.054807
-0.372785 0.302535 0.786972 0.372424
-0.386003 -0.458046 -0.133978 -0.336961
-0.542347 -0.057633 -0.470230 -0.133969
-0.051101 -0.466454 0.752353 -0.635269
0.308760 -0.275224 0.768809 0.104781
0.785581 -0.128346 -0.437403 -0.674244
0.377827 -0.671821 0.435131 -0.332746
0.131912 -0.327983 0.361422 -0.204359
0.537366 0.082333 0.733444 0.048117
0.548651 -0.127049 -0.676476 -1.170111
0.175706 0.048763 -0.357922 0.526423
-0.134754 0.888616 0.326822 0.060379
0.047317 -0.312133 -0.180236 -0.965743
-0.272004 -0.830089 -0.397918 -0.161853
0.818321 -0.751556 0.380500 -0.190326
0.491381 -0.890475 0.320855 0.068967
1.196233 -0.361674 0.308532 0.155819
0.443279 0.586599 0.339973 -0.456314
0.954322 -0.626953 -0.253652 0.135616
0.053068 0.044445 -0.005780 -0.533385
0.581382 -0.763018 0.914194 -0.498236
0.443398 -0.200196 -0.200868 -0.371013
0.650825 -0.725752 -0.249946 -0.006528
0.388447 0.244944 -0.450563 -0.004317
0.114382 -0.070185 -0.061891 -0.373782
1.299459 -1.050662 0.693920 0.131231
-0.344148 -0.286514 -0.154703 -0.216158
0.540153 0.104709 0.065636 -0.309312
0.261330 -0.541968 -0.149920 -0.404386
0.208559 -0.309119 0.508136 -0.179654
0.262934 0.050072 0.045377 -0.016028
1.747001 -0.341140 0.246721 0.563367
0.597445 0.316681 0.529714 -0.235590
1.038474 0.308314 0.047069 -0.110499
-0.160919 -0.198104 -0.126513 -0.104122
0.168690 -0.394775 0.243755 -0.273827
0.158232 -0.899539 0.710866 -0.182771
-0.018234 -0.602788 0.188934 -0.253820
0.385567 0.186166 -0.447430 -0.564670
0.311732 0.085031 -0.396029 0.090395
1.099282 -0.344170 -0.253805 -0.516999
0.653479 -0.511196 -0.060898 -0.234950
1.061806 -0.174874 0.130178 -0.125335
-0.244158 -0.782371 -0.320426 -0.183158
-0.371385 0.475009 -0.268856 -0.447680
0.403676 -0.122821 -0.380824 -0.373672
0.682580 -0.528824 -0.860529 -0.612990
0.947985 -0.444913 -0.902015 -0.574673
-0.064479 -0.300006 -0.123445 -0.296322
0.426875 -0.759465 -0.125072 -0.229320
-0.021419 0.028387 0.465997 -0.654787
0.809235 -0.966914 -0.234998 -0.768082
0.880672 -1.062973 0.160680 -0.080434
0.502911 -0.385877 -0.167380 -0.539402
0.307653 0.011432 -1.294568 -0.512782
0.643274 -0.525578 0.306002 0.011447
-0.987878 -0.400185 -1.236043 -0.477994
0.797936 0.042620 0.235376 -0.374841
0.397361 -0.397258 0.273725 -0.093553
0.574241 -0.253270 -0.566846 -0.972582
0.989728 -0.081118 0.540729 0.102405
0.483923 0.064088 -0.682459 -0.518992
-0.205749 -0.083854 -1.452387 -0.459084
0.146451 0.043896 -0.542473 -0.501622
0.563845 -0.729248 -0.703642 -0.380896
0.206276 0.275827 -0.766675 -0.741631
-0.279844 0.559755 -0.050097 -0.736778
-0.251465 0.559232 -0.805182 0.047229
0.057045 -0.210799 -0.630000 -0.360533
0.261575 0.592188 -0.841266 -0.686125
0.106062 0.150203 -0.763856 -0.127203
0.173301 0.008744 -0.458277 -0.598411
-0.427498 -0.273864 -1.168532 -0.753508
1.007892 -0.873134 -0.319338 0.492578
-0.084808 0.286529 -0.361988 -0.717788
-0.435581 -0.613706 -0.722392 -0.959346
0.253613 1.030451 -0.218633 -0.704901
0.438739 -0.054657 0.016186 -0.106776
-0.102330 0.137818 -0.189865 -0.270455
-0.047040 -0.695033 -0.862345 -0.471317
0.500544 -0.705599 0.354935 0.077587
0.069008 0.154022 -0.145654 -0.149248
0.333851 0.134709 -0.018021 -0.357179
0.296506 -0.086341 0.600818 -0.338199
0.070446 0.181697 0.068436 -0.178730
0.218495 -0.531635 -0.617817 -0.302352
-0.412740 0.605648 -0.387078 -0.370205
-0.275624 -0.199468 0.367329 -0.680958
-0.139820 -0.306221 -0.050239 -0.011367
-0.950887 -0.118849 -0.157561 0.020786
-0.824572 -0.017915 0.036903 -0.411360
-0.259934 0.106312 -0.157380 -0.631127
-0.414575 -0.218264 -0.097010 0.020020
-0.602681 -0.444035 0.212771 -0.320384
-0.679391 -0.084024 -0.067987 -0.195203
-0.829000 0.064400 -0.589984 -0.002580
-0.939114 -0.345213 -0.111457 -0.303195
-0.886765 -0.071116 -0.180168 -0.007145
-0.729399 0.010215 -0.037195 -0.363249
-0.935841 -0.431248 0.202598 -0.308450
-0.934594 -0.191509 0.062398 -0.245210
-0.173226 0.041719 0.040952 -0.885212
-0.182362 -0.386765 0.260514 -0.351577
-0.456860 0.138343 -0.071864 -0.436417
-0.016987 -0.181773 0.110734 -0.837182
-0.638711 -0.047375 0.368653 -0.350950
-0.405083 0.165710 0.055400 -1.098961
-0.880879 -0.082962 -0.064836 0.006175
-0.388166 -0.455772 0.334836 -0.456210
-0.306675 0.476258 -0.112698 -0.508074
-0.212443 0.058635 0.081204 -0.303626
-0.810470 -0.312869 0.354207 -0.376591
-0.622888 -0.384891 0.547520 -0.362974
-0.710170 -0.428062 0.494660 -0.487724
-0.664206 -0.168838 -0.007421 -0.281682
-0.876805 -0.062658 -0.093345 -0.066617
-0.248029 -0.147827 -0.224217 -0.279362
