0.196912 -0.406899 -0.233320 0.245818
0.142573 -0.553578 -0.146435 0.160994
-0.486922 0.510810 -0.290206 -0.527267
-0.126326 -0.658304 0.137965 -0.337798
0.347302 -0.933031 0.010008 0.234045
-0.677924 -0.327789 -0.039452 -0.163627
-0.099908 0.312886 1.104409 -0.522037
0.263095 -0.632354 -0.157728 0.136744
0.608742 -1.020669 -0.600500 -0.035821
0.700257 -0.000710 0.171580 -0.316953
-0.144555 0.168320 -1.182182 -0.049909
-0.002683 -1.148115 0.090811 0.042090
0.032110 -0.418264 -0.712272 0.632587
-0.117966 -0.239016 0.035546 -0.426476
0.030267 -0.605875 0.715348 -0.062494
-0.655515 0.306755 -0.282683 0.018574
-0.578092 -0.541909 -0.288109 -0.513521
-0.573561 0.026951 0.084514 -0.591977
-0.105775 0.050225 -0.552348 -1.094628
-0.005107 -0.220474 -0.501102 -0.689273
-0.027883 0.121612 0.396757 0.034735
0.490453 -0.611987 -0.644509 -0.568515
0.266100 -0.263567 -0.238543 -0.013763
0.534790 -0.443504 -0.377595 -0.270074
0.878931 -0.067570 0.602080 0.140512
-0.372110 -0.323619 -1.047773 -0.505105
0.472626 -0.890713 0.474701 0.029158
0.495795 -0.785016 0.274128 -0.095340
0.321487 0.526378 0.239113 -0.215755
0.298037 0.270950 0.141346 -0.070257
0.432088 -0.244085 -0.199303 -0.149550
-0.196086 -0.145820 -0.034829 0.044148
0.459030 -0.493634 -0.830405 -0.118180
0.008492 -0.536249 0.355527 0.158931
-0.024692 -0.617125 -0.718313 0.053586
-0.003233 0.055543 -0.964840 -0.587595
1.329784 -0.495336 0.391118 0.173360
0.204781 -0.506245 0.259735 -0.209338
0.736963 -0.387664 -0.213173 -0.268536
0.318995 -0.158595 0.047204 -0.396608
0.170924 0.476502 -0.641805 -0.479247
-0.267240 0.335066 -0.731193 -1.374959
0.247371 -0.673095 -0.054780 0.359412
0.025507 -0.403017 -0.699067 0.061728
-0.417470 0.118437 -0.753658 -0.373468
1.075925 -1.074920 -0.727201 0.023945
0.222176 -0.120909 0.144390 -0.395760
-0.182975 -0.903494 -0.857454 -0.308471
0.160067 -0.951687 0.282631 -0.200707
0.406159 -0.223554 -0.081882 -0.143949
0.506746 0.281424 -0.053445 -0.409866
-0.186226 -0.084859 -0.398608 -0.303384
-0.124785 0.113076 -1.316501 -0.192600
0.262592 -0.098642 0.234235 0.086232
-0.020339 -0.254191 0.489277 -0.169946
0.261644 -0.645853 -0.612220 -0.610111
0.115950 0.966899 0.466641 -0.915578
-0.347565 0.603895 -0.367938 -0.799664
0.427775 -0.715713 1.090482 0.167617
0.421966 0.406969 0.351759 0.284860
0.318543 -0.229779 -0.675659 -1.086755
0.892799 -0.063473 0.163553 0.327516
-0.261561 -0.149633 -0.876091 -0.789699
-0.434562 -0.321436 -1.192161 -0.254335
0.573738 -0.906601 0.591885 0.187570
0.512574 0.436143 -0.496234 -0.151179
-0.642250 -0.079513 -0.482004 0.174552
-0.166030 -0.229849 -0.561361 -0.345946
-0.292317 -0.373840 -0.804525 -0.318888
0.138854 0.323394 -0.828589 -1.024650
1.103471 -0.339257 0.342317 0.080516
0.263684 0.301611 -1.363288 -0.632001
0.581179 -0.492313 1.005861 0.039498
-0.252694 -0.213571 0.676910 -0.653413
-0.105775 -0.352092 -0.259370 -0.892008
0.592159 -0.461904 0.646548 -0.395267
-0.298178 -0.351826 0.363083 -0.305894
-0.227483 -0.417816 -0.398807 0.274983
0.248151 0.525660 0.146421 -0.410538
-0.240878 0.152553 0.103908 0.316560
0.306414 -0.635778 0.131317 0.005580
-0.100877 0.183096 -0.739978 -0.279558
0.532325 -0.826188 -0.289889 -0.524253
-0.386930 0.056645 -0.691865 -0.611449
-0.264692 0.162666 -0.789937 -0.399157
0.546573 -0.505876 -0.122438 -0.740322
-0.395930 0.145510 0.522317 -0.594991
0.949013 -1.055556 -0.035170 -0.427249
-0.096670 -0.208689 -0.954153 -0.612832
-0.016146 -0.420237 -0.695832 -0.345379
0.026643 -0.114366 -0.146714 0.026212
-0.110498 -0.642417 -0.047975 -0.777070
0.448349 -0.680674 0.120128 -0.834516
0.002747 0.262166 -0.598468 -0.558584
0.130030 -0.245905 -0.390178 -0.093252
-0.270216 0.269361 -0.133665 -0.930968
-0.178447 0.414493 -0.937438 -0.897709
0.356757 -0.040098 -0.526098 -0.372038
-0.551068 -0.295202 -0.539622 -0.083539
0.534646 -0.285840 -1.065547 0.262957
0.368822 0.349834 -1.170624 0.396359
0.442857 0.190411 -0.035240 -1.131243
-0.064735 0.071854 -0.700181 -0.427413
-0.046210 0.709282 -0.624035 -0.446830
0.610039 0.004311 -0.698944 -0.959251
0.983139 -0.752693 -0.262124 -0.462445
-1.036762 0.301364 -0.290701 -0.298645
0.340104 0.153635 -0.488928 -0.260514
-0.767349 0.677029 0.475925 -0.923238
-0.713273 0.135893 -0.865001 -0.166136
-0.768955 -0.124848 0.073778 -0.325288
-0.766625 -0.408573 0.068380 0.102471
-0.737346 -0.110893 0.103472 -0.316595
-0.811723 0.020212 0.034945 -0.149037
-0.764780 -0.404579 0.203636 -0.248456
-0.951842 -0.082885 0.332498 -1.118488
-0.167848 0.008356 -0.307617 -1.007193
-0.591591 0.173224 0.436976 -0.616238
0.032114 0.185664 0.039544 -1.091140
-0.849414 -0.304994 0.424152 -0.517143
-0.286599 -0.036607 0.557778 -0.634089
-0.590877 -0.681297 0.123473 -0.391817
-0.875976 -0.386371 0.438226 -0.371150
-0.900768 0.166327 -0.175368 -0.147011
-0.532141 0.340462 -0.178119 -0.195717
-0.772812 -0.328413 0.306382 -0.489996
-0.669822 -0.243924 0.220994 -0.439723
-0.907248 -0.014648 0.101122 -0.212152
0.189599 -0.331292 0.120943 -0.021142
-0.777112 0.189524 -0.443662 -0.831759
-0.913722 -0.166542 -0.077777 -0.000110
-0.922134 -0.094334 -0.125954 0.088761
-0.575073 -0.534366 0.392773 -0.071234
-0.840652 -0.111215 -0.230154 0.209309
-0.807399 0.257384 -0.372397 -0.139715
-0.440518 1.146754 -0.759789 -0.483502
-0.771999 -0.317758 0.048193 0.051286
