0.600564 0.636859 -0.310392 -0.920201
0.000888 -0.847847 -0.159281 -0.755559
0.034457 -0.947210 -0.928389 -0.682200
0.575356 -0.341599 -0.178334 -0.328027
0.153858 0.165462 0.672249 0.102926
-0.074132 -0.943172 -0.277398 -0.033920
-0.320305 -0.635233 -0.310105 0.404269
0.520441 -0.160541 -0.351258 0.142145
0.193974 -0.424235 -0.634245 -0.018534
-0.169138 -0.697990 -0.519726 0.132985
-0.024624 -0.582643 -0.322891 -0.248896
-0.123349 -0.495404 0.240209 0.365461
0.156261 -0.901532 -0.254635 0.073417
-0.047631 -0.313721 0.061099 -0.077012
-0.635253 -0.064995 -0.511582 -0.290886
-0.210523 0.395691 -0.435867 -0.826770
-0.184622 -0.482278 -1.201423 -0.335855
-0.455666 0.347412 -0.908810 -0.216149
0.123737 -0.390650 0.104296 0.325460
0.072653 -0.815103 -0.348589 -0.018096
0.204599 -0.558912 -0.047837 0.408758
-0.171323 -0.682623 -0.352497 0.046972
0.105605 -0.473435 -0.361159 0.125819
0.295017 -0.991810 -0.137545 0.177117
0.038265 -0.392331 -0.099079 -0.582632
0.241577 0.041180 0.568595 -0.146704
0.806003 -0.354124 0.011848 -0.334292
0.276582 -0.139757 0.173055 -0.294875
0.309912 0.053392 0.137185 -0.290514
0.264267 -0.492990 -0.011272 -0.026921
0.301706 -0.473683 -0.013324 -0.583717
0.669570 -0.186562 0.903887 0.242391
0.616939 -0.035266 -0.565205 -0.224851
-0.328391 -1.006381 -0.629885 0.132513
1.038019 -0.068136 -0.220387 -0.620690
-0.149278 -0.319392 -0.425928 -0.726563
0.433815 -0.144941 0.132490 -0.198507
0.017214 -0.195186 -0.174468 -0.381392
-0.447886 -0.527836 -0.068785 0.230604
0.073416 -0.390181 -1.167824 -0.193085
-0.405327 -0.269219 -1.528060 -0.435903
-0.416982 0.602287 -0.362924 -0.290017
0.341218 -0.208132 -0.186997 -0.425691
0.118774 -0.887958 0.477092 -0.142922
0.412008 -0.040707 -0.108868 0.052514
-0.209131 0.002383 0.417945 -0.470362
0.273404 -0.436516 0.236672 -0.210325
0.614858 0.303539 0.511311 -0.489336
1.096956 -0.699798 0.062635 -0.331396
0.425135 -1.129844 0.484245 0.123407
-0.264778 -0.144803 -1.112842 -0.422993
0.399457 -0.603731 0.254996 -0.452644
0.314791 0.668071 0.286433 -0.079116
-0.729813 -0.181311 -0.930345 -0.651388
-0.225751 -0.249167 -0.575507 -0.327789
0.252869 -0.666769 0.199566 -0.227583
-0.245609 0.571247 -0.291760 -0.810204
-0.097374 0.206335 -0.161383 -0.596854
-0.414566 0.789272 -0.068015 -0.550487
-0.233445 0.679641 -1.389534 -0.250659
0.293449 -0.362418 0.101242 -0.094989
0.352872 -0.443876 -0.283878 0.059684
-0.000906 0.670731 -0.507304 -0.235099
0.255311 -0.956188 -0.724486 0.401973
0.415913 -0.129792 0.460467 -0.140519
0.424274 -0.584171 0.117951 0.220819
0.754026 0.141487 -0.061424 0.383411
0.145127 -0.183570 1.057824 0.148193
0.123635 0.588383 0.472364 0.071158
0.305480 -0.100459 0.140922 -0.643373
-0.841836 0.081104 -0.636548 0.103529
0.301313 -0.111874 0.125532 0.355521
0.091800 -0.420277 -0.094317 -0.169955
0.100936 -0.127711 -0.421305 -0.347725
0.660389 0.018671 0.194558 -0.090330
0.621130 0.049766 -0.460335 0.083612
0.873492 -0.070326 -0.276822 0.087207
0.005899 -0.662008 -0.085590 0.146825
0.512167 -0.191581 -0.155433 -0.129763
0.365030 -0.440752 0.660792 -0.106566
0.713488 -0.464116 0.353271 -0.129644
0.407670 -0.508763 0.308977 -0.206444
-0.266390 -0.725333 0.426928 -0.259704
1.241364 -0.983874 0.744198 0.733219
0.568148 0.179822 0.371546 -0.781920
0.989265 0.255534 0.632504 0.171676
0.814576 0.047494 0.096455 -0.589000
0.201225 -0.578131 -0.123980 0.101841
0.781710 -0.567538 0.249578 0.004473
0.136418 -0.006489 -0.399022 -0.071577
0.925660 -0.386357 0.429186 -0.301436
0.176708 -0.084357 -0.657044 -0.113720
0.730826 -0.247029 0.445180 0.230834
-0.232666 0.288572 -0.810125 0.086618
0.969095 -0.548662 -0.381561 0.115010
0.968353 -0.511486 -0.068479 -0.546870
0.386392 -0.032127 -0.545289 -0.130755
0.629153 -0.322105 -0.207606 -0.454115
0.424680 -0.303088 -0.048215 -0.518336
0.787719 -0.873482 0.322318 -0.543633
0.866425 -0.717712 0.147681 -0.203932
0.676133 -0.750161 -0.023030 0.205434
1.052859 0.027174 0.082629 -0.129451
0.871834 -0.405228 0.298732 0.064456
0.065936 0.114342 -0.078609 0.209607
0.258924 -0.660919 -0.560881 -0.229851
0.554986 0.451602 0.266605 -0.085128
0.869786 -0.069233 -0.224556 0.033760
0.554012 -0.424158 0.017171 -0.490348
0.188428 0.005067 -0.267380 -0.793702
0.766906 -0.763834 -0.080759 0.202320
0.701309 -0.813021 -0.119093 0.098576
0.226521 -0.689264 -0.188671 0.085571
0.552195 -0.371283 -0.608617 0.011976
0.809766 -0.481519 0.122052 0.190387
1.173834 -0.682554 0.115500 -0.480639
0.290594 -0.189538 -0.647230 -0.542684
0.439894 -0.151040 -0.243458 -0.466415
0.806245 -0.706776 0.652732 -0.000857
0.667964 -0.204053 -0.415774 0.127258
-0.107460 -0.142604 -0.293325 -0.129977
0.542701 -1.012176 -0.486704 -0.197613
0.300227 -0.174166 0.056575 0.343286
0.935118 -0.295242 -0.118256 -0.146375
-0.478107 0.530676 0.405226 -1.043921
0.221330 -0.141691 -0.129940 -0.293617
0.009690 -0.755320 -0.458699 -0.681734
-0.332324 -0.394308 -0.047687 0.011193
0.536724 -0.369962 -0.341622 -0.074724
0.441352 0.194671 -0.584919 -1.195308
-0.170688 0.032545 0.022408 -0.149782
-0.615498 -0.047566 0.816726 -0.685511
0.780428 -0.172635 0.692849 -0.009354
-0.657996 -0.136589 0.317779 -0.085303
-0.645617 -0.314639 0.185532 -0.300908
-0.680395 -0.442534 0.380246 -0.411051
-0.848628 -0.193804 0.016138 -0.329846
-0.834491 -0.233261 0.158993 -0.427091
-0.874939 -0.317186 0.171583 -0.473474
-0.892886 -0.163530 0.093522 -0.243844
-0.785571 -0.031894 -0.048933 -0.199230
-0.762316 -0.323888 0.248506 -0.287149
-0.794775 -0.213726 0.120618 -0.408794
-0.817715 -0.227863 0.009619 -0.296197
-0.858429 -0.076066 -0.120948 -0.099458
-0.841211 0.101249 -0.238673 -0.060956
-0.878813 0.049791 -0.243768 -0.047613
-0.789575 -0.514694 0.133526 -0.476046
-0.759668 -0.229342 0.305293 -0.226712
-0.904178 -0.005421 -0.540203 0.197634
-0.234537 0.348200 -0.692102 0.441663
-0.891760 -0.121570 -0.121163 -0.044838
-0.867239 -0.259006 0.236882 -0.158871
-0.917506 -0.123461 -0.102255 -0.013289
-0.718779 -0.393939 0.370668 -0.331214
-0.882428 -0.128740 -0.039792 0.039230
0.641489 0.141444 -1.091747 -0.177466
-0.850601 -0.172456 -0.166374 0.199184
0.053051 -0.235445 0.792073 -0.505024
-0.941073 -0.118587 -0.164649 0.043340
