0.598032 0.304357 0.080093 -0.196443
0.191430 0.173082 -0.569280 -0.864129
0.882809 -1.038894 -0.078322 -0.092342
0.358004 0.361114 0.200202 -1.027966
0.354629 -0.393884 0.589465 0.041708
0.520050 -0.528821 0.083564 -0.295962
0.210309 0.146497 -0.231767 -0.450003
-0.365770 0.564096 -0.351973 -0.988724
0.272613 -0.489499 -0.093661 0.165064
0.490086 0.332392 -0.402935 -0.461696
1.534354 -0.645988 0.577298 -0.065128
0.683229 -0.391976 0.000389 0.397365
0.747702 -0.702313 1.003769 -0.018195
0.934020 -0.311582 0.329828 -0.421147
0.077014 -0.420121 -0.387868 -0.495243
0.796142 -0.574336 0.540249 -0.122741
1.514546 -0.802369 0.730524 0.473914
0.055863 0.431414 0.457757 -0.234591
-0.113728 -0.644597 -1.410832 -0.614192
0.736942 -0.241516 -0.591315 -0.506567
-0.060947 0.767270 -0.331710 -0.961781
0.177330 0.384065 -1.219764 -0.475595
0.254409 0.752752 0.268094 -0.699848
0.322761 0.511134 -0.336834 -0.518838
-0.066038 0.198141 -0.272088 -0.946034
0.227858 0.193478 -0.508081 -0.555413
0.364956 0.537078 -0.445026 -0.673094
-0.631297 -0.702888 -0.341079 -0.760116
0.140747 -0.752715 -0.375032 -0.160194
0.277462 0.105137 -0.690078 -1.097646
-0.360242 -0.458854 -0.276848 -0.633737
-0.410792 -0.619993 -1.094298 -0.003111
0.440676 0.529514 -0.967499 -0.154687
-0.611743 0.724993 -0.145268 -0.201669
-0.139919 -0.265500 -0.223048 -0.312256
-0.225771 -0.426846 -1.017467 -0.071893
-0.428067 0.422849 0.088330 -0.959131
0.241518 -0.615540 -0.131145 0.175660
-0.654865 0.685209 0.177705 -0.314409
-0.154980 -1.028207 -0.351104 -0.002717
-0.237706 0.967528 -0.167233 -0.377151
-0.133150 -0.543850 -0.674178 0.018716
-0.096143 0.138588 -0.172144 -1.080949
-0.803560 0.126512 -0.316307 -0.958319
-0.431595 -0.757097 -0.980285 -0.015101
-0.182426 0.046724 -0.655396 -0.351784
-0.306669 -0.297886 -0.717492 0.000588
0.339908 -0.397614 -0.046092 -0.676496
0.224378 -0.066401 -0.158296 -0.578726
-0.040851 0.015934 0.110645 -0.296623
0.314164 -1.338932 -0.378334 0.005385
0.562734 -1.009765 0.294694 -0.256367
0.469835 0.205094 -0.105267 -1.160145
-0.066085 -0.313119 0.426194 -1.140056
0.132179 0.197370 0.076090 -0.925388
0.755517 0.435793 -0.059898 -1.041625
0.452047 -0.175508 -0.617343 -1.077203
0.153304 0.436841 -0.107098 -0.746710
0.488898 0.285076 0.517942 -0.491215
-0.228922 -0.113093 -0.390194 -0.620548
-0.049001 0.463831 -0.610432 -0.762005
0.464776 0.145772 0.131567 -1.189046
0.151054 0.144110 -0.840325 -0.457631
-0.091373 0.748037 -0.181605 -0.722447
-0.099702 0.084449 -1.102959 -0.822504
-0.312514 0.577071 -0.597099 -0.992382
-0.374092 0.044394 -0.696457 -0.907526
0.273162 0.322402 0.164069 -0.795422
-0.119556 -0.297946 -0.481502 -1.016287
0.111635 -0.549937 0.159271 -0.056096
-0.058602 -0.162440 0.265520 -0.419214
0.113042 0.712560 0.172129 -0.753534
-0.059829 -0.120025 -0.130921 -0.806277
-0.106284 -0.960933 -1.240824 -0.367370
-0.036569 -0.500335 0.365113 -0.742978
0.029107 -0.915401 -1.205273 -0.299136
-0.318843 -0.487520 -1.057111 -0.796001
-0.578690 0.022163 -1.227872 -0.545822
-0.098067 -0.520920 -1.153677 -0.694679
-0.110736 -0.188652 -0.707369 -1.222093
0.093798 -0.954708 -1.037179 -0.648803
0.023263 -0.283704 -1.208847 -0.185142
0.004136 0.039777 -1.286863 -0.206404
0.029751 0.158637 0.279773 -1.028050
-0.505981 -0.166247 -0.992412 -0.639854
0.191158 0.263347 0.753967 -0.404480
0.115074 0.743212 -0.681607 -0.776558
0.438397 0.311672 0.093933 -0.314253
0.166836 0.307895 -0.525535 -0.255453
0.729287 -0.153636 -0.252134 -1.350240
0.322874 0.607671 0.034276 -0.561828
0.280918 -0.236457 0.338837 -0.115530
0.388745 -0.058708 0.709851 -0.214767
0.903726 0.032605 1.085750 0.055551
-0.042055 -0.494378 -0.380376 -0.474924
0.240369 -0.656584 -0.317608 0.094492
0.099720 -0.747224 -1.117921 -0.424972
0.004159 -0.483665 -0.348475 -0.080778
-0.249871 -0.670999 -1.166607 -0.797434
0.015632 0.076375 0.098933 -0.210338
0.549289 0.118016 0.207106 -0.081461
-0.004092 0.039359 -0.360816 -0.615937
0.134302 0.213631 0.022386 -0.672299
-0.026342 0.056452 -0.464743 -0.583149
0.280725 -0.121379 -0.596924 -0.696573
-0.405998 0.307413 0.134389 -0.864983
0.736942 -0.241516 -0.591315 -0.506567
0.125847 -0.596530 -0.330311 -0.556977
-0.136889 0.230290 0.119521 -1.039936
-0.075895 0.556550 0.163549 -0.815818
0.426440 -0.406940 -0.110394 -0.845698
-0.026341 -0.415390 0.263349 -0.321870
0.076076 0.003369 -0.717593 -0.573186
0.143701 -0.600401 -0.818833 -0.965746
0.283730 0.148860 0.453373 -0.483113
0.248708 -0.083964 -0.907377 -1.165805
0.930987 0.079326 -0.451968 -0.586713
1.017915 -0.081603 -0.097654 -0.906352
0.302185 0.121832 -0.285252 -0.888317
-0.021263 -0.007941 -0.483543 -0.724591
-0.433304 0.475291 -0.729830 -0.558735
0.080915 0.070520 -0.511283 -0.829440
0.533294 0.002241 0.597253 -0.940749
0.435416 -0.597461 0.684221 -0.011311
0.635084 -0.558999 0.550644 -0.093213
0.190160 0.139318 0.132113 -0.261419
0.413014 -0.142430 -0.445306 -0.692131
0.858350 -0.229499 0.212915 -0.665102
0.501257 -0.560869 0.165023 -0.408359
-0.522511 -0.475296 -0.766743 -0.506956
-0.678289 -0.445246 0.124302 -0.779434
-0.046185 0.126480 -0.507546 -0.801988
0.754341 -0.470687 0.454597 0.594449
0.528978 -0.090514 0.899723 0.067355
-0.645184 0.166577 0.262357 -0.642708
0.644690 -0.637036 0.460937 -0.028103
0.287282 -0.385637 0.113593 -0.429837
-0.251716 -0.401724 0.051051 -0.559701
0.356432 -0.753005 -0.604758 -0.315897
0.449598 0.665156 0.095921 -0.162672
0.259971 -0.121989 0.200189 -0.184766
0.961407 -0.927668 -0.259119 0.250064
0.718222 -0.852669 1.144294 0.141454
0.683058 -0.157490 -0.819844 -0.180348
0.241385 -0.613221 -0.758651 0.236661
0.323436 -0.359765 -0.486051 -0.260184
-0.220005 -0.499781 0.123540 -0.366016
0.549851 -0.069447 0.191707 -0.285971
0.311170 -0.861351 -0.017918 -0.606103
0.782927 -0.231044 0.231348 0.317550
0.789397 -0.496322 0.411717 -0.438513
0.361866 -0.465552 0.431287 -0.851662
1.302407 -0.592801 0.476174 -0.178555
0.469564 -0.226762 0.485996 -0.252183
-0.133781 0.615539 -0.986911 -1.203552
-0.458546 0.127990 -0.607002 -1.063108
0.426223 -0.466669 -0.186382 -0.228780
-0.203722 -0.304316 0.187167 -0.583196
0.283730 0.148860 0.453373 -0.483113
0.972139 -0.133496 -0.606806 -0.771979
0.251934 -0.167606 0.211237 0.055901
0.863363 -0.144428 0.299256 -0.026158
0.264113 0.487952 -0.685970 -1.211753
0.145372 -0.128018 0.179164 0.190851
-0.410792 -0.619993 -1.094298 -0.003111
1.169939 -0.466215 0.346709 0.230370
-0.273852 -0.553774 -0.281074 -0.611892
0.576961 -0.502523 0.128597 -0.014503
-0.991207 0.012777 -0.139143 0.005180
-0.471791 -0.280715 -0.139786 -0.217321
-0.922631 0.103447 -0.138738 -0.190215
-0.894122 -0.071739 -0.237152 -0.069610
-0.698260 -0.213133 -0.345704 0.019593
-0.909756 0.020516 -0.077033 -0.170749
-0.939476 -0.052219 0.044329 -0.090313
-0.966252 -0.117383 -0.021071 -0.321528
-0.805886 -0.081968 0.121677 -0.394834
-0.617254 0.024290 -0.028850 -0.298237
-0.813397 -0.155093 0.018978 -0.289048
-0.711519 -0.319524 0.229994 -0.429029
-0.688333 -0.289556 0.220093 -0.148243
-0.987875 -0.053248 -0.120162 -0.071182
-0.893585 -0.102466 0.046209 -0.043279
-0.890439 -0.075313 -0.080945 -0.078334
-0.745773 -0.193597 0.131448 -0.191907
-0.785333 -0.416134 0.054203 -0.056687
-0.814248 -0.278598 0.164079 -0.248488
-0.693856 -0.452933 0.541663 -0.443687
-0.781604 -0.183716 0.141816 -0.392295
-0.587880 -0.495696 0.725720 -0.414079
-0.607991 -0.497359 0.514716 -0.242912
-0.801038 -0.285298 0.067190 -0.103366
-0.862236 -0.183336 0.173261 -0.381998
-0.900005 -0.131856 0.139856 -0.133183
-0.813601 0.178444 -0.051734 -0.284024
-0.881854 -0.238545 -0.003946 -0.007911
-0.558982 0.094349 0.020770 -0.666234
-0.809137 -0.157010 0.124207 -0.435011
-0.687688 -0.391534 0.557299 -0.284817
-0.863837 0.021435 -0.227345 -0.074881
-0.976743 0.147046 -0.256073 -0.283129
-0.848749 -0.309467 0.204908 -0.302734
-0.790918 -0.209524 0.115096 -0.162150
-0.893780 -0.150291 0.095761 -0.204140
