0.696582 0.307507 -0.292951 -0.757866
0.507317 0.275031 0.033944 -0.368588
-0.595340 -0.562582 -0.529144 -1.211761
-0.129709 0.166278 -0.591336 -0.499061
-0.248991 0.623605 -0.510964 -0.741841
0.161381 0.097897 -0.500004 -0.038705
0.614174 -1.123503 -0.517034 0.123841
0.670368 -0.682141 -0.673569 -0.218462
0.398818 0.183101 -1.080119 -0.473086
0.947502 -0.438578 0.318087 -0.686206
-0.513220 0.037603 -0.322722 -0.721604
0.309719 -0.264678 0.392153 -0.516626
-0.050595 -0.583165 -1.254248 -0.237872
-0.725678 0.190423 -0.512532 -0.829402
-0.050993 -0.238047 -1.012575 -0.596469
-0.349385 -0.656170 -1.335414 -0.122059
-0.361781 -0.952638 -1.476913 0.019074
-0.312129 -0.611216 -1.483456 -0.116842
-0.287511 0.060440 -0.561370 -0.687358
-0.432012 0.498728 0.303357 -0.375358
-0.130414 0.172517 0.285699 -0.953892
-0.234318 -0.167913 -0.529531 -0.501258
-0.021938 0.178030 -0.275243 -0.501516
0.660365 -0.317083 -1.249762 -0.989342
-0.192203 -0.093209 -0.587351 -1.013735
0.408869 -0.403940 -0.406134 -0.522138
0.416992 -0.902952 -1.481956 -0.696103
0.189328 -0.985732 -1.425274 -0.577651
-0.032923 -0.250165 -0.640402 -0.628805
0.575438 -0.641523 0.113369 -0.335935
-0.166137 0.204597 -0.332002 -1.038531
0.332298 0.403016 -0.048104 -1.120983
0.506430 -0.540640 -0.566978 -0.095588
0.730821 -0.477755 0.343488 -0.512407
-0.230199 0.422741 0.057742 -1.177644
-0.011169 0.621787 -0.416138 -1.177026
-0.061752 -0.011500 -1.249271 -0.999218
-0.006909 -0.228456 0.273053 -1.173947
-0.331640 0.792277 0.057255 -1.163281
-0.108104 0.421245 -0.144232 -0.677522
0.221036 -0.398437 -0.049343 -1.335845
0.377862 -0.504297 0.009713 -1.001249
0.552814 0.159524 -0.544338 -0.203361
-0.287837 0.225110 0.261426 -0.703682
-0.394576 -0.184988 -1.056405 -0.743834
-0.138593 0.191180 -1.002059 -0.724051
-0.290884 0.182106 -1.017043 -0.025576
-0.159987 -0.371848 -1.204067 -0.260375
-0.257206 -0.479714 -1.235173 -0.824757
-0.465494 -0.260007 -1.276787 -0.628995
0.283936 0.359998 0.066450 -0.453106
0.013744 -0.513384 0.389996 -0.413785
0.197170 -1.202042 -0.885691 -0.023796
0.245237 -0.550248 -0.406612 -1.356997
0.083233 -0.116709 0.092796 -0.076406
0.138289 -0.181516 -0.365445 -0.509620
-0.161027 -1.117421 -0.806871 0.240915
-0.457091 -0.078918 -1.019753 -0.415519
-0.403335 0.491501 -0.368420 -0.618885
-0.790673 0.609134 -0.636082 -0.343678
-0.019288 -0.498042 -0.889172 -0.248995
0.246744 -0.299440 -0.723209 -0.407388
-0.584392 -0.029237 -0.639646 -0.344954
-0.341292 0.222738 -0.477058 -1.121703
0.379276 -0.297010 -0.488977 -0.198464
-0.056087 0.016979 0.118485 -1.007090
-0.719935 0.418533 -0.018683 -0.806187
0.030888 -0.286831 -1.029089 -0.285314
0.434436 -0.420321 -0.660943 -0.596419
1.445394 -0.204044 -0.327527 -0.156426
0.119017 0.628511 0.392199 -0.404934
1.278653 0.204617 0.093161 -0.095844
0.147505 0.081911 0.141714 -0.619793
0.114516 -0.361822 0.361048 -0.645028
-0.109299 -0.086142 0.112823 -0.527620
-0.173626 -0.037965 0.432571 -1.235617
-0.038090 0.041876 0.771120 -0.874069
0.130542 0.709415 -0.536997 -0.403158
0.247935 0.436033 0.170161 -0.855857
0.033970 -0.444320 0.387489 -0.262196
0.620788 -0.134888 0.506754 -0.223953
0.151145 -0.011369 0.354812 -0.812443
-0.433832 0.540186 -0.226678 -0.820686
0.439185 -0.419295 0.359088 -0.323191
0.396544 -0.183051 0.675032 -0.828937
0.744489 -0.393908 0.507799 0.127343
0.439852 -0.539061 0.458707 0.055192
0.547820 -0.452060 0.403038 -0.246169
1.120715 -0.359391 0.472497 -0.020492
0.804335 0.718313 -0.197628 -0.746942
0.888203 -0.920527 0.218734 -0.533428
0.436161 0.104250 -0.069182 -0.141333
0.370851 0.666006 -0.060433 -0.131498
0.582203 -0.720711 0.156723 -0.101678
1.192842 -0.405208 0.371942 0.070241
0.225158 0.088645 -0.275989 -0.654611
-0.545343 -0.178870 -1.259607 -1.370314
0.653152 -0.771501 0.037543 -0.344455
0.366573 -0.891737 0.047325 -0.699163
0.621092 -0.305756 0.634926 -0.530532
-0.040536 0.078469 0.108753 -0.385839
0.861594 -0.027638 0.343430 -0.394127
0.563283 0.153755 -0.091060 -0.698417
1.396809 0.165650 0.249349 0.026060
0.687711 -0.259567 0.214570 0.306894
0.239982 0.250000 0.321004 -0.542565
1.345901 0.473711 -0.125452 0.029421
0.241661 -0.000732 -0.166248 -0.038023
0.935299 -0.213910 0.426746 -0.449837
0.824708 -0.717930 0.310589 -0.217961
0.663202 -0.007184 0.006724 0.334466
1.037790 -0.407039 0.609477 -0.420785
-0.135669 0.278639 -0.536413 -0.427477
0.369110 -0.144161 0.050336 -0.569818
1.543161 -0.176658 0.180294 0.334863
0.700478 -0.680364 0.632581 0.180439
-0.311627 -0.547914 0.255376 0.183333
-0.338799 -0.299398 0.203419 -0.810998
0.312828 -0.719382 0.566461 0.130634
1.273355 -0.521133 0.373539 0.138015
0.656977 -0.956925 -0.028055 0.331559
0.144317 0.038119 0.402521 -0.276881
0.992053 -0.822849 0.706306 -0.113377
0.484614 0.557407 -0.048281 -0.347726
-0.199134 -0.279898 -0.344233 -0.216489
-0.263598 -0.230420 -1.304192 -0.167685
0.099589 -0.110585 -0.962307 -0.057074
0.424416 -0.041060 0.471971 -0.529287
0.351126 -0.516601 -0.217090 -0.171431
0.130542 0.709415 -0.536997 -0.403158
-0.561196 0.609184 -0.905206 -0.266373
-0.223120 -0.233388 -0.001467 -0.797547
-0.583448 0.168548 -0.736275 -0.662946
-0.371550 -0.393743 -0.241317 -0.892917
-0.042818 -0.416793 -1.019011 -0.420412
-0.219753 -0.534458 -1.306535 -0.301026
0.514031 -0.027080 -0.246635 -0.630735
0.942550 -0.357137 -0.061901 -0.401415
0.356231 0.590253 0.605527 -0.476371
-0.254111 0.153359 0.145767 -0.831085
-0.021288 0.307032 -0.866597 -0.998356
-0.678512 -0.357563 -1.137740 -0.776323
-0.300214 -0.137709 -0.949848 -0.434547
0.196257 0.035693 -0.481708 -1.156614
0.562025 0.004520 -1.024914 -0.734106
-0.080094 0.094718 -0.243403 -0.948960
0.423138 -0.187495 0.149564 -0.672667
0.316764 0.054504 -0.461777 -0.559343
0.353329 -0.264582 0.120412 -0.417150
-0.086901 0.208831 -0.960562 -0.310422
-0.103735 0.158955 -0.050747 -0.656170
-0.092501 0.421496 -0.119662 -0.806895
-0.057465 0.410699 -0.072007 -1.049394
0.055165 0.058983 -0.364139 -1.024678
0.025432 0.342656 -0.438623 -0.996732
-0.047905 0.135144 -0.722934 -0.927842
-0.074815 0.408892 -1.338839 0.078485
1.354547 -0.234495 -0.823858 -0.812723
0.022291 -0.046004 -0.784248 -0.737077
-0.042926 0.454676 -1.216580 -0.534417
-0.113611 -0.092592 -1.187175 -0.261670
-0.110164 -0.145583 -0.605600 -1.063808
-0.564006 0.098071 -0.529954 -0.234478
-0.695271 -0.055030 -1.239435 -0.284249
-0.599848 -0.239443 -0.768205 -0.374103
0.198130 -0.203683 -0.696549 -0.328492
-0.204745 -0.512048 -0.404668 -0.368154
-0.661788 -0.360818 0.255542 -0.409614
-0.593192 -0.427294 0.482562 -0.354085
-0.828253 0.027823 -0.008451 -0.247481
-0.252635 0.719364 -0.960988 -1.138800
-0.679822 -0.158135 -0.252430 -0.675941
-1.069310 0.101983 -0.064827 -0.392761
-0.643965 -0.437609 0.370898 -0.702102
-0.864584 0.295345 -0.017684 -0.456744
-0.622764 -0.411173 0.596283 -0.387162
-0.597114 0.351874 -0.577947 0.011101
-0.875422 0.065904 -0.448245 0.159804
-0.878496 -0.420338 0.591484 -0.563646
-0.725001 -0.083918 0.029411 -0.281090
-0.813257 0.130559 -0.708371 0.173173
-0.529572 0.091734 -0.128883 -0.742440
-0.737418 -0.468043 -0.010954 0.235527
-0.842861 -0.141333 0.017969 0.048556
-0.721895 0.007692 0.508191 -0.548195
-0.688572 -0.211027 0.088267 -0.358790
-1.028879 0.070773 -0.024944 -0.246198
-0.923135 0.002304 0.173411 -0.753816
-0.794610 -0.169861 -0.010375 -0.007971
-0.878279 0.320263 -0.288929 -0.127713
-0.858822 -0.065625 -0.032980 -0.196314
-0.675005 0.455491 -0.226906 -0.592374
-0.758645 0.153604 -0.382384 0.004325
-0.689279 0.159990 -0.958456 0.182664
-1.056118 -0.383562 0.103337 0.154409
-0.712937 -0.307621 0.147964 -0.210705
-0.515444 -0.013932 0.201771 -0.550096
-0.889500 -0.120515 -0.071822 -0.210002
-0.908158 -0.044184 -0.051516 -0.020427
-0.908012 -0.251904 -0.067092 0.085736
-0.820113 -0.176900 0.133169 -0.202589
