0.404579 -0.161533 -0.130373 -0.069513
-0.420760 0.048619 -0.021737 -0.152695
0.326356 -0.676714 0.599501 0.270893
-0.374067 0.044856 -0.446066 -0.632159
-0.293142 0.531678 -0.442295 -0.546195
-0.557439 -0.217948 0.522625 -0.140669
0.246105 -0.579910 0.605605 -0.207188
0.622114 -0.569069 -0.376938 0.206581
0.297469 -0.032170 0.133743 -0.174884
0.843141 -0.772770 0.568098 0.329641
-0.569870 -0.331246 0.116496 -0.321187
0.059802 -0.693092 -0.437730 0.321190
0.279465 -0.369783 -0.462754 -0.216668
0.059784 -0.517781 -0.384636 -0.355687
-0.261264 -0.203071 0.120286 -0.035601
-0.004617 0.129563 -0.321355 -0.762771
0.070644 -0.499454 -0.172142 0.122558
0.098930 -0.055253 0.312925 -0.405105
0.316572 -0.462269 -0.024773 -0.057835
0.607447 -0.404967 0.067501 0.294868
0.182999 0.098016 -0.183859 -0.151426
-0.265976 -0.156739 -0.326009 -0.356873
0.521363 -0.840276 -0.342541 -0.143037
0.061936 0.187309 -0.085408 -0.754891
0.518018 -0.552016 0.724694 0.275401
-0.687628 -0.284269 -0.995483 -0.210607
-0.257445 -0.066538 0.025794 -0.684240
-0.009784 -0.118654 -0.431683 -0.324080
0.889964 -0.195620 0.025082 0.081031
0.245308 -1.223718 0.034948 0.096354
-0.562590 0.545471 0.140351 -0.314227
0.728117 -0.646445 0.313658 0.151916
-0.057292 0.136197 -1.017903 -0.771173
0.817713 -0.345507 -0.033462 0.423625
-0.282799 0.161917 -0.777490 -1.095770
0.521962 -0.504519 1.012021 -0.609596
0.131869 -0.064150 -0.378077 -0.628439
0.065106 0.498335 -0.962471 -0.670318
0.754805 -0.812745 0.690664 -0.426877
-0.109144 0.776887 -0.052322 -0.672053
0.426077 -0.182049 -0.523239 -0.709988
0.397085 0.465940 -0.274870 -0.360829
0.408388 0.033057 0.317978 -0.412629
0.955428 -0.552838 -0.183076 -0.277451
0.081510 -0.627979 -0.338684 -0.669165
0.637906 -0.134698 -0.738140 -0.456052
0.112564 0.010366 0.417588 0.248515
-0.174697 0.505825 -0.504779 -0.674417
0.326734 -0.601059 0.466682 -0.122209
0.296800 -0.670084 0.294815 0.078987
-0.172325 -0.258913 0.160578 0.056642
0.403721 -0.842557 0.535117 0.018622
0.401878 -0.849363 -0.578348 -0.501547
0.737042 -0.679503 0.442574 0.065603
0.892462 -0.634457 0.486086 0.204136
-0.217475 -0.432832 0.080027 -0.123341
0.511134 -0.875518 0.352731 0.473021
0.783221 0.382642 0.686595 0.357166
0.099153 0.121224 0.574470 -0.414330
0.052592 0.271949 -0.472290 -1.040493
0.399528 -0.081986 0.343792 -1.127775
0.291313 -0.435981 0.563908 -0.230163
0.318017 -0.704630 0.828629 -0.882267
1.266558 -0.554902 0.613003 0.073044
0.319013 -0.728983 0.082700 -0.144461
1.091410 0.002364 0.875287 0.222425
0.720806 0.019382 -0.993995 -1.316760
-0.221303 -0.429716 -0.113376 -0.167675
0.233837 0.135904 0.619023 -0.615053
-0.610129 0.006676 0.015336 -0.538908
-0.332301 0.383419 0.397731 -0.404416
-0.486355 -0.206017 -0.438955 -0.358686
-0.437414 0.123171 -0.397214 -0.592000
-0.246945 0.460635 0.341791 -0.555616
-0.333545 -0.211165 -0.515547 -0.788692
0.115943 0.165288 -0.900765 -1.001467
0.591325 0.123682 -0.375250 -1.285746
0.165569 -0.110733 0.381260 -0.287872
-0.011403 0.152322 0.156741 -0.712996
-0.435907 -0.560298 -0.900357 -0.697483
-0.164999 0.194244 -0.929253 -0.883205
0.126352 -0.566428 -0.656526 -1.071563
-0.316291 -0.558695 -1.151765 -0.346741
-0.601659 0.497272 -0.073524 -0.972816
-0.098610 0.419577 -0.733783 -1.019426
0.086676 0.192227 -0.485187 -1.049805
-0.695563 -0.262157 -0.336844 -0.208932
0.380563 -0.445420 0.192960 -0.183759
0.055911 -0.461629 -0.853255 -0.735815
-0.503074 -0.509031 -0.897150 -0.213114
0.024039 -0.269751 0.056662 0.303311
-0.177896 -0.621452 -0.170005 0.053940
-0.323535 -0.484415 -0.702118 -0.297375
-0.258349 -0.754533 -0.041095 -0.072272
-0.093278 -0.250315 -0.407219 -0.043956
-0.419078 0.437103 -0.054354 0.063879
0.023078 -0.538177 -0.575880 -0.114967
-0.209052 0.110718 -0.167885 -0.567791
0.422046 0.018372 -1.035002 -0.689545
-0.588548 -0.778705 -0.103971 0.019323
0.113596 -0.804610 -0.377055 0.152382
-0.400279 -0.154665 -0.901546 -0.151177
-0.498959 -0.579094 -1.046166 0.111712
-0.815927 0.006731 -0.093974 -0.164071
-0.731416 -0.281598 0.004465 -0.443195
-0.892328 0.406297 -0.269062 -0.770456
-0.616737 0.291355 0.100608 -0.962053
-0.739381 -0.313792 0.158504 -0.284607
-0.736137 -0.184550 0.301044 -0.444219
-0.159939 -0.210200 0.026191 -0.587386
-0.809295 -0.336520 0.626814 -0.480355
-0.532023 0.001687 0.108269 -0.583613
-0.864945 -0.194680 0.007155 -0.221021
-0.252148 -0.302502 0.168676 0.050360
-0.822434 -0.356348 0.082578 0.298424
-0.344510 -0.690210 -0.065293 -0.143221
-0.695388 -0.434765 0.376168 -0.355860
-1.002394 -0.027132 0.300569 -1.105480
-0.693573 -0.431772 0.374008 -0.303308
-0.278074 0.008459 0.069959 -0.870289
