0.625830 -0.318779 0.221083 -0.001063
0.498373 -0.685588 -0.261610 0.280262
-0.138838 -0.168141 -0.728951 -0.522864
-0.104566 -0.288193 -0.892786 -0.259415
-0.358127 0.047684 -0.390317 -0.483420
-0.360365 -0.101479 -0.689926 -0.677583
-0.288425 0.250255 -0.836894 -0.713141
-0.190006 0.254236 -0.300521 -0.597820
0.209391 0.229394 -0.648965 -0.275432
0.537897 0.009134 -0.256434 -0.179051
-0.368043 0.416414 -1.804398 -0.354893
-0.506190 -0.214932 -0.717955 -0.835002
-0.376679 0.224522 -0.609637 -0.880030
0.229569 0.280064 -0.564614 -0.519020
0.363961 0.501475 -0.837668 -0.743405
-0.507147 0.101116 -0.327313 -0.960199
-0.306037 0.056528 -0.275821 -0.797633
0.217188 0.520622 -0.294551 -0.368114
-0.278455 -0.252301 -0.703815 -0.880466
0.614058 -0.314415 -0.116480 -0.283987
0.573340 -0.331366 0.196607 -0.326197
0.601684 -0.562933 0.186809 -0.338429
-0.502269 -0.039555 -0.943424 -0.965127
0.873006 -1.045378 0.387861 -0.590930
0.565668 -0.394856 -0.196166 -0.588970
0.074220 -0.885637 -0.844294 0.158627
0.962367 -0.557398 0.694759 0.047705
0.194781 -0.884888 -1.149946 -0.257887
-0.135584 -0.744032 -1.188158 -0.119317
-0.099159 -0.526546 -1.240908 -0.654671
-0.228899 -0.102646 -1.196741 -0.006835
-0.158377 -0.378759 -0.620830 -0.301819
-0.409489 -1.070069 -0.296973 0.006117
-0.208365 -0.460341 -0.113708 -0.124277
-0.192853 -0.503229 -0.197459 -0.138030
0.222096 0.394555 -0.362898 -0.676657
-0.073706 -1.016820 0.262155 0.064603
0.294788 -0.358300 -0.104287 0.089137
1.348207 -0.008010 0.378432 0.084089
0.401649 -0.213407 0.006064 -0.821065
-0.360739 0.005491 0.410013 -0.049032
-0.761089 -0.455413 -0.424770 -0.320561
0.187814 -0.477357 0.383104 0.253033
0.126901 0.072342 -0.117038 -0.060549
0.455300 -0.335176 0.296939 -0.610273
0.184913 -0.734582 0.602453 0.073054
0.308841 -0.052921 -0.116710 -0.102903
-0.188182 -0.389693 0.444022 -0.727256
-0.158082 -0.226950 -0.152482 -0.008515
0.334750 -0.270998 0.294022 0.199331
-0.776020 0.356423 0.736670 -0.516760
-0.066721 -0.063372 0.222954 -0.745049
-0.083089 -0.288763 0.439122 -0.645017
0.344327 -0.749408 0.188977 0.162635
0.349592 -0.821786 -0.088486 -0.051617
-1.157737 -0.334680 0.047005 -0.472586
0.385663 -0.081030 -0.727640 -0.466882
0.882988 -0.468969 -0.287270 -0.180479
0.845678 -1.009229 0.772808 -0.106619
-0.042415 -0.624461 0.071984 -0.013314
0.237585 0.071432 -0.260154 -0.056497
-0.193067 -0.043339 -0.318785 -0.040412
-0.441093 -0.362051 0.025700 0.091687
-0.360365 -0.101479 -0.689926 -0.677583
0.185470 -0.678189 -0.190435 0.044256
0.813690 -0.525166 0.042614 -0.080977
0.502448 -0.912208 -0.327906 -0.387434
0.254016 0.774246 -1.259657 0.116076
0.040156 0.446449 0.522563 -0.631077
0.596434 -0.475156 -0.507569 -0.334391
0.388935 0.064792 0.660498 -0.114536
0.667650 -0.687499 0.044746 -0.487851
-0.252729 -0.375190 0.078796 -0.012282
0.404572 0.159568 0.336495 0.151432
0.464058 -0.212018 -0.406711 -0.606494
0.796815 -0.285905 -0.340375 -0.430091
0.487478 -0.156015 0.363367 -0.478136
1.188727 0.144111 0.143014 0.003858
0.530040 -0.328305 0.445873 -0.323303
0.480835 -0.247179 -0.311871 0.086607
1.060652 -0.228696 0.135872 -0.431082
-0.115767 0.418542 0.001590 -1.185304
0.920792 -0.918532 0.242299 -0.331245
-0.303486 0.106278 0.402706 -1.154666
-0.118678 -0.022213 -0.178375 -0.628413
1.169772 -0.220648 0.301081 -0.076997
1.142279 -1.309820 0.275451 -0.177895
-0.285450 -0.373882 -0.073466 -0.359862
0.899939 -0.211030 -0.129168 -0.114195
0.837239 -0.536697 0.781065 -0.325143
1.114211 -0.364014 0.108854 -0.187011
0.708174 -0.626733 0.056997 0.092035
1.041766 -0.129633 0.049268 -0.275902
0.353103 -0.582731 -0.115062 0.029569
0.370431 0.475405 -0.234268 -0.662486
0.673766 0.466220 -1.241657 -0.136041
0.759008 -0.240936 -0.226986 -0.205667
0.262783 -0.142054 -0.413884 0.464314
0.527950 -0.465548 -0.221334 -0.533722
0.255920 -0.217607 -0.857235 -0.544522
-0.092546 0.423228 -0.955987 -0.500114
0.392421 -0.294325 -0.468637 -0.547325
0.163297 -0.350269 0.455626 -0.369109
-0.164080 0.394695 -0.192262 -0.849919
0.516643 -0.684919 -0.153799 -0.274885
0.326168 -0.236403 -0.802874 -0.447885
0.333314 -0.681932 0.100482 -0.328509
0.446161 -0.129980 -0.255675 -0.810729
0.539061 0.050643 -0.493740 -0.723656
-0.400081 0.716801 -0.787157 -0.922078
0.428772 0.154883 0.768289 -0.621549
-0.161454 -0.046656 -0.507116 -0.582259
0.143601 -0.208741 -0.455779 -1.049663
0.352286 -0.257434 0.693311 -0.470950
0.020047 0.404644 -1.135682 -0.583869
-0.007949 -0.229909 -1.292851 -0.418032
-0.516720 0.369520 -0.329330 -0.884604
0.035087 0.108979 0.011569 -0.755832
0.154342 0.409564 -0.602645 -0.396164
-0.508168 -0.045588 -0.848559 -0.780652
-0.498038 -0.073284 -0.753075 -0.680251
-0.039898 0.572947 -0.326677 -0.487770
-0.860762 -0.126271 -0.121891 -0.118702
-0.901933 -0.393549 0.360666 -0.187690
-0.933461 -0.359788 -0.318641 -0.134475
-0.575290 -0.431195 0.103191 0.276772
-0.844069 -0.249824 0.027849 0.044901
-0.545525 -0.197864 0.093731 -0.294370
-0.845784 -0.059589 -0.035531 0.005718
-0.675711 0.225853 -0.237038 -0.104173
-0.953696 -0.021610 -0.130485 -0.108666
-0.784907 -0.108458 -0.030175 -0.193760
-0.850207 -0.121899 -0.100707 0.011164
-0.941931 -0.127989 -0.003739 -0.202290
-1.014534 0.029155 -0.014670 -0.208728
-0.845842 -0.202884 0.021698 -0.135084
-0.704453 -0.002671 -0.300698 -0.203811
-0.700655 -0.297001 0.175607 -0.282341
-0.828732 -0.116269 0.062682 -0.397254
-0.744417 -0.137862 0.189667 0.008636
-0.876449 0.213131 0.091478 -0.351447
-1.028460 -0.075938 -0.035772 -0.117355
-0.446376 0.190929 0.048065 -0.864792
-0.889858 -0.095913 0.177027 -0.127444
-0.681978 -0.497068 0.136198 -0.243602
-0.496033 0.083118 -0.057849 -0.328815
-0.668056 -0.315069 0.129080 -0.191186
-0.683066 -0.318466 0.268098 -0.209371
-0.760558 -0.184691 0.285226 -0.697653
-0.793140 -0.070420 0.232057 -0.884159
-0.377596 -0.294823 0.106915 -0.225199
-0.692679 0.111544 -0.632309 -0.018182
-0.834066 -0.037956 -0.222715 0.058153
