0.249901 0.278730 -0.192520 -0.424301
0.285516 -0.208091 0.299309 -0.106287
0.684938 0.038861 -0.533242 -0.804834
-0.637277 -0.557418 -0.328044 -0.508457
-0.403443 0.193618 -0.359923 -0.753624
0.167352 0.001715 -1.307188 -0.444270
0.169576 0.173756 -0.241785 -0.390734
0.072553 0.195724 -0.351448 -0.553256
-0.294563 0.136591 0.313871 -0.319962
-0.258219 0.158290 -0.810156 -0.286391
0.027137 0.063667 0.185487 -0.827623
-0.225240 0.077879 -0.968867 -1.269239
0.121974 -0.237177 -0.496889 -0.752646
0.139577 -0.324676 -1.068743 -0.649590
-0.059975 -0.283211 -0.937093 -0.466421
0.279633 -1.041876 -0.993366 0.005488
0.019518 -0.661853 -1.150821 -0.104600
-0.245493 0.011015 -0.900276 -0.832361
0.050270 -0.218352 -1.130809 -0.356148
0.311162 -0.561314 -0.186049 -0.768644
-0.027346 -0.825703 -1.094866 -0.052533
-0.168123 0.024493 -0.322972 -1.116163
-0.330991 0.117041 -0.259033 -0.372384
0.401946 -0.723161 -0.201394 -0.327662
0.353217 1.000148 0.580989 -0.501463
0.305774 0.183111 -0.392528 -1.057892
0.082617 -0.123953 -0.669743 -0.525222
-0.303393 0.043393 -0.694681 -0.558622
-0.177015 0.406536 -0.273273 -0.500189
-0.637277 -0.557418 -0.328044 -0.508457
0.174151 -0.120989 0.483811 -0.171326
0.273784 0.094798 -0.173145 -0.350778
-0.228340 -0.480475 -0.315680 -0.122110
0.664495 -0.292731 0.141723 0.043584
0.925757 -0.333301 0.716209 0.128974
0.501308 -0.163052 0.168842 -0.372352
0.664457 -0.254552 0.399395 0.193140
0.448669 -0.275068 -0.336933 0.306596
0.228530 -0.310754 0.081172 0.365166
0.598437 -0.211433 0.283311 0.272811
0.700079 -0.804007 -0.063651 0.203488
0.329604 0.752755 -0.677142 0.042772
0.552826 -0.405439 0.058884 0.137299
0.368755 -0.300795 0.671573 -0.053714
0.174003 0.839658 0.501089 -0.134411
0.449351 -0.152571 0.020316 -0.370032
0.655884 -0.023242 0.397647 -0.771773
0.821275 -0.385946 0.235621 0.310897
0.171736 -0.331003 -0.904733 -0.844712
1.342350 -0.562688 -0.515437 0.131376
0.889643 -0.502665 -0.442097 0.264945
0.148350 -0.478731 -0.454350 -0.304874
0.174500 -0.299309 0.718230 -0.293751
1.025530 -0.903040 -0.053431 -0.839816
0.230505 -0.411624 0.197913 -0.036099
0.733675 0.029310 -0.078436 -0.295785
0.285654 0.283448 -0.088077 -0.146837
-0.614028 0.217428 -0.060104 -0.765273
-0.002989 -0.123944 -0.411761 -0.362436
1.150653 -0.408857 0.327226 0.009663
1.054028 -0.844490 0.363424 0.018074
1.156288 -0.501662 -0.155750 -0.302349
0.508322 -0.239430 -0.061717 -0.488213
0.501220 0.156742 0.186191 -0.386602
0.007189 -0.545997 -0.876363 -0.113184
0.477985 -1.016361 0.996370 0.111305
-0.422084 -0.355974 -1.426079 -0.482153
0.732123 -1.139782 0.674663 -0.086549
0.638688 -0.935454 0.292585 0.170517
0.020138 0.323935 -0.649776 0.002166
0.340945 -0.292625 0.352152 0.038498
-0.310646 -0.240484 -1.442421 -0.635755
0.883743 -0.926211 1.029109 0.306633
0.498747 -0.530097 -0.236246 0.128240
-0.226590 0.057778 -1.463224 -0.506731
0.784706 -0.377280 -1.150170 -0.715527
1.287382 -0.647762 0.109473 -0.245939
0.820690 0.404135 -0.146460 -0.673891
-0.589059 -0.405716 -0.197936 -0.161206
0.485256 -0.447083 0.203152 -0.064137
0.457459 0.531667 -0.037991 -0.834772
0.325301 -0.116994 0.177627 0.235973
0.911493 -0.035935 -0.031948 0.373816
1.278237 -0.694846 -0.116444 0.539264
0.762428 -0.170533 -0.013750 0.276701
0.122258 -0.124690 -0.497726 -0.419609
-0.093815 0.059318 0.024272 -0.763373
0.352563 -0.271876 -0.369556 0.868573
0.789333 -0.734864 0.011440 0.294666
0.375229 -0.586148 0.010427 0.167449
0.630046 -0.439947 0.196778 -0.288805
0.668941 -0.152009 -0.103510 0.125904
0.303062 -0.306823 -0.288117 -0.081603
0.362560 -0.807095 0.309871 -0.634275
1.104472 -0.433604 -0.274852 -0.136437
-0.413839 -0.336783 -1.587466 -0.127657
0.262958 0.067411 -1.014186 -0.439870
0.759538 0.063333 0.356090 -0.149570
0.643055 -0.546755 -0.090659 0.227432
0.035847 0.284998 -0.416303 -0.550533
0.973907 0.426783 -0.026023 -0.413279
0.810430 -0.427105 -0.269490 -0.370135
0.695857 -0.043543 -0.012040 -0.488345
-0.821971 -0.298603 -0.020919 -0.166853
-0.846415 -0.317137 -0.019660 -0.025650
-0.779782 -0.131933 0.214259 -0.363167
-0.706729 -0.097784 0.261748 -0.499078
-0.699434 0.010748 -0.255161 0.191007
-0.790325 -0.558737 0.292851 -0.322892
-0.797998 -0.442872 0.849950 -0.669969
-0.738126 -0.457263 0.838798 -0.604647
-0.739600 -0.211577 0.012110 -0.250891
-0.848945 -0.241293 0.087911 -0.197651
-0.987801 -0.170649 0.128973 -0.088491
-0.862742 -0.429768 0.691961 -0.406194
-0.691114 0.107833 -1.048186 0.003523
-0.588731 -0.256239 0.351342 -0.942009
-0.774940 -0.056027 -0.710294 0.067706
-0.617564 0.505438 0.094645 -0.337581
0.017735 0.141795 0.015416 0.581994
-0.798255 -0.155147 0.180408 -0.474535
-0.722604 -0.239770 -0.064372 0.111925
-0.766392 -0.172393 0.138541 -0.286838
-0.714215 -0.415546 0.266675 -0.205417
-0.879619 -0.284605 0.072247 -0.222239
-0.685054 -0.382985 0.153236 -0.112694
-0.784463 -0.106973 0.372724 -0.964881
-0.376235 0.335942 0.155231 -0.634115
-0.726760 -0.191305 -0.119150 -0.145934
-0.673581 -0.333000 0.092573 -0.172735
0.181951 0.270497 -0.697695 -0.066314
0.170629 -0.352279 0.081489 -0.831880
-0.308422 -0.561333 0.061714 -0.507937
-0.307319 -0.057472 0.381322 -0.604201
-0.639357 -0.317106 0.446427 -0.587140
-0.955092 -0.021435 -0.008151 -0.274141
-0.856728 -0.369865 0.228334 -0.241770
-0.794166 -0.355763 0.181259 -0.134943
-0.834482 -0.217245 0.095719 -0.282577
-0.792063 -0.184312 0.098387 -0.395436
-0.864429 0.050307 -0.520349 0.136507
