-0.499011 -0.618534 -0.817017 0.080170
-0.565070 -0.564974 -0.425016 -0.202107
-0.376523 -0.267516 -0.956528 -0.277741
-0.475982 -0.371027 -0.702586 -0.271769
-0.185623 -0.511537 -0.940267 -0.081935
-0.323613 0.154622 -0.900954 0.193309
-0.605663 0.227255 -0.515415 -0.845996
0.356650 -1.022940 -1.211626 -0.550510
1.277182 -0.619952 -0.686182 -0.324911
0.126492 -1.008314 -0.639420 0.429858
1.175735 -0.445315 -0.872267 -0.040623
-0.300013 0.069759 -0.772481 0.024072
0.333650 -1.225126 -0.688146 0.177284
-0.537665 -0.364404 -1.087674 -0.413722
0.215459 -0.812145 -0.887745 -0.072183
-0.323273 -0.574256 -1.295320 -0.259235
0.104617 -0.840363 -1.180252 -0.179276
0.604115 -0.268937 -0.617936 0.537477
-0.500255 0.423011 -0.281562 -1.239084
-0.221244 0.263533 0.663158 -0.513175
-0.097395 -0.149003 -0.120358 -0.135413
-0.028421 -0.687342 -0.176691 -0.349964
0.135437 -0.100264 -1.632257 -0.757682
-0.336266 -0.463172 -0.528598 -0.483581
-0.351432 -0.705997 -1.282660 -0.042520
-0.230655 -0.550725 -1.249491 -0.423546
0.489204 0.087096 -0.880750 -0.800249
-0.323719 0.594652 -1.073072 -0.848252
-0.201427 0.037292 -1.136841 -0.707905
0.151555 0.189330 -1.140809 0.009074
-0.066349 -0.396761 -1.207534 -0.731912
0.017711 0.104852 -0.779475 -0.284154
-0.970137 -0.443716 -1.492257 -0.239377
0.252347 0.687509 0.571263 -0.788042
0.363052 0.484382 0.179016 -0.529971
-0.817841 -0.627152 -0.531673 -0.541709
-0.613981 -0.587090 -1.487956 -0.868605
0.747956 -0.686339 0.407779 -0.197814
0.103881 0.323143 0.217417 -0.865558
0.021887 -0.166092 -0.893953 -0.857798
-0.259631 -0.046083 -1.058793 -0.557709
-0.344038 0.075740 -0.285192 -0.902313
-0.136177 0.363720 -0.847560 -0.930004
-0.277318 0.318323 -0.075414 -0.295093
0.502100 0.330760 0.227130 -0.304619
0.675132 -0.383418 -0.321055 -0.189606
0.211699 0.367127 -0.687941 -0.738556
0.384289 -0.080829 -1.345657 -0.763049
0.174440 0.375355 -0.248464 -0.794152
-0.110520 0.260676 -0.850554 -0.455256
0.231269 0.162269 0.132021 -0.520215
-0.592261 -0.024709 -0.632182 -1.250349
-0.109385 -0.046291 -0.701755 -0.681393
-0.186573 0.392975 0.168004 0.034927
0.193406 0.021017 0.700030 -0.030490
-0.382984 -0.387380 -1.666357 -0.437715
0.428201 0.489258 0.095150 -0.530312
0.418548 -0.058468 -0.883327 -1.080924
-0.134881 -0.248876 -0.814392 -0.983643
-0.021240 0.343279 -0.834005 -0.697898
0.243933 -0.115375 -0.506973 -0.496195
-0.449549 -0.071473 -0.918755 -0.039202
0.033521 -0.171926 -1.019303 -0.976199
-0.065337 -0.173685 -0.738543 -0.747659
0.213048 0.487227 -0.506129 -0.762681
0.992702 -0.735204 0.783168 -0.741078
-0.469462 -0.664891 -1.426504 0.080792
-0.169511 0.628279 -0.579935 -0.750735
0.246829 -1.002746 -0.689191 -0.079418
-0.100619 0.657034 0.118961 -0.677529
-0.032508 -0.940291 -0.734877 -0.132351
-0.331488 0.095716 -0.175183 0.092053
-0.262545 0.544421 -0.464149 -1.090798
-0.071340 -0.651263 -0.230049 -0.203504
0.553068 -0.504253 -0.619800 -0.412741
0.106211 -0.254284 -0.008156 0.082754
0.482444 -0.133914 0.243362 0.108737
-0.704283 0.125204 -0.313984 0.486455
-0.266130 -0.872085 -0.768426 -0.202467
-0.159113 -0.270330 -1.065013 -0.298970
0.057693 -0.719057 -0.782639 -0.222603
0.845421 0.374271 -0.537161 0.073682
0.003412 -0.628754 -0.869442 -0.270546
0.076469 -0.522201 -0.814510 -0.318964
-0.326256 -1.070537 -0.647252 -0.433115
0.036927 -0.256247 -0.419035 -0.764989
-0.170713 0.215079 -0.748048 -0.184500
-0.259714 -0.563695 -0.752507 -0.320007
-0.373069 0.168368 0.352748 -0.217291
0.065431 -0.820545 -0.882475 -0.526709
-0.053458 0.422781 -0.931398 -0.908318
0.149360 -0.701857 0.109726 -0.295373
-0.580953 -0.538034 -0.690750 -0.433164
0.122985 0.034653 -0.168044 -0.147942
-0.901387 0.455193 -0.614370 -0.989510
0.385825 -0.045971 -0.630123 -0.092685
1.248246 -0.776363 -0.336367 -0.296085
1.627027 -0.970915 -0.698696 0.025481
0.576422 -0.475650 -0.649641 -0.827496
1.122093 -0.379511 -0.549043 -0.127647
1.092512 -0.654978 -0.538098 -0.268434
0.447742 -0.031211 -0.958010 -0.298274
1.029008 0.262162 -1.083189 -0.348624
1.014219 -0.557728 0.039443 0.011177
1.353592 -1.388595 -0.361588 0.456948
1.220134 -1.943225 0.108855 0.106512
1.290218 -1.062942 0.542892 0.111803
0.138255 0.099223 -0.284769 -1.004976
1.268568 -0.469812 0.185322 -0.439700
1.425930 -0.870082 0.375921 -0.241906
0.832967 -1.180537 0.088173 -0.091423
1.419337 -0.795752 0.111798 -0.014052
1.158655 -0.116046 0.261967 0.157308
0.017711 0.104852 -0.779475 -0.284154
1.279337 -0.112904 0.175787 0.157800
0.182427 -0.024107 0.217059 -0.121130
1.199601 -0.174259 0.346021 0.355534
0.721691 -0.472618 0.434112 -0.057915
0.871023 -0.827719 -0.101575 -0.252131
1.122182 -0.259998 0.544911 0.121941
0.594401 -0.202095 0.269424 0.028480
0.689156 0.254295 -0.000952 -0.677596
0.254716 -0.147076 0.472004 -0.075457
0.369878 0.162296 0.401049 -0.032418
0.520432 0.096866 0.327919 -0.230238
0.619756 -0.406490 0.360960 -0.236837
0.559248 -0.042916 0.679866 -0.328051
0.476892 -0.296234 0.447230 -0.377774
0.361639 -0.675674 0.097023 -0.600320
0.008059 -0.205964 -0.844285 -0.150598
0.306026 -0.033667 0.899798 -0.569743
0.288272 -0.332647 0.156428 -0.436366
1.116443 -0.377062 -0.205453 -0.128178
0.683848 -0.894841 0.665725 -0.361896
0.656443 0.214888 -0.224511 -0.551293
0.277192 -0.200907 0.985965 0.149368
0.804474 -0.366311 -0.216690 -0.435370
0.411027 -0.223244 0.514451 -0.350265
0.702495 -0.227541 -0.603405 -0.129563
0.250800 -0.831611 0.576212 0.329630
0.559825 -0.817328 0.492732 0.262801
0.179049 -1.100285 0.254030 0.352090
0.501771 -0.423994 0.580990 0.241095
0.872447 -0.535229 0.704571 0.264546
0.597961 -0.234276 0.387540 0.016603
0.547105 -0.661577 0.716402 0.015157
1.101765 -0.259876 0.160968 -0.096941
-0.220136 -0.436203 0.061691 0.202875
1.244400 -0.282571 0.516303 0.287049
0.739075 -0.209755 0.446765 -0.168103
0.672745 -0.283106 0.481556 0.057621
0.624553 -0.793219 0.562563 -0.097905
-0.020620 0.397190 -0.083041 -0.236725
0.856168 -0.761005 0.460050 0.200576
-0.253330 0.026591 0.266011 -0.357516
0.267769 -0.528085 -1.280786 -0.061896
0.208431 -0.304426 -0.478076 -1.384989
-0.000042 -0.265150 -0.627586 -0.520809
0.490614 -0.198065 -0.507240 0.374627
0.097991 -0.487634 -1.501115 0.025103
0.071145 0.076795 -1.001116 -0.280141
0.148405 -0.828606 -0.133864 -0.371062
-0.458610 0.182058 -0.313796 -0.695005
0.575150 -0.713333 0.429174 -0.122845
0.211699 0.367127 -0.687941 -0.738556
-0.012903 -0.040973 -1.064032 -0.985608
0.171259 -0.148222 -0.314261 -1.152900
0.593898 0.264804 0.233908 -0.163860
-0.123175 0.166242 -0.776454 -0.394683
-0.214283 0.058998 0.113247 -1.109007
0.469231 -0.541261 -0.500846 -1.113127
-0.349554 -0.461827 -1.020301 -0.397126
0.317228 0.314570 -0.809366 -1.016855
0.252539 -0.354395 -0.757237 -0.203927
-0.126478 -0.115335 -1.453166 -0.280863
0.428230 -0.465702 -0.349589 -0.273661
-0.979949 -0.469763 0.694324 -0.438558
-0.727472 -0.304258 0.321672 -0.451385
-0.796805 -0.240331 0.236322 -0.524258
-0.927427 -0.302601 0.175875 -0.854054
-0.735423 0.182933 -0.027151 -0.509538
-0.686880 -0.115038 0.169529 -0.524596
-0.528293 -0.215850 0.887202 -0.507220
-0.598036 -0.018190 0.341504 -0.065124
-0.703609 0.130969 0.224402 -0.089150
-0.817480 -0.130755 0.059122 -0.252096
0.174295 -0.998771 0.466669 -0.176839
-0.659346 -0.280818 -0.099271 -0.040474
-0.876157 0.215226 -0.136190 -0.414716
-0.886435 -0.128779 -0.134325 0.067150
-0.936683 -0.194299 -0.017139 -0.081037
-0.986274 -0.176164 -0.022075 -0.122586
-0.580329 -0.416322 0.415056 -0.436645
-0.654717 0.125554 0.394432 -0.582463
-0.768392 -0.024018 0.056858 -0.667586
-0.484770 -0.302454 0.225046 -0.298725
-0.748054 0.175562 0.129911 -0.513277
-0.467629 -0.696464 0.687553 -0.672183
-0.740809 -0.156990 0.189045 -0.568428
-0.784086 0.091462 0.474790 -0.459329
-0.856102 -0.015128 -0.252057 0.054368
