-0.096173 0.677240 -0.936699 -1.182455
0.574713 0.232235 -1.005488 -0.493930
0.416746 -0.244022 0.242626 0.236848
0.267779 0.509946 -0.286197 0.364117
0.172237 -0.095642 -0.401215 -1.087835
-0.206499 -0.268650 0.326013 -0.242163
-0.041780 0.245622 -0.131439 -0.486747
-0.443857 0.224540 0.599731 0.142718
0.453764 -0.341370 0.519763 -0.890830
-0.025136 0.551982 -0.044288 -0.798370
-0.045136 0.332579 -0.565687 -1.036843
0.481187 -0.199489 -0.072670 -0.770432
0.392568 0.339848 -0.228449 -0.708991
0.612990 -0.129787 -0.046949 -0.340929
-0.670606 0.227430 -0.409774 -0.787986
0.229209 0.882048 -0.566898 -0.750342
-0.240267 0.306234 -0.741363 -0.969267
-0.559225 0.552583 -0.146099 -0.977951
-0.068149 -0.037977 -1.398103 -0.840676
0.101267 0.311648 -0.724932 -0.378531
0.365364 0.418789 -0.667686 -1.002082
-0.343458 0.404895 0.010653 -0.380336
0.094848 -0.715722 -0.367310 0.262859
0.270701 -0.471047 -1.426103 0.059171
-0.291401 0.208232 -0.028744 -0.916369
-0.382384 1.023258 -1.010605 -0.993711
0.127809 -0.500970 -0.736218 0.240538
0.391352 -0.665975 -0.607898 0.121483
0.059650 0.119898 -1.315126 -0.245057
0.097188 0.179146 0.579400 -0.058891
0.071626 0.482913 -0.075505 -0.013178
0.011483 -0.712559 -0.529008 0.082616
-0.089868 -0.515112 -1.514413 -0.173670
0.810501 0.100712 -0.366803 -0.239376
-0.119020 0.348380 -0.815316 -0.453967
0.832546 -0.259581 0.138686 0.381319
-0.335061 0.010091 -0.834168 -0.347914
0.349591 -0.422057 -0.531739 0.094974
0.844655 -0.713616 -0.387556 -1.056651
0.445182 -0.048324 -0.396535 -0.685202
0.182517 -0.434612 -0.943670 -0.768140
0.404512 -0.179562 0.585601 -0.141041
1.344454 -0.933384 0.662442 -0.353618
0.923024 0.156492 0.091486 -0.239097
0.250543 0.274413 -0.797909 -0.164113
-0.014334 0.528422 -0.004481 0.553267
-0.192810 -0.189412 -0.461692 -0.227257
1.341371 -0.257340 0.042862 -0.377279
0.778009 -0.054103 0.450254 -0.081885
0.988165 0.130289 0.108440 0.182080
0.625693 -0.131183 -0.211425 -0.149472
0.164211 0.368900 -0.886825 -0.971773
-0.569126 -0.663164 -0.207988 -0.074973
0.546902 -0.011590 0.314149 -0.186659
0.591943 -1.002638 -0.883200 0.376622
-0.373691 0.227708 -0.113502 -0.585796
1.207055 -0.228833 0.091073 -0.110976
0.025866 0.266283 -0.299235 -0.986391
0.819502 -0.564045 -0.236768 -0.212157
0.704294 -0.058269 -0.186781 -0.208865
0.576301 -0.527557 0.323466 -0.885689
0.404504 -0.721186 0.444506 0.350783
0.004591 -1.157628 0.127359 0.297559
-0.014177 -0.224524 -0.398340 -0.216942
0.124175 0.159932 -0.578553 0.027107
-0.317978 -0.376869 -1.007211 -0.341483
0.091689 -0.583138 -1.012309 -1.030353
0.211811 0.141143 0.482481 -0.558432
0.245435 -0.175625 -0.783667 -0.258319
-0.835423 -0.227249 0.131235 -0.300304
-0.817054 -0.214940 0.239555 -0.188900
-0.854243 0.413759 -0.057813 -0.364844
-0.992532 -0.130734 0.211327 -0.304372
-0.950454 -0.150482 0.385283 -0.516962
-0.676121 0.437292 -0.769121 -0.480606
-0.826800 -0.127496 0.055643 -0.446420
-0.784023 0.061182 -0.574817 0.274231
-0.113714 0.310966 -0.745282 -0.625655
-0.239931 0.832501 -0.624773 -0.515713
-0.829577 0.065664 -0.096005 -0.149264
-0.731927 -0.632042 0.239088 -0.440199
-0.714451 -0.301757 0.536779 -0.638843
-0.187732 -0.269154 0.130894 -0.411488
-0.745430 -0.169584 -0.494388 0.419311
-0.085661 0.978256 0.283134 -0.445888
