0.039210 -0.543827 0.153745 0.173022
-0.361979 0.245126 -0.137064 -0.710276
0.441877 -0.392595 0.330942 0.228423
-0.459586 0.209121 -0.487849 -0.230527
1.376182 -0.830064 0.484944 -0.336166
1.248682 -0.014131 -0.173136 -0.045945
0.309837 0.228912 0.053326 -0.572847
-0.009743 0.053749 0.796201 -0.503898
1.230363 -1.051010 0.161088 -0.134232
0.188692 0.068507 -0.509905 -0.895858
0.186401 -0.376586 -0.862484 0.272231
1.258791 -0.345419 -0.303828 -0.145662
-0.150891 0.541637 -0.888805 -0.710420
-0.141368 -0.999627 0.260959 0.030362
0.203116 -0.531536 -0.291306 -0.348222
0.908117 -0.537658 0.080865 -0.148451
0.323328 -0.810481 0.266235 0.091455
0.449392 -0.086955 1.017742 0.138321
0.069849 0.321720 -0.095030 -0.004268
0.569078 -0.363328 0.337508 -0.123936
-0.114951 -0.199021 0.033902 -0.434167
0.038020 -0.586118 0.512121 -0.672268
0.416018 -0.408277 0.217508 0.014190
0.873109 -0.472934 0.330408 0.171274
0.173710 -0.391517 -0.542067 -0.989555
0.492891 -0.726473 0.013281 0.085168
0.004691 0.742891 0.339570 0.214806
-0.020485 -0.577934 0.108494 -0.018700
-0.144790 -0.144438 -0.933467 -0.595744
0.191667 -0.930559 0.054826 -0.060978
0.893251 -0.101041 0.174071 -0.233860
0.431720 0.210845 -0.823863 -0.535061
-0.012187 -0.466626 -0.182290 -0.190962
-0.285669 -0.048875 -0.623188 0.011885
-0.231934 -0.173578 -0.233339 -0.853630
0.458136 0.028010 -0.746467 -0.194430
-0.748530 0.539090 -0.636515 -0.625841
1.215657 0.415578 -0.929988 -0.702149
0.156410 -0.308040 -0.191141 -0.837630
-0.318670 0.300231 -0.529461 -0.759908
0.057832 -0.074282 -0.084005 -0.892873
-0.553970 -0.014426 -0.688399 -0.294794
-0.327711 -0.144347 -0.379817 -0.833702
0.252054 0.562083 -1.240594 -0.814536
-0.233095 -0.630143 -0.228322 -0.520360
-0.143805 0.009599 -0.158147 -0.478112
0.109992 -0.772142 0.005513 0.017450
0.127722 0.501928 -0.839293 0.021508
-0.306063 0.036629 -0.952338 -0.779366
1.013514 -0.252489 0.564272 -0.284516
0.644276 -0.692751 0.194611 -0.265916
0.885154 -0.899583 0.453940 -0.157146
0.267067 0.856549 -0.221372 -0.113064
-0.003502 0.147761 -0.022037 -0.698232
-0.132768 -0.722720 -1.252758 -0.441063
-0.551573 0.081073 -0.774453 -0.258972
0.172674 -0.403705 -0.942275 -0.223885
-0.008477 -0.140230 -1.119723 -0.575254
-0.596465 -0.290447 -0.498283 0.104774
-0.315492 0.561442 -1.236573 -0.667870
-0.166617 -0.117908 0.110525 -0.285861
-0.162782 0.388616 -1.195623 -0.336271
-0.138095 0.137754 -0.516334 -0.757519
0.903114 -0.816743 0.154506 -0.455956
0.164034 -0.014789 -0.084152 0.125061
0.087900 -0.506809 -0.804864 -0.627687
0.009641 -0.032810 -0.508001 -0.125600
0.024278 0.257542 -0.800151 -0.841142
0.450704 -0.353246 0.090287 -0.664713
0.486310 -0.360232 -0.068543 -0.066155
0.362130 0.546263 -0.358558 -0.410210
0.649030 -0.429305 0.102261 -1.121234
-0.326910 0.179814 -0.047938 -0.742983
-0.268926 0.348200 -0.047145 -0.710237
1.042888 0.065120 0.016965 -0.875113
-0.064240 -0.051835 -1.160938 -0.018491
-0.192617 -0.231760 -0.879268 -0.197302
-0.216236 1.170174 -0.562046 -0.768115
0.753272 -0.013253 -0.482177 -0.498803
0.242561 0.052962 -1.016286 -0.038094
-0.016807 -0.059266 -0.191256 -0.658644
0.716225 0.346401 0.206002 -0.022365
0.155683 -0.184167 -0.658297 -0.526693
0.139667 0.642015 -0.141322 -0.077945
1.138918 -0.431290 0.328402 0.387980
1.308581 -0.229941 -1.172574 -0.617879
-0.149361 -0.079110 -0.695891 -0.802290
-0.481252 -0.273196 -1.462854 -0.198621
0.327871 -0.585847 0.917897 -0.190511
0.600782 0.065014 0.207978 -0.971880
0.620197 -0.138158 0.017389 -0.530029
-0.755817 -0.187202 0.033947 -0.421962
-0.693648 -0.409426 1.030449 -0.771853
-0.421895 0.004031 0.259363 0.038629
-0.962307 0.006339 -0.004998 -0.341819
-0.361880 0.146212 -0.139619 -0.267805
-0.770563 -0.061232 0.255746 -0.490077
-0.833387 -0.233928 0.067773 0.115450
-0.178834 0.177268 -0.782611 0.129390
-0.573598 -0.119443 -0.014689 -0.181730
-0.825970 -0.203345 0.014383 -0.294382
-0.636620 -0.058899 0.325141 -0.292322
-0.793354 -0.303102 0.133689 -0.275559
-0.748918 -0.281053 0.242643 -0.586851
-0.425439 -0.310627 -0.072110 0.289905
-0.623612 -0.347248 0.484189 -0.226051
-0.613446 -0.480707 0.444232 -0.108431
-0.956885 -0.156172 -0.171538 0.111624
