-0.569220
0.643078
-0.531087
0.192223
-0.667313
-1.018088
0.070151
-0.671494
0.305076
-0.726067
0.223212
-0.271264
-0.265278
0.400985
-0.663320
-0.157441
-0.080640
-0.612164
-0.412886
0.617870
0.052563
-0.155965
-0.614915
-0.211514
-0.164474
-0.365786
-0.460637
-0.557236
-0.864201
-0.785516
-0.755213
0.948873
0.415224
-0.587296
-0.331494
0.414665
-0.141734
-0.669661
0.218843
-0.201456
-1.360976
0.106607
-0.300754
0.182462
-0.275958
0.027900
-0.564226
-0.220783
0.089471
1.465883
0.136609
-0.386376
0.234887
0.474997
0.209048
-0.480061
0.111520
0.195021
-0.069087
0.446318
-0.751150
0.378883
-0.712526
-0.062921
-0.107980
-0.250465
0.330005
0.274433
-0.480061
-0.049873
0.205257
0.082713
0.276373
0.243612
0.216858
0.007361
-0.000964
-0.238188
0.091587
0.165951
0.321698
-0.134586
0.090253
0.019257
-0.030627
-0.017028
0.551177
-0.089408
0.162110
-0.306764
0.204974
0.554250
0.365120
0.225051
0.050802
0.235791
0.117177
0.143653
0.136991
0.413274
-0.339751
0.327897
0.086324
0.171326
