-0.039968
-1.461630
0.507525
-0.304016
-0.313190
0.297547
0.120766
-0.452337
-0.151645
-1.193243
0.214593
0.097295
-0.690145
0.097146
-0.330855
0.021364
-0.151028
0.254219
0.277753
-0.565782
0.320083
0.012462
-0.192248
0.354645
0.799851
0.392198
0.804263
0.127660
0.511011
-0.414630
0.593317
0.777772
-0.458386
0.386209
-0.432523
-0.160258
0.314200
0.201330
-0.127831
-0.041962
0.210532
-0.429332
-0.302179
-0.490700
-0.094261
0.080313
0.626488
-0.027345
0.123551
-0.014936
-0.156099
0.359046
0.269484
0.311705
-0.011951
-0.241987
-0.122077
-0.042686
0.367764
0.498271
0.565986
0.023989
-0.307450
-0.176380
-0.152967
0.002677
0.426510
0.154824
-0.509996
0.310916
-0.438316
-0.801279
0.015268
0.449211
-0.358172
-0.330721
-0.494457
-0.409339
0.154513
-0.135387
0.287825
0.173677
-0.316661
-0.010457
-0.768587
-0.450617
0.237202
0.137900
-0.014267
-0.095737
0.194650
-0.210127
0.608884
0.577405
-0.067838
-0.381555
-0.741862
0.129760
-0.126596
0.376139
0.287595
-0.192887
0.606549
-0.195394
0.015436
-0.250339
0.088364
0.658654
0.156798
1.066932
0.000241
-0.330383
0.679738
-0.026601
-0.766855
0.209479
-0.451983
-1.195170
-0.678086
0.169936
-0.646728
0.486666
-0.627331
-0.233783
-0.857001
-1.077628
-0.626179
-0.314949
0.771582
0.162546
1.006058
-0.670712
-0.022134
-0.342567
-0.468793
0.765283
-0.041809
-1.097648
0.125943
-0.227523
-0.556341
-0.261084
-0.376712
-0.146856
0.141990
-0.433471
-0.033365
0.089827
-0.939250
0.319027
-0.155566
0.162887
0.162766
0.247376
-0.362906
0.366429
0.367877
0.223675
0.272297
0.129835
0.346685
-0.078392
0.205972
0.139326
0.179431
0.117993
-0.226611
0.082129
-0.214764
0.595978
0.630282
0.344349
-0.218062
0.006899
0.337511
0.212420
-0.023231
0.272044
