0.054493
0.357659
-0.349069
-0.218488
-1.180960
-0.660416
0.298226
-0.407658
-0.024645
0.312182
0.227138
0.246393
0.067364
-0.045510
0.089441
0.744639
-0.287598
0.063884
-0.416003
-0.458453
0.052767
-0.456414
0.212463
0.577564
0.023592
0.202210
0.263068
0.139418
0.798632
-0.061182
-0.038620
0.295065
0.346119
-0.153320
-0.490803
0.476108
0.798869
0.193745
-0.318151
-0.216990
-0.347086
0.279980
0.159820
-0.060755
0.198094
-0.435988
-0.081645
0.423962
-0.129455
0.057967
0.080318
-0.204341
0.051154
0.397042
0.581583
-0.781521
-0.332849
0.686023
0.696742
0.236614
0.233013
-0.215382
0.326848
-0.573453
0.751627
-0.056754
-0.217126
-0.283429
0.456760
-0.267441
0.262580
0.403253
-0.162363
-0.367224
-0.800103
0.376163
0.590577
-0.338634
-0.237800
0.130012
-0.020649
-0.360976
-0.570041
0.188196
-0.057063
-0.373440
0.327264
0.021670
-0.423933
-0.383037
0.121157
-0.762338
0.270001
0.138364
-0.266410
0.566086
-0.170887
0.399216
0.324586
-0.114895
0.798380
0.367690
0.076998
0.000567
-0.258556
0.261733
-0.152317
-0.033603
0.486445
0.299662
-0.124555
-0.059716
0.015644
0.205998
0.163288
0.190308
0.113747
0.256239
0.256831
0.239727
0.176506
0.021397
0.126623
-0.656113
0.195112
-0.877051
0.851119
-0.610856
-0.220982
-0.195603
0.172725
-0.181386
-0.002810
-0.244227
1.038553
0.426227
0.790791
0.647985
0.553834
0.645708
0.681217
-0.799799
-0.417481
-0.217126
-0.172022
0.066901
0.966202
0.155682
0.029730
0.590577
0.751714
0.074028
-0.342782
-0.892099
-0.110255
0.184104
-0.418822
0.174477
-0.441453
-0.170887
0.340309
-0.636252
0.070743
-0.638447
-0.237510
-0.184482
0.301050
0.082067
0.473811
0.162736
0.402015
-0.018131
0.104372
-0.045969
-0.225425
-0.062685
-0.070422
-0.190816
0.128478
0.546346
0.307634
0.280383
0.172852
0.218178
0.130367
0.163493
0.271821
0.217680
0.379329
-0.036819
0.163078
0.409092
0.207056
0.113649
0.062474
0.015633
-0.332548
-0.356860
0.083649
0.110249
0.176948
-0.076402
-0.088476
0.088168
0.159552
