-0.438609
-1.383631
-0.281480
-0.398005
-0.255406
-0.572524
-0.469140
0.576320
-0.862937
0.933712
0.313480
0.160760
-0.103092
-0.611009
0.000270
0.095182
0.429664
-0.172521
0.074954
-0.100884
-0.104602
0.590684
-0.015398
-0.781430
-0.370776
0.506761
0.252730
0.320914
0.076212
0.652602
0.658706
-0.473028
-0.125480
-0.369323
-0.497962
0.109537
0.236895
-0.600553
0.318587
0.546692
-0.058029
0.323329
0.329425
0.458700
0.424692
-0.731632
0.309898
0.021974
-0.952978
-0.791736
-0.524284
-0.327496
0.332439
-0.484916
0.243375
0.655219
0.179260
-0.615082
0.975146
0.417150
0.635472
1.342477
0.053571
0.353276
-0.245164
0.448840
-0.087532
-0.239371
-0.088637
-0.526389
0.150016
-1.111333
-0.252977
0.985709
-0.272531
0.057027
-0.121043
0.201570
0.170381
0.166897
0.617351
1.282674
0.005712
0.054271
0.261938
0.024163
-0.028414
-0.603448
0.423617
-1.096473
0.048841
-0.458482
0.303158
0.088435
-0.625917
0.021465
-0.357148
-0.249739
0.565345
-0.606475
-0.021420
-0.124624
0.532583
0.054797
-0.195730
-0.413596
-0.426940
-0.112138
-0.437251
-0.358306
-0.554376
-0.485093
-0.400541
0.239500
-0.099398
0.538017
0.291978
-0.240912
-0.012624
0.779262
0.063307
0.261100
0.221995
0.457772
-0.006022
0.767019
0.521655
0.397996
0.739366
0.675919
0.321567
0.582357
0.395645
0.194011
-0.366431
0.100285
0.115480
-0.008820
-0.262507
0.301532
-0.011683
0.198708
-0.076236
0.395645
0.162951
-0.201626
0.126095
0.309529
-0.567122
0.930291
0.853467
0.451269
0.368052
-0.017106
-0.437396
0.341638
0.086166
-0.165086
0.297579
0.064452
0.088655
