-0.196083
0.371590
0.234736
-0.313029
-0.579526
0.464139
0.251309
-0.159204
-0.399851
-0.099014
1.354123
0.140430
-0.410528
0.654061
-0.125762
0.028767
-0.313340
0.243928
0.516731
0.289286
0.515885
0.417758
-0.189924
0.302118
0.364109
-0.571307
0.470699
0.606910
0.199760
0.068350
0.088030
-0.002040
0.581321
-0.183211
-0.041189
0.285203
-0.357662
-0.000549
-0.158292
0.172265
0.500183
0.734829
0.071110
0.111529
-0.084204
0.043310
-0.325549
-0.052797
0.266909
-0.321651
-0.523237
-0.619830
0.682399
-0.166115
-0.215735
0.183000
0.690230
0.094407
0.201202
0.432882
0.080450
0.046769
0.393854
-0.043220
0.311780
0.964141
-0.347477
0.902394
0.145978
1.001772
0.304397
0.261115
0.700188
-0.142548
-0.479312
0.309786
0.018702
0.234692
0.442910
0.451862
0.320260
-0.017790
0.160189
0.809101
0.321835
0.067024
0.018938
-0.047468
-0.058381
0.301971
1.045452
-0.058297
-0.521548
0.187189
0.406650
-0.453161
-0.052552
0.514845
0.169240
-0.120352
0.359649
0.152640
0.028945
0.146695
0.376759
0.292313
0.643387
0.170026
-0.983467
0.320153
0.203733
-0.325791
0.115280
0.217283
-0.146754
-0.202404
0.349239
-0.004490
0.139816
0.028494
0.050727
0.086567
-0.015427
0.086996
0.273289
0.286538
0.155306
-0.099130
-0.644488
0.186972
0.187799
