0.588400
0.416274
0.431294
0.033761
0.403817
0.772785
0.421418
0.074584
0.571766
-0.163208
0.409158
0.741277
0.830256
0.414698
-0.290967
0.090519
-0.391036
0.470136
0.298909
-0.568752
0.661230
0.487153
0.228457
-0.290078
-0.348422
0.140574
0.245979
-0.022565
-0.005917
0.096401
-0.350345
-0.084214
0.112309
-0.251835
0.247978
0.077601
0.228598
-0.015432
-0.787582
-0.510673
-0.116156
0.630596
-0.031546
0.077860
-0.446164
0.408107
0.933412
-0.338428
0.324418
-0.129388
-0.477154
0.387481
0.228370
-0.510219
0.708377
0.433658
0.393218
0.272472
0.015199
-0.037347
0.646878
-0.512788
0.659779
-0.369756
-0.178504
-0.319113
0.271236
0.495350
-0.041381
-0.228066
0.657134
-0.403362
0.588400
-0.427232
-0.128762
-0.865409
-0.132301
0.003050
0.448645
0.403056
0.449421
-0.744658
0.315206
0.423939
0.022507
0.572588
0.266680
1.099334
-0.394013
-0.170684
0.369496
0.429187
0.083355
-0.428415
0.131797
0.384638
-0.104913
-0.336213
0.246548
0.548670
0.598183
0.276851
-0.029384
-0.106416
0.086356
0.118081
-0.005667
0.176673
0.284604
-0.070293
0.501376
0.399794
-0.146635
0.469776
0.491802
-0.422727
0.906024
0.056442
0.557744
0.262023
-0.104839
0.537838
-0.560844
0.396939
-0.394486
-0.152374
0.196074
0.219645
0.098951
0.624267
-0.613732
0.646181
0.174474
0.875828
0.083438
0.146564
-0.065713
0.925848
0.565230
0.914423
-0.175744
0.389482
-0.035137
0.055056
0.524616
0.162412
0.723948
0.048579
0.154585
0.332748
-0.515732
-0.918150
-0.216956
0.076618
-0.652171
0.185878
1.089194
1.052165
1.112828
0.642784
0.391239
0.329229
-0.659757
-0.388215
-0.466764
0.369380
-0.123903
0.844670
-0.239780
0.137171
-0.880782
-0.489163
-0.102210
-0.134801
0.545098
0.939474
-0.256372
-0.529164
-0.033809
0.687143
-0.088892
0.001806
0.139094
0.232035
0.231675
-0.367925
-0.360174
-0.301824
-0.119768
-0.204185
0.211802
0.663584
-0.306172
0.194845
-0.269934
0.333911
-0.439964
-0.050550
-0.447304
0.031076
-0.411728
0.366558
0.512783
0.153457
-0.395813
