0.373640
0.772765
-0.858839
0.670908
-0.285514
0.602347
-0.033798
0.091970
0.228433
-0.146752
-0.779652
-0.002971
-0.441424
-0.590363
-0.505208
0.251688
-0.246745
-0.862846
0.218392
0.124057
0.738320
-0.939280
-0.770572
-0.681307
-0.849492
-0.188263
0.258938
0.580752
0.357140
0.259142
-0.168836
0.511659
0.003183
-0.705520
-0.768014
0.605476
-0.061538
-0.413132
-0.778404
-0.049464
-1.128157
-0.443987
0.211748
-0.008438
-0.616567
0.232982
0.047124
-0.531179
-0.687495
-0.799813
0.149014
0.129375
0.752302
-0.073898
-0.494469
0.594031
0.780647
0.222999
0.554536
0.129815
0.524574
0.467606
-0.144075
0.205730
-0.179289
0.052827
-0.114120
0.747079
-0.068202
0.200260
-0.468743
-0.679311
-0.806831
-0.287104
-0.435282
-0.499041
0.003593
-0.437104
0.040473
-0.294484
-0.711308
-0.209992
0.304041
-0.507383
0.360728
-0.309793
-0.262706
-0.926613
0.400500
-0.436555
0.084140
-0.695528
-0.022279
0.063121
-0.567581
-1.126863
0.424720
-0.751292
-0.562400
-0.547835
0.046287
0.078829
-0.467743
-0.249114
-0.016073
-0.608318
-0.034539
-0.418914
0.732308
0.087767
-0.600875
-0.424591
0.486937
0.556254
0.097098
0.135202
-1.164145
0.327139
0.470627
0.237685
-0.192316
0.093917
-0.681325
0.386335
-0.312920
-0.436414
-0.804183
0.054585
0.340506
0.201557
0.336260
0.345447
0.001265
0.255083
-0.078913
0.142316
-0.062593
0.011769
-0.066348
-0.122689
0.368271
0.054087
0.305930
0.073111
0.217355
0.216685
0.451135
0.204025
0.103292
0.369658
