-0.508292
-0.012945
-0.390143
1.021031
0.468630
-0.318091
0.685021
0.295830
0.952586
0.103764
0.587818
-0.365833
0.178538
0.563006
0.538548
-0.185278
-0.828229
-0.864133
-0.859232
0.379287
-0.564996
0.857999
0.420003
0.395352
-0.198665
0.474405
0.523264
-0.480150
0.104917
-0.018632
0.639297
0.104158
0.339413
0.728544
0.103542
-0.000894
-0.670700
0.099560
0.013145
0.209300
0.246807
0.247522
0.569736
-0.195112
0.146104
0.086936
-0.166946
0.320168
0.316568
0.733334
-0.172939
-0.212442
-0.229259
-1.067930
-0.213174
-0.437788
-0.475169
-0.260081
-0.274254
0.091254
0.389346
-0.803129
-0.019880
-0.330949
0.113440
-0.239247
0.235408
0.382944
-0.094076
0.588251
0.153043
-0.047331
0.116537
-0.101754
-0.032072
0.764856
0.960798
0.064998
-0.659161
-0.340249
0.438664
-0.525639
0.392740
0.458266
-0.049517
0.226467
0.340281
0.048480
-0.693722
-0.128383
0.567003
-0.098411
-0.369180
-0.778164
0.737192
0.064325
0.836819
-0.778524
0.239379
0.450509
0.150712
-0.831005
0.563006
0.690842
0.285349
0.253583
-0.387493
0.140775
0.297777
-0.159524
0.143420
-0.102077
-0.019312
0.566143
-0.085360
-0.564996
-0.850413
-0.827945
-0.120272
-0.371918
-0.486599
-0.125467
-0.371623
0.105600
0.107484
0.164959
0.019548
0.143369
-0.117014
0.125287
-0.128570
0.414037
-0.061124
0.493490
-0.300219
0.793299
-0.529877
0.194578
-0.290671
-0.156566
0.227727
-0.145072
0.055146
-0.466361
-0.395315
-0.424535
-0.310700
-0.045196
-0.934926
-1.055619
-0.546061
0.112604
-1.014874
-0.304755
-0.333069
-0.048324
-0.922661
0.465558
-0.261326
-0.029394
-0.194358
-1.275216
-0.686141
0.105677
0.005763
0.033281
-0.452739
-0.025193
-0.668274
0.541367
0.639240
-0.024105
0.592597
0.719912
0.860626
0.565157
0.194098
-0.148620
-0.290687
0.003462
0.458964
0.602088
0.110710
-0.126686
0.308896
-0.097943
-0.150218
-0.556206
0.066320
0.502969
-0.344183
0.396631
-0.111978
0.363403
0.634114
0.038952
-0.789493
-0.274857
0.224869
-0.653665
0.126693
