0.293302
-0.259022
0.959747
-0.001013
-0.150735
-0.077109
-0.162968
0.277971
-1.143551
0.785355
0.112419
-0.541773
0.771135
0.181324
0.539234
0.718016
0.890092
0.104977
0.630474
0.529905
0.836728
0.480205
0.090700
0.753713
-0.269229
0.765543
-0.239402
0.201266
0.490352
0.372419
0.494832
0.936775
1.029462
-0.162329
0.668411
0.583223
0.128301
0.850719
0.062037
-0.329051
0.245419
-0.243875
0.761228
-0.391377
-0.150709
-0.731358
0.654173
0.019751
0.268532
-0.364445
-0.184840
0.342653
-0.454666
-0.927567
-1.240462
-0.745421
-0.510070
-0.421471
0.354481
-0.221833
-0.095749
0.762459
0.704923
-0.440786
-0.229957
-0.021447
-0.437283
0.554535
0.659361
-0.322810
0.369509
-0.414767
-0.257501
-0.158300
-0.991359
-1.016675
0.399202
-0.156195
-0.979376
-0.350060
0.392535
-0.158736
0.049898
0.718016
-0.162017
-0.665291
0.656269
-0.049488
0.020258
0.874799
0.838370
0.848358
0.691145
-1.002872
-0.727366
-0.472879
-0.688886
0.531513
0.011240
-0.109349
0.249084
-0.329659
-0.196285
-0.987905
-0.876583
-0.143766
-0.174950
-0.495452
0.154254
-0.020054
0.449908
0.129395
-0.506884
-0.548978
-0.357811
0.762459
0.023885
0.752052
0.510722
-0.140340
0.208555
0.059504
-0.250265
-0.655667
-0.596514
-0.921294
-0.344323
-0.357348
-1.383463
-0.656269
0.374577
-0.981465
-0.158736
-0.564308
-0.317009
0.049898
0.395317
-0.451147
0.340753
0.183775
0.093773
0.100020
0.097016
0.151135
0.291890
0.051968
0.049555
0.143833
0.167932
0.119834
0.531591
-0.260449
0.070252
0.212120
0.185345
0.329851
0.349070
0.281570
-0.076062
0.242359
0.361352
0.065932
0.315198
0.267709
