0.560955
0.304673
0.952771
0.186216
-0.345189
-0.215513
-0.618908
0.800076
-0.541909
-0.336032
-0.307874
-0.537766
-0.258587
-0.574531
-0.768540
-0.735958
-0.324463
-0.381291
0.058800
-0.530605
-0.736512
0.176748
0.116064
-0.030227
0.483853
-0.059452
0.045881
-0.074541
-0.444621
-0.291157
-0.449919
0.163232
0.087559
0.223514
0.554268
0.385019
-0.333681
0.180667
0.016032
-0.364693
0.655012
-0.377463
-0.321140
0.386372
0.399381
-0.219884
0.108914
0.009070
-0.187823
-1.076894
-0.648985
-0.105694
-0.843942
1.156359
0.184996
0.557279
-0.201897
-0.885425
0.041804
0.599565
0.733763
0.383975
-0.236482
-0.491856
-0.423376
0.303058
-0.251024
0.171344
0.079392
0.218835
-0.179266
-0.247968
0.007964
0.149988
-0.133739
0.137778
-0.015374
0.049160
0.285926
0.052885
0.122873
0.196998
0.095273
0.105378
0.231310
0.191998
0.056350
-0.002546
0.351109
0.274087
0.318052
-0.101295
0.084379
0.182020
0.388069
0.321409
-0.058897
0.028866
-0.146728
0.216312
0.260681
0.177161
0.371393
0.267693
