0.572919
0.779981
0.216739
-0.086594
-0.753568
-0.013627
-0.829267
-0.279593
-0.426362
0.149978
0.716249
-0.632000
-1.078745
0.931414
-0.445680
-0.321884
0.223558
0.406541
-1.466845
0.221281
-0.001671
0.185514
-0.020392
0.122719
-0.720435
-0.313989
0.018310
1.017186
0.607558
1.004344
1.047726
0.206396
-0.095800
0.043839
0.303809
-0.289779
1.118550
0.612876
0.360950
0.426391
-0.313308
0.227747
0.121282
0.436385
0.562718
0.479831
-0.570187
0.214478
0.012897
0.300692
0.277838
0.621029
-0.083475
0.541240
0.216933
0.888400
-0.181433
-0.899408
-1.138140
0.137495
0.367099
0.462769
0.028804
-0.308986
0.198178
0.109395
-0.042369
0.439988
-0.356187
0.000985
-0.164637
0.100076
-0.004284
0.296908
0.015949
0.327594
0.003212
0.347030
0.515962
0.282437
0.196571
0.311541
0.127221
0.533622
0.120098
0.419559
0.271821
0.181765
-0.170833
-0.373466
0.426520
