-0.697992
-0.070291
0.543187
0.105298
0.103896
0.589818
-0.318281
-0.067860
-0.019162
-0.157156
-0.151743
-0.270319
-0.754254
-0.442484
0.650257
0.215174
-0.724764
0.776034
0.270901
0.800201
0.245647
0.960760
0.080766
0.545098
-0.596698
0.215385
0.431014
0.150887
-0.162290
0.285798
-0.492008
-0.356827
-0.379408
-0.311885
-0.788015
-0.966728
-0.363869
-0.388771
0.744683
0.847617
0.439535
0.973406
-0.093227
-0.142229
-0.615610
-0.075121
-0.076566
-0.301727
-0.024364
0.005877
-0.009072
-0.268263
-0.010072
0.073982
0.173473
-0.026435
-0.026378
-0.302806
-0.842310
-0.078173
0.328128
0.062104
0.327351
0.389957
0.128461
0.357362
0.195970
-1.076240
-0.122585
0.652214
-0.214185
0.512054
0.916265
-0.319204
-0.261366
-0.276019
-0.096595
-0.320209
-0.053542
0.270256
0.035217
-0.141608
0.620489
0.966092
0.831031
0.133650
0.296886
0.435429
-0.076211
-0.403507
0.390582
0.471083
-0.622023
0.466738
0.572307
0.361104
0.533116
0.354598
0.450026
0.062045
0.276067
-0.752466
0.242338
0.482269
-0.649759
0.321356
0.209656
-0.025979
-0.032509
0.670496
0.135870
-0.561404
-0.098290
-0.183817
-0.089844
-0.171066
-0.225233
-0.363586
0.694558
-0.250463
0.007581
0.471197
-0.790436
0.121305
0.514636
0.694763
0.054448
-0.035996
0.342886
0.308030
-0.552818
-1.002641
0.282857
-0.754969
-0.106028
-0.294931
0.740849
-0.100112
0.962287
0.247990
0.296665
0.291026
0.537615
-0.009914
0.327596
-0.110763
-0.152353
-0.210051
0.440679
0.223509
0.321056
0.141597
0.260462
0.299971
-0.185419
0.475601
-0.293870
0.296840
0.165046
-0.105624
0.319554
-0.006476
-0.332840
-0.027648
0.202149
0.567079
-0.208641
-0.332307
-0.081645
-0.151855
-0.152772
-0.200356
0.104566
-0.049210
0.109285
0.122931
0.102405
0.097274
0.061376
0.217901
0.248866
0.296187
0.657437
0.059345
0.159493
0.020352
0.010443
0.102121
0.309827
0.192106
-0.118532
-0.268986
0.126744
0.225751
0.379274
0.414734
0.072978
0.503560
0.541491
0.150809
0.302648
-0.225196
0.525947
0.313200
0.154720
0.113073
0.247747
0.270750
0.160256
-0.210569
0.055130
