0.214313
0.608249
-0.026393
0.635370
0.064921
0.346899
0.768953
0.076666
0.494341
0.365947
0.262003
-0.204810
-0.147887
0.487088
0.306286
0.028783
0.812580
0.262195
-0.426617
0.282362
0.625028
0.532192
0.253280
0.901707
0.247832
-0.538648
-0.453896
-0.952348
0.046615
-0.006578
0.266671
-0.060662
-0.064983
-0.607053
0.766772
-0.096720
-0.107137
0.944269
-0.084404
0.682064
0.673048
0.365285
-0.563198
0.501477
-0.506413
-0.569582
0.038840
0.649023
0.277476
0.415455
-0.448890
-0.764122
0.230747
-0.302579
0.687902
-0.446159
0.088295
-0.055599
-0.746294
-0.078032
-0.426241
0.145827
0.330038
-0.676615
0.189578
0.131170
0.252373
0.764362
-0.126851
-0.490044
-0.167722
-0.080772
1.027458
0.539268
0.327524
0.146220
0.640647
-0.057969
0.241506
-0.825478
0.635607
0.321330
-0.116894
-0.573884
-0.166822
0.233584
-0.822280
-0.066248
-0.733172
0.025430
-0.370383
-0.105154
0.757916
-0.790970
0.288655
-0.307600
-0.024579
0.011666
0.370593
-0.235580
-0.333501
0.030411
-0.243038
0.959900
-0.263210
1.455621
0.927163
-0.041184
0.204736
0.129032
-0.380022
0.210120
0.317427
0.295698
0.143233
-0.167325
-0.488926
-0.196563
-0.255372
-0.214755
0.150957
0.609837
0.615445
0.013078
0.124013
-0.198171
-0.386355
0.587057
-0.529915
-0.540957
0.117067
-0.651020
0.341056
0.324477
-0.081641
0.762315
0.585597
0.153273
0.494346
0.643366
-0.243465
0.632435
0.257454
0.088115
0.331533
0.375944
-0.170907
0.152962
0.088856
0.258894
-0.139095
-0.104545
-0.513800
0.044414
0.063277
0.245900
0.289468
-0.237150
0.221126
-0.129947
0.006773
0.132630
-0.048714
0.101932
-0.084123
0.171683
0.177984
-0.229436
0.351034
0.207614
0.026635
-0.207250
