-0.741668
-0.196548
0.689562
0.269577
-0.899684
-0.435786
0.437797
0.532838
0.527869
-0.531520
0.062962
0.848564
0.512696
-1.592498
0.830240
-0.062673
0.533116
-0.261577
0.079826
-0.209578
0.601979
0.129427
0.631171
-0.037475
-0.114470
-0.375223
0.212240
-0.512960
-0.518847
0.323440
-0.203311
-0.604360
-0.513949
0.629222
0.911047
-0.159599
-0.303024
0.626982
-0.420824
0.384452
0.082729
-0.491245
-0.631706
-0.337193
0.082983
-0.105041
-0.197752
-0.653995
-0.877181
-0.234635
-0.518997
0.982166
-0.293189
-0.550197
0.250988
-0.802248
-0.465139
0.221601
-0.560368
-0.373245
-0.183640
-0.552849
0.100112
-0.072161
0.162291
-0.252558
-0.075598
-0.315010
-0.281726
0.385513
-0.123432
-0.749163
-0.572205
-0.159337
-0.187324
-0.644481
-0.201281
-0.057035
-0.232442
0.128643
0.117170
-0.133326
-0.295836
-0.714694
0.518846
-0.244523
-0.806246
-0.174679
-0.697368
-0.481294
-0.282898
-0.411997
-0.822809
0.172529
-0.992538
-0.791138
0.241939
-0.140422
-0.227243
-0.359694
-0.792597
0.233854
-0.365145
-0.581952
-0.212096
0.133578
0.240062
-0.271063
-0.100442
0.034710
0.406186
-0.015944
0.573354
0.385650
0.269564
-0.083568
-0.205627
0.233804
0.123361
-0.519619
0.220607
0.462143
0.426624
0.501500
0.516749
-0.268874
0.119030
-0.892395
-0.210475
-0.258004
0.155534
-0.126692
0.069129
-0.807110
-1.061921
-0.558599
-0.550941
-1.183801
-0.450344
-0.618498
-0.726992
-0.865215
0.519888
-0.477723
-0.550418
0.637639
-0.153669
-0.343787
-0.372139
-0.546674
-0.219025
-0.468860
-0.001124
0.171663
-0.102772
0.169754
0.079554
-0.074493
-0.216961
0.505069
0.469237
0.298618
-0.373435
-0.334485
-0.591704
-0.394077
0.133433
-0.180986
0.772859
0.787340
-0.149017
-0.300571
0.319416
0.024952
0.312986
0.111066
-0.030406
-0.517201
0.108214
-0.222610
0.163938
-0.135207
-0.011159
0.245655
-0.641786
0.286649
-0.134351
0.206700
-0.262295
-0.122381
0.109272
0.119601
0.177971
0.157869
0.320085
