0.309855
0.020636
-0.184697
0.314517
0.025977
0.218483
-0.149819
-0.873742
-0.759659
-0.540221
-0.342069
-0.553871
-0.613367
-0.191437
0.002815
0.248791
0.673362
-0.164218
-0.072307
-0.543378
0.742359
-0.151634
-0.037735
-0.676832
-1.115440
0.067538
0.715874
-0.374518
0.911921
-0.614376
0.292210
0.108088
-0.143448
-0.109741
0.472849
-0.248460
0.031089
-0.503730
-0.831453
-0.043416
-0.805861
-0.318787
-0.597493
-0.094136
-0.229061
-0.676939
-0.183078
-0.465018
0.433265
0.339131
-0.600001
-0.100127
0.180171
0.187622
-0.311581
-0.360669
-0.057405
-0.350355
-0.697708
-0.268809
0.396828
-0.470894
-0.990359
-0.179354
-0.487739
0.481834
0.206040
0.177764
-0.472053
-0.130861
-0.018846
-0.226709
0.297933
-0.429377
0.012828
-0.028564
-0.351165
-0.286991
-0.267492
0.095763
0.378953
-0.028909
-0.130362
0.432471
-0.027457
0.429583
0.528843
-1.013321
0.063589
0.710087
-0.193501
-0.125232
-0.027082
0.430778
0.219761
-1.143934
0.077736
-0.032100
0.342100
0.591577
0.309535
0.149129
-0.073092
-0.039719
0.548932
0.089060
0.466477
0.891906
0.744864
0.759366
0.060528
-0.142368
-0.298628
0.274095
0.341059
0.007777
0.065757
0.033509
0.184341
0.065669
-0.098205
0.255628
-0.081343
0.430868
-0.244037
-0.531438
0.260802
0.069989
0.249533
-0.229953
0.412761
-0.833928
-0.311748
0.349772
-0.258368
0.551332
0.120040
-0.259402
-0.103250
0.465654
0.045138
0.589100
0.392605
0.458239
0.548083
0.556586
0.349851
0.448029
-0.179354
0.155778
0.185220
0.206040
0.293464
0.522649
0.185888
0.565064
-0.759550
-0.526239
0.559007
-0.092519
0.370851
0.384927
0.667602
-0.011769
1.132096
-0.142548
-0.350597
0.239247
0.936044
0.084680
0.767663
-0.210806
0.004041
-0.019357
0.058615
0.149125
0.332966
-0.713969
-0.314182
0.023679
-0.831152
-0.606441
-0.056869
0.387545
-0.504646
0.382258
-0.348590
-0.223326
0.924689
0.918973
0.357349
-0.008997
0.397144
-1.067324
0.519501
0.088056
-0.002524
-0.541393
0.775506
-0.917063
0.142143
0.403888
1.012868
-0.207645
-0.733550
-0.697393
0.442680
-0.757352
-0.963380
-0.687884
0.340013
0.289853
-0.205944
-0.702584
0.469809
-0.331160
-0.046362
-0.742375
-0.936967
0.044713
-0.459242
0.023024
-0.352911
-0.708490
0.131967
-0.107858
-0.108123
-0.310312
-0.307369
0.004302
0.350928
0.123007
-0.976919
0.034720
-0.107716
0.230445
0.065517
-0.042952
-0.031350
0.153882
0.059498
0.059546
-0.258256
0.202956
0.433012
-0.046447
-0.361028
-0.085462
-0.098943
0.088638
-0.002293
0.025475
0.027816
0.106062
-0.147819
0.095109
0.073764
-0.135141
-0.022780
0.414804
-0.252253
0.260092
0.264147
0.297925
0.410625
0.301133
0.031390
0.285951
0.066344
