-0.151702
0.154393
-0.024377
-0.707634
0.540577
0.035809
-0.067406
-0.009570
0.232819
0.058612
0.165048
-0.658916
-0.151086
0.079249
-0.535713
-0.672074
0.095013
0.122957
-0.082239
-0.278848
0.029304
0.519144
-0.416916
-0.196630
0.130458
0.686656
-0.387840
0.223088
-0.662201
0.236576
-0.258257
-0.048806
-0.562082
0.055889
-0.327405
0.251054
-0.501055
0.692179
-0.569401
-0.286445
-0.206361
0.442624
0.321647
0.021295
0.478701
0.012395
-0.349992
-0.436764
0.304085
-0.025149
0.168581
-0.284355
0.128046
-0.116318
-0.828379
-0.340531
-0.419271
-0.106176
-0.620031
0.446395
-0.596825
-0.186765
-0.848457
0.187342
0.325995
-0.973203
0.441772
0.692179
-0.224236
0.236133
0.442201
-0.013471
-0.258178
0.487983
-0.018327
0.456417
-0.026184
-0.056365
0.050633
-0.198852
0.314276
-0.363191
-0.166099
-0.455227
0.384642
0.091181
0.342043
0.221569
0.166718
0.166315
0.372151
0.390140
0.321212
0.423907
0.493336
-0.099697
0.389532
0.425310
0.285814
-0.200611
0.118397
0.172918
0.045833
0.263362
