0.580377
0.614816
-0.584399
0.053798
-0.056587
-0.322369
-0.400093
0.853521
-0.023240
-0.113851
-0.107946
-0.672273
0.187127
0.149469
0.033831
0.146135
0.264307
-0.036281
-0.402609
-0.168339
-0.532772
-0.689473
0.605325
0.651238
-0.307533
-0.047354
-0.237560
0.398210
0.314663
-0.217614
0.233937
0.364576
0.069990
-0.196165
-0.530252
-0.409178
-0.070522
-0.652822
-0.575594
0.370222
-0.023458
-0.229107
-0.398787
-0.115265
0.052997
0.393747
-0.172755
0.404663
-0.908683
-0.325685
0.221238
0.467890
-0.294866
0.118827
-0.300140
-0.205591
-0.665428
-0.065528
-0.378790
0.159050
-0.579549
-0.862879
-0.090940
-0.575714
-0.872958
-0.851944
-0.967316
-0.155881
0.072527
-0.271705
0.593577
0.069560
-0.163350
-0.064076
-0.720414
-0.841586
-0.252136
0.672613
0.297139
0.124589
0.019948
0.149469
-0.346708
0.065317
0.234965
0.395914
1.008598
0.351060
-0.714624
0.309793
-0.415514
-1.008397
-0.501278
1.637206
0.278833
0.782281
-1.051358
0.370053
-0.046836
0.114340
0.380246
-0.920605
-0.697726
0.909412
-0.815400
-0.387616
-0.561309
-0.309357
0.203258
-0.467131
-0.956200
0.211447
0.409336
0.199597
-0.430345
-0.078601
-0.136078
0.276059
0.207710
0.277300
-0.394537
0.338003
-0.554053
0.474661
0.248660
-0.115265
1.100281
-0.521901
-0.761756
-0.398068
-0.566362
-0.016479
0.718999
-0.073799
-0.901498
0.132028
0.030371
-0.960312
-1.139728
-0.395952
0.281090
-0.501764
-0.184498
-0.182837
0.805257
0.166116
-0.486077
-0.102673
-0.595916
0.577648
1.078340
-0.110510
1.369949
0.628968
0.685943
0.843949
1.032975
-0.101776
-0.370122
-0.187475
0.297139
0.095486
0.236556
0.696742
-0.177204
0.565572
-0.418002
-0.289659
0.326718
-0.054088
0.726405
0.711845
-0.054337
-0.431465
-0.439036
-0.750478
0.266352
-0.237693
0.915409
1.222621
-0.602353
-0.214649
0.786575
0.477714
0.471309
-0.100315
-0.160370
1.032294
0.658367
-0.803318
0.217708
0.131408
0.575972
-0.379667
-0.256080
-0.383767
0.278492
0.348616
-0.234267
-1.205789
0.407497
-0.299625
-0.154904
-0.697696
-0.420495
-0.072916
-0.699434
0.422635
-0.308581
-0.610834
-0.438158
-0.187351
-0.219066
-0.323629
0.404179
0.308007
-1.017274
0.447047
0.345388
0.359698
-0.842897
-1.380377
-0.501764
-0.184498
0.041825
-0.034323
-1.464570
-0.744158
0.365209
0.343734
-1.324220
-0.034006
0.480055
-0.109733
0.117217
0.206968
-0.094012
0.360666
0.385748
0.024178
0.276518
0.076165
0.280852
-0.300931
0.137366
0.180972
0.067192
0.455983
-0.718955
0.237766
0.599366
0.382734
0.338936
0.367622
0.015364
0.304605
-0.286297
-0.070741
0.307376
0.145260
0.230374
0.082340
0.187718
0.076887
0.242534
0.304605
0.183885
0.294883
0.068431
0.325652
0.271676
0.018325
0.256199
0.127633
-0.074758
