-0.442546
-0.226335
-0.169219
-0.342992
-0.740178
0.046280
-0.382128
-0.806894
-0.970429
0.039392
0.464773
0.422262
-0.888721
-0.181121
0.584448
0.090070
0.186319
-0.213095
-0.807010
0.429486
0.205294
-0.780106
0.596859
0.162040
0.350963
0.083979
-0.591389
-0.341342
-0.077422
0.665109
-0.608270
0.366978
-0.769731
-0.139239
0.195676
-0.387866
-0.231857
0.119610
0.405551
0.159926
0.011916
-0.048784
0.428207
0.593996
-0.554929
0.637250
0.554833
0.490455
0.130047
-0.428177
0.135353
-0.045406
-0.144402
0.297875
-0.038151
-0.140978
0.261472
-0.228497
-0.494025
-0.056115
0.184713
0.071324
-0.963379
0.334105
-0.241694
-0.039692
0.418740
-0.036697
-0.480535
-0.484061
-0.096177
0.208304
-0.310745
0.161230
-0.000404
0.616789
-0.160233
-0.740445
0.142201
0.541199
0.261580
-0.049171
0.229777
0.105591
0.418889
0.320607
0.159208
0.053348
0.394423
0.172108
0.434565
0.148869
0.204011
0.381173
0.268562
0.164942
0.336136
0.184773
-0.217230
0.200732
0.093273
0.185103
0.254795
0.119561
0.171903
