-0.230917
-0.171254
0.115617
0.433901
0.400350
1.005082
-0.361548
0.676877
-1.186899
0.168709
-0.288193
0.680076
0.347447
0.299526
-0.333074
0.357375
0.443426
0.585583
0.436385
-0.464763
0.030656
0.272569
0.180116
0.485232
-0.448240
0.503951
-0.499173
0.512343
0.387267
0.480402
0.220937
0.654822
0.413600
0.060557
0.035790
0.273067
-0.364090
0.588758
0.269156
0.962438
0.341279
0.075624
0.107545
-0.162625
0.010886
0.064400
-0.452599
-0.165718
0.057904
-0.075866
-0.295529
0.084415
0.004026
0.100955
-0.527501
0.412712
-0.558877
-0.109225
-0.404001
0.361819
0.748445
-0.743400
0.419082
0.315522
0.247720
-0.057971
0.343422
-0.244374
-0.304496
0.455501
0.683684
0.255103
0.406311
-0.012881
0.228053
1.019366
-0.334724
-0.830042
-1.127429
-0.188503
-0.426333
0.152640
-0.853425
0.601344
-0.367135
0.010563
-0.416223
0.397038
0.176484
0.365293
-0.833158
-0.162321
-0.524415
-0.427625
-0.349516
-0.056480
0.887387
-0.442467
0.702707
-0.103298
0.407448
0.371920
-0.239000
0.353484
0.399968
-0.312457
0.168040
-0.680677
0.789286
0.346595
-0.225294
-0.173143
0.065465
-0.061238
0.184242
-0.340242
0.066370
0.072697
0.117255
0.130143
0.031204
0.211411
0.281015
0.060085
0.418333
0.643095
-0.135085
-0.292890
-0.034860
0.346531
-0.015755
0.095899
0.321864
-0.233660
0.186700
0.337228
0.284726
-0.032810
0.231230
0.189892
0.348335
0.247401
0.158927
0.113708
-0.076333
-0.135816
0.250634
0.500474
-0.462087
-0.798926
0.066381
