-0.805664
-0.447226
0.345539
0.385699
-0.294443
0.384980
-0.443205
-0.302740
-0.320846
-0.716128
-0.047907
-0.158850
-0.331518
-0.202100
-0.241604
-0.076222
0.357798
0.035859
-0.967645
-0.213579
-0.046857
0.061684
-0.240348
-0.091433
0.074688
-0.415224
-0.904029
-0.178178
-0.474615
0.100154
-1.097039
-0.824443
-0.868086
1.140596
0.138102
-0.290757
-0.789487
0.584583
-0.507246
-0.727434
-0.511380
-0.896028
-0.409238
-0.064573
-0.642329
-0.896854
-0.963077
-0.200684
-0.450333
0.365546
0.013688
-0.087582
0.086678
-0.330158
-0.386871
-0.000462
-0.176786
-0.036116
-0.500921
-0.212031
0.173447
-0.019684
-0.501169
-0.588280
-0.701888
-0.174270
0.312435
0.909871
0.314244
-0.115564
-0.390903
-0.148951
-0.608361
-1.162402
-1.173205
0.070582
0.189804
0.299279
-0.350117
-0.179167
0.263715
-0.006068
0.776919
-0.266945
0.002872
1.000899
-0.606832
-0.524576
-0.577227
-0.267508
0.157924
0.434687
0.506870
0.393685
0.283994
-1.252545
-0.398096
0.367097
-0.341560
-0.243435
0.072150
0.101443
0.038929
-0.110005
-0.391199
-0.200150
-0.255745
-0.371785
-0.191944
0.120562
-0.040873
0.239831
0.297800
-0.089154
-0.112581
-0.168890
0.412919
0.063514
0.201369
-0.013615
-0.067093
0.424794
0.417263
0.176126
0.352462
0.230567
-0.208136
0.299671
