-0.365284
-0.057427
-0.648286
-0.124256
0.087766
-0.142029
0.314265
-0.446071
0.247116
0.044660
0.617779
0.243565
-0.042791
-0.223152
0.745134
0.259729
0.458282
0.147398
-0.656462
-0.337626
0.211763
-0.090620
-0.615019
0.337409
0.024965
0.474689
0.143670
0.153322
0.493224
0.214263
-0.157707
0.225565
0.217701
0.092066
-0.124688
0.170156
-1.174241
-0.435598
0.781002
-0.488472
-0.680320
-0.081193
0.414068
0.812741
0.833761
-0.064931
-0.206328
0.181768
-0.126988
-0.703446
-1.852524
-0.851009
-1.127344
-0.359275
0.064652
0.236661
-0.019241
-0.019981
0.192304
0.105229
0.197398
-0.052580
0.278661
-0.076800
0.262258
0.093302
0.032738
0.194431
-0.082341
0.113555
0.322748
0.025843
0.157039
0.622194
0.368897
0.058227
-0.070826
0.662600
0.775335
0.540614
0.030065
-0.210428
0.310785
0.006488
