0.518009
-0.149211
0.514283
0.319074
-0.372439
0.253740
0.404641
0.545708
-0.092410
1.047102
-0.424273
0.281119
0.030050
-0.263383
0.178950
0.450599
-0.029546
0.453789
-0.175519
0.465028
-0.115937
0.659276
0.189687
-0.365481
-0.452869
0.046107
-0.225311
-0.275050
0.533006
-0.500693
-0.311481
-0.428572
0.749727
0.172565
-0.140109
-0.835731
0.433621
0.088286
-0.637157
0.652085
0.732707
0.515977
-0.406059
0.090012
0.175804
1.186310
-0.005130
0.011321
-0.519600
0.033167
0.772095
0.340381
0.800983
-0.054858
-0.291924
-0.064656
0.702620
-0.238914
-0.197114
-0.187028
0.295042
-0.335782
-0.004287
0.341800
-1.083952
-0.792209
-0.198764
0.464686
0.204563
0.167464
0.651799
0.254129
-0.013373
0.340161
-0.199616
0.546921
-0.148318
-0.016664
0.378136
0.728830
0.245830
-0.308646
0.530049
0.772370
0.534054
0.046823
-0.022244
0.223324
0.279122
-0.364637
-0.611877
0.259261
0.446484
0.448410
-0.098001
-1.155089
-0.142560
0.521585
-0.330657
-0.470525
0.113881
0.085575
-0.149609
-0.358592
-0.107566
-0.558514
-0.005581
-0.103101
-0.014252
0.610441
-0.171138
-0.158187
-0.730164
0.469646
-0.059181
0.602799
-0.190514
0.382957
0.713797
0.057223
-0.753300
0.433621
-1.039364
0.211975
-0.068326
0.114866
0.729400
0.152519
0.160922
0.138137
0.163558
-0.247818
0.273548
0.292992
-0.249543
-0.337156
0.177867
0.252576
-0.341351
0.098115
0.346911
0.191140
0.059550
0.013865
0.101383
