-0.898820
0.410241
0.386550
0.315742
0.611020
0.740136
1.145766
0.163855
0.160707
-0.272283
-0.140765
0.177866
-0.091080
0.404591
-0.010055
0.074865
-0.592798
0.854435
-0.729074
-0.859966
0.278304
0.100899
0.400984
-0.509882
-0.224329
0.397154
-0.219459
-0.199163
1.157603
1.520623
0.403742
-0.657207
-0.227475
0.579972
0.269329
0.615155
-0.212419
-0.697528
-0.893082
-0.207929
-0.452944
-0.309650
0.234265
-0.018004
-0.226206
-0.766777
0.367561
0.612592
0.284770
0.412106
0.420915
-0.281757
0.050126
0.312316
0.967541
0.537544
0.717407
0.541660
0.919838
-0.592822
-0.195696
0.082766
-0.457857
-0.498522
-0.164703
0.610483
-0.197896
0.269635
-0.182948
-0.698503
-0.100319
-0.237146
0.311786
0.368782
0.561811
0.552558
-0.732452
-0.105491
0.022178
-0.516733
-0.402606
0.626585
-0.211081
0.745856
0.946409
-0.031901
-0.189682
0.402888
0.591337
-1.032178
-1.643247
-1.325289
-0.763257
0.827034
-1.542712
-0.484753
0.187132
-0.351623
0.335245
0.867488
-0.147077
-0.045596
-0.543625
-0.513921
-0.018576
0.226965
0.645823
0.028364
0.593690
-0.032927
0.472387
-0.287573
-0.007287
-0.298923
-0.099768
-0.455781
-0.146398
-0.621039
-0.612299
0.693106
-0.146507
-0.381807
0.681202
-0.839409
0.209377
0.075343
0.307641
0.630071
-0.540059
-1.643247
-0.735650
-0.221725
0.501213
-0.015406
0.428563
0.794612
-0.169086
-0.096315
-0.317807
0.576111
-0.297619
0.020233
0.373817
0.985436
0.239952
0.226965
0.533826
0.033578
-0.414162
0.133721
-0.107167
0.799885
0.046257
0.463620
1.023747
0.126457
-0.184421
-0.143383
0.077728
1.093698
0.673272
0.757360
0.411994
-0.144358
-0.494021
-0.437756
-0.330801
0.136405
0.067079
0.131563
0.116072
0.132216
-0.021767
0.063185
0.085119
0.217145
0.059829
0.097327
0.217203
0.156750
-0.194418
0.053094
-0.255186
-0.033643
0.319776
0.199155
0.125055
-0.140794
0.245113
0.210946
-0.167611
0.002396
0.988138
0.076749
0.127937
0.266832
0.191780
0.294335
0.019780
0.090803
0.288664
0.392784
0.268230
-0.482884
0.275347
