-0.462070
0.100437
-0.368344
0.246751
0.300939
0.314993
0.102534
0.010041
-0.533495
0.465640
0.423791
0.055405
0.330656
0.132217
-0.039419
-1.049999
0.525296
0.945881
0.010520
-0.249110
-0.322311
-0.263624
-0.247434
0.214186
-0.185154
-0.914936
-0.385586
-0.127523
-0.874361
0.039396
-0.484761
0.264259
-0.113958
-0.466668
-0.735637
-0.124678
-0.513483
-0.442865
-0.310856
-0.574017
0.111757
0.286236
-0.595262
0.522921
-0.207643
-0.174301
-0.255878
-0.242304
0.183280
0.763638
-0.327418
0.181094
0.018726
-0.856196
-0.484489
-1.067812
0.418746
0.214159
-0.112009
-0.131054
0.692659
1.157474
0.867184
0.704087
0.487720
0.654502
0.692554
0.382287
-0.039269
0.122563
-0.137536
-0.134263
0.526068
0.472397
0.185516
-0.185497
-0.047807
0.802535
-0.758008
-1.523661
-0.729500
-0.057530
0.711520
0.082225
-0.742632
0.262850
0.392691
0.326505
0.186503
-0.481108
-0.140060
0.575236
1.139629
0.892036
-0.162767
-0.994514
0.668165
-0.077210
-0.072034
0.148137
0.109826
0.588312
0.668514
0.526941
-0.115449
-0.124678
-0.142342
0.515720
0.034469
0.101210
-0.257185
-0.310366
0.227934
1.159559
0.895546
-0.104948
0.330243
0.204634
0.674535
0.059203
0.392364
0.575330
0.245250
0.752542
0.323121
-0.097931
0.692646
-0.069315
-0.029826
0.125416
0.882515
-0.007423
-0.424388
-0.268442
-0.395336
-0.070903
-0.681590
0.603462
0.131379
0.335236
0.002533
0.213797
0.350457
0.151899
0.244255
0.171888
-0.070675
0.111946
0.357884
-0.014158
0.009187
0.115028
-0.098792
0.172570
-0.049297
0.231374
0.111955
0.131354
0.114549
-0.100575
0.457167
-0.119441
0.259089
0.712356
0.226583
-0.285739
0.409884
0.275060
-0.763103
0.304059
0.145481
0.259232
-0.080373
0.333235
0.140891
