-0.449494
0.409686
0.680563
0.015389
0.435398
0.430813
0.159676
0.689216
0.996721
0.127126
-0.657172
0.499500
-0.245768
-0.028100
0.201533
-0.545280
0.920385
0.889598
0.519162
-0.155846
0.320549
0.271215
-0.458074
0.909275
-0.066658
0.413799
-0.317470
0.251678
-0.163908
0.668218
-0.131221
0.323000
0.563102
-0.226824
-0.005076
0.136353
0.083383
0.140756
0.243853
0.243280
0.298098
0.851794
0.764389
0.817321
-0.035489
0.365434
-0.193297
-0.010088
-0.050749
-0.414789
0.157302
0.495504
0.548502
-0.096380
0.948222
0.324939
-0.149101
0.358675
-0.680896
0.748079
0.064727
0.211585
0.055068
-0.220862
0.136811
0.226677
-0.953840
-0.133461
-0.346155
-0.289220
0.036007
0.154643
-0.104280
-0.147250
0.336346
-0.116246
0.186894
0.015389
0.435398
0.617891
0.628326
-0.958220
-0.781471
-0.191012
0.730161
-0.163338
-0.216341
-0.129663
0.526627
0.007362
-0.210622
0.494628
0.608603
0.600903
0.041427
0.663598
0.094126
0.202528
0.025850
0.205763
0.517386
0.307257
0.729916
-0.040028
-0.173873
-0.020822
-0.132167
0.544311
0.126692
-0.830801
-0.364838
-0.534183
0.356044
0.007873
-0.215313
-0.169571
-0.292468
-0.739121
-0.052710
-0.187362
0.311389
0.345656
0.144146
0.195360
-0.104149
0.320643
0.567679
-0.254833
-0.567985
-0.898076
-0.395623
0.174133
0.304391
0.379660
0.366205
0.341473
0.058096
0.207799
0.235227
-0.104440
-0.310335
-0.048863
-0.058019
-0.104499
0.467618
0.267877
0.752492
0.450312
0.196588
0.197111
0.382022
-0.006022
0.243654
-0.225283
0.174435
0.447147
0.037277
