-0.188952
-0.352527
0.499722
1.122936
0.312609
-0.547660
-0.037978
-0.083668
0.000533
-0.089595
0.031834
-0.000603
0.666730
0.078088
0.235931
0.185978
-0.027472
-1.049301
0.434250
0.903195
0.159940
0.355590
-0.309356
0.400581
0.397429
0.482091
0.098104
-0.246298
-0.105942
-0.427038
-0.624206
0.183421
0.129665
0.151679
0.280401
-0.546253
0.383971
0.146417
-0.563465
0.210734
0.240934
-0.701726
-0.394891
0.025676
0.171551
0.022968
-0.656290
-0.262991
-0.539365
0.340327
-0.638011
0.134928
-0.007689
-0.361544
-0.564899
0.065078
-0.022472
0.000603
0.127575
0.330759
0.087367
0.380737
-0.252058
0.279416
0.265650
0.337253
0.368951
-0.873660
0.213815
-0.092683
0.282540
0.023702
0.009879
-0.287618
-0.368568
-0.113239
0.626070
-0.120299
0.502319
-0.085695
-0.074949
-0.290214
0.275176
-0.373278
0.229830
-0.172245
-0.416637
0.268863
-0.016939
0.319335
0.468946
0.158621
-0.169370
0.060711
-0.193209
0.168529
0.721558
-0.366782
0.138773
-0.209470
-0.422557
0.139968
0.342588
0.327384
0.451761
0.220952
0.387352
0.208878
0.126409
-0.092563
0.154022
0.426038
0.317608
0.242960
0.197687
0.398701
0.290224
-0.183068
0.852899
0.063904
0.601435
-0.003563
0.017359
0.161740
-0.485119
-0.048212
0.257413
-0.001531
0.141378
0.298305
0.026951
