0.802471
0.447231
-0.217102
-0.883360
0.021626
0.770652
-0.425273
-0.407908
0.044318
-0.489248
0.507854
0.990504
-0.509182
-0.960872
0.648452
0.458530
0.521446
0.122410
0.520945
-0.318924
0.883757
0.137871
-0.048304
0.211801
0.295469
-0.037810
0.156982
0.337168
0.183588
0.867404
1.040046
0.704216
0.167008
0.570787
0.949453
0.428178
-0.019290
0.298846
0.092591
-1.051851
0.576839
-0.477126
-0.228878
-0.550482
0.164248
-1.116041
0.298306
0.381763
0.123415
0.269510
-0.036150
0.018950
0.258697
-0.212086
-0.641842
-0.440355
-0.114908
0.782477
-0.218218
-0.032770
0.360947
0.233936
-0.320978
0.559654
0.230422
0.018715
0.387120
0.456852
-0.197742
1.094666
0.078408
-0.167855
0.160856
-0.283890
0.189289
0.491559
-0.315733
0.492124
-0.324609
-0.812278
0.129783
-0.303612
-0.338126
0.308712
-0.323359
-0.753497
0.100811
-0.217102
0.277027
-0.369111
0.412395
-0.940990
-0.007994
0.205304
0.066646
0.519450
0.287833
-0.478053
-0.757270
0.338115
0.553335
0.555272
0.377759
0.152372
-0.594586
-0.597592
1.362559
0.294504
0.366644
0.055431
0.646442
0.002773
0.387120
0.705583
0.308784
0.602270
0.694067
0.187516
-0.574337
0.582751
-1.195818
-0.274593
-0.168659
-0.756916
0.684996
0.616186
-0.127342
0.078225
0.427158
-1.241101
0.019478
-0.418868
-1.008855
-0.067210
0.511527
-0.214293
0.023849
-0.993167
-0.000205
-1.186851
-0.153599
-0.933083
0.211705
-0.392649
0.304412
-0.112110
-0.705555
0.463705
0.311374
-0.839529
-0.968549
0.064061
0.212722
-0.052696
0.124303
0.374645
0.218778
0.465616
0.570715
0.276577
-0.090175
-0.335342
0.026998
-0.217247
0.001977
0.372530
0.370726
-0.193781
-0.039535
0.200864
-0.078887
0.339990
0.279282
0.048346
0.062307
0.354148
0.071420
0.151094
0.086109
0.182498
0.154273
0.244353
0.079705
0.061846
