-0.840603
0.283322
-0.562050
-0.133235
0.482808
0.763107
0.099306
-0.065447
0.250707
-0.891991
0.016035
-0.225384
0.463644
0.258804
0.164770
0.390128
-0.479505
0.614079
-0.288510
0.359056
0.230707
0.450813
1.137581
0.068123
0.852862
0.104078
-0.450869
0.430560
-0.173469
0.299092
-0.574702
0.165125
-0.256801
-1.156462
0.311396
-0.066734
0.493389
0.188835
-0.029861
0.653024
-0.355174
-0.536732
-0.707948
-0.491794
0.226757
-0.150536
0.350770
0.362425
-0.334340
0.484258
-0.360174
-0.645377
-0.036361
-0.224449
0.321351
-0.182487
0.135178
-0.032565
-0.352553
-0.071075
-0.388731
-0.319071
0.080745
-0.009517
0.112080
0.353201
0.376741
-0.491774
-0.624921
-1.004243
-0.453655
0.318987
0.493840
0.166552
-0.137323
-0.501746
-0.474298
0.384700
-0.487685
-0.359717
0.274464
-0.043303
0.306854
-0.845421
-0.183617
-0.066579
-0.326574
-0.232687
-1.286340
-1.257254
-1.391656
0.081200
0.271301
-0.653324
0.479925
0.266170
-0.140122
0.335177
-0.310682
-0.759001
-0.264169
-0.288358
0.026396
0.018093
-0.476335
-0.222433
-0.377541
-0.055803
-0.760613
0.514359
0.542206
0.553232
0.290323
0.024966
-0.236170
0.511357
0.274837
-0.229769
0.624610
1.263821
0.848848
0.782745
0.174672
0.604627
-0.804682
-0.211257
0.105271
-0.407435
-0.101003
0.553142
0.082464
0.275412
0.118710
0.774147
0.857834
0.332307
0.401176
-0.803605
0.306854
0.046405
-0.984185
-0.469327
0.153526
0.236475
0.443162
-0.009815
-0.140528
-0.134513
0.616026
-0.895768
0.313779
-1.109440
0.662429
-0.084698
-0.262333
0.447888
-0.697613
-0.414638
-1.161702
-0.057565
-0.793899
-0.157201
0.659163
-0.336290
-0.320079
-0.020663
-1.155451
-0.064708
0.276420
0.167390
0.054713
0.195721
-0.177113
-0.163101
-0.513854
-0.543473
-0.718958
-0.132002
-0.435014
-0.721399
-0.227363
0.790307
-0.902063
-0.044259
-0.341708
-0.202674
0.221950
0.209069
-0.418370
0.080745
0.324527
0.486126
0.781233
0.565414
0.096455
0.353959
0.164461
-0.357575
-0.433652
0.067354
-0.164718
0.255770
0.128360
-0.204333
0.244532
0.083442
-0.179494
0.404300
0.157609
0.593756
-0.742785
0.451710
0.321659
0.004975
0.126913
0.272637
0.100387
-0.154205
0.318701
0.176052
0.171880
0.230234
-0.021640
0.410713
0.358772
-0.016888
0.173216
0.256308
-0.064972
0.038000
-0.378439
0.305919
0.184692
-0.057491
0.156250
0.035453
