-0.714559
0.125064
-0.635146
1.302941
-0.029029
-0.052350
-0.047705
0.866825
0.314974
-0.824041
0.498060
0.453293
-0.073770
0.411930
-1.460515
-0.141547
0.266090
-0.793018
-0.492955
-0.258124
-1.146603
-0.324500
0.061781
-0.348030
-0.096749
0.293768
0.607434
-0.267958
0.274320
0.597575
0.318789
0.498392
-0.297683
0.446702
-0.810165
0.541957
0.420074
-0.273179
-0.086116
-0.386084
0.332657
-0.294506
-0.455502
0.310135
-0.627481
-0.641907
-0.639200
-0.598000
-0.398439
-0.042618
0.472630
0.017799
-0.291523
0.664296
-0.474224
-0.016705
0.325214
0.075996
0.410246
0.659189
0.073863
-0.053669
0.338780
0.388975
-0.099444
0.193572
0.225276
-0.350492
0.424431
-0.081321
0.132773
0.225403
0.219256
-0.337609
-0.620735
-0.265172
-0.115123
-0.386252
0.270087
0.258616
0.330669
0.074898
0.531957
