0.094273
0.108497
0.762509
0.790138
0.150416
0.499734
-0.975618
0.127915
-0.302791
-0.926994
-0.033524
0.488291
0.340914
-0.067156
0.229446
0.627570
-0.540702
0.753120
-0.326293
0.614725
-0.168412
0.461568
0.357897
0.239053
0.464114
0.315384
0.259158
0.635313
0.723431
0.391710
-0.358240
0.570863
0.435828
-0.257289
-0.400142
0.020837
0.385590
-0.341165
-0.818212
-0.295013
0.061961
-0.718072
0.151476
0.487803
0.106802
0.267111
1.016267
0.269954
0.427508
0.592636
0.415968
-0.217918
-0.350985
0.377326
0.238002
-0.657060
0.251204
-1.207282
0.202275
0.623419
0.536196
0.320593
0.411999
0.034308
-0.142119
-1.247678
-0.126813
0.377936
0.462809
0.386643
0.198528
-0.342816
0.368341
-0.004349
0.105449
-0.005912
0.246058
-0.216321
-0.233253
-0.165512
-0.128437
-0.221921
0.294076
-0.333574
0.153462
0.311431
0.440870
0.313225
0.188981
0.013312
-0.058265
-0.297379
0.035108
0.059290
-0.295370
0.055521
-0.247685
0.582827
0.477062
0.360781
-0.489403
-0.166925
