-0.329809
-0.106740
0.071560
1.101817
-0.781351
0.453777
0.481453
-0.278322
0.082622
0.439660
0.126710
-0.803164
-0.324943
0.299922
-0.220054
0.934837
0.571535
-0.466995
-0.311615
0.571467
0.274533
-0.151111
1.092105
-0.113666
0.825073
-0.195633
0.109479
0.267560
-0.372722
0.771445
-0.148857
0.149982
0.471787
0.363443
-0.186912
0.081732
0.098954
0.505633
-0.674602
-0.238754
0.062018
-0.427993
-0.547346
1.001973
0.626357
0.804906
-0.214156
-1.027491
0.055737
0.472988
-0.463817
0.606795
1.262270
-0.334193
-0.057598
0.102890
-0.270119
0.399244
0.709755
-0.191670
-0.090064
-0.324566
0.156388
-0.309697
-0.692602
-0.374806
-0.249670
-0.343274
-0.121495
-0.519794
-0.795828
-0.290935
0.331528
-0.044909
0.516285
0.674784
-0.335131
-0.116393
0.312591
-0.674626
0.165814
-0.164442
-0.139355
0.433075
-0.847522
-1.181102
-0.725626
-0.598299
1.066617
0.106920
0.731776
0.303075
-0.392285
-0.295431
-0.459001
0.834546
-0.208768
-0.874177
0.349274
-0.595265
0.316622
0.559507
0.554135
0.043340
-0.206951
-0.742960
-0.453200
-0.231171
-0.331708
0.835541
-0.480304
0.453049
-0.984838
0.125096
0.196287
0.099305
0.652982
0.346236
0.354991
0.713661
0.974334
-0.136493
0.333842
0.600428
0.395215
0.651732
0.414546
0.127430
-0.045033
0.391856
0.008109
-0.200089
1.022219
0.092384
0.147797
-1.510597
1.289201
0.559407
-0.453200
-0.872196
0.107121
0.344960
-0.433594
0.237784
-0.192407
0.227417
-0.280004
-0.396320
0.685085
-0.036342
-0.384577
0.350972
-0.243796
-0.073342
-0.394934
0.018734
-0.218390
0.694804
0.210291
-0.086822
0.410528
0.058871
0.283412
0.085284
0.407796
-0.235237
0.232918
0.448536
0.181537
-0.049881
-0.267676
0.947378
0.454671
-0.346988
0.030995
0.214202
0.072184
0.405373
0.084414
0.055435
0.185002
0.250352
0.008383
0.471553
0.245872
0.162036
-0.386161
0.254928
0.018422
0.153152
0.030995
0.654132
0.112470
-0.080324
0.282995
-0.240566
-0.023465
0.028898
-0.082305
0.040536
0.227555
0.267127
0.350128
0.010490
0.401533
-0.008511
-0.909935
0.360804
