0.089458
0.012766
-0.406787
0.262108
-0.442242
0.231966
-0.009040
-0.185588
-0.359900
0.007857
0.343844
-0.113938
0.267008
0.223830
-0.255174
0.528856
0.001282
0.238411
0.661759
-0.989242
-0.579594
-0.032864
-0.326311
-0.784780
-0.366604
0.100989
-0.371654
-0.597177
-0.696643
-0.150358
-0.592804
0.215800
0.212718
0.133316
-0.074192
0.248008
-0.269489
0.175620
0.337011
-0.472099
-0.997673
0.270625
0.764608
-0.400095
-0.502335
-0.268077
0.196415
-0.983700
0.355047
-0.132430
0.010353
-0.312261
0.088838
-0.105500
0.082349
-0.208998
0.071583
0.129167
0.304075
0.516785
0.164346
-0.118844
0.929884
-1.080026
0.238411
-0.127386
-0.168556
-0.937086
-0.018309
-0.458417
0.131382
-0.370191
-0.729050
0.068400
0.341260
0.430543
0.548792
0.062121
0.858997
0.358781
0.604695
0.543142
0.295438
-0.132838
-0.813149
-0.226329
0.164282
0.554630
0.337545
-0.258050
0.373228
0.286812
-0.812665
-0.262439
-0.116915
-0.459084
-0.235179
-0.045795
-0.001748
0.570614
-0.148796
-0.138636
-0.124555
0.495347
-0.491894
0.569708
-0.452207
0.251777
-0.003716
0.412560
0.305097
-0.029690
-0.131483
0.384412
0.236633
0.283684
0.118710
0.501137
0.078694
0.280011
0.005427
0.233310
0.054529
-0.274440
-0.188063
-0.376507
0.187685
