0.063673
0.583843
-0.199952
0.162799
0.391466
-0.182596
-0.421476
-0.006905
-0.171592
1.122192
-0.056289
-0.322153
-0.423491
0.373326
0.639266
0.662042
-0.511310
0.407050
0.073043
-0.087331
-0.565230
-1.476784
-0.048044
0.161855
0.009659
-0.516812
0.626148
-0.130089
-0.119483
-0.790912
-0.040315
-0.470210
0.231175
-0.082806
0.611800
0.458721
-0.136095
0.868321
0.832508
0.177042
-0.490627
-1.261871
0.433174
-0.208388
-0.362020
0.573705
-0.036691
0.017026
-0.391152
0.405601
0.944030
-0.375651
-0.072904
0.040112
0.447432
0.198742
0.027209
-0.136355
0.133699
0.234361
0.207413
0.121501
-0.367769
0.062260
0.213694
0.003557
0.016516
0.144546
-0.195487
-0.259525
0.633874
0.599254
0.007441
0.540203
0.143453
0.120304
0.662578
-0.148928
-0.471569
0.045706
-0.147414
-0.068910
0.005303
