0.309724
0.342299
0.403781
-0.366638
0.949332
0.285430
-0.119178
0.539533
0.541392
1.237721
0.911853
0.449380
-0.221700
0.002927
-0.079427
0.316288
1.044055
0.148796
0.249379
-0.183328
0.030939
0.716450
0.386951
-0.283972
0.787803
1.030438
-0.355379
0.284202
-0.643707
0.294375
1.225016
0.388125
-1.114256
0.194221
0.013085
-0.082918
-0.176376
-0.018981
0.523888
-0.089797
-0.255814
0.030045
0.154713
-0.607745
-0.162861
-0.483370
0.237959
-0.086188
0.307023
-0.953497
-0.873745
0.108148
0.404484
-0.002032
-0.346138
-0.056730
0.213885
0.115725
0.118042
-0.289655
0.485281
0.643218
-0.285066
-0.247182
0.156866
0.403208
-0.033387
0.200299
-0.198226
0.687790
0.015944
-0.083085
-0.484004
0.260631
-0.071503
-0.629819
-0.237827
0.349487
0.563421
0.144701
-0.450702
0.192235
0.033099
0.151879
0.550891
0.092237
0.289499
-0.051767
0.009796
0.865194
0.077049
0.012659
0.130788
-0.327618
-0.096844
0.115879
-0.902752
-1.134280
-0.303866
-0.109031
0.935728
0.232414
0.040645
0.650793
0.355097
-0.086069
1.069247
0.207523
-0.159175
0.529456
0.324017
0.697873
0.588678
-0.247083
0.827123
-0.073407
0.892518
-0.106992
-0.265344
-0.645716
0.554855
0.133030
-0.502553
0.309362
0.031185
0.355049
0.537304
0.309531
0.678361
0.191496
0.276531
0.291881
-0.595297
0.270238
-0.982140
-0.013427
0.110834
-0.106268
0.120778
0.545635
-0.478083
0.292106
0.548235
0.746711
-0.024225
0.363132
-0.603214
0.170035
-0.269491
0.344585
0.099387
0.021679
0.138941
0.012604
0.225561
0.261873
-0.025569
0.310442
0.275046
0.002155
-0.223304
