0.074361
1.280791
0.538517
-0.309599
0.137390
-0.234823
0.265998
0.084224
-0.530654
0.525658
-0.013547
-0.008882
0.685006
0.327822
-0.107305
0.142706
-0.013909
0.462777
0.134862
0.656762
-0.088878
0.163714
0.263691
0.064268
-0.247083
-0.369723
0.407574
-0.722250
-0.073296
0.039321
0.031853
-0.693652
-0.476919
-0.491910
0.121714
0.870647
0.577015
0.187590
0.040464
-0.924434
0.306769
-0.575277
0.268162
0.265031
-0.674062
-0.417442
-0.750843
-0.239874
-0.524957
-0.557792
-0.868152
0.256094
0.280863
0.584564
0.507609
-0.198247
0.190702
0.730833
0.123342
-0.368871
-0.030440
0.602093
0.656673
0.136280
-0.099057
0.355224
-0.065079
0.302084
0.171951
0.496450
0.567647
0.192432
-0.486928
0.241529
0.545581
-0.038453
0.200816
-0.848603
0.768489
0.669743
-0.021350
-0.010573
0.542629
0.462738
1.068674
0.087870
-0.000497
0.436062
-0.982613
0.279365
-0.480131
0.089117
-0.365367
0.223889
-0.145807
-0.506906
-0.056677
-0.167766
0.785074
1.199728
0.258110
-0.008182
0.629566
-0.025631
-0.060337
0.161640
-0.046344
-0.215177
0.367283
-0.226514
0.026538
0.251669
-0.004157
0.620288
0.517494
-0.608048
0.211575
0.328731
-0.252102
-0.514400
0.103012
-0.377814
-0.052643
-0.268973
0.104730
-0.134303
0.102465
0.154049
-0.005801
-0.159942
0.362637
