0.387790
0.590874
-0.289128
0.162285
0.421666
-0.373933
0.451956
0.471755
1.124501
0.474390
-0.076113
0.406074
0.114059
0.340402
0.147831
-0.956442
-0.219844
0.663147
0.023214
0.578074
-0.150251
0.246526
0.045604
0.817022
0.702914
0.134211
0.150478
0.494796
0.319467
0.528797
-0.134378
0.596724
-0.350024
0.515946
0.185094
-0.269172
0.440665
-0.110432
-0.576569
-0.080654
0.109975
-0.079583
0.645079
-0.417364
-0.041960
0.245812
-0.130056
-0.245653
0.391924
-0.134922
-0.344852
-0.080974
0.472581
0.391045
-0.783040
0.414705
0.202849
0.501687
0.020535
-0.887223
-0.514166
0.444907
-0.614011
0.236354
-0.036464
-1.087584
0.181488
-0.241728
-0.785902
0.036097
-0.401055
0.039830
0.601244
-0.849966
-0.873044
-0.736750
-0.213117
-0.356809
-0.177571
0.234030
-0.003237
0.174951
-0.044043
-0.089462
0.148645
0.090300
0.466771
0.019910
0.543563
-0.055083
0.478287
0.033557
0.386866
-0.009759
0.356670
0.282560
-0.016871
-0.023720
0.317505
-0.260019
0.028567
0.199609
0.213033
-0.308722
0.194080
0.029510
0.008853
0.257994
0.174421
-0.058354
0.130115
0.233500
0.005946
-0.115690
