-0.894191
0.401473
-0.297025
1.004565
0.099219
0.845434
1.134508
-0.624422
-0.005469
1.170496
0.229703
0.265097
-0.204542
-0.134693
-0.153258
-0.156172
0.216932
0.340403
-0.292883
-0.202368
0.172537
0.367936
0.169071
-1.016369
0.295728
-0.557288
0.685319
0.448746
0.129871
-0.655972
-0.609785
0.789257
0.825008
-0.510454
1.017376
0.459196
0.593078
0.182122
-0.085416
0.323085
0.459505
0.066494
-0.499056
0.433014
-0.238443
-0.669933
-0.183546
0.005509
-0.418088
0.067493
-0.500158
1.036215
-0.572267
0.450754
0.040626
-0.015128
-0.631860
0.120648
0.157838
0.440655
0.284869
0.535360
0.366626
-0.073990
-0.038512
0.147311
-0.195251
-0.124128
0.061121
0.541503
0.207008
-0.020078
-0.282140
0.600220
0.904693
0.148474
0.096841
-0.426848
-0.318153
-0.385729
-0.342999
0.497748
-0.284640
0.342114
0.588356
-0.124121
0.144077
-0.392690
0.312302
-0.543664
-0.223649
-0.216628
-0.909786
-0.332820
-0.365523
-1.158745
0.049448
0.332404
1.117580
0.351518
-0.037834
-0.819471
0.603777
0.466033
-0.673298
-0.550933
-0.061119
0.348330
0.452972
-0.178313
-0.641633
0.131877
0.550427
0.662774
-0.720175
-0.216939
-0.757938
0.064444
0.247997
-0.035987
-0.779440
1.015087
-0.255084
-0.548085
-0.691347
0.318217
0.165995
-0.097899
0.407211
0.195970
-0.154953
0.078907
-0.025763
-0.074733
0.365156
0.161612
0.301299
0.679052
0.570787
0.260214
0.176432
0.674017
-0.015517
0.041143
0.175172
0.338384
-0.047125
0.212487
0.095410
0.396854
0.324044
0.291146
0.340310
0.430582
0.517332
0.267993
0.384977
0.007492
0.318311
0.066675
0.257932
0.064340
0.072622
