-0.778431
-0.325531
-0.174992
-1.163467
-0.324287
-0.297191
-0.324474
-0.536096
-0.090484
0.390924
-0.320987
0.009340
0.126996
-0.434942
-0.345430
0.152447
-0.006704
1.220734
0.939511
-0.350672
-0.196120
-0.823949
-0.086103
-0.280359
0.213622
0.215511
-1.156186
0.068330
0.106442
0.297647
0.244231
-0.542092
-0.062110
-0.147071
-0.579693
-0.390551
-0.657715
-0.669123
0.368164
-0.021638
-0.723063
-0.273929
0.272775
0.004735
0.126526
0.238696
0.398821
0.285475
0.083985
0.201038
-0.131476
-0.016059
0.095956
0.538670
-0.061008
-0.304927
-0.068680
0.050536
-0.493133
0.054160
0.475409
-0.760278
-0.619747
-0.015916
0.403959
-0.257568
0.443214
-0.331941
-0.302454
-0.550970
-0.169740
0.097584
0.361212
-0.049026
0.214592
0.196114
-0.197994
0.176329
-1.077521
-1.482214
-1.447120
-0.324842
-0.215029
0.776973
-0.079955
0.376270
-0.400126
-0.102300
-0.146769
0.195568
-0.088031
-0.235508
0.134055
-0.885841
-0.434825
0.577095
-0.721619
-0.160632
-0.156906
0.138830
0.312288
0.214626
-0.636097
-0.437419
0.260897
-0.273345
0.091292
0.071636
0.082910
0.257487
0.131107
-0.017843
-0.091386
0.259722
-0.182284
0.436328
0.196554
0.647557
-0.095053
0.164299
0.229880
-0.004786
0.060886
0.229511
-0.013315
0.003094
0.264087
-0.434115
-0.008224
0.287253
0.562450
0.128940
0.252202
0.333461
