0.766769
-0.460857
0.617358
0.030549
0.153035
0.375985
-0.240172
0.403777
-0.089033
0.166321
0.075330
0.536105
-0.246006
-0.131326
-0.195946
-0.494289
0.171383
1.003349
-0.745516
-0.547696
0.309079
-0.820495
0.405766
-0.737820
-0.281029
0.020808
0.182937
-0.244475
-0.309900
-0.750542
-0.194219
-0.288428
0.173574
-1.255765
0.303147
0.599553
0.990421
0.590413
0.277740
1.139574
-0.805642
-0.254969
0.842688
0.403745
0.243809
-0.378386
0.406611
-0.196950
0.510298
1.024831
-0.279467
-0.824386
0.989575
-0.017193
0.433287
0.494028
0.097422
-0.518177
0.186016
-0.200886
-0.358603
0.448975
-1.106903
-0.934618
0.070385
-0.718897
0.654456
0.243112
0.006150
0.951594
0.356825
0.474963
0.266507
0.017321
0.874662
0.517519
0.837063
0.290249
-0.632367
0.126075
-0.142766
0.550157
0.602101
0.185564
-0.322109
0.705316
-0.632732
-0.500994
0.758489
-0.766868
-0.247204
0.331455
-0.191672
-0.145122
-0.184028
-0.067165
0.136467
0.343210
0.432726
-0.938557
0.308673
0.494028
0.824262
0.686361
-0.331779
0.215931
0.167255
0.957035
0.273346
0.008249
-0.259538
-0.325313
-1.070184
-0.277293
0.004850
-0.270871
-0.432337
0.153037
-0.171923
0.295585
0.104159
-0.108563
-0.419332
0.048508
0.173852
-0.146550
0.394111
-0.034381
0.175987
-0.188640
-0.149320
-0.142946
0.058281
-0.363593
-0.082979
0.374129
0.183112
0.065049
