0.453338
-0.434000
-0.158726
0.074846
0.077725
-0.439539
0.245845
0.331452
0.086737
0.553267
-0.098413
0.133279
0.326935
0.296385
-0.264047
0.618413
0.715194
0.016704
0.954756
-0.606318
0.302850
0.215932
-0.247793
-0.142572
0.225681
-0.445547
0.419904
0.317596
0.963374
0.171853
0.145305
0.069518
0.024085
-0.457615
-0.146860
0.575607
0.154113
0.040286
0.403935
0.646365
0.264302
-0.260251
-0.028478
-0.205277
-0.447723
-0.509933
0.517503
-0.334803
-0.199366
-0.693114
0.254903
-0.629083
1.051846
0.596525
1.022101
-0.519184
-0.039942
-0.339266
0.333336
-0.596288
-0.390881
-0.334338
-0.125052
0.339501
-0.138216
-0.337331
0.063352
-0.289143
-0.290478
-0.110677
0.265947
-0.054109
-0.189032
-0.224782
-0.107552
-0.449121
0.436246
-0.261240
0.086081
-0.488105
-0.817995
0.008624
-0.338915
0.000953
-0.532448
0.618773
0.008369
-0.117995
0.189794
-0.502596
0.359656
0.804745
-0.599441
0.292247
-0.166391
-0.395184
0.059735
-0.037391
-0.728252
-0.578987
-0.379081
0.640049
-0.954482
-0.092351
-0.127586
-0.407752
0.645035
-0.147476
-0.209768
1.001757
1.031356
0.523666
0.173836
-0.552280
0.341705
-0.501393
-0.262222
0.282017
-0.270625
0.479949
-0.125699
-0.036030
-0.220405
-0.377956
-0.160976
0.211099
-0.393186
0.207520
-0.194189
0.077440
-0.680318
-0.708017
-0.165865
-0.402992
0.049170
-0.852205
-0.884500
-0.295348
-0.431404
0.291001
-0.358401
-0.652829
0.654428
0.075262
0.717007
-0.114807
0.823829
-0.106958
0.535583
-0.140542
0.502236
-0.212804
0.666793
0.328973
0.710796
1.108833
0.185041
-0.514747
-0.729596
-0.553251
0.134479
0.081240
-0.196383
0.457324
-1.017042
-0.380954
0.522771
0.360615
-0.384040
0.066492
-0.229096
-0.399894
-0.821960
-0.045467
-1.115940
-0.222406
0.204745
-0.034023
0.353144
0.314897
0.163430
-0.058285
0.253937
0.285621
0.602614
0.285006
0.524166
0.320996
0.082767
0.459924
0.031731
0.297885
0.212413
0.118378
0.266729
0.296590
-0.230649
-0.369652
0.022919
-0.575430
0.094782
0.324836
0.277005
0.086454
0.335241
0.305528
0.221730
0.176859
-0.379399
