-0.696384
-0.596628
-0.596628
0.001970
0.304757
-0.043461
0.187949
0.006127
0.270516
0.060772
0.241747
0.475423
0.260423
-0.448548
0.159083
-0.144545
0.046459
0.772404
0.093642
-0.235653
0.134521
0.164622
-0.378838
0.285170
0.036854
-0.222989
0.362116
-0.068329
-0.415260
0.795439
-0.733188
0.288398
-0.946693
-0.080757
0.607428
-0.279554
-0.594389
0.401526
0.001027
-0.533266
0.451007
0.357098
0.153476
-0.143168
0.539941
0.249838
0.098374
0.298820
-0.014739
0.986723
-0.291420
0.294579
-0.723323
-0.074457
-0.080858
0.152668
0.405654
0.054266
-0.611509
0.241371
0.120316
0.021315
0.075170
-0.432138
0.502936
-0.285948
-0.957485
0.237180
0.303468
0.571070
-0.113780
0.126636
0.249115
0.296426
0.488382
0.089612
0.159083
0.036338
0.437284
0.237685
-0.377429
-0.094774
-0.387568
0.253315
-0.137919
0.638239
0.455513
-0.472153
-0.750189
0.073051
0.047642
0.388861
0.439890
-0.038985
0.355045
0.283218
0.044657
0.061923
0.281881
0.237581
0.330338
0.273584
0.262388
