0.305320
0.591782
-0.185184
0.021133
0.166867
0.020362
-0.467143
-0.212471
0.091847
-0.110034
0.044089
0.541953
0.410436
0.068273
-0.869461
-0.328214
-0.473025
-0.506421
-0.097867
-1.107231
-0.536915
0.271040
-0.333555
-0.266114
0.451387
-0.565426
0.359382
-0.568109
-0.287334
0.349507
0.261093
-0.158803
-0.242568
-0.069235
-0.465721
0.247076
0.119250
-0.588263
0.211469
0.144233
0.261692
-0.279643
-0.319250
0.672404
0.606248
0.829487
0.645746
-0.137289
-0.225968
0.802116
-0.124673
0.275184
0.284804
-0.153022
-0.282655
-0.607144
-0.392274
-0.360921
-0.651396
-0.158644
-0.471238
0.603877
-0.549736
-0.240469
0.193227
0.684860
-0.320923
-0.416175
-0.114197
0.101360
-0.252908
-0.294719
-0.396107
-0.030784
0.253886
0.246651
-0.870755
-0.067447
0.294366
1.014388
0.563781
0.357090
-0.714685
0.370262
-0.038398
0.129533
-0.345287
0.104733
-0.423979
0.075154
0.936379
0.765151
0.343468
-0.100488
0.274766
0.271638
-0.529886
0.658878
1.150031
-0.222319
-0.025875
0.277234
0.000605
0.260233
-0.881056
0.436663
0.311614
-0.028695
0.009562
-0.124496
0.001180
0.069705
0.143273
0.239328
0.105806
0.176792
0.204893
0.326723
0.424709
0.099632
0.268509
-0.023491
0.021276
0.128913
-0.095670
0.066555
-0.161641
0.000664
0.097754
0.131973
0.120104
0.356527
0.195415
0.128233
0.341972
0.016149
0.108008
0.273935
0.263731
-0.033411
0.115782
0.334773
