0.147267
0.511494
0.061788
-1.138516
-0.407833
0.808764
-1.463764
0.088021
-0.556911
0.006967
0.282550
-1.049986
0.134212
-0.136771
-0.279302
0.043376
-0.178810
-0.200032
0.293151
-0.550626
-0.182801
0.059516
-1.033084
-0.184286
0.083342
-0.085022
0.002384
0.412158
0.288034
0.729898
0.407843
-0.678415
0.079570
0.428536
-0.280133
0.677175
-0.143908
-0.083586
-0.036518
-0.451124
0.303668
-0.186401
0.296881
-0.042247
-0.360022
-0.043637
-0.181138
0.080388
-0.481561
-0.202080
0.149670
0.182766
0.052438
-0.627285
-0.750146
0.663340
-0.364857
0.098752
-0.569757
-0.146271
0.396060
-0.743609
0.052602
0.307209
0.682924
-0.110745
-0.407995
0.013816
0.134420
0.492168
0.631523
0.678347
0.906933
0.468133
-0.264045
0.443049
-0.368201
0.300942
-0.058724
0.335292
0.680185
-0.324321
-0.078568
-0.303017
-0.256820
-0.510015
0.339399
-0.593341
-0.669650
-0.373936
-0.460740
-0.130152
-0.306581
0.143592
0.004116
0.214109
0.152301
0.398556
-0.796480
-0.056862
0.125772
-0.550454
0.062486
-0.310568
0.128221
-0.203589
0.002135
-0.089064
-0.380838
-0.330432
-0.421303
-0.628193
-0.062832
0.363588
-0.301692
0.853752
-0.266928
-0.209573
-0.527949
-0.759903
0.291385
-0.657553
0.471941
0.288983
-1.177660
-0.057897
-0.033710
-0.205085
0.322435
-0.496352
-0.050083
-0.628405
-0.986400
-0.248799
-1.014493
0.117499
-0.108190
-1.387218
-1.031629
-0.023430
-0.578155
-0.666618
-0.681641
-0.884961
-0.255151
0.382560
-0.161797
-1.054216
0.181342
-0.003561
0.421777
-0.126100
0.081708
0.075549
-0.443116
-0.110471
-0.600211
0.845012
-0.662069
-0.565786
0.174453
0.001262
0.644547
-0.499917
0.226009
0.022174
0.425189
0.252688
0.150836
0.230257
0.629171
0.197375
0.438955
0.221281
0.014498
0.333146
0.057356
-0.076137
0.244158
0.404263
0.211806
0.066774
0.038084
0.113585
0.158030
0.029361
0.113951
0.087489
0.149774
-0.437431
0.244158
0.295617
0.271947
0.040418
0.203582
0.172614
0.124766
