-1.172845
-0.087144
-1.172845
-0.958846
0.124481
-0.289249
0.748707
0.068428
0.366170
0.164187
0.135450
-0.184682
-0.484412
-0.346145
-0.351890
-0.719643
-0.175888
-0.678936
-0.495003
-0.124017
-0.416526
0.421508
-0.265206
0.412707
-0.413072
0.930491
0.078496
-0.425120
0.277539
-0.204381
-0.503911
-0.578367
-0.582327
-0.320088
-1.163789
0.369118
0.388572
-0.400253
0.791677
0.095166
-0.536535
-0.295785
0.103271
0.106218
0.135687
-0.076659
-0.059350
0.005571
-0.508869
-1.028967
-0.636760
0.417592
-0.897304
-0.578367
-0.882727
0.002849
0.080219
0.824659
0.188405
0.134355
-0.603141
0.497994
-0.080965
0.086271
-0.913345
-0.333883
0.086503
0.167801
0.710585
0.444412
0.147982
-0.028719
0.607392
0.165165
0.120471
0.255262
0.036591
0.243233
0.324991
0.280751
0.249007
0.068274
0.081727
0.205335
0.347520
0.221467
0.167492
0.149252
0.275558
