-0.393319
-0.594020
0.631626
0.396761
-0.972088
-0.039801
0.002427
-0.257537
-0.228137
-0.038094
0.821074
0.534448
-0.128441
0.014733
0.874874
0.682090
0.176052
0.386547
0.747418
0.006853
0.232889
-0.729342
0.585770
-0.193605
0.177522
0.688853
0.657494
0.420036
-0.293011
0.907211
0.375145
-0.249850
-0.096422
-0.070428
0.652876
-0.161056
-0.298701
0.117725
0.413076
0.316142
-0.179977
-0.473786
0.530019
0.083106
-0.485222
0.164992
0.497389
0.447660
-0.850799
0.105113
-0.997446
0.434670
0.243184
0.146362
-0.298231
0.132877
-0.474260
-0.953468
0.150178
0.477451
0.357886
0.089443
-0.205664
-0.356355
0.779957
0.116726
0.201445
-0.162200
0.221835
0.011868
0.024407
0.130717
-0.119296
-0.037104
-0.139600
0.081534
-0.429531
-0.019761
0.208593
-0.348389
0.133931
0.023847
-0.437846
-0.483462
-0.680980
0.187214
0.240533
0.386935
0.059708
0.314524
0.040472
0.340195
0.243023
0.228339
0.279128
0.414383
-0.019235
-0.046548
0.563608
0.287701
0.535597
0.234129
0.580455
0.223095
0.057978
0.280010
0.399194
0.107253
-0.072364
0.227100
0.074851
