-0.204857
0.095883
0.074598
0.014686
-0.236599
0.176579
0.116756
-0.183724
0.240864
-0.020228
-0.297892
0.022693
-0.745733
0.104828
0.234983
-0.533070
-0.200812
0.476540
-0.306235
0.156965
-0.005312
0.111208
-0.360836
0.280628
0.321802
0.302817
-0.382844
0.203007
-0.145378
-0.060847
-0.241616
-0.023438
0.416780
0.442270
0.192863
-0.133186
-0.093403
0.468270
-0.694208
-0.320818
-0.347984
0.198191
-0.484768
-0.332565
-0.425360
0.155343
0.104349
-0.205060
-0.051064
-0.330846
-0.106293
1.057213
0.812581
0.316171
0.382429
-0.094231
0.136490
-0.339446
-0.918109
-0.312344
-0.636741
0.431239
0.276540
0.338085
-0.075174
0.252643
0.694426
-0.230880
-0.320596
0.201897
-0.832206
-0.363551
-0.771444
0.657929
-0.055523
0.576607
-0.726519
-0.077102
-1.011142
-0.191737
0.485904
-0.799676
-0.451947
0.035254
0.651837
0.572052
-0.473761
-0.191331
0.046024
0.164162
0.581213
0.573957
0.702133
0.497205
-0.137832
0.078546
0.501817
0.162281
0.245649
0.438985
0.016046
0.141626
0.161900
0.223728
0.215998
0.130084
