-0.101247
0.378375
0.826467
0.488355
-0.077622
-0.230470
1.004981
-0.511910
1.197529
0.268121
-0.413377
-0.062298
0.046053
0.247351
0.138693
0.002611
-0.231933
-0.147720
0.170459
0.439640
0.257601
0.601465
0.248355
-0.315569
0.378425
0.260655
0.427164
0.475918
0.306244
0.272992
-0.032065
0.297581
0.707113
0.753523
0.617457
0.025611
0.352479
0.140790
0.182457
-0.030806
0.289381
-0.847160
0.324639
-0.066049
0.210606
1.076342
0.573677
-0.038212
-0.018591
-0.057246
0.663328
-0.459906
0.365861
-0.266290
0.392977
0.219144
-0.243081
0.187826
0.624649
0.116921
0.580408
-0.743944
-0.780467
-0.762332
-0.488890
-0.131399
0.298028
0.079533
-0.367801
-0.080181
0.141685
0.942408
0.435436
0.089588
0.295484
0.253295
0.684357
-0.311430
-0.101177
-1.016117
-0.089968
-1.001568
0.399714
-0.736239
-0.658237
-1.126178
0.125098
0.551996
-0.431286
0.016530
0.421140
-0.381285
-0.251863
-0.551051
0.429569
0.014590
0.439272
0.365861
0.116612
0.192772
0.357232
0.498686
0.101838
0.615861
0.367377
0.054975
-0.687377
0.591551
-0.038664
0.051896
0.201067
-1.072159
0.544562
0.005528
0.006364
-0.409421
-0.134833
0.390279
-0.058871
0.287837
-0.034130
0.320801
-0.001943
-0.084306
0.227786
-0.936345
