-1.037840
-0.227572
-0.039687
-0.311601
-0.341984
0.037935
0.368387
0.278243
0.476832
0.935338
-0.723303
0.214225
-0.417028
0.216723
0.339442
-0.211034
-1.296522
-0.598570
-0.256641
0.226319
-0.789361
-1.260910
0.393810
0.459464
0.808982
0.022092
-0.029788
-0.141875
0.075739
0.350271
0.751635
-0.071747
0.797232
0.545550
0.044237
0.418127
0.681501
0.460400
0.466055
-0.868487
0.245860
0.747368
0.412001
0.240462
0.302957
0.183102
-0.052154
0.539888
0.350146
0.417610
0.080343
-0.162621
1.056639
0.358587
-0.489300
0.524392
-0.019650
0.495782
-1.208377
0.226925
0.085005
-1.054838
0.243376
-0.014659
-0.021340
0.072483
0.134244
0.421492
0.459780
-0.569557
-0.502794
0.645949
-0.170259
0.240647
-0.026080
0.594742
0.350997
0.872680
0.349012
0.551785
0.030683
0.818516
0.376678
-0.355937
0.603185
-0.628951
1.177711
-0.264442
-0.057143
-0.005690
-0.185198
0.665947
0.153927
-0.255012
-0.658275
0.033139
0.507187
0.556955
0.173445
-0.313381
-0.182663
-0.111181
-0.271952
-0.459092
0.802494
0.120220
0.195562
0.628446
0.998992
0.011028
-0.147301
0.086207
-0.367126
0.429028
-0.062954
0.463484
0.141056
-0.544239
-1.006636
-0.181805
0.936233
0.195515
-0.059133
-0.248880
0.195367
0.309685
0.060170
-0.738864
1.338029
0.938409
-1.094535
0.491046
-0.422452
-0.093006
-0.473109
0.222843
0.745409
0.184280
-0.048612
0.512503
0.047847
0.937559
1.371612
0.172434
-0.667379
-0.885951
0.571810
0.595414
-0.240832
-0.430127
0.858544
0.087723
0.336674
-0.264402
0.067812
-0.051567
0.774562
0.618638
0.693773
0.441028
0.104478
0.541559
0.373148
0.067723
0.404215
0.207767
-0.487961
-0.612548
-0.404998
0.429558
-0.853897
-0.225235
0.725246
-0.220498
0.100230
0.680197
0.646005
-0.179588
-0.014594
-0.389193
-0.512817
0.698292
0.191420
0.561684
-0.731697
0.143412
0.010054
-0.092573
0.208277
0.674752
-0.343803
0.363328
0.344293
0.319954
0.498671
0.411567
0.076251
-0.039242
0.606013
0.124160
-0.135221
0.083361
0.006534
0.005615
-0.139673
0.248267
0.095365
0.293879
0.264988
0.082693
0.258538
0.589126
0.559519
0.428124
-0.597823
0.010939
0.177896
-0.021133
0.261853
0.160138
0.047947
0.188357
-0.247583
0.197870
0.338076
0.311250
