-0.278834
0.364358
-0.764384
0.342422
-0.305077
0.262202
0.362121
-0.484544
0.555550
0.857597
0.866728
0.356294
-0.050757
1.310470
-0.130600
0.499330
0.201898
0.595265
0.316351
0.374136
-0.185307
-0.136015
0.736615
-0.448745
0.526007
0.568523
0.310811
0.678951
0.036912
-0.412393
0.833322
-0.385336
0.075129
0.164554
0.488500
0.577864
0.304070
0.418235
0.862885
0.065065
-0.012229
0.229230
0.441580
0.834909
0.264617
0.067373
0.262825
0.230570
0.555627
0.070607
-0.500464
-0.194906
0.564611
0.500019
0.335100
-0.229674
-0.232387
0.374756
0.452129
-0.040514
-0.119979
0.225724
-0.685545
0.294440
0.951347
0.701484
0.594028
0.553742
0.440616
-0.108561
0.048421
0.135518
-0.093679
-0.810216
-0.101780
0.288352
-0.718830
0.360305
0.192058
0.049419
-0.149779
0.041590
-0.355988
0.062888
0.868426
-0.687092
-0.089987
-0.147454
0.293573
-0.745151
0.018122
0.419431
0.131213
0.141246
-0.343922
-0.085631
0.423735
-0.032377
0.007847
-0.351897
0.571208
-0.149498
0.398947
-0.837463
0.653124
-0.225483
1.444585
-1.138496
-0.273355
-0.162258
1.531756
1.031061
0.312046
0.286206
0.661775
0.223094
0.168858
0.586546
0.262340
0.721157
1.347579
0.883776
-0.052625
-0.016569
-0.838811
0.498968
-0.376483
-0.675648
-0.155132
0.466981
0.247225
0.481030
0.394737
-0.334638
-0.109295
0.364692
0.294237
0.214284
0.471414
-0.885361
-0.149498
0.150392
0.388840
0.191101
-0.087439
-0.002069
0.457059
0.296644
0.079968
0.182290
0.493177
0.118885
0.709831
-0.474434
0.518778
0.040127
-0.066319
0.006717
0.107822
0.113673
0.154533
-0.002775
0.124898
0.516159
0.548507
0.518174
-0.323969
0.618561
0.231248
0.359147
0.058259
0.252843
0.482618
0.467500
0.067678
-0.175963
0.259476
0.129826
0.129695
