-0.035198
0.308889
0.707096
0.387901
-0.365442
0.352038
0.094868
-0.611207
-0.310100
0.225676
0.891847
-0.456874
0.140808
-0.543840
-0.401405
0.278099
-0.322142
0.171941
0.254528
0.655762
-0.140505
-0.018384
0.332432
0.282891
0.760202
0.078222
0.106893
-0.468399
-0.174119
0.136998
0.164400
-0.003185
-0.240074
0.287828
0.540684
-0.071612
0.050501
-0.195947
0.248071
-0.404677
0.478891
-0.157287
0.149266
0.281425
-0.197816
0.498084
0.273560
-0.393002
0.540157
0.227765
-0.022070
0.936129
-0.887170
-0.962841
-0.296511
-0.216425
-0.609663
0.035182
-0.414894
-0.453140
-0.289404
-0.182350
-0.559655
-0.541618
-0.756744
-0.676138
-0.237270
0.231441
0.179818
0.308829
-0.248802
-0.085771
-0.674022
-0.290752
-0.494008
-0.173397
-0.090028
-0.527376
-1.552406
0.275046
-0.447264
-0.370140
0.669319
-0.483580
-0.295373
0.447855
-0.715243
0.030586
0.383571
0.546271
0.199677
0.270016
-0.727592
-0.245039
0.166047
0.684282
0.525966
-0.946403
0.808316
-0.184106
-0.461125
-0.286881
-0.128421
0.753403
0.581942
-0.099803
-0.667826
0.427418
-0.621593
0.068544
-0.755145
-0.013424
-0.169800
0.036317
-0.957003
-0.342379
-0.349932
-0.198119
0.299290
-0.406502
0.018919
0.761316
-0.296609
-0.028546
-0.066788
0.181021
0.170907
-0.188919
0.408372
0.167289
0.093169
0.186208
-0.043969
0.205747
-0.021216
0.323661
0.064442
-0.015420
0.080390
0.209508
0.045191
0.171776
0.135089
0.309240
0.176743
0.741141
0.683346
-0.985734
-0.059608
-0.391299
0.191995
0.381106
0.414411
-0.005374
0.111597
0.330404
0.364004
0.208913
0.079212
-0.029103
