0.636249
0.327633
0.250615
-0.251728
0.678819
0.127231
0.505296
0.877589
-0.423949
0.079615
0.485904
0.197381
0.563260
-0.061521
0.002515
-0.313818
-0.793177
-0.386636
-0.698364
0.150897
0.007448
-0.110913
-0.798124
-0.475535
0.492767
0.699679
0.552257
1.241065
-0.176615
0.709453
-0.396856
1.118271
0.544209
0.259449
-0.348471
-0.301695
0.207719
-0.500533
0.446162
0.259723
0.524489
-0.111575
-1.011369
0.382667
0.539861
-0.016944
-0.762711
0.366542
-0.474279
0.193217
-0.643975
-0.607927
0.113882
0.217335
0.193175
0.070265
0.025692
-0.574478
0.335394
-1.293586
0.397531
-0.455936
0.471138
-0.159065
-0.066637
0.783372
-0.610255
0.344359
0.575021
0.324336
0.545067
-0.333240
0.470439
-0.747990
-0.042872
-0.285081
-0.456744
0.644967
0.455011
0.495189
0.851353
0.186069
-0.359920
0.884224
0.257741
0.261356
0.457539
-0.140229
0.705932
-0.316190
-0.471655
0.040328
0.606861
0.314964
-0.123878
-0.657157
0.426626
-1.399187
-0.274139
-0.039553
-1.108112
-0.156812
0.268012
0.311472
-0.657074
0.252726
0.600726
0.139824
-0.486483
1.109452
-0.714528
-0.518770
0.050555
-0.620620
0.251575
0.325406
0.277932
-0.266917
0.121818
0.041128
-0.301770
0.115684
0.070308
-0.871784
0.273474
0.503955
-0.611127
-0.643045
-0.697885
-0.496477
0.318402
0.617125
0.567290
0.290468
0.045744
-0.434624
-0.047859
0.109586
0.303621
0.322525
0.312357
0.004058
0.636941
0.550016
0.482397
0.328270
0.144837
0.625372
0.009816
0.079915
0.429710
-0.083291
0.607098
0.021291
0.245092
