0.397515
-0.293325
-0.316906
-0.712341
-0.731037
-0.407323
-0.400673
0.632098
-0.053382
0.095071
-0.092750
-0.195314
0.519558
-0.351055
-0.564969
0.174419
-0.339037
-0.555641
-0.255713
0.198078
-0.591576
-0.123493
-0.727703
-0.964632
0.258951
-0.435722
0.041671
-0.550660
-0.081211
-1.821039
-0.364541
-0.513987
-0.407501
-0.537613
0.257207
0.338088
0.159894
0.761077
0.279960
-0.017985
0.403263
1.125199
-0.682346
0.056889
0.765263
0.205428
-0.276218
-0.307216
-0.038371
0.241800
0.559770
-0.062233
0.011572
0.349360
0.513875
0.434112
-0.304329
0.135086
-0.792011
0.007763
-0.077192
-0.484908
-0.242541
0.125002
0.819373
0.353463
0.181030
-0.327089
-0.269226
0.109753
0.513031
0.648491
0.223548
0.548899
-0.700717
-0.032583
0.333922
-0.226630
-0.496836
0.488133
-0.451042
0.366616
0.108347
-0.326623
-0.520670
0.642306
0.466386
0.400650
0.385920
-0.155169
-0.083677
-0.315318
0.546748
0.497422
-0.103100
0.555398
-0.289394
-0.555648
-0.260926
0.181694
-0.438149
0.396432
-0.473106
0.243285
-0.371483
0.933549
-0.140554
0.712359
1.077551
-0.535770
-0.220467
0.224740
-0.274492
-0.695424
0.102009
-0.008629
-0.762438
-0.124744
0.374611
0.079917
-0.470061
0.502871
0.064701
0.413511
0.274316
0.313432
0.266540
-0.208113
-0.027951
0.215610
-0.135550
0.034220
0.205456
0.245461
0.178109
-0.010844
