-0.350044
0.281632
0.189877
-0.927250
0.016849
0.286426
0.462471
-0.228890
0.475407
0.363134
0.515880
-0.077705
-1.113734
-0.425639
0.236826
-0.313575
0.061919
-0.683276
-0.173645
-0.058911
0.182857
0.467981
-0.305932
-0.173936
0.075791
-0.107023
-0.785168
-1.257396
-1.083691
-0.786833
-0.012725
-0.226316
0.266863
1.002466
-0.257419
-0.115297
0.010763
0.695608
0.094189
-0.182228
0.021495
-0.176515
0.365666
0.398967
0.245687
-0.546770
-0.392431
0.641354
-0.056417
0.096852
0.455346
-0.162655
0.315944
0.291548
-0.101646
-0.548021
-0.751834
-0.348311
0.447935
-0.041478
0.009353
0.835689
-0.525406
-0.187375
0.251666
-0.078377
0.022782
-0.582585
0.024441
0.255212
-0.107289
0.190980
0.179200
-0.598710
-1.013904
-0.081680
0.355599
-1.179907
-0.263054
-0.533463
0.368386
-0.719821
-0.235220
0.244109
0.980558
-0.007329
-0.039074
0.034802
0.398967
-1.091420
0.351886
1.057709
-0.389549
0.262587
-0.359807
-0.633845
-0.912234
0.340473
-0.939551
0.502275
-0.650209
-0.316032
-0.007238
0.369014
-0.922477
0.471393
-0.806064
-1.383218
-0.357674
-0.304640
-0.400970
0.377201
-0.890414
-0.732896
-0.170911
-0.042124
0.214566
0.593522
0.606465
-0.406011
0.056721
0.265457
0.288155
-0.422694
0.522694
-0.905311
0.478232
0.478550
-0.002956
0.835524
-0.263783
0.073512
-0.013267
0.588774
0.232764
0.073025
0.168735
0.173187
0.051804
0.214454
0.186954
0.510149
0.404206
-0.088125
0.091819
0.325521
0.045535
0.292355
0.268943
0.372050
0.472387
0.099401
0.275235
0.010519
0.483481
0.453038
-0.207172
0.356728
0.403030
0.222011
-0.055326
0.092762
0.611116
0.255914
0.418126
0.197053
-0.112396
0.187576
0.027525
0.050617
0.254502
-0.355388
