-0.906963
0.727074
-0.313650
0.551663
-0.188334
-0.155139
0.452727
-0.070343
-0.177066
-0.810742
0.271544
-0.257134
-0.024917
0.258094
0.347383
0.770774
-0.255120
-0.632927
-0.277490
0.832604
-0.467621
-1.019982
-0.539655
-0.026933
0.463039
-0.021139
-0.270496
0.234632
0.452793
0.390099
0.082551
-0.281932
0.285192
0.589038
0.243579
-0.101947
0.537101
-0.203913
-0.440591
1.305153
-0.830372
-0.366580
0.340650
-0.818166
0.522381
-0.760493
0.107893
0.107607
0.763758
-0.325206
0.042822
-0.262598
-0.344975
-0.105459
0.546214
0.387912
-0.321578
-0.451134
0.068191
-0.259480
0.260873
-0.841832
0.334820
1.204809
0.146370
-0.289505
-0.246757
0.240673
-0.551027
-0.164274
-0.596046
0.694699
-0.016108
0.163143
-0.086256
0.521344
0.432463
0.748566
-0.183676
-0.092665
-0.009307
0.052666
0.272524
-0.737760
0.681644
-0.021010
-0.339962
0.419255
-0.257593
-0.029655
0.393149
-0.070732
-0.056956
-0.535488
-0.344021
0.423699
0.134141
0.376473
-0.604518
0.478093
-0.335706
0.010457
1.294607
0.500058
-0.095989
0.523332
0.124746
0.447202
0.048630
-0.011758
-0.100216
-0.150713
0.475045
-0.798997
-0.305611
-0.296585
-0.532634
0.117484
0.547461
0.024554
0.725393
-1.010841
-0.354208
-0.229863
-0.241315
0.266575
0.139140
0.281716
0.098423
0.201531
0.105386
0.225351
1.129343
-0.248683
0.219883
-0.781246
-0.044762
0.885525
0.465834
-0.476960
0.001771
0.104477
0.392574
0.034658
0.037660
0.038309
0.345976
0.014544
-0.091710
0.183184
-0.078023
0.432754
-0.074695
0.432514
0.105562
0.245741
-0.076913
-0.901954
0.007297
0.297502
0.256204
-0.109268
0.495224
0.307788
0.185932
