-0.151497
-0.198995
0.351952
-0.011064
0.601649
0.158904
-0.042898
-0.223907
-0.180511
0.563504
1.017367
-0.214469
-0.058948
0.066767
0.392180
-0.410689
-0.083832
-1.007098
-0.076157
-0.901597
0.818857
-0.095678
0.432948
0.523886
-0.228936
0.172216
0.354156
-0.662490
-0.616221
0.846995
-0.309599
0.183134
-0.218068
-0.617577
0.550528
0.241041
0.063040
0.387837
-0.628602
-0.229278
-0.817667
0.081153
0.091160
-0.153069
-0.083857
0.159643
-0.212505
0.480298
0.414359
0.518529
0.248045
-0.101597
0.457161
-0.301393
-0.331953
0.127682
-0.108165
-0.024088
0.559379
0.291077
0.307089
-0.048457
-0.456030
0.547755
-0.454547
-1.142888
0.386707
0.288038
-1.067103
0.243940
0.000771
0.847140
0.851000
-0.002866
-1.246998
-2.026310
-0.655714
-0.301964
-0.214469
0.224357
-0.583583
-1.144917
0.098791
-0.390886
-0.125352
0.419480
0.373051
0.083596
-0.771274
-0.497473
-0.055387
-0.515367
0.146965
0.550886
-0.496217
0.363968
0.490671
-0.481199
-0.750762
-0.070568
0.303716
0.177865
0.230355
-0.971317
-0.906507
0.158992
-0.632581
-0.199639
-0.069801
0.282215
-0.108887
-0.192845
-0.240083
-0.067861
-0.263048
0.542645
0.999090
0.015714
0.549918
0.453066
-0.556876
0.096759
0.355791
0.139164
0.348452
-0.305493
-0.141303
-1.041961
1.171054
0.707708
0.174258
-0.095617
-0.267079
-0.387693
0.419350
0.187911
-0.562073
-0.051780
-0.291699
0.045740
0.080354
0.495600
-0.079956
0.348592
0.205879
0.295418
0.201440
0.085539
0.005240
0.433344
-0.334242
-0.141712
-0.145134
-0.065680
