0.165179
-0.050710
0.407674
0.326019
0.333665
0.399033
0.169451
0.216127
0.210569
0.095898
-0.477945
0.583784
-0.231318
-0.646684
-0.018819
0.409491
-0.177884
0.860090
-0.120682
0.143948
-0.565743
-0.861855
0.128432
-0.381768
-0.435102
-0.723620
0.281423
-0.341940
-0.438072
-0.913893
-0.423900
-0.440329
0.038007
-0.031399
0.150214
-0.168402
-0.146104
-0.057821
-0.796738
-1.577707
-0.129475
0.974279
-1.034796
0.702183
0.088881
0.438251
-0.184775
0.189469
0.465835
0.063881
-0.130250
-0.172450
-0.523902
-0.902090
0.131691
1.131555
-0.074578
-0.738266
0.137820
-0.011699
-0.323135
-0.023012
0.305971
0.379249
-0.123087
0.126395
-0.497764
-0.452933
-1.059179
-0.336847
0.335909
-0.477701
0.215282
0.113996
-0.098684
-0.714633
0.052350
-0.775853
-0.266872
-0.175911
-0.220244
0.603333
0.937997
0.651123
0.748893
0.059951
0.293068
-0.539833
-0.303944
0.205941
-0.202044
-0.129104
0.246674
0.180065
-0.642219
-0.618002
0.341074
0.050453
0.682498
-1.198414
0.371081
0.225810
0.165458
0.262833
0.260179
0.234132
-0.407145
0.016092
0.182875
0.163875
-0.210766
0.270907
-0.250109
0.105244
0.185067
-0.082260
0.038395
0.083965
0.194974
0.214193
0.324222
-0.484757
-0.044757
-0.691209
-0.053284
0.243693
0.002196
-0.048074
0.027611
0.242108
0.284610
0.424024
-0.122038
0.420484
0.471193
0.581119
0.115766
-0.005502
