0.265314
0.584012
0.242642
0.332924
0.049319
0.091776
-0.136434
0.725245
0.371134
0.161817
0.116127
-0.064699
0.215146
0.879866
0.285785
0.932993
0.187107
0.325289
-0.592819
-0.133047
0.009740
-0.117428
0.143850
-0.446888
0.364278
0.652377
-0.531708
0.237294
-0.136434
0.355724
-0.023068
-0.080556
0.075729
0.060048
0.517363
0.420030
-0.294943
0.211217
0.488561
-0.128330
0.646853
-0.432891
-0.412490
-0.118870
0.414907
1.111738
0.418361
-0.006697
-0.040930
0.420488
0.106387
0.414156
0.456445
-0.126067
0.975473
-0.322469
0.500612
0.397204
0.513314
0.666025
-0.934203
-0.629024
-0.034924
0.790626
0.346454
0.179365
-1.327948
-0.404213
0.717798
1.012152
0.496516
0.031134
1.115324
-0.110722
0.911575
0.106425
0.353924
0.209366
0.263892
-0.187311
-0.421241
-0.041374
0.029924
0.344399
-0.401054
-0.218607
-0.501768
0.376178
-0.460344
0.610746
0.125266
-0.664314
-0.217615
-0.210712
-0.270856
0.094672
0.329583
-0.417560
-0.276895
-1.195772
-0.403005
-0.360171
-0.083496
0.359788
-0.848666
-0.239729
0.399347
-0.257072
-0.003803
-0.878237
0.010626
-0.393452
0.162670
0.286283
0.075782
-0.098947
-0.202410
0.202842
-0.225073
0.048261
0.195007
0.020068
0.048984
0.545973
0.241723
-0.212749
0.018042
0.231229
-0.001777
0.029992
0.075553
-0.011772
0.025250
0.035829
0.170769
