-0.965365
0.234454
-0.048194
-0.038345
0.047272
-0.717461
0.108548
0.339643
0.104493
0.891135
-0.197421
0.383970
0.571714
0.328232
0.392131
0.342165
0.808115
0.241061
0.791612
0.243666
0.501292
0.219219
0.970897
-0.830229
-1.137667
0.060755
0.539479
-0.224424
-0.122925
0.604775
-0.012033
0.247241
0.244244
0.119239
-0.066047
0.317523
0.491172
0.295228
-0.472876
0.002360
0.521165
-0.528532
0.310797
-0.464586
0.143951
0.548734
0.197068
-0.197549
0.079265
-0.290206
0.915058
0.634896
0.312230
0.127821
-0.364484
-0.019357
0.103534
0.212859
0.444717
-0.020159
-0.227810
-0.405542
-0.201925
-1.089263
0.256522
0.441256
-0.760905
0.235821
0.163823
-0.841901
-0.688465
-0.143239
0.386479
-0.379896
-0.344429
-0.219494
-0.114181
-0.911894
-0.767996
0.012570
-0.748239
-0.403584
0.074817
-0.102686
-0.086226
0.007147
0.098337
0.186425
-0.026204
0.190071
0.266422
0.395256
0.437269
0.101909
0.123543
0.253073
0.292330
0.268867
0.319572
-0.004765
0.025716
0.551542
0.739650
0.509303
