-0.161689 0.016994 0.426452 0.148341 -0.636146
-0.018462 -0.069464 0.585686 -0.346159 -0.294314
-0.272639 -0.312658 1.391008 -0.238288 0.482409
0.228818 -0.649590 0.837349 -0.250117 0.056181
0.758964 -1.001098 0.605418 -0.666178 -0.570631
0.454067 -0.541246 0.030672 0.075407 -0.529060
0.855922 -0.659395 0.203525 -0.559952 -0.801355
-0.557309 -0.340851 0.374091 0.100551 -0.443147
0.206573 -0.989857 0.385093 0.415447 -0.172277
-0.436927 0.247079 0.115779 0.574730 -0.722100
-0.316861 -0.511792 0.242695 -0.534766 -0.155405
0.941346 -0.547482 0.254247 -0.794802 0.303125
0.937987 -0.874216 0.107995 -0.458872 -0.076264
-0.311225 -0.134806 0.687192 -0.189826 -0.434881
0.718741 0.197730 0.210612 -1.126915 -0.279949
0.336563 -0.148378 0.176678 -1.202851 -0.244679
-0.353996 -0.361709 0.599605 -0.894486 0.122998
0.468070 0.184300 0.376851 -0.337228 -0.225309
0.835142 -0.651280 0.516776 -1.248221 -0.161184
0.897225 -0.120449 0.465411 -0.985625 -0.742118
0.565615 -0.411963 1.016042 -0.662551 -0.179752
0.457232 -0.270630 0.247673 -1.114562 -0.723947
0.501271 -0.593178 0.863538 -0.555562 -0.283391
0.319928 -0.387252 0.222790 -0.848317 -1.194884
0.396249 -1.002831 0.820601 -0.615820 -0.408656
-0.518961 -0.569904 0.923378 0.003277 -1.091946
0.320102 -0.837515 -0.197686 -0.130793 0.484739
-0.189239 0.231638 -0.283216 -0.466454 -0.295664
-0.225023 -0.601848 0.601161 0.702418 -0.688766
0.661774 -0.229923 0.314735 -0.504910 0.443132
-0.007308 0.077206 0.632214 -0.272804 -0.959055
0.202104 -0.418297 0.249578 -1.114769 -0.254763
0.099701 0.335370 0.709578 -0.894054 0.161848
-0.496508 -0.462546 0.185164 0.756073 -0.757296
0.383747 -0.940549 0.254188 -0.955555 -0.450406
0.374433 -0.829601 0.056386 -0.666338 -1.101155
0.351385 -0.141597 0.799997 -0.965356 -0.408617
0.513178 -0.145113 0.593275 0.249910 0.141484
0.504477 -0.889773 0.436964 -0.336594 -0.191169
0.100850 -0.451783 0.885454 -0.397692 0.189447
0.408255 -0.909144 0.491801 -0.343714 -0.322570
0.729473 -0.552791 0.578036 -1.012410 -0.138061
-0.884578 -0.073296 0.474856 0.014206 -0.609988
0.154841 -0.762313 -0.159313 0.227991 -0.094559
0.364215 -0.432967 0.462921 -0.651665 -0.497959
0.579145 -0.258620 0.276773 -0.941973 -0.349644
-0.496946 -0.375144 0.000417 0.270429 -0.714911
0.891489 0.036992 0.621274 -0.597596 0.370399
0.725185 0.048573 0.214870 -0.658673 -0.495479
1.118946 -0.152838 0.149896 -0.653092 -0.140229
0.421273 -0.527854 0.260244 -1.004638 0.244436
0.348242 -1.070789 1.023308 -0.561296 -0.689323
-0.103539 -0.300212 0.292328 -1.194535 0.409915
0.145486 0.069998 0.466868 -0.193402 -0.237794
-0.058606 0.192196 0.856260 -0.545375 0.254957
0.263785 -0.156693 0.508271 -0.628094 0.463012
0.140772 1.227109 1.242524 0.329878 0.421472
0.022121 0.187690 0.577939 -0.158409 -0.139297
0.289530 -0.972996 0.138659 -0.250776 -0.053924
-0.056995 -0.157608 0.561034 -0.104084 -0.570795
0.281098 -0.473010 1.148277 -0.663019 0.068133
0.097947 -0.873644 0.809762 0.166772 -0.210850
-0.129095 -0.866982 -0.005281 -0.021083 0.116998
0.000522 -0.269494 -0.019269 0.462975 -0.884681
0.000606 -0.005253 0.302646 -0.193293 -0.518555
-0.160612 0.650467 0.007332 1.021984 -0.006044
-0.485324 -1.252151 0.340040 0.067917 -0.336686
-0.678851 -0.258037 0.941766 -0.367544 -0.542970
0.381085 -0.361627 -0.126196 -0.805724 -0.812883
0.086970 0.264434 0.098454 -0.198665 -0.537656
0.259224 -0.070418 0.432500 -0.076074 -0.711266
0.226743 -0.034556 0.627205 0.317583 -0.850025
-0.140589 0.010560 1.013817 -0.047704 -0.337796
0.800536 -0.546617 0.328580 0.013556 -0.196103
-0.051566 -0.740487 0.325492 -0.186549 -0.579959
-0.378675 -1.032181 0.215270 -0.475963 0.274587
-0.389952 0.565930 -0.444128 -0.642473 -0.237752
-0.050123 -0.342283 0.528996 0.250551 0.225563
0.422080 0.053248 -0.700411 0.691489 -0.935429
-0.049959 -0.650236 0.783089 -0.077561 0.122102
0.449822 -0.732805 0.394268 -0.979784 -0.431190
-0.197671 -0.324098 -0.047344 -0.118112 -0.391564
0.285572 -0.371405 0.572453 -0.250718 -0.639438
0.161125 -1.117067 0.939924 -0.112533 -0.670821
-0.344616 -0.260616 0.467495 0.169459 -0.633085
-0.626410 -0.369637 0.003186 0.336409 -0.145788
-0.360285 -0.576288 0.478226 -0.167593 -0.348590
0.270660 0.011355 -0.310815 0.784019 -0.303053
-0.319424 0.327551 0.778700 -0.306690 0.439773
1.473880 0.191055 0.659193 -0.196063 -0.326900
0.365980 0.552430 -0.096606 0.137546 -0.134322
-0.592927 -0.535042 0.049018 0.242801 1.023348
-0.055583 0.127828 0.491003 0.124222 -0.574173
-0.049511 0.034606 0.583726 0.068820 -0.835419
0.088131 -0.576048 0.117451 -0.161761 -0.747001
0.138618 -0.884420 0.528601 -0.374908 0.061356
0.317521 -0.503107 1.280002 -0.520425 -0.276019
-0.050408 -0.303186 1.088589 -0.463474 0.417919
0.268459 -0.601031 0.828244 0.009978 0.139002
0.070077 -0.930616 0.460844 -0.616797 -0.023815
0.330125 -0.706061 0.602716 -0.462539 -0.228847
-1.224515 -0.158863 0.991460 -0.256099 -1.131090
-0.796181 0.181223 0.978987 0.069084 -1.060186
-0.117248 -0.977878 0.357626 -0.304913 -0.305329
-0.275043 -0.216628 0.599350 -0.366630 -0.365092
0.210739 -0.985260 0.202581 -0.553983 -0.477129
0.160446 -0.781986 0.353601 -0.512585 -0.381107
0.011994 -0.676196 0.535749 -0.474886 -0.176593
-0.834441 -0.983335 0.547921 0.025827 -0.573619
-0.005395 -0.561131 0.464708 -0.232398 0.098065
-0.225454 -0.850115 0.645048 -0.091793 0.003399
-0.334940 -0.774199 0.450983 -0.405394 -0.449824
0.145486 0.069998 0.466868 -0.193402 -0.237794
-0.181967 -0.638906 1.136277 0.618809 -0.398767
-0.379068 -0.646804 0.578056 -0.590243 -0.750324
-0.166425 -0.861902 -0.197145 -0.332916 -0.210640
0.165134 -0.026851 0.857392 -0.386122 0.193488
0.039655 -0.073069 0.673685 -0.504131 0.355032
0.474593 -0.615317 1.097317 -0.538151 0.147195
-0.169382 -0.144795 0.835569 -0.647216 0.012685
0.295552 -0.238899 0.160762 -0.516972 -0.321467
-0.301830 -0.781461 0.535916 -0.602491 -0.974837
-0.808468 -0.660371 0.623028 -0.278108 -1.081606
-0.116640 0.446363 0.228297 -1.081783 -0.833976
0.148886 -0.270011 0.383386 -1.066361 -0.471253
-0.053755 -0.252795 1.285593 -0.728874 -0.477182
0.182102 0.075022 0.766595 -0.982139 -0.105382
0.071708 -0.253373 0.397228 -0.361810 -0.159052
0.399193 -0.213533 0.315091 -1.252768 0.039074
-0.718728 -0.994997 0.951836 -0.949325 -0.174334
-0.016108 -0.676783 0.250104 -0.470740 0.395747
0.293739 -0.749552 0.028813 -1.084240 0.363724
0.841293 -0.442276 0.273541 -1.256279 -0.040726
-0.156788 -0.496183 0.272133 -0.770783 0.251294
0.031580 -1.087009 -0.191770 -0.674779 0.354879
0.222414 0.200912 0.118414 -0.797146 -1.276716
-0.072725 -0.632597 0.802481 -0.401969 -0.229269
-0.203796 -0.759609 0.408142 -0.161175 -0.302725
0.346819 -0.791608 -0.269388 -1.115706 -0.169481
0.200350 -0.834067 -0.064812 -1.068862 -0.386498
-0.016496 -0.860951 -0.440907 -1.014593 -0.179305
0.411241 -0.963308 -0.053441 -0.928159 -0.290790
0.370247 -1.115304 -0.020004 -0.891576 -0.191504
0.299273 -0.631506 -0.300605 -1.073453 -0.435957
-0.001953 -0.572679 -0.494979 -0.665621 -0.457077
0.701440 -0.978328 -0.014500 -1.262913 0.201360
0.185631 -0.993019 0.424362 -0.985717 -0.204776
0.088919 -0.168215 -0.005934 -0.657135 -0.318966
0.462538 -1.070156 -0.089747 -1.023757 -0.288473
0.171922 -0.956548 -0.454117 -0.836654 0.107257
0.485697 -1.145022 -0.117267 -1.084778 -0.051427
-0.008111 -0.809161 0.131593 -0.916161 -0.100461
0.278304 -1.027766 0.032424 -0.816617 -0.109520
0.344480 -1.137608 0.134538 -1.038273 -0.141819
0.074235 -0.486602 -0.502940 -0.988549 -0.316219
0.275378 -0.641174 -0.482358 -1.082740 -0.303197
0.259197 -1.181019 -0.162344 -0.683323 0.233146
0.364827 -0.675154 -0.284456 -0.832709 -0.513778
-0.065414 -0.280003 -1.134242 -0.368725 -0.224367
0.122696 -0.590843 -0.415815 -0.890885 -0.340348
0.644409 0.108782 -0.411472 -0.063374 -0.988340
0.437173 -0.122896 0.065257 -1.100652 -0.314852
0.285713 -1.008960 -0.106238 -0.947859 -0.435201
0.283824 -0.698861 -0.474221 -0.919424 -0.512693
0.288845 -0.688677 -0.418259 -0.957046 -0.408860
