-0.075636 -0.305770 0.402646 -0.450954 0.146809
-0.075636 -0.305770 0.402646 -0.450954 0.146809
0.390435 0.611055 1.190218 0.645275 0.026180
0.637403 -0.271757 0.769920 -0.272956 -0.628925
0.561020 -0.255070 0.514764 -0.811216 0.253053
-0.143595 0.010713 0.859195 -0.204644 -0.162114
0.491464 -0.708820 0.600307 -0.165511 -0.241008
0.131285 0.041134 0.908442 0.154637 -0.527520
0.113446 -0.271047 0.816844 -0.690319 -0.108093
0.780749 -0.767670 -0.138802 -0.359110 -0.073761
-0.525538 -0.333871 0.619413 0.164026 -0.876388
0.151873 -0.705501 -0.161412 -1.013242 -0.358665
-0.434741 -0.519871 0.578765 -0.080553 -0.203324
0.831559 0.059825 0.477785 -0.553567 -0.618355
-0.251425 0.202361 0.000214 -0.372507 0.324803
0.258456 -0.811365 0.896558 -0.198136 -0.744527
0.533808 -0.516599 0.693082 -0.199076 -0.126003
-0.373384 -0.965243 -0.200497 0.155666 -1.376776
1.213002 -0.497042 -0.307418 0.042293 -0.339225
0.428373 -0.839260 -0.045451 -0.150416 0.281313
0.574185 -1.680100 0.020014 -0.269766 0.119855
0.510191 -0.518151 0.030602 -0.430552 -0.328551
0.455940 -0.184766 0.270780 -0.464730 -0.295475
-0.212613 -0.594239 0.100901 0.031921 0.425573
0.103125 -0.125353 0.534885 -1.462395 -0.033481
0.372652 -0.024830 0.308167 -0.267820 0.014966
0.265165 0.114146 0.824219 -0.158128 -0.074828
0.205277 -0.572889 0.711268 0.067756 0.080838
0.684525 -0.332005 0.623373 -0.128415 -0.649660
0.377748 -0.787069 0.855625 -0.193015 0.339944
0.890977 -0.831549 0.484582 -0.665416 -0.566042
0.249322 0.165177 -0.171907 -1.082254 0.251825
0.680321 -0.447674 0.403384 -0.694540 -0.140908
-0.047823 0.045326 0.873572 -0.535092 -0.114521
-0.049216 -0.101265 0.386433 -0.620169 -0.010675
0.409131 -0.547580 0.424823 -0.625564 0.504284
-0.489443 -0.427718 0.146790 -0.489630 -0.120315
-0.423647 0.171347 0.570982 -0.412023 -0.442207
1.159694 -1.104978 -0.174417 0.064014 0.036304
0.337182 -0.699906 -0.045150 -0.993078 0.262840
-0.035601 -0.289649 0.641966 -0.994685 -0.147505
0.963878 -1.380320 0.015964 -0.653253 0.254825
0.490002 -0.265745 0.712226 -0.656554 -0.407886
-0.644356 0.141893 0.941511 -0.420123 -1.476405
-0.201658 -0.699408 0.357509 -0.846061 0.176306
0.024319 -1.677306 0.273280 -0.542988 0.175572
0.076198 -0.029266 0.617687 -1.235199 -0.607607
-0.029377 0.114558 0.839368 -1.073600 -0.027905
0.791650 -0.471246 0.421574 -0.194319 0.287556
0.515206 -0.282187 0.265674 -0.261977 0.270883
0.361716 -0.786822 0.724905 -0.147334 -0.121633
0.758975 -0.490580 0.586686 -0.250565 -0.203283
0.661630 -0.486942 0.801919 0.109608 -0.335246
-0.597965 -0.073286 0.249022 -0.366587 0.038428
-0.370797 -0.234706 0.772940 -0.190509 0.009711
0.129344 -0.156411 1.267808 -0.054173 -0.523666
-0.022540 -0.341203 -0.002989 0.322235 -0.104180
0.374652 -0.430655 0.102329 -0.432139 -0.348125
0.598562 -0.392164 0.120647 -0.105686 -0.061873
-0.109141 0.059447 0.795137 0.542800 -0.241527
0.928651 0.106461 0.453232 0.228637 -0.002420
0.302873 -1.203371 0.334041 -0.352486 -0.398128
-0.398213 -0.227970 0.674077 0.397384 -0.553306
-0.006997 -0.328580 0.777687 -0.268424 -0.313132
-1.403769 -0.125369 1.174928 -0.529710 -0.584563
0.242647 -0.926820 0.508133 -0.443798 0.499339
0.424831 -1.001100 0.442315 -0.198886 -0.723668
-0.053604 0.001651 0.507692 -0.185022 -0.247694
0.129874 -0.664531 0.163791 -0.867137 -0.001461
-0.555470 -0.842601 -0.043740 0.054746 0.326595
0.411753 -0.515411 0.612935 -0.223951 -0.522457
0.598702 -0.616681 0.851506 -0.120664 -0.893452
-0.387193 -0.379621 0.472046 0.593801 -1.116795
0.265165 0.114146 0.824219 -0.158128 -0.074828
0.336379 -0.463162 0.593294 -0.159177 0.104166
0.141659 -0.693432 1.153023 -0.350327 -0.218911
-0.282982 0.358105 1.266737 -0.127221 -0.118317
-0.726780 -0.377440 -0.063367 -0.160513 0.366160
-0.344589 -0.083986 0.097958 0.407776 -0.077193
-0.382897 -0.945079 0.172746 -0.292194 -0.084981
-0.300371 -0.513729 0.493738 -0.061514 0.603905
-0.147777 -0.437274 1.163204 -0.090387 -0.454419
0.539028 -1.251819 -0.032239 -0.139026 0.126869
-0.324314 -0.066462 0.354558 -0.236120 -0.908458
0.120991 0.590483 0.129637 0.558471 -0.104835
-0.469539 -0.545730 0.242933 -0.103284 0.238298
-0.898553 -0.967370 -0.066679 -0.327342 0.493376
-0.004005 -0.346672 0.561238 0.182837 -0.978526
-0.562623 -0.756201 -0.113445 -0.046952 1.091191
0.452246 -0.577165 0.003931 0.315518 -0.560383
-0.237239 -0.496336 0.066955 -0.143658 -0.551637
0.798022 -0.681764 0.665894 -0.889591 0.483188
0.298890 -0.544531 0.359557 -0.559187 -0.091476
-0.458417 -0.330427 -0.101446 -0.114786 -0.575867
0.405621 -0.523326 0.470892 -0.564286 -0.092820
-0.153506 0.186339 1.621516 0.058590 0.010839
0.253365 -0.013541 0.616839 -0.693132 0.056064
0.631268 -0.512857 0.670055 -1.153311 -0.116384
0.154332 -0.102788 0.521129 -1.055916 -0.082477
0.420564 -0.012702 0.347160 -1.163523 -0.202169
0.110091 -0.582894 0.750134 -0.785264 -0.336007
-0.281018 -0.865182 0.516865 -1.082135 -0.338331
1.078464 -0.160909 0.387707 -0.718453 -0.984008
-0.055003 -0.298900 0.250514 -0.954090 -0.059856
0.611699 -0.423452 0.173333 -1.108114 -0.088734
0.510371 -0.443824 0.606715 0.084273 -0.199757
0.076198 -0.029266 0.617687 -1.235199 -0.607607
-0.443147 0.301502 0.678934 -0.586173 -0.466591
-0.175263 -0.604493 0.730175 -1.435926 -0.240827
0.021207 -0.550041 0.377518 -0.097678 -0.908067
0.200818 0.181332 0.906933 -0.154468 -0.055748
0.112131 -0.095053 0.741671 0.019833 -0.089432
0.351231 -1.073224 0.122536 -0.901982 -0.430737
-0.288799 0.169168 -0.150256 -0.475110 -0.701839
0.570971 -0.988156 0.217935 -0.788275 0.365050
0.145117 -0.878213 0.061258 -1.140212 -0.485695
0.329531 -1.135298 -0.203033 -1.149114 -0.053984
0.315150 -0.759626 0.122312 -0.862901 -0.457031
0.189065 -0.075206 -0.004521 -1.123880 -0.370385
-0.074030 -0.736765 -0.339390 -0.875419 0.022032
0.578978 -0.764453 -0.088072 -1.103998 -0.252919
0.149175 -0.809417 -0.307519 -1.074936 -0.211671
0.334286 -1.016153 -0.090533 -0.938757 -0.272188
0.485050 -1.211590 0.126667 -0.152768 -0.255692
0.562381 -0.488254 -0.176329 -1.129925 -0.156552
0.393705 -0.945226 -0.220383 -0.911737 -0.116135
0.237377 -0.899563 -0.242397 -0.868776 -0.344117
0.534832 -1.226316 -0.041623 -1.002362 -0.196396
0.508903 -1.074794 -0.030674 -0.939593 -0.176127
0.464818 -1.102369 -0.126380 -1.088052 -0.257750
0.584330 -1.212986 0.022685 -1.129748 -0.030203
0.656582 -1.265502 -0.034244 -1.111283 -0.015155
0.427476 -0.820129 -0.619804 -1.011315 -0.101147
0.333365 -0.541449 -0.425708 -1.038774 -0.040147
0.601673 -0.876852 -0.013481 -1.103755 0.078650
0.486877 -1.087637 -0.130455 -0.749706 0.289559
0.324284 -0.846520 -0.250403 -1.095992 0.014641
-0.015530 -1.070604 -0.207384 -0.726706 -0.355388
0.370839 -0.868632 -0.095766 -1.055849 -0.405838
0.456922 -0.597675 -0.279742 -0.659477 -0.325343
0.295385 -0.651474 -0.244587 -0.907952 -0.322913
0.366269 -0.951978 -0.005738 -1.049332 -0.081401
0.152430 -1.724357 -0.483811 -0.380854 -0.091383
-0.132078 -0.768682 -0.508792 -0.662327 -0.388634
0.215330 -0.676109 -0.413796 -0.917516 -0.401682
0.254479 -1.065708 -0.167241 -0.958709 -0.255548
0.296862 -1.031027 -0.278563 -0.871658 -0.083475
0.180268 -0.822118 -0.249014 -0.961768 -0.191616
0.409792 -1.040350 -0.118856 -0.923443 -0.064148
0.438925 -1.048703 -0.239306 -0.963875 -0.253634
-0.243871 -0.280537 -0.165021 -1.045260 -0.550039
0.309530 -0.977554 0.024060 -0.689596 0.094391
0.252282 -0.503106 -0.627987 -1.012708 0.038501
