-0.070230 0.190436 0.950172 -0.201454 0.082229
-0.520179 -0.164400 0.463148 0.245821 -0.624168
-0.762317 -0.666196 1.040333 -0.256652 -0.247865
0.111788 -0.663707 0.170885 -1.102658 0.494300
-0.671007 0.810254 0.332608 0.073756 -0.586387
-0.113972 -0.605637 1.004602 -0.298617 -0.845101
-0.594960 -0.330587 1.276007 0.438261 -0.674734
-0.606826 -1.637755 0.665495 0.130191 0.120822
0.597065 -0.048409 0.511712 -0.080436 0.035023
0.347852 -1.153310 0.402083 -0.749411 -0.367436
0.493435 -0.600285 0.027912 -0.473966 0.330530
-0.069862 -0.543578 0.950636 -0.913391 -0.373572
0.774321 -0.975348 0.677358 0.031904 0.241806
0.395834 -0.479699 0.961397 -0.112711 -0.486090
-0.598244 -0.658889 0.712095 -0.525294 0.143241
-0.442095 0.058766 0.637786 0.117145 -0.352604
0.705918 0.304974 0.465970 0.428321 -0.754652
0.423372 0.010045 -0.203191 -0.319165 0.008268
0.257782 -0.720382 0.289295 -0.171135 -0.061143
-0.369269 -0.519029 0.422115 -0.582112 -0.762928
-0.155184 -0.548013 -0.327713 -0.246858 -0.421974
-0.069518 -0.468368 0.000533 0.047679 0.116738
-0.805008 0.172481 0.551280 0.668162 -0.952694
0.566479 -0.410198 0.724561 -0.436116 -0.122915
0.342038 -0.622874 0.766414 -0.430609 0.057716
0.476087 -0.995139 0.768481 -0.641476 0.014144
0.650840 -0.544339 0.803773 -0.357242 0.044449
0.009651 -0.078263 0.043641 -0.306228 -0.743682
0.368813 0.055798 1.078565 0.104707 -0.552083
-0.038994 -0.217450 0.510615 0.271685 -0.375326
0.370816 -0.611936 0.757342 -0.392433 0.403795
-0.703377 -0.300318 0.730344 0.119716 -0.183796
0.134282 0.132863 0.796412 0.351446 -0.271882
0.631160 0.508948 0.056549 0.563687 -0.239287
0.044478 -0.604799 0.693297 0.571575 -0.827361
0.785229 -0.045797 0.667740 -0.572962 -0.227341
0.964916 -0.839078 -0.189546 -0.548600 0.321714
0.489538 0.034156 0.430374 -0.032672 0.097198
-0.363138 -0.447865 0.884106 -0.245203 -0.322341
-0.438809 -0.107984 0.764264 -0.254197 -0.020081
-0.631554 -0.548489 0.505542 0.021344 -0.629296
-0.763380 -0.164583 0.542511 -0.460707 0.090767
0.280188 -0.287663 0.532557 -0.091709 -1.006281
-0.848417 -0.640118 0.121013 0.304930 -0.168216
-0.146305 -0.791438 0.816691 -0.055804 -0.235400
0.206343 -0.057766 0.860181 -0.170300 -0.995609
0.141763 -0.573265 0.322323 -0.923382 0.723730
0.621012 -0.361755 0.836694 -0.817502 0.607347
-0.423856 0.164431 0.446014 -0.689420 -0.666282
0.094336 -0.441192 0.502840 -0.552742 -0.433906
-0.267737 -0.364052 0.661975 0.358127 -0.416715
0.734563 -0.531123 0.461154 -0.976135 -0.554304
0.529510 0.216977 0.678094 -0.564033 -0.260848
0.374230 -0.289318 1.103307 -0.401872 -0.190549
-0.246214 -0.747075 0.248874 0.337406 0.160228
0.615412 -1.302809 0.791395 -0.471813 0.294366
0.114506 0.100838 0.237004 0.432908 -0.389679
0.473540 -0.272943 0.652890 -0.318354 0.037838
0.039180 -0.645005 0.775700 -0.292608 -0.179147
0.263370 -0.829820 0.665264 0.203058 -0.549431
0.007174 -0.358743 0.325220 -0.332513 -0.878338
-0.128861 -1.105687 0.200619 -0.409207 0.097602
0.545458 -1.036240 -0.152344 -0.643217 -0.556204
0.584043 0.261419 0.767314 -0.628611 -0.876257
0.292246 -1.016322 -0.561017 0.481976 -0.112179
-0.201444 -0.453624 0.104393 0.378018 0.396270
0.156307 -0.793840 0.703255 -0.339512 -0.232637
1.023791 -0.455874 -0.219993 -0.995054 -0.393140
-0.211377 -1.052059 0.424303 0.161826 0.209418
0.133698 -0.096392 0.546537 -0.382832 -0.063887
0.500575 -0.094301 0.016174 -0.239327 -0.511110
-0.653064 -0.679983 0.451576 -0.311993 -0.072382
0.778185 0.084223 0.532595 -0.018200 -0.308864
0.571012 -0.777552 0.598065 -0.653695 -0.117143
0.135601 -0.357036 0.599342 -0.406236 0.032731
0.352462 -0.537861 0.503526 -0.208189 0.365921
0.764980 -0.672176 0.781610 -0.511896 0.065123
0.462802 -0.703466 -0.378710 -0.953722 -0.329988
0.214660 -0.370688 -0.232350 -0.761264 -0.312088
0.466224 -0.578940 -0.488024 -1.102236 -0.184974
0.160030 -1.059264 -0.233924 -0.771635 -0.100312
0.318658 -1.028298 -0.256047 -1.028412 -0.185747
0.339647 -0.739042 -0.340804 -1.060168 -0.298645
0.197573 -0.676518 -0.350448 -0.972562 -0.365548
0.175181 -0.836788 -0.452059 -0.969520 -0.212108
0.323301 -0.699253 -0.050122 -0.919792 -0.183493
0.406985 -0.729776 0.095441 -0.877157 -0.105850
0.063724 -0.100864 0.236896 -1.152186 -0.519247
0.370880 -1.116711 -0.105769 -1.030351 -0.280181
0.266883 -0.771308 -0.503711 -0.860501 -0.249720
0.367143 -0.702766 -0.318898 -1.038010 0.050771
0.531697 -0.892094 -0.214679 -0.611527 -0.673877
0.434758 -1.069578 -0.027375 -1.096040 0.215620
0.637481 -1.092692 -0.333664 -1.004072 -0.186739
0.186334 -0.624131 -0.296917 -0.687196 -0.244016
-0.028118 -0.508745 -0.645456 -0.790351 -0.171392
-0.216911 -0.870619 -0.408406 -0.209134 -0.211169
0.252887 -0.427494 -0.899792 -0.580862 -0.320779
-0.087272 -0.422212 -0.467578 -0.741905 -0.553963
-0.076109 -0.752528 -0.378436 -0.666684 -0.400009
0.152350 -0.617335 -0.046940 -0.571219 -0.668413
0.024753 -1.091542 -0.101667 -0.855054 0.264907
