-0.081432 -0.446754 1.030182 -0.448998 -0.390707
-0.943971 0.381426 1.154964 -0.185721 0.045643
-0.082079 -0.063729 0.168060 -0.423662 0.000199
0.380395 -0.552089 0.777820 0.017770 -0.496147
-0.013644 0.244846 0.621116 0.230648 -0.423960
-0.167675 -0.528349 0.803940 -0.455346 -0.535868
-0.221770 -0.304296 0.625938 -0.016939 -0.158759
0.185022 -0.123513 0.368975 -0.084427 -0.341076
0.453983 -0.240312 0.538359 0.066440 -0.572730
-0.101688 0.508289 1.212726 -0.645832 -0.421750
0.891159 -0.301723 0.823733 0.064920 -1.046220
0.176724 -0.416471 1.109299 -0.586631 -0.107853
0.191422 -0.297231 -0.128541 -0.245314 -0.396735
0.706910 -0.226677 0.749906 -1.637825 -0.260986
0.081076 -1.171650 0.624697 -0.412049 -0.084323
0.449843 -0.230238 0.519347 -1.301178 0.441369
0.960300 -0.337571 0.217453 -0.892534 -0.302631
1.055171 -1.474605 0.029154 -0.598938 -0.223982
-0.279634 -0.139662 0.052397 0.065823 0.607546
0.314181 -0.599852 0.621215 0.265517 -0.786959
0.168433 -0.141207 0.622128 -0.891296 0.067409
0.688757 -0.519654 0.299785 -1.151472 -0.339171
0.654244 -0.271248 0.370346 -0.337369 -0.635756
0.441176 -0.133646 0.702941 -0.554966 -0.347484
0.213735 0.051626 0.634576 -1.664197 0.413398
0.216205 -0.984475 0.629602 -0.380240 -0.095351
0.457712 -0.565555 0.427009 -0.269534 -0.103547
-0.133978 -0.778728 0.859710 0.163510 -0.103864
-0.206320 -0.659728 0.971336 -1.383287 0.033662
0.704658 -0.562400 0.059610 -0.831002 -0.375883
-0.475385 0.030469 0.649669 0.627155 -0.200220
-0.036479 -1.025288 0.675641 0.323925 -0.186719
-0.016971 -0.714005 0.014373 -0.506965 -0.810146
0.703539 -0.190360 0.331982 -1.189109 -0.445484
0.768117 -0.860335 0.895313 -0.872424 -0.308734
0.706010 -0.221555 0.161164 -0.553798 -0.886938
0.440879 -0.123223 0.650727 -0.215493 -0.414580
-0.342090 0.254641 0.933285 -0.718895 -0.253454
0.119365 -0.582484 0.371606 -1.259665 -0.236429
-0.381880 0.585786 0.956219 -0.743405 -0.370767
-0.380106 0.260790 0.874639 -0.720523 -0.253428
0.285472 -0.184986 0.273801 -1.622273 0.008709
0.096340 -0.052159 0.910679 -0.197550 0.225693
-0.340384 0.372222 0.134376 -0.671330 -0.473542
-0.225889 -0.447396 0.873610 -0.948593 0.312357
0.384829 0.590534 0.804237 0.374334 -1.051319
-1.145998 0.075581 1.073496 -0.605229 -0.288159
-0.448826 -0.542650 0.104587 -1.041029 -0.871591
0.396724 -0.336873 -0.116574 -0.489255 -0.806642
-0.755567 0.109917 0.321968 -0.276271 -0.460709
-0.206921 0.268647 0.808319 -1.088958 -0.075101
-0.212776 0.099812 0.485709 -1.374671 0.096221
-0.107484 0.012161 0.938526 -0.887604 -0.295645
-0.683140 0.167672 0.831362 -1.081686 0.448464
-0.289047 0.484861 0.577576 0.223385 -0.556570
-0.590227 -0.634276 0.634845 -0.098823 -0.670579
-0.263510 -0.950140 0.728566 -0.272444 -0.558224
-0.167530 -0.343466 0.999689 -0.201543 -0.661904
-0.784167 -1.024767 -0.149169 -0.051519 0.266296
0.597876 -0.828757 -0.385637 -0.999482 -0.384602
0.457842 -1.037512 0.051331 -0.720234 -0.347899
0.573533 -1.055483 0.009251 -0.786768 -0.128808
0.409130 -1.125611 -0.144519 -0.995852 -0.448643
0.487760 -0.870584 0.198017 -0.819378 -0.248621
0.501766 -1.305262 0.069618 -0.893967 -0.015064
-0.069407 -0.393191 0.098195 -0.327043 -1.249525
0.369437 -0.821066 -0.188723 -0.950674 -0.236879
0.304559 -0.249157 -0.465981 -0.509513 -0.215733
0.411013 -0.760569 -0.312677 -1.020165 -0.304441
0.436580 -0.438404 0.066035 -0.731740 -0.304529
0.118918 -0.996595 0.218495 -1.193778 -0.292802
0.167600 -1.182431 0.191081 -0.733728 -0.087187
0.180592 -0.803758 0.121811 -1.087354 -0.599184
0.192590 -0.908596 -0.225673 -0.821322 -0.146713
0.508997 -0.661582 0.002627 -1.155987 -0.671205
-0.075154 -0.765303 -0.300917 -0.385022 -0.020916
0.454353 -1.202393 -0.034337 -0.965023 -0.005877
0.470866 -1.022419 -0.007947 -1.014256 0.078254
0.294400 -0.616000 -0.401693 -0.913727 -0.472667
0.462217 -1.043667 0.002254 -1.095599 -0.070514
0.320774 -1.059367 -0.043365 -0.947146 -0.112327
0.354190 -1.121977 -0.017608 -1.101423 0.001638
0.125946 -0.775732 -0.471695 -0.985431 -0.376465
0.231279 -0.761856 -0.384939 -0.955732 -0.201928
0.478201 -0.832815 -0.348324 -0.862461 -0.144177
0.253158 -0.596578 -0.061756 -0.820092 -0.383228
0.400393 -0.959759 -0.143947 -1.426189 -0.214642
0.448240 -1.009467 -0.073975 -1.060445 -0.410955
0.115617 -0.523888 -0.387653 -0.772589 -0.532889
0.087817 -0.546443 -0.506921 -0.861352 -0.453874
0.374561 -1.002828 -0.190681 -0.850198 -0.273142
0.231279 -0.761856 -0.384939 -0.955732 -0.201928
0.629415 -1.222835 0.187853 -1.122469 -0.120267
0.496973 -1.022607 -0.257782 -0.928085 0.217913
0.297712 -0.775360 -0.261933 -0.639166 -0.652911
0.174831 -0.520760 0.061998 -0.944328 -0.686944
0.445608 -0.972030 -0.190878 -0.923310 -0.228175
0.223288 -0.614069 -0.448406 -0.861685 -0.295308
0.365696 -1.038454 -0.062694 -1.004498 -0.196426
0.314839 -0.643381 -0.482601 -0.957562 -0.282623
