0.382339 -0.772638 0.389197 -0.418586 -1.041364
0.177597 0.002996 0.520438 -0.665288 -0.253532
0.044431 -0.677619 0.777263 -0.367583 -0.552707
-0.090095 -0.142200 0.503002 -0.154702 -0.162529
0.761578 -1.053845 0.257099 -0.542742 -0.581780
0.440380 -0.645105 0.170338 -0.755338 -0.125482
0.596454 0.188536 0.857119 -0.814049 0.438884
0.544821 -0.112268 -0.222554 -0.770363 -0.634504
-0.132698 0.316242 0.876136 -1.057831 0.329425
-0.215568 -0.155953 0.936929 -0.505131 0.361594
-0.293594 0.575433 1.055002 -0.910266 0.308488
0.535108 0.051816 0.030803 -0.801574 -0.016103
0.379037 -0.935304 -0.254723 -0.197433 -0.565220
0.506196 -0.577525 0.222699 -0.452560 -0.304022
-0.152160 -0.386876 0.500080 -0.814331 0.068633
0.230852 -0.342375 0.413800 0.106199 0.382558
0.562707 -0.135519 0.746737 0.127889 -0.364703
0.506066 -1.023440 0.316564 -0.749743 -0.353466
0.131470 0.530284 0.738316 -0.784593 -0.095193
-0.092842 0.167579 0.403322 -1.291725 -0.153008
0.428715 -0.300415 0.902700 -0.862842 -0.087988
0.153327 -0.856859 0.617213 -0.788874 0.276980
0.738355 -0.697043 0.801314 -0.563462 -0.012230
0.711216 -0.864390 0.156806 -0.279512 -0.262993
-0.198426 -0.111580 0.745595 -0.957615 -0.031405
-0.009731 -0.167406 0.537754 -0.956308 0.082480
0.216959 -0.341210 0.833318 -1.451848 -0.014031
0.238677 -0.340362 0.869242 -1.154374 0.439552
0.119378 0.338383 0.285831 -1.382812 0.044183
0.920293 -0.252008 0.156433 -0.530530 0.264396
-0.146970 -0.377798 0.265257 -0.629941 0.496140
0.018573 -1.079527 0.631844 -0.228589 -0.783554
0.120589 -0.370936 -0.278479 -0.540379 -0.417822
-0.013739 0.235890 0.733791 -0.368678 0.122734
-0.191082 -0.251665 0.288371 -0.003525 -0.617046
0.994428 0.410067 0.548919 -0.786253 0.369884
-1.178372 0.265866 0.116132 -0.342563 -0.942860
-0.271563 -0.471217 0.576013 -0.199545 -0.168467
0.825604 -1.180432 0.303439 -0.486137 -0.815213
0.615783 -0.826061 0.155645 -0.347338 0.131415
0.227028 -0.186804 0.571102 -0.702110 -0.200723
0.143666 -0.238184 0.919064 -0.714914 -0.118504
0.658547 -0.380251 0.352246 -1.425815 0.117599
0.044030 -0.675594 0.045816 -0.227023 -0.056223
0.482618 -0.209517 0.351324 -1.279654 0.054807
-0.318702 -0.114048 0.818815 -0.348219 -0.402209
0.150428 -0.015476 0.438586 -0.774380 0.335173
-0.325519 -0.427691 0.199003 -0.116976 0.308335
0.249118 -0.026431 0.592943 -1.151847 0.370720
0.687121 -0.303473 0.385435 -1.065289 -0.048737
0.178252 -0.249135 0.399010 -0.867317 -0.275979
-0.381421 -0.346724 0.411620 0.004809 -0.582733
-0.193289 -0.107853 0.407413 -1.415912 0.062006
-0.081366 -0.392220 1.027546 -0.091388 -0.343796
-0.126590 -0.705832 0.244669 0.227437 -0.194989
-0.872752 -0.152550 0.212673 -0.635714 0.113596
0.657471 -0.426981 0.213057 -0.689713 -0.081465
-0.111883 -0.089171 0.295895 -0.621451 -0.359354
-0.201947 -0.796568 0.176848 -0.120122 0.359394
-0.285592 -0.912052 0.048762 -0.087369 -0.003209
0.733373 -0.090566 0.766210 -0.240323 -0.761521
-0.193765 -0.174342 0.573808 0.271260 -0.406840
-0.593870 -0.786400 -0.230246 0.026043 0.707200
-0.402825 1.270856 0.303428 -0.301404 -0.459991
-0.088857 -0.620722 -0.019277 -0.135995 0.584475
0.235846 -0.295169 0.323576 -0.962674 0.101610
-0.240060 0.330794 1.209792 0.311837 -1.367787
-0.647312 -0.208352 0.964447 -0.334918 -0.126773
0.091742 -0.244160 0.735135 -0.121160 -0.433715
-0.233353 -0.628155 0.436283 -0.347421 -0.464376
0.181181 -0.498089 0.476770 -0.073137 -0.162429
0.010666 -0.685712 0.626580 0.029945 -0.145575
-0.121878 -0.994808 0.708023 -0.381114 -0.485880
-0.358117 -0.012671 0.156699 -0.522246 -0.245369
-0.177064 -0.347734 0.497486 0.376302 -0.684156
0.506095 0.436135 0.219512 0.197604 -0.472955
-0.122123 -0.486784 0.269789 -0.045644 0.648658
0.001366 -0.894068 0.259485 -0.383847 0.267494
0.142282 -0.379350 0.238729 -0.365746 0.022268
0.426770 -0.331182 0.229423 -0.474965 -0.105978
-0.970468 -0.911193 -0.316075 -0.071770 0.737398
0.096870 -0.237982 0.267322 0.149017 -0.411022
0.021248 -1.102200 -0.033026 -0.488159 0.435835
-0.679284 -0.743888 0.417304 -0.011944 0.411181
0.141580 0.225977 0.513510 -0.321395 -0.876305
-0.979235 -0.515459 0.615646 0.481225 -0.082270
-0.011147 -0.892092 0.903239 -0.547142 -0.445588
0.012591 -0.269970 0.078197 -0.157278 0.013718
-0.183652 -0.253608 0.795575 -0.129222 -0.128097
-0.489443 -0.481807 0.822171 0.265109 0.130830
-0.928352 -0.725214 0.307472 0.158689 0.122077
1.256234 -0.845721 0.431476 -0.968900 0.186095
-0.123289 -0.458135 0.184422 -0.305892 0.124719
0.127741 -0.807455 0.484824 -0.148177 -0.365879
1.033217 -0.964217 0.558869 -0.422609 -0.142791
0.595169 -0.844444 0.641412 -0.582172 0.073617
-0.593978 0.408299 1.117429 -0.258397 -0.528364
0.812807 -0.638276 0.990319 -0.304092 -0.280019
0.526628 -0.415818 0.856003 -0.160980 -0.153185
0.542178 -0.314696 0.302757 -0.087949 -0.075540
0.147960 -0.062159 -0.073781 -0.294624 -0.807578
-0.411414 0.011250 0.873096 0.289895 -0.191336
0.114363 0.581595 0.806185 -0.356678 -1.003867
-0.158484 0.189998 0.364589 0.532395 -0.307007
0.640356 0.113819 0.488786 -0.045497 -0.635942
0.613196 0.027346 0.826975 -0.057940 -0.022220
-0.214632 -0.147293 0.691097 0.677839 -0.236913
0.468133 -0.363783 0.938727 0.095958 -0.300808
0.396592 -0.408468 0.154685 -0.449619 -0.600368
-0.190834 -0.437822 0.253501 -0.275680 0.013955
0.430935 -0.428461 0.936910 -0.405312 -0.023168
0.726628 -0.860178 0.939254 -0.057494 0.117428
-0.583681 0.048822 1.092482 0.427701 -0.909796
0.490724 -0.061551 0.409943 -0.177996 -1.024389
0.616020 -1.412986 -0.118833 -0.801730 -0.117197
0.019299 -1.093962 0.375714 -0.848913 -0.454403
0.185751 -0.638583 -0.342033 -1.001377 -0.370943
0.267342 -0.823736 -0.260483 -0.855474 -0.312917
0.113588 -0.831559 -0.261285 -0.865793 -0.116476
0.376775 -0.876346 -0.217421 -0.957636 -0.418491
0.187102 0.227875 -0.518008 -1.087036 -0.547874
0.385464 -0.815989 -0.084021 -1.009784 -0.561771
0.271140 -0.778566 -0.208253 -1.063775 -0.089161
-0.069786 -0.582305 -0.097801 -1.365402 -0.304714
0.610897 -1.132454 0.185111 -0.911073 0.385177
0.515343 -0.559596 0.209127 -0.549393 0.349677
0.012235 -0.191357 -0.014366 -0.956313 -0.078321
0.295265 -0.625134 -0.322702 -0.996215 -0.469964
