-0.388145 -0.311606 0.265947 0.296140 -0.156846
-0.446720 -0.590001 0.770576 -0.202432 -0.271700
1.119286 -0.918481 0.407536 -0.649700 -0.405654
0.872948 -0.182483 0.357388 -0.362920 -0.428420
0.092127 -0.086351 0.620379 -0.830141 -0.577080
-0.182316 -0.036999 0.125424 -0.619195 0.664376
-0.337974 -0.219748 0.386318 0.317664 0.634423
0.451427 -0.510180 0.711695 -0.282589 -0.396899
0.734029 -0.307375 0.503819 0.085189 -0.789130
0.377571 -0.509108 0.340010 -1.141710 -0.786845
0.460449 -0.623558 0.476329 -1.262112 -0.203347
0.868931 -0.486208 0.197349 -0.120277 -1.019802
1.122796 0.012837 0.517631 -0.161628 -0.337278
0.655132 -0.025805 0.861013 -0.352625 -0.488978
0.209579 -0.765220 0.638923 -1.003607 -0.082978
0.628399 -0.749550 1.247174 -0.402937 -0.329444
0.076210 -0.070249 0.084510 0.248635 -0.890061
0.538446 -0.780820 0.580041 -0.754789 0.436071
-0.056911 -0.441487 0.842280 -0.962730 -0.549693
0.023541 -0.703996 0.997343 -1.013622 -0.112189
0.033065 -0.038092 1.114261 -0.860016 0.439461
1.349620 0.099536 0.385325 -1.275190 0.317786
1.205165 0.134426 0.623536 -0.947586 0.540908
0.610881 -0.566349 0.209089 -0.996096 -0.006388
-0.262569 -0.304712 0.526474 -0.508286 -1.016012
-0.065403 -0.202180 0.809312 -0.225497 -0.620598
-0.837523 -0.435253 1.223613 0.515376 -0.737332
-0.153485 -0.479285 0.312196 -0.461745 -0.442820
0.933243 -0.814423 0.879702 -0.267934 0.216068
0.013421 -0.582550 0.636971 -0.295673 -0.803285
-0.329365 -1.110086 0.796101 -0.240600 -0.375636
-0.392274 -1.175779 -0.070834 -0.139836 -0.008097
0.432197 -0.962827 1.022323 -0.716161 -0.807181
0.472531 -0.304689 -0.066648 -0.006354 -0.869018
-0.162704 0.078203 0.777597 -0.331389 -0.464880
-0.805503 -0.330208 0.428726 0.293561 -0.565362
0.442614 -0.886252 0.236022 0.398322 -0.453380
-0.799146 0.032907 -0.151535 0.171495 0.041561
0.082595 -0.260631 0.007531 -0.848757 0.478068
0.111684 -0.467525 0.069098 0.371337 0.159675
-0.731198 -0.168427 0.719128 0.456048 -0.334243
-0.146683 -0.189272 0.666426 -0.223810 -0.845985
-0.882907 -0.517917 0.994514 -0.098590 -0.286570
0.240223 -0.016817 0.582717 -0.450738 -0.884513
0.153420 -0.255980 0.683016 -0.288017 -0.526233
-0.289855 0.087291 0.018003 -0.357343 -0.293430
0.311893 0.175568 0.677625 -0.360778 -0.638704
0.144618 -0.228468 0.095578 -0.499738 -0.527123
0.246429 -0.755882 0.154418 -0.485684 -0.666216
-0.308434 -0.060839 0.804386 -0.774185 -1.133815
-0.066273 0.117670 0.687988 -0.557159 -0.295891
-0.554909 0.211530 0.931121 -0.275337 -0.359890
0.434601 -0.614093 -0.010158 -0.870571 -0.436963
0.343008 -0.515598 0.243854 -0.827240 -0.219605
-0.160011 -0.195705 0.515874 -0.959861 -0.821807
-0.178176 -0.563638 0.894295 -0.498371 0.011077
0.577629 -0.933737 0.515074 -1.064232 -0.704081
0.220585 -0.019239 0.558137 -0.569122 -0.617133
-0.262402 -0.335485 0.169045 -0.700733 -0.111155
-0.621256 -1.397088 0.438275 -0.008448 0.137534
-0.062330 -0.181258 0.416312 -1.213667 -0.069861
0.650415 -0.510875 -0.189740 0.503740 -0.171300
-0.510216 -0.834427 0.829242 -0.081102 0.006567
-0.224582 -0.374610 0.717351 -0.542151 0.117513
0.277131 -0.514751 1.355076 -0.091561 0.130204
0.184908 -0.446566 0.660379 -0.987620 0.177849
-0.155411 -0.127006 0.476523 0.079333 0.373818
-0.153976 -0.351421 0.130712 -0.440138 -0.519032
-0.031792 0.100342 0.581395 -0.653161 0.097978
0.167380 -0.930389 0.536373 -0.998985 -0.755465
-0.056399 0.233088 0.591033 -0.449947 -0.995317
0.362193 -0.977811 0.229094 -0.297672 -1.606469
-0.965804 -0.095494 0.753023 0.057828 -0.893189
0.052503 -0.062472 0.854138 -0.010525 -0.596172
0.662617 -0.466642 1.045900 -0.034263 -0.722943
-0.471878 0.443967 1.367280 -0.092163 -0.494432
0.806780 -1.215667 0.891691 -0.624284 -0.394898
0.724667 -0.313607 1.249573 -0.528795 -0.449548
0.080487 -0.043431 0.081366 -0.333035 -0.976827
-0.085822 -0.534590 0.943706 -0.721354 -0.960448
-0.030715 -0.913749 0.854802 -0.779294 0.256426
-0.017350 -0.755542 0.317627 -0.305183 -0.725976
-0.248747 -0.734764 0.386334 -0.348412 -0.485486
0.291363 -0.346614 0.424249 -0.174691 -0.118258
-0.659073 -0.439616 -0.078827 -0.248792 -1.393915
-0.131957 -0.093529 0.857381 -0.326715 -0.851769
-0.106053 -0.298980 0.720454 -0.127354 -0.157899
0.674198 0.153609 0.226121 -0.109865 -0.561278
0.631478 -0.311263 0.232577 -0.106144 -0.928341
-0.108059 -0.653071 0.574206 -0.027967 -0.396748
0.433171 -0.000882 0.053234 0.005121 -0.605905
0.160099 -0.238690 0.747198 -0.010802 -0.536713
-0.255163 -0.382601 -0.323957 0.519343 0.186281
-0.304559 -0.814899 0.385599 -0.315459 0.277123
-0.826638 0.317988 0.817938 0.297654 -0.007136
-0.027974 -0.158304 1.153472 -0.169343 -0.205304
0.323950 0.504041 0.612526 0.417583 -0.667244
0.533153 -0.374474 0.623481 -0.329338 -0.343622
-1.365111 0.188661 -0.899545 0.323095 0.064933
-0.939210 0.102018 -0.121748 0.500267 0.188735
-0.298575 -0.554222 0.061047 0.052331 0.971486
-0.023509 -0.280503 0.022083 -0.357190 0.769842
-0.346427 -0.459202 0.800070 -0.298571 0.164175
0.285177 -1.169186 0.824739 -0.262596 -0.113688
-0.321624 -0.826054 0.351152 0.052405 -0.269663
1.299108 -0.024588 0.308932 -0.121552 0.013864
0.566876 -0.463008 0.618968 0.116379 -0.401154
0.427353 -0.285680 1.076678 0.090416 -0.133872
0.284794 0.074480 0.362492 -0.036851 -1.039953
-0.425179 -0.664365 0.774779 -0.085587 -0.053332
0.370485 -0.800209 0.601268 -0.235360 0.079222
-0.496824 -1.383299 0.786884 -0.136283 0.141128
-0.212946 -0.422697 0.614214 -0.167154 -0.153505
0.133431 -0.744535 0.537012 0.015196 -0.465858
0.178172 -0.709410 0.521705 -0.079964 -0.202465
-0.125723 -0.977015 -0.204296 -0.285234 0.800421
0.142795 -0.511511 0.821498 -0.223531 0.248179
-0.595290 -0.643819 0.720090 -0.228449 -0.891234
-0.801795 -0.078817 0.814175 -0.926245 -0.197263
-0.159986 -0.562443 0.830014 -0.324752 -0.769420
0.007008 -0.447881 0.568744 0.243763 -0.055856
-0.151806 -0.866919 0.400238 -0.387396 -0.333670
0.093105 -0.945461 0.212442 -0.482934 0.056709
-0.260978 0.390874 1.478626 0.506395 -0.921676
0.155588 -0.500437 0.539184 -0.152275 -0.618162
-0.521029 -0.373505 0.981188 0.265147 0.036005
-0.282358 0.220466 0.634716 -0.491113 0.377400
0.072666 0.091441 0.519130 0.014599 -0.372160
-0.205472 -0.830392 0.712522 0.024274 -0.106848
0.322799 0.206993 0.423728 0.057822 -0.085524
-0.515897 -0.212052 -0.339766 0.095663 -0.461805
0.814620 0.139456 -0.285872 0.193878 -0.603521
0.341739 -0.222862 0.484642 -0.044732 -0.848293
0.339468 0.027983 0.890394 -0.274726 -0.805593
0.536579 -0.565570 0.431210 -0.296371 -0.575070
0.031938 -0.610085 0.847400 -0.166772 -0.687212
-0.626483 -0.665212 -0.029304 -0.392675 -0.643715
-0.071785 0.261808 0.414058 0.569206 -0.291819
0.067070 -0.124500 -0.196702 0.432537 -0.052693
0.345135 -0.378271 0.220267 -0.605854 -0.953608
0.317483 -0.903680 -0.105200 -0.782607 -0.210439
-0.181100 -0.656812 -0.296202 -0.807069 -0.080273
0.277170 -1.138966 0.262725 -0.918329 -0.323744
-0.148629 -0.742618 -0.518299 -0.685436 -0.295288
0.356385 -0.545585 -0.621162 -1.117134 -0.372256
0.321005 -0.847117 -0.349375 -0.923777 -0.270643
0.101015 -0.797115 -0.367221 -0.736849 -0.295901
0.006642 -0.737349 -0.340366 -0.681426 -0.663186
-0.072245 -1.753691 0.750035 -0.494787 -0.478658
0.052169 -1.464889 -0.292913 -0.322165 -0.256159
0.125331 -0.846878 -0.349255 -0.669822 -0.444971
0.059731 -0.543678 0.119148 -1.151411 -0.516852
0.192941 -0.904712 -0.260359 -0.873941 -0.106984
0.194848 -0.652699 -0.454886 -0.887731 -0.403949
0.368109 -0.522960 -0.571724 -0.976525 -0.381310
0.276233 -0.689593 -0.414476 -0.918860 -0.428191
0.388020 -0.542817 -0.676027 -1.004456 -0.395767
0.181566 -0.581293 -0.340378 -0.988301 -0.259820
0.267637 -0.945774 -0.366721 -0.891107 -0.129385
0.602627 -0.954984 -0.168780 -1.031054 -0.301724
0.000199 -0.951907 -0.273735 -0.963855 -0.214488
0.308106 -0.874321 -0.241105 -0.975169 -0.312989
0.197147 -0.814710 -0.426646 -0.788224 -0.234300
0.455530 -1.120841 0.000886 -1.028975 -0.342075
0.239768 -0.423482 -0.178917 -0.789720 -0.277999
0.177771 -0.727809 -0.267878 -0.993573 -0.385189
0.349825 -0.827499 -0.334538 -0.958789 -0.013243
0.152633 -0.579439 -0.490679 -1.016048 -0.187414
0.218362 -0.805962 -0.249066 -0.887395 -0.230473
