0.440788 -0.871950 0.725397 -0.451559 -0.671414
0.058448 0.033274 0.655460 -0.060078 0.530002
0.108357 -0.282285 0.606077 -0.163750 -0.760059
0.313196 -0.860708 0.645167 -0.465342 -0.475085
0.773544 -0.599752 0.177073 -0.384472 -0.792947
-0.062906 -0.043203 0.952895 -0.904463 -0.063391
0.187698 -0.941250 0.304408 -0.442006 -0.365694
0.302226 0.450944 1.037340 -1.306347 -0.093589
0.373906 0.264483 1.316707 -1.226337 -0.312549
0.708736 -0.502093 0.442681 -1.340577 -0.051939
0.339660 -0.328908 0.596431 -0.457727 -0.797674
0.260549 -0.069263 0.847340 -0.725500 -0.328761
-0.462233 -0.077880 0.580902 -0.113025 -0.632595
0.498992 -0.726922 0.758953 -0.674200 -0.269755
0.305506 -0.280062 0.593456 -0.754604 -0.074262
0.203638 -0.247505 0.592443 -0.729083 -0.119514
0.416079 -0.524778 -0.046925 -0.938090 -0.549759
0.269770 0.038079 0.585019 -1.430804 -0.006136
0.450599 -0.689984 0.850719 -0.614151 0.008383
0.688471 -0.575742 0.424270 -0.324841 -1.222746
0.477225 -0.905079 0.238015 -0.497356 0.245018
-0.359436 -0.614367 -0.034362 -0.676296 0.342009
-0.326089 -0.241332 0.670683 -0.321082 -1.079789
-0.486525 0.144497 -0.185033 0.459208 -0.170094
-0.276657 -0.129220 0.914355 -0.427944 -0.226472
0.055757 -0.644221 -0.355589 -0.551644 0.300699
-0.446854 -0.385702 0.390225 0.293277 -0.409097
0.845772 -0.350111 0.508664 -1.152411 -0.195392
0.049058 -0.071980 0.210564 -0.588218 -0.066270
-0.143940 0.483388 1.091775 -0.140880 -0.654175
0.207801 -0.741602 0.589289 -0.257493 0.025443
0.163491 0.863949 -0.098193 -0.020617 -0.974039
-0.471693 -0.156154 1.131232 0.085829 -0.666812
0.444930 0.138292 0.667499 0.132398 -0.614502
-0.214518 -0.211750 0.263080 -0.020606 -0.633461
-0.431527 0.132430 0.417835 -0.650838 -0.670181
-0.282272 -0.714235 0.424949 0.015376 -0.489784
0.161056 -0.356408 0.356445 0.102593 -0.953442
-0.423613 -0.255859 0.476799 -0.105476 -1.144035
0.158268 0.869743 0.405466 -0.586276 0.135843
0.504141 0.009750 -0.293303 -0.541241 0.043527
-0.824219 0.077755 0.813180 -0.413735 -1.160234
0.252351 -0.925860 0.913850 -0.679627 0.058429
-0.097838 0.480119 0.911546 0.461441 0.121915
0.088024 -0.258197 0.842745 0.347060 -0.261504
1.236865 -0.121929 0.739444 -0.310418 -0.422521
0.206497 -0.183167 0.907749 -0.701200 -0.707887
-1.230229 -0.689655 1.562792 0.271355 -0.573496
0.662233 0.053737 1.068285 -0.075148 -0.588204
0.184491 -0.037620 0.182763 -0.098178 -0.406171
-0.103119 0.497446 0.636776 0.328571 0.161753
0.669963 -0.578607 0.638020 0.086255 -0.686993
0.063896 -0.715478 1.025064 -0.033108 0.344309
0.253990 -1.030330 0.690097 -0.519312 0.122274
-0.965930 -0.287469 -0.327333 -0.622250 0.206584
0.093164 -0.897691 0.288346 -0.169553 0.208381
0.157020 0.248948 -0.076605 -0.038369 -0.493965
0.236023 -0.051445 0.012132 -0.086644 -0.435689
-0.194369 -0.214053 0.435594 -0.604074 -0.166661
0.228594 -0.163736 0.500115 -0.786150 -0.135030
-1.516710 -0.397524 0.608036 0.749765 0.108954
0.036833 0.537729 0.108890 -0.103144 -1.759240
-0.768688 -0.207520 0.327871 -0.460748 -0.467533
-0.787396 -0.237503 0.585611 1.105860 -0.328569
-0.392926 0.001627 0.476129 -0.666957 -0.964965
-0.668439 -0.295577 -0.004110 -0.668341 -0.012279
-0.252434 0.437506 0.445848 0.096674 -0.529987
-0.023646 -0.490713 0.804024 -0.379432 0.128241
-0.027806 0.124085 0.103885 -0.014042 -0.503362
0.072710 0.643023 0.207035 -0.393743 -0.438621
-0.617837 0.270482 0.031758 0.351216 -1.069072
0.674103 -1.061549 0.893606 -0.341593 0.026961
0.228153 0.258206 0.735044 0.059127 -0.446986
0.462466 -0.030576 0.844397 -0.387765 -0.510396
-0.931513 -0.831856 0.899283 -0.367953 -0.164539
-0.231006 -0.564764 0.583870 -0.363412 -0.150047
-0.294135 -0.258156 0.174978 -0.785629 0.023963
-0.373569 -0.058624 0.193514 -0.303117 -0.966141
-0.008130 -0.489863 0.688227 -0.425391 -0.764204
-0.541711 0.103252 0.400126 -0.379707 -0.673603
-0.824219 0.077755 0.813180 -0.413735 -1.160234
0.448814 -0.435679 0.060386 -0.561922 -0.229714
-0.303554 0.601244 0.554552 -0.133783 -1.621590
0.307762 0.147505 0.810293 0.524982 -0.294597
0.357438 -0.407006 0.723647 -0.277795 0.377581
-0.161372 0.140066 0.590337 0.133068 -0.203843
0.197406 1.020269 0.228392 0.209392 -1.333222
0.644818 -0.226181 1.123974 0.077336 -0.491080
-0.329475 -0.630113 0.563381 0.203710 -0.408085
0.750538 -1.073214 0.804205 -0.511407 -0.097042
0.114391 -0.738342 0.655825 -0.288514 0.130132
0.141458 -0.182345 -0.346652 0.014648 -0.371446
-0.112241 0.178602 -0.215247 0.769840 -0.288794
-0.463523 -0.365711 1.191454 -0.856409 0.080238
0.108355 -0.577280 0.117608 -0.154464 -0.083674
0.275269 -0.165948 0.646255 -0.548525 -0.063122
0.162578 -0.606455 0.574454 -0.443689 -1.059651
0.522685 -0.538144 0.709586 -0.219195 0.186195
-0.286168 -0.285222 0.778721 -0.050105 -0.912048
0.030657 -0.394225 0.236993 0.028405 -0.601556
-0.258454 -0.282929 0.089085 -0.224313 0.247564
0.300359 0.282864 0.028832 -0.274277 -0.638885
0.355233 -0.133192 0.265959 -0.598150 -0.371190
-0.280797 -0.505051 0.425489 -0.535095 -0.114517
0.935386 0.018056 0.285245 -0.990193 0.163291
-0.421638 0.317906 0.663085 -0.492423 -0.764810
0.012687 -1.342230 -0.507350 -0.595019 -0.329759
0.332574 -1.455949 -0.053852 -0.807783 -0.554765
0.328607 -0.583687 -0.627942 -0.932970 -0.394854
-0.534723 -0.485408 -0.201765 -0.156002 -0.270370
0.311040 -1.146271 -0.061189 -0.971133 -0.238668
0.357342 -0.485787 -0.654809 -0.926180 -0.443785
0.693084 -0.322599 0.027244 -0.839861 -0.593275
0.464197 -1.055254 -0.170362 -1.005422 -0.326171
0.298012 -0.810938 -0.082556 -1.021325 -0.367177
0.709147 -0.230261 0.640570 -0.125489 -0.381445
0.205694 -0.776119 -0.209504 -0.995581 -0.325937
0.449233 -1.122565 0.005366 -0.976982 -0.216670
0.299541 -0.970032 0.178538 -0.751921 -0.380560
0.040298 -0.536921 -0.285611 -0.888180 -0.409342
-0.237135 -0.872467 -0.318672 -0.636781 -0.588963
0.313845 -0.431875 -0.720873 -0.972305 -0.282812
0.041476 -0.646582 -0.290682 -0.996433 -0.224645
0.146567 -0.389764 -0.583469 -0.832154 -0.601468
0.289745 -0.583133 -0.616187 -0.941366 -0.305765
0.317650 -0.838337 -0.169283 -1.076973 -0.315182
0.359298 -0.887177 -0.192561 -1.000378 -0.191300
0.524903 -1.065593 -0.276775 -0.873909 -0.212264
0.086097 -0.905151 -0.011416 -0.928174 -0.432414
0.260089 -0.821426 -0.148230 -1.061232 -0.439140
0.214361 -1.062361 -0.210851 -0.699278 -0.007535
0.508499 -0.818835 0.214751 -0.648887 -0.854798
0.384667 -1.198269 -0.414759 -0.677491 -0.194827
-0.600863 -0.268701 -0.129808 -0.501764 0.297396
-0.086480 -0.862938 -0.198330 -0.713602 -0.061287
