0.313400 -0.387367 1.029296 -0.328632 0.215053
0.554030 -0.143289 0.152261 0.153483 -0.488143
0.780646 -0.356884 0.779234 -0.444832 -0.067532
0.470090 -0.742581 0.213620 0.079601 -0.174607
0.508839 0.108064 0.266948 -0.970051 0.765646
-0.150424 -0.352870 0.349827 -0.436850 -0.751638
-0.106902 -0.527818 0.090188 -0.107270 -0.275338
-0.265650 -0.322083 0.529711 0.053632 0.114674
0.929095 -0.935294 0.271540 -1.062424 -0.125727
0.376431 -0.996264 0.766051 -0.822499 -0.220374
-0.041804 -0.207321 0.481901 -0.205584 -0.416051
1.292454 -1.047365 -0.227059 -0.535194 -0.114108
-0.077827 -0.796582 0.491077 0.026599 -1.025140
-0.209573 -0.427873 0.304433 0.378445 -0.233937
-0.005198 0.245626 0.477384 -0.441138 0.176813
-0.280125 -0.858871 0.780542 0.127254 -0.576479
0.064483 -0.833350 0.765279 0.063735 0.120835
-0.168593 0.041153 0.456857 0.039068 -0.025791
0.206508 -0.242956 0.675556 -0.899899 -0.454014
-0.085642 -0.877883 0.476577 -0.579333 -0.140031
-0.074212 -1.047550 0.701189 -0.808755 -0.002596
1.213770 -0.441032 0.458202 -0.176870 0.195134
0.590361 -0.245975 -0.054556 -1.368859 -0.946443
0.191261 -0.905818 -0.019171 -0.901822 -0.045512
-0.079647 -0.797392 1.037554 -0.285740 0.122641
0.353203 -0.684303 0.185095 -0.846959 0.142543
0.119650 0.083923 -0.124324 -0.741260 -0.649318
0.816293 -0.149754 0.461980 -0.386319 -0.446199
-0.318702 -0.345430 0.363950 -0.993112 -0.315232
0.127838 0.098866 0.633890 -0.811067 0.274893
-0.361215 0.506785 1.124379 -0.805175 0.208207
0.852434 -0.736119 0.386884 -0.683151 -0.310658
0.275710 -0.935045 0.153293 -0.896733 -0.007394
0.007180 -0.399542 0.420743 -0.667107 -0.046152
0.881753 -0.268443 0.716803 -0.610129 -0.054771
-0.360601 -0.711756 0.647307 -0.625937 -0.524818
0.640759 -0.604865 0.299021 -0.861647 0.205880
0.451844 -0.797943 0.360540 -0.657711 -0.552031
0.544035 -0.452054 0.569046 -1.026156 -0.719633
0.334728 -0.773140 0.138204 -0.170645 -0.908789
0.438980 -0.433384 0.148118 -0.665754 -0.126773
0.242265 -0.180868 0.519639 0.088919 -0.548793
-0.183621 0.002323 0.809727 -0.612933 0.015034
-0.309213 0.072770 0.819408 -0.602039 0.093633
0.039631 -0.491096 0.869631 -0.721656 0.378282
-0.619031 -0.414756 0.293042 0.613567 -0.434109
-1.698288 -0.426656 -0.041710 0.511638 0.076090
0.218028 0.083967 0.987718 -0.954922 0.473972
0.217806 0.118492 0.718685 -0.894527 0.359545
-0.766808 -0.856946 0.260902 -0.521217 -0.537685
0.354944 -0.516243 0.003742 -0.392393 0.112371
-0.388263 0.062200 0.592246 -0.295520 -0.037909
-0.364923 -0.738804 0.809194 -0.530932 -0.264644
0.051626 -0.342560 0.819963 -0.593127 -0.074994
-1.141927 0.195717 0.066197 -0.597265 -1.096253
-0.926013 -0.188268 0.486404 -0.809594 0.215655
-0.830108 -0.171668 0.310231 -0.300329 0.386650
0.533929 -0.730976 0.566243 -0.552605 -0.156049
0.423163 0.321861 0.467111 -0.941318 -0.622930
-0.659391 -0.646513 0.827768 -0.107524 0.077308
-0.310094 -0.695327 0.600859 -0.707422 0.006910
0.564758 -0.766807 -0.191087 -0.869869 -0.286182
0.041468 -0.257320 0.601718 0.344966 -0.794297
-1.080511 0.071116 -0.156329 -0.029127 -0.117131
-0.224184 -0.218448 0.376576 -1.171719 -0.858376
0.391335 0.113527 1.235075 -1.346635 0.828009
0.700292 -0.931824 -0.542800 0.446600 -0.317321
-0.059819 0.183490 0.643257 -0.862602 -0.760159
-0.107308 0.129950 0.649638 -0.346686 -0.581313
0.232625 -0.574411 0.408803 -0.196245 -0.352917
0.021965 -0.541391 0.554490 -1.275475 -0.347405
-0.042116 -0.519177 -0.063904 0.376597 -0.133224
0.798177 -0.006232 0.164541 -0.138781 1.013598
-0.047632 -0.565978 0.392239 -0.251284 0.023120
-0.614070 0.175158 1.028863 -0.218110 -0.816176
0.464670 0.477199 0.704337 -0.019075 0.483578
-0.145335 -0.855634 0.508091 -0.438661 -0.546026
0.581331 -0.614276 0.890952 -0.060723 -0.005978
0.297405 0.766493 0.438894 0.733271 -0.144246
0.379763 -0.273539 0.221033 0.289888 0.452000
-0.079190 -0.426023 0.224331 -0.483253 -0.714375
0.443307 -0.642993 0.705327 -0.365326 -0.633083
0.183258 -0.377931 0.317993 -0.476285 0.121821
0.572835 -0.472204 0.934490 0.000070 -0.429564
0.334100 -0.599007 0.088244 0.037783 -0.759947
-0.357655 -0.853642 0.894441 -0.190637 0.366647
0.357967 -0.472378 0.575414 -0.318461 -0.529173
0.094033 -0.033982 0.683390 -0.008329 -0.632693
-0.385068 -0.478644 -0.507979 -0.687420 0.165467
0.417459 -1.217013 0.008334 -0.806767 0.040048
0.370826 -0.780471 -0.216647 -1.046091 -0.298656
0.381891 -1.163178 0.211758 -0.887682 -0.218327
0.327737 -1.065495 -0.083559 -1.118903 -0.059611
0.418508 -0.557421 -0.002742 -0.963244 -0.855592
0.475908 -0.870762 -0.297478 -0.979958 -0.269950
0.553225 -1.086325 -0.058875 -1.056329 -0.180003
0.208940 -0.888271 -0.045424 -1.083275 -0.193214
0.451430 -1.004629 -0.305185 -0.965826 -0.156119
0.325699 -0.953565 -0.125770 -0.779337 -0.232563
0.402782 -0.724857 -0.323144 -1.148974 0.146743
0.303183 -0.792235 -0.359095 -0.921606 -0.306309
0.423715 -0.930057 -0.183151 -1.020889 -0.011986
0.460186 -0.818748 -0.020926 -1.117527 0.016775
0.249264 -1.008946 0.060741 -1.093525 -0.156644
0.434780 -0.661722 0.074776 -0.944724 -0.337209
0.317795 -0.540233 -0.594181 -0.868020 -0.408460
0.482531 -0.675957 -0.367193 -1.022188 -0.411309
0.322479 -0.751637 -0.284278 -0.958438 -0.342594
0.219352 -0.673281 -0.423903 -0.909034 -0.462458
0.309835 -0.880083 -0.331773 -0.985363 -0.116727
0.364897 -0.220878 -0.744594 -0.627504 -0.477365
