-0.252879 0.145763 -0.045579 -0.076029 -0.961929
-0.723065 -0.021975 -0.116449 0.063660 -0.359678
0.625830 -0.842141 0.591556 -0.641447 -0.483108
0.438747 -0.514285 0.233220 -1.364359 0.019840
1.296533 -1.036092 0.268022 -0.980854 0.282231
0.291973 -0.418314 0.893435 -1.165955 -0.240244
0.104313 0.192874 0.779773 -0.821075 0.063745
0.318724 -0.202728 0.673436 -1.207017 -0.023230
-0.411641 -0.130428 0.819996 -0.673838 -0.473823
-0.220080 0.038286 0.465842 -0.124542 -0.657061
-0.376394 0.195423 0.698523 -1.246436 -0.486701
0.484969 -0.583986 0.367330 -0.632976 -0.364030
-0.010009 0.114218 0.885040 -0.103693 -0.829799
0.244082 -0.504941 0.908638 -0.532806 -1.092854
0.427520 -0.414822 0.910995 -0.999105 -0.905855
0.277106 -0.482046 0.624349 -1.080101 -0.130812
0.245267 -0.876609 0.726105 -0.457514 -0.308543
-0.185349 -0.522036 -0.086504 -0.707920 -0.089335
0.346086 -0.375389 0.185305 -0.713485 -0.020865
-0.016513 -0.415211 0.704267 -0.593472 -0.829283
0.924178 -0.645604 -0.068501 -0.950223 -0.860218
0.128676 -0.239098 0.629009 -0.599971 0.107446
0.763202 -0.411533 0.048706 -0.335157 -0.412837
-0.120741 0.133722 1.089662 -0.571167 -0.071575
-0.257476 -0.523130 0.456593 -0.210760 -0.495631
-0.443215 -0.260237 -0.078456 0.307116 0.408044
-0.000506 -0.614528 -0.004679 -0.421932 -0.026214
-0.371625 -0.615194 0.464081 -0.298999 -0.230662
-0.117778 -0.070553 0.599359 -0.194834 -0.462601
-0.687654 -0.564590 0.052862 0.349091 0.806623
0.125245 -0.474598 -0.117289 -0.207449 -0.533927
0.111756 0.095958 0.850388 -0.226452 -0.853878
-0.314389 -0.999323 0.212564 -0.238170 0.214933
-0.345515 0.019209 0.335813 -1.025137 -1.469590
0.119218 0.001110 0.368681 -0.514539 -0.731682
-0.336024 -0.168087 0.511383 -0.298221 0.098414
0.956988 -0.369758 0.027089 -0.336582 -0.403241
0.445774 -1.086890 0.302003 -0.816793 0.373689
0.307799 -0.440091 -0.169839 0.296493 -0.382275
-0.124896 -0.768027 0.516362 -0.523406 -0.815392
-0.235317 -0.405605 -0.058909 0.250709 1.178104
-0.509900 -0.284574 0.594778 -0.369668 -0.044700
0.076278 -0.347384 0.113514 0.502303 -0.247621
0.195881 -0.069631 0.451913 -0.093769 -0.626628
-0.976462 0.146870 0.760426 -0.621776 -0.118009
-0.300191 0.474978 0.530547 0.683238 -0.446916
0.247783 -1.156283 -0.449119 -0.315468 0.577646
0.302249 -0.123592 0.638759 0.118732 -0.254879
0.395375 -0.706838 -0.263960 -0.514535 -0.500774
0.573442 -1.304685 0.370243 -0.914774 -0.232063
0.007737 -0.782780 -0.375976 -0.713008 -0.302475
0.517299 -1.142719 -0.075287 -1.022175 0.001449
0.702762 -0.972409 0.082960 -1.063375 -0.375410
0.095910 -0.566290 -0.242239 -0.878628 -0.484792
0.227377 -0.630866 -0.289905 -1.033123 0.216965
0.207164 -0.632271 -0.470113 -0.789515 -0.344936
0.140071 -0.516317 -0.447898 -0.692779 -0.564938
0.305165 -0.663105 -0.499242 -0.837627 -0.475156
0.223516 -0.623013 -0.497865 -0.845982 -0.333031
0.163469 -0.851710 -0.388882 -0.829452 -0.271116
0.468892 -1.187730 -0.134620 -1.037484 -0.208377
0.059954 -0.861762 -0.360519 -0.794731 -0.146442
0.492752 -1.170565 0.198240 -1.033028 0.217407
0.132918 -0.880669 -0.251234 -0.721572 -0.064096
