1.108167 0.348756 -0.820969 -0.073844 -0.978191
0.681397 -0.139132 0.962737 0.769425 0.445058
0.202053 -1.039665 0.734208 -0.344607 -0.229171
-0.100687 -0.517975 1.036559 -0.135646 -0.125928
-0.212405 -0.648716 0.775816 0.108897 -0.181858
0.154276 -0.515622 0.832286 -0.400634 -0.480096
0.444195 -1.103241 0.484697 0.260988 -0.768090
0.116362 -0.087496 0.831809 0.127224 -0.059698
0.053876 -0.146377 0.721572 -0.481124 0.502431
0.598612 0.118017 0.683147 0.132483 -0.316870
-0.197276 -0.426608 -0.103026 -0.291568 -0.155655
0.134695 -0.196432 0.520253 -0.013596 0.122781
-0.169725 -0.397091 0.894612 -0.578778 -0.363629
-0.992692 0.212519 -0.179664 0.136601 -0.707513
0.079436 -0.653835 1.203651 0.004156 0.068079
0.220021 -0.857132 0.427634 -0.518193 -0.263155
-1.183877 0.157263 0.372898 -0.082454 -0.667726
0.426338 0.495442 1.543405 0.267149 -0.336335
0.160399 -0.456179 1.127980 0.076238 -0.349268
0.335513 -0.396317 0.548941 -0.472647 -0.422915
0.447227 -0.308928 0.538374 -0.211036 -0.674050
-0.160326 -1.082594 0.506690 0.033075 0.128487
0.244517 -0.296338 1.207604 -0.492864 -0.900347
-0.080106 -1.031660 0.811402 -0.018258 -0.115491
-0.294390 -1.697143 -0.336609 -0.222069 0.449318
-0.347592 -1.352323 -0.135208 -0.078743 0.444475
0.233172 -0.799860 1.024298 -0.541973 -0.400679
0.528647 -0.214868 1.329043 0.038891 -0.636889
0.180575 -1.028727 1.217090 0.029628 -0.151775
-0.452483 -0.037197 0.662307 0.620199 -0.470936
-0.734417 -0.091155 1.196700 -0.969275 -0.092716
-0.184941 -0.192575 0.716899 -0.280986 -0.317224
0.296377 -0.273150 0.897413 0.186312 -1.285885
0.455028 -0.259904 0.374440 -0.210345 0.036821
0.429986 0.259262 0.882227 0.349336 -0.765411
-0.530082 -0.588648 0.551672 -0.418353 -0.902418
-0.136738 -0.040521 0.911740 0.240385 0.017489
0.592382 -0.241510 0.065013 0.333813 -0.427248
0.292656 -0.870724 0.381650 -0.176829 0.177926
0.276331 -0.872659 -0.054382 0.103269 0.160750
0.379060 -0.366722 0.746123 -0.125599 -0.081106
0.540584 -0.845065 0.941185 -0.547473 0.342349
-1.246330 0.486923 0.721020 -0.803118 -0.620855
-0.203042 -0.069945 0.856380 0.093158 -0.708427
-1.552260 0.424274 0.964547 -0.409217 -0.158600
0.921555 0.224889 0.470951 -0.578473 -0.181553
0.168521 -0.405482 0.490491 -0.838707 -0.287055
0.598872 -0.349408 0.795912 -0.057271 -0.119512
0.249601 -0.473547 0.595345 -0.271978 -0.875918
0.050632 -0.568027 0.334449 -0.198936 -0.538890
-0.494855 -0.290229 0.088808 -0.112800 -0.055856
-0.194198 0.038091 0.186588 -0.272695 0.368671
0.727331 -0.599302 0.307984 -0.349831 -0.759859
-0.467538 -0.362544 0.529285 -0.244753 -0.647556
0.417372 -0.420929 0.536279 -0.651055 -0.361454
0.650560 -0.591991 0.450942 -0.614663 -0.044045
0.478536 -0.613960 0.005982 -0.001401 -0.643791
0.091855 0.062878 0.677219 0.376171 -0.097247
-0.010747 -0.619571 0.499238 -0.349254 -0.173971
-0.715330 -0.730074 0.538402 -0.298970 -0.631641
0.237300 -0.062112 0.644589 -0.564366 -0.558340
0.834971 0.075087 0.803994 -0.511746 0.297280
0.699532 0.297894 0.439810 -0.227344 -0.838329
0.415311 0.480774 -0.259375 0.080687 -0.539603
-0.043466 -0.096969 0.796805 -0.315123 -0.995691
-0.363885 0.812064 0.548087 0.598086 0.360222
-0.686662 0.048025 0.669991 0.473498 -0.111060
-0.453315 -0.359729 -0.457288 -0.547396 -0.174154
-0.145440 -0.352953 0.401068 0.161923 0.552465
0.101260 -0.067159 0.287951 -0.131406 -0.361013
0.415778 -0.022450 0.744708 0.424457 -0.165124
-0.454291 -0.286455 0.341825 -0.342129 -0.793946
-0.773517 -0.804043 0.506257 0.043841 0.477221
0.242164 0.079967 0.256460 -0.437364 -0.338829
-0.002585 -0.327797 0.198954 0.302351 -0.453544
0.354197 0.479699 0.655232 0.056516 -0.789333
0.209103 -0.468050 0.623053 -0.241205 0.029242
-0.387784 -0.047902 -0.015033 0.571163 -0.157939
0.127187 -0.986865 0.590688 -0.167519 -0.217344
-0.067194 -1.275036 0.545059 -0.152033 0.335901
-0.119500 -0.613566 0.218309 -0.803602 -0.803925
-0.223863 -0.282501 0.722244 -0.030894 -0.293207
-0.529371 -0.830009 0.847818 0.032217 -0.327647
-0.239069 -0.880046 0.315426 -0.060913 -0.037577
-0.202105 -0.384698 0.681658 -0.141244 -0.200039
0.052157 -0.390531 0.375874 0.448590 -0.372085
0.026288 -0.473483 0.433039 -0.068735 0.091593
0.387255 -0.494619 -0.058065 -0.185499 -0.181175
0.693636 0.117468 0.752643 -0.412243 -0.236783
-0.027749 -0.356353 0.317923 -0.068624 -0.701193
-0.326877 -0.565439 0.873204 -0.115753 -0.221441
-0.039125 0.081411 0.318835 0.135771 -0.023910
-0.175460 0.388638 1.071874 0.226324 -0.650440
-0.861618 -0.453927 0.515282 0.292803 -0.683393
0.221646 0.076467 0.577521 -0.482699 -0.194320
-0.863585 -0.847712 0.976083 -0.014737 0.025114
-0.280506 -0.622494 0.570181 -0.445017 -0.531774
-0.190604 -1.231946 0.012097 -0.183277 0.317854
-0.271307 -1.105473 0.307062 -0.192568 -0.132163
-0.342859 -0.773644 0.045821 0.131469 0.122386
0.648029 -0.609687 0.110766 -0.786184 -0.418384
0.014628 -0.090092 0.679650 0.169807 -0.349090
0.020498 -0.361608 0.926307 -0.447102 -0.205212
0.100995 -0.763799 0.217268 -0.564702 0.022701
0.538501 -0.745903 0.156073 -0.056013 -0.637118
0.322249 -0.333333 1.274587 -0.126438 0.016556
0.771953 -0.574879 -0.143887 -0.523577 0.013184
0.546139 -0.166611 0.573055 -0.786946 -0.436127
-0.742633 -0.974348 0.502889 0.159847 -0.868798
0.746254 -0.874626 0.336672 -0.107693 -0.214483
1.081916 -0.270788 0.079795 -0.145650 -0.443103
0.259262 -0.435929 0.629740 -0.184028 -0.838210
0.054876 -0.537963 0.248313 -0.906244 -0.732814
0.774819 0.188366 0.715216 -0.113016 -0.673811
-0.258984 -0.722867 0.800428 -0.564181 -0.763943
1.337543 -0.833976 -0.349975 -0.231320 -0.398859
0.407210 -0.029219 0.567928 -0.768549 -0.551656
0.418840 0.008441 0.521510 -1.430574 -0.157049
-0.312501 -0.476806 0.656327 -0.380958 -0.776035
-0.021122 -0.441625 0.178063 -0.117308 -0.676829
0.392356 -0.202326 0.147927 -1.310716 -0.296186
0.256782 0.151328 0.724748 -0.318020 0.459298
-0.143572 -1.049139 0.008522 -0.282831 -0.265016
-0.803694 -0.231269 0.524998 0.064270 -0.630835
1.067010 -0.554216 0.949792 -0.908034 0.308363
0.048809 -0.579183 0.536440 -0.878114 0.718639
-0.051654 0.149530 1.017623 -1.122458 -0.130896
-0.089877 -0.613379 0.596959 -1.407617 0.000146
0.379910 -0.766117 0.386515 -0.472046 -0.541465
-0.072733 -0.829219 0.688161 -0.215243 -0.687541
0.189736 0.011495 0.455471 -0.638659 -0.964897
0.351248 0.540789 0.858149 0.450963 -0.556668
0.380196 -0.369174 0.097865 -0.989142 -0.234507
0.082623 -0.874532 0.050429 -0.421335 -0.732849
0.500009 -0.655504 0.658056 -1.063488 0.229280
0.028749 -1.090044 0.024344 0.042253 0.322132
-0.545796 -1.217205 0.427825 -0.190064 0.169035
-0.181914 -1.310903 -0.048501 -0.689325 0.121825
0.303097 -0.521847 0.706222 -0.458155 -0.133188
0.254487 -0.125495 0.203355 -0.731165 -0.166868
0.175416 -0.936013 0.310563 0.122242 0.235853
0.080652 -0.485279 0.034136 0.130685 -0.697462
0.191807 -0.198783 0.411009 -0.114751 -0.270492
-0.413831 -0.110764 0.129209 -0.797793 0.121573
0.255399 0.317862 0.810725 0.643181 -0.348840
0.064042 -0.369108 0.875279 -0.362505 -0.324794
0.292792 0.203147 0.668635 -0.421613 -0.797765
-0.265082 -0.716419 0.608967 -0.021801 -0.688961
0.067744 -0.678272 0.030492 -0.047908 0.031641
-0.535185 -0.693361 0.455497 -0.090246 -0.474203
0.415400 -0.598244 -0.375843 -0.823986 -0.476270
0.491534 -0.986241 0.108421 -0.976475 -0.335350
0.407169 -0.933448 -0.221623 -1.036183 -0.317447
0.236238 -1.188452 -0.047822 -0.720487 0.049714
0.267367 -0.533046 -0.343547 -1.022815 -0.354813
0.295828 -0.936321 -0.249236 -0.885649 -0.190937
0.184305 -0.915000 0.450046 -0.443403 -0.247858
0.669118 -0.471983 0.107258 -1.103924 -0.390953
0.384575 -0.405122 -0.512288 -1.101845 -0.344981
0.202774 -0.723302 -0.393942 -0.748149 -0.413292
0.015963 -0.832271 0.501906 -0.614749 -0.247319
0.331970 -0.862475 0.351606 -1.275993 -0.410524
0.346574 -0.398189 -0.766344 -0.987582 -0.307854
0.463159 -0.850070 -0.198778 -0.813937 0.096447
0.571191 -1.187480 -0.153218 -0.972897 -0.151489
0.175625 -0.697247 -0.309654 -0.874713 -0.246489
0.413017 -0.941223 -0.185590 -0.925473 -0.155824
0.371791 -0.925017 -0.083721 -0.982628 -0.072436
