-0.979570 -0.620362 0.261622 -0.701891 -0.801654
0.232280 -0.044021 0.135598 -0.556492 -0.688118
0.744132 -0.158358 0.569535 -0.167654 -0.152280
-0.796155 -0.307501 0.260263 -0.184484 -0.448045
0.458372 -0.460136 0.487488 -0.300882 -1.297160
-0.331994 0.643487 0.483457 0.966704 -0.355708
0.183852 -0.696497 0.937141 0.127541 -0.247011
0.408079 -0.273877 -0.249184 -0.313227 -0.660340
-0.054717 -0.371645 -0.048498 -0.149893 -0.254866
0.543031 -0.400195 0.407445 -1.257743 -0.081264
0.144621 -0.660707 0.640926 -0.276349 -0.459600
0.719581 -0.901791 1.170385 -0.506539 -0.119892
-0.373052 -0.838627 1.108486 0.127008 -0.318417
0.220133 -0.045501 0.885903 -1.010493 -0.028578
0.262861 -0.678946 0.094450 -0.452258 0.913777
-0.443295 -0.798482 0.144679 -0.024154 -0.169334
0.079785 -1.115289 0.209644 0.278230 -0.078916
0.654327 -0.471310 0.144566 -0.763418 -0.417732
0.848297 -0.457721 0.254117 -0.870986 -0.013719
0.150474 -0.408470 0.696481 0.167071 -0.453729
0.249370 -0.648966 0.309746 -0.533821 0.132159
-0.258662 -0.989395 0.618232 -0.269478 -0.158513
-0.076942 -0.044260 0.971567 0.377075 -0.244843
-0.076632 -0.905836 0.503567 -0.855701 -0.499014
0.600201 -0.481681 -0.066764 0.421352 -0.314963
-1.290666 -0.306038 1.006980 -0.523270 -0.753080
0.477130 -0.683644 0.532727 -0.434439 -0.483481
0.478990 -1.023345 0.085321 -0.573663 -0.196252
-0.011205 -0.501782 0.257266 -0.367567 0.103636
0.545556 -0.421838 1.046019 -0.180696 0.269298
0.548088 -1.005169 0.290894 -0.206022 -0.362819
0.389983 -0.749281 0.483384 -0.169044 -0.892913
-0.089247 -0.559454 0.769625 -0.211869 -0.226845
0.254438 -0.716785 0.637323 -0.710903 -0.023054
0.253293 0.527093 0.399396 -0.560128 -0.067781
-0.408171 0.294916 1.245943 -0.239542 -0.421551
0.111217 -0.120613 1.054401 -0.225872 -0.400418
0.464592 -0.734478 0.434581 -0.598583 -0.520391
0.508402 -0.367719 0.339673 -0.240963 -0.319035
0.272233 -0.810664 0.780496 -0.348301 -0.453509
-0.081646 -0.415542 0.070809 -0.689651 0.188776
0.823829 -0.874264 0.504249 -0.565761 -0.351528
-0.257786 -0.663835 0.410067 0.333216 -0.163377
-0.383948 -0.147788 0.102328 0.114405 0.184337
0.608565 -0.913135 0.602895 -0.535603 0.089197
0.386636 -0.753259 0.417922 -0.202479 0.721883
-0.814516 -1.042654 -0.105754 -0.671230 0.254969
0.947893 -0.617029 0.070325 -0.210335 -1.081236
0.916533 -0.792930 0.249862 -0.806135 -0.056086
0.464644 -0.437497 -0.307187 -0.015577 -0.088202
0.843459 -0.662544 0.374193 -0.956742 0.073703
0.080845 -0.410218 -0.271709 -0.197925 0.066599
0.414817 -0.536328 0.424008 -0.523654 -0.228903
0.149886 -0.442128 0.476303 -1.119608 -0.522046
-0.232832 -0.530692 -0.611458 -0.401827 -0.435274
-0.579620 0.515397 1.488401 -0.870216 -0.188916
-0.427055 0.540881 -0.054997 -0.188986 -0.501217
0.410203 -0.657610 0.239359 -0.046567 -0.628315
1.088796 -0.954019 -0.287131 -0.782290 -0.188661
-0.479215 -0.093974 0.984878 -0.682905 -0.432122
0.062108 -0.001116 0.379659 -0.030273 0.169445
-0.814114 -0.560057 0.639795 -0.318465 -0.486403
0.058978 -0.194127 0.865079 0.170605 0.224338
0.752100 -0.948897 0.237949 -0.313357 0.195477
-0.468402 -0.308220 0.184956 -0.625067 -0.553786
0.564396 -0.323958 0.123390 -1.660148 -0.248950
-0.121379 -0.838870 0.462488 -0.002770 -0.631901
0.762981 -0.425488 0.566127 -0.650533 -0.151472
-0.324851 -0.585311 0.753071 -0.033078 -0.915608
0.021570 -0.255787 0.305659 0.061236 -1.023250
0.164304 -1.014016 0.059150 0.328595 -0.330244
0.428527 -0.512032 0.899890 -0.155005 -0.078341
0.285982 -0.005689 0.885682 -0.020070 -0.022038
0.825350 -1.043141 0.449774 -0.566178 0.432396
0.272029 -0.199331 0.357392 -0.183521 0.132271
-0.071986 -0.118876 0.704489 -0.067457 -0.587078
-0.050327 -0.303632 0.890916 0.320719 -0.302822
0.456359 -0.007417 0.080834 -0.792412 -0.908144
1.310880 -0.682033 0.920640 -0.862036 0.115428
0.085245 -0.432792 0.761592 -0.819653 -0.747808
0.205280 -0.605422 0.047046 -1.014361 -0.289169
0.536187 -0.722964 0.501828 -0.615990 -0.644122
0.286123 -1.332778 -0.183436 -0.686782 0.205644
0.332845 -0.735744 0.434696 -0.745702 0.242269
-0.003729 -0.051178 0.573611 -0.791298 -0.111254
0.148460 -0.395309 0.927393 -0.660655 0.184185
-0.292804 0.174198 0.789891 -1.094612 -0.017142
0.683477 -0.636018 0.344892 -0.522205 0.130824
0.570709 -0.185059 -0.099191 0.158030 -0.482257
-0.119685 -1.126036 0.436119 -0.133664 0.072885
0.151236 -0.093962 0.810752 -0.563023 -0.138334
-0.547487 -0.313834 0.698248 -0.935780 -0.276182
0.126152 -0.804223 0.344215 -0.796403 0.230375
0.443427 -0.412100 0.830102 -0.505933 -0.239420
-0.354705 -0.253042 0.724744 -0.733520 -0.501533
-0.500921 -0.353582 0.729559 -1.003150 -0.190028
-0.374827 0.025763 0.436448 -0.698140 0.091057
-0.742959 -0.264807 0.284007 -0.334793 0.410235
0.281887 -0.637555 0.390230 -0.798554 0.262583
-0.485153 -0.375491 0.458529 -0.272438 0.417302
-0.174573 -0.327568 0.167206 -0.722137 -0.414776
0.468176 -0.337497 0.510404 -0.738048 -0.655791
-0.674270 0.028574 0.179705 -0.514841 -0.078568
0.101262 -0.168947 -0.021644 -1.238490 0.449882
0.001755 -0.177562 0.766631 -0.860227 -0.134009
-0.040627 -0.161178 0.683821 -1.118278 -0.193157
0.483179 -0.466611 0.652934 -1.396021 0.201743
0.604890 -0.536831 0.649860 -1.130710 0.042356
0.733393 -0.719537 0.129978 -0.732973 -0.062342
0.599452 0.145930 0.091867 -0.906407 -0.473128
0.246415 -0.058056 0.439750 -1.020836 -0.220741
-0.449581 -0.124348 0.416490 0.024013 -0.427782
0.166784 -0.435991 0.225394 -0.544509 -0.755514
0.035250 -0.379517 0.604451 0.014782 -0.459875
0.305379 0.133239 0.348528 -0.085755 -0.568002
0.407565 -0.754498 0.192757 -0.728596 0.010784
0.381562 0.114259 0.457709 -0.331992 -1.136039
0.445793 -0.096510 0.284159 -0.610640 0.193309
0.109836 -0.163485 0.292943 -0.950048 -0.073167
-0.354157 -0.705035 0.750708 -0.250299 -0.818071
-0.209379 0.208951 0.240801 -0.389168 -0.585252
0.224700 -0.782969 0.306709 -0.643250 -1.074878
0.651622 -1.033133 0.197719 -1.112516 -0.661928
0.200897 -1.075590 0.420686 -0.828003 -0.278982
0.269461 -0.992182 -0.155360 -1.071049 -0.233579
0.224724 -1.262819 -0.313977 -1.021375 -0.056977
0.223290 -0.913319 -0.128022 -0.153586 -0.872609
0.488591 -0.908012 0.779249 -0.907276 -0.468626
0.242998 -1.125449 0.225900 -0.618997 -1.290198
0.483914 -0.946321 -0.081556 -1.088121 -0.001804
-0.175733 -0.404628 -0.425663 -1.087290 -0.558798
0.400452 -1.123524 0.022364 -0.825525 -0.312728
0.072645 -0.514056 -0.490526 -0.802535 -0.456846
0.006449 -0.724864 0.207197 -0.704767 -0.822696
-0.486008 -0.128755 -0.462830 -0.909796 -0.313564
0.382699 -0.860307 -0.303694 -1.014776 -0.479439
0.025806 -0.980999 -0.359719 -1.015207 -0.147083
-1.087733 -0.498865 -0.287619 -0.718670 -0.535013
-0.201342 -0.554638 0.005289 -0.999492 -0.385632
0.339296 -0.531904 -0.500385 -1.005615 -0.463275
0.336046 -0.548001 -0.447492 -1.037572 -0.395309
0.296636 -0.526243 -0.549296 -1.029224 -0.298350
0.386443 -1.104912 0.081056 -0.919245 -0.554828
0.401956 -1.151018 -0.055721 -0.925307 -0.185780
0.446491 -0.643028 -0.253202 -0.868671 -0.496498
0.286363 -0.698657 -0.346622 -1.000263 -0.395331
0.167729 -0.696222 -0.160510 -1.023903 -0.114048
