-0.218398 -0.596926 -0.053823 -0.483237 -0.940465
-0.201894 -0.539114 -0.249159 -0.386744 0.803243
-0.272266 -0.495333 0.038883 -0.240170 0.631478
0.362058 -0.615082 0.174966 -0.792407 -0.138042
0.020407 -0.418725 0.013185 -0.747161 -1.173355
-0.026853 -0.832475 -0.502862 -0.518213 0.564007
-0.508388 -0.584773 0.139123 -0.008460 0.385178
-0.150459 -0.352939 0.474278 -0.377201 -0.214742
0.019051 -0.294059 0.572002 -0.545068 0.052573
-0.387910 -0.660663 0.553803 0.008749 0.162037
-0.651847 -0.634957 0.408115 0.200047 0.503315
-0.083342 -0.598712 0.820453 -0.166549 0.160676
0.664762 -0.762390 -0.171378 -0.439687 0.291998
0.172732 -0.395595 0.708371 -0.125747 -0.071123
0.149673 -0.679766 0.476897 -0.354453 -0.345294
0.288931 -1.182128 0.152765 -0.576689 0.098552
-0.277143 -0.118308 0.790679 -0.613417 -0.036253
0.105151 -0.188342 0.472045 -0.796191 0.264436
0.098863 0.179949 0.797529 0.075808 -0.667785
0.506479 -0.515586 0.761109 -0.455892 0.254113
0.683944 -0.589032 0.495863 -0.068723 -0.230292
0.032030 -0.234717 0.694962 -0.266498 -0.376268
-0.438537 0.622632 0.451678 -0.290867 -0.804876
0.360454 -0.521917 0.312961 -0.006185 -0.606141
0.355989 -0.001208 0.441639 0.417811 -0.910456
-0.145487 -0.295514 0.178108 -0.312225 -0.103979
-0.277874 -0.311089 0.518766 -0.513948 -0.394650
0.322627 -0.450400 0.455380 -0.871500 -0.466068
-0.177094 -0.156645 1.077479 -0.308603 -0.644317
-0.076336 -0.400080 0.559688 -0.372982 -0.334570
-0.725607 -0.146980 0.461604 -0.202653 -0.525756
-0.639923 -0.318441 0.433661 -0.511175 -0.570038
-0.320116 0.059306 0.168204 -0.923741 0.069068
0.496314 -0.173131 0.924237 -0.181253 -0.755877
0.196918 0.186733 0.435827 0.357605 -0.488149
-0.530006 0.299962 0.685186 0.003581 -0.814283
0.055293 -0.920730 0.199547 -0.338414 -0.191013
0.984649 0.133433 -0.013082 0.237029 0.359782
0.299105 -0.790403 -0.223035 -0.618393 0.283896
0.467821 -0.456591 0.090643 -0.082124 -0.415841
0.403353 -0.519627 0.237791 -0.036449 -0.205260
-0.388670 -0.650585 1.146226 0.179961 -0.202555
0.316739 -0.265587 0.538488 -1.257160 -0.109487
-0.006481 -0.548417 -0.064189 0.034239 -0.277814
0.357148 -0.172258 0.656654 -0.238149 -0.432349
-0.121534 -0.226346 0.177130 -0.152537 -0.265848
-0.258434 0.442463 0.331995 0.624149 -0.415419
0.791987 0.498519 0.518432 0.699559 0.136942
-0.505567 -0.029920 0.503974 -0.161627 -0.131202
0.204190 -0.484646 0.324233 -0.345297 0.554431
0.118790 0.048639 0.378879 0.365352 -0.541299
-0.126519 -0.277225 -0.044013 0.025045 0.573158
0.564751 -0.904241 0.553503 -0.787544 0.184706
0.108426 -0.481120 -0.322436 0.167968 -0.324506
-0.675561 -0.020517 0.223340 0.212990 0.014853
0.427024 -0.432930 -0.012634 -1.429102 0.277574
0.199923 -0.697873 0.233624 -0.333801 0.506384
0.155512 -0.267264 0.142062 -0.527839 -0.756336
0.565651 -0.532951 -0.011454 -0.817427 -0.017208
-0.220429 0.933100 0.241188 -0.403000 0.367903
-0.279695 -0.641642 0.337573 -0.621740 -0.339472
0.590659 -0.280060 0.649581 -0.532689 0.323034
0.538594 -0.469428 0.456882 -0.712204 0.274147
-0.404189 -0.373865 -0.088758 -0.352803 -0.799248
-0.113040 -0.725596 0.069330 0.040313 -0.234655
-0.512119 -0.478340 0.718658 -0.508757 -0.527860
-0.452969 -0.486921 0.925854 -0.471176 -0.319992
-0.127161 0.147143 0.649325 -0.431081 0.358861
-0.413320 -0.314759 0.432358 -0.076953 -0.277502
-0.394413 -0.111936 -0.025847 -0.510563 -0.620247
0.263839 -0.289496 0.422722 -0.871659 -0.250094
0.209164 0.067074 0.695342 -0.973581 -0.551907
0.309320 -0.716066 0.209385 -0.048472 0.144285
0.613771 -0.138614 -0.330606 0.168204 0.414103
-1.155165 -0.060562 0.232759 -0.436648 0.027461
0.056729 -0.423515 1.473279 -0.138888 -0.567062
-0.044400 -0.667461 0.186656 -0.668767 -0.743488
-0.007370 -0.711334 1.365000 -0.138546 0.154297
-0.065889 -0.064279 -0.178732 -0.655387 -0.770792
-0.331378 0.091892 0.656202 -0.143001 -0.013756
-0.237668 0.504186 1.209615 -0.073495 -0.297978
-0.147566 -0.302271 0.528112 -0.519069 -0.653480
-0.643104 -0.328189 0.502295 -0.308119 -0.522547
0.368184 -0.294543 0.511835 -0.163680 -0.830982
0.693905 -0.073487 0.205489 -0.686649 -0.197742
-0.658868 -0.167941 0.865846 -0.126466 -0.361783
-0.007523 -0.730752 0.771476 -0.578205 -0.212956
0.383339 -0.549055 0.605692 0.151722 -0.030332
-0.258434 0.442463 0.331995 0.624149 -0.415419
-0.052321 -0.665317 0.381633 -1.050850 -0.148859
-0.161345 -0.975588 0.702321 -0.643401 -0.266801
0.335374 -0.246873 0.295661 -0.135826 -0.040593
-0.150975 0.122118 -0.513336 0.420822 -0.896242
0.290880 -0.044186 -0.075205 0.358199 -0.303950
-0.485228 0.062588 0.561384 -0.031893 -0.543118
0.462639 -0.260092 0.461240 0.031313 0.087257
-0.370226 0.341066 -0.215099 0.431709 -0.177517
-0.493605 -0.082845 0.188822 -0.020258 -0.896292
0.461241 -0.595359 -0.166530 -0.305636 -0.882652
0.665240 -0.280468 0.834482 0.621064 0.011780
-0.505567 -0.029920 0.503974 -0.161627 -0.131202
0.072470 0.386982 0.233477 -0.475240 -0.556693
0.114928 -0.603724 0.585179 -1.456121 -0.592351
0.255055 0.176078 0.905879 0.261190 -0.029285
0.040937 -1.091412 0.964958 -1.247567 -0.038382
0.727359 0.501891 0.138658 -0.135689 -1.115751
-0.625962 0.144333 0.938939 -0.013711 0.094004
0.774893 -0.709709 -0.369086 0.272659 -0.639228
0.150574 -0.479115 0.339372 -0.633565 -0.869054
-0.219908 -0.485344 0.477582 0.253590 -0.320962
0.431299 -1.614329 0.430444 -0.876273 -0.452313
0.894175 -0.153033 1.207071 0.394014 -0.197707
-0.503473 -0.324604 0.635048 -0.215780 -0.426856
-0.196019 -0.613895 0.744529 -0.267813 -0.473395
0.399848 -0.214518 0.708628 -0.374589 -0.504491
0.045665 -0.191676 0.559996 -0.209789 -0.631853
0.710433 -0.332275 0.010609 -0.890007 -0.421476
-1.275065 -0.525022 1.186682 0.453163 -0.052006
-0.216014 -0.295516 0.272622 -0.417643 -0.750554
0.108972 -0.345296 0.391678 0.139551 -0.269222
-0.093585 -0.903519 0.177336 -0.490003 -0.117651
-0.047197 -0.892369 0.985727 -0.051089 -0.377400
-0.067993 -0.658431 0.643139 -0.271694 -0.664357
-0.215334 -0.709300 0.352678 -0.194168 -0.199195
0.360454 -0.521917 0.312961 -0.006185 -0.606141
-0.663386 -0.306271 0.128233 -0.736855 -0.408737
-0.354523 0.649655 0.462531 -1.064704 -0.780745
0.169198 -0.334454 0.318144 -1.056851 0.255114
-0.475385 -0.691652 0.622080 0.186524 -0.505764
-0.156383 -0.152712 0.452918 -0.439812 -1.039046
-0.608557 -0.200923 1.043872 -0.463154 -1.045343
-0.719222 -0.091372 0.017807 -0.437103 0.326930
-0.909688 -0.464819 0.657164 -0.127059 0.043996
-1.057011 -0.082648 1.136394 -0.282336 -0.498847
-1.312510 -0.421899 0.193658 0.218999 -0.150864
0.040978 -0.368182 0.143474 -0.484209 0.501150
-0.850658 -0.072231 1.135151 0.131217 0.124275
-0.156514 -0.351499 -0.180268 -0.526491 -0.807797
0.371794 -0.578074 -0.315288 -1.112614 -0.413119
0.215849 -0.983940 -0.261826 -0.908172 -0.164644
-0.056997 -0.447354 -0.136541 -0.586690 -0.396369
0.242174 -0.372015 0.280833 -1.129043 -0.666152
0.595032 -1.016583 0.199344 -0.861050 -0.282871
0.195640 -0.812709 -0.278332 -0.967841 -0.391333
0.268374 -1.061808 0.001116 -1.027745 -0.304558
0.335742 -0.855306 -0.272402 -0.985049 -0.230926
0.157110 -0.789938 -0.305201 -0.944152 -0.287565
0.351922 -0.832972 -0.074199 -1.184132 -0.210496
0.238844 -0.702836 -0.445993 -0.899539 -0.220337
0.325838 -0.935468 -0.261512 -0.989029 -0.166028
0.291417 -0.902583 -0.158484 -1.039305 -0.137152
0.287473 -0.569024 -0.242411 -1.204676 -0.391380
-0.004657 -0.974202 0.006714 -0.843454 -0.148282
0.292541 -0.423893 -0.037292 -0.804913 -0.371961
0.116050 -0.572596 -0.393573 -0.936087 -0.153926
0.034148 -0.285693 -0.111873 -0.534575 -0.224308
0.304669 -0.886105 -0.250648 -1.058652 -0.179945
0.451527 -0.760929 -0.137853 -0.925851 -1.197605
0.461918 -0.343166 -0.192382 -0.957888 -1.009896
0.018909 -0.737839 -0.202002 -0.802978 -0.467936
0.436182 -0.573827 -0.580554 -1.005689 -0.432499
0.487521 -0.855760 -0.494088 -0.971376 -0.371639
0.303666 -0.773266 -0.164405 -1.078749 -0.281436
0.190978 -1.140234 -0.163531 -0.915404 -0.057878
0.379486 -0.932770 -0.249127 -1.035098 -0.300783
0.504149 -0.993933 -0.170270 -1.068353 -0.343870
0.303430 -0.481674 0.206329 -0.883212 0.102214
-0.004017 -0.590344 -0.601719 -0.602126 -0.363173
0.264893 -0.496009 -0.538522 -0.983762 -0.488242
0.447469 -0.798811 -0.241613 -1.025309 -0.395006
0.533997 -0.993958 -0.306606 -1.000794 -0.214704
