0.408835 -0.082090 0.199662 -0.443074 -0.511622
0.024842 -0.399660 0.611694 -1.143500 -0.517261
-0.317504 -0.031953 0.997642 -0.560393 -0.269346
0.401399 -0.018706 0.926726 -0.466226 -0.185167
0.001891 -0.983515 0.511712 -0.108826 -0.464686
-0.332992 -0.267167 0.627609 -0.345692 0.354464
-0.054147 -0.290868 0.122864 -0.430485 0.118253
-0.147902 -0.433388 0.669281 -0.355121 -0.249464
-0.042056 -0.291046 0.670027 -0.738719 -0.494721
-0.539912 0.090395 0.344110 -0.078556 -0.272910
0.884839 -0.904654 0.632543 -0.106822 -0.760100
0.283052 -0.395216 0.290054 -1.104665 -0.418674
0.022450 0.066466 0.546314 -0.003692 -0.115045
0.840603 -0.676304 0.469412 -0.182647 -0.771804
-0.362777 -0.608561 0.778947 -0.686935 -0.564118
0.016807 -0.763582 0.681491 0.005244 -0.003332
0.136593 -0.989586 0.130667 -0.541022 -0.345196
0.175529 -0.804811 -0.266591 -0.453297 -0.256971
1.168039 -0.632738 0.379563 -0.540186 -1.083392
0.339938 0.375179 1.133761 -0.525501 0.517323
0.486203 -0.561910 0.141933 -0.471090 -0.401609
0.262470 -0.464234 0.501894 -1.063878 -0.320324
0.582866 -0.223276 0.661486 -0.903049 0.118598
-0.066125 -0.790102 1.185699 -0.086153 -0.771214
0.151581 0.212479 1.211481 -0.436030 -0.212030
-0.063306 -0.646127 0.510560 -0.993110 0.080016
0.469597 -0.208463 1.102562 -0.644204 -0.375245
-0.032539 -0.671509 1.074709 0.027329 -0.250419
0.105810 -0.543748 0.055918 -0.284394 0.093369
0.406987 -0.961745 0.615874 -0.853704 0.136914
0.469318 -0.160091 -0.093986 -0.594594 -0.380583
0.295427 -0.154417 0.740702 -0.363894 0.515840
-0.076340 -0.210176 0.459181 -1.395867 -0.653891
0.495640 -0.077367 0.404160 -0.289436 0.086247
0.720525 -0.726234 0.114989 -0.688832 0.000465
0.486587 0.048706 0.672553 0.236701 -0.172189
-0.195898 -0.345014 0.795240 -0.502348 -0.646115
-0.294967 -0.223440 -0.116107 -0.035738 -0.218693
0.662697 -0.706711 0.034189 -1.101139 -0.326118
0.230984 -0.149026 1.174372 -0.105056 -0.310428
0.446246 -0.682886 0.559400 -0.784589 -0.447116
-0.068022 0.027426 0.465112 -0.415088 -0.444804
0.123200 -0.667432 0.248887 -0.713508 -0.361000
-0.247454 0.046641 -0.000102 -0.684129 -0.498200
-0.064942 -0.226940 0.700671 -0.778085 -0.017364
-0.205256 -0.053867 0.608533 -0.560202 -1.039222
-0.937184 -0.321379 0.169500 0.171206 -0.563752
-1.027891 -0.193455 1.358620 -0.554659 -0.012281
-0.599087 0.399679 0.543137 0.202923 -0.267454
0.006463 -1.381257 0.275243 -0.032722 0.390294
0.193656 -1.177123 0.192777 -0.688650 -0.265587
-0.007132 -0.164615 0.460975 0.114194 -0.140923
-0.575708 0.067640 0.573148 -1.029676 0.163682
0.309730 -0.048303 0.271813 -0.269730 0.056129
0.127995 -0.169765 0.408130 -0.614758 -0.161288
0.153139 0.183112 0.741413 -0.715453 -0.590437
-0.235904 -0.007994 0.298041 -0.407974 -1.305093
0.077202 -0.305211 0.101148 -0.543970 -0.846199
0.849507 -0.237826 0.427392 -0.163218 -0.709945
-0.176905 -0.091669 0.320088 0.545464 -0.077696
0.319675 -0.548370 0.992102 -0.250257 0.497723
0.296372 0.260945 0.699019 0.296234 -0.474202
-0.419130 -0.076206 0.675606 0.112268 0.043598
0.046910 -1.371098 0.127825 -0.293326 0.461517
0.277760 0.004317 0.381769 -0.025455 0.547307
0.262090 0.173040 0.405738 -0.075718 0.936090
0.041919 -0.513221 0.927773 -0.592547 -0.222466
0.613775 -0.479604 0.015301 0.137437 0.269241
0.147116 -0.945312 0.240612 -0.259566 -0.217443
-0.161884 -0.112939 0.217484 -0.123683 0.700046
-0.553767 -0.175163 0.191993 -0.109064 0.461823
-0.526995 -0.124097 0.305736 -0.153258 0.064538
-0.025690 -0.265429 0.790278 -0.848491 -0.798892
-0.646284 0.090632 0.775894 0.284369 -0.830559
0.104437 0.341538 0.403239 0.508345 0.590082
0.091970 -0.061764 0.735253 0.270487 -0.626869
0.448407 -0.700674 0.103366 -0.355396 -0.377087
-0.210142 0.034270 0.363403 -0.131694 -0.008447
0.079919 -0.904799 0.360199 0.065082 0.165120
-0.369995 0.468970 -0.001639 -0.469399 -0.767978
0.128788 -0.139128 1.083143 0.241513 -0.652704
0.019371 -0.585053 0.560203 0.156463 -0.242514
0.025243 -0.670149 0.859915 0.064766 -0.706102
0.751468 -1.226374 0.475485 -0.882289 0.106839
-0.226693 -1.057947 -0.641461 0.414535 0.210259
-0.188102 0.189628 0.502117 -0.348283 -0.775892
-0.333494 -0.877627 0.856792 0.309651 -0.728036
-0.644008 -0.132222 -0.044078 -0.111239 -0.419274
0.053189 -1.471626 1.018451 0.149502 0.140180
-0.729244 -0.722340 -0.028155 -0.146460 0.668818
-0.828327 -0.927478 -0.019532 -0.084244 0.747026
-0.443730 -0.790800 -0.103026 -0.286117 0.506824
-0.685326 -1.163724 0.014768 -0.109363 0.846257
-0.498055 -0.945662 -0.186681 -0.166799 0.798024
-0.556026 -0.638856 -0.103412 -0.056713 0.253269
-0.734930 -0.888901 -0.095845 0.242047 0.474208
-0.293063 -0.880710 -0.143193 -0.281479 0.449772
-0.179684 0.323995 0.396791 -0.157917 0.043516
-0.165090 0.484838 0.242734 -0.675518 -1.151418
-0.375917 -0.482515 0.412863 0.072842 -1.180689
0.262779 -0.558324 0.188657 -0.132463 -1.002888
-0.386540 0.166839 0.381768 0.222267 -0.732391
0.356001 -0.665929 -0.442931 -0.985564 -0.306498
0.420932 -0.784195 -0.380421 -0.960360 -0.380947
0.244863 -0.951053 -0.204406 -1.025676 -0.067916
0.475956 -0.975410 0.041356 -1.077212 0.020612
-0.292561 -0.541803 -0.853835 -0.768189 -0.241269
0.372830 -1.070387 -0.129741 -1.028140 -0.105815
0.377380 -0.452917 -0.883219 -0.949992 -0.366218
0.306111 -0.373739 -0.939464 -0.894268 -0.307746
0.239126 -0.404263 -0.987632 -0.917475 -0.219349
0.458198 -0.963658 -0.072051 -1.204193 -0.365312
0.133080 -0.867673 -0.183616 -0.909280 -0.363056
0.558898 -0.949083 -0.206917 -1.026650 -0.315172
-0.106100 -0.671719 -0.174614 -0.569856 -0.639501
-0.062507 -0.522404 -1.011763 -0.892483 -0.344224
0.626954 -0.477839 -0.462862 -0.562516 0.041622
0.222591 -0.668551 -0.324955 -0.963525 -0.485541
0.430557 -0.670783 -0.254192 -1.243945 -0.279196
0.266984 -0.766282 -0.147377 -0.969163 -0.299302
0.084550 -0.057938 -0.973967 -0.545790 -0.539625
0.036669 -0.498883 -0.716179 -0.786358 -0.109143
0.058773 -0.006790 -1.259694 -0.156365 -0.373346
0.481288 -1.030279 -0.030398 -0.980249 -0.441119
0.196156 -0.706360 -0.407239 -0.371252 -0.309298
0.255237 -0.737747 -0.266403 -0.941017 -0.350642
0.505593 -1.007923 -0.226006 -0.935029 -0.341492
0.225369 -0.662427 -0.080248 -0.548577 -0.293063
0.193981 -0.611790 -0.418686 -0.980577 -0.384423
0.432330 -0.986817 -0.156170 -0.934285 0.145613
0.368766 -0.964215 -0.283649 -0.995234 0.088418
0.455999 -1.157348 -0.001782 -0.924016 -0.109732
0.341418 -0.933514 -0.348891 -0.844535 -0.435310
