0.102439 -0.673556 0.358659 -0.819515 -0.102898
-0.964216 -0.171792 0.330285 0.435075 -0.469206
0.382639 -0.569160 1.148112 -0.172280 -0.470886
0.439219 -0.178081 -0.087759 -0.772756 -0.507970
-0.156303 -0.757792 0.892787 -0.776200 -0.259795
-0.013792 -0.630593 0.330207 -0.028893 -0.806985
0.873532 -0.607326 0.194701 -0.278114 -0.548209
1.398655 -0.419333 0.958859 0.178776 0.018987
0.512340 0.228971 -0.051335 0.597161 0.304406
0.026128 -0.073186 0.302281 -0.313743 -0.582398
0.177651 0.131808 0.689756 -0.305430 -0.207997
0.734900 -0.072259 0.288498 0.453228 -0.867653
-0.811344 -0.048420 0.318642 -0.276672 -0.510813
0.405719 0.262379 1.173681 -0.004006 -0.477708
0.643084 -0.625972 0.948061 -0.367838 0.083783
0.422462 -0.568678 1.369741 0.368546 0.031088
0.400062 -0.299783 -0.123833 -0.270212 -0.648367
0.198280 -0.533802 -0.358576 -0.200921 0.104811
-0.284518 -0.340251 0.545381 -0.195791 -0.090276
-0.275476 -0.249384 0.059824 -0.395616 -0.228846
0.019334 -0.236745 0.409131 -0.036651 -0.304737
0.360224 -0.716419 0.489199 -0.297293 -0.078118
0.282288 -1.122951 0.644098 -0.208326 -0.120219
0.379004 0.013325 0.047251 -0.138632 -0.079855
-0.364878 -0.749252 0.673256 -0.176266 0.124532
0.235486 -0.667723 0.149545 -0.326756 -0.209824
0.851888 -0.982210 0.719753 -0.472723 0.532117
0.412361 -0.141756 0.085291 -0.721122 -0.075456
-0.120698 -0.116677 0.450843 0.113616 -0.070730
0.534334 -0.042059 0.209408 0.294770 -0.603163
-0.805469 -0.074750 0.826908 -0.147949 0.082312
0.093016 0.219195 0.488386 0.213703 -0.716343
0.542611 -0.683087 1.038984 -0.449551 0.081099
-0.372949 -0.745869 0.431557 -0.160727 -0.237061
0.707374 0.093045 -0.137329 0.157810 0.028936
-0.303235 -0.241092 0.637008 -0.340308 -0.051604
0.094178 -0.054629 0.780695 0.485158 -0.468197
-0.140083 -0.246216 1.179444 0.460734 -0.255821
-0.593516 -0.240042 0.468429 0.639818 -0.213024
-0.305655 -0.295289 -0.320258 0.361473 -0.029633
0.340065 -0.684719 1.029477 -0.550458 -0.424001
0.300073 -0.706318 0.086547 -0.836021 0.245867
0.426818 -0.601856 0.313554 -0.552120 -0.332205
0.866479 -0.474188 0.690091 -0.117825 0.143136
0.793438 -1.149600 0.143051 -0.062107 -0.265191
-0.162176 -0.033683 0.812506 -0.216895 -1.127314
-0.002991 -0.289501 0.717827 -0.048831 0.338465
-1.442539 -0.635597 0.878088 0.526633 -0.145580
0.382780 0.358569 0.094729 0.330527 0.050266
0.316582 0.136680 0.083974 0.004832 -1.107158
-0.187915 -0.594338 0.187904 -0.641732 -0.216986
0.027126 -0.375770 0.920020 -0.283925 0.094822
0.643207 -0.278310 0.042390 -0.078768 -0.522452
0.018473 -0.740979 0.459758 -0.387126 -0.448114
-0.707861 0.724541 0.060506 -0.007991 -0.295803
0.283954 0.214027 0.272188 -0.099130 -0.400329
-0.133746 -0.221439 1.268095 -0.317223 -0.468570
-0.102676 -0.331017 1.092486 -0.338973 -0.848068
0.061489 -0.046171 0.368335 -0.235002 -0.247927
1.113519 -0.838272 0.811394 -0.402557 -0.044508
-0.925350 0.111418 0.931347 0.291697 0.320127
0.124965 -0.584331 0.691483 -0.250154 -0.618893
-0.075858 -1.185119 0.399455 -0.276247 -0.201608
-0.407380 0.290443 0.288443 0.240902 -0.797510
-0.172746 -0.100004 1.303398 0.082899 -0.633466
-1.063029 -0.016034 0.541496 -0.199859 -0.354038
-0.034865 -0.378812 1.284233 0.433673 -0.359840
-1.084584 -0.580949 1.034424 0.115061 -0.334951
-0.143500 -0.337085 0.811217 0.061372 -0.639898
0.036878 -0.942036 0.538851 -0.529210 0.189518
1.088083 -0.154011 0.291557 0.095805 0.327671
-0.182946 0.063798 0.461389 -0.180577 -0.338516
-1.318244 -0.456675 1.305423 0.911120 0.061515
0.631781 -0.568118 1.124486 0.051597 -0.099032
0.543030 -0.578292 0.604037 -0.481925 0.161139
-1.082059 -0.342786 0.722979 0.275057 -0.554244
0.028369 0.690280 0.777422 0.390124 -0.375451
-0.298240 -0.278736 1.213586 -0.008856 -0.521340
0.037808 0.038340 1.273369 -0.128674 -0.746785
0.128729 -0.191675 0.902203 0.321831 -0.892306
0.072836 -0.646966 0.885740 -0.425571 0.046161
-0.518279 -0.171933 1.072955 0.324367 -0.946551
0.308574 -0.565034 0.912905 0.136077 -0.862803
0.594037 -0.968567 0.585460 -0.544076 -0.289383
0.254065 -0.711415 0.615859 -0.420771 -0.082872
0.439141 -1.053625 0.721846 -0.290440 -0.550171
0.425052 -0.553806 0.068467 0.444827 -0.504823
0.100687 -0.427648 0.536869 -0.590238 -0.567896
-0.014751 -0.593515 0.933939 0.217769 -0.143472
0.724447 -0.574296 0.607017 -0.367596 -0.684981
-0.520569 -0.553844 0.806142 -0.170852 -0.184772
0.038225 -0.436255 0.894148 -0.535050 -0.148872
0.560186 -0.740374 0.853810 0.008996 -0.400072
0.293581 -0.057326 0.424528 -0.195387 0.057465
0.218599 -0.305991 0.888404 0.267569 0.467561
0.835037 -0.957111 0.814762 -0.337297 -0.022581
-0.405985 -0.513039 0.383353 -0.253441 -0.405149
0.725393 -0.442444 0.721062 0.167910 -0.335727
0.185676 -0.850440 0.355706 -0.940425 -0.645842
-0.463737 0.368211 0.223996 -0.380009 -0.817454
-0.164366 -0.243956 0.862751 -0.340848 -0.630868
-0.658483 -0.021351 0.711259 -0.165025 0.207976
-0.188103 -0.357394 0.660869 -0.332756 -0.315784
0.079704 0.079066 1.254499 -0.407441 -0.448632
-0.269718 -0.332734 0.616494 -0.375919 0.012176
0.044273 -0.471650 0.122593 -0.550628 -0.280180
-0.385287 -0.118762 0.882798 -0.125695 0.359959
-1.451089 -0.132379 0.890371 0.014602 -0.362332
0.042229 -1.085335 0.278583 -0.841330 -0.011387
0.446763 -0.703234 0.016581 -0.722619 -0.564807
0.096752 -0.366134 0.712502 -0.918210 -0.093609
-0.182982 -0.461663 0.339155 -0.570486 -0.247500
0.480214 -0.246146 0.377483 -1.129805 -0.005480
0.426918 -0.618883 0.519496 -0.242395 -0.478299
0.393284 -0.207765 0.563068 -0.648320 -0.259062
-0.127337 -0.635633 0.969980 0.124819 0.075856
1.067373 -0.330863 -0.233392 0.027881 -0.410917
0.224822 -0.194790 0.147413 -0.061940 -0.006005
0.338325 0.266983 -0.155457 -0.050547 -0.017276
-0.429819 -0.626017 0.087575 -0.573075 0.309472
0.675053 -0.324778 0.379505 -0.243166 -0.370501
0.643084 -0.625972 0.948061 -0.367838 0.083783
0.236191 -0.069524 0.739688 -0.270433 0.492923
-0.526528 0.824955 1.157771 -0.231066 -1.042792
-0.112853 -0.749487 1.013807 0.153760 -0.290556
0.441195 -0.890068 0.259054 -0.438417 -0.395727
0.019125 -0.643378 0.054764 -0.465825 -1.289688
0.229420 -0.203517 0.231098 -0.129303 -0.308638
0.305802 0.355921 0.725991 -0.524749 -0.611238
0.500332 -0.084076 1.176941 -1.427355 -0.255518
-0.054359 -0.789936 0.921970 -0.257497 -0.075359
0.076166 -0.601939 0.778756 -0.220994 -0.330553
0.061717 0.164880 0.591699 -0.045384 -0.053560
0.051198 0.053655 0.705379 -0.444289 0.030794
-0.172940 -0.918651 0.379230 -0.403594 0.154684
0.312706 -0.365998 0.339495 -0.494940 -0.120680
0.296108 -0.239653 1.022607 -0.074467 -0.433355
-0.203240 -0.112494 1.038581 -0.399589 -0.249005
-0.316405 -0.214011 0.314648 -0.061543 -1.493918
0.018047 -0.317089 0.303699 -0.786374 -0.696442
-0.192027 -0.789872 -0.187014 -0.826098 -0.242800
0.428634 -1.361841 -0.116714 -0.926574 0.071031
0.133072 -0.900499 0.528331 -1.128321 -0.082991
0.626338 -0.772168 -0.214722 -1.194325 0.103089
0.022091 -0.600443 -0.296949 -0.947634 -0.293847
0.467925 -0.865951 -0.336899 -0.980041 -0.303002
0.174747 -0.835361 -0.471209 -0.725570 -0.297695
0.341523 -0.254274 0.086737 -0.600507 -0.428108
0.684716 -0.929243 -0.053142 -0.206199 -0.728354
0.112802 -0.465992 -0.217090 -0.631871 -0.911317
1.017829 -0.331322 0.644835 -0.437776 -0.448563
0.377409 -0.518818 0.061159 -0.764628 0.046051
0.578141 -1.182740 0.030088 -0.982944 0.158448
0.462689 -1.184248 0.341910 -1.285917 -0.096500
0.646647 -1.014624 -0.001183 -1.038055 -0.217600
0.522257 -1.067360 -0.012007 -1.163338 -0.100069
0.282699 -0.863186 -0.625568 -0.848442 -0.289778
0.310247 -0.439321 -0.300445 -1.097973 -0.255748
0.287512 -0.430775 -0.640776 -1.035988 -0.326667
0.670087 -0.877015 -0.380661 -0.977599 0.231346
0.613158 -0.968049 0.001857 -1.119961 -0.047579
0.538666 -1.022335 -0.011967 -1.082907 0.056424
0.041700 -0.668175 -0.379034 -0.941982 -0.260100
0.344679 -0.910952 -0.243872 -1.003194 -0.177121
-0.087378 -0.556489 -0.633808 -0.552382 -0.359639
0.489347 -0.959146 -0.251174 -0.901205 -0.451728
0.466467 -0.971716 -0.130827 -0.901900 -0.198093
0.222947 -0.615971 -0.373982 -0.962444 -0.325637
