-0.114848 -0.549477 0.164689 -0.414516 -1.017264
-0.659825 0.007151 0.267280 0.140159 -0.288380
0.857875 -1.145998 0.461477 -0.385946 -0.886424
-0.185762 0.186392 0.538600 -0.243803 0.125649
0.672182 -0.506253 0.396950 -0.440838 -0.157916
0.579608 -0.141836 0.234785 -0.359153 0.070942
0.758645 -1.222258 0.594744 -0.681472 -0.200709
0.233898 -0.102729 0.803080 -0.408965 -0.334256
0.654263 -0.763460 0.310017 -0.338092 0.036768
-0.202770 -0.267526 0.888895 -0.975197 0.113699
0.703380 -1.625374 0.413062 -0.690741 0.006346
0.542371 -0.410896 0.032687 -0.238264 0.629431
-0.189043 -0.258740 0.333737 -0.377483 -0.684085
0.335056 -0.442211 0.075207 -0.557316 -0.533755
-0.104964 -0.391190 0.500701 -0.679360 -0.555005
-0.223706 -0.800650 0.261487 0.385227 -1.008741
0.022938 -0.817463 0.067449 -0.660689 -0.116487
-0.395266 -0.359132 0.474029 -0.640288 -0.684545
0.658547 -0.422392 0.007922 -0.743431 -0.609803
-0.072134 -0.527108 0.870617 0.151079 0.013537
0.228765 -0.531012 -0.004148 -0.678610 -0.481157
1.035631 -0.226905 1.112468 0.077556 0.082329
0.738748 -0.431392 0.866910 -0.268917 -0.117776
0.095241 -0.469515 0.500434 -0.421008 -0.501405
-0.102287 0.001666 0.240237 -0.107187 -0.134886
-0.087655 -0.788270 0.744706 -0.461492 -0.610540
-0.600637 -0.366078 -0.387910 -1.052284 0.381963
-0.275523 -0.283529 0.096090 -1.187745 0.390425
-0.430247 0.263423 0.797913 -0.684696 -0.517782
0.019655 0.339349 0.979261 -0.505604 0.127631
0.285523 -0.188367 0.407692 -0.923370 -0.179257
0.483695 -0.714883 0.378399 -1.057205 0.007027
-0.103289 -0.068516 0.658215 -0.319252 -0.556535
0.147079 -0.268124 0.575558 -0.974800 -0.690126
1.080847 -0.921798 0.386003 -0.598971 0.372834
0.752008 -0.640171 0.220703 -0.830167 -0.261790
0.301419 -0.432317 0.536357 -0.518839 -0.265987
-0.081554 -0.937750 0.611772 -0.434493 0.042624
0.867364 0.191555 0.673813 -0.291365 0.028407
0.182007 -0.377093 0.859830 0.031758 -0.420451
0.489390 -0.765575 0.293726 -1.019588 -0.407692
0.562121 -0.827466 0.243142 -0.777207 -0.336514
0.616433 0.035596 0.293493 -0.776329 -0.572502
-0.594932 -0.435497 0.447578 -0.276906 -0.062512
0.340531 -0.347884 0.446714 -0.571796 -0.078803
0.780150 -0.418734 0.288669 -0.549986 -0.334572
-0.070314 -0.948585 0.204342 -0.483051 -0.277751
-0.913029 -0.894946 -0.166396 -0.857949 0.441301
-0.330914 -0.116415 0.599752 -0.398707 -0.336287
-0.123221 -0.836100 0.248522 0.359340 -0.825248
0.202988 -0.586694 0.496026 -0.490961 -0.183516
0.220781 0.034745 0.789639 -1.425138 0.513720
-0.320603 -0.487336 0.335451 -0.962720 -0.111902
-0.220959 -0.412653 0.751684 -0.769509 -0.082606
-0.427421 0.088954 1.097871 -0.848572 0.513837
-0.238521 0.138144 0.799677 -0.588946 -0.197208
-1.075199 0.089780 0.661006 0.017263 -0.419410
0.012706 -0.432213 1.118493 -0.976080 -0.728060
-0.278928 -0.463208 0.380331 -0.517461 -1.210367
0.020294 -0.319154 0.706235 0.290811 -0.473885
0.021235 -0.935630 -0.363539 -0.670405 0.505390
0.206656 -0.425015 0.142762 -0.447449 -0.168311
-0.122667 0.155389 0.652342 0.274634 0.024060
-0.305811 0.227914 0.657482 -0.891353 0.007476
0.764279 -0.700994 -0.209570 -0.145622 -0.003090
-0.533543 -0.187005 0.760751 -0.474231 0.205386
0.172582 -0.671699 0.786247 -1.523888 -0.272287
-0.687764 -0.717083 1.190451 -0.193369 -0.283855
-0.970928 -0.316570 -0.067252 -0.043162 -0.147433
0.428090 0.043424 0.476374 -0.666081 -0.124419
0.236328 -0.111853 0.890590 -0.690947 0.134523
-0.244329 0.469588 1.085899 -0.168367 -1.110211
-0.454366 -0.389051 0.353944 -0.954751 0.016635
0.348206 -0.677441 0.798569 -0.870578 -0.165109
0.106308 0.142176 0.783456 -0.614888 -0.331833
0.030351 -0.431066 0.499338 0.287499 -0.606695
0.502468 -0.484906 0.454021 0.532520 -1.249647
0.886141 -0.113883 0.352722 -0.297400 -0.857567
0.186635 -0.246417 0.087729 0.516207 -0.895120
-0.428513 -0.222265 0.350691 -0.180971 -0.756533
0.885847 -1.140218 1.039700 -0.594295 -0.336731
0.090179 -0.645868 -0.184936 0.376301 -0.260387
0.526020 0.038501 0.532059 -0.083501 0.577080
-0.558891 -1.147114 0.821500 -0.427328 -0.612383
-0.094639 -0.206830 0.680745 0.044466 -0.013595
0.449936 -0.171334 0.210343 -1.146096 -0.090308
0.379539 0.338063 0.430540 -0.033380 -0.197866
-0.325732 -0.149954 0.468518 -0.308513 0.073141
-0.726820 -0.487789 0.352225 -1.024540 -0.728654
-1.105422 -0.212249 1.246220 -0.388882 -0.343202
0.078545 -0.442398 0.595174 -0.749007 -0.329730
-0.019034 -0.370587 0.543275 -0.259945 -0.364554
-0.310333 -0.459893 0.702023 -0.340998 0.183721
0.602949 -0.214427 1.397475 -0.071986 -0.474638
-0.185762 0.186392 0.538600 -0.243803 0.125649
0.615716 -0.227314 -0.489380 -0.508558 -0.169803
0.167267 -0.623241 1.041517 -0.459365 -0.134697
-0.040751 -0.697207 0.397553 -0.454760 -0.066852
0.183292 -0.489985 0.233317 -0.611681 -0.427428
0.603127 -0.099601 0.718669 0.325451 -0.084216
0.737345 0.490147 0.403572 0.777443 0.494173
0.493845 -0.018589 0.435480 -0.191063 -0.375200
0.767379 0.216297 0.323652 0.264244 -0.360942
-0.064025 -0.015891 0.829682 0.502280 -0.034050
0.703764 -1.030246 0.179422 -0.426377 -0.094122
-0.521068 -0.283257 0.410703 0.136533 0.365628
0.103545 0.040847 0.902714 0.443858 -0.700282
0.714993 -0.318446 0.362271 -0.117243 -0.149511
-0.672953 0.093189 0.116613 -0.858941 -0.268474
-0.031376 0.342175 0.498048 -0.937654 -0.840558
-1.003395 0.145899 0.385379 -0.653876 -0.832119
0.495002 -1.086230 0.333686 -0.771296 -0.042015
-0.316021 -0.177730 1.163068 -0.076640 -0.934133
1.125377 -0.970017 -0.279604 -0.544362 0.294026
0.445430 -0.530897 0.466317 0.248427 -0.286657
-0.052282 -0.707758 0.136121 0.017385 -1.034664
-0.200813 -0.566721 0.741267 0.020361 -0.566393
0.124531 -1.229924 0.409724 -0.308913 0.156378
-0.419086 -0.387933 1.168722 -0.171106 -1.199575
0.363230 -1.206915 0.815839 -0.695054 0.132769
-0.104964 -0.391190 0.500701 -0.679360 -0.555005
0.771233 -0.473013 0.767702 -0.707406 0.265764
-0.110587 -0.503836 0.455238 0.389274 -0.099543
-0.272574 -0.014197 0.651734 -0.918486 -0.630225
-0.323112 0.422305 0.161038 -1.199840 0.344677
0.568863 -0.834854 1.061353 -0.564514 0.307542
0.143826 -0.254428 0.283623 0.520880 -0.526295
0.244443 -0.068401 0.785748 -0.528552 -1.010208
-0.253617 -0.143865 0.094697 -0.364391 -1.020696
0.382058 -0.592204 0.727917 -0.547867 0.045247
0.179323 0.848180 -0.063489 0.036711 -0.650315
-0.153615 0.145250 0.467745 -0.485007 -0.410735
0.381446 -0.010822 0.574044 -0.328067 -1.266612
0.487137 -0.237903 0.553179 -0.157289 -0.576101
-0.373508 -0.723891 0.662539 -0.263390 -0.683038
0.401460 -0.189867 1.106727 -0.408046 -0.555087
1.013946 -0.551318 0.902442 -0.289951 0.416890
-1.358206 -0.101739 -0.050007 -0.632855 -0.073244
-1.397344 -0.150730 0.041927 -0.699082 0.142999
0.117415 -0.497684 1.266527 -0.370256 0.355108
0.259569 -0.306688 0.629708 -0.530760 0.095333
-0.647263 0.232374 0.171613 -1.152154 0.240468
-0.292376 -1.275989 0.261157 0.014206 0.377048
0.293561 -0.994236 0.046169 -0.439309 0.357552
-0.166582 -1.015538 0.034137 -0.056923 0.608146
0.674200 0.093565 0.552780 -0.487651 -0.530919
-0.249207 -1.027612 0.439807 -0.276098 -0.325818
0.043181 -0.792644 0.243933 -0.728976 0.363674
-0.307011 -1.082550 0.125038 0.167389 0.113718
-1.006439 -0.954909 0.174144 -0.071607 1.083855
0.464188 -0.523988 0.080687 -0.232104 -0.014643
-0.330436 -0.800932 0.065852 -0.246776 0.011103
-0.496501 -0.857315 0.675174 -0.122927 -0.213480
-0.236805 -0.643708 0.713425 -0.054542 -0.376928
-0.089573 -0.813854 -0.105231 -0.277212 0.759090
-0.824790 -0.536925 -0.040384 -0.082764 0.565541
-1.166550 0.287704 0.574769 -0.578343 -0.458817
0.193247 -0.388083 0.658360 -0.155107 -0.522259
0.467693 -0.778515 0.731166 -0.532975 0.039319
0.134519 -1.099327 0.809263 -0.280635 -0.282832
-0.243932 0.329964 0.469659 -0.864240 -0.434583
-0.003118 0.579822 0.240483 0.011242 -0.768905
-0.570575 -0.169122 0.366547 -0.264334 -0.476607
0.209268 -0.174873 0.863530 -0.154350 -0.240608
0.198183 -0.192413 0.213003 0.137766 -0.182525
-1.028424 -0.795293 0.378976 0.342031 0.077418
-0.449002 -0.874010 0.442614 -0.144798 -0.276124
0.186258 -0.531729 0.258698 -0.243201 -0.281194
-0.153754 -0.118573 0.520335 -0.709260 -0.825471
0.105160 -0.841817 -0.284229 -1.041248 0.122217
0.104729 -0.414613 0.131427 -0.458570 -0.326405
0.201565 -0.339137 1.111642 -0.687561 -0.460323
-0.125522 -0.360391 0.725951 -0.527021 -0.712705
-0.173271 -1.497377 0.284998 -0.131877 -0.228604
0.028062 -0.790245 0.144698 -0.008904 0.432796
0.562935 -0.286769 0.265515 0.010547 -0.589490
0.374833 -0.587419 0.232728 -0.502911 -0.291395
0.034996 -0.510324 0.674349 -0.439158 -0.498442
-0.399498 -0.802435 0.689755 -0.145458 -0.526965
0.547071 -0.685689 0.482220 -0.265645 -0.649759
-0.766013 -0.893324 0.548577 -0.029905 -0.862121
-0.378880 0.289443 -0.020870 -0.399425 -0.118942
0.534063 -0.405619 0.802324 -0.584752 -0.582749
0.565495 -0.293858 0.030156 0.118485 -0.509042
0.602396 -0.382539 0.112867 -0.035666 -0.800460
0.714905 -0.320936 0.583368 -0.430686 -0.913642
0.207990 0.502598 0.660900 -0.627601 -0.439549
0.108256 -0.378624 0.216815 -0.806917 -0.217353
-0.188152 0.409700 0.486108 -0.142658 -0.579548
0.036835 0.261214 0.387059 0.021379 -0.353543
0.030661 -0.643495 1.119539 -0.498624 -1.024423
0.322712 -0.205537 1.025810 0.468127 -0.724069
0.337678 0.150973 0.699651 -0.392343 -0.011907
0.326623 -0.472526 0.859363 -0.253900 -0.312536
-0.043074 -0.446679 0.676886 0.034951 -0.884872
-0.164009 -0.132586 0.050572 -0.668509 -0.176173
-0.416168 -0.084266 0.239186 -0.167895 -0.834104
-0.461853 -0.900178 0.078460 0.246585 -0.446099
0.016783 -0.965248 0.409780 -0.080149 0.028767
0.327389 -0.252779 0.356801 -0.375505 -0.020937
0.032139 -1.099802 0.351082 -0.300369 -0.406546
0.328868 -0.673937 -0.068026 -0.670221 0.183961
0.016624 -0.456325 0.735044 -0.203340 -0.381928
-0.135083 -0.460238 0.527253 -1.094140 0.355931
0.038690 0.440581 0.041606 -0.291787 -0.923661
0.077662 -0.594674 -0.303434 -0.065315 -0.119858
-0.113305 -0.425681 1.045127 -0.317104 0.890807
-0.713489 -0.133049 -0.560766 -0.799230 -0.082334
-0.613297 -0.403576 -0.138960 -0.730865 0.188408
-1.211533 0.113279 0.055251 -0.479867 0.470250
-0.158215 0.723190 0.668639 -0.466365 -0.341586
0.720353 0.761537 0.286076 -0.618946 -0.628808
-0.360634 0.720557 0.884935 -0.406803 -0.665657
0.093125 0.660847 0.501512 -0.359518 0.514523
0.468169 -1.012822 -0.286043 0.218397 0.747101
0.208614 -0.553058 0.201903 -0.696431 -0.113346
0.096596 -0.894806 0.542160 -0.216494 0.650007
0.133147 -0.456159 -0.165175 -0.650262 -0.062963
0.197488 -0.986582 0.812641 -0.810786 0.046742
0.363391 -0.640235 0.531239 -0.810852 0.138154
-0.045863 -0.340776 0.149863 -0.597098 -1.030276
-0.769524 0.093060 0.572982 -0.479284 0.284421
-0.173271 -1.497377 0.284998 -0.131877 -0.228604
-0.759171 0.318063 0.478934 -0.102463 -0.035716
-1.046732 -0.020065 0.550662 0.110134 0.109483
-0.532121 0.226411 0.534295 -0.831371 -0.788263
-0.074083 -0.527270 -0.236486 -0.343841 -0.838111
-0.487920 0.184675 -0.478920 -0.617927 -0.945059
-0.368554 -0.590557 0.636254 -0.378575 -0.881793
-0.252250 0.027097 0.716870 -0.201482 -0.232054
-0.359486 -0.417383 0.749734 -0.661397 -0.800229
0.182688 0.282466 0.690311 -1.008546 0.270466
-0.245981 -0.378482 0.297160 -0.658766 -0.693454
-0.043074 -0.446679 0.676886 0.034951 -0.884872
-0.040014 -0.342569 0.996921 -0.551246 -0.126251
0.545322 -0.928664 -0.001188 -1.197288 -0.028976
0.428206 -0.824603 -0.083041 -0.478995 -0.312599
0.360450 -1.137386 -0.171876 -0.955605 -0.045924
-0.020972 -0.535802 -0.773247 -0.746126 -0.323418
0.257957 -0.615478 -0.659686 -0.322456 -0.234836
0.786502 0.180720 -0.230662 -0.252727 -0.681088
0.645009 -1.222512 -0.267277 -1.141342 0.366435
0.025497 -1.013682 0.046229 -0.603349 -0.302112
0.153980 -1.004943 0.353365 -0.905150 -0.597719
-0.080329 -0.487200 -0.233420 -1.070469 -0.381725
0.204309 -0.694514 -0.457719 -1.048329 -0.095594
0.543527 -0.982728 0.161576 -1.058797 -0.264796
0.380058 -1.096721 0.024993 -0.931518 -0.249334
0.461496 -1.176140 -0.162867 -0.934297 -0.066031
0.321139 -1.050139 -0.018316 -1.041521 -0.430762
0.114226 -0.595412 -0.426920 -0.908003 -0.398292
0.281134 -0.747944 -0.460206 -0.941653 -0.350442
0.480674 -1.179644 0.200230 -0.922332 0.178227
0.235344 -1.076816 0.078486 -0.946265 -0.143907
0.336518 -0.770963 -0.468114 -0.895364 -0.425661
0.476392 -0.862202 0.003520 -0.877621 -0.706798
0.118150 -0.775808 0.142382 -0.857938 -0.272552
0.187452 -1.424460 -0.655735 -0.741333 0.292256
