0.097733 -1.089976 -0.094002 0.000674 -0.045269
0.214759 -0.733643 -0.373181 0.144064 -1.071211
-0.710139 -0.453460 0.706631 0.330364 -0.723856
0.207697 -0.163639 0.526567 -0.897514 -0.421678
0.169787 -0.188407 -0.733299 -0.192074 0.041998
0.789464 0.261848 0.772001 -0.120224 -0.239969
0.449076 -0.548748 0.171335 -0.584343 -0.213922
-0.108684 -0.542739 0.574352 -0.718582 -0.080040
0.056662 0.113164 0.782713 0.171979 -0.527410
0.241659 -0.032342 0.206496 -0.667882 -0.672128
-0.692311 -0.286353 1.306541 -0.757903 0.090446
0.217957 -0.937179 0.193607 -0.231304 -0.715041
0.834951 -0.402810 0.318226 -0.127161 0.123295
0.189694 -0.372930 0.437399 -0.832303 -0.474723
0.812330 0.011658 0.608030 0.037545 -0.359774
0.321325 -0.544586 1.194956 0.170644 -0.503232
0.679230 -0.462035 0.214825 -0.009110 -0.633002
0.162692 -0.645171 0.557818 -0.320067 -0.516452
0.192772 -0.665511 0.273706 -0.962882 -0.764308
0.539892 -0.680566 0.678603 -0.444453 -0.029463
0.643836 -0.255863 0.811839 -0.391166 -0.519031
0.900274 -0.669986 0.377282 -1.144878 -0.416112
0.582990 0.145554 0.657240 -0.933324 -0.124205
-0.352523 0.103064 1.043162 -0.154830 -0.266366
0.810775 -0.361931 0.570673 -1.037859 -0.140609
0.464653 -0.350540 0.562932 -1.309245 0.076514
0.633303 -0.901414 0.634951 -0.824762 -0.104961
-0.770288 0.486700 1.263500 -0.924775 -0.290036
0.194834 -0.154932 0.397981 -0.826450 -0.124870
0.158765 -0.536992 0.913388 0.133309 -0.401296
-0.530705 -1.090593 -0.195976 -0.050282 0.402622
-0.056335 0.001238 0.689972 -0.364783 0.461056
0.871718 -0.374793 0.594165 -0.369968 -0.092448
-0.416176 -1.070679 0.094156 -0.023819 -0.360349
0.066036 -1.040518 0.295641 0.155852 0.270130
0.587578 -0.087199 0.509074 -0.211011 -0.210000
0.206197 -0.015319 0.451663 -1.198516 -0.052175
0.146399 -0.431710 0.364830 -1.138187 -0.230816
-0.289099 -0.571062 0.453887 -0.269488 -0.224426
0.526509 -0.169459 0.189525 -0.362578 -0.898798
0.243308 -0.792132 0.623705 -0.255853 -0.274117
0.260666 0.188311 0.769781 -0.166856 0.518937
0.764653 -0.530692 -0.095663 -0.029110 -0.415887
0.205196 -0.072568 0.768583 -0.538772 -1.068120
0.280372 -0.311347 0.283289 0.182652 -0.426057
0.791055 -0.361520 0.156765 -0.555637 -0.148916
0.086421 -0.158249 1.037155 -0.263106 -0.870635
-0.404654 -0.334143 1.111512 -0.767475 -0.851931
0.194127 -0.144568 0.688652 -0.449325 -0.932526
0.381027 -0.526930 0.383111 -0.709905 -0.734539
0.166645 -0.079614 0.452163 0.079041 -0.787512
0.180341 -0.394723 0.812685 -0.022201 -0.073969
0.671076 0.201243 0.322038 -0.672231 0.224860
-1.715144 -0.517864 0.593183 0.258415 -0.017135
0.542422 -0.523227 0.619631 -0.614704 -0.195159
0.147251 -0.829209 0.076762 -0.613165 -0.013810
0.309147 -0.046955 0.531453 -0.306087 -0.362016
0.024839 -0.187790 0.715859 -0.314770 0.218347
0.205475 -0.145733 0.942113 0.073319 -0.154382
0.650123 -0.968102 0.083222 -0.456145 -0.995444
-0.082998 -0.459655 1.357370 -0.453470 -0.010223
0.186679 -0.433469 0.821979 -0.439042 -0.294075
-0.380150 -0.653129 0.657282 -0.945439 -0.512194
-0.011264 -0.391194 0.301307 -0.448141 -0.356145
0.206810 -0.260842 0.454388 -0.734627 -0.352949
0.404243 -0.583412 0.260559 -0.704588 0.204492
0.085257 -0.746278 0.365587 -0.429940 0.142346
0.286558 -0.275008 0.029968 0.427689 0.346429
0.434931 -0.769243 -0.307988 0.113222 -0.366591
-0.032064 -0.894068 0.016936 0.220014 0.471399
-0.055208 -0.438923 0.782498 -0.590294 -0.015319
0.283752 0.107770 0.313263 -0.343335 -0.712069
-0.029412 -0.488219 0.830762 -0.338409 -0.177872
0.227185 0.070564 0.686125 -0.019837 0.295386
0.180012 0.206779 0.428007 0.208771 -0.498230
0.680048 -0.321140 0.627177 -0.347621 -0.287101
-0.101447 0.543217 0.487757 -0.211288 -0.770992
-0.160419 0.969615 0.872061 0.099959 -0.507479
-0.026724 -0.666024 0.342735 -0.305912 -0.413115
-0.222211 -0.758142 0.209445 -0.140230 0.217768
-0.280228 -0.656250 -0.064221 -0.130250 0.255720
-0.136385 -0.554751 0.078406 -0.319489 0.137690
0.080656 -0.627951 0.868312 -0.083380 0.049091
0.387004 0.106352 0.430663 0.250666 -0.093309
-0.494287 -0.206267 0.654030 0.013450 -0.835242
-0.193808 -0.783504 0.774247 0.050156 -0.965897
0.025117 -1.047615 0.366866 -0.026666 0.502253
-0.385467 -0.723657 0.105502 -0.323519 0.058056
-0.523021 -1.426742 0.250538 -0.088793 0.214671
-0.974007 -0.683868 0.740601 0.272375 -0.236492
0.097303 -0.832750 -0.443441 -0.842678 -0.040911
0.657315 -0.578654 0.068921 -0.661268 -0.422571
0.522801 -0.717370 0.101855 -0.805519 0.145391
0.264530 -0.189025 -0.827223 -1.085313 -0.400263
0.253091 -0.672268 -0.370446 -0.886162 -0.459049
0.059020 -0.705569 0.202105 -0.783579 -0.564455
-0.061463 -0.992588 -0.084526 -1.018795 -0.188284
0.332005 -1.174402 -0.142285 -1.039104 0.030983
0.357581 -0.425474 -0.650445 -1.041187 -0.404229
0.467653 -0.800604 -0.113929 -1.058129 -0.124720
0.206227 -0.734029 -0.310502 -1.015677 -0.151551
0.372841 -0.879483 -0.191989 -1.027930 -0.229903
0.266881 -0.906891 -0.261278 -0.967036 -0.232332
0.407123 -1.127808 -0.132457 -0.985398 -0.213697
0.537471 -1.210524 0.114470 -0.988049 -0.337059
-0.012004 -0.723372 -0.265430 -0.865994 -0.184648
0.155069 -0.536891 -0.688608 -0.894349 -0.227027
0.281007 -0.754670 -0.349523 -0.976789 -0.352836
0.472201 -1.062000 0.115196 -0.887364 0.362846
-0.380953 -0.871416 -0.246292 -0.268964 -0.027845
0.184827 -0.643734 -0.295450 -0.829090 -0.213746
0.237042 -0.916985 -0.199454 -1.129275 -0.305215
0.497885 -0.599575 0.312640 -1.308101 0.128248
0.456373 -0.682271 -0.446695 -1.019217 -0.229913
0.339156 -1.089186 -0.297867 -0.500933 -0.402073
0.282415 -0.604131 -0.523956 -1.116460 -0.062275
0.336928 -0.799612 -0.311694 -0.772971 -0.240258
0.172391 -0.220590 -0.321688 -0.773449 -0.208668
0.093835 -1.122557 0.179483 -0.233712 0.147773
-0.016120 -0.886044 -0.460014 -0.861754 -0.385692
0.190854 -0.484321 -0.539108 -1.020347 -0.323216
0.281149 -0.644820 -0.352559 -0.878188 -0.388032
-0.033577 -0.947792 -0.027283 -1.114893 0.219863
0.318242 -0.682629 -0.504508 -0.931762 -0.391290
0.389497 -1.069808 0.077192 -1.037229 -0.302634
0.430985 -1.003827 -0.211485 -0.971931 -0.169536
0.242037 -0.874447 -0.285923 -0.916285 -0.285719
0.570561 -0.894398 -0.419293 -0.695045 -0.294746
0.276297 -0.777926 -0.283038 -0.992660 -0.321890
-0.398956 0.627156 0.446810 0.153465 -0.292837
-0.244263 -0.804246 0.306765 -0.895558 -0.209367
0.258121 -1.083373 -0.045145 -0.926517 -0.354713
0.551299 -0.978563 0.601584 -0.768648 -0.500189
0.181945 -0.432593 -0.185874 -0.859540 -0.243427
-0.302614 -0.457258 -0.804032 -0.391307 -0.199093
-0.230910 -0.711468 -0.010975 -0.630845 -0.479614
0.319601 -1.048773 0.070471 -1.061615 -0.187160
0.417613 -1.124744 -0.049741 -0.925865 -0.340867
