-0.038268 -0.218258 0.519037 -0.273621 0.131050
0.119861 -0.373567 0.050118 0.153716 0.143688
0.701410 -1.210968 0.823698 -0.431652 -0.699607
0.051338 -0.243372 0.339982 -1.013015 -0.237352
0.341868 -0.710601 0.316033 -0.331012 -0.583659
0.892800 0.018944 0.468060 -0.708224 -0.119943
0.553378 -0.239831 0.007952 -0.666997 -0.612015
1.007608 -0.042915 0.604098 -0.345388 -0.195730
1.350670 0.196243 0.922923 -0.058780 -0.354771
0.310610 -0.437759 0.612354 -0.180450 0.299022
-0.110580 -0.830251 -0.335774 -0.336437 0.546096
0.073307 -0.132724 0.328495 0.046341 -0.915907
-0.974497 -0.920411 1.122400 0.152004 -0.612051
0.401631 -0.582805 0.661115 -0.465056 -0.952461
0.914623 -0.253162 0.713554 -0.625021 0.439893
0.514823 -0.273663 0.654791 -0.369551 -0.200352
0.150377 0.332440 0.428930 0.065522 -0.215806
0.538096 -1.139432 0.718633 -0.352269 0.004285
0.284274 -0.420146 0.599381 0.034230 -0.144937
0.868948 -0.085547 0.432440 0.018755 -0.630519
-0.456447 -0.178565 0.014132 -0.467691 0.059384
1.113087 -0.155632 0.169200 -0.742309 -0.620273
-0.276392 -0.164735 -0.279974 -0.468096 -0.534967
-0.361432 -0.561229 -0.365576 -0.378592 0.037972
0.879740 -0.453110 -0.049607 -0.559164 -0.353321
0.519873 0.270601 0.333450 -1.107770 -0.619320
0.690065 -0.416499 0.113533 -1.666387 -0.157163
0.374085 -0.155552 0.560215 -0.969104 0.064964
-0.069713 -0.216963 0.522318 -0.996588 0.041525
0.198193 -0.767783 0.039723 -0.310380 -0.451819
0.847102 -0.464479 -0.447546 -0.293983 -0.916627
0.081496 -0.105102 -0.089697 -0.294976 -0.429421
0.057329 0.217918 0.722400 -0.908596 0.558684
0.495995 -0.071271 0.429991 -0.995988 -0.637988
0.335316 -0.833986 -0.159809 -0.005174 -0.551643
-0.095750 -0.768732 0.186265 -0.130594 0.018316
0.061946 -0.285083 0.276309 -1.029211 -0.084720
-0.168337 -0.361554 0.416449 -0.829109 0.295334
0.453943 0.091054 0.582128 -0.299520 -0.190306
-0.674839 -0.766563 0.464867 0.433158 -0.591663
0.964050 0.006004 0.829175 -0.892674 0.271574
0.977204 -0.778952 0.897319 0.326286 -0.215804
-0.217238 -0.292845 0.608336 -1.091682 -0.556605
-0.252820 -0.054589 0.500190 -0.407577 -0.065953
-0.064548 0.072570 0.190516 0.376876 -0.821323
0.795503 0.008288 0.541985 -0.632867 -0.774307
-0.666571 -0.441260 0.818615 0.083060 -1.103555
-0.201360 -0.278018 0.113980 -1.034564 -0.326049
-0.067230 -0.285981 0.492638 -1.099944 0.420069
0.353593 -0.078072 0.717214 -1.291360 0.237414
0.396923 -0.186445 0.722091 -1.323317 0.292046
0.126189 -0.345794 0.426788 -1.445380 0.242427
0.612742 -0.621486 0.640116 -1.135152 -0.068926
-0.335923 0.054170 0.607642 0.900046 -0.631940
-0.132760 -0.018346 0.768725 -0.542338 -1.023245
-0.204955 -0.577019 0.795336 -0.906239 -0.315322
-0.047585 -0.649544 0.308009 -0.732231 -0.085546
0.019405 -0.656240 1.229330 -0.267236 -0.758260
-1.251218 -0.021352 0.226930 -0.412838 -0.485193
0.124478 -0.792935 0.169836 -1.085583 0.118825
-0.092686 -0.196763 0.652241 -0.694976 -0.114904
1.065650 -0.521867 -0.026871 -0.687811 -0.613307
-0.110194 -0.106020 0.613270 0.229545 -0.306661
0.194603 0.230313 0.324438 0.056899 -0.184586
-0.764441 -0.737209 1.021468 -0.598433 -0.353251
0.134467 -0.300644 0.952273 -0.132561 -0.476378
-0.342780 -0.261225 0.788284 -0.481718 -1.155589
1.159641 -0.970134 0.202300 -0.986413 -0.323945
0.669438 -0.836182 0.352446 -0.149304 -0.633648
0.374747 -0.998276 0.444187 -0.072510 -0.243211
0.167394 -0.045524 1.028331 -0.054492 0.273162
-0.685328 -0.534735 0.349965 -0.405594 -0.681698
0.322551 0.363905 1.063897 -0.222334 0.440590
-0.158229 -1.323756 -0.246079 -1.223944 0.112624
0.106504 -0.186053 0.346339 -0.470575 -0.140130
-0.071118 -0.410794 0.560235 -0.044972 0.518599
0.680838 -1.308201 0.560995 -0.686748 -0.116115
-1.152401 0.753760 0.913843 -0.983606 0.092464
0.502488 -0.579223 0.695163 -0.369330 0.091594
-0.011673 -0.546238 0.817567 -0.639939 -0.407644
0.146379 -0.902388 0.441003 -0.413114 -0.459205
0.175150 -0.049344 0.136115 -0.883717 -0.671271
-0.650767 0.038990 0.797383 -0.082558 0.014215
-0.456764 -0.026820 0.278573 0.170785 -0.742656
0.007267 -0.006950 0.780801 -0.706644 -0.106910
-0.537049 0.232688 0.337736 0.142828 -1.435567
-0.734508 -0.306572 -0.273270 -0.192146 0.178581
0.861293 -0.066377 1.000841 -0.818320 -0.797136
0.394571 0.289017 0.338528 -0.352859 -0.274485
-0.146502 -0.186002 0.783497 -0.878879 -0.558695
-0.258752 -0.114355 0.294522 -0.805222 -0.285869
0.320398 -0.500237 0.566057 -0.585676 -0.665329
0.085687 0.131857 0.651364 -1.316371 0.293839
-0.447651 -0.122611 0.641761 -1.365730 -0.048628
-0.008474 -0.171284 0.201083 -0.341218 -0.664311
0.050249 -1.063810 0.031462 -0.909556 0.149058
0.326088 -1.156668 -0.039623 -0.943871 -0.263960
0.352230 -0.908637 -0.191092 -0.969590 -0.380317
0.244111 -0.904279 -0.228458 -0.974681 -0.384665
0.079798 -0.536745 0.201932 -0.982667 -0.662695
0.371487 -0.990862 -0.145841 -0.864659 -0.481415
0.210935 -0.140864 -0.784250 -0.799023 -0.678872
0.275748 -0.683820 -0.079136 -0.707775 -0.405703
0.391195 -1.075353 0.327599 -0.934564 0.210776
0.507467 -1.057040 0.010342 -0.983741 0.279085
0.543438 -0.943189 0.060777 -1.074951 0.248694
0.533661 -0.891646 -0.033818 -1.047310 0.161112
0.379140 -1.139052 0.168585 -0.949774 0.125923
0.444838 -1.167936 0.145770 -1.046538 0.185033
0.008548 -0.242756 -0.199160 -0.631661 -0.645274
0.283784 -0.801336 -0.075277 -0.916695 -0.546918
0.661822 -0.557842 -0.104017 -1.215930 -0.521612
0.289510 -0.750711 -0.380747 -0.860106 -0.187079
0.457485 -0.992994 -0.175790 -1.166890 -0.420691
0.278332 -0.661140 -0.370892 -1.001361 -0.450602
0.390052 -0.617285 -0.608931 -1.032631 -0.349462
-0.111914 -0.127234 -0.388870 -0.989196 -0.586096
0.388369 -0.789754 -0.131675 -1.125473 -0.295626
0.363342 -1.025446 -0.244739 -0.971793 -0.243641
0.337610 -0.797610 -0.417203 -1.018462 -0.335627
