-0.238293 -0.818954 0.194329 0.044795 -0.549919
0.210205 -0.178242 -0.118020 -0.506205 -0.360686
0.055387 -0.142406 0.544367 0.164058 -0.486501
0.229900 -0.242078 0.318465 0.067352 -0.585953
0.026334 0.222949 0.894982 -0.189841 -0.135375
-0.827328 0.331698 1.071718 -0.135575 -0.103480
-0.039247 -1.028668 0.613793 0.166465 0.046935
0.478802 -0.093240 0.345763 -0.665810 -0.659381
-0.679028 0.010150 0.995556 0.498099 -0.659808
0.473897 -0.610384 0.941669 -0.034505 0.230762
0.098870 0.129221 0.468283 -0.573272 -0.246615
0.734013 -0.720869 0.025430 -0.795668 -0.770184
-0.260511 0.038914 1.162352 -0.416501 0.490255
-0.695873 -0.526604 1.351330 -0.458400 -0.583942
-0.292762 -0.359497 1.005740 -0.806547 -0.372877
0.131619 0.330927 0.430891 -0.331412 -0.946605
0.325782 -0.674930 0.735710 -0.165757 -0.280339
0.209378 -0.743128 0.639571 -0.609787 -0.060457
0.177413 -0.542473 0.650135 -0.410949 -0.147814
0.478598 -0.653755 0.927096 -0.269887 -0.589749
0.237791 -0.314419 0.333951 -0.696095 -0.044808
0.204118 -0.145668 0.824902 -0.317135 -0.289832
-0.084859 -0.543513 0.787756 -1.089489 -0.781778
0.430902 -0.423040 0.334325 0.004046 -0.672597
0.672369 -0.468124 0.369489 -0.747101 -0.182969
0.204632 -0.374448 0.307587 -0.142415 -0.639221
0.684389 -0.760536 0.359720 -0.389901 0.395675
0.424741 -0.576755 0.066218 -1.118473 -0.073767
0.109833 -1.325107 0.010513 -0.297687 0.340755
0.766471 -0.384578 0.273869 -1.015369 0.077849
-0.315791 -0.257015 0.806664 -0.579197 -0.471512
0.035607 -0.259358 0.528694 -1.290004 0.085543
0.382024 -0.446461 0.412944 -0.750391 -0.646046
0.701703 -0.567353 0.597086 -0.908728 -0.482051
-0.465338 -0.371807 0.915682 -0.224638 -1.481197
0.957047 -0.473718 0.580244 -0.886245 -0.077908
1.292096 -0.204991 0.663519 -0.462626 -1.089580
-0.479389 -0.044728 0.758027 -0.539924 -0.491656
-0.111582 0.127052 0.117688 -0.587539 -0.346757
0.358755 -0.354018 0.778962 -0.478837 -0.318331
-0.100105 -0.740199 0.030681 -0.427686 -0.806342
-0.180652 -0.894681 0.244891 -0.318436 -0.492544
0.241534 -0.439456 0.326931 -0.696629 -0.102471
0.385749 -0.778333 0.488335 -0.097347 -0.545855
-0.136381 -0.207759 0.807415 -0.443593 0.081802
0.111989 -0.574341 0.983101 -1.244931 -0.152563
0.332923 -0.526256 -0.088584 0.024947 -1.559296
-0.041525 -0.645189 -0.029106 -0.271614 -0.441666
-0.287337 -0.446890 0.080568 0.216794 -0.093975
-0.041910 -0.247364 0.136017 -0.857899 -0.467277
-0.011802 -0.175013 0.650216 -1.197390 0.423294
-0.095754 -0.438227 0.026954 0.145261 0.346848
-0.433756 -0.810520 0.414524 -0.360509 -0.266831
0.543544 0.246686 0.627758 0.225173 -0.146767
-0.732553 -0.275576 0.852385 -0.118091 0.060977
0.781725 -0.603270 0.630419 -1.163080 0.113201
-0.080718 -0.054245 0.802882 -0.078047 -0.150726
0.214405 -0.701545 0.378432 0.034555 -0.338040
0.075703 -0.687919 0.071634 -0.577582 -0.695650
0.219865 0.573143 0.415456 -0.632809 -0.795082
-0.579834 0.112907 1.313915 -0.264960 0.422545
-0.663712 0.148952 0.434410 -0.342529 -0.700725
0.079686 -0.120292 0.147455 -0.476719 -0.808764
-0.178594 -0.341316 0.592328 -0.200313 -0.440615
-0.426220 0.503366 0.262986 -0.338168 -0.619955
0.635612 -0.303237 0.611390 -0.196502 -0.215597
0.200025 0.276811 0.698175 0.090865 -0.130929
0.630240 -0.104048 1.020865 -0.278253 -0.182192
0.807905 0.277660 0.821155 0.017411 -0.636232
-0.192890 -0.925585 0.145698 -0.098279 0.009401
0.093539 -0.333381 0.238212 -0.832756 -0.666444
0.166643 -0.513142 0.118428 -0.829873 -0.558073
0.132315 0.019495 0.698613 -0.530556 -0.182072
0.531982 -0.086003 -0.187408 -0.886361 -0.363829
0.144351 -0.378161 0.543809 -0.251066 -1.087499
-0.183028 0.214912 0.626145 -0.805842 0.012297
-0.593391 -0.531355 0.081240 -0.090351 -0.339289
0.374911 -0.567735 0.743447 -1.032302 -0.450856
0.218147 -0.529439 0.408971 0.106803 0.107914
0.489593 0.085765 0.529400 -0.252963 -0.767694
0.071513 0.066668 -0.158355 0.460533 -0.241402
0.135180 0.050867 0.533496 -0.062140 -0.693884
0.379158 -0.117964 0.624303 -0.654432 0.260824
0.224620 -0.291587 0.777155 -1.186669 0.156652
-0.378704 -0.448687 0.624571 -0.089914 -0.315583
0.061829 -0.716920 0.352373 0.326737 0.188580
-0.050607 -0.436355 0.069001 -0.528039 0.161785
0.972995 -0.871479 0.521161 -0.889976 -0.444008
-0.417922 -0.266214 0.296974 0.123600 0.442442
0.121517 -0.689367 0.482463 -0.407284 -0.572686
0.021667 -0.416416 0.499345 -0.537255 -0.582757
-0.489619 -0.488080 0.100636 -0.190903 0.673769
0.072405 -0.467912 0.783710 -1.121279 -0.177835
-0.516079 -0.127538 0.763755 -0.672485 -0.106409
0.453959 -0.415845 0.644571 0.153980 0.088274
-0.195215 -0.183827 0.372800 0.080467 -0.947266
0.001211 0.526173 -0.124658 -0.135673 -0.444042
0.779475 0.009079 0.957019 -0.458972 -0.449368
-0.166734 -0.586866 1.272554 -0.547445 -0.519105
0.482425 -0.175007 0.773168 -0.098785 0.162952
0.191292 -0.057234 0.175982 0.263869 -0.040209
-0.029212 -0.498179 0.190286 0.433510 -0.036410
-0.448418 -0.140275 0.374611 0.102139 -0.162377
-0.542058 -0.615522 0.455637 0.057196 -0.338461
0.138353 -0.684483 0.758058 -0.006851 0.361511
0.415479 -0.129807 1.028600 0.368341 -0.058070
-0.328703 -0.134135 0.482989 -0.459384 -0.457272
0.138366 -1.018350 0.140172 -0.369515 -0.073065
-0.052787 0.833607 0.599662 0.592627 -0.799277
0.006758 0.162952 0.515789 0.801634 -1.142124
0.302021 -0.600736 0.383839 0.041795 -0.419647
0.098312 -0.139787 -0.131281 -0.183259 0.083125
0.191270 -0.063845 0.410540 -0.440416 -0.175614
-0.092015 -0.497077 0.545819 -0.311393 0.642895
0.148429 -0.683292 0.484040 -0.185505 0.341265
0.145344 -0.619924 0.594026 0.293917 -0.498836
-0.754158 0.316648 0.472117 -0.321261 -0.261925
0.117084 -0.178817 0.020844 0.095745 -0.675489
-0.316047 -0.481747 -0.344723 -0.298246 0.526666
0.350932 -0.391141 0.237950 -0.173943 -1.393497
-0.161641 -1.242441 0.291914 -0.386687 0.207916
-0.464397 -1.308041 0.620426 0.028834 -0.277207
0.392668 -0.906566 0.579653 -0.855674 0.101031
0.849443 -0.321552 0.562160 -0.790131 -0.747095
-0.533374 -0.108333 0.752840 0.148578 -0.257875
0.575151 0.150324 0.773163 0.357733 -0.879566
-0.164041 -0.233800 0.807222 0.393540 -0.070612
0.350502 -0.877938 -0.146866 -0.884038 -0.352258
0.360529 -1.059173 -0.166574 -0.901349 -0.515607
0.191483 -0.476874 -0.895249 -0.793482 -0.328630
0.206376 -0.909196 -0.383075 -0.238673 -0.562083
-0.158577 -1.370487 -0.270736 -0.237043 -0.001261
0.480873 -0.770640 -0.318336 -1.109138 -0.254413
0.059633 -1.085557 0.065138 -0.516998 -0.253117
-0.112605 0.350568 1.133126 -0.820968 -0.280101
0.151578 -0.919414 0.222212 -1.112991 0.177470
0.087636 -0.903515 0.015945 -0.568030 -0.537046
0.386299 -0.787984 -0.134843 -0.939201 -0.500906
0.347657 -0.754139 -0.431062 -0.872502 -0.402504
0.379014 -1.018293 -0.194620 -0.782471 -0.402653
0.486018 -0.697640 -0.523388 -0.979062 -0.418438
0.237916 -0.544498 -0.904046 -0.932716 -0.209139
0.644434 -1.040997 -0.117370 -1.074002 0.047019
0.259503 -0.605050 -0.566784 -0.807345 -0.476353
0.130598 -0.231714 -0.644842 -0.754799 -0.136224
0.513375 -0.340223 0.159386 -0.564825 -0.136792
-0.123806 -0.639556 -0.076227 -0.962983 -0.671171
0.346602 -0.748721 -0.371923 -0.901602 -0.290356
-0.110496 -0.713770 -0.422939 -0.876601 -0.548193
0.352650 -0.843012 -0.214061 -0.988991 -0.239568
0.344277 -0.952753 -0.133486 -0.914200 -0.372371
0.285712 -0.922495 -0.244408 -1.000344 -0.242254
0.791898 -0.324200 0.169960 -0.253077 -0.971806
0.188134 -0.521357 -0.106782 -1.030461 -0.206901
0.265055 -0.889999 -0.212660 -1.107410 -0.047110
0.350405 -0.949150 -0.319136 -0.836727 -0.166151
0.343589 -1.274032 0.126175 -0.877118 -0.256553
0.440219 -1.150436 -0.123535 -0.980496 -0.156352
0.245113 -0.740512 -0.525901 -0.862082 -0.362790
0.183312 -0.562646 -0.299467 -0.832552 -0.662625
-0.133508 -0.476818 -0.334632 -0.870638 -0.262942
0.363869 -0.925233 -0.109466 -1.142848 -0.572820
0.465571 -1.030589 -0.106894 -1.012913 -0.159296
0.264781 -0.668121 -0.453899 -0.984674 -0.312759
0.350916 -0.972506 -0.094057 -1.037488 -0.215247
0.163104 0.065109 -0.326530 -0.425880 -0.956430
0.714164 -0.446708 -0.112461 -1.469419 -0.710718
0.975654 -0.116075 0.055780 -1.245401 -0.178143
