-0.770815 0.394434 0.118334 0.033101 -0.886382
-0.977894 0.141872 0.658191 -1.023243 -1.024137
0.378484 -0.681744 0.311054 -0.297966 -0.266751
-0.004940 -0.707310 0.433286 -0.315423 -0.145512
0.566070 -0.486719 0.469741 -0.452064 -0.349100
1.013753 -0.314344 0.177689 -0.798279 -0.287752
0.342815 -0.155889 -0.390083 0.208490 -0.601468
0.987328 -0.235282 0.168748 0.150335 0.313538
0.183703 -0.873638 0.454181 0.071750 -0.738110
0.398757 -0.575021 0.795671 -0.882498 -0.445936
0.521651 -0.596001 0.659441 -0.271993 0.012596
0.415655 -0.299944 0.489271 0.157396 -0.509321
0.248461 -0.871360 1.110006 -0.056047 -0.118837
-0.134570 -0.327135 0.680901 0.191268 -0.437400
-0.379391 0.265828 0.379225 0.280251 -0.274874
-0.417806 -0.988904 -0.025927 -0.436075 0.197936
-0.177569 -0.556422 0.697777 -0.706779 -0.290295
0.918535 -0.726878 -0.032069 -0.609349 0.490980
0.767573 -0.403789 0.638684 -1.130233 -0.110018
0.315083 -0.333547 -0.068267 -0.620275 -0.159798
1.114673 -0.813292 0.839972 -0.231658 -0.835132
0.241722 -0.476826 0.355268 -0.314706 -0.290860
-0.845562 -0.656520 0.847574 -0.618429 -0.344694
0.029141 -0.648944 0.984741 -0.561736 -0.319693
-0.231529 0.235945 1.253375 -0.900213 0.122349
0.658058 -0.330816 0.641679 0.086380 -0.405314
-0.244073 -0.502921 0.273364 -0.306832 0.432648
0.343918 -0.002748 -0.488603 -0.063473 0.279411
0.521753 -0.040150 0.435683 -1.478001 0.089111
1.078990 -0.382310 0.838047 -0.141086 -0.196589
0.412567 -0.457433 0.719055 -0.136446 -0.791563
-0.180826 -0.058739 0.010561 -0.436845 -0.833441
0.783016 -0.617915 0.145127 0.015784 0.273606
0.197746 -0.600050 0.386149 -1.066349 -0.543253
-0.016679 0.225833 0.358333 -0.734863 0.054805
0.799916 -0.677843 0.599987 -0.869508 -0.327465
0.646736 -0.178425 0.870824 -1.033933 -0.110165
-0.341610 0.633161 0.813526 -1.234376 -0.000877
-0.265028 -0.477089 0.791074 -0.355972 -0.156492
0.607750 -0.501241 0.163014 -0.839729 -0.264688
-0.002778 -0.589929 1.061639 -0.141712 -0.244522
0.059980 -0.197773 -0.056134 -0.987956 -0.188234
0.533312 -1.512197 0.036863 -0.503028 -0.085154
0.333183 -0.462253 0.589532 -0.550014 -0.591631
0.263643 -0.098647 0.614715 -0.364371 -0.094046
-0.047792 0.105625 0.257399 -1.147954 -0.328822
0.034102 -0.484775 0.840582 -0.654361 -0.412096
0.505955 -1.093156 0.445035 -1.020957 -0.637385
0.777415 -0.523687 0.705693 -0.652313 -0.115659
0.455431 -0.487474 0.957148 -0.760261 -0.440103
1.187498 -0.643367 0.675291 0.093231 -0.641383
-0.034182 -0.340868 0.818591 -0.271641 -0.301412
0.578543 -0.999084 0.224625 -0.521839 -0.715779
0.621048 -0.488791 0.473225 0.007269 -0.256162
-0.154063 -0.427414 0.428511 -0.941320 -0.374371
-0.081187 0.267377 0.611766 0.376486 -0.277368
0.172962 -0.105871 0.793756 -1.101816 -0.289548
-0.008824 -0.774256 0.581994 -0.197935 -0.375561
-0.508305 -0.174225 0.795898 -1.173315 -0.363303
-0.336117 0.226456 0.783790 -0.473685 -0.480937
-0.038939 -0.206357 0.413272 0.089894 -1.215329
0.179055 -0.345739 0.104341 -0.521419 -0.745440
0.144264 -0.441922 0.035872 -0.952190 -0.714582
-0.834463 -0.785297 0.266424 0.424764 -0.863513
0.213106 -0.359513 0.243317 -0.857326 -0.822297
-0.044390 -0.106594 0.869458 -0.953779 0.243330
-0.593660 -0.911607 0.063229 -0.330794 0.253082
0.044840 -0.634429 -0.284040 -0.339023 -0.071555
0.208582 -0.947146 0.222728 -0.422285 0.267010
0.319592 -0.452873 0.606019 -0.552727 0.073117
0.095007 -0.427104 0.290056 -0.264676 -0.324805
0.481733 -0.714945 -0.014775 -0.654705 0.382241
0.671977 -0.631528 0.542277 -0.609583 -0.014649
0.061946 -0.321642 0.739496 -0.124331 -0.016362
0.166877 -0.248395 0.804872 -0.316978 0.145285
0.239241 -0.092975 0.900499 -0.013322 0.053512
0.635650 -0.755312 0.632176 -0.902740 -0.317033
0.404443 -0.541618 0.446006 -0.460212 -0.131258
0.590441 -0.247724 -0.016495 -0.744911 -0.387377
0.279431 -0.289135 0.326451 -0.231661 0.084131
0.269071 -0.841935 -0.132404 -0.768910 0.604570
-0.127030 -0.292337 0.499405 -0.351375 0.152626
-0.875094 0.055825 1.029431 -0.954502 -0.705281
0.340817 -0.730853 0.269591 -0.866224 0.553608
-0.109582 -0.954599 -0.173204 -0.730510 0.363614
0.320335 -0.521912 -0.223300 -0.383044 0.293571
-0.117921 -0.263806 0.558799 -0.866269 0.134822
-0.710541 -0.383626 0.366677 -0.336663 0.756136
0.161926 -0.370248 0.498855 -0.496708 0.477655
0.366755 -0.521193 0.614679 -0.259965 0.183815
0.259288 -0.675009 0.041416 -0.045995 0.340719
-0.028134 -0.538104 0.132062 -0.444925 0.981501
-0.198739 -0.465554 0.032295 -0.571737 0.722761
0.031146 -0.436389 0.243336 0.054352 0.713863
0.354477 -0.910286 -0.129016 -0.520530 0.493840
0.215299 -0.063226 0.539305 -0.922467 -0.473969
-1.085729 -0.352739 0.173108 0.397433 -0.864405
0.342315 -0.465622 -0.020357 -0.497593 0.508456
0.586930 -0.723620 0.134284 -0.600362 0.022371
-0.229166 -0.578188 0.846897 0.509644 -0.489448
-0.392786 0.220955 1.527124 -0.006136 -0.202544
0.445941 -0.364482 0.259687 -0.505552 -0.119377
-0.355406 -0.474088 0.180205 -0.141178 -0.647668
-0.772596 -0.340228 0.932650 -0.140328 -0.598365
1.163090 0.680735 0.448062 0.184553 -0.118530
-0.483640 -0.111411 1.379896 0.184219 -1.192830
-0.142223 0.353003 0.802525 -0.563840 -0.777655
0.043996 -0.987427 0.477309 -0.572374 -0.329367
-0.219974 0.347268 0.957051 -0.567682 0.184309
-0.315310 -0.407357 0.721414 -0.074925 -0.414800
-0.279760 0.144962 0.475962 -0.059471 -0.939770
0.304219 0.116669 0.570751 0.015026 -0.562447
0.462233 0.140530 1.123905 0.008563 -0.375945
0.240040 0.034993 -0.272970 0.129065 -0.412069
0.964679 -0.469421 -0.279767 -0.269518 0.197394
0.150511 -0.039382 0.585954 0.222108 -0.495774
0.160569 -1.058399 0.571439 -0.360552 -0.104663
-0.361897 -0.791034 1.068063 0.173688 0.153354
0.661136 -1.240009 0.406911 -0.317860 -0.313484
0.176593 0.246645 0.527839 0.088657 0.352453
-1.252788 -0.538195 0.670370 0.121981 -0.590617
-0.943332 -0.358640 0.445112 -0.054891 -0.151106
-0.758226 0.153779 0.559576 -0.149569 -0.910247
-0.814729 -0.796987 0.389688 -0.487971 -0.240882
0.132153 -0.333339 0.360332 -0.811225 -0.279834
0.302326 0.023525 0.500817 -0.077390 -0.141464
0.430988 0.073033 -0.021528 -0.347940 -0.716690
-0.611633 0.452040 0.687825 -0.813534 -0.483533
0.023587 -0.001909 0.129860 0.191990 -0.308835
0.228426 -0.630746 0.636915 -0.740056 -0.279700
-0.279703 -0.700139 0.770766 0.415768 -0.268372
0.113694 0.543999 0.515303 0.555513 -0.544021
0.285213 0.157665 0.111129 0.025412 -0.378128
0.259185 0.015402 0.896152 -0.289221 -0.845031
0.480368 0.115428 0.448887 -0.169981 -0.491688
0.212042 -0.238137 0.109903 0.422094 -0.308394
-0.742429 -0.438196 -0.112921 0.374022 -0.550430
0.050957 -0.004760 0.600970 -0.004051 -1.056717
-0.171620 -0.580084 0.905258 -0.352657 -0.691100
0.046946 0.009631 0.425270 -0.669755 -0.405556
0.610306 0.714578 0.408964 0.562967 -0.303922
-0.002778 -0.589929 1.061639 -0.141712 -0.244522
-0.451855 -0.474410 0.222727 -0.722668 0.062477
0.490680 -0.108372 0.408746 0.069077 -0.029360
-0.096640 -0.681176 0.181412 -0.102173 -0.514975
0.180076 -0.618133 -0.416016 0.206897 -0.614379
0.029446 0.118703 0.701720 0.137968 -0.750526
0.416125 -0.424467 0.767192 -0.458086 -0.178401
-0.383307 -0.524591 0.355350 -0.899391 -0.755746
0.612162 0.127397 0.541307 0.263752 -1.379011
0.125118 -0.722228 0.475532 -0.720620 -0.514105
-0.303733 0.652588 0.480397 0.637860 -0.701040
-0.796580 -0.702085 0.809567 -0.115996 -0.372919
0.657148 0.550621 -0.154406 0.331600 -0.476121
0.020371 -0.551277 0.245768 -0.446276 -0.465236
-0.662880 -0.351777 0.492046 0.238196 -0.411271
0.031817 0.031001 0.453228 -0.392453 -0.332549
0.490014 -0.413468 0.286314 -0.342609 -0.149465
0.173135 0.356795 0.865600 0.124347 -0.533477
-0.569053 -0.504835 0.055578 -0.140596 -0.123275
0.225642 -0.084809 0.980179 0.376033 -0.565647
-0.817315 -1.062925 0.476870 -0.392997 0.429568
0.301348 -0.715880 0.384586 -0.548917 0.065160
0.262186 -1.057058 0.353869 -0.349609 0.183576
-0.056868 -0.611438 0.123437 -0.080418 0.060704
0.433409 -0.880869 0.203648 -1.158866 -0.094729
0.134919 -0.275780 0.750300 -0.522347 -0.287780
0.779206 -0.625152 0.646427 -0.360134 0.393952
-0.476531 -0.662607 0.306558 0.248590 0.288648
0.720455 -0.738513 0.832146 -0.494406 -0.024365
-0.049922 -1.227155 0.800387 -0.287746 0.336621
0.020424 -0.751993 0.137716 -0.321056 0.584501
-0.471896 -0.594383 0.549716 -0.124252 0.641354
-0.325456 -0.848539 0.600262 -0.045991 0.365599
-1.608753 0.354814 1.325995 -0.364319 -0.374417
-1.248077 0.241867 0.962046 -0.320544 -0.167028
-1.215717 -0.228725 0.960767 -0.248360 -0.304076
0.087890 -0.432305 -0.070925 -0.379922 0.138415
-1.232005 0.021562 0.355678 -0.527598 -0.185329
-0.239327 -0.203744 1.122313 -0.081138 -0.219547
-0.529292 -0.587715 0.150970 -0.079692 0.813831
-0.674999 -0.940072 0.160528 0.081050 0.672588
0.057069 -0.578421 0.214889 -0.270318 0.413177
-0.447632 -0.541049 0.895068 0.233753 0.129556
-0.853991 0.054123 1.310485 0.324083 -0.418454
0.013786 -0.570934 -0.055990 -0.235776 -0.080895
-0.655544 -0.896735 -0.254454 -0.042000 0.613691
-0.701374 -0.838547 -0.071511 -0.106966 0.430853
0.544040 0.048886 0.633897 -0.095817 -1.098905
-0.012840 0.371522 -0.062419 -0.134271 -0.156073
-0.402802 -0.379370 0.377438 -0.731697 -0.313217
-0.012832 -0.118777 1.018618 -0.222956 -0.178368
0.014304 -0.127558 0.176079 -0.460728 -0.395822
-0.518650 -0.252452 0.221976 0.180458 -0.621685
-0.597095 -0.385893 0.338506 -0.189032 -0.435449
0.264403 -0.438269 0.482575 -0.893518 0.329193
-0.156190 -0.160467 0.075789 0.064145 -0.313069
0.163976 0.808738 0.721510 -0.862406 -1.147968
0.577754 -0.764755 0.443638 -0.529342 -0.525571
0.866932 -0.508730 0.768846 -0.426539 -0.768104
0.834857 0.023916 0.507805 -0.370141 -0.048893
-0.131352 -0.404510 0.568133 -0.881191 -0.685099
0.053949 -0.747994 0.639903 -0.641686 -0.482739
0.045451 -0.349455 0.619071 -1.409201 0.450545
0.167527 -1.082052 0.291244 0.044094 -0.779615
0.202768 -0.313345 0.587139 -0.777563 -0.113239
0.868006 -0.650470 -0.151249 -1.033331 -0.723837
-0.047290 0.224671 -0.121948 -0.159759 -0.606991
-0.357378 -0.155505 0.648990 0.112743 -0.797463
-0.174067 -0.425399 0.254970 -0.672174 -0.476385
0.572897 -0.023020 0.712742 -1.158620 -0.482334
-0.508305 -0.174225 0.795898 -1.173315 -0.363303
-0.885010 -0.146421 0.218987 -0.752624 -1.106352
0.156185 0.102386 0.709676 -0.824742 -0.016920
0.632697 0.384377 0.549088 -0.226336 0.284933
-0.292279 -0.225690 -0.453331 0.165212 -0.247410
0.382670 -0.839020 0.207033 -0.421903 -0.167775
0.196712 -0.074534 -0.042083 0.217498 0.258484
-0.042159 -0.803928 0.744584 -0.380425 -0.027644
0.436346 -0.487545 0.694427 -0.844289 0.349247
0.166877 -0.248395 0.804872 -0.316978 0.145285
-1.119564 -0.099534 1.364691 -0.137628 -0.683006
-0.041989 -0.517868 0.324991 -0.458601 -0.304663
-1.117141 0.394250 1.612509 -0.078497 -0.706025
-0.680901 -0.418826 0.529603 -0.139509 0.447249
-0.353592 -0.094731 -0.073301 -0.140712 -0.794129
-0.166180 -0.487187 1.250226 0.002560 -0.214552
-0.827955 -0.333477 0.736162 0.081258 0.213700
-0.534023 -0.062361 1.324841 0.627455 -0.728137
0.028061 -0.000127 0.466278 -0.429253 -0.262764
-0.117938 -0.333358 0.380761 -0.225406 -0.250557
-0.469515 -0.432993 1.220574 -0.453994 -0.752054
-0.351393 -0.659762 0.262871 -0.524636 -0.736339
-0.631732 0.027195 0.902258 0.118434 -0.451761
-0.505396 -0.489638 0.648552 -0.246116 0.053001
0.261736 -0.747011 -0.615512 -0.332412 -0.177774
0.556262 -1.112166 0.194011 -1.154087 -0.374373
0.536075 -1.064719 -0.243308 -0.817197 -0.325537
0.343394 -0.917754 -0.157595 -0.926001 -0.105283
0.298677 -0.847426 -0.333807 -0.818696 -0.342990
0.506269 -1.087663 -0.024430 -1.043406 0.047373
-0.023715 -0.448274 -0.330259 -1.151466 -0.707666
0.216297 -0.610050 -0.066403 -0.930883 -0.697478
0.451015 -0.982110 -0.065039 -1.057575 -0.012867
0.456683 0.166583 0.086472 -0.687805 -0.133743
0.510528 -1.143572 -0.159423 -0.767783 -0.241926
-0.077257 -0.626020 -0.282553 -0.945762 -0.335876
0.405601 -0.863642 -0.371986 -0.947832 -0.291463
0.324848 -0.758204 -0.339046 -1.048359 -0.222994
0.460597 -0.394220 -0.907625 -0.615747 -0.388384
0.413805 -0.668512 -0.612297 -1.034817 -0.333048
0.357682 -0.317216 -0.651762 -1.007649 -0.643583
-0.100737 -0.920421 0.525423 -0.596815 -0.169671
0.444877 -0.391034 -0.627491 -1.041278 -0.429629
0.311322 -0.295523 -0.868003 -0.797602 -0.291257
0.426703 -0.940308 0.003011 -1.075143 -0.348337
0.436391 -0.595940 -0.290775 -0.969888 -0.319668
-0.352251 0.080561 0.854008 -0.856532 -0.174734
0.457279 -0.974530 -0.228127 -1.064545 0.007170
0.203725 -0.992232 -0.060898 -0.766768 -0.218672
