-0.578970 0.082763 0.620677 0.153644 -0.305151
1.049186 0.012616 0.991991 -0.128601 -0.059793
0.416458 -0.068502 0.498140 0.018690 -0.270552
-0.328853 -0.303141 0.396533 0.168194 0.232499
0.119418 0.172094 1.054609 -0.167120 -0.389611
-0.349960 -0.756785 -0.142103 0.246773 -0.524985
-0.469169 -0.674357 0.158899 0.272936 0.326732
-0.494856 0.327753 0.703522 -0.288352 -1.287326
-0.968738 -0.003922 0.816225 -0.066317 -0.788410
-0.092720 -0.683086 0.757621 -0.972122 -0.867334
-0.042533 -1.304918 0.541455 -0.076189 0.639340
-0.002415 -0.236945 -0.169698 0.172458 -0.256333
0.376702 -0.494653 0.521827 0.399468 -0.340530
-0.416437 -0.984544 -0.034134 -0.001519 0.152156
0.818028 -0.077585 -0.016638 0.102805 -0.088911
-0.306269 -0.647946 0.494191 0.324727 -0.684132
-0.513398 -0.712888 1.007471 -0.049857 -0.151738
0.596052 0.437719 0.905893 0.379364 -1.390549
-0.361723 -0.672034 0.700037 -0.463208 -0.973265
-0.307505 -0.639529 0.707156 -0.789600 0.089341
0.649292 -0.120654 0.663583 -0.041503 -0.993939
0.589614 -0.723202 0.183173 -0.217067 -0.283985
0.991886 -0.808796 0.749827 -0.688224 0.087863
-0.427598 -0.481372 0.964315 -0.309021 -0.399651
0.383180 -0.495065 0.375630 -0.957750 -0.454877
-0.470650 0.178843 -0.550325 0.535554 -0.316314
-0.153235 -0.048072 0.239896 -0.035772 0.200975
0.382828 0.240878 -0.595164 0.021989 0.074266
0.519214 -0.725984 0.575781 -0.324634 -0.311579
-0.216366 -0.036280 0.061734 -0.962299 -0.509214
0.396637 -0.422863 0.503937 -0.376826 -0.027415
0.260062 -0.245182 0.752724 -1.438507 -0.216926
0.005277 -0.799547 0.513075 0.021884 -0.222538
0.245534 0.646733 0.492145 0.098255 -0.435719
0.551813 -1.011971 0.151737 -0.492438 0.112488
0.607837 -0.364854 0.512534 -0.907660 -0.014419
-0.354637 -0.552739 0.625309 -1.116986 -0.385051
0.126516 -0.453298 0.059463 -0.416124 -0.023562
1.132307 -0.925532 0.340600 -0.861410 -0.529762
0.091158 -0.008783 0.080162 -0.193110 -0.115871
0.366521 -0.283202 0.019346 0.518022 -1.320802
0.669084 -0.174226 0.610483 -0.835736 0.786869
0.470010 -0.099811 0.550359 -0.263190 -0.894270
0.666610 -0.184625 -0.189908 -0.374525 -0.071083
0.184499 0.156184 -0.083260 0.267893 -0.284391
0.103290 0.868154 0.521114 -0.745091 -0.781799
0.329736 -0.575712 1.474010 -1.011892 -0.911135
0.144200 -0.147175 0.839144 -0.988924 -0.209976
-0.144910 -0.385914 0.957420 -0.371489 -0.207549
-0.634025 -0.258669 0.879265 -0.025595 -1.226159
-0.155720 -0.461647 0.217698 -1.102083 -0.132943
0.035135 -0.370246 0.457081 -0.727314 -0.290181
0.275827 -0.387387 0.358710 -0.099297 -0.793421
0.497416 -0.583357 0.735791 -0.777244 0.284710
-0.333193 -0.337716 0.807058 0.677993 -0.327083
0.449883 -0.115235 0.198609 0.044048 -0.574419
0.093019 -0.112402 -0.410579 0.089284 0.650408
0.393823 -0.507586 0.832330 -0.272199 -0.378082
0.800962 0.536268 0.459705 0.153866 -0.349796
-0.266953 -0.421034 0.153900 0.533025 -1.070035
0.456354 -0.380081 -0.023562 -0.883759 0.313971
0.070953 -0.112861 1.214219 -0.335752 -1.234215
0.333900 -0.143316 0.769279 -0.344013 -0.593942
0.416462 0.017021 0.119831 -0.085535 -0.151089
1.287841 -0.297134 0.371379 0.176720 -0.752053
0.169072 -0.297598 0.504938 -0.660843 -0.945788
-0.314549 -0.919553 0.363386 -0.001898 -0.421115
0.085936 -1.132830 0.583012 -0.626126 -0.124750
0.122464 -0.604054 0.748897 -0.210548 -0.545304
-0.235508 -0.387950 0.301267 -0.570152 -0.642093
0.259070 -0.892126 0.464275 -0.138729 -0.234788
0.581111 -0.285833 0.286181 -0.791750 -0.282286
-0.428028 -0.671243 0.112077 0.085698 -0.156222
-0.659375 -0.642243 0.053276 -0.596495 -0.002487
-0.708608 0.382102 1.061149 -0.244108 -0.082372
-0.851337 -0.179875 0.830263 -0.678668 -0.509107
-0.335393 -0.534121 1.237841 -0.275174 -0.657983
0.106973 0.202193 0.555605 -0.150809 -0.718852
-0.034188 -0.025031 0.873818 -0.049523 -0.026709
-0.962223 0.516766 0.972415 -0.118853 -0.674297
0.305011 0.440931 0.123818 0.026774 -0.470554
0.166314 -0.066009 0.977545 0.410283 -0.810651
-0.031461 0.017369 0.068402 -0.975254 0.239974
-0.225339 -0.664922 -0.141134 -0.041908 -0.530752
0.484779 -0.643997 0.681062 -0.710387 0.421631
-0.228602 0.016277 0.897782 0.106641 -0.868199
-0.231775 -0.497503 -0.031390 0.391057 -0.143744
-0.639973 -0.372816 -0.677466 0.544606 0.448132
0.778410 -0.741883 0.016399 -1.060532 -0.548932
-0.127520 -0.687806 1.314667 0.101064 -0.677730
-0.063346 0.091644 0.687723 0.378576 0.499869
0.248463 -0.048575 0.997454 -0.754630 -0.507240
0.366938 -0.512338 0.012416 -0.819516 -0.273398
-0.178923 0.174215 0.732516 -0.240855 -0.530386
0.688930 -0.286620 0.612737 -0.325357 -0.138379
-0.512786 -0.408620 0.920775 0.047481 -0.230122
-0.395335 -0.900984 -0.000640 -0.152998 -0.474415
0.234412 -0.870524 -0.227861 -1.028805 -0.224744
0.227456 -0.794707 -0.526338 -0.997247 -0.139880
0.313177 -0.788788 -0.183356 -1.017869 -0.350009
0.556990 -0.850574 -0.386057 -1.000011 -0.361415
0.456596 -0.760157 -0.122315 -1.202204 -0.417243
0.112862 -0.680161 -0.304203 -0.889587 -0.470187
0.260941 -0.961065 -0.361891 -1.155144 -0.211523
0.137789 -1.293014 -0.165220 -1.095834 0.116876
0.161575 -0.820007 -0.185944 -0.670051 -0.921661
0.373248 -0.999053 -0.362136 -0.965920 -0.006300
0.218895 -1.174733 -0.036760 -0.846196 -0.117631
0.331757 -0.469864 -0.324847 -0.936004 -0.341365
0.389216 -0.948183 -0.046566 -1.155559 -0.156235
0.576368 -0.513112 -0.199970 -1.079936 -0.567978
0.244050 -0.474076 -0.658337 -1.077049 -0.491509
0.746286 -1.107863 0.120497 -0.567457 -0.616067
0.140911 -0.787397 -0.329620 -1.067442 -0.059854
0.639704 -1.060132 -0.126761 -0.918357 -0.323440
0.285890 -0.891867 -0.260597 -0.943736 -0.889876
0.441883 -1.250791 0.007737 -0.908915 -0.128367
0.173213 -0.643039 -0.488824 -0.502979 -0.320170
0.329068 -0.867434 -0.260933 -1.089752 -0.245452
0.311389 -0.734736 -0.370544 -1.030764 0.120744
0.385673 -0.686725 -0.527135 -0.957987 -0.211362
0.159098 -0.583258 -0.425269 -0.989063 -0.037090
0.429056 -1.152706 -0.045779 -1.028670 -0.088809
0.472880 -1.052043 -0.184571 -0.823246 -0.146883
0.048178 -0.635331 -0.301382 -0.932000 -0.105834
0.424616 -1.114756 -0.050357 -0.919708 -0.092908
