-0.046997 -0.874145 0.393743 -0.519430 -0.081453
0.056068 0.626354 0.697790 0.589563 -1.023101
-0.322444 -1.081295 0.654116 -0.460288 -0.213462
-0.021119 -0.107704 0.225033 -0.887644 -1.078354
0.144670 -0.338666 0.552005 -0.259510 -0.498395
-0.403619 -0.847805 0.221948 -0.294797 0.385852
-0.763593 -0.595964 1.072873 0.230099 -0.661405
-0.129163 -0.027508 1.244400 0.487316 -0.328051
-0.092761 -0.438412 1.214182 0.228969 -0.387807
0.217495 -0.575697 0.603973 -0.121373 0.006038
0.455708 -0.580005 0.504727 0.467572 -0.288466
-0.677527 -0.951168 0.064763 0.118472 0.782107
0.547118 -1.014765 0.124936 -0.208934 -0.115229
0.632926 -0.441191 0.497923 -0.248947 -0.361747
-0.156107 -0.723616 0.932466 0.138678 0.500736
-0.730798 -0.568907 0.880073 -0.526388 -1.289814
-0.512178 -0.504622 0.773425 0.000391 -0.080404
-0.961742 -0.792387 1.131043 -0.105146 -0.397047
-0.328184 -0.413716 0.573547 -1.140542 -0.316911
0.896476 -0.925344 0.217556 -0.228342 -0.721534
0.947059 0.239007 0.327377 -0.507838 -0.242214
0.151793 0.425842 0.704753 -1.262574 -0.295740
-1.654949 -0.029225 1.138155 0.844268 -0.795283
0.891707 -0.361079 0.380380 -0.307960 -0.452568
0.525371 -0.902230 0.216178 -0.194016 0.093626
-0.178547 -0.106259 0.509524 -0.213058 0.225066
-0.385804 -0.187393 0.842829 -0.763089 0.296448
-0.459117 -0.167639 0.606666 -0.476374 0.060933
0.716186 -0.247772 0.153862 -0.534932 -0.883588
-0.275306 -0.154091 0.060820 -0.236282 -0.338737
0.830308 -1.086469 0.563060 -0.500524 0.277872
-0.420592 -0.487301 1.027531 0.158029 -0.851590
0.394788 -1.039152 0.752634 -0.217703 0.170447
0.020680 -0.249112 0.996557 0.293212 0.017645
-0.190416 0.110716 0.393081 0.446525 -0.748281
0.242344 -0.642076 0.661190 -0.759469 -0.828167
0.472994 -0.294002 0.551443 -0.404121 -0.160236
0.172009 0.097556 1.013280 -0.459411 -0.665509
-0.247322 -1.070627 0.911598 -0.358774 0.081296
-0.332718 -0.457486 0.792781 -0.350884 -0.178230
0.070684 -1.105103 0.613150 -0.718763 0.058244
1.035872 -0.632895 0.359203 -1.583406 -0.246798
-0.227326 -0.458878 0.744248 -0.758846 -0.687163
0.065439 -0.883834 0.515064 -0.147396 0.272598
0.604947 0.116849 0.908357 -0.397790 -0.310271
0.596611 -0.002042 1.095925 0.095679 0.249762
-0.275782 -0.742854 0.297295 -0.261676 -0.362427
-0.507147 -0.444276 1.060365 -0.152626 -0.271264
-0.003024 -0.101403 0.227584 -0.110895 -0.098761
-0.096152 -0.451228 0.463663 -0.286151 0.429874
0.556777 -0.153332 0.610732 -0.123211 -0.391593
-0.277038 -0.625853 0.133803 0.010081 0.262407
0.100502 -0.197017 -0.497344 -0.145323 0.113651
0.029593 -0.008424 0.087661 -0.206620 -0.708797
-0.124454 -0.002037 0.545416 -0.747836 -0.160190
0.025522 -0.729976 0.442348 -0.273099 -0.553635
0.014710 -0.096442 0.170449 -0.712071 -0.033728
-1.236596 0.869833 0.289611 0.292965 -0.050928
0.711523 -0.337358 -0.138376 -0.102473 -0.455488
0.417215 -0.002474 0.262041 0.247152 -0.727804
0.227415 -0.415741 -0.792416 -0.796839 -0.457864
0.129490 -1.277426 -0.032077 -0.731487 0.334241
0.042939 -0.370401 -0.201880 -0.480943 -0.568224
0.115036 -0.706880 -0.339039 -0.840832 -0.531457
0.458681 -1.122530 -0.175441 -0.954499 -0.191790
0.011099 -0.846408 -0.816506 -0.393480 -0.209871
0.479461 -0.931340 0.239843 -1.005122 -0.295537
-0.036761 -1.088757 0.540419 -0.932039 0.040124
0.575579 -1.519844 0.064895 -1.003550 -0.085421
0.266979 -0.609249 -0.252928 -1.042805 -0.457265
0.510965 -0.872572 0.005175 -1.075037 -0.283420
0.252560 -0.404713 -0.650904 -0.852239 -0.475593
0.180606 -0.112701 -0.176978 -0.928713 -0.220731
0.185837 -0.236790 -0.368230 -1.035770 -0.493350
0.674914 -0.821155 0.024956 -0.976809 0.227483
0.412314 -0.889545 -0.055116 -0.952791 -0.056865
0.298715 -0.896979 -0.148324 -0.974200 -0.126983
0.573403 -1.055925 -0.094742 -1.010290 -0.218372
0.358219 -0.989944 -0.062541 -1.051625 -0.160318
0.241842 -0.673418 -0.360138 -1.057788 -0.341306
0.352628 -0.343404 0.582060 -0.613124 -0.578132
0.273905 -0.521825 -0.499141 -1.010883 -0.364788
