0.158897 -0.465536 0.495829 -0.601076 -0.908449
0.008410 -0.684896 0.614345 -0.157676 -0.006450
0.698630 -0.374251 0.276376 -0.791835 -0.034886
-0.077718 -0.686409 0.872220 -0.112004 -0.068086
0.621073 -0.266776 0.531267 -0.328967 0.442360
0.512451 -0.714851 0.183916 -0.381481 0.070322
0.884614 -0.897072 0.600078 -0.393144 -0.262517
-0.025309 -0.471188 0.692607 -0.125202 -0.209721
-0.435683 0.037001 0.262627 -0.835784 -0.546550
0.272597 -0.411174 0.257748 0.104564 -0.275185
0.326429 -0.116074 0.444617 -0.768972 0.060669
0.300708 -0.419067 0.342745 -0.867800 -0.664505
0.526905 -0.540211 0.196054 -0.247163 0.412901
-0.062896 -1.162003 0.714157 -0.175391 -0.591323
0.604976 -0.943845 0.511686 -0.225885 0.338087
0.186423 -0.206376 0.240293 -1.053762 0.328298
-0.082455 -0.054015 0.654946 -1.331790 -0.255431
0.083576 -0.883963 -0.374771 -0.515241 -0.203643
-0.072773 -0.302157 0.942162 0.301143 -0.506342
0.499717 -0.378290 0.316892 0.092569 -0.086407
-0.950714 -0.214580 0.629378 -0.144009 0.123884
0.294554 -0.809344 0.373237 -1.019097 0.025701
0.693049 -0.411824 0.381013 -0.400554 -0.873469
-0.057795 -0.027075 0.858664 -0.010587 -0.714067
0.174612 0.269392 0.627217 -1.142651 -0.407153
0.881889 0.168986 0.900172 0.096581 0.090295
0.722342 -0.297760 -0.012157 -0.627912 -0.349780
-0.459876 -0.654677 0.136110 0.267768 -0.714104
0.341000 0.724660 0.628462 0.580211 -0.239758
0.662154 0.074466 0.815734 -0.758714 0.150791
0.639087 -0.018626 -0.251754 -0.442012 0.384103
-0.688533 -0.161189 0.631265 0.072100 0.089113
-0.025463 0.150003 0.285917 -0.789202 0.035053
0.257471 -0.723516 0.407518 -0.428878 -0.432277
0.745291 -0.509205 0.139370 -0.155789 -0.503519
0.174595 -0.605431 0.342572 -0.916066 -0.327328
-0.442151 0.090017 1.272788 -0.032971 -1.043351
0.465371 -0.598612 0.541708 -0.666281 -0.250783
0.466452 -0.540047 -0.154530 0.780161 -0.840805
-0.082907 -0.096372 0.552691 -0.846339 0.260477
0.349165 -0.452214 -0.317320 0.470084 -0.941204
-0.237971 -0.876854 0.829966 -0.282956 0.058190
0.431093 0.080120 1.119210 -0.066433 -0.454215
-0.293607 -0.472091 0.538132 0.709845 -0.143325
0.480325 -0.094869 0.650723 -0.029740 0.486642
0.383090 -0.064310 0.452969 -0.131886 0.374049
0.688754 0.179298 0.316111 0.593939 -0.674731
0.113041 0.529558 1.233803 -0.217346 0.166545
-0.003544 -0.494841 1.244552 0.260349 -0.070850
0.355516 -0.578822 0.008530 0.054997 -0.172565
0.433986 0.148465 1.408274 0.379712 -0.639491
0.492375 -0.124172 1.343889 0.736789 -0.211521
0.437267 0.136403 -0.144650 0.028528 0.010124
0.013427 -0.035734 0.849131 0.016084 -0.411124
-0.108365 -0.158308 1.188764 -0.255918 0.277818
0.245855 0.452208 0.212806 0.379135 -0.202747
-0.327338 -0.303503 0.570902 0.094987 -0.055835
-0.260802 -0.586269 0.033991 -0.102656 0.435596
-0.391648 0.339926 0.435332 0.144131 0.339978
-0.415802 -0.170494 0.654745 0.137766 -0.665924
0.136334 -0.690728 0.355015 -0.210665 -0.495741
-0.560572 -0.044141 0.082937 0.391006 -0.747722
0.410751 -0.195906 0.399280 0.051765 -0.726578
0.110044 0.376549 0.773016 0.807784 -0.171577
-0.286779 -0.173447 0.349470 -0.372754 -1.097176
-0.129654 -0.383766 0.970823 0.251190 0.177539
-0.733848 -0.447985 1.125174 0.043879 -0.672674
0.571857 -0.495923 0.523148 -0.378498 -0.751333
-0.500982 -0.699981 0.579656 -0.530014 -0.912957
0.166130 -0.300497 1.330612 0.334777 0.020063
0.621003 -0.313115 0.654643 -0.449635 -0.024800
-1.226927 -0.067678 0.453293 -0.541730 -0.240840
-0.623577 -0.276037 0.083703 -0.434932 -0.284631
-0.213862 -0.464133 0.338736 -0.189470 -1.115062
0.055214 -0.555234 0.479612 -0.582637 -1.152692
-0.214182 -0.573543 0.394729 -0.083355 -0.543235
-0.914509 -0.420474 0.021835 -0.423328 0.229559
-0.101869 0.974466 0.200921 0.913042 -0.468213
-0.213114 -0.179477 0.590849 -0.068163 -0.420246
-0.922563 -0.186073 0.366070 -0.308500 -0.111250
0.224575 -0.694566 0.414412 -0.456039 -0.844295
0.351834 -1.313384 0.550897 -0.632050 0.152927
-0.344329 -1.011232 0.236708 -0.453014 0.424764
0.160431 -0.154524 0.608447 0.384201 0.654899
0.230090 -0.072786 0.271147 -0.645497 -0.235313
-0.661063 0.148829 0.464423 0.295658 -0.536544
-0.086639 -0.036778 1.110859 0.417123 -0.560963
-0.104747 0.017643 0.907590 -0.519944 -0.063519
0.238811 -0.625901 0.332941 -0.367145 -0.197197
-0.614484 -0.478353 0.086028 -0.244946 -0.844319
-1.732849 -0.350640 0.452513 -0.934035 -0.086507
-0.167209 -0.627763 0.787617 0.222418 -0.091254
-0.291515 -0.909314 -0.033787 -0.002141 0.317134
-1.190384 0.136248 -0.002493 -0.169354 -0.464762
-0.057795 -0.027075 0.858664 -0.010587 -0.714067
0.338022 -0.503752 0.068744 -0.067781 -0.664259
-0.426377 0.561462 0.392871 -0.603734 -0.405377
-0.589055 -0.698100 0.975234 0.074210 0.102370
0.242952 0.187946 1.159350 -0.007833 -0.738058
0.233341 0.032327 0.301783 -0.001820 0.045059
0.381548 -0.878466 -0.035141 -1.038275 -0.127357
0.253055 -0.593344 -0.067754 -0.748534 -0.137256
0.016678 -0.375923 -0.243721 -1.170511 0.018574
0.633036 -1.132909 -0.168494 -0.984541 -0.206170
0.353988 -0.544226 -0.242195 -0.971072 -0.395577
0.184721 -0.882257 0.123666 -0.842754 0.191878
0.213789 -0.634055 -0.228613 -0.999952 -0.387998
0.563334 -1.031468 -0.180582 -0.977386 -0.282621
0.241706 -0.752774 -0.239713 -1.001050 -0.268144
0.339478 -0.947305 -0.171071 -1.010250 -0.313909
-0.062224 -0.905788 -0.640761 -0.797729 0.114690
0.264994 -0.639217 -0.280196 -1.051499 -0.217016
0.402649 -1.136638 -0.149586 -0.916285 -0.245885
0.466133 -1.076090 -0.131467 -0.812170 -0.371362
0.572150 -0.865807 -0.356586 -1.106600 -0.199394
0.430869 -1.102652 0.048990 -1.030560 -0.296331
0.464895 -1.021897 -0.053801 -1.113522 -0.207630
0.189934 -0.381620 -0.316708 -0.801020 -0.634931
0.690310 -1.047603 -0.338542 -1.001603 -0.331031
0.673345 -1.070147 -0.193501 -1.213346 -0.167743
0.447977 -1.226286 0.104566 -0.977243 -0.131534
0.126751 -0.668097 -0.702871 -0.856265 -0.069005
0.224589 -0.766279 -0.286147 -0.963565 -0.324936
0.377064 -0.697419 -0.106946 -1.102461 -0.339539
0.057880 -1.259454 -0.016414 -0.770011 0.010254
0.539562 -1.265047 -0.015796 -0.978599 -0.065590
0.320209 -0.796018 -0.244284 -0.959040 -0.324983
0.349795 -0.941751 -0.385705 -0.918505 -0.261898
0.507645 -0.722952 -0.028694 -1.204533 -0.392606
0.165303 -0.947534 -0.218230 -0.847884 -0.308081
0.219148 -0.584124 -0.612330 -1.008822 -0.688236
0.267999 -0.699681 -0.433624 -0.793147 -0.477705
0.182661 -0.723231 -0.217493 -0.925633 0.028295
0.596918 -1.243327 0.298733 -0.773743 -0.048754
0.266653 -0.727426 0.032717 -1.098136 -0.252515
0.506569 -0.765426 -0.200096 -1.091031 0.016725
-0.120501 -0.707320 -0.517018 -0.450216 -0.303954
0.109159 -0.656186 -0.306523 -0.923185 -0.321582
0.440535 -0.659925 -0.226936 -1.142541 -0.251253
0.338889 -0.586890 -0.445888 -0.834558 0.097793
0.376283 -0.967606 -0.136591 -0.969496 -0.340478
0.485857 -0.817249 -0.234583 -1.072455 -0.115606
