0.136984 -0.445469 0.449182 -0.582604 -0.376528
-0.485839 -0.791688 0.432752 -0.098411 -0.082597
0.615212 -0.000310 0.680795 0.138614 -0.234130
-0.074270 0.471203 0.821257 -0.833461 -0.427624
-0.028718 0.020500 0.455051 0.348943 -0.264020
-0.012930 -0.056784 1.017580 -0.933722 -0.369257
0.271851 -0.703007 0.365852 -0.648815 -0.239312
0.785719 -0.809898 0.433391 -0.105698 -1.363753
-0.335459 0.103951 0.530277 -0.664089 -0.519583
0.717487 -0.388451 0.463976 -0.464237 -0.073577
-0.127486 -0.806627 0.686041 -0.453181 -0.726367
0.397006 -0.522950 1.231968 -0.683219 -0.365298
0.807744 -1.103535 0.285895 -1.015775 -0.144605
0.663928 -0.040482 0.509197 0.027442 -0.375166
0.435999 0.178328 0.349557 -0.652876 -0.545536
0.580048 -0.635517 -0.060611 -0.387490 -0.384031
0.798048 -1.044079 0.135088 -0.452131 -0.573671
0.021352 -0.200922 0.535528 -0.991235 -0.241406
0.796889 -0.772095 0.000144 -1.078007 0.085123
0.576306 -0.582615 0.305520 -0.887527 -0.143065
0.291162 -0.475507 0.804496 -1.305394 -0.171744
-0.510466 -0.920131 0.743852 0.340953 -0.463574
0.064016 -0.195506 0.566138 -0.533083 -0.500885
0.717020 -0.554059 -0.165420 -0.582013 -0.384066
-0.092407 -0.348151 1.140837 -0.973214 -0.471281
0.331034 -0.386027 1.055658 -1.107496 -0.072726
-0.563577 -0.685199 0.619466 -0.166437 0.108676
-0.297229 -0.171263 0.795902 -1.060852 -0.279013
-0.185670 -0.570262 0.838164 -1.067020 -0.146108
-0.399285 -0.386283 1.051815 -0.778312 0.061928
0.303639 -0.809072 0.383186 -0.319053 -1.023142
-0.169463 -0.481464 0.147678 -0.502947 -0.792167
0.113559 -0.775686 1.121770 -0.619313 -0.416858
-0.056737 -0.735931 0.619689 -0.898341 -0.135874
0.590471 -0.181789 0.547292 0.124740 -0.639495
0.065767 -0.828916 0.511828 -0.799930 -0.529691
-0.284632 -0.431622 0.757796 -0.210116 -0.199474
0.088397 -0.803513 0.380219 -0.364059 -0.609115
0.588802 -0.401708 0.004874 0.194959 0.001590
0.630283 -0.707489 0.215903 -0.182749 -0.284805
-0.329607 -0.746631 0.707886 0.029729 -0.267825
0.478360 -0.525717 0.340301 -0.868659 -0.454869
0.331737 -0.972530 0.325329 -0.436315 -0.523021
-1.044186 -0.211190 1.059341 -0.256087 -0.666206
0.614788 -0.884077 0.102022 0.065770 -0.580955
0.278051 -0.286970 0.950590 -0.900390 -0.407339
0.237873 0.555045 0.524656 -0.664348 0.330926
0.313689 -0.229186 -0.074359 0.047818 -0.416179
0.107661 -1.515190 0.519204 -0.212704 -0.036800
0.503948 -0.255872 1.199238 -0.670170 -0.235893
0.081112 -0.224556 0.416248 -0.827885 -0.669153
0.248477 -0.499846 0.579585 -0.379889 -0.242896
0.370955 -0.903621 0.749409 -0.653131 0.016842
-0.376213 -0.480379 0.779064 -1.104828 0.070565
0.553633 -0.812322 0.378681 -1.058613 -0.380797
-0.003691 0.007120 0.456626 -1.087549 -0.406850
0.224155 -0.771229 0.816558 -0.533553 0.104893
0.323942 -1.127896 0.100742 -0.590088 0.622394
0.264992 0.037381 0.938723 -0.818142 0.047898
-0.380309 -0.184941 0.435928 0.093680 -0.537227
0.508763 -0.458659 0.358426 -0.914682 -0.500810
-0.678617 -0.707467 0.370409 -0.081000 -1.127911
-0.664289 -0.540558 1.052781 0.226359 -0.604745
0.065823 -0.343092 0.701610 -0.266065 -0.251395
0.304999 -1.060068 0.505636 -0.133472 -0.495482
-0.442346 -0.082637 0.514055 -0.345865 -0.364281
-0.085831 -0.183794 0.801198 -1.286385 -0.300236
-0.143493 0.295854 0.279181 -0.541003 -0.699051
0.285610 -0.823933 0.446277 0.114312 0.178460
0.505000 -0.041493 -0.252488 0.552696 -0.754914
-0.075210 -0.456148 -0.407095 0.305325 -0.492898
0.171468 -1.220393 0.175944 -0.405110 -0.511050
-0.213007 -0.145226 -0.180286 -0.022204 -0.840388
0.312496 0.339183 0.479062 -0.536735 -0.388867
0.370539 -0.097415 0.430713 -0.327091 -0.938532
-0.375760 -0.060230 0.405896 0.514182 -1.230489
0.510282 -1.153090 0.616135 -0.440150 0.027070
0.303532 -0.892547 0.227395 -0.115723 0.496220
-0.131431 -0.745890 0.639074 -0.570734 0.080045
-0.352176 0.631706 0.301465 0.597459 -0.229024
-0.791834 -0.229344 0.709431 0.140060 -0.095707
-0.682981 -0.490160 -0.036838 -0.123704 0.259680
0.240733 -0.535387 -0.064058 -0.053698 0.474815
-0.211359 -0.864333 0.501354 -0.270270 0.266597
-0.145618 -0.196325 0.000410 -0.035765 0.095808
0.194742 -0.124004 0.245254 -0.229901 0.735183
-0.375474 -0.063974 0.458735 0.029372 -0.746457
0.034744 -0.012530 0.232362 0.122316 -0.710490
-0.965464 -0.059064 0.444262 0.181375 -0.634730
0.084775 0.146097 1.390000 0.306639 -1.287497
-0.889030 -1.141795 -0.266672 0.190382 0.412520
-0.692933 -0.836392 0.166990 0.335290 0.297995
-0.380417 -0.644673 0.466206 -0.276462 0.245344
0.282153 -0.555354 0.363106 0.246428 -0.409061
0.460713 0.331567 -0.180222 0.345521 -0.773335
0.511085 -0.003988 1.249286 -0.034222 -0.829578
-0.510762 -0.300139 -0.173950 0.330783 0.105287
0.616717 -0.592769 0.121763 -0.094498 -0.260756
-0.460034 -1.056219 0.594477 -0.204629 0.268507
-0.165325 0.299713 1.079673 -0.070883 -0.333358
-0.025928 -0.334346 0.345302 -0.310403 -0.406073
-0.147384 -0.983081 0.122221 0.081744 -0.227537
-0.213222 -0.189173 1.318833 -0.108314 -0.675990
0.058343 -0.808608 -0.064694 -0.583004 0.318215
0.308339 -1.296202 -0.127570 -0.335420 0.167523
-0.831084 -0.320932 0.626453 0.209592 -0.523962
-0.230568 0.644398 0.961161 0.323842 -0.120648
0.291098 -0.013577 0.538956 0.461589 -0.291742
-0.285615 -0.752398 0.295113 -0.036683 -0.467386
0.551597 -0.814252 0.860742 -0.336083 -0.648113
-0.591589 -0.116355 0.332368 0.145359 -0.847810
-0.296809 0.617648 0.654871 -0.036142 -0.682590
0.377598 -0.044500 0.423516 0.247219 -0.924352
-0.664289 -0.540558 1.052781 0.226359 -0.604745
-0.008156 -0.620722 0.570700 -0.281341 -0.952537
0.402719 -1.057473 0.112393 -0.193189 -0.407502
-0.310540 0.301319 0.504141 -0.561916 -0.662741
-0.614775 -0.209236 0.958708 -0.072773 -0.160247
-0.005376 -0.445470 0.624231 -0.120934 -0.621709
0.042601 -0.001622 1.242735 -0.641846 0.207081
-0.426162 -0.126831 0.219082 -0.636437 -0.517667
-0.098089 -0.442071 1.371244 -0.813484 0.379108
-0.610947 -0.512029 0.506903 -0.610238 -0.519205
0.744470 -0.083814 0.736618 -0.132807 -0.823240
-0.624431 -0.611343 0.394993 -0.732531 -0.106020
0.636898 -0.492624 0.043629 -0.287863 -0.820369
0.172623 -0.264537 0.188302 0.383391 0.433264
0.304899 -0.829568 0.375899 -0.258978 -0.391760
0.377691 -0.579428 -0.563886 -0.987988 -0.381528
-0.170435 -0.452614 -0.012397 -1.038833 -0.811059
0.755688 -0.720766 0.082989 -1.131219 -0.355208
0.173511 -0.892692 -0.221963 -1.104150 -0.109563
-0.177406 -0.365668 -0.154498 -0.645104 -1.100059
0.281839 -0.755059 -0.424229 -1.009159 -0.375910
0.237222 -0.781616 -0.280249 -1.127877 -0.301974
0.352541 -1.113844 -0.164404 -0.945512 0.042005
0.308797 -1.104995 0.007559 -0.901041 -0.396361
0.429929 -1.142590 0.103052 -1.012913 0.161822
0.154864 -0.603365 -0.331206 -0.930574 -0.215912
0.212035 -0.683636 -0.331778 -0.939424 -0.425826
0.500269 -1.179788 0.175783 -1.056170 -0.247177
0.270367 -0.556766 -0.391466 -0.896211 -0.153162
0.263280 -0.527902 -0.629582 -0.951961 -0.296895
0.334630 -0.958636 -0.093169 -1.024465 -0.083137
0.237632 -0.785297 -0.312265 -0.966766 -0.339547
0.434133 -0.996485 -0.030977 -1.066791 -0.203048
0.466693 -0.583905 -0.563145 -1.062718 -0.349583
0.257919 -0.673815 -0.382965 -0.986981 -0.395761
0.437864 -1.021444 -0.030505 -0.903668 -0.334600
0.540798 -0.906859 -0.375329 -0.966021 -0.343124
0.246275 -0.633514 -0.270645 -1.005634 -0.007437
0.116658 -1.089530 0.150781 -1.041180 -0.488237
0.226925 -0.772726 -0.217869 -0.949598 -0.420234
0.161539 -0.641633 -0.564774 -0.579950 -0.653687
0.166687 -1.069207 -0.451149 -1.029529 -0.125133
0.140797 -1.224571 0.680786 -0.927272 -0.140993
0.380015 -0.613269 -0.388591 -0.845153 -0.323874
0.444480 -0.680898 -0.290150 -1.122891 0.090988
0.348949 -0.659636 -0.375691 -1.001368 -0.359179
0.358547 -0.818324 -0.250334 -1.032902 -0.349821
0.454446 -0.933503 -0.156730 -1.011722 -0.318984
