0.754858 -0.859988 0.870074 -0.555163 -0.193926
1.005873 -0.763992 0.386679 -0.363002 -0.177025
-0.217685 -0.199918 1.044579 0.106110 0.078305
0.047095 0.172517 0.328208 0.077482 0.170604
0.099019 0.101787 0.288537 0.189514 -0.425662
0.158789 -0.610904 0.299404 0.028575 0.038922
0.332094 -0.395567 0.530775 -0.114788 -0.120184
-0.206655 -0.550312 0.035821 0.169475 -0.133492
-0.251399 0.055087 0.034062 0.018130 -0.786781
0.104346 -0.984116 0.881051 -0.789299 0.183671
0.670111 -1.015242 0.259670 -0.647179 -0.549411
-0.345220 -0.645338 0.204456 -0.478590 -0.519727
0.478648 -0.710670 1.017724 -0.149832 -0.792041
0.047497 -0.575222 0.907272 -0.206202 -0.263706
0.301011 -0.513958 0.071689 0.087275 -0.068618
0.073542 -0.707024 0.340111 -0.244933 0.189087
0.232814 -0.573756 0.330812 -1.192072 0.074989
-0.318057 -1.250173 0.170576 -0.249276 0.077328
0.001639 -0.362478 0.708355 -0.134623 0.367660
-0.389404 0.154281 1.344816 0.115837 -1.017941
0.236189 0.519785 0.276681 0.383350 -0.484553
0.090747 -0.821070 0.910212 -0.181514 0.571765
-0.246601 -0.602011 0.314029 -0.174037 0.136759
-0.296417 -0.513988 0.230545 -0.398894 0.413531
0.445052 -0.260557 0.246106 -0.410182 -0.491460
-0.513957 -0.709266 0.760248 -0.171632 -0.038323
-0.902801 -0.170899 0.595839 0.062884 -0.324343
-0.522528 -0.299507 0.384414 0.538311 0.203334
-0.173365 -0.600288 0.169725 -0.320636 -0.607303
-0.186750 -0.531603 0.535045 -0.279108 -0.111147
0.518259 0.171192 0.513378 -0.230429 -0.568630
0.106436 -0.662448 0.481753 -0.882541 0.007293
0.838326 -1.126471 0.328374 -0.756208 0.083166
0.961551 -0.542748 0.213118 -0.431539 -0.560267
0.262130 -0.492748 0.647756 -0.932753 -0.234555
-0.255875 -0.101460 0.751203 -0.862262 -0.072890
0.220815 -0.348372 0.849240 -0.917887 -0.345341
0.290044 -0.317560 0.830671 -0.910992 -0.174437
0.636523 -0.524267 0.547077 -0.234620 0.059816
0.850028 -0.705978 0.259380 -1.389366 -0.328962
0.507242 -0.014913 0.605566 -0.915355 0.043702
0.552785 -0.305896 0.186502 -0.198415 -0.324322
-0.479254 -0.344663 0.087990 -0.364618 -0.893531
0.532032 -0.652510 0.866525 -1.228287 0.307241
0.184171 -0.583766 -0.287633 0.016771 0.035360
0.279959 -0.134998 0.206234 0.067967 -0.238240
0.914903 0.158259 0.075889 -0.251545 -0.224061
-0.070695 1.067029 0.705865 -0.420973 -0.931134
0.443809 -0.537161 0.432335 -0.004711 -0.269820
0.259131 -0.651431 0.484486 -0.966250 -0.097862
0.363784 -0.556573 0.403676 0.088442 -0.193901
0.549187 -1.014952 -0.075147 -0.561416 -0.355874
0.303667 -0.977786 0.142471 -0.052551 -0.164776
0.128238 -0.688682 0.094281 -0.137777 -0.135047
0.507001 -0.413351 0.326263 0.073336 0.223468
0.301733 -0.598103 1.023686 0.051472 -0.413945
0.448167 -0.762761 0.440910 -0.564985 -0.868463
-0.054343 -0.888491 0.170792 -0.610029 -0.740106
0.575408 -0.816815 0.913979 -0.240704 -0.394479
-0.197180 -1.446861 0.779574 -0.031692 -0.163668
0.577884 -0.197178 0.234109 -0.315081 -0.079311
0.221880 -0.113870 0.052012 -0.462373 0.097672
0.449347 -0.404133 0.410092 -0.901035 -0.695028
0.643498 -1.371995 0.293342 -0.857270 0.780289
0.513084 -0.201695 0.032185 -0.418098 -0.869631
-0.501406 -0.907146 0.710803 -0.243836 -0.714170
0.844648 -0.485791 0.525437 -0.268317 -0.113319
0.561755 -0.447098 0.491579 0.053807 -0.530805
0.270187 -0.033065 0.507125 -0.683837 -0.301634
-0.081169 -0.389706 0.750943 -0.321805 -0.055955
0.107987 -0.802223 0.004787 -0.365944 -0.208796
0.736614 -0.276869 0.152014 -0.347201 -0.681890
0.480380 0.025712 -0.200054 -0.422373 -0.420750
0.876320 -0.243453 0.169236 -1.035508 -0.439446
-0.477959 -0.397314 0.770321 -0.804505 -0.388805
0.127232 0.160410 0.648172 -0.770728 0.578955
-0.282056 -0.086980 0.694427 -0.523118 -1.285570
0.697923 -0.203617 0.431425 -1.327858 0.157966
1.298502 -0.371850 0.609604 -0.195399 0.376598
-0.268465 -0.236012 0.077981 0.171014 0.183391
-0.218345 0.203799 0.158208 -0.540551 -0.189953
-0.474942 -0.879118 0.887201 0.449501 0.012992
0.563892 -0.771001 0.359399 -0.397253 0.108671
0.329668 -0.407951 0.008966 -0.854774 -0.235345
0.764844 -0.929084 0.454346 -0.553665 0.081251
0.374433 -0.878907 0.799895 -0.605479 0.977810
0.127849 -0.559802 1.058675 -0.972771 -0.181383
0.475433 -0.658508 0.668506 -0.429240 -0.099315
0.508716 -1.094066 0.668522 -0.732321 -0.121391
0.375077 -0.527729 0.618696 -0.287734 0.316239
0.247153 0.031073 1.130471 0.330255 0.266249
-0.122256 -0.359432 1.234091 0.193414 0.175364
-0.105515 -0.442877 0.513394 -0.181708 -0.221436
-0.528848 0.463685 1.275274 -1.030452 -0.276603
-0.061726 -0.096610 0.313965 -0.807763 -0.702187
0.193799 -0.072870 0.724153 -0.715095 -0.125903
-0.473890 -0.538121 0.804516 -0.782623 -0.550256
-0.674871 -0.038959 0.982628 -0.253016 -0.563560
0.184951 -0.232389 0.326379 -0.194272 -0.656680
0.316112 -0.157599 0.343519 -0.512289 -0.375733
0.449700 -0.623607 -0.278060 -1.071990 -0.195293
0.333046 -0.830610 -0.001469 -1.180059 -0.460423
0.337234 -1.171122 -0.062269 -0.895453 -0.175034
-0.015406 -0.564767 0.669290 -0.240114 -0.669145
0.553238 -0.475637 -0.673124 -0.891280 -0.622214
0.328292 -0.568474 -0.337918 -0.812087 -0.361263
0.321131 -0.954105 -0.053157 -0.861260 -0.221053
0.023055 -0.808288 -0.340566 -0.453279 -0.456985
0.126004 -0.845152 -0.393157 -0.921251 -0.125549
0.210558 -0.612477 -0.432548 -0.976729 -0.182563
0.143863 -0.548330 -0.374387 -0.989884 -0.473927
0.421497 -1.068398 -0.052597 -1.055042 0.041264
0.511937 -1.027903 0.025953 -0.973063 -0.380151
0.437035 -0.648063 -0.497582 -0.817769 -0.332860
0.323459 -1.100602 -0.040821 -1.048806 -0.103078
0.305386 -0.795907 -0.282175 -0.960559 -0.231099
0.463958 -0.929673 -0.231966 -1.026950 -0.282032
0.515746 -1.014639 0.022508 -1.196155 0.045105
0.431486 -0.982614 -0.161164 -0.822570 -0.148323
0.398229 -1.073455 -0.120956 -0.843134 -0.104256
0.150433 -0.632632 -0.605561 -0.812712 -0.122830
0.443266 -1.131891 -0.114892 -0.971778 -0.265572
0.408361 -0.762898 -0.327060 -1.026171 -0.279225
0.652681 -0.825737 -0.193619 -1.037196 -0.420447
0.290402 -0.623634 -0.456237 -0.936680 -0.462692
0.337640 -0.689017 -0.437823 -0.931378 -0.451416
0.308193 -0.621475 -0.497708 -0.933326 -0.379149
0.240458 -1.167910 -0.251998 -0.872789 0.249709
0.485772 -0.949441 -0.187360 -1.115023 -0.103978
0.487184 -1.121755 0.048206 -1.041682 -0.119177
0.202230 -0.520101 -0.412282 -1.031989 -0.359204
0.384591 -0.859402 -0.228181 -1.060778 -0.222258
0.347561 -0.965822 -0.018078 -1.033636 -0.387310
0.434001 -0.966248 -0.326734 -0.945769 -0.151718
0.251664 -0.671038 -0.400461 -0.908914 -0.451574
0.294507 -0.148257 -0.402617 -0.071027 -0.815788
0.060167 -1.441334 -0.194641 -0.620840 -0.010378
