0.036521 -0.416882 0.326952 -0.736630 -0.411745
0.553356 -0.472893 0.125777 -0.203737 -0.402812
0.277330 -0.100667 0.250353 -0.699086 -0.389426
0.205969 -0.331642 0.223029 -0.780064 -0.425474
0.221834 -1.058322 0.487056 -0.874789 -0.537604
0.586479 -0.265372 -0.542147 -0.289587 0.457658
0.253931 0.058027 0.353743 0.400891 -0.540052
0.767556 -0.265713 0.387253 -0.624045 -0.066425
0.289573 -1.262466 0.254985 -0.297846 -0.446471
0.114968 -0.178407 0.793270 -0.569125 -0.083888
0.025837 -0.021858 0.185476 0.001040 -0.011897
0.216113 -0.145346 0.676810 -0.400016 0.038421
-0.405930 0.486759 0.311131 0.061906 -1.078388
-0.631286 0.479043 0.066606 0.281560 -0.900363
0.662719 -0.444472 0.358800 -0.721224 0.574031
0.961071 0.018677 0.362173 -1.136533 -0.256675
0.515286 -0.018118 0.555201 -1.279793 0.384240
1.054136 -0.940692 -0.074617 -0.857439 -0.790359
-0.440780 -0.624282 0.242129 0.117196 0.385295
-1.460800 -0.410808 0.313024 -0.610750 -0.158592
0.164795 -0.219238 0.976055 -0.873921 -1.056321
-0.085146 -0.218040 0.216574 -1.060877 -0.426203
0.492180 -0.543284 0.577886 -0.550442 -0.836555
-0.153608 -0.372471 0.289189 -0.415187 -0.262317
0.339584 -1.049595 0.453700 -0.582055 -0.445356
0.239263 -0.678419 0.172234 -0.114344 -0.806593
0.811867 -0.589054 0.210657 -1.046271 0.133329
-0.384929 -0.176393 0.222460 -0.127274 -0.215177
0.571013 -0.238633 0.607183 -0.570653 -0.563965
0.429901 0.111689 -0.039659 -0.745168 -1.113536
0.457864 -0.450178 0.506247 -0.742600 -0.299138
-0.680345 -0.241256 0.968609 0.009863 -0.332376
-0.181442 -0.739594 0.124395 -0.788798 0.156895
0.438925 0.148650 0.607777 -0.863769 -0.482895
-0.148522 -0.294796 1.337808 -0.176607 0.117359
1.100026 -0.388694 0.018372 -0.991316 -1.079408
-0.036866 0.108973 0.996325 -0.979509 -1.034768
-0.077738 -1.059765 0.362065 0.031873 -0.328698
0.797997 -0.186254 0.718640 -0.503416 -0.221858
-0.107903 -0.072498 -0.065431 -0.200046 -0.784779
0.836949 0.339549 0.800430 -0.724974 0.175604
-0.432855 -0.510561 0.202414 -0.516039 0.478641
0.198412 -0.775676 -0.086174 0.357429 -0.520830
0.692867 -0.745209 0.193289 -0.390042 0.202193
-0.407020 -0.372066 0.547789 -0.625975 0.077445
0.544911 -0.561470 0.400367 -0.652335 -0.391818
0.543466 0.295756 0.676060 -0.537548 -0.530838
0.846089 -0.447381 0.614289 0.440880 -0.294053
0.210288 -0.435811 -0.087166 -1.055550 -0.102034
0.475751 -0.543536 0.507981 -0.818084 -0.441423
0.641838 -0.403995 0.459802 -1.022426 -0.063124
0.134434 -0.125167 0.802999 0.266700 -0.335231
-0.875099 -0.121755 0.584020 -0.233692 -0.690714
0.199845 -0.626252 0.056659 -0.133254 -0.381401
0.183677 -0.179026 0.557027 -0.649769 -0.222122
0.736895 -0.164856 0.482777 -0.313810 0.414577
0.842943 -0.707219 0.471275 0.303084 -0.324070
0.258627 -0.355909 1.402303 -0.576682 -0.556028
0.480314 -0.420801 0.546089 -0.925619 -0.490402
0.412896 0.346229 0.749020 -0.764209 -0.613578
-0.261268 -0.003085 0.671308 -0.541657 -0.824342
1.110276 0.233772 0.496160 -0.630038 -0.227233
1.089955 -0.654568 0.451903 -0.363137 -0.211282
0.537326 -0.267370 0.757168 -0.644469 -0.816428
0.138421 -0.085423 0.707196 -1.213104 -0.102873
0.388187 -0.664607 0.596226 -0.267965 -0.394283
0.059341 0.029399 1.249586 -0.646107 -0.801511
-0.328339 -0.037155 0.919947 0.484595 -0.421665
0.130079 0.396217 0.747941 -0.215470 -0.407854
0.085796 -0.202266 0.077131 0.194524 0.274645
-0.159384 0.191624 0.430412 0.301447 -0.223744
0.521215 -0.251065 0.736408 0.162082 -0.182463
-0.677966 0.028660 1.415930 0.107371 -0.028407
0.082556 -1.105946 0.523478 -0.287866 -0.125362
0.426081 -0.486761 0.491441 -0.412976 0.355006
0.423478 -0.211083 0.793670 -0.290893 -0.334688
0.463710 0.073002 0.969108 -0.032592 -0.883629
-0.485389 0.258402 0.612403 -0.256406 -0.731467
0.027718 -0.472178 0.550469 0.226075 -0.691317
0.369951 -1.079771 0.665274 -0.130508 0.035349
0.468290 -0.081299 1.247986 0.108424 0.013861
-0.032395 0.520170 0.520299 0.411999 -1.129905
0.542284 -0.661891 0.536920 -0.521889 0.237887
-0.530348 0.469445 0.410156 -0.355409 -0.839542
-0.045548 -0.388968 0.169061 -0.025072 -0.156943
0.478876 -0.392740 0.754453 -0.216701 0.235196
-0.256242 -0.293220 0.920505 -0.536338 -0.294771
0.009531 0.470126 0.437807 0.256474 -0.134871
-0.455741 -0.395212 0.538793 0.074511 0.613869
0.490704 0.167137 0.500950 -0.154862 -1.338756
-0.682724 -0.690747 0.325936 -0.217369 -0.236022
-0.187083 -0.204645 0.628771 -0.078035 -0.737768
0.345437 -0.905231 0.805980 0.271716 -0.392689
-0.228108 -0.329975 0.440525 -0.189991 -0.294249
0.008810 -1.121215 0.846592 -0.349293 -0.336460
-0.017350 -0.329886 0.702225 -0.356760 -0.645914
1.131119 0.150633 -0.115921 0.038428 -1.088222
-0.181414 0.787787 0.648502 -0.236134 -1.066122
0.392940 0.091135 1.298737 0.103946 -0.428337
-0.787207 -0.416605 0.364311 0.976083 -0.242608
0.098964 0.194075 1.001334 -0.076502 -0.161727
-0.559778 -0.197545 -0.244696 -0.334907 -0.663144
-0.353482 -0.662280 0.688987 -0.058214 -0.522461
-0.683351 -0.628930 0.676248 0.110557 -0.319084
-0.644367 -0.393071 0.308015 0.129724 -0.399036
-0.188950 0.276481 0.652731 0.323275 -0.995703
0.482177 -0.507293 0.283502 -0.301552 -0.661447
0.001278 -0.903989 0.666144 -0.574913 -0.125435
0.414636 -0.991411 0.295376 -0.123596 0.801916
0.308493 -0.336941 0.064080 -0.015174 0.087674
0.494520 -0.059174 0.877616 0.154827 -0.537963
-0.669187 -0.757950 0.472380 -0.378629 0.292175
0.717137 -0.270328 0.174267 0.075471 -0.953747
-0.718373 0.343884 0.550501 0.056444 -0.482085
0.407712 0.366458 0.574201 0.572014 0.088169
-0.515831 -0.279715 0.287354 0.403661 -0.389779
-0.716223 -0.770362 -0.102960 -0.032190 0.243043
-0.727275 -1.075934 0.177133 0.221769 0.496030
-0.807825 -1.147719 0.102371 0.152657 0.483470
0.185913 -0.733153 0.288066 -0.244766 -0.751486
1.049911 -0.355005 0.696157 0.013005 -0.264728
0.001064 -1.354385 0.721596 0.110563 -0.473454
0.696948 -0.568481 -0.001019 -0.528410 -0.475815
0.982124 -0.755538 -0.771089 0.225732 -0.679449
0.479873 -0.371127 0.290549 -0.313449 -0.481897
-0.403395 -0.432821 0.275455 -0.269793 -0.490061
-0.025543 0.024911 0.311598 0.199610 -0.873209
0.205082 -0.094735 0.124106 -0.166349 -0.582743
0.388249 -0.865799 0.328726 -0.073802 0.326007
0.363469 -0.117802 0.592889 0.740715 -0.052194
0.781310 -0.598291 0.059543 0.281128 -1.101409
-0.468536 -0.480567 -0.060343 -0.383257 -0.177237
0.134434 -0.125167 0.802999 0.266700 -0.335231
0.177415 -0.744707 1.154639 -0.151405 -0.281192
0.045927 -0.228088 0.745214 -0.371867 -0.342434
-0.631638 0.231321 0.427625 -0.146243 0.094955
-0.213882 -0.448937 0.907441 -0.409384 -0.479405
0.174035 0.546738 1.274946 0.758790 0.114230
0.685836 -0.462861 1.032223 -0.187278 0.090299
-0.458299 -0.443310 0.438051 -0.142975 -0.138524
-0.471173 -0.144689 0.057189 -0.030415 -0.260590
0.313913 -0.833653 0.340616 -0.518774 -0.572204
-0.062901 -0.539382 0.340408 -0.105027 -0.300443
-0.357239 -0.241780 0.281928 0.181414 -0.101166
0.388187 -0.664607 0.596226 -0.267965 -0.394283
-0.423825 0.169822 -0.390058 -0.123060 0.162772
-0.039370 1.037748 0.759531 -0.009644 -0.862678
0.388714 -0.723453 0.925700 -0.072533 -1.082047
0.677133 0.558859 1.145486 0.928031 -0.341057
0.469757 -0.319286 0.317731 -0.617762 0.062318
-0.383758 -0.273906 0.998035 -0.301649 -1.345058
-0.312019 -0.240746 -0.543061 0.314978 0.062162
0.344716 -0.495807 0.198595 -1.132848 -0.587313
0.077074 -0.465194 0.180853 -0.886802 -0.113196
-0.073523 0.031659 0.435997 -0.479882 -0.661150
0.015014 -0.059214 0.118129 -0.507097 -0.255920
-0.564478 -0.494252 0.763529 -0.638827 0.197241
0.342918 -1.311860 0.287376 -0.299145 -0.221677
0.193457 -0.217140 0.299281 -1.288453 -0.157326
-0.756299 -0.814914 0.550289 -0.744006 -0.261866
-0.373091 -1.335783 0.474516 -0.406170 -0.035826
-0.041471 -0.633921 0.150827 -0.843928 -0.222654
0.325963 -0.305104 0.053765 -1.104563 -0.884676
0.789987 -0.203332 0.066847 -1.038654 -0.790818
-0.413730 -0.296193 0.412156 -0.078543 -0.842673
0.401002 0.151019 0.321819 -0.087606 -0.366267
0.126104 -0.220485 0.713347 -1.035423 -0.569003
0.228680 -0.364370 0.794980 -1.320559 0.167222
-0.619063 -0.266369 1.019363 -0.733635 -0.497632
-0.041651 -0.671407 0.317057 -0.835275 -0.149272
-0.251017 -0.540245 0.572220 -0.391688 -1.582581
0.244703 -0.409328 1.152490 -0.566594 -0.230944
0.202274 -0.087921 1.112349 -1.104890 -0.762251
0.234458 -0.542936 0.829796 -1.052202 0.153896
0.717062 -0.188079 0.885454 -1.090715 0.587831
0.051828 -0.685824 1.027311 0.257605 -0.080418
-0.989015 -0.708178 0.477449 -0.173560 -0.239399
0.064986 -0.801830 0.530209 -0.357064 -0.039364
0.655318 -0.531680 0.390381 -0.326102 -0.093257
0.255682 -0.485825 0.440784 -0.278418 -0.392861
-0.076991 0.031347 0.551947 0.192362 -0.485194
0.507159 0.281124 0.174716 0.675936 -0.247524
0.311922 -0.459897 0.641118 -0.415665 -0.491684
0.177415 -0.744707 1.154639 -0.151405 -0.281192
0.059900 -0.133906 0.010168 -0.526056 -0.389869
0.435074 0.002745 1.226832 -0.314687 -1.065736
0.238331 -0.103477 -0.026250 -0.509016 -0.449523
0.291158 -0.725851 -0.504157 -0.966559 -0.402235
0.424275 -0.481139 -0.772439 -0.892352 -0.404853
0.326620 -0.687480 -0.293785 -0.995825 -0.305432
0.217107 -0.844810 -0.692548 -1.030013 -0.061589
0.140561 -0.628729 -0.381039 -1.001985 -0.180459
0.285649 -0.696721 -0.441168 -0.920291 -0.411762
0.259436 -0.607733 -0.595806 -0.864194 -0.431102
-0.237939 -0.489133 -0.498053 -0.622502 -0.466214
0.431827 -0.715926 -0.312304 -1.043778 -0.379709
0.393711 -0.709800 -0.111707 -1.166068 -0.323363
0.406301 -1.247520 -0.112445 -0.744094 -0.209825
0.197244 -0.886707 -0.266453 -0.887975 -0.102559
0.269701 -0.630391 -0.315268 -1.006770 -0.326820
0.467086 -0.944971 -0.074587 -0.846674 -0.351635
0.515899 -0.468581 -0.124339 -0.553509 -0.192193
0.681148 -0.906127 0.187527 -1.059396 -0.219004
0.412894 -0.811135 -0.266675 -1.044915 -0.216262
0.298063 -0.811357 -0.416081 -1.065187 -0.337882
0.235765 -0.834719 -0.167747 -1.037709 -0.415376
0.289656 -0.569865 -0.210263 -1.071108 0.029774
0.358253 -0.798137 -0.007170 -1.011416 -0.062438
0.331085 -1.118284 -0.161518 -0.849712 -0.035928
0.519177 -0.955547 -0.277044 -0.930159 -0.415768
0.161404 -0.677316 -0.297633 -0.998401 -0.382724
0.377137 -0.982126 -0.163565 -1.017350 -0.260892
0.155743 -0.860120 -0.309056 -0.882521 -0.248204
0.516989 -1.060885 -0.048331 -0.956611 0.202004
0.445682 -1.169919 -0.132112 -0.857824 -0.138587
