0.844604 0.182310 0.681314 0.415516 0.079012
0.038205 -0.287703 0.528385 -0.187544 0.136984
0.334858 -0.069851 0.631482 -0.811598 -0.174345
0.158950 -0.515303 1.151392 -0.585669 -0.623168
-0.176738 -0.131950 1.084511 -0.732672 -0.539233
0.655042 -0.740347 0.302511 -0.512717 -0.220830
0.069023 -1.054989 0.390550 -0.378565 -0.236030
-0.106801 -0.171447 0.037330 0.122115 -0.107812
-0.004720 -0.342227 0.367575 0.074025 -0.118910
0.312458 -0.824057 0.251257 -0.232555 -0.367570
-0.307232 -0.531052 0.399589 -0.603512 -0.245590
-0.702630 0.254308 0.414523 -0.544738 -0.249583
-0.764020 0.106750 0.251641 -0.105417 0.673539
-1.553984 0.500172 0.969199 0.430101 -0.576200
-1.095900 0.379750 0.644598 -0.311914 -1.177022
-0.019603 -0.885577 0.652055 -0.554613 -0.094320
-0.458891 -0.555539 0.968142 0.033560 -0.603762
-1.159102 0.239702 0.692159 -0.055813 -0.663406
0.126299 -0.664496 0.519482 -0.458185 -0.176776
-0.694685 -0.332606 0.425850 -0.090160 -0.892856
-0.411632 -0.648911 0.596319 -0.371242 0.227145
-0.549573 -0.611242 0.746989 -0.930144 -0.456009
-0.791758 -0.098697 0.310032 0.226441 -0.011771
-0.396992 0.567578 0.234067 0.374250 -0.464189
0.090958 -0.416917 1.094567 -0.269373 -0.653340
0.167266 -0.024127 1.632474 0.107934 -0.947327
-0.732447 -0.596412 0.616880 -0.993717 0.087777
-0.157197 0.209681 0.574577 0.100726 -1.202592
0.199912 -0.431872 0.579150 -0.400018 -0.304237
-0.586516 -0.436476 0.292278 -0.057659 -0.385080
0.056222 0.104912 0.636693 0.055898 -0.868600
-0.425437 -0.131874 0.298847 -1.183374 -0.596321
-0.510746 -0.169522 0.727223 -0.477835 -0.591190
0.071745 0.269388 0.325846 0.035877 -0.143639
0.708693 -0.121542 0.256549 -0.018555 -0.318058
-0.171984 -0.324412 0.420886 0.113156 0.135379
-0.221236 -0.401027 1.206728 -0.491361 -0.120914
-0.802234 -0.263364 0.680838 0.514998 -0.899976
0.331845 -0.320109 1.152893 0.023553 -0.182866
0.395964 0.280321 0.424827 -0.126016 -0.222513
0.006393 -0.077360 0.628584 0.043070 -0.955566
0.035857 0.157347 -0.056730 0.139403 -0.416008
-0.916358 0.121364 0.800063 -0.124230 -0.493749
0.212172 -0.153873 0.796625 -0.243345 -0.430224
-0.378403 -0.587771 0.234460 -0.102731 -0.510067
-0.297930 -0.192989 1.244133 -0.605659 -1.851473
0.346706 -0.158408 0.775766 -0.289654 -0.603907
0.468929 -0.313317 0.669446 -0.311713 -0.401386
0.271306 -0.168876 1.184459 -0.342355 -0.451796
-0.046711 -0.283216 0.142075 0.130509 -0.169106
0.716742 -0.421539 0.786463 -0.070230 -0.435641
-0.400026 0.090396 1.121354 -0.616492 -0.635467
0.374856 0.029565 1.063316 0.256346 -0.570998
-0.378930 -0.406605 0.781600 -1.133377 -0.293585
-0.003170 -0.203595 0.317953 -0.905713 -0.084619
-0.496928 -0.177986 0.252797 0.000103 -0.866692
-0.777978 0.191466 0.713326 -0.099689 -0.683713
-0.819962 -0.246559 0.854583 0.173673 -0.523283
0.370690 -0.373768 0.690554 0.356042 -0.136833
0.215275 -0.885295 0.625457 -0.084946 -0.038182
-0.403284 -0.923375 0.361083 0.061079 -0.592920
0.349352 0.020829 0.258476 0.510386 -0.661679
-0.231173 -0.585088 0.510388 0.233945 -0.154287
0.361557 -0.438246 0.529065 -0.326571 -0.142213
-0.247984 -0.145389 1.182348 0.367444 -0.899198
0.104040 -1.390854 0.798530 -0.007038 0.595851
0.562924 -1.184020 0.465498 -0.315541 -0.701317
-0.014317 0.113570 0.734302 -0.374252 -0.654670
0.651115 -0.311325 0.109473 -0.874125 -0.241755
-0.689463 -0.261114 0.269732 -0.572778 -0.150727
-0.478038 -0.597997 0.662243 -0.258773 -0.392047
-0.933696 -0.605415 0.500296 -0.206274 0.049461
0.319045 -0.534988 0.564769 -0.712217 0.337923
0.092265 -0.721407 0.619535 -1.200445 -0.529043
-0.394629 -0.712391 0.496655 0.272548 -0.525535
0.066990 0.194913 -0.296716 0.024377 -0.737447
-0.334133 -0.004841 1.017971 -0.322938 -0.794613
1.416439 -0.062971 1.006360 -0.317743 0.082095
-0.141099 -0.069422 0.290955 0.016871 -0.324201
-0.850385 -0.364080 0.931067 0.006058 -0.106999
-0.463368 0.699694 0.725932 -0.651267 -0.497558
0.521715 -0.161910 0.557100 -0.807066 0.182234
0.610603 -0.822118 0.815231 -0.195018 -0.230785
0.107183 -0.227810 0.089571 -0.092451 0.255156
-0.012557 -0.420069 0.895423 -0.357976 -0.064772
0.564818 -0.464386 0.303255 -0.424773 -0.168585
0.680380 -0.051352 0.425212 -0.037018 -1.510279
0.000135 -0.079303 0.712723 0.787667 -0.026457
-0.306926 -0.306112 0.425147 -0.354662 -1.194508
-0.777978 0.191466 0.713326 -0.099689 -0.683713
-0.148099 -0.986301 1.021497 -0.276041 -0.271448
-0.156382 -0.572279 0.493404 -0.115483 -0.430622
-0.316169 -0.404469 0.925762 0.051805 -0.607642
0.103143 0.234082 1.064121 0.416032 -0.698506
-0.268232 -0.297621 0.767426 0.141864 -0.323132
0.591711 -0.185838 0.618315 -0.079291 -0.119393
0.156271 0.221577 1.098444 -0.931305 -0.017961
-0.508029 0.059553 0.039578 0.852434 -0.628317
0.380735 -0.582644 0.262222 0.397511 -0.843528
-0.233034 -0.492374 0.305584 -0.100279 -0.728592
-0.229742 0.111053 0.499904 0.641236 -0.042692
-0.680973 0.026936 0.250193 -0.513581 -0.493003
0.049753 -0.348597 0.149803 -0.690657 -0.527695
0.050378 -1.228181 0.305745 -0.505004 0.062446
0.493323 -0.747630 -0.213555 -1.118323 -0.468516
0.264625 -0.558482 0.209869 -0.847109 -0.264948
-0.010658 -0.833865 -0.529011 -0.706859 -0.182211
0.308597 -0.823918 -0.057101 -0.813858 -0.331425
0.304466 -0.833591 -0.147135 -0.992309 0.009376
0.074330 -0.786068 -0.233261 -0.194868 -0.579445
0.472383 -0.664258 -0.477943 -1.011641 0.049774
0.339785 -0.861758 -0.147628 -1.039107 -0.073341
0.241878 -1.037534 -0.072769 -0.945789 -0.048003
