0.035860 -0.413201 0.445634 -0.507733 -0.624338
-0.216354 0.034670 0.617356 -0.349481 -0.919048
-0.598803 -0.442394 0.805157 0.020819 -0.021411
-0.183198 -0.071531 0.510472 -0.142975 -0.133876
-0.213441 -0.469469 -0.076342 -0.088595 0.816170
0.432304 0.151444 0.406459 0.648129 0.021539
0.492008 0.334266 0.625924 -0.077223 0.352334
0.268013 -0.834075 0.305489 -0.477054 0.062905
0.707171 -0.608962 0.288693 -0.340426 -0.400875
0.779870 -0.098785 -0.374932 0.065342 0.297623
-0.377135 -0.060548 0.287561 -0.205969 0.832375
-0.009639 -0.109634 0.516766 -0.497801 -0.653699
-0.264417 0.313807 0.635574 -0.132118 -0.022801
-1.060299 -0.380286 0.209773 0.260481 0.155488
0.912847 -0.691965 0.229126 -0.087415 -0.267713
0.255965 -1.076006 -0.080151 -0.592193 -0.359132
0.303613 0.277135 -0.323374 -0.353919 -0.266892
0.133387 -0.870974 0.874285 0.005951 0.129848
0.166603 -0.673762 0.192256 -0.710146 0.596574
0.571491 -0.356278 0.647049 -0.337624 -0.311487
-0.309205 -0.238860 0.701898 0.259452 0.099401
-0.893894 0.055095 -0.046043 -0.316469 -0.207014
0.123160 -0.937771 0.157065 -0.145678 -0.179850
0.367925 -0.472944 0.437695 0.201405 -0.366208
0.648216 -0.850505 0.559695 -0.662005 -0.307887
0.796647 -0.702663 0.147212 -0.816311 0.012070
0.639101 -0.116974 0.297216 -0.642269 0.221984
-0.579727 0.204781 1.169779 -0.129245 -0.161112
0.533624 -0.700148 0.827297 -0.760722 0.080271
-0.263214 -0.150582 0.245858 -0.966853 -0.452529
0.721742 -0.448591 0.686350 -1.164756 -0.037009
-0.188493 -0.191420 0.603142 -0.503773 -0.173646
0.016245 -0.310722 0.141746 -0.408680 0.666431
-0.043070 -0.305810 0.640932 -0.498179 -0.098658
-0.401695 -0.476412 1.002324 0.030233 -0.197052
0.120859 -0.069046 0.587322 -0.694970 0.054850
-0.405846 0.497391 0.190021 0.411706 -0.236747
-0.015197 -0.360668 0.170026 -0.229542 -0.524244
-0.441133 -0.157858 0.647867 -0.403753 0.214991
0.529709 -0.011118 0.191300 -0.951591 -0.267351
0.404808 -0.549079 0.293817 -0.566432 -0.238634
-0.044747 0.025565 0.058181 -0.286475 -0.367457
-0.496185 0.030126 -0.005930 0.668219 -0.252900
0.287749 -1.134750 0.425634 -0.554851 0.108938
-0.874331 -0.145486 0.724814 0.270821 0.139729
0.159284 -0.485007 0.809583 -0.496966 0.241431
0.205073 -0.251166 0.341343 -0.592253 -0.007491
-0.137654 -0.483993 1.042552 0.162195 -1.347614
0.746476 -0.189382 1.043774 -0.934465 -0.488604
0.286897 -0.325926 0.958346 -0.463456 0.104183
0.308357 -0.843152 0.697983 -0.190442 -0.060544
0.774177 -0.394695 0.173693 -0.599837 -0.167413
0.221859 -0.316518 -0.028598 -0.535674 -0.220443
0.378984 -0.796455 -0.097584 -0.708332 -0.308922
0.527643 -0.495439 0.042731 -0.916453 -0.229463
1.317777 -0.719372 -0.614395 -0.415252 -0.433872
-0.092011 -0.275858 0.973703 -1.281681 0.129508
0.648981 -0.689172 -0.076878 -0.858031 -0.165250
0.651528 -0.452178 0.438952 -0.956645 -0.629751
0.050455 -0.402048 0.720000 -1.659518 -0.308903
0.068501 0.027290 0.643328 -1.553217 0.253945
-0.051845 -0.192163 0.483226 -1.439931 -0.346961
-0.198159 0.027318 1.360152 -0.540201 0.039565
-0.922017 -0.526562 0.940953 -0.189800 -0.920887
-0.780024 0.010145 -0.025622 0.149883 -0.957261
-0.329822 -0.243568 0.707541 -0.997878 -0.523351
0.896540 -0.706757 0.564527 -1.043609 0.134012
0.614033 -0.616975 0.196137 0.276967 -0.502806
0.556348 -0.112579 0.629898 0.196215 -0.065981
0.423479 -0.283090 0.293511 -1.007731 -0.062676
0.397949 -0.175244 0.806661 -1.082791 -0.019023
-0.163368 -0.114731 0.281385 -0.569688 0.175411
0.722945 -0.390152 0.943028 -1.140184 -0.755161
0.528172 -0.322164 0.797158 -0.822577 -0.616412
-0.642604 0.095556 0.949223 -0.821296 -0.288532
0.318549 -0.742299 0.311340 -0.455099 -0.552403
-0.834090 0.138619 0.959246 -0.540648 -1.086776
-0.333353 -1.118407 1.061823 -0.098334 0.084251
0.472078 -0.667729 0.272582 -0.492959 -0.843632
0.871723 -0.222609 0.959027 -0.526313 -0.321751
0.464377 -0.275523 0.941365 -0.693231 -1.037307
-0.417380 -0.032771 0.557558 -0.975970 -1.092426
0.140511 0.130050 0.270454 -0.988879 -0.060472
0.282508 0.132468 0.331246 -1.073410 -0.376825
-0.127587 -0.842777 0.452239 -0.376049 -0.604342
0.228670 -0.222587 0.494016 -0.477540 -0.070000
-0.377568 -0.539984 0.695155 -0.309621 -0.448567
0.123160 -0.937771 0.157065 -0.145678 -0.179850
0.149520 -0.328043 0.632807 0.029236 -0.987665
-0.223918 -0.923557 0.327896 -0.254228 -0.005087
-0.337353 0.094720 -0.220663 0.291655 -0.445502
0.855186 0.676046 0.588710 0.608985 0.098170
-0.463494 0.108000 -0.193972 0.185523 0.145011
-0.263214 -0.150582 0.245858 -0.966853 -0.452529
0.552838 -0.348893 -0.422582 -0.116930 -0.542021
0.876366 -0.016385 0.670919 -0.238313 -0.459458
0.473369 -0.281776 0.579167 -0.398194 -0.530957
-0.115472 -0.753904 0.538044 -0.387152 -0.410795
0.644931 0.380130 0.715194 0.184608 -1.123320
0.465932 -0.425112 0.480163 0.173853 -0.386546
0.467351 -0.276036 0.337131 -0.115230 -0.190512
-0.015197 -0.360668 0.170026 -0.229542 -0.524244
-0.901966 -0.579891 0.243714 0.354189 0.152762
-0.441133 -0.157858 0.647867 -0.403753 0.214991
0.775469 -0.191056 1.003320 -0.028239 0.097734
0.106364 0.112827 0.478946 -0.112702 0.306730
0.245553 -0.225111 0.513921 -0.221090 -0.039115
-0.602232 -0.527746 0.817697 -0.090557 -0.373435
0.199009 -0.279191 0.792041 0.329676 -0.225454
-0.000920 0.452998 -0.019080 0.366831 0.279534
-0.044747 0.025565 0.058181 -0.286475 -0.367457
0.377985 -0.222768 0.579936 -0.367371 0.299737
-0.469329 -0.721489 0.643886 0.408300 0.025213
0.680894 -0.105085 0.153828 0.162809 -0.239299
0.024839 -0.121953 0.794504 0.159251 -0.020916
-0.400928 0.548730 1.101881 0.307722 -0.435890
-0.519561 0.420355 0.234760 -0.133611 0.096511
-0.207472 -0.407328 -0.205069 -0.009383 -0.543334
-0.193765 -0.684729 0.889394 -0.171540 -0.086451
0.669579 -0.346686 0.670252 -0.392886 -0.349247
0.278329 -0.089112 0.651623 0.517132 0.069489
0.110338 -0.119108 -0.199021 0.208238 -0.482106
0.430889 -0.160445 0.947072 0.104034 -0.536727
0.524734 -0.170967 0.022017 0.160974 -0.276030
-0.434144 -0.487257 -0.400728 0.006408 -0.785573
0.262073 -0.440647 0.568545 -0.167687 -0.640203
-0.874331 -0.145486 0.724814 0.270821 0.139729
0.665590 -0.209683 1.155109 -0.603692 -0.566560
-0.200039 0.433778 -0.329840 0.048317 -0.556177
-0.050701 -0.293683 1.189756 -0.326974 -0.586790
-0.522413 0.132167 0.407062 0.431254 -0.333669
0.092951 -0.356163 1.107146 0.746238 -0.263724
0.321685 0.107479 0.946813 0.508821 -0.112281
0.101166 -0.292428 0.661117 1.296766 -0.889226
0.525589 -0.204516 0.546987 0.332853 -0.918441
0.591032 -0.092866 0.647916 0.039463 -0.078835
0.358671 -0.441521 0.667978 0.021488 -0.316540
0.283879 -0.191511 0.233920 -0.193288 -0.286827
-0.055962 0.408344 0.120265 0.117226 0.071279
0.023955 -0.552727 0.277005 -0.672895 -0.358683
-0.172669 -0.253865 0.330071 0.094946 -0.107258
0.778815 0.228961 1.066619 -0.185349 -0.752005
0.318695 -0.044206 0.521004 0.021140 -0.442611
1.142347 -0.030113 1.196366 0.589339 0.204348
-0.104014 -0.737408 0.829344 0.021609 0.104857
-0.197873 -0.647288 0.487210 -0.359395 -0.085927
-0.092530 -0.597974 0.954211 -0.216649 0.099209
0.337454 -0.735535 0.777302 -0.290561 0.549096
0.458200 -0.506155 -0.017766 -0.054718 0.342839
-0.062197 -1.105227 0.607639 -0.105025 0.378253
-0.042492 -0.922617 0.376338 -0.753919 -0.045509
-0.546628 -1.024819 0.384617 -0.471908 -0.174352
-0.161765 -0.211825 -0.529142 -0.345849 -0.055960
-0.028167 0.147032 0.030741 0.454938 -0.234936
-0.375635 -0.968115 0.254720 -0.087998 0.121359
-0.547974 -0.863187 0.698920 -0.838796 0.133784
0.573519 -1.328719 0.197533 -0.244015 -0.490826
0.304816 -0.228477 0.442065 -0.236454 -0.990701
-0.511396 -0.786779 0.528137 -0.496202 -0.359456
-0.383916 -0.668517 0.739776 -0.433621 -0.083422
-1.181278 -1.256445 0.142333 0.184385 0.339654
-0.922017 -0.526562 0.940953 -0.189800 -0.920887
-0.272368 -0.451429 0.484637 0.130342 -0.626839
-1.408723 -0.673791 -0.245996 0.017128 -0.109552
0.015715 -0.423317 0.531755 -0.391888 0.846345
0.017847 -0.127548 -0.006185 0.022139 0.181908
-0.010305 -1.161611 0.633566 -0.809393 0.117515
0.596397 -1.052908 0.080290 -0.854713 0.855827
-0.276248 -0.395561 0.369540 -0.254915 0.008951
0.186701 -0.668673 0.097338 -0.559213 0.406955
0.603135 -0.152493 0.329475 -0.648951 -0.471591
0.300712 -0.915021 0.959818 -0.707423 -0.179961
-0.159016 -0.295740 0.878520 -0.983412 -0.099504
0.232424 -0.502565 0.221919 -0.632102 0.548100
0.129839 -0.470462 0.791540 -0.989082 -0.098903
1.263739 -0.439157 0.026685 -0.353380 0.000320
0.425765 -0.126510 0.410553 -0.747377 -0.689562
-1.042513 -1.130371 -0.159929 0.042259 -0.038752
-0.190947 -0.418552 0.197935 -0.133327 -0.332253
-0.669104 -1.064469 -0.141460 -0.445355 0.896925
0.059950 -0.428930 0.126322 -1.218555 -1.242590
0.201542 -0.526346 -0.620453 -0.771432 -0.294515
0.301646 -1.101503 0.339176 -0.729412 0.257017
0.371762 -0.536346 -0.074014 -1.053668 -0.392562
0.468890 -1.139396 0.118132 -0.994885 -0.183608
0.453124 -0.856469 -0.282673 -0.981365 -0.271679
0.246654 -1.117046 -0.195815 -0.918492 -0.257826
0.463062 -1.037340 -0.049224 -0.995707 -0.163164
-0.029023 -0.677422 -0.690545 -0.691781 -0.222084
0.781823 -1.072118 0.094768 -1.151763 -0.201163
0.235169 -1.446187 -0.147463 -0.812233 -0.043815
-0.108165 -0.505828 -0.613534 -0.567132 -0.392577
-0.139722 -0.618052 -0.528330 -0.373154 -0.546127
0.393787 -0.847396 -0.463321 -1.023999 -0.294511
0.241014 -0.893318 -0.320417 -0.917573 -0.206989
0.203617 -0.532327 -0.415551 -0.913278 -0.372555
0.600371 -1.243815 -0.088173 -0.885454 0.012362
0.442663 -1.037506 0.125721 -1.027839 -0.301226
0.745010 -0.332034 -0.071404 -0.571647 -1.055437
0.438062 -0.876441 -0.196573 -1.118344 -0.143279
0.463062 -1.037340 -0.049224 -0.995707 -0.163164
-0.294338 -0.737821 -0.756357 -0.745598 -0.289612
0.018676 -0.335573 -0.797339 -0.914276 -0.215398
0.288421 -0.885376 -0.156278 -0.818536 -0.574026
0.491511 -1.099462 -0.003636 -1.030692 -0.184398
0.489724 -0.561238 -0.114408 -0.817096 -0.165316
0.345945 -0.862921 -0.185919 -1.192600 0.098540
0.318807 -0.937368 -0.206993 -1.059703 -0.161336
0.322460 -0.919411 -0.200350 -0.860608 -0.310163
0.244516 -0.917359 -0.254024 -0.919107 -0.312881
0.134889 -0.653678 -0.103688 -0.453938 -0.003845
0.748108 -1.045896 0.004422 -1.144986 0.033840
0.561981 -1.411515 -0.014430 -0.830894 -0.034923
0.336779 -0.824814 -0.279065 -1.017626 -0.343089
0.480187 -1.106459 -0.085232 -0.990951 -0.088003
0.157146 -0.382604 -0.956328 -0.653321 -0.312333
0.315672 -0.793166 0.074297 -1.021752 -0.709313
0.205675 -0.951678 -0.180798 -1.019360 -0.195511
0.333823 -1.236826 0.026409 -1.031278 -0.178078
0.397037 -1.283486 0.000916 -0.860074 0.077797
