1.098912 -1.465203 -0.128640 -0.938262 0.336807
-0.087836 0.303123 0.761587 -0.446561 -0.844937
0.215459 -0.153531 1.146085 0.502090 0.057099
0.590647 -1.125933 0.515244 -0.124569 0.311559
0.431016 -1.273384 0.308597 -0.322465 0.259947
0.421558 -0.975531 0.621469 -0.368430 -0.313801
0.624319 -0.505900 0.432372 -1.228956 -0.726567
0.970215 -0.286260 0.566591 -0.582401 0.186471
0.007414 -0.657405 0.465975 -0.099110 -0.160855
0.084669 -0.119984 0.008951 0.038677 0.301494
-0.541614 -0.316201 0.622959 -0.219036 0.578977
0.458196 -0.164007 0.214796 -0.671229 -0.140688
0.536669 -0.455537 0.867215 0.298001 -0.726971
0.594631 -0.702146 0.625217 0.270779 -0.309120
-0.144709 -0.373357 0.662711 -0.509838 -0.750367
0.080225 -0.453569 0.450238 -1.087891 -0.230965
0.140358 -0.523554 0.402338 -0.304432 -0.523608
-0.200712 -0.420715 1.067185 0.507927 -0.809587
0.554436 0.185345 0.364313 0.241163 0.068317
-0.390356 -0.359354 0.541456 0.026029 -0.313078
0.113163 -0.543424 0.417077 -0.449021 -0.516612
-0.407600 -0.595222 0.069166 0.248656 0.097913
0.146452 -0.131454 0.548480 0.059352 -1.051375
-0.150521 -0.436926 0.221816 -0.538944 -0.129815
-0.499722 -0.444752 0.608579 -0.021244 0.671798
-0.065275 -0.525574 0.841134 -0.121733 -0.949224
-0.162570 -0.607322 0.416381 -0.378293 -0.204253
1.098912 -1.465203 -0.128640 -0.938262 0.336807
0.426141 -0.264205 0.649962 -0.331627 -0.436129
-0.096873 -1.483131 0.554455 -0.007373 -0.133728
-0.564742 -0.615964 0.675323 -0.201391 0.513482
0.628818 -0.643772 0.494296 -0.573352 -0.307053
0.416959 -0.703975 0.273229 -0.598153 -0.166070
0.253916 -0.628945 0.252195 -1.007540 0.279397
0.457911 -0.388124 0.487585 -0.366190 -0.047685
0.636947 -0.459037 0.413025 -0.267320 -0.314476
0.069266 -0.683392 0.696749 -0.952862 -0.192172
0.714238 0.287614 0.913028 -0.182410 0.516957
0.784689 -0.517556 0.278901 -0.572617 0.550016
0.578149 -0.942725 0.781650 -0.716233 0.030903
-0.220822 0.371422 -0.078150 -0.473806 -0.252935
0.078247 -0.216530 -0.405083 0.261556 0.117256
1.065725 -0.979647 0.811106 -0.546113 -0.020877
0.655251 -0.722202 0.749203 -0.568012 -0.243114
0.114349 0.447626 0.034129 0.651824 -0.094541
0.447967 -0.241629 0.238347 -0.068630 0.006461
0.133590 -0.355456 0.369918 -0.325927 0.332043
0.398993 -0.770313 0.058284 -0.907456 -0.378884
-0.650705 -0.233719 0.456142 -0.759272 0.021794
0.095958 -0.704356 0.719587 -0.568873 -0.493866
0.499595 -0.880901 0.122197 -0.673274 0.060895
0.199401 -0.156344 0.108084 -0.288430 -0.171005
-0.235699 -0.098596 1.448783 0.259396 -0.702263
0.780725 -0.689239 -0.228661 -0.273317 0.212252
0.333520 0.353887 0.200939 -0.645295 -0.415071
0.083790 -0.354770 1.207169 -0.925882 -0.438200
0.074710 -0.930351 0.391655 -0.174243 -0.452679
-0.176145 0.029800 0.839777 -0.465951 -0.791589
0.307753 -0.389905 0.359739 -0.711049 -1.491030
-0.338128 -0.694231 0.729391 -0.926995 0.380476
-0.246970 -0.591851 0.739514 -1.146689 -0.780294
0.376687 -0.436365 0.621329 -1.026888 -0.429593
0.432749 -0.150330 0.537471 -0.990227 -0.271699
0.649021 0.070599 0.465164 -0.100807 0.553395
-0.256179 -0.550446 -0.004339 -1.026129 0.140990
0.274921 -0.253845 0.614116 -0.889228 -0.175758
0.008098 -0.307349 0.955805 -1.694328 0.092131
0.024197 -0.279793 0.947610 -1.045192 0.011385
0.749122 -0.490377 0.316087 -0.624073 -0.392710
0.975034 -0.505304 0.341669 -0.671795 -0.200254
-0.522918 -0.072719 0.350559 0.005902 -0.547585
0.063321 0.014378 0.531011 -0.280835 0.138764
0.867274 -1.027741 1.022055 -0.840508 -0.609223
0.122711 -0.289093 0.474766 -0.817189 -0.202962
0.437863 -0.588090 0.781872 -0.116651 0.165221
0.677469 -0.550943 0.443129 -0.682146 -0.491466
-0.325186 -1.013821 0.571735 -0.831569 0.974083
0.130071 -0.510333 0.047081 -1.058575 0.303716
0.563213 0.028871 0.276049 -0.542253 -0.223882
0.480947 -0.965133 1.040980 -0.986045 -0.125750
0.096634 0.459413 0.993611 -0.844537 0.318516
0.293336 -0.112531 0.359639 -0.073912 -0.523024
-0.099475 0.285475 -0.049044 -0.020343 0.248008
-0.046963 -0.879691 0.051979 -0.468374 0.306194
-0.128802 -0.147737 0.559986 -0.971747 -0.268481
-0.771517 0.002165 0.203300 -0.189406 0.357467
-0.329562 -0.237319 0.319068 -0.030680 -0.194427
0.410537 -0.137118 0.949816 0.760534 -0.262844
-0.248035 -0.147459 0.789113 -0.190123 -0.563722
-0.236816 0.061796 0.525176 -0.722367 -1.683754
-0.112076 0.115095 0.953574 -0.054491 -0.364548
-0.560065 -0.790633 1.090982 -0.148097 -0.164943
0.607419 -0.517491 0.673187 -0.804464 -0.609717
-0.115025 0.119632 0.522690 -0.813085 -0.366530
-0.430250 0.289602 0.432058 -0.269333 -0.826430
-0.422659 -0.657054 0.866751 -0.068526 -0.260914
0.778313 -0.354328 -0.085276 -0.879551 -1.145150
0.427299 -0.895552 0.015155 -0.917775 -0.128678
0.348086 -0.856133 -0.159818 -0.949170 -0.008178
0.170518 -0.358090 -0.283677 -1.151406 -0.274340
0.018433 -0.402418 -0.633169 -1.177854 -0.652691
0.082774 -0.607157 -0.287982 -1.258659 0.085937
0.452736 -0.478224 0.056553 -0.870178 -0.497941
1.115697 -0.524858 0.013178 -0.676825 -0.297003
0.296257 -0.806519 -0.206723 -1.014162 -0.425959
0.279076 -1.166064 -0.022515 -0.894831 -0.233631
0.377173 -1.038124 -0.112942 -1.081865 0.024791
0.608147 -1.029843 -0.251403 -0.954106 -0.305843
0.273392 -0.589190 -0.265565 -0.867434 0.261548
0.353370 -0.990717 0.193658 -0.801090 0.074991
0.238252 -0.714989 -0.317465 -1.068920 -0.081927
0.391077 -1.016328 -0.054639 -1.028438 -0.144207
0.355659 -1.182599 0.066973 -0.870569 -0.054767
0.421552 -0.978390 0.037300 -0.965313 0.256450
0.134543 -0.827815 -0.179326 -0.922278 -0.358365
0.374910 -0.997716 -0.219669 -0.925306 -0.212931
0.676735 -0.986866 -0.113627 -0.833864 0.111538
0.279783 -0.551973 -0.368553 -1.008404 -0.283919
0.135829 -0.671336 -0.307931 -0.818093 -0.270727
0.221204 -0.613812 -0.408281 -0.975888 -0.261391
-0.022364 -1.127150 -0.598566 -0.768167 -0.369098
0.105100 -0.653583 -0.539227 -0.759760 -0.328720
0.186729 -0.461760 -0.834292 -0.847473 -0.272251
-0.735206 -0.126259 0.072513 -0.646348 -0.719328
