0.334846 -0.164615 0.626802 -0.002267 -0.462284
0.267086 -0.357748 0.771433 -1.156809 -0.013655
0.303830 -0.863821 0.325223 -0.455392 -0.002402
-0.058486 -0.652828 0.676356 0.032551 -0.630847
-0.492654 0.496176 0.215708 0.019341 -1.089331
0.905460 -0.822104 -0.048939 -0.771711 -0.847778
-0.066210 -0.376017 0.198278 0.188499 -0.497093
0.679498 0.083195 0.372200 -0.104645 0.422450
0.706355 -0.659992 0.757843 -0.926282 -0.280023
-0.255534 0.261958 1.283185 -0.877039 0.237140
-0.279718 -0.418407 0.820326 -0.065494 -1.128457
0.521925 -0.074356 0.230424 -0.024828 -0.585217
0.940242 -0.709014 -0.040236 -0.308909 -0.102654
-0.266561 -0.699819 0.564127 0.599744 -1.084806
0.522824 -0.621456 0.132550 -0.557207 -0.352569
0.473035 0.401758 0.895552 -0.339798 -0.304173
-0.087833 0.092111 0.413395 0.498060 -0.702503
-0.468916 -0.956747 -0.207008 0.338991 -0.642184
-0.078658 0.974556 -0.055432 0.442111 -0.980115
-0.891139 0.364964 0.906119 -0.265849 -0.178129
-0.687865 -0.137604 1.084584 -0.113477 -1.369477
0.915417 -0.308721 0.252057 0.340624 -0.245655
-1.316900 -0.127160 0.402273 -0.215585 -0.592355
0.175169 -0.750498 0.720224 -0.422878 0.112385
-0.099788 0.230742 0.775621 -0.205996 -1.543097
-0.281880 -0.805844 0.341921 -0.082092 -0.775374
-0.568699 0.292778 0.739498 -0.515694 -0.277437
-0.267126 -0.498590 0.483975 0.168379 -0.367937
-0.094376 -0.684374 0.715167 0.450404 -0.081259
0.099797 -0.957894 0.353259 -0.070727 0.144782
0.180729 -0.115044 0.928568 -0.360049 -0.102992
0.160185 -0.656277 0.649447 -0.625388 -0.437147
0.037129 -0.298502 0.918307 -0.001770 -0.342717
0.078269 -0.613591 0.224301 -0.207588 0.495681
-0.363635 -0.064768 0.614173 -0.720338 -0.308242
0.550656 -0.022232 0.798607 -0.543839 -0.148902
-0.170660 -0.371020 0.472179 0.360304 -0.007135
-0.266114 0.003824 0.405372 -0.181852 -0.232428
-1.094275 0.715900 0.479903 -0.215514 0.145233
-0.218882 0.659085 0.340113 0.186891 -0.661495
0.049474 -0.333766 0.738345 -0.170195 -0.284442
-0.526386 -0.687694 1.130411 0.407410 0.168504
0.081627 -0.627469 0.523978 0.005944 -0.157012
0.563486 -1.181297 0.747820 -0.569969 -0.032120
-0.363292 -0.234523 0.405825 0.195841 -0.047405
0.252806 -0.663916 0.787292 -0.408569 0.042965
-0.388400 0.320656 -0.138444 0.339037 -0.436452
0.348191 0.157695 0.064254 0.198547 -0.246044
0.034372 -0.741311 0.524332 -0.136812 0.256319
0.255741 -0.577018 0.249148 -0.651819 -0.514655
-0.320400 -0.290434 0.203669 -0.542181 -0.149243
-0.068080 -0.613889 0.631675 -0.803165 -0.701170
-0.007315 -0.252216 0.415215 -0.965775 -1.306343
-0.061641 -0.140772 0.059385 0.114697 -0.943070
0.149891 -0.927714 -0.098829 -1.058418 -0.909325
0.825662 -0.739383 0.088740 -0.107657 0.152334
0.230186 0.055095 -0.186107 -0.813712 -0.908832
-0.577311 -0.148665 0.718129 -1.110688 -0.550621
-0.310615 0.228634 0.784615 -0.828966 -0.747485
-0.123344 -0.419261 0.895523 -0.678811 -0.256885
-0.096485 -0.297222 0.347281 -1.208701 0.032690
0.072966 -0.458546 0.657019 -0.078751 -0.425699
-0.848349 0.382914 1.200196 -0.398842 -0.490829
0.322134 -0.701797 -0.233572 -1.023216 -0.388788
0.299991 -0.647581 -0.220041 -1.142244 0.032429
0.271416 -0.321876 -0.184699 -0.799385 -0.040215
0.349871 -0.677381 -0.390035 -0.912223 -0.264763
0.215379 -1.031383 -0.371823 -0.743389 -0.273780
0.551341 -1.169967 -0.262827 -0.865514 -0.344511
0.195142 -0.841994 -0.275208 -0.897218 -0.287210
0.003952 -0.905889 -0.039372 -1.198744 -0.380008
0.124459 -0.431173 -0.075393 -1.023223 -0.698043
0.296215 -1.057696 -0.008937 -0.999210 -0.201042
0.170565 -1.035421 0.160815 -1.010885 0.214736
0.072041 -1.174847 0.111579 -0.531029 -0.213461
0.390570 -0.908879 -0.075019 -1.074107 -0.086525
0.421211 -1.164997 0.274085 -0.955117 -0.391242
0.494427 -1.135917 -0.041884 -0.937188 -0.244817
0.424109 -1.130398 0.258952 -0.963308 -0.074680
0.524823 -1.010740 0.247561 -0.713512 -0.112465
0.126387 -0.913576 -0.277882 -0.935180 -0.266499
0.566879 -0.882838 0.848054 -0.570677 -0.479172
0.376852 -1.163659 -0.055748 -0.954439 -0.136624
0.837039 -0.439326 1.066881 -1.289505 -0.723057
0.692433 -0.996203 -0.144096 -0.929168 -0.193470
0.096957 -1.087952 -0.094772 -1.140596 -0.114697
0.452294 -1.152164 -0.151304 -0.887401 -0.249804
0.062057 -0.989016 -0.416340 -0.705133 -0.074237
0.232864 -0.620251 -0.469778 -0.823650 -0.532026
0.339785 -0.686805 0.315538 -0.331241 -0.444173
0.257371 -0.588046 -0.562737 -0.899889 -0.349463
