-0.000668 0.468081 0.946025 -0.293265 -0.333810
0.697570 -1.059641 -0.038447 -0.464852 -0.677987
0.859120 0.254217 0.126087 -0.621202 -1.031033
-0.156781 0.470185 1.127514 -0.334271 -0.219341
0.355667 0.012286 0.837366 -0.320353 -0.209017
1.095986 -0.330547 0.559914 -1.091960 -0.173504
0.891617 -0.306214 -0.000549 -0.875846 0.021189
0.767660 -1.012672 0.510756 -0.925113 -0.485999
0.059055 -0.285150 0.493907 -0.517931 -0.363923
0.279922 -0.546819 0.858555 -0.571386 -0.782255
-0.469652 0.149518 0.979423 0.327617 -1.036051
0.116939 0.375291 1.228986 0.256403 0.159044
0.546316 -0.310097 0.047197 -0.881997 -0.623651
0.187230 -0.232272 1.014733 -0.664790 -0.355743
-0.077668 -0.404493 0.646746 0.135275 -0.185294
0.545436 -0.616932 0.273624 -0.523194 0.136527
1.121823 -0.348218 -0.460582 0.042706 -0.407836
-0.334326 0.084057 0.685293 -0.991484 -0.337538
0.250048 -0.277137 0.106791 0.492040 -0.040831
-0.413194 -0.273655 0.629261 0.514635 0.124151
0.934881 0.241428 0.808374 -0.281418 -0.076632
1.011410 -0.523157 -0.012892 -0.061280 -0.614493
0.309661 0.226247 0.377255 0.337924 -0.335719
-0.061461 0.082836 -0.374605 0.240089 -0.619617
1.109095 -0.263582 1.109922 -0.551980 -0.600866
-0.237470 -0.264008 0.284754 -0.412221 -0.062956
0.543367 -0.206868 0.696587 -0.749539 -0.609257
-0.359247 0.309323 -0.042502 -0.639287 -0.894448
0.327419 -0.117434 1.001170 0.023052 0.031082
0.736713 -0.082651 0.928389 -0.627020 -0.591441
-0.006207 -0.763615 0.262407 -0.158061 -0.462161
-0.032899 -0.169268 0.992879 -0.277591 -0.741506
0.845981 -0.257123 0.455078 -0.141483 -1.196190
0.555722 -0.903731 0.428017 -1.091505 -0.361248
0.216854 -0.347978 1.489671 -0.341173 -0.669557
1.008820 -0.428895 0.494336 -0.453922 -0.795075
0.448324 0.322581 0.389940 -0.446952 -1.193254
0.066392 -0.270419 0.057163 -0.895544 -0.108562
0.279859 -0.709358 0.593545 -0.229020 0.449989
0.496640 -0.690561 -0.254599 -1.038763 -0.193768
0.267250 -0.394069 0.253602 -0.350989 -0.591165
1.015243 -0.692883 0.641301 -0.087894 -0.437544
0.861832 -0.829136 -0.884619 0.204007 -0.730721
-0.108519 -0.357121 0.250535 -0.292618 -0.220615
0.045458 -0.483474 0.002259 -0.038606 -0.875772
1.012297 -0.834056 -0.184788 -1.194426 -0.543578
-0.673383 -0.721272 0.384181 -0.613580 0.252366
-0.955875 0.612353 -0.223659 -0.383444 -0.388550
0.268127 -0.209830 0.918260 -0.867204 -0.331464
0.512155 0.158987 0.350494 -0.444072 -0.285231
-0.138169 -0.032371 0.326446 -0.577438 0.351246
0.149494 -0.495983 0.433817 -0.039439 -0.325176
-0.217882 -0.262212 0.642409 -0.968456 -0.323868
0.790725 -0.011765 0.477072 -0.533081 -0.099682
0.156523 0.297886 0.313901 0.227861 -0.318674
0.267704 -0.789800 0.259245 0.112797 -0.013801
0.747958 0.020408 0.365795 -0.152912 -0.834745
-0.489516 0.237410 0.395293 -0.255996 -2.075479
-0.423482 -0.961824 0.901524 -0.770476 -0.382292
-0.359247 0.309323 -0.042502 -0.639287 -0.894448
0.494292 -0.405708 0.618268 -1.222137 0.139530
-0.031680 -0.744656 0.705710 0.522563 -0.321386
0.580613 0.246616 1.078424 -0.007012 -0.410618
0.513847 0.091915 0.906573 -0.013451 -0.560029
0.427529 -0.226810 0.167174 -1.023851 0.413076
0.015444 -1.109146 0.310599 0.210301 0.462372
-0.052273 0.361247 0.580493 -0.379320 -0.105057
0.160388 -0.660531 -0.166154 -0.301246 -0.551132
-0.268050 -0.123071 0.587310 -1.035114 -0.312992
0.437645 -0.654221 0.199673 -0.482182 0.136749
0.610678 -1.010049 -0.071258 -0.069649 0.078404
0.643407 -0.063484 0.495814 -0.829374 -0.020644
0.030799 -0.634168 0.448855 -0.029350 -0.180030
-1.071401 0.316282 0.498968 0.424830 -0.274519
0.212747 -0.488685 0.733087 -0.581672 -0.810029
0.679539 -1.073997 1.026909 -0.182113 -0.232640
0.065990 -0.200551 -0.252129 -0.161209 -0.961565
0.087831 -0.063635 0.906542 -0.707195 -0.853485
-0.043066 -0.107421 0.583864 0.042507 -1.330558
0.182049 -0.594603 0.280257 0.104685 -0.708482
-0.298734 -0.248939 -0.021299 0.172340 0.447285
-0.053617 -0.437529 0.471421 -0.582794 0.087408
0.126894 -1.005658 -0.571203 -0.558372 -0.204701
0.833166 -0.699259 0.106269 -1.128719 -0.527543
0.500528 -0.964958 -0.126065 -0.934189 -0.309685
0.439359 -1.115545 -0.004055 -0.855735 -0.210998
-0.026473 -0.082129 -0.101005 -0.611780 -0.439502
0.407631 -0.882195 -0.172664 -0.949864 -0.125994
0.494378 -0.885751 -0.358444 -0.941906 -0.310358
0.574419 -1.023529 -0.066611 -1.054831 -0.291817
0.342627 -1.076871 -0.043221 -1.019234 -0.173420
0.201749 -0.562844 -0.478959 -0.981786 -0.162826
0.318251 -0.689558 -0.360600 -0.859207 -0.553974
0.396950 -0.752803 -0.381063 -0.915144 -0.406852
0.194341 -0.945663 -0.023047 -0.602384 -0.208274
-0.321548 -0.349429 -0.866868 -0.552868 -0.344148
0.178079 -0.792958 -0.182631 -0.994409 -0.392366
0.151535 -0.206028 0.109897 -0.987946 -0.344498
0.457455 -1.278869 -0.470654 -1.178128 0.212323
0.094209 -0.220984 0.162992 -0.763018 -0.618960
0.288952 -0.425268 -0.737236 -0.937207 -0.138573
0.036474 -0.708977 -0.427999 -0.851855 -0.408296
0.466238 -0.979565 -0.098901 -1.047819 0.189805
0.294996 -0.679565 -0.329903 -1.101631 -0.131823
