0.392791 -1.020621 0.896501 0.087659 -0.606743
-0.669727 -0.349680 1.438097 -0.431943 -0.950824
0.063487 -0.935803 0.660189 -0.173271 -0.002025
-1.339083 -0.436299 -0.572255 0.179634 0.603905
-0.385996 -1.295279 -0.080018 -0.438156 0.585759
-1.673350 0.613275 0.089795 -0.322895 -0.125164
-0.459838 -0.779465 0.237653 -0.114780 0.533830
-0.396064 -0.648708 0.269335 0.069583 0.342147
-0.178358 -1.108903 0.830990 -0.075401 -0.164802
0.372329 -0.330420 0.356212 -0.125963 -0.540172
0.420768 -0.638488 0.147233 -0.537699 -0.287078
0.127541 -0.536150 -0.427517 -0.197736 0.840947
-0.875223 -0.786808 -0.142460 -0.109192 0.908215
-0.634404 -0.751307 -0.376492 -0.053175 1.272322
0.385487 -0.570887 0.995297 0.187660 -0.593243
-0.268433 -0.766280 0.494026 -0.127948 -0.199223
0.634620 -0.390643 -0.367608 0.147817 0.161373
-0.068024 -0.494039 0.003883 -0.902679 0.290037
0.216106 -0.709488 0.178088 -0.618604 -0.113560
0.586291 -0.608673 0.157435 -0.688627 -1.899887
0.322823 -0.261792 0.612589 -1.259361 0.970231
0.767571 -0.468364 0.411194 0.201943 -0.918579
-0.009131 -1.135387 0.300316 -0.684292 -0.077295
-0.990201 -0.606436 0.105433 -0.768932 0.833667
-0.859952 -0.717856 -0.320134 -1.011425 0.404667
-0.135324 0.315160 -0.130073 0.473757 0.289410
0.822013 0.054118 1.162103 -0.463125 -0.394156
0.211452 -0.289173 0.204434 -0.212279 0.317334
1.167002 -0.775728 0.485929 -0.780048 -0.333711
1.090577 -0.423654 0.521367 -0.360699 -0.009382
0.604755 -0.957229 0.059107 -0.833827 -0.022103
-0.601190 -0.183220 0.548237 -0.970782 0.657680
-0.371949 0.383653 0.791284 -0.876237 -0.373056
0.202296 0.191195 1.034189 -0.827238 -0.006707
-0.577440 -0.118257 0.445300 -0.546585 -0.194821
0.269278 -0.139026 0.774684 -0.732842 0.316446
-0.003005 -0.361565 0.490713 -0.170423 0.353972
-0.146410 0.106710 0.916963 -1.079973 -0.137969
-0.110597 0.393048 0.782985 -0.782562 0.182353
0.110958 -0.164302 0.567917 -0.961620 -0.151341
0.008491 0.289782 0.904360 -0.861355 0.046257
-0.236614 -0.406283 -0.673793 0.206649 0.057912
1.179471 -0.709752 0.289838 -0.618291 -1.095921
0.064408 0.334425 -0.169071 0.719167 -0.544373
0.682261 -0.479609 0.987732 -0.485418 -0.626288
-0.720209 -0.512706 -0.420126 0.381994 0.041859
0.302714 -0.633108 -0.561288 0.680824 -0.303441
0.129253 0.080888 0.242678 -1.107793 0.319317
0.065798 -0.395108 0.898315 -1.279069 -0.386182
-0.183047 -0.239609 0.210238 -1.405182 0.233703
0.178763 -0.179943 0.345353 -1.460169 0.103717
-0.459153 0.313352 0.570246 -1.047065 -0.407313
0.761398 -0.604798 0.273133 -1.102036 -0.481002
0.629813 -0.869903 0.222375 -0.769015 -0.777343
-0.326323 -0.633338 1.094933 -0.750973 -0.353678
-0.100643 0.617311 1.270591 -1.463300 0.596748
-0.973190 0.088735 1.018062 -0.421356 -0.244103
-0.332048 -0.377650 0.813071 -0.703617 -0.299029
0.843510 -0.177023 0.569042 -0.219673 -0.384312
-0.396701 -0.489171 0.524403 -0.374921 0.222946
-1.454376 -0.335408 0.116390 -0.079666 -0.533286
-0.445717 -0.851993 -0.084133 -0.352198 0.110068
0.007754 -0.718934 0.764244 -0.783861 0.210225
-0.022477 -0.910128 0.649603 -1.158589 -0.245274
0.621300 -0.366788 0.479993 -0.881331 -0.806360
0.157772 -0.153373 -0.428767 -1.100309 -0.570927
0.389322 -0.015936 0.523692 -0.211383 -0.780566
0.434084 -0.663687 0.204275 -0.468498 0.249330
-0.221849 -0.362438 0.385310 0.322897 -0.146286
-0.957293 0.104955 0.492047 -0.887482 -0.275337
0.286009 -0.522158 -0.036800 -0.898719 -0.423924
0.162067 -0.905327 0.019552 -0.941022 -0.461626
-1.138467 -1.128165 0.711310 0.079384 0.269406
-0.398981 0.017051 0.565061 -0.812786 0.141464
-0.378936 -0.085602 0.522030 -0.466970 -0.351110
-0.070946 -0.151345 0.445380 -0.834244 -0.168646
-0.244103 0.224289 0.749262 -0.585172 -0.542435
1.007268 -0.950064 0.371141 -0.995597 -0.201144
0.347866 -1.279779 0.154221 -0.246984 -0.611434
0.441028 -1.139056 -0.087174 -1.043707 -0.109340
0.194632 -0.872135 0.290108 -0.828907 -0.300375
0.070148 -0.391805 -0.571500 -0.889926 -0.431588
0.257468 -0.706637 0.185195 -0.464489 0.150754
0.017871 -0.254667 -0.701290 -0.952885 -0.422314
-0.135585 -0.228531 -0.836573 -0.742252 -0.436015
-0.338831 -1.358465 -0.308624 -0.360596 -0.358440
0.005663 -0.579631 0.080473 -0.529447 -0.343862
0.525904 -0.847199 -0.097836 -1.117128 -0.272879
-0.013522 -0.208821 0.200701 -1.674736 -0.016525
0.530568 -1.255766 -0.260373 -1.062941 0.473822
0.042432 -0.862220 -0.240869 -0.446434 -0.697298
0.644762 -0.801899 -0.179803 -1.047980 -0.248148
0.259145 -1.066075 -0.083761 -0.861393 -0.349397
0.487012 -1.100306 -0.135235 -0.867367 -0.315905
0.367500 -1.070421 0.076715 -0.982067 -0.206085
0.420819 -0.928887 -0.075031 -1.116368 -0.260504
0.526625 -0.991610 -0.108795 -1.019228 -0.136287
-0.051526 -1.481227 0.594757 -0.847575 -0.092393
-0.097426 -0.837560 -0.576530 -0.733797 -0.050984
-0.382113 -0.863318 -0.153556 -0.621990 -0.497756
-0.561470 -0.724772 -0.302402 -0.781693 -0.352903
0.205220 -0.612012 -0.337016 -1.038983 -0.256044
0.240567 -0.572851 -0.468569 -1.054899 -0.256680
0.458938 -0.985627 -0.421563 -0.567673 0.183744
0.382708 -0.776234 -0.337316 -0.975289 -0.415239
0.337421 -0.901650 -0.149560 -1.034251 -0.431733
0.503039 -0.527370 -0.576713 -1.091669 -0.346947
