0.507220 -0.310583 0.390043 0.064710 -0.239439
0.776632 -0.167401 0.359455 0.424592 -0.174918
-0.675624 -0.196861 0.330478 -0.641510 -0.129534
-0.003213 -0.367512 1.262779 -0.478388 -0.297508
0.884454 -0.950582 0.787379 -0.537286 -0.015145
1.001438 -1.463164 -0.106461 -0.698364 -0.291588
0.587259 -0.625617 0.462424 -1.131131 0.637401
-0.331334 -0.693778 0.578419 0.010470 -0.242002
-0.131625 -0.626549 0.312820 0.092784 -0.271254
0.251848 -0.878608 0.489760 -0.459553 -0.315214
-0.139945 -1.392721 0.405531 -0.390576 0.878389
-0.594614 0.347311 0.524140 -0.010705 0.136373
0.243825 -0.590516 1.226499 0.137725 -0.202403
0.255055 -0.567737 0.944426 -0.415541 -0.164308
0.826728 -0.644208 0.384638 -0.196569 0.143368
0.331263 0.272317 0.226514 -0.150679 -0.042838
0.312150 -0.446205 1.115021 -0.662100 0.290127
0.117814 -0.356938 0.393832 0.120458 -0.300841
0.781387 -0.406129 0.344275 0.300882 0.444312
0.147162 -0.309968 0.538821 -0.270728 0.206404
0.106421 -0.534246 -0.294933 -0.324695 -0.023017
0.782924 -0.330302 0.630659 -0.619534 -0.224045
0.587345 -0.248168 0.122844 0.592609 -0.522918
0.462809 -0.165308 0.717831 -0.319308 -0.483816
0.538664 -0.815858 0.235860 0.461004 -0.841357
0.649185 -0.602634 0.579298 -0.089714 -0.589401
0.476418 -0.848569 0.477651 -0.649260 -0.018720
0.034037 -0.237857 0.571906 -0.912656 -1.343604
0.052699 -0.198600 0.524781 -0.995481 0.107622
0.623751 -0.420092 0.557595 -0.751914 -0.094440
0.412546 -0.441853 1.314198 -0.164343 -0.277389
0.199452 -0.194451 0.351782 0.770645 -0.165819
0.865438 -0.633888 0.443463 -0.220183 0.207584
0.105169 -0.221598 0.543580 0.184972 -0.670252
0.539803 0.495173 -0.135751 -0.113957 -1.117324
0.197916 -0.613268 0.624720 -0.342259 -0.215058
0.063187 0.005767 0.116120 -0.031072 -0.613540
0.399127 -0.272400 0.687133 -0.188315 -0.313851
0.073577 -0.448880 0.740723 -1.184306 -0.102151
-0.245388 0.094261 0.830099 -0.867831 -0.176160
1.001438 -1.463164 -0.106461 -0.698364 -0.291588
0.676559 -0.302933 0.612191 -1.226232 -1.142287
0.360351 -0.554232 0.400541 -0.367686 -0.481646
-0.815186 -0.254590 0.429610 0.103565 -0.358438
0.547769 -1.021562 -0.160967 -0.946970 -0.386710
0.275072 -0.748395 0.418455 -0.305844 -0.076878
0.228209 -0.164866 -0.039292 -0.986625 -0.580789
0.200545 -0.343618 0.245880 -0.487514 -0.684201
0.146558 -0.617629 0.588390 -0.722559 -0.414446
0.464637 0.035741 0.352189 -0.339867 -0.393817
0.447555 -0.163830 0.358601 -0.459695 0.173899
0.169869 -0.327172 0.604298 -0.779950 -0.436833
0.616479 -0.570467 0.677273 -0.435033 -0.348099
0.191371 -0.282851 0.360146 -0.895396 0.342920
0.243661 -0.300408 0.842622 -1.277207 0.193134
0.199173 -0.217490 0.435262 -1.029782 -0.439082
0.312174 -0.882446 0.253646 -0.393885 -0.332114
0.780368 -0.690670 0.396839 -0.646830 -0.284209
0.327352 -0.126141 0.596320 -0.732530 -0.195182
0.176862 -0.198425 0.501287 -0.311804 0.039762
0.674631 -0.252913 0.152361 -0.655939 -0.115351
0.844668 -0.380578 0.534907 -0.739184 0.103778
-0.878033 -0.486091 0.770805 0.140148 -0.561551
0.075384 0.116726 1.015450 0.261006 -0.366895
0.187671 -0.837675 0.732917 -0.978375 -0.506596
0.370792 -0.135404 0.548431 -0.658439 -0.051059
0.796160 -1.017104 0.273323 -0.835649 -0.215523
1.327267 -0.573395 0.879410 -0.410092 -0.468010
0.998062 -0.272010 0.411800 -0.366611 -0.423042
0.060887 -0.202981 1.187997 -0.091255 -0.586311
0.079742 -0.647176 0.759039 0.135263 0.362751
0.472039 0.010336 0.793860 -0.162248 -0.067764
0.342619 -0.257780 -0.180592 -0.687054 -0.563108
0.559556 -0.296088 0.753567 -0.224910 -0.467236
0.980646 -0.276743 0.040016 -0.026115 -0.366958
-0.828058 0.833482 0.179305 -0.619262 0.354592
0.032118 -0.010986 0.474539 -0.176579 -0.141045
-0.130360 -0.119329 1.005023 0.062728 -0.211267
0.104836 0.175812 0.795232 -0.577191 0.078034
-0.303836 -0.150819 1.318192 -0.365850 -0.602193
0.475697 -0.395405 0.587993 -0.711950 0.481143
0.074570 0.086669 0.212999 -0.898883 0.067101
0.305901 -0.790388 -0.044936 -0.821554 -0.814070
0.318884 -1.170860 -0.365828 -0.220697 -0.291114
0.317048 0.188109 0.594993 0.146413 -0.820791
-0.261831 0.138842 0.435035 -0.068780 -0.459683
0.125878 -0.449891 0.049354 -0.535617 -0.188201
0.381399 -0.219758 0.473041 0.064201 -0.886186
-0.203283 -0.724434 0.939011 -0.114819 -0.271032
-0.108486 -0.127840 0.426804 -0.500478 -0.885921
-0.066491 -0.000101 0.631514 -0.109127 -0.122232
-0.284050 -1.181237 0.470224 0.367187 0.042405
0.076482 -0.755987 0.307070 -0.737737 -0.321242
0.188691 -0.226388 0.699964 -0.857673 -0.203640
0.160376 -0.650960 0.528623 -0.738766 -0.016813
0.337197 -0.265484 1.153629 -0.246775 -0.048970
0.168078 -0.091142 0.058879 -0.765991 0.180316
-0.165418 -0.081310 0.974345 0.247573 -0.169660
-0.139511 0.349461 0.919262 -0.512264 -0.293948
0.924758 -0.823525 0.574860 -0.367534 -0.547140
0.108310 0.107853 0.167038 -0.164185 -0.235813
0.267876 -0.196702 0.729940 -0.892566 0.099686
0.377676 -0.400933 1.148188 -0.862151 -0.668704
0.148379 -0.573802 0.158692 -0.339220 0.055851
0.216381 0.071788 0.679753 -0.493981 -0.232351
-0.879866 -0.248745 1.455363 -0.647114 0.232313
-0.643815 -0.847072 0.139633 -1.238651 -0.286673
0.029856 -0.271338 0.724103 -0.565396 -0.523980
-0.617126 -0.782937 -0.358765 0.099124 -0.695203
0.367537 -0.029942 -0.246954 -0.847500 0.129141
0.417323 -0.131596 -0.129285 -0.892404 -0.388876
0.197479 -0.137065 0.362745 -0.277529 -0.669640
0.486455 -1.005335 -0.190052 -0.798290 -0.423403
0.374106 -1.013335 0.166844 -1.013520 -0.194873
0.290141 -0.934778 0.084490 -1.097233 -0.092719
0.359250 -1.277523 0.323934 -1.092799 -0.157015
0.267972 -0.884498 -0.454483 -0.839006 -0.354124
0.200616 -0.957748 -0.109097 -0.788336 -0.383738
0.444645 -1.134745 0.005288 -0.965533 -0.189213
0.464179 -1.037330 -0.138074 -0.919000 -0.218383
0.523619 -1.208666 0.311095 -1.185692 -0.158447
0.038036 -0.542026 -0.620687 -0.367393 -0.195216
0.397312 -1.160959 -0.061443 -0.851676 0.049224
-0.167335 -0.987521 0.010428 -0.489244 -0.088025
0.461870 -0.890272 -0.161769 -1.065315 0.045586
0.650384 -0.350916 0.110849 -0.864768 -0.623309
0.553615 -0.902561 -0.088628 -1.123235 0.035964
0.341489 -0.835271 -0.181615 -0.941321 -0.324148
0.254705 -1.083144 -0.019064 -0.914744 -0.240078
0.284838 -0.699245 -0.274610 -0.865283 -0.078921
0.411802 -1.042070 -0.149563 -0.998635 -0.186457
0.208451 -0.743500 -0.387990 -0.965681 -0.262120
0.321491 -1.026120 -0.089945 -0.996499 -0.192606
0.136928 -0.868243 -0.148618 -0.988940 -0.252163
0.101505 -0.895969 -0.263458 -1.103259 -0.109930
0.521609 -0.907793 -0.109181 -0.997763 -0.138683
0.278757 -0.825654 -0.145807 -1.047054 -0.378555
-0.156100 -0.433152 0.078141 -0.333720 -0.459066
-0.046167 -1.086509 -0.251461 -0.958342 -0.121279
0.280012 -0.918909 -0.395750 -0.804015 -0.212959
0.386349 -0.785496 -0.387713 -0.807585 -0.346413
0.359538 -0.627233 -0.404880 -1.030868 -0.220011
0.602370 -1.147826 -0.090284 -0.912619 -0.083761
0.448460 -1.179312 -0.156298 -0.934738 -0.255619
0.185200 -0.410804 -0.738221 -0.915926 -0.330342
0.295319 -0.399755 -0.850881 -1.002782 -0.239463
0.053678 -0.369957 -0.754015 -0.895221 -0.249244
0.491312 -1.260696 -0.108286 -1.097883 -0.203888
0.520038 -1.135366 -0.128451 -1.072295 0.087840
0.265774 -0.441988 -0.893149 -0.911248 -0.323993
0.312254 -0.382134 -0.828230 -1.040968 -0.364093
0.343522 -0.576058 -0.466310 -0.907156 -0.341762
0.389856 -1.178824 0.025464 -0.936117 -0.253651
0.469954 -1.156971 -0.110094 -0.990904 -0.146467
0.293845 -0.950555 -0.162437 -0.948393 -0.483850
0.402477 -0.547055 -0.579826 -0.997739 -0.375955
-0.160449 -0.243791 -0.686112 -1.184996 -0.583007
0.248006 -0.814572 -0.394591 -0.931563 -0.193477
0.402855 -0.046327 -0.024330 -1.311594 -0.505719
0.293690 -1.118155 0.259311 -1.031128 -0.369606
0.342731 -0.916874 -0.226418 -1.112117 -0.179737
0.211899 -1.223930 0.103479 -1.372877 -0.303727
-0.080242 0.053536 0.170072 -0.272328 -0.603057
0.381305 -0.820318 -0.277218 -1.013852 -0.202208
0.184925 -0.612972 -0.442751 -0.928791 -0.166145
0.405450 -0.962451 -0.173811 -1.005135 -0.318887
0.502761 -1.041229 -0.033633 -0.891044 0.021835
0.187068 -0.604528 -0.111001 -0.763447 -0.259339
0.497487 -0.849034 -0.327082 -1.053584 0.164630
0.645051 -1.079117 -0.128502 -1.107196 -0.024817
