-0.866846 -0.000550 1.004595 0.299335 -0.602061
0.611079 -0.162273 0.170146 -0.669051 -0.700283
-0.156544 0.546961 0.922577 -0.821565 -0.807729
0.048808 -0.176303 0.140794 -0.961951 0.760552
-0.765713 0.176748 0.652209 -1.086642 -0.003406
0.391157 -0.616378 0.071829 -0.904569 0.021588
0.274340 -0.135381 0.003413 -0.352841 0.168544
0.795577 -0.307639 1.010937 -0.706966 -1.027503
0.147627 -0.557260 1.013303 0.607998 0.173189
-0.280948 -0.049483 0.556383 0.284778 -0.240280
0.006100 -0.711213 0.713008 0.673136 -0.031120
-0.168622 -0.086540 -0.514784 0.315896 -0.160774
0.562079 -0.569620 0.386967 -1.089620 0.161881
-0.974730 0.196024 0.458728 -0.385040 0.306923
-0.241889 0.493943 0.004404 -0.106349 -0.522095
-0.364498 -0.303350 1.255484 -0.276250 -0.534343
-0.226668 0.705028 -0.152265 0.192384 0.257517
-1.020926 -0.408910 0.055561 -0.574083 0.016794
0.095945 -0.689690 0.793855 -0.348909 -0.812188
0.441202 -0.473345 0.801695 -0.197284 0.222496
0.229834 -0.456127 0.157941 -0.422577 -0.310570
0.754272 0.129507 0.478764 0.956524 0.175119
0.251652 -0.059875 0.305200 -0.700234 0.510354
0.442359 -0.043726 -0.035498 -0.015068 -0.635180
-0.570060 -0.533904 0.558278 0.119269 -0.401050
0.250734 0.101321 0.577949 0.875081 -0.478168
-0.360514 -0.924217 0.284436 0.092656 0.614861
0.449423 -0.590104 0.259073 -0.292697 -0.735539
0.171880 0.106769 0.880591 -0.031426 -0.780673
0.298470 -0.159804 0.512051 0.062877 0.718115
0.086616 0.824135 -0.313473 0.312046 -0.232570
1.234120 -0.294594 1.233833 -0.291623 -1.004376
-0.328004 -0.534305 0.218783 -0.152826 0.127536
0.184846 0.905727 0.545488 -0.426440 -0.624066
0.550790 -0.775599 0.534218 -0.136587 -0.044684
0.168504 -0.193189 0.891220 -0.382400 -0.755368
-0.231484 0.507435 0.895403 -0.194174 0.060670
0.463250 -0.037754 -0.554115 -0.686344 -0.791368
0.012252 -0.968955 0.202438 -0.456086 -0.408965
0.058688 -0.335559 0.238410 0.214554 -0.873716
-0.406291 -0.296194 1.172341 0.526711 -0.537615
0.277071 -0.118058 0.762978 -0.554152 0.211407
0.850030 0.684717 0.758550 -0.420516 -1.017363
0.178060 0.632013 0.355535 -0.002972 -1.676114
0.046193 0.522380 -0.078452 -0.423551 -1.410849
-0.663088 -0.278776 -0.336860 -0.083455 -0.435851
0.200695 -0.161732 -0.120610 -0.325757 -0.912985
0.318413 -0.011461 0.236447 -0.154800 -1.119166
0.018638 -0.500826 0.393949 -0.494144 0.427979
0.947542 0.007614 0.470533 0.155764 -0.471380
-0.023000 -1.176010 0.451779 -0.629018 -0.716637
0.149187 -0.923260 0.362849 -0.403600 -0.210954
-0.613158 -0.663175 0.737457 0.099148 -0.123426
0.303005 0.359126 1.100417 -1.202960 0.283736
-0.566172 0.107244 0.697114 -0.865103 -0.286462
-0.118267 0.462934 0.762478 0.380047 -0.053423
-0.732319 -0.048856 -0.273143 -0.656804 0.083004
0.132649 -0.947156 0.070555 0.015611 0.031883
-0.597724 -0.127990 0.289135 -0.094645 -0.551728
0.702976 -0.529686 0.288924 0.245070 -0.505105
0.285920 -1.319229 0.686059 -0.493203 -0.132864
-0.187177 -0.815374 0.129693 -0.295819 0.378493
0.884331 -0.236248 0.711295 -0.250172 -1.122780
1.012171 0.195184 0.183670 0.089572 -0.484211
0.580579 0.813363 0.630930 -0.110474 -0.713003
0.550614 0.129251 0.716089 0.356073 -1.204319
0.128159 -0.670797 1.002120 -0.187698 -0.007220
-1.524129 -0.898956 0.578446 -0.117496 -1.135857
-0.126321 -0.237465 0.151086 -0.369574 -0.314974
-0.069371 -1.025907 0.434530 -0.018563 -0.156313
-0.391539 -0.232680 0.569331 -0.053766 -0.086772
-0.370878 -0.410589 0.502151 -0.022886 -0.306776
-0.040675 0.385193 1.336970 -0.800893 -0.241889
-0.134232 -0.821247 0.147842 0.035726 0.169264
-0.153807 -0.951449 -0.019219 -0.125462 -0.045882
-0.887792 -0.585242 -0.414569 0.200630 0.418287
-0.829234 -0.818313 -0.391541 0.232664 0.633950
0.218084 -1.028866 0.847419 -0.476210 -0.035051
0.159370 -0.456712 0.952955 -0.316535 -0.187693
0.049335 -0.556726 0.302414 0.184843 -0.080469
0.649216 -0.087912 -0.416702 0.278330 -0.351389
0.555064 -0.141315 -0.069468 0.167718 -0.392733
0.035146 -0.963718 0.089955 -0.029107 -0.102896
-0.180469 -0.605384 0.023062 0.020072 -0.417069
-0.439736 0.137794 -0.119822 -0.187477 -1.338941
-1.509154 0.367548 0.247082 -0.112683 -0.605968
-0.409040 -0.483842 0.662928 0.675466 0.293200
0.026333 -0.557871 0.894580 -0.212631 -0.399949
-0.930001 0.066795 0.870503 -0.021182 -0.814984
-0.455433 0.455460 0.323773 0.031376 -0.308497
0.409628 0.476533 0.917993 0.264365 0.014777
-0.292793 0.844758 0.799193 0.258181 -0.359023
-0.280948 -0.049483 0.556383 0.284778 -0.240280
-0.464219 -0.905040 0.117708 0.549246 -0.143390
1.088600 -0.083038 0.739323 -0.095997 -0.380319
-1.423174 0.055310 1.293804 0.642924 -0.633558
-0.264521 -0.479918 1.316517 0.036221 0.167748
-1.003026 -0.894468 0.447802 0.173627 -0.552376
-0.559059 -0.222079 1.527411 -0.160577 -0.496952
0.542099 0.048830 0.719322 -0.437608 -0.834163
-0.055117 -0.042315 0.307320 0.714093 -0.440304
-0.014696 -0.150677 0.642579 0.302756 -0.655608
0.371991 0.445300 -0.304488 0.597129 0.240941
0.230977 -0.783865 0.948256 -0.239996 -0.633621
0.750428 -0.170334 0.735193 -0.216789 -0.850442
-0.686524 -0.519899 0.851526 0.185631 -0.044972
-0.964805 0.091212 0.576770 0.492601 -0.744410
-0.556340 -0.282269 0.563849 -0.153502 -0.381233
0.158835 -0.094344 0.332530 0.107560 -0.421290
-0.092042 -0.292910 0.402793 -0.758988 0.154927
-0.215046 -0.092244 0.873672 -0.370686 0.023521
-0.389520 -0.193412 0.379705 -0.199568 0.282304
-0.367194 -0.866865 0.553788 -0.121610 -0.343280
0.269135 -1.348300 0.751710 -0.617684 -0.738729
-0.483234 0.016839 0.303518 0.130294 0.036757
-0.340226 -0.052828 0.628952 -0.081274 -0.616376
-0.250075 -0.543649 0.978676 -0.580398 -0.083553
0.599305 0.110453 0.695504 0.262352 -0.160351
-0.442216 -0.821420 0.393632 0.161906 -0.595224
-0.260919 -0.174081 0.434157 -0.347502 -0.797189
-0.166642 0.080111 0.882377 0.135674 -0.710451
-0.274277 -0.878643 0.861427 -0.262599 0.129089
0.606147 0.300327 1.054091 0.172029 -0.382255
0.244191 -0.136041 0.438914 -0.195925 -0.286596
0.443593 -0.733510 0.448334 -0.215007 0.523101
-0.407106 -0.927620 -0.213492 0.408112 0.617023
0.262820 -0.110418 0.541268 -1.043480 -0.126278
0.150139 -0.240522 0.590466 -0.704409 0.112930
0.099735 -0.370755 0.777184 -0.806630 -0.060053
-0.756741 -0.141596 0.588965 -0.352223 -0.575401
-0.013823 -1.001975 0.062378 -1.296631 -0.542397
-0.396397 -0.458017 0.415243 -0.493071 -0.217149
0.284303 -0.490441 0.311251 -0.667448 -0.332209
0.257920 0.144721 -0.143841 -1.206088 -1.178624
-0.087671 0.320274 0.874698 -0.855353 -1.018105
0.410750 -0.664968 0.598144 -0.791107 0.370710
0.423831 -0.198940 -0.157914 -0.424527 -0.926333
0.269135 -1.348300 0.751710 -0.617684 -0.738729
0.650145 -0.335791 0.330473 -0.223795 -0.133917
0.443593 -0.733510 0.448334 -0.215007 0.523101
0.376716 -0.975265 -0.096184 -1.004335 -0.454557
0.308515 -1.121693 -0.249507 -0.949144 -0.405004
0.370318 -0.941873 -0.066883 -0.859202 -0.186543
0.084618 -0.495125 -0.811573 -0.804164 -0.089926
0.229858 -0.717180 -0.200279 -0.904161 -0.565851
0.463221 -1.164187 -0.066722 -1.019394 0.203962
0.267689 -0.825739 -0.070594 -0.869014 -0.254870
0.354185 -0.825536 0.375091 -0.701776 0.287720
0.232027 -0.404623 -0.817717 -0.944182 -0.286112
0.370852 -0.480489 -0.681013 -0.979883 -0.315949
0.206301 -0.677307 -0.466521 -0.777403 -0.461019
0.233545 -0.663762 -0.099607 -1.172720 -0.028127
0.652167 -1.181205 0.005756 -1.069787 -0.206474
0.436028 -0.990051 -0.191511 -0.998637 -0.313528
0.445596 -0.984693 -0.122709 -1.012620 -0.250637
0.522691 -1.117008 0.209475 -1.269062 -0.475436
0.193307 -1.187070 0.041557 -1.053331 -0.473115
0.217288 -0.801863 -0.376134 -0.913733 -0.239255
0.816081 -0.818647 -0.297283 -0.891344 0.168280
0.167682 -0.869462 -0.177045 -1.014479 -0.462802
0.202863 -0.655558 -0.353882 -0.604903 -0.617357
0.080850 -0.849396 -0.444336 -1.043959 -0.132394
0.106250 -0.705793 -0.484233 -0.881009 -0.259986
0.352575 -0.756592 -0.369922 -1.005696 -0.029171
0.128523 -0.499843 0.967880 -0.671834 -0.587247
