-0.785322 -0.009709 0.124637 -0.311272 -0.163868
0.432579 -0.239233 0.556260 -0.552252 -0.120457
-0.227574 -0.247658 0.218031 -0.528097 -0.783130
1.178632 -0.369283 0.436049 -0.506709 0.639787
0.359517 -0.026503 0.406115 -0.896853 -0.893619
0.461650 -0.809653 0.641731 -0.221545 -0.130715
0.919146 -0.541646 0.768008 -0.831553 -0.380836
0.837319 -0.369082 0.586865 -0.682903 -0.922524
0.456417 -0.611344 0.577687 -0.746014 -0.378972
0.742921 -0.114143 -0.016129 -0.214119 0.497109
0.849104 -0.160116 0.332442 -0.143057 0.283776
-1.119099 -0.527751 0.739056 0.192831 -0.531548
-0.636681 -0.338932 0.571917 0.032557 -0.408932
0.695992 -0.946693 0.794723 -0.494355 -0.240792
0.557383 -0.253745 0.462114 -1.309467 -0.575369
-0.175851 -0.047484 0.489541 -1.340688 0.300024
0.199920 -0.416311 1.082415 -0.725859 0.273795
0.196101 -0.056618 0.747373 -0.455005 -0.211391
0.816600 -0.010063 0.560821 -0.548876 0.086846
0.759249 -0.579817 0.175490 -0.751001 0.329621
0.553008 -0.378037 0.699565 -0.180160 -0.253441
0.232807 -0.443458 0.571673 -0.587249 0.324298
-0.194219 -0.669402 0.458828 -0.309830 -0.070414
-0.267012 -0.550346 0.568679 -0.269389 -0.004518
0.186600 -0.533379 0.678538 -0.628072 -0.708949
-0.158467 -0.056342 0.634244 -1.172654 0.060623
0.347095 -0.770851 0.519558 -0.521559 -0.392412
0.248680 0.324287 0.525051 -0.511818 -0.484549
-0.757867 -0.188295 -0.014754 0.071965 -0.477770
-0.119362 -0.325867 0.482436 -0.877334 -0.504764
-0.024680 -0.371928 0.574456 -0.783694 -0.226015
0.533703 -0.875195 -0.144153 -0.587316 -0.137135
0.695428 -0.456426 1.162289 -0.513626 -0.105092
0.295184 -1.047003 0.379929 -1.037747 -0.182374
-0.611668 0.148124 0.891708 -0.169231 -1.164680
-0.547873 -0.437099 1.097807 -0.370902 -0.692598
0.284067 -0.584783 0.676271 -0.621139 0.167264
-0.030551 -0.012949 0.427551 -0.637931 -0.240930
0.078015 0.114906 0.180191 -0.103146 -0.353019
0.603277 -0.186651 -0.018127 0.463438 -0.400069
-0.246078 -0.362605 1.182058 0.105194 -0.990838
-1.077405 0.081599 0.776988 -0.182419 -0.526797
0.032727 0.090623 0.784651 -0.900194 -0.282957
-0.302237 0.048441 0.693789 0.185147 -0.916882
-0.766706 -1.557424 0.866521 0.355235 -0.414105
0.148924 -0.087011 0.068307 0.248171 -0.721489
0.304596 -0.249452 0.624965 -0.182142 -0.159842
-1.115730 -0.616753 0.791182 0.202375 -0.654573
-0.103415 -0.515479 0.357922 -0.262026 -0.433661
-0.413555 -1.200948 0.461239 0.079593 -0.238710
-0.193444 -0.520828 0.841355 -0.754201 -0.477165
-0.295756 -0.161340 0.763944 0.047545 -0.353311
-0.756995 -0.201337 0.856787 -0.058507 -0.154525
-0.505201 -0.102825 0.416905 0.415398 -0.893614
-0.923883 -0.830669 0.339965 -0.179010 -0.057710
-0.037081 -0.762254 0.309430 -0.798983 -0.579811
0.522755 -0.353467 0.529720 -0.302842 -0.154058
0.310277 -0.279907 0.123113 -0.104290 0.109364
0.185193 -0.640543 0.665070 -0.130696 0.265198
0.259096 -1.013257 -0.092066 0.096179 0.487594
0.149955 -1.428423 0.228675 -0.720553 0.212010
-1.257837 -0.193384 -0.482119 -0.944227 -0.881549
-1.248789 -0.253387 0.212088 0.251774 -0.064640
-0.096651 -0.762062 1.081927 0.142141 -0.711334
-0.039643 -0.874616 0.214179 -0.009771 0.220189
-0.720812 -0.509376 0.788336 0.028438 0.002361
-0.657072 -0.227562 -0.074599 -0.225956 -0.948639
0.191961 0.162051 0.140466 0.061873 -0.384460
-0.507730 -0.041468 -0.358858 -0.141220 -0.840142
0.416660 -0.623393 0.269262 0.315295 -1.153750
0.181647 -1.127726 0.101497 -0.845729 -0.222659
0.020346 -0.815014 -0.113801 -0.756841 -0.252646
0.008168 -0.947584 -0.319672 -0.643584 0.030070
0.253486 -0.733429 -0.337660 -0.974558 -0.310249
0.421363 -1.201825 0.059139 -0.854115 -0.282594
0.275189 -0.920450 -0.337153 -0.724047 -0.380941
-0.081854 -0.801645 -0.537803 -0.483488 -0.334179
0.449283 -0.800444 -0.274894 -1.134625 -0.214254
0.302906 -0.860270 -0.316694 -1.007315 -0.271352
0.350482 -0.917287 0.122449 -0.976471 -0.245845
0.342182 -0.655518 -0.461549 -1.040314 -0.354394
0.355379 -0.693474 -0.417922 -0.902491 -0.329731
0.376008 -0.946907 -0.211528 -1.025536 -0.263409
0.421459 -1.317966 -0.259050 -0.863050 -0.144174
0.269629 -1.077290 -0.064104 -0.942282 -0.142446
0.188830 -0.679628 -0.366148 -0.861620 -0.276642
0.654489 -1.115480 0.090482 -0.632894 -0.292517
0.452959 -0.874304 -0.284522 -1.046779 0.196329
0.107603 -0.757048 0.236555 -1.180305 -0.269858
0.368681 -1.098623 0.023540 -1.065808 -0.089335
