0.645776 -1.478295 0.116554 -0.406922 -0.194494
0.813133 -0.190948 0.692450 -0.480185 0.032125
0.853072 -0.517029 -0.084578 -0.933927 -0.181406
-0.087644 -0.406492 0.486064 -1.226699 -0.512508
0.657870 -0.508663 0.083983 -0.766627 0.015703
0.924627 -0.588074 -0.095647 -0.666190 -0.178123
1.102385 -0.648556 0.481075 -0.249497 0.059996
0.182944 -0.865844 0.651481 -0.367828 -0.245114
0.370238 -0.519963 0.445337 -0.635810 -0.433866
-0.017389 -0.429603 1.082415 -1.149301 -0.344947
-0.249803 -0.960538 0.954107 -0.298633 -0.492562
0.598778 -0.151243 0.976964 -0.394161 0.358008
0.831869 -0.392338 0.295938 -0.778397 0.084507
0.715251 -0.405957 0.282510 -0.578023 -0.076103
0.375673 -0.094627 0.633008 0.096794 0.042627
0.029368 -0.145264 1.252627 -0.256734 0.355130
0.669318 -0.437957 0.450059 -0.829539 -0.673721
1.139356 -0.782180 0.318855 -0.896969 0.044869
0.317843 -0.026392 0.300220 -0.346413 -0.759261
-0.107256 0.032246 1.019013 -0.497670 -0.431947
-0.171669 -0.016432 0.830630 -0.924234 -0.326534
0.949954 -0.071309 0.642854 -0.926018 0.561529
0.917422 -0.233975 0.477588 -0.656688 0.673398
0.129430 -0.078550 0.542093 -1.012299 -0.364237
0.280320 -0.447706 0.235399 -1.253665 -0.449593
0.381769 0.229220 0.339076 -0.961302 0.227584
0.117634 -0.355193 0.619790 -0.979206 -0.327368
0.608894 -0.417928 0.442850 -0.647788 0.181226
0.608084 -0.156445 0.189208 -0.645422 -0.118348
-0.139121 -0.192160 0.481680 -0.551316 -0.272165
0.139675 -0.661366 0.469252 -0.871298 0.072035
-0.131521 -0.292758 0.430443 -0.568368 0.129685
-0.515859 -0.438743 0.322111 0.283307 -0.540638
0.484462 0.205361 0.930717 0.271617 -0.257325
0.435013 -1.146590 0.059102 -0.340273 0.348833
0.927089 -0.379944 0.840861 -0.277508 -0.673411
0.571945 0.182253 0.842983 -0.088806 -0.784032
0.832628 -0.604049 0.605802 -0.755346 -0.629417
-0.425060 -1.447522 -0.638722 -0.046140 0.436559
0.031115 0.047489 -0.085395 -1.088212 -0.988993
-0.146801 0.025928 0.393787 0.349793 0.467686
-0.096433 -0.128727 1.094743 -0.481077 -0.237962
0.317441 0.065286 0.473422 0.152745 -0.694555
0.500985 -0.776851 0.081597 -0.098772 -0.332302
0.258539 0.032441 0.684552 -0.365496 -0.180162
-0.404750 -0.149570 1.542656 -0.264958 -0.695578
-0.017251 -0.607016 0.848017 0.136818 -0.361121
0.189341 -0.428780 0.294862 0.433771 -0.413210
0.436741 0.010266 1.165594 0.418669 -0.638283
-0.013176 0.249632 0.766948 0.412664 -0.445144
0.647318 -0.482700 0.523018 -0.152086 -0.138299
0.456805 -0.075335 0.823686 0.135333 -0.004153
0.256783 -0.169296 -0.449119 -0.643242 -0.541251
1.090192 -0.179736 -0.920658 0.021610 -0.677146
0.335443 -0.690735 0.204450 -0.487196 -0.724641
-0.406625 0.030418 0.535202 -0.581765 -0.455067
-0.037571 -0.970259 1.056786 -0.036628 -0.022685
0.382334 -0.637236 0.652659 -0.522286 -0.463223
0.402365 0.198692 0.962720 -0.212186 -0.289041
0.405156 -0.329513 0.619140 -0.207666 0.060350
0.540227 0.224536 -0.251955 0.597237 0.239134
0.183152 -1.146345 0.371932 0.061733 0.163806
0.244548 -0.654225 0.801440 -0.119679 0.257010
-0.328103 -0.068392 0.180898 0.157686 -0.561069
-0.184745 -0.514718 0.913177 -0.626272 -0.299405
-0.554293 -0.097297 0.789156 -0.621174 -0.874249
-0.399592 -0.379221 -0.299966 -0.032220 0.671119
-0.084893 -0.604949 0.754015 -0.274257 -0.325120
-0.094659 -0.232231 0.762353 -0.307328 -0.637880
-0.014223 -0.653483 0.501989 -0.558135 -0.277685
-0.629247 -0.959406 1.098816 0.404883 -0.735161
0.067420 -0.675482 0.616810 -0.749251 0.182918
-0.427300 -0.617358 0.152961 -0.199339 0.598376
0.029159 -1.073980 0.518595 -0.606834 -0.379765
-0.018263 -0.415756 0.152115 0.105995 -0.762748
-0.645724 -0.217326 0.279472 0.110556 -0.592175
-0.151313 -0.399107 1.248715 -0.182692 -0.594653
0.495388 -0.189476 -0.045492 -0.284392 -0.377948
-0.036110 -0.289001 -0.765704 -0.006790 -0.920948
-0.987798 0.433847 0.356387 -0.261450 -0.711992
-0.051075 -0.187180 0.257857 0.370232 -1.015448
0.260074 0.507969 0.114130 0.364531 -0.022070
-0.533414 -0.153044 0.525715 0.046120 -0.019970
-0.152764 -1.077274 0.516510 -0.212169 -0.101860
0.580144 -0.342456 0.231230 0.040665 -0.290810
0.515443 -0.315735 0.052003 -0.287779 -0.019251
0.697222 -0.278678 -0.218485 -0.334996 0.065618
0.430388 -0.537491 0.869810 -0.239176 0.147481
0.172786 -0.450798 0.368799 -0.271212 -0.119834
-0.152322 -0.806488 -0.040386 -0.295607 -0.475824
-0.149950 -0.596639 -0.200471 -0.325101 -0.025752
-0.101338 -0.550890 0.045707 -0.114163 -0.141060
0.068901 0.063072 1.126176 -0.094255 -0.791534
-0.204230 -0.941979 0.726745 -0.284721 -0.328687
-0.771096 -0.351561 -0.590115 0.653314 -0.806262
-0.167871 -0.104471 -0.222255 0.070173 -0.079945
0.084804 -0.370146 0.937913 0.395424 -0.891546
0.433920 -1.241238 -0.072574 -0.636812 0.170186
-0.033657 -0.549003 -0.039473 -0.404752 -0.418531
0.698477 -0.845299 1.264267 -1.091527 -0.993163
-0.224019 -0.642933 0.090852 -0.662729 -0.052104
-1.346170 0.296593 0.828765 -0.300344 -0.864853
-0.892261 -0.239604 0.531836 -0.635461 -0.328496
-0.764264 -1.004701 0.417813 -0.017250 -0.254049
-1.642081 -0.092561 0.956508 -0.154192 -0.829480
-0.808237 -0.194555 0.185066 -0.471761 -0.313972
1.321095 -0.508931 0.300139 -0.691120 -0.066663
0.262994 0.257177 0.184696 -0.172797 0.083605
-0.145683 -0.566223 0.240324 0.005647 0.368832
0.347885 -0.460392 0.757813 0.051887 0.387795
-0.018523 -0.305864 -0.420711 0.715901 -0.474624
-0.587837 -0.293108 0.323385 0.123357 -0.430069
0.843157 0.062587 0.057697 -0.106561 -0.659152
-0.124492 -0.479621 0.019437 -0.137798 -0.214069
0.697751 -0.391385 0.231299 -0.401119 -0.505496
-0.276746 0.442830 0.136361 0.324247 -1.203129
0.152963 -0.312954 0.364938 -0.302904 -0.435537
0.099580 -0.369181 0.991032 0.356104 -0.059996
0.664952 -0.507802 0.799834 -0.847551 -0.178991
0.240319 0.166696 0.148383 -1.223871 0.493887
-0.061491 -0.274407 0.366668 -1.189061 -0.290808
0.509550 -0.493603 0.264843 -1.046044 0.126975
-0.175287 0.111837 0.807085 -0.752811 0.408499
0.074475 -0.337861 -0.074116 -0.558963 -0.608820
0.540915 -0.224874 1.095845 0.578955 0.223527
0.702853 -0.290661 0.157234 -0.183369 -0.371798
0.325263 0.000239 0.574594 -1.176750 0.344319
-0.365431 0.228230 0.975546 -1.274522 0.002160
0.592816 -0.579083 0.679240 -0.493291 -0.404960
-0.428675 -0.299267 0.493749 -0.413376 -0.314461
-0.091703 -0.162924 0.599484 -1.248658 -0.710597
-0.873557 -0.075225 1.159982 -0.410322 0.012637
-0.373544 0.215799 0.660453 -0.574363 0.116380
-1.020911 -0.309152 0.990994 -0.675410 -0.305691
0.276439 -1.206425 0.299831 -0.844580 -0.130438
0.361646 -0.941292 0.154929 -0.950894 0.023827
0.242876 -0.223482 -0.360116 -1.001123 -0.711137
0.404184 -0.678236 -0.422801 -0.984376 -0.264832
0.173786 -0.982630 -0.119740 -1.031041 -0.355899
0.274124 -1.110771 -0.002810 -0.730217 -0.040967
0.052942 -0.735246 -0.460947 -0.858040 0.042029
-0.822992 -0.043091 -0.511806 -0.405204 -0.508635
0.232691 -0.921025 -0.132241 -0.943779 0.071818
0.350667 -0.357909 0.048645 -0.537943 -0.444884
0.360251 -0.670515 -0.400468 -1.035119 -0.338026
0.294264 -0.658425 -0.334855 -1.063043 -0.127456
0.387355 -0.925434 0.030930 -1.121422 -0.106641
0.234694 -1.101258 -0.083055 -1.025111 -0.378334
0.084750 -0.660689 -0.711390 -0.281562 -0.319798
0.251236 -0.458815 -0.401083 -0.688695 -0.544898
-0.161158 -0.419026 0.206537 -0.405168 -0.311450
0.069085 -0.610702 -0.277304 -0.651153 -0.079805
0.158018 -0.768693 -0.228468 -1.049800 -0.321213
0.630266 -0.807904 0.799819 -0.769550 -0.666066
0.089704 -0.611926 -0.355653 -0.901600 -0.304213
