-0.558394 -0.477110 0.087929 -0.005955 0.399987
0.153977 -0.137638 0.508185 -0.466472 0.351189
-0.478164 -0.895730 0.551333 -0.093127 -0.062661
-0.321825 -0.330314 0.586158 0.129694 -0.844107
0.264948 -0.218332 0.716658 -0.774564 -1.062412
-0.567815 -0.521502 0.382951 -0.359028 -0.021043
0.543365 -0.499471 0.020729 -0.325985 -0.384128
0.799861 0.428573 0.541927 0.336036 -0.469709
0.837527 -0.833394 0.696452 -0.246325 -0.651351
0.275296 -1.340642 0.411073 -0.196387 0.035172
0.099299 -0.756387 0.312097 -0.088156 -0.538852
0.351089 -0.145310 0.886986 -0.444687 -0.448024
-0.033071 -1.101117 0.586005 0.072326 0.480803
-0.066731 -0.118457 0.554518 -0.211981 -0.377675
0.364013 1.017286 -0.131395 0.005158 -0.148667
0.344729 -0.886532 0.481949 -0.300293 -0.249188
0.597821 -0.750275 0.250399 -0.598350 -0.014011
-0.082412 -0.079159 0.235367 0.113779 -0.423823
0.093120 -0.261553 0.856690 0.074312 0.026849
0.275659 -0.616428 0.859127 -0.038388 -0.012902
0.290406 -0.298061 0.802875 0.255503 -0.350977
0.845481 -0.003737 0.714984 0.230825 -0.078365
0.839898 -0.212039 0.711032 0.081467 0.092250
0.346184 -0.171723 1.104004 -0.150434 -0.256230
0.341541 -0.759553 0.796317 -0.138639 -0.040273
0.177177 -0.451727 1.254013 -0.110397 -0.759894
0.321069 -0.615255 1.015476 -0.067426 -0.461685
-0.112444 -0.420511 0.938973 0.078549 0.288516
0.200694 -0.310912 0.627714 -0.035515 -0.182748
-0.974999 -0.164977 0.798167 -0.756152 -0.971997
0.123949 -0.343158 0.942577 0.074714 -0.240947
0.219203 -0.915913 0.754107 -0.428866 -0.846946
0.902135 0.396075 0.830957 -0.732234 -1.393857
-0.250123 -0.608042 0.210234 -0.549870 -0.472519
-0.193891 -0.286476 0.236031 0.346704 -1.053617
1.013526 -0.241375 0.604217 -0.824118 -0.217245
-0.329813 -0.923165 1.117699 -0.901881 -0.461090
0.468681 -0.569465 0.494028 -0.386102 -0.033761
-0.767072 -0.497239 0.334655 0.125600 0.523620
-0.227959 -0.056190 0.000695 -0.366312 -1.046075
0.048948 0.388977 0.674182 -0.439484 -0.845727
0.191583 -0.464929 -0.158351 -0.043511 -0.196238
-0.033979 -0.576522 0.382554 -0.441597 0.141003
0.004145 -0.680976 0.119164 0.043051 -0.344453
0.165333 -0.918093 0.152591 -0.817110 -0.686162
-0.501640 0.130465 -0.926183 0.048671 0.175255
0.026525 -0.393523 0.152944 0.280302 0.232288
0.173944 -0.444267 -0.155404 0.424304 0.427238
0.379648 -0.571334 0.643162 -0.086956 -0.491902
-0.172752 -0.727835 -0.056876 -0.164470 0.384701
-0.093561 -0.875171 -0.098661 -0.263764 -0.376388
0.606414 0.220340 0.512128 -0.263084 -0.758805
-0.025649 -0.475558 0.588937 0.166668 0.437468
-0.161904 -0.174164 1.103303 0.119992 -0.799395
-0.458869 -1.141096 0.929225 0.316924 -0.125500
0.451019 -0.925991 -0.000410 -0.444824 -0.246478
-0.451262 -0.806704 0.044464 0.292993 0.335375
-0.232861 -0.781332 0.783104 -0.115504 -0.203889
-0.804872 -0.401264 0.479307 0.206629 -0.456898
-0.144721 -0.385669 0.598406 -0.335120 -0.296311
0.413994 -0.310217 0.400245 0.293840 0.067455
-0.692411 0.350050 0.685655 0.323214 -0.779773
-0.278115 0.319809 0.835965 -0.227333 -0.348971
-0.283846 -0.829602 0.283717 -0.297000 -0.347445
-0.348635 -0.573281 0.800742 -0.133211 -0.714426
-0.439258 -0.250109 0.756256 -0.021676 -0.560489
0.860325 -0.086671 0.296253 -0.183353 -0.064380
0.907422 -0.768807 0.121104 -0.336707 -0.409245
-1.146892 0.100256 0.965613 -0.834373 -0.352175
0.205786 0.248532 0.348342 0.307882 -0.480775
-0.052618 -0.127858 0.351550 -0.175924 -0.797675
0.348975 -0.233725 0.308318 -0.085432 -0.456958
-1.676904 0.127361 0.910703 0.518802 -0.422843
-0.561127 0.206760 0.800237 -0.315586 -0.829419
-0.490499 0.009753 0.962769 -0.634995 -0.685429
-0.003704 -0.605365 0.371717 -0.330376 -0.005358
-0.007486 -0.452816 0.582497 -0.115490 -0.001509
-0.375493 -1.112587 0.376325 0.448515 0.251285
0.046971 -0.909832 0.811127 -0.391757 0.596067
0.632717 -0.642756 0.617212 -0.406278 0.218609
-0.169472 -0.417763 0.013975 0.336299 -0.344376
0.085503 0.776816 0.859770 -0.134312 -0.550662
0.393364 -0.067129 0.561166 -0.676545 0.048920
-0.084613 -1.136949 0.935097 -0.285063 -0.199215
-0.018629 -0.745003 0.518129 -0.759961 -0.538443
-0.380384 -0.044444 0.096199 0.129437 0.365248
0.529272 0.045338 0.933030 -0.251821 -0.925126
0.782162 -0.182613 -0.091991 -0.475109 -0.992476
0.416890 -0.005065 0.727803 -0.128881 -0.411847
-0.358429 0.147408 0.366155 -0.270663 0.133545
0.721676 0.026223 0.194123 0.131766 0.102151
0.525394 0.066359 0.419419 -0.044289 -0.108512
0.090054 -0.124633 0.850770 -0.403698 -0.053403
-0.321398 -0.964359 0.488099 -0.222452 0.843840
0.342941 -0.916612 0.460427 -0.308318 0.048022
0.063299 -0.993488 0.895586 -0.538731 -0.037543
0.242253 -0.523045 0.554543 -0.735457 -0.111932
-0.180599 -0.577495 -0.150965 -0.586502 -0.548568
-0.200646 0.163268 0.970108 -0.386850 -0.431154
-0.003368 -0.069549 1.131814 -0.275887 -0.706624
0.269134 -0.583694 0.391217 -0.244361 0.633493
0.525673 -0.520750 0.520966 -0.341840 0.603623
0.523902 -0.054880 0.297806 0.066781 -0.350298
0.635467 -0.307904 0.582810 -0.211611 0.151567
-0.110033 -0.471752 1.075094 -0.243469 -0.281458
-0.713349 -0.199683 0.153858 -0.304709 -0.353696
-1.692951 -0.177216 0.916583 -0.000426 -0.893542
-0.153077 -0.421136 0.913369 -0.137286 -0.255998
0.019394 -0.481210 0.896281 -0.227281 0.098046
-0.129831 -1.115025 0.502607 -0.690848 0.177771
-0.077372 -1.062497 0.637605 -0.586096 0.495594
-1.351164 -0.278193 0.627585 0.710114 -0.006991
-0.498004 -0.315001 0.044616 -0.381785 -0.534958
0.256558 -0.099339 0.825002 -1.240161 0.010181
-0.702328 -0.771340 0.281678 -0.032194 0.173293
-0.252297 -0.471123 1.341033 -0.046439 -0.877201
-0.021756 -0.796755 0.075091 -0.439080 -0.142237
0.436833 -1.027771 0.420317 -0.432022 0.403521
0.198892 0.141758 0.452721 -0.330215 -0.592191
0.104253 -0.314607 0.737682 -0.266339 -1.121422
0.043151 -0.559279 0.044008 -0.298679 0.175267
0.432087 0.454240 0.390427 0.100202 -0.868766
-1.193669 0.102389 1.077234 -0.558144 -0.463705
-0.246477 -0.776406 0.595102 -0.259347 -0.279130
-0.467660 0.757252 0.637836 0.307464 -1.172821
0.176381 -0.887028 0.590056 -0.493894 -0.474730
0.469593 -0.434821 0.692796 -0.059327 -0.338170
0.023198 -0.903321 -0.054173 -0.359323 0.615959
0.129377 -1.023245 0.361137 -0.612392 -0.077029
0.850707 -0.083917 0.079358 -0.142082 -0.842462
-0.291818 -0.853432 0.257078 -0.245555 0.724774
0.407404 -1.263060 0.586350 -0.376352 0.202799
0.343497 -1.113943 0.652634 -0.512259 0.128903
-0.389802 -1.056424 0.632745 0.132397 0.013169
-0.117543 0.289813 1.024926 0.000922 -0.436987
-0.029745 -0.108865 0.881004 0.153232 -1.118859
0.196600 -0.635299 0.336760 0.038087 0.735948
-0.110992 0.431441 0.717621 -0.015297 -1.222443
0.225778 -0.607629 0.334561 -0.162495 0.629204
-0.311661 0.351085 0.710572 -0.341107 -0.302337
-0.332239 -0.183812 0.887852 -0.109449 -0.884578
0.315857 0.052890 1.046218 -0.253456 -0.774559
0.006440 -0.375132 0.137653 0.613905 -0.002261
0.387072 -0.471074 0.450175 -0.326299 0.558606
-1.497508 0.130377 1.131720 -0.263148 -0.742715
0.464099 0.109028 0.677447 -0.138736 -1.170864
-0.138226 -1.225461 0.834217 -0.169977 -0.043854
0.654340 -0.609546 0.911390 -0.266012 0.052203
0.218398 -0.302502 0.071135 0.153662 0.509840
-0.029649 -0.098292 0.519713 -1.149778 -0.133562
0.272835 -0.008022 0.167156 -1.007910 0.350115
-0.199683 -0.620061 0.420914 -0.608131 0.983580
0.369401 -0.763242 0.043801 -1.071540 -0.687510
0.897164 -0.508562 0.475734 -1.091414 -0.030817
1.270656 -0.614786 0.458337 -1.005690 -0.112037
0.574136 -0.507043 0.273655 -0.879930 -0.755493
0.435688 0.052332 0.801139 -1.080675 0.270652
0.508932 0.192596 0.323795 -0.914446 -0.575734
0.849420 -0.476109 0.241162 -1.321054 -1.059977
-0.360393 -1.310874 0.635211 -0.473173 -0.534473
0.625680 -0.712617 0.325974 -0.191600 -0.402741
0.419064 -0.585142 0.436631 -0.660977 0.058156
0.283842 -0.320482 0.915855 -1.043180 0.280919
0.425486 -0.711050 0.426505 -1.261058 -0.178005
0.677935 -0.916182 -0.080300 -0.803442 0.343632
0.813375 -0.240358 0.735589 -1.106537 0.306598
0.644773 -0.700596 0.201359 -0.363316 -0.216687
0.253298 -0.755069 0.205636 -0.335089 0.127972
-0.072302 -0.462021 0.877999 -1.716860 -0.311396
-0.108453 -0.148710 0.316678 -0.434364 -0.651340
0.616826 0.020812 -0.241967 0.340884 -0.324219
0.034243 -0.123408 0.599270 -0.379939 -0.495220
-0.317409 -0.629596 -0.006130 0.323307 0.132637
-0.160294 -0.472241 -0.219064 -0.032900 -0.013784
0.549283 -0.869168 -0.276904 -0.759409 0.440152
0.117741 -0.106878 0.746047 0.298577 -1.101047
0.461752 -0.537926 0.421166 -0.849332 -0.019686
0.411306 0.132246 -0.213210 -0.232916 -1.267927
-0.121260 -0.633617 0.439781 0.019023 -0.193366
-0.764596 0.713178 -0.005571 -0.151211 -0.188495
-0.619451 -0.293325 1.127581 0.084063 -0.031899
0.236857 -0.466154 0.528379 -0.011612 0.388749
-0.474823 -0.844555 0.841180 -0.252205 -0.869609
-0.710677 -0.935272 -0.685741 -1.185175 0.794889
-0.474007 0.134596 0.458356 0.046352 -0.006476
0.017983 -0.445753 0.604382 -0.838596 -0.094493
0.887333 -0.400053 0.280580 -0.282236 0.224226
0.194673 -1.074682 0.607768 -0.500591 0.125627
0.640661 -0.892471 0.409563 -0.310428 0.454190
0.295038 -0.231267 1.083959 0.305257 -0.087879
0.246780 -0.313835 0.881515 -0.863787 -0.005236
-0.321451 -0.507569 0.641041 -0.880577 -0.023761
-0.108942 -0.643069 0.605160 -1.060241 -0.271328
-0.421286 0.093958 1.190662 -0.711218 0.019503
0.371613 -0.815141 -0.030215 -1.081117 -0.464708
0.444160 -1.060936 -0.153149 -0.880429 -0.337412
0.403706 -0.405756 -0.336822 -1.005651 -0.248183
0.108650 -0.867242 -0.338149 -0.973731 -0.210131
0.594200 -0.723652 -0.109502 -0.823380 -0.362469
0.303063 -1.042994 -0.083841 -0.975845 -0.378356
0.227095 -1.082519 -0.240339 -0.404149 -0.133062
0.275470 -0.724911 -0.230609 -1.055189 -0.429730
0.492948 -1.075939 -0.217350 -0.906438 -0.357044
0.688367 -0.822512 -0.442187 -0.953204 -0.438436
0.372730 -0.651993 -0.267690 -0.852456 -0.367162
0.459726 -0.686234 -0.449632 -1.066249 -0.061514
0.126482 -0.529086 -0.634060 -0.741108 -0.097374
0.381012 -0.794212 -0.204676 -0.991778 0.108134
0.492343 -1.054493 0.081388 -1.095210 -0.247834
0.712458 -1.163618 0.694527 -1.276242 -0.083861
0.628628 -1.244883 -0.048109 -0.849029 -0.136230
-0.234145 -0.926672 -0.263475 -0.981893 -0.239482
-0.065397 -0.936353 0.472033 -0.338428 -0.356741
0.580610 -0.701534 -0.324358 -0.907486 -0.318176
0.186370 -0.941547 -0.379040 -0.965503 -0.272308
0.161863 -0.783495 -0.385305 -0.971768 -0.349942
0.436247 -0.609772 -0.009443 -0.971300 0.213072
0.247589 -0.759887 -0.392830 -0.580302 -0.724182
0.207730 -0.726777 -0.333754 -0.810719 -0.317568
0.445898 -0.602040 -0.052551 -1.027199 0.803174
0.288051 -0.911748 -0.072772 -1.090271 -0.042330
0.402088 -0.815229 -0.254044 -0.820395 -0.359682
0.257890 -0.757542 -0.233090 -1.044845 -0.157525
0.259111 -0.632801 -0.416461 -1.026961 -0.323284
0.113535 -0.950216 -0.280922 -0.621158 -0.086332
0.417557 -0.776572 -0.308873 -0.942852 -0.019655
