0.778797 -0.623501 -0.076001 -0.295639 -0.724916
0.150949 -0.655684 0.176019 -1.084896 0.070011
0.204279 0.130428 0.382784 -1.376879 0.199795
0.511635 -0.427757 0.582945 -0.609473 -0.453669
0.004369 -0.659992 0.023607 -0.619942 -0.168228
0.722429 0.589566 0.816926 0.008710 0.289326
-0.092473 -0.076983 1.118767 -0.614855 0.502402
0.423238 -0.156628 0.689226 -1.350412 0.609869
-0.842653 -0.716728 0.720886 -0.874895 -0.141512
0.194539 -1.140805 0.265236 0.159305 -0.485291
0.377664 -0.591596 0.916071 0.098700 -0.703274
-0.593100 0.073771 0.950887 -1.091049 -0.697647
-0.327868 -0.097588 0.368315 -0.922504 -0.446273
0.360744 -0.749273 0.431289 -0.937728 -0.744110
0.385505 -0.846255 0.932747 -0.343803 0.343600
0.365502 0.351971 1.149669 -0.977384 0.056578
0.439850 -0.344846 0.053339 -0.524796 -0.747666
0.497471 -0.896730 0.783439 -0.504455 0.074205
0.761146 -0.086946 0.448332 -1.151922 -0.243655
0.348161 -0.538201 0.665498 -0.378577 -0.247779
-0.799512 0.360994 0.432831 -0.544134 0.043792
-0.289901 -0.471483 0.282478 -0.246158 -0.738543
0.170523 -0.087496 0.390429 -1.401333 -0.675177
-0.020381 -0.236112 0.551458 0.058575 -0.499808
0.653121 -0.451128 -0.178007 -0.234179 -0.164408
-0.134630 0.321619 0.101334 -0.909466 0.593121
0.262715 0.575193 -0.353941 0.503719 -0.572008
-0.030788 0.073838 0.424026 -0.898686 -0.625874
0.012181 -0.942622 0.067873 -0.432903 0.349728
0.742626 1.112431 1.095680 -0.748023 0.318899
0.510580 -0.239631 0.263743 -0.492591 -0.183262
0.390050 -0.734974 0.392843 0.145796 -0.961773
-0.349834 0.124742 0.959865 -0.446782 -0.043255
-0.293313 0.129312 0.465494 -0.905021 0.220831
0.890879 -0.376703 0.969708 -0.942265 -0.285417
1.037938 -0.462059 -0.114324 -0.915949 -1.254981
-0.014852 -0.689069 1.057272 -1.517114 -0.083833
0.678839 -0.739259 0.334399 -0.626743 -0.036458
0.070009 0.391215 0.461556 0.107938 -0.139771
0.058580 -0.610168 0.859057 -0.221475 -0.666444
-0.256639 -0.637374 -0.055410 0.369702 0.107637
-0.651913 0.034827 0.411563 0.117107 -0.018573
-0.721849 0.783228 0.793813 0.329141 -0.403274
0.079393 -0.086418 0.723643 -0.197627 -0.443558
0.348765 -0.071599 0.902460 0.097560 0.061150
0.097236 -1.128847 0.580422 -0.805383 -0.016369
0.163688 -0.041516 0.299769 0.070311 -0.217530
0.423540 -0.315885 0.333503 0.270563 -0.466656
-0.528700 -0.826806 0.346542 -0.115530 -0.649950
0.327928 0.446691 0.638219 -0.052824 -0.089740
-0.084047 -0.079991 0.522789 -0.181866 -0.233435
0.154408 0.070581 0.527308 -0.003279 -1.549393
0.402736 -0.656666 0.799588 -0.294470 -0.308796
-0.373193 -0.960064 0.173213 -0.336180 0.160837
-0.806120 -0.197883 -0.104132 0.323160 0.028372
0.629551 0.034120 0.603319 0.037860 0.110841
0.205490 -0.067657 0.020963 -0.181895 -0.746558
0.167821 -0.440123 -0.038362 -0.549914 0.096625
0.676808 -0.358957 0.436975 -0.310733 -0.842362
-0.089299 -0.527342 0.649805 -1.191909 -0.607221
-0.178452 -0.304742 0.662712 -0.069166 -0.171533
0.777666 -0.599156 0.910354 -0.380114 -0.379364
-0.395951 0.160109 0.146463 0.375143 -0.501537
-0.061563 0.041218 0.588492 -0.608510 -0.545670
0.030357 -0.539783 0.183686 -0.781201 -0.017606
0.349764 -0.764062 0.242495 -0.984373 0.448192
0.054268 0.078967 0.255886 -0.309233 -0.417474
0.220712 -0.972843 0.134929 -0.324945 -0.280749
-0.288633 -0.245588 0.983213 -1.167101 0.051643
-0.024679 -0.241759 1.012731 -0.431071 0.071282
-0.000719 0.068533 0.989849 -1.447723 -0.138072
-0.072321 -1.000577 0.482662 0.201166 -0.346321
-0.211238 0.177173 0.622882 -0.691286 -0.440158
-0.293989 -0.272943 1.156394 -0.567080 -0.537926
-0.190333 -0.474246 0.371913 -0.512350 0.091761
-0.710473 0.085328 0.651675 0.431097 -1.226779
0.084361 0.372995 0.885500 -0.899882 -0.393959
-0.552070 0.063262 0.018746 -0.068020 -0.055867
0.058727 -1.157635 0.584777 -0.276298 -1.056208
-0.695634 -0.255022 0.731220 -0.225245 -0.138165
0.008739 -0.188908 0.255447 -1.166394 -0.835571
0.538215 -0.369915 0.399489 -0.641728 -0.112410
-0.722437 0.018693 0.989139 0.099297 -0.172997
-0.597344 0.082344 1.146744 0.133830 -0.300956
-0.124483 -0.383910 0.148831 -0.914772 -0.677907
-0.695756 -0.722641 0.058339 -0.368897 -0.998589
-0.658210 -0.791448 0.641342 -0.925143 -0.151185
-0.840400 -0.920001 0.001415 -0.146774 1.158252
-0.678660 -0.380131 0.465114 -0.560295 0.257953
0.100160 -0.424670 0.027450 -0.097690 -0.298414
-0.303882 -0.026883 0.182821 -0.164929 -1.041090
-0.547134 -0.410404 0.117327 -0.593793 0.548179
0.243068 0.313045 0.756248 -0.507588 -0.547654
-0.389466 0.164876 0.531184 -0.935972 -0.264953
-0.215005 -0.016682 0.294995 -0.143429 -0.547738
-0.163712 -0.165643 1.206287 -0.662927 -0.017303
-0.172541 -0.503420 0.337844 0.012138 -0.673849
0.150666 -0.491795 0.288802 -0.847093 0.027593
-0.262060 -0.396649 0.345629 -0.507332 0.256042
0.542952 -0.825165 -0.273449 -1.114170 -0.304340
0.230651 -0.573630 -0.219481 -1.126635 -0.440117
0.286456 -0.682241 -0.568214 -1.065128 -0.436269
0.648569 -0.640531 -0.386559 -1.124244 -0.442314
0.396451 -1.122820 -0.045529 -0.689818 -0.241930
0.038989 -0.691118 -0.593224 -0.829092 -0.563597
0.371356 -1.134257 0.282745 -0.824763 -0.358823
0.326611 -0.687114 -0.474665 -1.005864 -0.186587
0.529192 -0.985464 -0.308122 -0.947250 -0.130739
0.232838 -0.826482 -0.332288 -0.904963 -0.329715
0.153576 -0.912184 -0.554459 -0.631451 -0.125700
0.109939 -0.888572 -0.366548 -0.786903 -0.327587
0.356200 -1.139238 -0.193168 -0.871278 0.079172
0.216726 -0.781782 -0.316529 -0.885155 -0.266220
0.416289 -0.997550 0.005714 -1.029321 -0.150813
0.230422 -0.705067 -0.391976 -0.903340 -0.025073
0.474695 -0.841981 -0.101098 -1.225276 -0.334300
0.312617 -1.218948 0.094588 -1.053545 -0.220665
0.347069 -0.905008 -0.209043 -0.922249 -0.319982
0.320874 -1.330828 -0.080101 -0.437325 -0.038070
0.052724 -0.743350 -0.344727 -0.762827 -0.480208
0.261807 -0.687704 -0.265086 -1.068582 -0.382671
0.288664 -0.149455 -1.055544 -0.923198 -0.193825
0.266618 -0.325964 -0.971420 -0.917015 -0.299970
0.203432 -0.762685 -0.228050 -0.858696 -0.530023
0.457542 -1.272595 -0.114130 -0.779207 0.162517
0.412130 -1.254055 -0.255767 -0.701864 -0.375145
