0.817307 -0.414509 0.190963 -0.297295 -0.455606
-0.468191 -0.659344 0.381615 -0.213567 -0.925987
-0.446385 -0.938458 0.251194 -0.219491 -0.370118
-0.361236 -0.722864 1.175622 -0.830006 -0.689771
-0.400844 0.581928 0.627573 0.326860 -0.615529
0.219958 -0.892086 0.608276 -0.664367 -0.554893
-0.963438 -1.150687 0.585300 -0.120532 0.352898
-0.383778 -0.427784 0.418158 -0.296233 -0.417997
-0.430916 -0.236990 0.310392 -0.299907 -0.202632
-0.785893 0.048526 0.474910 0.215060 0.141750
0.330662 -0.262752 0.704976 -0.117154 0.389302
-0.106352 0.145462 -0.055373 0.600931 -0.592955
-0.075637 0.044464 0.602876 -0.068698 -0.819620
-0.719629 -0.257799 0.199679 -0.467134 0.068432
0.784246 0.214045 0.216086 -0.050239 -0.959693
0.303568 -1.073367 0.401692 -0.507829 0.041974
1.316074 -0.141321 0.903068 -0.069979 -0.412498
-0.792111 -0.755439 0.339510 0.098712 -0.722752
0.071413 0.605727 -0.040951 0.737621 -0.477638
-0.016419 -0.698700 -0.205895 -0.275261 -0.181274
-0.394250 -0.746187 0.201928 -0.482866 -0.617548
-0.071106 -0.485699 0.202227 -0.301526 -0.530682
0.081157 -0.440263 0.361699 0.082629 -0.517011
0.161892 -0.917356 0.697314 0.264288 -0.237515
0.221510 -1.071682 0.744794 -0.425933 -0.006961
-0.270292 -0.135339 0.317804 -0.180436 -0.697331
0.827480 -0.359700 1.446595 -0.540629 -0.521481
-0.246236 -0.165911 1.057800 0.286275 0.108560
0.412063 -0.603046 0.578549 -0.420568 -0.484635
0.969295 0.079806 0.425372 -0.258074 -0.468057
0.778594 -0.318420 -0.110994 -0.317185 -0.555416
-0.005845 0.068492 0.611977 0.100954 -1.286430
0.442912 -0.341792 0.435744 -0.077016 0.428014
-0.312587 -0.666659 0.171432 0.071831 0.008658
-1.138717 -0.130844 0.919682 0.028713 -0.859515
-0.207538 -0.924248 -0.334347 0.288952 0.780087
-1.538127 -0.534914 0.330469 -0.004126 -0.219408
-1.598506 -0.464508 0.550721 0.130860 -0.196781
0.286528 0.597595 0.506954 0.044525 -0.600578
0.244441 -0.054348 1.292095 0.196908 -0.033604
-0.052507 -1.018905 0.115974 -0.412669 -0.011555
-0.539425 -0.233753 0.682116 0.189047 -0.219292
0.250603 -0.996864 0.041120 0.047673 -0.185658
-0.240555 0.091110 0.155880 0.036491 -0.272308
0.328800 -0.174715 1.065993 0.265045 -0.453564
-0.289091 -0.847625 0.304835 -0.255394 0.375411
-0.321695 -0.141431 0.182647 -0.094642 -0.454268
-0.533251 -0.366168 0.392315 -0.098633 0.075017
-0.645954 0.686482 0.213603 -0.310771 -0.394507
-0.134467 -0.649344 0.824744 -0.558501 0.343213
0.540276 -0.828242 0.032114 -0.890219 0.038159
-0.831972 -0.839685 0.348286 -0.188295 -0.117022
-0.486214 -0.590397 0.288678 -0.546172 -0.733972
-0.491076 -0.420463 0.631603 -0.874751 -0.396672
0.125822 -0.943808 0.805764 -0.266592 0.290996
-0.166978 -0.677827 0.486108 -0.445015 -0.485274
0.590004 0.181894 0.898782 -0.039309 -0.672135
-0.300178 -0.964882 0.997578 -0.457640 -0.358792
0.188932 -0.509336 0.367187 -0.271078 -0.481049
-0.663137 -0.704806 0.360316 0.000139 0.022448
0.251424 -1.287184 -0.066383 -0.509486 -0.120451
-0.118040 0.667266 -0.467756 0.286675 -0.577891
-1.120448 0.050935 -0.074820 0.100555 -1.372002
-0.707489 -0.706162 0.058035 -0.615779 0.964060
-0.304175 0.038341 1.091828 -0.137312 -1.010027
1.026410 -0.254891 0.311181 -0.444791 -0.554454
0.384302 -1.072084 0.599301 -0.606492 -0.632421
-0.623587 -0.335296 -0.213943 -0.153602 -0.003361
0.465773 -0.288440 0.823970 0.333006 0.071943
0.295604 -1.177011 0.282849 -0.569223 0.132342
0.643509 0.060072 0.274709 -0.112650 -0.676031
-0.362419 -0.333989 0.233473 -0.096432 -0.379689
0.337660 -0.808884 -0.000451 -0.213251 -0.222742
-0.442577 -0.506044 0.281890 -0.779460 -0.086558
-0.327942 -0.394236 0.272830 -1.063132 -0.812680
-0.592096 -0.995221 0.404881 0.043871 -0.214495
0.327830 -0.346810 -0.053035 -0.368109 -0.396857
-0.694853 -0.725065 0.847389 0.234827 -0.060282
-0.690182 -0.585628 0.494236 -0.158946 0.246209
0.026367 -0.043211 0.257556 -0.708208 -0.525872
-1.006208 0.297727 1.206851 -0.413448 -0.703935
-1.510141 -0.120135 1.430875 -0.099462 -0.121478
-0.428609 -0.769684 0.479899 -0.422275 -0.559461
-0.841074 0.006590 0.287506 -0.439264 -0.123017
0.070319 -0.643816 0.750160 -0.047612 -0.817676
-0.213983 0.264673 0.273474 0.032763 -0.070816
0.128864 -0.161572 0.812597 -0.153727 -0.616985
0.324884 0.262121 -0.113873 0.124175 -0.056401
0.083722 -0.312943 0.116440 -1.130847 0.678614
-0.405998 -0.067088 0.471007 -0.072431 -0.520311
-0.614491 -0.202250 0.480324 -0.699431 -0.044568
-0.413416 -0.005857 0.361939 -0.262098 -0.341436
0.501403 -0.377841 0.603292 -0.440783 -0.405752
0.160756 0.019214 0.711783 -0.506106 0.120245
-0.166762 -0.101387 0.850233 -0.294301 -0.021163
-0.219024 0.101460 0.899042 -1.026545 -0.241434
0.154470 -0.137455 0.156422 -0.326695 -0.217022
0.152188 -0.498941 0.283504 -0.240195 -0.071783
-0.501717 0.616155 1.144750 -0.284000 -0.730987
0.739116 0.230303 0.700354 -0.504676 -0.407068
-0.006268 -0.119146 0.383525 0.220615 -1.152644
-0.110678 -0.752744 0.612755 -0.340975 -0.168051
-0.113286 0.136161 0.397281 -0.546951 -0.494023
-0.594866 -0.549485 0.336740 -0.242116 -0.137484
0.241611 -0.043324 0.762012 -0.450615 -0.292143
0.673813 0.032738 0.495416 0.747557 -1.025413
-1.047285 0.185721 -0.136985 -0.269442 -0.043127
-0.144116 -0.322964 0.221324 -0.620199 -0.670054
0.476480 -0.433977 0.576697 -0.993943 -0.040353
0.376134 -0.391982 0.681276 -0.776508 0.089730
0.593049 -0.723295 0.390869 -1.000464 0.040434
-0.737505 -0.786522 0.575424 0.045904 -0.742670
0.332388 -0.597061 0.415351 -1.011580 -0.339040
-0.235334 0.362634 1.066332 -0.222412 -0.144406
0.385800 -0.074053 0.227873 -0.677856 -0.102027
0.104704 -0.091424 0.341913 -0.633629 -0.220493
0.266131 0.183066 0.352342 -0.401437 -0.544963
0.241709 -0.663257 0.905082 -0.249744 0.087300
-0.056396 -0.223065 0.666975 -0.202034 0.280357
-0.320014 -0.043380 0.801285 0.223098 -0.629967
0.490497 -0.059816 -0.113175 -0.817825 -0.065701
0.138202 -0.307471 0.798613 -0.587895 -0.020384
0.342966 -0.568249 0.361793 -0.442023 -0.392888
-0.385677 0.136501 0.790564 0.316265 -0.447783
-0.233190 -0.280951 0.339711 -0.281298 -0.801730
0.159206 0.020325 0.360331 -0.399600 -0.342928
-0.089086 -0.806767 0.600016 0.135680 -0.700231
-0.690335 0.274790 0.404488 -0.458424 -0.673416
0.274686 -1.052370 0.723889 -0.617348 0.004969
-0.038449 0.240700 0.075900 -0.333662 0.274286
-0.380609 -0.414700 0.103541 -1.090290 -0.137992
0.197004 -0.479592 0.471055 -1.196666 -0.084516
0.096946 -0.770099 0.107711 -0.750884 -0.467071
-0.346819 -0.467052 0.754926 -0.580502 0.149952
0.817137 -0.471500 0.407489 -0.160854 -0.192371
0.213463 -0.363691 0.280803 -0.132404 -0.795647
0.169607 0.065366 0.579608 -0.469569 0.180608
-0.020807 -0.623093 0.486998 -0.131624 -0.908594
0.294655 -0.531578 0.667145 -0.939030 -0.244602
0.060146 -0.867294 0.349057 -0.492500 -0.613668
-0.469178 0.014146 0.942014 -0.340661 -0.073410
-0.464970 -0.154102 0.316643 -0.689669 -0.528871
-0.663581 -0.037728 0.523351 -0.383340 -0.217125
-0.297330 -0.450535 0.177898 -0.614366 -0.293598
0.427686 0.864856 0.394517 -0.397946 -0.047508
-0.094965 -0.640998 0.683119 -0.276273 -0.235281
0.614717 -0.709613 0.698925 -1.054699 -0.357938
0.248810 -0.629241 -0.085379 -0.445005 -0.662952
-0.173324 0.223761 0.622603 -1.074970 -0.133966
-0.276694 -0.464048 0.558060 0.095551 -0.732917
-0.072559 -0.414723 0.192457 -1.338779 -0.205272
0.333819 -0.403736 -0.671954 -0.899226 -0.617750
0.352772 -0.748353 -0.499912 -0.970890 -0.321148
0.684204 -0.928620 -0.240660 -1.074582 -0.458172
0.088193 -0.605978 -0.442528 -0.851189 -0.412700
-0.237057 -0.397358 -0.086268 -0.849129 -0.480635
0.349373 -0.986865 -0.169632 -0.943190 -0.153680
0.298790 -1.113709 -0.163709 -0.902354 -0.206887
0.418135 -1.129950 -0.108725 -0.883909 -0.290886
-0.525442 0.233417 0.887416 -0.748142 -0.547846
0.083380 -0.339789 -0.582489 -1.013382 -0.503563
-0.112197 -0.850624 0.311862 -0.239131 -0.216576
0.399137 -0.918704 -0.058365 -0.971734 -0.241167
-0.223184 -0.530251 0.353924 -0.105889 -0.764587
0.419995 -0.777593 -0.448863 -0.917864 -0.498279
0.326401 -0.832751 -0.353799 -0.969183 -0.320206
0.253306 -0.870805 -0.259337 -0.939281 -0.213295
0.235078 -0.799057 -0.379288 -0.945741 -0.381762
0.234343 -0.843137 -0.283530 -0.954681 -0.342948
