-0.411646 -0.414966 0.187892 -0.247508 -0.657752
0.627476 0.375123 1.546639 -0.062805 -0.336762
-1.023650 0.473742 0.199814 -0.503823 -0.704896
0.983272 -0.212488 -0.160719 0.098086 -0.344922
0.598982 -0.441851 0.850355 0.277791 -0.372229
-0.245523 -0.019876 0.862014 -0.054257 -0.211984
0.485241 0.171995 0.759431 -0.141335 -0.907199
0.183352 0.018031 -0.039895 0.115622 -0.138759
0.675604 -0.891545 0.599867 -0.831115 0.192532
-0.748674 0.838941 0.390879 -0.749372 -1.074717
-1.762612 0.164478 0.676466 -0.374446 -0.312730
-0.188986 -0.851299 0.324781 -0.737894 -0.110824
0.311501 -0.663329 0.283882 -0.022369 -0.060305
0.507293 -1.120166 0.016558 -0.455729 -0.463375
0.433375 -1.150795 0.003200 -1.157100 -0.528473
0.517037 -0.939541 0.078057 -0.420215 -0.126719
0.076175 -0.119184 0.063016 -0.922600 -0.292458
0.414547 -0.361817 0.952629 -0.152224 -0.355238
0.368903 -0.626955 1.026162 -0.291409 0.073679
0.354618 -0.271593 0.595744 -0.844342 -0.204077
-0.085524 0.039810 0.588499 -0.808921 -0.854165
0.620357 -0.094831 0.152304 -0.833424 -0.065244
-0.346908 0.316227 0.668148 -0.230209 -1.419721
0.022566 -0.020333 0.434438 -0.508827 -0.163613
0.926070 -0.986836 0.324046 -0.643906 -0.101611
1.020244 -0.560705 0.172618 -0.643720 -0.390256
-0.199100 0.324611 0.668484 -1.073995 0.088932
0.240434 -0.215419 0.750223 -1.134383 -0.074346
-0.285650 -0.118553 0.659634 0.102210 0.299414
-0.404993 -0.092516 -0.332970 0.301400 -0.181666
0.795720 -0.271551 0.799362 -0.695742 -0.124413
0.256343 -0.165141 0.620657 -0.196189 0.197308
0.481013 0.063148 0.297187 0.418118 -0.078446
-0.023442 -0.074124 0.942525 -0.145194 -0.738145
0.946746 -0.363689 0.845367 -0.693620 -0.670671
1.043676 -1.167954 0.666974 -1.046005 -0.168215
0.194988 -0.471607 0.749815 -0.650354 0.098549
-0.471088 0.013456 1.250935 -0.148520 -0.278755
0.523254 -0.371146 0.132021 -0.717878 -0.542121
0.098128 -0.115406 0.273187 -0.206292 0.126057
0.161998 0.228476 0.821398 -0.396440 -0.492767
0.797149 -1.140793 0.942931 -0.515814 -0.072097
0.097221 -0.140561 0.869232 0.145085 0.366974
0.375361 -0.392175 1.098685 -0.235782 -0.148787
0.843761 -0.829496 0.616362 -0.258658 0.265464
-0.523284 -0.067333 0.737549 -0.395108 -0.706554
0.971477 0.336132 0.587375 -0.021848 -0.397289
0.328945 -0.858061 0.374055 -0.697198 -0.198843
-0.741510 0.564441 0.837911 0.426538 0.126272
0.329652 -0.279233 0.312501 -0.235547 0.109442
-0.031993 -0.203846 0.191679 -0.544312 0.079563
0.787630 -0.010467 0.719408 0.239814 -0.105482
-0.103346 0.039804 0.672905 0.247228 -0.543576
0.374989 -0.376277 0.258505 -0.422437 -0.108285
0.503327 -0.726195 -0.056523 -0.142920 -0.275639
-0.733821 -0.086034 -0.034533 -0.147402 -0.615679
-0.029886 -0.414688 0.659315 0.058809 -0.328224
0.359665 0.444468 1.012925 -0.203482 0.228683
-0.174456 0.286285 1.173388 0.232693 -0.259319
0.057292 -0.512886 -0.240769 -0.513967 -0.870982
0.481328 -0.159083 0.085262 0.558395 -0.536698
0.339126 0.023194 0.308761 -0.044087 -0.251912
-0.796832 -0.469272 0.101934 0.164749 -0.500433
0.202256 -0.708624 1.014988 -0.372929 -0.485225
-0.694513 -0.756104 0.465404 -0.380818 -0.128170
0.579502 -0.603552 -0.089771 0.144773 0.426979
0.694714 -0.389393 0.475756 0.001063 -0.322700
1.100844 0.267551 0.997219 -0.167761 -0.722394
0.543719 -0.351379 0.422941 -0.046595 -0.106979
0.206602 -0.596060 0.417396 -0.578403 0.253427
0.657687 0.025861 1.374342 0.412820 0.071975
0.436718 -0.368799 0.316374 -0.381896 -0.007752
0.482102 -0.741026 0.966446 -0.517970 -0.098581
0.062332 0.270376 0.170829 -0.009210 -0.302665
0.737786 0.016362 0.336144 -0.024194 -0.592402
0.062348 0.019115 0.645232 0.070552 0.286491
0.022878 -0.355329 0.311154 -0.368709 -0.004722
0.508160 -0.035382 0.591560 -0.126807 -0.364429
0.039251 -1.110640 0.720091 -0.697677 0.294637
0.520099 -0.792969 0.299461 0.300313 0.224079
0.181250 -0.018827 0.044514 -0.088037 -0.824088
-0.162838 0.586958 -0.093853 0.085726 -0.747227
0.125277 -0.849336 0.493392 0.393741 -0.317186
-0.213264 -0.836663 0.333163 -0.174818 0.574502
-0.427252 0.028617 0.446740 -0.244027 -0.285325
0.445436 -0.493014 0.466919 -0.828462 -0.628464
0.291081 -0.458928 0.584752 -0.169513 -0.631769
0.324452 -0.361817 1.034349 -0.203450 0.498615
0.490967 0.388656 0.956252 0.303668 -0.029493
-0.484486 -0.347056 0.780321 0.317126 -1.517912
-0.246239 -0.862580 0.744451 -0.520649 0.293580
0.564390 -0.559159 0.546689 -0.697948 -0.405493
-0.369418 -0.419977 0.040309 0.647682 -0.452398
0.186843 -0.355607 -0.037565 -0.190845 -0.270634
0.011123 -0.633602 0.520073 -0.305774 -0.114281
0.525051 -0.042666 0.780879 -0.272529 -0.158612
-0.410444 -0.196626 0.952253 -0.217690 -0.098053
-0.241550 -0.475274 0.650037 -0.295297 -0.204988
0.547206 -0.370528 0.739856 -0.631929 0.195096
0.720882 -0.709169 0.597344 -1.071637 -0.375150
0.483356 0.388319 1.011477 -0.010386 0.793721
0.183393 -0.433038 -0.004759 -0.052852 0.486168
-0.143895 0.160446 0.192278 -0.035730 -0.215463
0.649304 -0.441164 0.445299 -0.058909 -0.162358
0.198802 -0.545005 0.653602 -0.139769 -0.375989
0.192393 -0.438619 0.255185 0.003271 -0.957102
0.117605 -0.336832 0.459146 -0.725060 -0.024498
-0.543632 -0.177296 0.324725 -0.366785 -0.339447
0.212281 -1.041111 -0.171983 -0.394148 0.236789
0.164134 -0.897780 0.352536 -0.029883 -0.993941
0.506543 -0.270837 -0.249148 -0.704296 -0.093992
0.420424 0.021381 0.578824 -0.493222 0.082589
0.515320 -0.560998 0.123532 -0.748263 -0.051524
-0.198567 -0.718305 0.573428 -0.304060 -0.353050
-0.414554 -0.167762 0.024896 -1.239561 -0.820418
0.009856 -0.134033 0.797362 -0.973759 -0.347951
-0.219379 -0.037185 0.749255 -0.738216 -0.253026
-0.236430 0.378703 -0.111242 -0.140523 -1.105488
-0.142323 -0.725933 0.678005 -0.498922 0.571335
-0.524794 0.153055 0.957527 -0.956987 -0.261131
-1.282012 -0.301086 0.948904 -0.356937 -0.090416
-0.083036 -0.603828 0.038511 -0.847822 -0.652445
0.583246 -0.708775 0.897626 -0.515707 -0.744314
-0.418382 -0.724990 0.120450 0.347380 -0.406144
-0.467579 -0.480235 0.078533 -1.552905 -0.498166
0.309891 -0.260610 0.260105 -0.660986 -0.419279
0.204482 -0.303778 0.217425 -0.651674 -0.705774
0.450155 -0.075560 0.656568 -1.524256 0.068515
-0.941355 0.270517 0.863071 -0.823326 -0.912473
0.601523 -0.700048 1.065767 -0.349858 -0.139323
0.411189 -1.078644 -0.279394 -0.979469 -0.081423
0.021677 -0.572785 -0.467191 -0.742148 -0.050235
0.222008 -0.903702 -0.145737 -1.015440 -0.330794
0.129937 -0.686570 -0.147160 -1.099890 -0.167640
-0.057560 -0.357404 0.038074 -0.921117 0.130961
0.435858 -1.176984 -0.056340 -0.879054 -0.093653
0.260330 -0.554588 -0.818171 -0.850284 -0.377583
0.397773 -0.864053 0.080634 -1.095616 -0.070955
0.307023 -1.027076 -0.118899 -0.895804 -0.246962
0.149163 -0.542117 -0.562585 -0.958867 -0.335052
0.372405 -0.450608 -0.742437 -1.004902 -0.196929
0.373306 -0.726049 -0.152822 -1.179866 -0.428592
0.249087 -0.625560 -0.393915 -0.900996 -0.466576
0.708120 -1.047422 -0.152742 -1.127322 -0.415427
0.490613 -0.855507 -0.280567 -1.012279 -0.248773
0.416313 -0.952526 -0.217965 -0.987354 -0.234581
0.320380 -0.910997 -0.123513 -0.991882 -0.330530
0.385219 -0.863942 -0.167627 -0.856439 -0.546420
0.242742 -0.498804 -0.408745 -0.874306 -0.272711
0.306239 -0.569059 -0.354793 -1.090011 -0.241702
0.302712 -0.656546 -0.503872 -1.000340 -0.342473
0.453348 -0.640189 -0.623774 -1.117740 -0.165657
0.201340 -0.582396 -0.358830 -0.930317 -0.370810
0.144603 -0.760591 -0.329737 -0.901583 -0.408818
0.743024 -1.096927 -0.061546 -1.060402 0.249763
0.548040 -0.854774 -0.082100 -1.156153 0.137181
0.453633 -0.982804 -0.294167 -0.956589 -0.464724
0.666374 -0.733329 0.345566 -1.287295 -0.092845
0.574554 -1.259023 0.084416 -1.188634 0.234822
0.446404 -0.993745 -0.061450 -0.901246 -0.373919
0.207641 -0.581793 -0.442280 -0.966204 -0.319378
0.333893 -0.746074 -0.251657 -1.026095 -0.239402
0.126081 -0.717564 -0.208708 -0.889818 -0.258677
0.493887 -1.117535 -0.009368 -0.962841 0.267876
