0.308388 0.209910 1.006159 -0.458767 -0.261964
-0.338978 0.148709 -0.084908 0.648752 -0.135732
0.252134 -0.322898 0.825712 -0.731054 -0.370041
0.244838 0.273859 1.112398 -0.679783 -0.830950
0.402196 -0.645199 1.027480 -0.259822 -0.549313
0.996595 -0.283948 -0.472859 -0.518129 -0.377708
-0.778767 -0.229024 0.760689 -0.437258 -0.367856
0.009562 0.442913 0.770960 -0.499280 -0.930711
-0.715726 -0.742399 0.513261 0.450064 0.210101
0.764152 -0.243286 -0.205163 -0.182385 0.172596
-1.769414 0.270220 0.882904 0.321430 -0.813623
-0.552618 -0.481945 0.843338 -0.234251 -0.843707
0.669407 -0.112601 0.568316 -0.386838 -0.137748
0.362811 -0.498385 -0.245599 -1.207927 -0.029921
-0.473003 -0.282629 0.835927 -0.084095 -0.422108
0.483660 -0.268543 0.385560 -0.178446 -0.092481
0.164651 0.083203 0.728476 0.290437 0.082424
0.427682 -0.529133 0.392550 -0.540466 -0.594020
0.735576 -0.133093 0.067111 -0.942737 -0.432485
1.088196 -0.670381 -0.323763 -0.721885 -0.011192
-0.041848 -0.706188 0.717721 -0.570260 0.123480
-0.128228 -0.122674 0.885303 -1.477199 -0.137654
0.745173 -0.499263 0.160745 -0.761388 -0.175721
-0.331040 -0.170771 0.301467 -0.682078 -0.041532
0.895777 -0.551709 0.584406 -1.188387 -0.813122
-0.256866 -0.040683 0.011012 0.267015 -0.633732
0.017141 -0.621562 0.904095 -0.031710 -0.330732
0.200650 -0.393117 0.414247 -0.531653 -1.254174
0.372694 -0.224611 0.670082 -0.408477 -1.329098
-0.146057 -0.614679 0.510666 -0.245603 -0.122804
-0.300922 -0.116414 0.134906 -0.545073 -0.576577
0.344220 -0.409082 0.418965 -0.913946 -0.219343
0.202003 -0.582617 1.024684 -0.086909 -0.201586
0.107963 -0.102485 0.453517 -1.347119 0.041621
0.124354 -0.453280 0.704813 -0.811470 -0.759303
0.537191 0.218238 -0.095093 -0.349478 -0.312800
-0.334455 0.098193 0.064156 0.162641 -0.632367
-0.628450 -0.480015 0.872170 -0.986948 0.047013
-0.265958 -0.357585 0.748580 -0.776287 -0.061694
-0.016559 -0.196951 0.745078 -1.404683 -0.078363
-1.177142 0.167632 0.788773 -0.791971 -0.034378
-0.720073 -0.304480 0.895601 -0.437985 -0.090111
0.855689 -0.141339 0.967335 0.528993 -0.497964
-0.337104 -0.336665 1.188278 -0.875894 -0.105368
0.095096 -0.222274 0.148787 0.089114 -0.302658
0.100376 -0.379814 0.862331 -0.237006 -0.999131
-0.151948 -0.695700 -0.000264 -0.239480 -0.177817
0.148924 -0.642947 0.198771 -1.005606 -0.495634
0.294296 -0.131801 0.131405 -0.982008 -0.586894
-0.207210 -0.340983 0.589058 0.149031 -0.212806
-0.190353 -0.409962 0.427582 -0.167269 0.294689
0.367780 -0.570061 0.374191 0.056936 0.381461
0.167860 0.067634 0.506662 -0.156721 -0.793175
-0.202588 -0.232572 0.889413 -0.131293 -0.789074
0.328391 -0.169212 1.045184 -0.131713 -0.528490
0.066635 -0.287322 0.593608 0.030758 -0.316575
0.446970 -0.445850 0.337064 -0.350760 -0.393596
-0.628712 0.065357 1.032019 -0.863908 -0.102490
1.209457 -0.175080 0.188298 -0.805317 0.378211
-0.295133 -1.064890 0.157393 -0.330829 0.130492
0.550165 -0.083698 0.291932 -1.334006 0.237048
-1.026178 0.046639 0.996104 -0.675574 -0.744048
-1.076221 0.374791 1.264683 -0.510794 -0.640281
-1.029901 0.056836 0.089082 -0.407068 -0.185041
0.053116 -0.748637 0.146838 -0.391358 -0.031141
0.381500 -0.745209 0.286307 -1.016647 0.341491
0.197692 -0.569696 0.985855 -0.333167 -0.727673
-0.070818 -0.014549 0.597268 0.507196 -0.206233
0.260511 -0.656472 0.204277 -0.208209 -0.663591
0.400997 -0.137661 0.567271 -0.367946 0.096815
-0.511371 -0.966566 0.421277 -0.457196 -0.885320
0.114116 -0.392692 0.634768 -0.303191 -0.972093
0.017141 -0.621562 0.904095 -0.031710 -0.330732
0.467339 -0.587163 0.922657 -0.579588 -0.853320
-0.025627 0.509189 1.120794 0.108751 -1.033599
-1.046757 0.115386 1.077806 -0.435580 -0.192703
-1.339217 -0.026508 0.839370 -0.482450 -0.165567
-0.445806 -0.854571 0.363692 -1.061541 0.180811
-0.088936 0.446867 0.859232 -0.791448 -0.191044
-0.300611 -0.463951 0.551782 -0.532671 -0.834725
0.137996 0.004400 0.612148 -0.015262 -0.456204
-0.278578 -0.304410 0.033571 0.308263 -0.623584
-0.383600 -0.629788 -0.255717 -0.069961 -1.293485
0.056630 -0.452287 0.570349 0.123274 -0.909678
0.637554 0.252041 0.221037 -0.027780 -0.621474
-0.638439 0.234801 0.982233 0.154653 -0.500987
0.303743 -0.906762 -0.025762 -0.833174 -0.203614
0.347724 -1.014918 -0.162107 -0.935926 -0.307545
0.313022 -0.735419 -0.399124 -0.985332 -0.206722
0.410436 -1.049748 -0.015841 -1.019293 -0.035038
0.419470 -1.006218 -0.158016 -1.135240 0.276793
0.550257 -0.856566 0.085928 -1.166801 -0.262274
0.255217 -1.070401 -0.103063 -0.890485 -0.327469
0.407558 -0.888416 -0.170318 -1.018038 -0.080778
0.096069 -0.512256 -0.642572 -0.746182 -0.275920
0.569650 -1.051548 -0.168541 -1.130028 -0.226407
0.523766 -1.002861 -0.134917 -1.096776 -0.309128
0.291055 -0.821352 -0.309281 -0.953747 -0.273122
0.067190 -0.984262 -0.020205 -0.873646 -0.196463
0.663845 -1.012660 0.101384 -0.771110 -0.650563
0.242079 -1.135651 -0.215490 -0.681831 -0.177437
0.265082 -0.521326 -0.246867 -0.955785 -0.253028
0.600030 -0.950622 -0.067831 -1.153226 -0.040700
0.459548 -0.924173 -0.325795 -0.987350 -0.212405
0.704365 -0.876059 0.035182 -1.277919 -0.027274
0.198642 -0.781025 -0.355552 -0.689977 -0.121072
0.326664 -1.057976 0.023467 -0.864982 -0.296664
0.102618 -0.557587 -0.455447 -0.951188 -0.340675
0.300094 -0.366062 -0.376279 -1.378315 -0.124023
-0.090018 -0.645712 -0.410755 -0.644598 -0.380138
0.467137 -1.017806 -0.157561 -1.042331 -0.226698
0.380106 -0.814260 0.129533 -1.028738 -0.238405
0.678527 -0.882645 0.747073 -0.678700 -0.094124
0.366263 -0.867344 0.057059 -1.066881 -0.123818
