0.292157 -0.251382 0.255415 -0.074519 0.082357
1.117614 -0.266764 1.074810 -0.263964 -1.174597
0.788735 -0.824023 0.686331 0.056254 -0.319375
-0.604016 -0.645998 0.803078 0.702924 -0.402520
0.164751 0.238700 0.410833 -0.761931 -1.287157
-0.038920 -1.624359 0.249626 0.033732 0.280576
-0.814520 -0.416230 -0.077340 -0.365661 -0.389549
-0.074910 -0.200465 0.137725 0.302955 -0.510191
0.590103 -0.206914 0.708743 -0.109343 0.297319
-0.454205 -0.639425 -0.081697 -0.084108 0.729211
0.206166 -0.776209 0.576292 -0.273040 0.582136
0.173827 -0.511017 0.212120 -0.320012 0.284755
-0.291598 0.270913 1.047468 0.320046 -0.787082
0.357699 -0.846949 0.299369 -0.605389 0.478126
-0.017870 -0.434156 0.262915 0.112429 -0.854114
-0.057028 -0.367833 0.892443 -0.799552 0.067826
0.508724 -1.244190 0.148585 -0.791522 -0.016986
1.257151 -0.284845 0.756917 -0.208512 -0.804011
-0.584157 0.412677 0.447588 -0.100253 -1.026976
0.075635 -0.583047 0.426065 -0.211927 -0.689166
0.166747 0.013982 0.560801 -0.468371 -0.668107
0.028377 -0.301105 0.335899 -0.363624 -0.064038
-0.158757 0.854468 0.861816 0.488039 -0.017442
0.620129 -0.605994 0.596119 -0.240937 -0.084326
0.321639 -0.777688 0.973420 -0.249779 -0.017775
0.323191 -1.370594 0.637485 -0.705987 0.104533
-0.140039 -0.459057 0.982109 -0.176910 -0.440029
-0.285619 -0.331440 0.276987 0.381961 -0.110488
-1.019458 -0.078053 1.469790 -0.353267 0.157419
0.532086 -0.505680 0.696739 0.101146 -0.875873
0.125503 -0.771958 -0.082175 -0.110993 -0.550308
0.535580 -0.129121 -0.200141 -0.178487 0.205707
0.345557 -1.239108 0.564874 -0.586084 0.453561
0.484229 0.459430 0.035510 0.820185 0.289826
-0.220504 0.313279 0.985587 -0.276581 -0.445122
-1.083726 0.703181 0.818969 -0.409133 -0.545793
0.529779 -0.604234 0.569981 -0.616542 0.407317
0.148930 0.335185 1.316470 0.514498 -1.094026
-0.611225 -0.510477 0.981877 0.159855 -0.426872
0.394911 -0.539545 0.534863 -0.963250 -0.287647
-0.197613 -0.639926 0.423011 -0.343785 0.522149
-0.258080 -0.738149 0.796272 -0.357387 -1.210140
0.767521 -1.002749 0.414825 -0.891259 0.329280
-0.249249 -0.758704 1.014927 -0.390632 -0.445667
0.750357 -0.660555 0.955813 -0.598589 -0.567711
0.548513 -1.257729 0.964404 -0.362720 0.253637
0.713833 -0.481688 0.553894 -0.049128 0.055338
-0.490409 -0.738323 1.184857 0.055102 -0.469585
0.079838 -0.170139 0.381328 -0.018129 -0.296631
-0.651995 -0.207873 0.985297 -0.692095 -0.579626
-0.081287 -1.118238 0.090348 -0.174295 -0.335670
0.203497 -0.408229 0.216103 0.107444 -0.583343
0.455110 0.228913 1.168722 -0.025720 -0.124630
0.216530 0.567593 1.374110 0.394621 -0.045141
0.090429 0.019739 0.056491 0.074282 0.082317
-0.926565 0.141068 0.425558 -0.246473 -0.747084
-0.545790 -0.497662 0.216372 -0.224736 -0.052670
0.033694 -1.103716 0.553045 -0.428217 -0.077162
0.707185 -0.698915 0.287944 -1.010494 -0.378708
0.122130 -0.146072 0.397457 0.175645 -0.899648
0.515744 0.126425 0.237460 -0.276282 0.102452
0.613541 0.039789 0.830875 -1.534123 -0.007075
0.455015 -0.330649 1.079325 -0.728237 -0.499121
0.569796 -1.232228 -0.295046 -0.110024 0.146187
0.163404 -0.451157 0.246780 -0.770315 -0.220837
0.695568 -0.630268 0.019974 -0.826726 -0.615281
0.444376 0.636482 0.681549 -1.208943 -0.319336
0.629030 -0.650044 0.513717 -1.060800 -0.377430
0.146147 -0.961316 0.589007 -0.343931 -0.915294
-0.406346 -0.096929 0.695661 -0.704649 -0.177045
-0.032207 -0.610998 -0.255737 -0.268982 -0.362545
0.062367 -0.874892 0.460606 0.132266 -0.692478
-0.119159 0.070712 0.414787 -0.598651 -1.143022
-0.086735 -0.850892 0.840475 -0.081203 -0.385756
-0.159223 -0.649645 0.801281 0.067191 -0.521441
-0.252208 -0.225734 0.155968 0.203185 -0.227667
-0.186067 0.257695 1.152677 -0.415788 -0.711762
0.151752 -0.128153 0.301570 -1.148084 -0.324134
-0.489382 -0.556814 0.384308 -0.230236 -0.569765
-0.120365 0.304340 1.465158 -0.017261 -0.857184
-0.167699 0.200229 0.787990 -0.726621 -0.129768
0.052355 0.126168 0.424727 0.227764 -0.841007
0.005106 -0.197343 0.381917 0.317620 -0.555343
0.230297 -0.751182 0.918572 0.043672 -0.480912
-0.297683 -0.116032 0.083488 -0.569489 0.407352
0.078273 -0.852751 0.422160 0.208806 0.293229
0.663586 -0.473064 0.396655 -0.445645 0.015438
-0.368726 -0.489616 0.905288 -0.455576 0.037603
-0.048415 0.135797 0.676424 -0.723873 -0.396257
0.296165 -0.551888 0.501685 -0.201795 0.292585
0.258279 0.037398 1.639979 -0.428086 -0.441408
0.269087 -1.540279 -0.086501 -0.796914 -0.103522
-0.138399 -0.347423 -0.005363 -1.119694 -0.366036
0.471317 -0.974681 -0.247028 -0.998767 -0.362328
0.712908 -1.099170 -0.106231 -1.330977 -0.201423
0.302551 -1.444104 0.334008 -0.733701 -0.583470
-0.046071 -0.353551 0.426405 -0.725738 -0.341163
0.553923 -1.341075 0.021137 -1.128842 -0.147195
0.139508 -0.198544 -0.534008 -0.847837 -0.656802
0.086219 -0.268639 -0.742277 -0.792193 -0.444951
0.092212 -0.726597 -0.286897 -0.974252 -0.354690
0.392409 -0.770712 -0.510820 -1.188620 -0.336702
0.321659 -0.853669 -0.075376 -0.975227 -0.113235
0.115054 -0.648687 -0.236502 -0.916258 -0.378483
0.453444 -0.982974 0.026535 -1.290439 -0.278874
0.137793 -0.809054 0.105490 -1.058784 -0.294570
0.305667 -1.155781 0.114569 -0.670321 -0.318251
0.013718 -0.625746 -0.429797 -0.387337 -0.532030
0.137154 -0.797321 -0.292645 -0.963439 -0.072995
0.182923 -0.651359 -0.322539 -0.939636 -0.357563
0.056076 -0.756543 -0.013581 -1.126147 -0.364705
0.564215 0.108140 -0.469969 -0.859312 -0.435316
0.421344 -0.722628 -0.285716 -1.119368 0.095859
0.236459 -0.699230 -0.255143 -1.091792 -0.335607
0.114094 -0.790963 -0.164648 -0.993662 -0.159811
