0.102963 -0.784372 1.007585 -0.469279 -0.470379
-0.045732 -0.256942 0.555672 -0.268943 0.005920
0.059910 0.463074 0.795799 -0.425034 0.130105
0.312526 -0.058811 0.392679 -0.190744 -0.718634
-0.264741 -0.678751 0.632183 -0.737888 -0.820464
0.123387 0.231771 1.419416 0.528256 -0.880178
-0.411170 0.081643 0.601831 -1.063744 -0.120583
-0.276353 0.135121 0.979817 -1.239513 -0.056948
0.245669 -0.094936 0.494022 -1.160088 -0.289293
0.106998 -0.448351 0.215742 -1.006463 -0.788882
-0.375971 -0.682416 1.234233 -0.599565 -0.590025
0.546152 -0.366137 0.373041 -0.416245 -0.565957
0.035264 -0.213750 0.602238 0.242541 -0.638956
-0.265255 -0.471782 0.927185 -0.537602 -0.681871
-0.483243 -0.607818 0.492724 -0.093364 -0.656720
-0.053129 -0.321512 1.101000 -0.354772 -0.514680
0.082255 -0.030886 0.532161 -0.710925 -0.725030
-0.712566 -0.436451 0.631807 -0.326835 0.214832
0.101573 0.352157 0.647392 0.517599 -0.218705
0.228716 -0.893741 0.147075 -0.228613 -0.296222
0.410319 -0.201589 0.745725 -1.087684 -0.360994
-0.268932 -0.127418 1.039903 -0.441029 -1.150544
0.482497 -0.224015 0.769121 -0.547556 -0.243992
0.479828 -0.894135 0.242660 -1.050342 -0.057136
0.029688 -0.499490 0.116190 -0.316977 -0.097605
-0.692891 -0.074310 0.980745 -0.344626 -0.186981
0.209984 -0.859322 0.935411 -0.469326 0.102126
0.027440 -0.317137 0.585257 -1.053570 -0.562688
1.311950 -0.823531 0.357504 -0.483368 -0.102946
0.713821 0.386814 0.471387 -0.016056 -0.734108
0.381055 0.107735 0.550667 -0.308825 -0.619231
-0.255601 -0.498588 1.490103 -0.316781 -0.281217
-0.159437 0.072157 0.887381 0.380567 -0.912170
-1.193397 -0.715621 0.426813 0.465809 -0.522935
-0.689099 -0.009589 0.522340 -0.189813 -0.804407
-0.210722 -0.249886 0.231504 0.364583 -0.076225
0.294742 0.109395 0.484806 0.323197 0.024495
-0.887997 -0.167347 1.010650 -1.056294 -0.508042
-0.482298 -0.404584 0.380744 0.204279 -0.399617
-0.251127 0.277343 -0.461853 0.334053 0.238827
-0.695952 -0.611450 0.401040 0.183656 -0.384980
-0.768612 -0.090618 0.681855 -0.891498 -0.062317
0.774189 -0.148171 0.838922 0.259349 -0.806560
-0.335802 -0.444207 0.177395 0.023687 0.085144
0.566431 -0.043306 1.088225 0.385097 -0.498504
0.143121 -0.382638 0.889486 -0.384304 -0.114022
-0.802636 -0.366572 0.718401 -0.121330 -0.783108
-0.975505 -0.461742 0.675400 -0.137365 -0.343794
0.308127 -0.332478 0.159420 -0.013960 0.045929
-0.171535 -0.233475 -0.056404 0.293734 -0.457285
-0.053417 -0.673890 0.906443 -0.562600 -0.712011
0.024296 0.494374 1.176680 0.571503 0.266542
-0.123944 -0.014850 0.028619 0.328028 -0.460654
0.067415 -0.428622 0.438689 -0.138818 0.052401
-0.121921 0.276083 1.038644 0.353182 -0.731435
-0.558215 -0.563353 0.903274 0.119344 -0.275314
0.172732 0.514768 0.801195 0.061366 -0.400250
0.349545 -0.293646 0.244173 -0.033100 -0.655674
-0.140534 -0.751595 0.096918 0.019578 0.534624
-0.622810 -0.424519 0.004396 -0.197194 0.283419
-0.446413 -0.635733 0.128953 -0.210183 0.523450
-0.423561 -0.669661 0.999293 -0.607073 0.248237
-0.230512 -0.834216 0.780760 -0.309713 -0.503861
-0.241752 -0.956777 0.769917 -0.325190 -0.157746
-0.449254 0.133450 0.342847 -0.531255 0.200101
0.003853 -0.553500 0.389460 -0.179208 -0.307104
-0.420552 -0.055321 0.195802 -0.214480 -0.083873
-0.283313 -0.293581 0.366369 -0.018475 -0.082847
-1.015568 -0.141238 0.700762 -0.689185 -0.509595
-0.172390 0.429263 0.256654 -0.158249 -0.632105
0.351173 -0.678060 0.381913 -0.376470 -0.718088
-0.512018 -0.527314 0.494517 0.180150 0.431254
-0.068357 -0.213164 0.657410 -0.123974 -0.462847
0.492323 -0.091090 1.151743 -0.100392 -0.957927
-0.458730 -0.570821 0.498549 -0.076135 -0.275178
0.515265 -0.172410 0.472332 -0.446579 -0.794606
-0.261986 -0.321452 -0.698893 0.065655 -0.295960
0.236134 -0.230167 0.811645 -0.270152 -0.823371
1.260785 -0.787177 0.429810 0.248765 -0.405004
0.809230 -0.223571 0.320536 0.077143 -0.420844
0.599208 -0.803786 0.509497 -0.033051 -0.084909
0.371661 -0.944057 0.572827 -0.308941 0.303874
-0.223866 0.292159 1.129794 -0.720111 0.011100
-0.050627 0.160388 0.915865 -0.895053 0.327242
-0.118010 -0.903467 0.531581 -0.161038 -0.194493
-0.055849 -0.820674 0.503641 -0.307259 -0.976291
-0.356029 0.566723 0.928171 -0.452041 -0.243448
0.338177 -0.365358 0.392880 -0.839064 -0.223292
0.562128 -1.265161 0.213417 -0.881382 -0.348251
0.388340 -0.967844 -0.231940 -0.995982 -0.291110
0.043330 -0.892117 -0.212600 -0.983934 -0.461896
0.404552 -0.794341 -0.266271 -1.076905 -0.417676
0.413140 -1.015770 -0.091135 -1.050029 -0.350630
0.538223 -1.100962 0.001685 -0.994599 -0.052721
0.401410 -1.031194 -0.237857 -1.044966 -0.105375
0.164651 -0.978970 -0.326383 -0.897778 -0.465437
0.400342 -0.407013 -0.588295 -0.861671 -0.512455
0.376976 -1.129375 0.139845 -0.808584 -0.471072
0.068929 -0.755785 -0.387522 -0.631661 0.092834
0.139291 -0.614065 -0.507531 -0.926978 -0.280310
0.136943 -0.741191 -0.243337 -0.884876 -0.237357
0.256277 -0.949383 -0.500548 -0.479888 -0.301424
0.638332 -1.063315 0.100360 -0.931620 0.314401
0.321462 -0.534808 -0.501252 -0.971462 -0.133736
0.184308 -0.919358 -0.310269 -0.860118 -0.231484
0.408395 -0.919599 -0.219049 -0.974516 -0.214548
0.457590 -0.647601 0.728946 -0.434729 -0.316409
0.390225 -0.898935 -0.243739 -0.874705 -0.135657
0.489273 -0.607433 -0.260738 -1.004235 0.014010
0.214171 -0.973557 -0.347367 -0.891118 -0.203137
0.089049 -0.997941 -0.268647 -0.619917 -0.258502
