0.021042 0.286222 0.941329 -0.951234 -1.210741
-0.260314 0.011991 0.330331 -0.529366 -0.980651
1.114555 -0.300389 0.559272 -0.450625 0.211532
0.407523 -0.605994 -0.069777 -0.072294 -0.680092
0.466150 -0.485354 -0.126718 -0.912176 -0.376340
0.106975 -1.032805 0.612517 -0.085272 -0.573348
0.504845 -0.879316 0.104083 -0.424766 -1.206937
0.682504 0.056514 0.807730 -0.686968 -0.778879
0.038542 0.657609 0.905629 -1.018138 0.418251
0.155366 0.118852 0.555385 -0.658175 -0.132778
-0.157804 -0.071532 1.025770 -0.413969 -0.504199
0.220736 0.660366 1.180286 -0.192013 -0.990835
0.505046 -0.807179 0.385800 -0.890785 -0.001011
-0.176645 -0.468507 0.708683 0.179301 -0.279692
0.756146 -0.784826 0.832672 -0.367660 0.081742
0.146402 -1.509328 -0.141992 -0.120673 0.021680
-0.457111 -0.028536 0.406423 -0.141628 0.154175
0.192457 -1.135652 0.307437 -0.699519 0.519475
0.524753 -1.061491 0.353857 -0.222682 0.571108
-1.176046 -0.351256 0.602925 -0.259583 -0.320940
0.754093 -1.062013 0.080265 -0.906705 -0.061907
0.575597 -0.073473 -0.065304 -0.710486 -0.724545
0.110094 -0.677676 0.049435 -0.447220 -0.929814
0.825240 -0.618824 0.914896 0.114449 0.473326
0.538919 -0.726970 0.700744 -0.692674 -0.211095
0.642457 -0.791300 0.369877 -0.977223 -0.401582
0.704522 -0.457362 0.513813 -0.398423 -0.224466
0.560983 -0.480706 0.162836 -0.651342 -0.421506
-0.512427 -0.388495 0.212208 -0.388077 -0.139922
-0.054020 -0.503259 0.796835 -0.771645 -1.097320
0.418855 -0.356873 0.215262 -0.902501 0.015174
0.749371 0.009997 0.109058 -0.475120 -0.870037
0.331739 -0.735447 0.429957 -0.780024 -0.200910
-0.087756 -0.801519 0.938885 -0.085493 -0.490899
0.173967 -0.870709 0.323707 -0.216487 -0.633475
0.178357 -1.032082 0.113660 -0.483721 -0.272752
0.696301 0.026363 0.272098 -0.167136 -0.537361
0.288566 -0.388780 0.525752 -0.991999 -0.239768
0.217658 0.076940 0.876413 0.175524 -0.621656
0.309181 -0.576335 0.311899 -1.044277 -0.385244
-0.418953 -0.303175 0.706083 -0.020252 -0.476983
0.598919 -0.335419 0.678562 -0.351747 -0.499622
0.745401 -0.955672 0.612067 -0.984416 -0.822465
1.127592 -1.008035 -0.138033 -0.779430 -0.723207
-0.276306 0.008053 0.235030 -0.119213 -0.096849
0.080292 -0.853371 -0.027225 -0.363205 -0.684879
0.289920 0.042491 0.663995 -0.268010 -0.292370
-0.278227 0.123028 1.126272 -0.488479 -0.599114
0.108249 0.016914 0.506494 -0.079167 -0.329518
-0.658146 -0.401548 0.594526 -0.353764 0.281970
1.183685 -0.139102 0.317530 -0.736712 0.645284
0.042164 -0.471819 0.342714 0.083394 -0.242754
0.539408 -0.277768 0.528738 0.115743 -0.082913
-0.361528 0.309906 0.381633 0.000044 -1.256895
0.039086 -0.592084 0.143587 -0.009327 -0.476313
-0.450258 -0.423388 0.461260 -0.991813 0.096578
0.904283 -0.597934 0.287653 -0.503695 -0.260603
0.218998 -0.653724 0.650384 -0.335644 0.426632
-0.575302 -0.043894 0.830651 -1.292202 -0.376995
0.641385 -0.819916 0.201870 -0.370008 -0.519552
0.102992 -0.205036 -0.401673 -0.755979 -0.802589
1.096172 -0.322733 0.300239 0.292335 -0.391385
-0.498916 -0.014781 1.084223 0.283893 -0.708501
-0.055202 -0.226361 0.643236 0.366067 -0.164714
-0.706763 -0.100080 0.524207 -0.817012 -0.734011
-0.363162 -0.950859 0.808436 -0.845712 -0.609615
0.393953 -0.362006 0.467640 -0.531432 -0.376668
0.180229 -0.220538 0.533204 -0.357485 -0.287638
-0.431642 -0.201752 0.308156 -0.171180 -0.668792
0.272449 -0.202914 1.009917 -0.033156 -0.403169
-0.491282 -0.211067 0.649270 -0.723204 -0.348321
-0.635626 -0.903164 0.340921 -0.392861 -0.760193
-0.123576 -0.721231 0.739011 -0.462890 -0.815757
-0.193243 -0.819591 0.303367 -0.299918 0.153684
-0.580813 -0.492655 -0.035758 0.152875 -0.207297
0.552070 -0.567686 0.130561 -0.091364 -0.234056
0.924067 -0.807923 0.151771 -0.521840 0.463551
0.208333 -0.415673 0.985043 0.247675 -0.452192
0.669726 -0.175099 0.465536 -0.293129 0.000598
-0.372325 -0.371332 0.355700 -0.069533 -0.538239
0.464436 -0.420129 0.668192 -0.618776 -0.153831
0.582540 -0.721215 0.435909 -0.470886 -0.029262
0.792187 -0.432672 0.809862 -0.163396 -0.052500
-0.147686 -0.158579 0.847427 -0.759267 -0.259628
-0.425607 0.533254 -0.146785 -0.976782 -0.515370
0.533253 -0.799067 0.334149 -0.759627 0.018413
-0.504140 -1.300630 0.153381 0.018788 -1.085336
0.810269 -1.080309 0.590459 -0.467626 -0.076897
-0.164813 -0.761284 -0.868544 0.172526 -0.055855
-0.574783 -1.039309 0.775201 -0.236599 0.044889
0.107423 -0.677679 0.814884 -0.233475 -0.149266
0.625729 0.072651 0.371124 0.239799 -0.683880
0.012187 0.391795 0.455537 -0.208946 -1.093559
-0.210936 -0.506979 -0.910382 0.106873 -0.619052
-0.577219 -0.210461 0.734672 0.368020 -0.617072
-0.386659 -1.001240 0.096026 -0.151766 -0.390859
0.350246 -0.980812 0.810101 -0.625192 -0.147437
0.642593 -0.722631 0.872634 -0.081580 -0.150075
0.231485 -0.106288 0.837724 -0.332869 0.188591
0.278358 -0.388591 0.348904 0.052864 0.224090
0.458363 -0.899691 0.596621 -0.607248 0.833682
-0.431855 -0.954675 -0.481284 0.173058 0.874829
0.082681 0.424457 0.691579 -0.444635 -0.307250
-0.907908 -0.357982 0.429099 0.229824 -0.607152
-0.352470 -0.921088 0.860113 -0.050237 -0.184839
-0.497461 -0.304636 0.836360 -0.348287 -0.369530
-0.245290 -0.329276 0.167694 -0.457176 -0.456898
-0.079000 0.285142 0.948300 0.184066 -0.295842
-0.863159 -0.454712 0.029692 0.163450 -0.835191
0.544347 -0.593169 0.784763 -0.415003 -0.731735
0.614667 -0.247877 0.101292 -0.376310 -0.379799
1.192562 -0.156463 0.441052 -0.461906 0.215269
-0.227966 -0.583626 0.623365 -0.090874 0.224024
0.555015 -0.576502 0.865235 -0.489229 0.013887
-1.341048 -1.113450 -0.365978 0.377062 0.270368
0.046868 -0.309267 -0.227042 0.369456 -0.197702
0.456562 -0.528559 0.994907 -0.355666 -0.995248
-0.019435 -0.769808 0.408711 -0.964446 -0.859535
0.413931 -1.064175 0.351178 -0.614225 -0.202799
0.589814 -0.187574 0.414586 -0.328986 0.005655
0.572652 -0.853653 0.835841 -0.722708 0.356826
-0.032996 0.531026 0.918315 -0.370139 -1.161281
0.508486 -0.412323 0.926556 -0.180214 0.293446
0.579509 -0.781531 0.885713 0.230280 -0.573102
-0.092810 -0.761089 0.821332 -0.227388 0.450960
0.234031 -0.020520 0.316200 -0.717536 -0.149388
0.598714 -0.699407 0.257875 -1.184199 -0.557786
0.127292 -0.761233 -0.386747 -0.841884 -0.335696
0.238992 -0.733457 -0.324130 -0.944564 -0.450364
0.557691 -1.011410 -0.485528 -0.884130 -0.174895
0.263775 -0.717236 -0.145897 -1.189726 -0.262119
-0.083232 -0.470274 -0.357021 -0.820858 -0.193222
0.359746 -1.570892 0.174922 -1.027620 0.109759
0.219863 -0.493871 0.259882 -0.925175 -0.612619
-0.051060 -0.495474 -0.669292 -0.747995 -0.413911
0.055978 -0.941934 -0.123403 -1.083485 -0.121148
-0.002461 -0.711097 -0.616442 -1.020243 -0.189056
0.001373 -0.891753 0.334402 -0.451247 -0.391340
0.178198 -0.731396 -0.207131 -0.784395 -0.368284
0.462942 -0.909570 0.242520 -1.314152 -0.293628
0.468308 -0.695967 -0.307125 -0.950453 -0.403704
0.042267 -1.389629 -0.019366 -0.873437 -0.219226
0.393682 -0.966399 -0.158872 -0.921182 -0.331210
0.445537 -0.812894 0.030426 -0.971891 -0.486937
0.010581 -0.744372 -0.083820 -0.853160 -0.490580
0.442942 -1.043118 -0.053715 -0.926717 -0.263923
0.325387 -0.723294 -0.338136 -0.877005 -0.461324
0.045262 -1.006986 -0.253040 -1.089660 -0.467045
0.169120 -0.482543 -0.365275 -0.350461 -0.394657
0.177396 -0.816660 -0.256846 -0.919140 -0.488340
0.371695 -0.593234 -0.546561 -1.036811 -0.279897
0.440974 -0.544212 -0.550554 -1.087930 -0.401182
-0.005365 -0.585408 -0.290985 -0.554562 -0.512785
0.195781 -0.756324 -0.331958 -0.610769 0.001617
0.100343 -0.943484 0.084406 -0.972140 -0.121606
-0.293664 -0.555047 0.403755 -0.690391 -0.317493
0.579959 -0.744542 0.782766 -0.680381 -0.691024
0.128157 -0.006245 0.374126 -0.878866 -0.387699
0.761028 -1.238032 -0.136752 -1.058830 0.194392
0.072978 -0.904141 -0.208128 -0.790897 -0.272258
0.479211 -1.363163 0.047990 -0.803175 -0.153054
0.542236 -0.878023 -0.073645 -1.167772 -0.370909
0.264215 -1.067808 -0.222829 -0.901274 0.108280
0.432620 -0.964584 0.091752 -0.904123 -0.253211
0.487624 -0.818602 -0.114562 -1.134924 -0.103734
0.372627 -0.691812 -0.428665 -0.967531 -0.166963
0.415611 -0.656103 -0.590971 -1.004591 -0.428865
0.361311 -0.662997 -0.395277 -0.641677 -0.550059
0.142059 -0.525126 -0.525635 -1.080329 -0.272094
0.246671 -0.738620 -0.465733 -0.900023 -0.319596
0.147757 -0.804743 -0.422475 -0.861091 -0.312136
0.087474 -0.763904 -0.127743 -0.975168 -0.200700
0.286842 -0.515963 -0.587153 -0.954947 -0.438792
0.360691 -0.582571 -0.455460 -0.968683 -0.415947
-0.387986 -0.257710 -0.478695 -1.123477 -0.324476
0.433589 -0.832444 -0.002108 -1.213611 -0.492705
