-0.406934 0.084479 0.516707 -0.200234 -1.314834
0.261658 -0.072493 0.085275 0.084345 -0.158802
-0.545357 -0.327576 0.936966 -0.176996 -0.453110
0.398672 -0.409367 0.457860 -0.362562 0.243879
-0.214295 -0.326086 0.951473 -0.332601 -1.497228
0.297732 -0.789077 0.929715 -0.651399 -0.120275
0.560745 0.034743 1.014995 0.363122 -1.272148
0.090077 0.041713 1.088254 0.197905 -0.481734
-0.091488 -0.455027 -0.088813 -0.075106 0.707189
-0.239282 -0.161051 0.864460 -0.763993 -0.439046
-0.779093 -1.190685 0.306679 -0.332558 -0.409078
0.041414 -0.461616 0.497485 -0.761817 -0.440725
0.439999 -0.382146 0.127736 0.178764 -0.513873
-0.089254 0.159297 0.420195 -0.144115 -0.220309
0.118398 -0.664719 0.263989 -0.270362 0.414265
-0.540163 -0.584158 0.410630 0.071633 -0.083709
0.383712 -0.273751 0.757643 -0.147703 0.592145
0.100221 0.018503 0.117211 -0.797134 -0.239860
-0.806267 -0.558495 0.972551 0.952280 -0.949120
-0.230561 -0.327845 0.798134 -0.161014 -0.084999
-0.985456 -0.611832 0.255213 0.139486 0.773696
-0.472924 -0.212174 1.043233 -0.456928 -1.129728
-1.136886 -0.054069 0.691634 0.211212 -0.376209
-0.037342 -0.566109 -0.014276 -0.144670 -0.228883
-0.429382 -0.451301 0.136420 0.034981 0.700075
-0.187469 -0.835024 0.192065 -0.205434 -0.204162
0.467384 -1.089582 0.574184 -0.562766 -0.138048
-0.240764 -0.381302 0.141958 -0.581337 0.262792
-0.610739 -0.478791 -0.069643 0.028366 0.321826
-0.505571 -0.584494 0.004864 0.134461 -0.024282
-0.316433 -0.367162 -0.211532 -0.114237 -0.119820
-0.167570 -0.822714 0.501282 -0.279701 -0.689319
-0.858796 -0.081188 0.262864 -0.912963 -0.596582
-0.633961 0.151795 0.534374 -0.347351 -0.704317
0.233474 0.368353 0.364592 -0.522044 -0.640234
0.138436 -0.160089 0.740702 0.121425 -0.945165
-0.000809 0.123188 0.084786 -0.920978 -0.007337
-0.655425 -0.095956 0.251559 -0.402614 -0.589077
0.073668 -0.107895 -0.112073 -0.043507 -0.666655
-0.197116 -0.016467 1.200450 -0.386576 -0.177966
0.363243 -0.321630 0.196478 -0.401475 -0.639552
0.175979 -0.328517 0.692330 -0.975017 -0.311690
0.232728 0.174308 1.128459 0.291482 -0.278641
0.600324 0.499232 0.853318 0.451333 -0.088015
0.208470 -0.611206 -0.470556 0.059682 -0.015263
0.315267 0.084052 -0.217412 0.146598 -1.089346
0.265524 -0.745559 0.396786 -0.716176 -0.450770
-0.671695 -0.301310 0.257351 -0.428814 -0.270950
-0.297417 -0.597614 0.454099 -0.829519 -0.508929
0.455051 -0.725883 0.916416 -0.536547 -0.489768
-0.122772 -0.502974 0.724812 -0.784545 0.485826
-0.123628 -0.532053 1.041273 -0.296708 -0.469302
-0.421976 0.332730 1.148900 -0.288536 -0.523184
-0.308261 -0.237697 1.138097 -0.801212 -0.891062
0.377722 -0.615784 0.560766 -0.661634 -0.256304
0.282746 -0.644574 0.444038 -0.433245 -0.191940
0.681754 -0.279894 0.495800 -0.283836 -0.258108
-0.909519 -0.913613 0.496451 -0.064258 -1.067184
-0.077504 -0.584422 0.497850 0.127564 -0.341582
-0.484409 -0.099466 0.439758 0.238085 -0.634739
-0.154216 -0.624973 0.676437 -0.268827 -0.369762
-0.069154 -0.680100 1.119774 0.140072 -0.408431
0.424705 -0.771265 0.398975 -1.497586 0.382892
-0.303595 0.059886 0.941423 -0.965983 0.017271
-0.210538 0.073881 0.907837 -0.777758 0.089741
-0.884671 -0.599613 0.191821 -0.504275 0.311152
0.297981 -0.323042 0.329687 -0.549115 -0.242061
-0.601961 -0.289075 0.424145 -0.542104 0.208631
-0.809442 -0.487316 0.218162 -0.008000 0.262263
-0.467436 -0.284456 0.167871 -0.441195 0.539862
0.556888 -0.383870 0.779832 -0.815442 -0.604533
-0.140737 -0.143198 0.642721 -0.506982 -0.474224
-0.207815 -0.028248 0.679963 -0.919802 -0.254116
-0.636421 -0.699902 0.979114 -0.198243 -0.758050
-0.887563 -0.324488 0.361712 0.003775 0.222212
-0.191946 -0.961737 0.748866 -0.402374 0.013271
0.699895 -0.432384 -0.122496 -1.102551 -0.673310
0.059734 0.059888 0.927483 -1.214133 0.166286
-0.270402 -0.325717 0.562958 -0.195371 0.110769
0.600947 -0.545106 0.897125 -0.163763 -0.675294
0.660883 -0.156404 0.388713 0.129344 -0.149512
0.412517 -1.376029 0.401181 -0.232005 -0.129068
-0.560968 -0.097206 1.166359 -0.751970 -0.290259
0.507255 -0.351394 0.460706 -0.548880 -0.674153
-0.837688 -0.237578 0.845151 -0.219692 -0.396419
-0.273527 0.075805 0.815605 -0.629778 -0.439509
0.089751 -0.298407 0.354293 -0.731692 -0.037300
-0.465157 -1.105307 1.112372 -0.538862 -0.341966
-0.404825 -0.174203 1.318756 -0.777330 -0.804603
-0.027116 -0.658504 0.381809 -0.489338 0.325549
-0.139818 -0.044942 0.921186 -0.213165 -1.112519
-0.885073 0.032410 0.484643 -1.027611 -0.776828
-0.147850 -0.219423 0.496852 -0.725346 0.276733
-0.450340 -0.010312 -0.006907 -0.562740 -0.608049
-0.362248 -0.749189 0.287906 -0.261133 -0.823691
0.063581 -0.436893 0.326721 -0.164941 -0.717738
-0.681002 -0.096876 0.392387 -0.554326 -0.554607
-0.355540 -0.898423 0.680276 0.818943 -0.460422
-0.487300 0.252292 1.069221 -0.608872 -0.225095
0.104439 -0.357771 0.768934 -0.758702 -0.303621
-0.022486 0.174169 -0.084115 0.172195 -1.742575
0.657457 0.103444 0.293670 -0.853285 -0.105939
-0.534498 0.011213 0.457283 0.002596 -0.870094
-0.126888 -0.197689 0.473600 -0.413509 -0.438108
-0.068038 -0.981454 0.198577 -0.492332 -0.115039
-0.259539 -0.254861 0.459529 -0.406545 -0.058225
0.383222 -0.286505 0.105277 -0.756168 -0.691395
-0.693686 -0.016899 0.782486 -0.491450 -0.917484
0.373415 -0.477676 -0.045647 -0.243472 -0.930511
0.306195 -0.510593 0.234705 -0.091833 -0.255828
0.258053 -0.148587 0.563892 -0.753674 0.144882
0.074680 -0.645031 0.040807 -0.254060 -0.162616
-0.116775 -1.431181 0.261870 -0.471470 -0.115185
-0.040193 -0.977170 0.633035 -0.179729 -0.521921
0.474279 -0.641205 0.282024 -0.322706 -1.298759
-0.002601 -0.865959 0.776339 -0.450550 -0.653844
0.193504 0.215513 0.911145 -0.158506 0.114493
0.662212 0.161114 0.240721 -0.330725 -0.287193
0.879078 -0.228211 0.344273 -0.199355 -0.210819
-0.284222 -0.592025 1.121339 -0.019118 0.004594
0.359355 0.963957 0.594591 0.743257 -0.674144
0.199580 0.210460 1.079007 0.688976 -0.510900
-0.809327 0.402985 0.963999 0.343078 -0.567045
-0.614793 0.059511 1.248612 0.406119 -0.948814
-0.793125 -0.004443 1.298821 -0.073082 0.035108
-1.358077 0.008614 0.286927 0.514560 -0.070783
-0.042992 -0.597434 0.133731 -0.434576 -0.557558
-0.144622 0.001999 0.371308 0.650541 -0.566064
-0.285953 0.190978 1.010638 0.053840 0.112439
0.089339 0.567911 0.865404 0.272251 -0.498608
-0.412491 -0.419862 0.159691 -0.227611 0.725270
-0.191349 -1.166456 1.080718 -0.234608 -0.115378
0.270630 -0.989041 0.419008 0.285367 -0.277645
0.259600 0.410605 -0.065663 -0.517866 0.969824
0.640266 -0.259771 0.230271 -0.095479 -1.059649
-0.425639 -0.001058 0.372270 -0.177195 -1.074884
0.060482 0.380194 1.014854 -0.966626 0.395784
-0.481509 -0.691968 0.532551 -0.676274 -0.908151
0.600947 -0.545106 0.897125 -0.163763 -0.675294
0.125902 -0.728775 0.111066 -0.229970 -0.446556
-0.415711 -0.158203 0.183677 0.208943 -0.607893
-0.316874 -0.832829 0.050648 -0.338888 0.520373
0.371255 -0.052040 0.665176 0.464318 -0.322894
0.064232 0.027220 0.053090 0.219100 -0.346978
0.257718 0.098782 1.214623 -0.466409 -0.662518
0.089751 -0.298407 0.354293 -0.731692 -0.037300
-0.309900 0.320575 0.539483 0.427739 -0.926915
-0.139818 -0.044942 0.921186 -0.213165 -1.112519
-0.220971 -0.364075 0.755774 0.059802 -0.681779
-0.574202 0.377268 0.495462 -0.220800 -0.975724
-0.838444 -0.756368 0.775103 -0.072509 -0.225185
-0.355540 -0.898423 0.680276 0.818943 -0.460422
-0.940875 -0.059033 0.382542 -0.354753 0.212145
-0.006802 0.306489 0.727098 -0.544011 -0.011986
-0.529025 -0.254120 0.053472 0.076224 0.193511
-0.243215 -0.354857 0.682718 -0.323957 -0.766747
-0.396695 0.201217 -0.027829 -0.377637 -0.909825
-0.116775 -1.431181 0.261870 -0.471470 -0.115185
0.502478 -1.055785 0.036726 -1.078423 -0.154035
0.439160 -0.829475 -0.133840 -0.951432 -0.108842
0.216995 -0.616199 -0.159877 -0.964054 -0.118031
0.264820 -0.694970 -0.333912 -0.984777 -0.242410
0.514054 -1.140627 -0.031683 -0.897794 -0.334696
0.274128 -0.919616 -0.152960 -1.010311 -0.335180
0.297405 -0.883482 -0.190569 -0.956345 -0.148322
0.180022 -0.717176 -0.264547 -0.785102 -0.174471
0.233691 -0.470877 -0.215235 -1.119971 -0.301793
0.184462 0.922836 0.389520 -0.277276 -1.151569
0.148208 -0.163320 0.794230 -0.605016 0.138153
-0.116037 0.145380 -0.113783 -0.709544 -0.811238
0.215417 -1.056111 -0.254428 -0.670717 0.048309
0.378035 -0.434826 -0.664370 -1.017773 -0.377990
-0.396043 -1.072586 -0.591545 -0.337277 -0.487714
0.224949 -0.868437 -0.206415 -0.895046 -0.269128
0.369050 -1.258680 0.040193 -0.896075 -0.053725
0.286344 -0.581302 -0.557527 -0.964925 -0.413355
0.407010 -0.761811 -0.439906 -0.974100 -0.364022
0.403432 -0.757304 -0.458828 -0.964562 -0.386770
0.372142 -0.878786 -0.277042 -1.017334 -0.331992
0.312154 -0.804900 -0.373214 -0.959712 -0.360755
0.225662 -0.693001 -0.299832 -0.987435 -0.365200
0.447184 -1.049417 -0.186635 -1.194487 -0.177419
