-0.305538 0.145843 0.612843 -0.284752 -0.608480
0.173561 -0.676316 0.234389 -0.551740 -0.389340
-1.069953 -1.134883 0.503659 0.104605 -0.549637
-0.048646 -0.593471 0.717203 -0.127203 0.367427
0.235125 -0.265582 0.466484 -0.478095 -0.062255
-0.307397 -0.359813 0.580030 0.130643 -0.228967
0.498597 -0.690701 0.653623 -0.215553 0.230511
0.278176 -0.498377 0.245115 0.277232 -0.033663
1.035200 -0.933651 0.464984 -0.458203 -0.213828
0.232720 -0.739123 0.112928 -0.269608 0.503697
0.190252 -0.239219 0.879587 -0.270880 -0.059217
0.212081 -0.995122 0.790496 -0.063960 -0.396223
0.358900 -0.119043 0.513687 0.413400 -0.294256
0.471905 0.028861 1.004634 0.546952 0.105307
0.467976 -0.319943 0.375215 -0.116162 -0.045569
0.274890 -0.163450 0.701342 -0.409771 0.144767
-0.289636 -0.537446 0.858428 -0.063053 -0.221205
-0.701981 -0.156130 -0.088901 0.240963 0.539523
0.332501 0.043227 0.606664 0.391700 -0.053707
-1.102160 -0.422767 0.391400 -0.051753 -0.048017
0.168826 0.281221 0.753665 -0.226453 -0.758885
-0.338887 -1.049360 0.076429 0.343984 0.340873
-0.398851 -0.442885 1.084687 0.153183 -0.571753
-0.296741 0.025525 0.337736 -0.227095 -0.888876
0.795614 -0.050483 0.806890 -0.064470 -0.606237
-0.256022 0.135511 0.617928 0.049513 -0.657760
-0.191911 -0.220411 -0.248747 0.005703 0.085018
0.308216 -0.495601 0.648376 0.067927 -0.970180
0.697502 0.120717 0.091672 0.141196 0.037737
0.071446 -0.853214 1.320259 -0.530681 -0.694943
-0.051955 -0.043066 0.919813 -0.509864 -0.103657
0.247989 -0.111079 0.351993 -0.735833 -0.005889
0.213139 -0.383130 0.227704 -0.095411 -0.001906
-0.163227 -0.898920 0.823469 -0.236806 -0.050041
0.210767 -1.052958 0.897427 -0.150768 0.279652
-0.859457 0.296945 0.761912 0.446963 -0.775934
0.584886 0.310267 0.188708 0.173198 -0.823025
-0.507736 -0.198244 1.064623 0.127829 -1.311049
0.069740 -0.213031 0.563183 -0.046428 -1.495061
-0.627258 0.013911 0.534427 -0.370285 -0.737025
-0.183985 -0.336846 0.705810 0.026229 -0.346631
0.238396 -0.724832 0.404730 0.121771 -0.872184
0.148282 -0.478350 1.062094 -0.396307 -1.085677
-0.178702 -0.641516 0.641160 0.386949 -0.490500
0.392148 -0.349710 0.342795 -0.208209 -0.270131
-0.289095 -0.019063 0.859252 0.237564 -0.936054
0.013289 -0.362985 1.437416 -0.077817 -1.043445
0.191525 0.342505 0.057123 -0.491039 -0.282716
0.563345 0.000253 0.440351 0.149877 -0.316212
0.391314 -0.287854 0.979641 -0.207004 -0.276384
-0.020615 -0.816843 1.021595 -0.020641 0.254636
0.163480 -0.330994 0.485915 -0.261947 -0.218932
0.174100 -0.412739 0.883311 -0.009378 -0.334494
0.498186 -0.581836 0.828270 -0.416577 0.371336
-0.239318 -0.189160 0.181512 0.106248 -0.155044
0.755989 -0.371684 0.767451 0.233511 -0.057073
0.682049 -0.351095 1.186499 -0.391891 -0.542942
0.378005 -0.375590 0.589436 -0.056314 0.565952
0.337395 -0.581250 0.328204 -0.099659 0.611786
-0.145908 -0.089657 0.976518 0.030395 -0.599426
0.130864 -0.534914 0.549321 -0.058639 0.043307
-0.025393 -0.899325 0.792617 -0.203992 0.354455
1.142480 -1.322925 0.155064 -0.617213 -0.344707
-0.467548 -0.636927 0.087289 -0.002460 -0.033153
1.113856 -0.760210 0.192050 -0.491021 -0.128858
-0.305908 -0.855064 0.927775 -0.251936 -0.175018
0.125360 -0.650460 1.205191 -0.270803 0.225815
0.019693 -0.692279 0.529348 -0.201055 -0.747062
0.332532 -0.416353 0.483839 -0.650628 -0.139245
-0.355113 -0.082369 0.964421 -0.240657 -0.410181
0.254247 -0.149338 0.466675 -0.987748 -0.824178
1.125799 -0.381787 -0.294673 -0.346718 -0.699911
0.547415 -0.478733 0.262770 -0.611388 -0.919304
0.412226 -0.641285 0.044061 -0.838062 -0.859197
0.611878 0.303323 0.608635 -0.566875 -0.262789
0.071300 -0.597682 0.015836 -0.182748 -0.472931
0.553084 -0.764817 1.064015 -0.252745 -0.541323
0.485359 0.188805 0.143085 -0.530862 -0.357820
-0.341590 -0.641886 0.687499 -1.208139 -0.866397
-0.701087 0.051539 -0.269143 -0.207226 -1.327279
0.450056 -0.651887 0.226013 -0.263804 -1.218579
0.533628 -0.575088 0.622415 -0.258559 0.144228
0.532895 -0.528003 0.828171 0.045001 -0.784280
0.150810 0.030204 0.286044 0.111417 -0.542748
0.423595 -0.906192 0.138770 -0.299652 -0.596491
-0.043146 -0.155298 0.600131 -0.790798 -0.241120
0.441196 -0.478217 0.457677 -0.799797 -0.637539
0.027118 0.356667 0.353876 -0.455378 -0.417090
0.319477 -0.455527 0.404140 -0.101312 -0.529445
0.080435 -0.526100 0.242220 -0.031979 -0.197976
0.630705 -0.757335 0.551647 -0.191615 -0.522102
0.057079 0.364901 0.465252 -0.344186 -0.906936
0.128396 0.304031 0.986161 -0.169271 -0.338763
-0.597241 0.213551 0.187144 -0.163716 -0.643282
0.272446 -1.058031 0.793181 -0.711185 -0.413219
0.492244 -0.146809 0.218528 -0.575959 -0.626147
0.370767 -0.026192 0.588576 -0.789731 -0.189894
0.108566 -0.680743 0.691394 -0.326830 0.238602
0.028262 -1.303699 0.038026 -0.105792 -0.593369
-0.438221 -0.764925 0.757905 -0.849844 -0.495287
-0.636877 -0.177990 0.642980 -0.614081 -0.582872
-0.207780 -0.425224 1.153010 -0.343207 -0.303509
0.563862 -0.444856 0.498548 -0.456637 -1.274273
-0.046727 0.337636 -0.089515 -0.075697 0.347823
0.620501 0.482809 0.565474 -0.596290 -1.078180
-0.099324 -0.413772 0.137556 -0.275250 -1.137179
-0.266476 0.209334 1.025570 -0.081919 -0.086273
0.038372 -0.052000 0.638809 0.154415 -0.073111
0.316497 -0.094690 0.753594 -0.974733 0.046474
0.086032 -0.171865 -0.110134 -1.376510 -0.325378
0.613809 -0.277533 -0.002433 -0.678049 0.358399
0.666937 -0.646264 0.499186 -0.757299 -0.085564
0.000592 0.223715 0.620700 -0.224854 -0.041721
-0.160646 -0.415766 0.561338 -0.263545 -0.074844
0.475068 0.317720 -0.363855 0.194969 -1.033195
0.257234 -0.155645 0.570209 -1.048795 -0.088578
0.590870 -0.110812 0.641090 -0.923069 0.478940
0.154213 -0.517058 0.642200 -1.013539 -0.193658
0.507178 0.001364 0.528505 -0.945462 -1.107278
-0.222685 -0.379802 0.687279 -0.407697 -0.873865
-0.328989 0.259522 0.068885 -0.147227 -0.310437
-0.133689 -0.009463 0.313788 -0.877513 0.292512
0.271653 0.422757 0.872978 -0.433860 0.079482
0.027480 0.569145 0.495226 -0.527007 -0.099292
0.572305 -0.427959 0.202062 -0.617565 0.425291
0.148282 -0.478350 1.062094 -0.396307 -1.085677
-0.323925 -0.261983 0.361939 0.255831 -0.534860
0.529403 -0.662887 0.343219 -0.947261 0.040401
0.581842 -0.565208 0.718960 -1.759205 0.371697
-0.050591 -0.723145 0.436399 -0.591652 -0.145650
0.570594 -0.056577 0.541378 -0.126978 -0.402577
0.037123 -0.650455 0.778479 -0.357246 -0.228849
-0.389761 -0.039081 1.197329 -0.098136 -0.263515
-0.436378 -0.340523 0.110584 -0.116232 -0.104880
-0.570552 -0.229162 0.100093 -0.697480 -0.335497
0.813640 -0.195161 -0.324653 -0.333568 0.316767
0.332340 0.270887 0.792955 -0.173310 -0.815102
0.278639 -1.052819 0.384744 -0.431293 0.070465
0.405831 0.116379 0.279691 -0.301141 -0.996610
-0.171609 -0.504908 0.587046 -0.322384 -0.426991
0.219266 -0.975167 0.556759 -0.574987 0.815626
0.611878 0.303323 0.608635 -0.566875 -0.262789
0.233422 -0.318178 0.653551 0.070333 -0.900621
-0.690484 -0.679854 0.895437 -0.017958 -0.178092
0.118114 -0.113232 0.349945 -0.453026 -0.218446
-0.602773 -0.464072 -0.174599 0.098407 -0.861211
-0.061780 -0.071211 0.489000 0.293770 -0.894401
-0.696930 -0.137717 -0.216183 0.238864 -0.749093
0.036719 -0.095062 0.703928 -0.331892 -0.025590
0.087527 0.225369 0.609033 0.032413 -0.982626
-0.338887 -1.049360 0.076429 0.343984 0.340873
-0.398851 -0.442885 1.084687 0.153183 -0.571753
-0.135619 0.126837 0.816219 -0.117991 -1.012230
0.160061 0.422784 0.324290 0.253714 -0.776772
0.199947 -0.151741 0.629447 -0.418831 0.143219
-0.037827 -0.112917 0.540727 0.224179 -0.842743
0.046003 0.059333 0.948772 -0.100239 -0.396784
-0.496670 -0.916578 0.944824 -0.446536 -0.271957
-0.122456 0.313539 0.292894 -0.045241 -0.889035
-0.517754 -0.947916 0.580888 0.387291 0.217223
-0.479523 -1.104098 1.136647 -0.451646 -0.040231
0.058820 -1.064916 1.130367 -0.205229 0.086612
0.002570 -1.083425 0.809547 -0.184688 0.315225
0.347656 -0.744907 0.795629 -0.656954 0.154561
-0.139417 -0.298998 0.322909 -0.795249 0.406376
-0.444462 0.029595 0.188774 -0.232777 0.100136
0.043835 -0.288084 0.492145 0.342062 -0.649413
0.435683 -0.206784 1.055736 -0.688341 -1.366529
-0.176363 -0.718029 0.348181 0.070310 0.280210
-0.388146 -0.660132 -0.170414 -0.036629 -0.643825
0.463952 -1.112112 -0.393600 -0.935499 0.028983
0.377387 -0.958595 -0.224530 -0.959872 -0.234995
0.486779 -0.936897 -0.344626 -0.777000 -0.315593
0.217501 -1.193054 -0.374750 -0.966295 -0.082857
0.302648 -0.931179 -0.171179 -0.622799 -0.606744
0.368082 -0.975515 -0.303483 -0.881984 -0.301275
0.840683 -0.942938 -0.376539 -1.087339 -0.483564
0.542848 -0.928412 -0.313025 -1.001497 -0.323791
0.297934 -0.266860 -0.586234 -0.918193 -0.537576
0.342076 -0.712098 -0.605632 -0.801736 -0.338582
0.527234 -1.016537 -0.053451 -1.103892 -0.263579
0.445527 -1.115300 -0.441820 -0.898470 -0.340024
0.344105 -0.727550 -0.300348 -1.034674 -0.219700
0.362944 -0.581393 -0.400601 -1.106389 -0.192326
0.264849 -0.850336 -0.314411 -0.851100 -0.216828
0.565922 -0.786253 -0.350058 -0.935840 -0.338033
0.018276 -0.524696 -0.373162 -0.874404 -0.404712
0.330244 -0.774746 -0.484882 -0.920570 -0.276970
0.374097 -0.963326 -0.192850 -1.044911 -0.224691
0.410513 -0.832091 -0.239685 -1.062530 -0.297074
0.196694 -0.639640 -0.440265 -0.851933 -0.369341
0.535232 -1.025329 -0.094431 -1.027145 -0.333159
0.148694 -0.532819 -0.468805 -0.933098 -0.387577
0.084984 -0.614624 -0.368265 -0.953820 -0.416029
0.334861 -0.974299 0.037529 -1.019186 -0.756255
0.092284 -0.656945 -0.115152 -0.898635 -0.384880
0.272564 -0.518404 -0.512885 -0.897914 -0.461460
0.513299 -1.052456 -0.113797 -0.922246 -0.206289
