0.147308 0.001329 0.752123 0.032171 -0.134119
0.309922 -0.313239 0.388204 -0.521336 -0.176136
-0.372581 0.122358 0.417305 -0.747153 -0.677505
0.049668 -0.493919 -0.119946 -0.113730 -0.167266
0.872130 -0.469895 -0.030561 -1.063080 -0.642607
0.358681 -0.425087 0.700549 -0.482173 -0.123376
-0.131782 -0.420102 0.176027 -0.427256 -0.310421
-0.331348 -0.042863 0.233796 -0.853970 -0.336647
0.843017 -0.374368 0.615016 -0.208123 -0.560393
0.569972 -0.661520 0.399516 -0.034947 -0.337200
0.604358 -0.739173 0.165203 -0.876842 -0.374654
0.244406 -0.558650 0.328825 -0.658197 -0.492527
0.321914 -0.643283 0.168627 -0.412496 -0.319784
0.624259 -0.493606 0.493870 -0.027027 0.110190
0.715169 -0.738100 0.777207 -1.098671 -0.148108
0.458198 0.184541 0.586209 -0.279350 -0.383699
0.102947 -0.159379 0.870249 -0.623153 -0.267218
-0.513769 -0.122461 0.641125 -0.342553 -0.599878
-0.549024 -0.086721 0.349902 -0.764744 -0.604793
-0.329395 -0.579893 0.635420 -0.936194 -0.735052
-0.272354 -0.031675 0.838956 -0.298877 0.369205
0.416408 -0.667404 1.008064 -0.464741 -0.503132
0.255377 -0.835652 1.003764 -0.273074 -0.360481
0.607641 0.460595 0.646790 -0.459185 -0.184052
-0.562450 -0.591408 0.820073 0.257670 -0.929819
0.130372 0.335675 0.685076 -0.555475 0.134368
0.564567 -0.459277 0.248813 0.198242 -0.148124
0.112605 0.208887 -0.233014 -0.459186 -0.317085
-0.038680 -0.205464 0.844953 -0.155213 -0.257497
0.575994 -0.836054 0.488618 -0.338245 -0.309473
-1.058425 -0.562239 0.822177 0.147943 -0.634329
-0.238078 -0.413725 0.497859 -0.557659 -0.794872
0.195399 0.078427 0.579582 0.094592 -0.004433
0.100646 -0.244472 1.088459 0.325589 -0.769951
0.186450 -0.601935 0.959177 -0.200406 -0.249633
0.512900 -0.772626 1.005857 -0.071562 -0.222256
0.237703 -0.204164 0.209055 -0.596675 -0.642540
-0.324308 -0.694846 -0.455052 0.174283 -0.509253
0.929378 -0.931075 0.661264 -1.067656 0.003177
0.143460 -1.176922 0.348232 -0.569246 -1.083955
-0.398531 0.150847 1.207306 -0.803690 0.138497
0.449906 -0.763880 0.689956 -0.603473 -0.334913
0.337629 -0.193779 0.272463 -0.984733 0.360876
0.242299 -0.562907 0.475837 -0.721613 -1.024044
1.061455 -1.055899 0.604573 -0.585268 0.320585
0.734843 -0.709451 0.345243 -0.458181 0.052745
0.327386 -0.469109 0.664046 -0.420369 -0.267773
-0.662472 -1.028013 0.557188 -0.468747 -0.730943
-0.138631 -0.509036 0.518542 -0.678108 0.648252
1.215530 0.138970 0.522080 -0.604657 0.053642
0.282303 0.047948 0.748287 -0.893108 -0.211721
-0.168439 -0.445027 0.243078 -0.457327 -0.156639
-0.353478 -0.092581 0.913552 -0.395656 -0.051059
0.378230 -0.327868 -0.491480 0.406383 0.672770
-0.104530 -0.488971 0.156650 0.456450 0.683307
-0.678558 0.057804 0.506976 -0.466315 0.344612
-0.631726 0.046848 0.566860 -0.414691 0.187483
0.690728 -0.593609 0.371701 -0.945077 -0.249434
-0.056113 -0.804345 -0.197505 -0.395116 0.325172
-1.124985 -0.157158 0.762817 -0.002933 -0.643425
-0.094778 -0.348593 0.042612 -0.129158 0.497231
-0.043765 -0.406624 -0.065461 0.107157 0.018184
-0.342936 -0.596399 0.504145 -0.525100 0.246408
-0.479270 0.377821 0.898853 -0.709480 -0.797687
-0.092290 -0.649864 -0.399509 -0.699510 0.665599
0.139093 -0.863214 -0.211423 -0.281003 0.311765
0.197726 -0.297683 0.806976 -0.425616 -0.543015
-0.074880 -0.283406 0.568885 -1.119714 -0.273025
-0.644453 0.058958 1.172013 -0.395820 -0.183530
1.081022 -1.015824 0.221527 -0.571224 -0.411832
-0.052423 -0.367146 0.763218 -0.336160 -0.244312
0.999013 -0.116323 0.737955 -0.489425 -0.377018
-0.323223 0.276316 0.929846 -0.255267 -0.303373
0.012704 -0.292161 0.622839 -0.254936 -0.110691
0.573261 -0.973116 0.020276 -0.241841 -0.570763
-0.368109 -0.245334 0.458822 -1.223601 -0.248805
0.869962 -1.034107 0.209111 -0.246924 -0.268611
-0.254733 -0.263827 0.356555 -0.715223 -0.201188
0.486861 0.028231 1.260025 0.048722 -0.613646
0.246052 -0.954005 0.290386 -0.955878 0.680964
-0.266972 -0.486968 0.219859 -0.590468 -0.682630
0.363714 -0.438823 0.855659 -0.139584 -0.733275
-0.088514 0.056369 0.762377 -0.236881 0.024049
0.033090 -0.574584 0.160935 -0.367696 -0.270117
-0.143404 0.067763 0.499608 -0.268729 0.168723
-0.031963 0.032990 0.368182 -0.192844 0.274999
0.123114 -1.199524 0.581366 -0.373496 -0.062760
0.590670 -0.123278 0.511700 -0.009504 -0.378001
-0.000033 -0.046514 0.654685 -0.254858 0.540068
0.384011 -0.123010 0.285919 0.056996 -1.103359
0.291471 0.468825 0.462191 -0.518777 -1.096598
-0.280109 -0.668120 0.038093 0.131074 -0.153611
-0.065813 -0.572416 0.248289 -0.274951 0.751168
0.014861 -0.070965 0.370331 0.157774 -0.257025
0.721266 -1.132046 0.072692 -0.708618 -0.201010
0.013893 -0.178086 0.540747 -0.441428 -0.468147
0.060882 -0.595109 0.139547 -0.268238 -0.524724
-0.169277 -0.793398 0.436209 -0.151216 -0.623936
0.029714 -0.427339 0.553385 -0.233634 0.082155
0.551791 0.445732 0.758195 0.231746 -0.236581
-0.478279 0.065061 -0.186169 0.343583 -0.261106
0.269366 0.145414 0.488885 -0.185128 -0.886180
0.554127 -1.044975 1.048692 -0.443763 -0.054442
-0.964669 -0.264948 0.289246 0.592142 -1.257267
-0.417500 -0.726463 -0.671494 0.282152 0.004090
0.399364 -0.759958 0.739908 -0.322445 -0.421340
-0.611540 -0.036991 0.284878 -0.116978 -0.515894
-0.378459 -0.079622 0.160090 0.051941 -0.841551
-0.206030 0.449407 0.607099 -0.079074 -0.914395
1.070751 0.424643 0.309315 0.219724 0.199171
0.153922 0.422861 0.475009 0.077634 0.411039
0.075254 -0.388531 0.294351 -0.242242 -0.418765
-0.626155 -1.523523 -0.127095 -0.334206 0.780352
-0.271680 -1.083945 0.121170 -0.069144 0.852687
0.358107 -1.265394 0.328208 -0.459611 0.102668
-1.405913 -0.387541 0.589744 0.260176 -0.053080
-0.308058 -0.783796 1.300855 -0.175669 -0.161729
-0.354846 -0.295594 0.990708 -0.488762 0.294801
0.414172 -0.414223 -0.559626 -0.343184 -0.157850
0.142127 -0.693581 0.569758 -0.370985 0.028229
0.927625 -0.120784 0.176202 -0.357658 -0.236117
-0.430488 -0.954896 -0.330334 -0.335450 0.529139
-0.027451 -0.789410 -0.002212 0.032706 -0.601719
-0.992712 -0.176927 0.438776 -0.399821 -0.835875
-1.514789 -0.183345 -0.016608 0.215968 -1.329187
-0.282840 -0.778842 0.046368 -0.293304 0.125622
-0.007780 -0.561269 -0.041775 -0.553940 0.108337
0.229513 -0.429146 0.613840 0.251465 -1.258579
-0.317550 -0.281580 0.875609 -0.114980 -0.777665
-1.094805 -0.230449 0.278604 -0.297664 -0.819042
0.012704 -0.292161 0.622839 -0.254936 -0.110691
0.065009 0.180562 1.037156 -0.333642 -0.775912
-0.436517 -0.639430 0.542749 -0.508020 -0.232736
0.016569 -0.929666 0.357152 0.086758 -0.136715
-0.301429 -0.460891 0.236260 -0.249384 -0.307784
-0.635211 -0.431631 0.431103 -0.555496 -0.315242
0.340732 -0.468614 0.687003 0.052868 -1.099706
-0.269981 0.455621 0.594908 -0.158288 -1.107614
-0.388604 -0.461213 -0.409943 -0.320614 0.561367
-0.142752 -0.175045 0.206528 -0.514634 0.147479
-0.157707 -0.713630 0.885179 -0.857744 -0.862059
-0.358414 -0.632389 -0.489323 0.229751 -0.692348
0.253982 -0.208366 0.666211 -0.747397 -0.315096
-0.094069 0.428996 0.874292 -0.064190 -0.164130
-0.005278 -0.157836 0.393156 -0.451746 -1.465491
-0.192312 -0.478824 0.678732 -0.299742 -0.276591
-0.272316 -0.675249 0.685508 0.059511 -0.998799
0.038100 -0.888435 -0.442403 0.548288 -0.805512
-0.518304 -0.322698 1.028434 -0.296223 -0.261463
-0.631719 0.047813 0.560314 -0.473175 0.073904
-0.706907 -0.328571 0.895815 -0.607880 0.070572
0.044427 0.230719 0.638091 -0.514218 -0.612456
-0.585948 -0.144290 0.522287 -0.567065 -0.536411
0.387510 -1.245712 -0.135687 -1.107288 -0.175822
0.399128 -0.999655 -0.253011 -1.071513 -0.375451
0.386729 -0.811754 -0.361016 -1.067606 0.083242
0.150297 -0.809227 -0.233030 -1.145604 -0.344643
-0.212450 -0.408188 0.012356 -1.284004 -0.279487
0.122102 -0.830487 -0.327345 -0.784844 -0.332020
0.287196 -0.725614 -0.373498 -0.999415 -0.261344
0.197614 -0.626902 -0.353538 -0.719764 -0.463448
0.027658 -0.633041 -0.157695 -0.814733 -0.201836
-0.208075 -0.890603 -0.374703 -1.121416 -0.022756
0.173577 -0.459961 -0.647140 -0.972192 -0.130139
0.248959 -0.600997 -0.426591 -0.941395 -0.661713
0.349963 -0.971158 -0.253812 -0.857338 -0.312173
0.337973 -0.457914 -0.600068 -1.057362 -0.336831
0.378348 -0.473491 -0.703073 -0.977524 -0.297972
0.131774 -0.834285 -0.570571 -0.883056 0.293548
0.520365 -0.883830 -0.130693 -1.057237 -0.237584
0.397800 -0.919948 -0.144370 -0.871213 -0.279455
0.257166 -1.220999 -0.050256 -0.580079 -0.444946
0.025780 -0.105165 0.430444 -0.814506 0.087334
0.302545 -0.910117 -0.229136 -1.028343 -0.059971
0.572609 -0.689785 -0.113208 -1.337366 -0.251515
0.571800 -1.003407 -0.146709 -1.041175 -0.235287
-0.066982 -0.676648 -0.534136 -1.011409 -0.344928
0.392951 -0.915987 -0.122387 -1.026709 -0.273893
0.333161 -0.823545 -0.204963 -1.090917 0.095504
0.414674 -0.915909 -0.262509 -0.976068 -0.248791
0.444740 -0.940357 -0.255179 -0.978905 -0.234413
0.263624 -0.739442 -0.373009 -0.872777 -0.344267
0.201126 -0.484825 -0.648463 -0.977421 -0.178193
0.268996 -0.866113 -0.280699 -0.921800 -0.165931
