-0.496505 0.759599 1.069442 -0.105661 -0.425737
0.269486 -0.470541 0.818435 0.141660 0.056911
-0.443383 0.570052 1.456127 0.225621 -1.162057
0.222697 -0.685798 1.115204 0.013110 -0.213598
1.104885 -0.677742 0.469964 -1.307923 -0.391902
0.207043 -1.114058 0.802109 -0.602054 -0.436525
0.290957 -1.229337 0.754312 -0.067175 0.040130
-0.095890 0.420654 1.106745 0.434792 -0.669657
-0.388435 -0.406447 0.610002 -0.766082 -0.503607
-1.423568 -0.053092 0.650097 0.562242 -0.777012
-1.537348 -0.098412 0.586050 -0.091056 0.079481
0.731431 -0.736418 0.580638 -1.298284 -0.231613
0.127249 -1.250885 0.322078 -0.341509 0.694081
-0.767461 -0.520766 0.708582 -0.133573 -0.028547
-0.388153 -0.522722 0.401018 0.113480 0.821624
-0.680944 -0.058145 0.220028 -0.710134 0.229781
-0.505693 -0.406816 0.047134 -0.497548 0.599004
0.591147 -0.442062 0.478731 -0.712932 -0.369855
1.081150 -0.411743 0.790140 -0.196220 -0.200473
0.353916 -0.251233 0.332166 -0.754215 0.151804
-0.165040 -0.624541 -0.213879 -0.363922 0.826642
0.181555 -0.301254 0.370003 -0.410658 0.050367
0.174803 0.027970 0.439208 -0.290561 -0.076612
0.318658 -0.587931 -0.198808 -0.821272 -0.908934
-0.003319 0.643023 0.726601 -0.423951 0.384228
0.969538 -0.152199 0.591108 -0.282195 -0.143923
0.071966 -0.631181 1.018875 -0.627683 -0.039501
0.736408 -0.505051 0.258659 -0.771457 -0.851145
0.024727 -0.491511 -0.419597 0.092789 0.160457
-0.499863 -0.970418 -0.263133 -0.528508 0.213817
-0.391042 -0.242650 0.877807 -1.193400 -0.272787
-0.341529 -0.615268 0.823026 -0.879805 -0.425367
-0.071721 -0.319912 0.043839 -0.291693 -0.409588
0.713009 -0.849934 0.989948 -0.906139 0.199772
0.096759 -0.491961 0.342825 -0.814254 0.618030
0.196314 0.886090 1.022983 -0.877881 -0.040317
0.197940 -0.844943 0.822776 -1.006150 -0.072043
0.262912 0.246909 0.537563 -0.343840 -1.370808
0.035129 -0.404994 0.376371 -0.479090 -0.280825
0.520160 -0.391679 0.427998 -0.805268 -0.533410
0.455012 -0.004964 0.791801 -0.576888 -0.124304
-0.334192 -0.336473 0.435431 -1.110553 -0.249748
-0.299666 0.033007 0.912520 -0.451884 -0.255985
0.188185 -0.776074 0.960170 -0.334356 0.517774
0.008857 0.307924 0.791925 -0.517587 0.003520
-0.512380 -0.100385 0.230122 -0.639201 -0.849450
-0.274630 -0.071390 0.635168 -1.102474 -0.335869
0.556373 -0.189124 0.191080 -0.941601 0.344221
-0.217253 -0.582277 0.563089 -0.691528 -0.199904
-0.066944 0.172718 0.972824 0.774393 -0.452589
0.928496 -0.485671 0.390234 -0.044120 0.253293
-0.013551 -0.180054 0.224221 0.744306 -1.437535
0.212407 -0.010454 0.237975 0.631853 -1.048598
0.284663 -0.083076 0.450067 0.932483 -0.911687
-0.244754 -0.544602 0.313254 0.394019 -0.574129
0.255903 -0.117401 0.240548 0.290889 0.113043
-0.330341 -0.624265 -0.098602 -0.165322 1.186331
0.059547 0.228611 1.164592 0.472089 -0.801419
-0.002473 -0.736500 1.054811 -0.645879 -0.006076
0.138514 0.338542 0.544096 0.053508 -0.044917
-0.022039 -0.651664 0.640359 -0.198857 0.007750
0.294277 -0.501294 0.222096 -0.488097 0.042350
-0.021707 -0.067969 0.714426 -0.357712 -0.488700
-0.190477 0.029433 -0.111308 0.319897 -0.833652
0.612357 -0.367925 0.284971 -0.547255 -0.517734
0.132271 0.228717 0.582487 0.360469 -0.448443
-0.401649 -0.270477 0.599117 -0.396227 -0.480908
-0.130982 -0.292726 0.229707 -0.391318 -0.066510
0.082266 0.115000 0.632417 0.231546 -0.631099
0.458287 -1.226497 0.570087 -0.522229 0.258997
-0.277465 -0.518090 0.137444 0.619385 0.094604
0.452534 0.322623 0.187679 -0.052976 -0.070896
-0.793582 -0.756063 0.616048 -0.047960 0.107019
-0.197620 -0.477865 -0.614743 -0.653957 -0.371781
0.279421 -0.673663 -0.004779 -1.068027 -0.374865
0.571257 -0.680109 0.231959 -0.598247 0.179295
0.161304 -0.833279 -0.009217 -0.449509 -0.261975
0.176579 -0.632661 0.024886 -1.163951 -0.042073
0.458179 -1.472177 -0.199422 -1.123797 -0.005775
0.704389 -0.755678 -0.429666 -1.130300 -0.311980
0.550980 -0.931786 -0.284076 -0.962640 -0.434170
0.239249 -0.702841 -0.197357 -1.000895 -0.227830
0.481322 -1.044960 -0.129055 -1.205694 0.022361
-0.002433 -1.681369 -0.403497 -0.617834 -0.140337
-0.135536 -0.529188 -0.480808 -0.791926 -0.352963
0.307796 -0.983049 -0.636898 -0.520646 -0.274331
0.371933 -1.004047 -0.373921 -0.988275 0.212524
0.020168 -0.191142 0.442589 -0.728334 -0.372285
0.355804 -0.914389 -0.153283 -0.961458 -0.204214
0.531594 -0.861990 -0.033791 -1.107281 -0.333924
0.004026 -0.802725 -0.532644 -0.618354 -0.287490
0.805460 -0.460785 0.141847 -0.441706 0.501582
0.732159 -0.283563 0.485393 -0.854579 0.160758
0.140851 -0.715925 -0.080437 -0.995187 -0.663396
0.570058 -1.069518 0.154234 -0.974951 0.023837
0.157798 -0.560508 -0.435390 -0.883564 -0.435196
0.189102 -0.695871 -0.540628 -0.947224 -0.095266
0.337586 -0.787263 -0.236249 -1.067444 -0.137987
0.398642 -0.867131 -0.251723 -1.030400 -0.254293
