0.400540 -0.356081 -0.082748 -0.672372 -0.283369
-0.698310 0.045722 0.094486 0.118568 -0.556924
0.367002 -0.636660 0.624144 -0.822347 -0.303712
0.303553 -0.244626 0.193790 -0.236422 -0.355960
0.282101 -0.056006 0.394335 -0.467691 0.099353
0.301386 -0.769784 0.558479 -0.433013 0.128432
0.524206 -0.838114 0.283456 -0.195200 -0.250220
0.176187 -0.857339 0.783504 -0.071107 -0.332886
0.664592 -1.189535 0.324533 -0.374031 0.003773
0.755177 -1.523613 0.022023 -0.755897 -0.015402
-0.155460 -0.278983 1.001284 -0.917585 -0.094877
-0.042142 -0.410705 0.178534 -0.670398 0.057570
1.367637 -0.303376 -0.184716 -0.313003 -0.198155
-0.229685 -0.329410 0.889202 -0.025982 -0.697997
1.679902 -0.526170 0.776138 -0.390400 -1.051160
0.092405 -0.637410 -0.102250 -0.622044 -0.685021
0.867649 -0.586432 0.902971 -0.763525 -0.646701
0.438493 -0.424768 -0.050868 -1.009599 -0.633774
-0.374350 -0.444342 0.523769 -0.182948 -0.459528
0.086645 -0.503440 -0.326675 -0.654810 -0.044209
0.167753 0.342298 -0.263862 -0.796918 -0.572737
0.681313 -0.563351 0.598684 -0.959290 -0.023182
0.290781 -0.363012 0.139397 -1.027459 0.669383
0.642815 -1.278078 -0.283047 -0.708583 0.351128
0.064381 -1.000207 0.499473 0.109171 -0.358044
0.278640 -0.510773 0.896796 0.075899 -0.478796
0.620676 -0.343193 0.090272 -0.792253 -0.362547
0.908495 -0.734634 0.407726 -1.060257 -0.813944
-0.739132 -0.370701 0.130612 -0.668874 -0.432776
-0.027030 -0.105166 1.100493 -0.756028 -0.207812
1.238414 -0.500597 0.738987 -0.439760 -0.130033
0.413505 0.338454 0.130665 -0.360803 -0.286053
0.786487 -0.376720 0.367610 0.173274 -0.671582
-0.282734 -0.296904 0.208920 -0.154425 0.358377
0.341216 -0.729467 -0.045003 -0.089121 0.264763
0.264028 -0.117928 0.666943 0.183446 -0.211305
0.667294 -0.831217 0.363351 -0.253654 0.019588
1.143948 -0.462615 0.596964 -0.696587 -0.195138
1.048269 0.109605 0.483085 -0.751726 -0.346694
0.659312 -0.203111 0.183988 -0.656768 -0.361111
0.284544 -0.892747 0.226725 -0.853142 0.394881
0.953661 -0.437298 0.141400 -1.211569 0.672975
-0.331729 -0.266455 0.445288 -0.426551 -0.366305
1.115046 -0.401721 0.303177 -0.763822 -0.385575
0.357562 -0.304591 0.480256 0.221706 -0.006926
0.962518 -0.639454 -0.353933 -1.535410 0.234019
-0.121277 0.875219 0.233103 0.646708 -0.317389
0.771941 -0.957413 0.753251 -0.302779 0.094805
1.189576 -0.529363 0.871476 -0.512687 0.027100
0.389762 -0.661157 0.663995 0.249462 -0.657520
0.972888 -1.033108 0.779191 -0.518230 -0.213775
0.461904 -0.375138 0.382281 -0.928585 -0.640417
-0.879107 -1.053129 0.141596 0.057968 0.144220
0.275204 -0.139147 -0.832430 0.039693 -0.250796
-0.046480 -0.341870 0.468921 -1.037333 -0.163543
0.583998 -0.849796 0.235526 -0.999879 -0.221692
0.398421 -0.661225 0.446512 -1.090949 -0.648878
0.725579 -0.363965 0.720818 0.193516 -0.770359
0.840570 -0.648144 0.962553 -0.646775 0.259013
-0.409821 -0.345936 0.275412 -0.634945 -0.006445
-0.305832 -0.185191 0.634302 -0.579199 -0.578385
0.119690 -0.842399 0.658691 0.051369 -0.262993
-0.735743 -0.730258 0.233565 -0.274616 -0.380719
0.419705 -0.410271 0.617895 -0.257135 -0.710518
-0.230914 0.286540 0.538081 -0.449435 -0.204482
0.029580 -0.602946 0.321441 -0.198167 -0.019350
0.274812 -0.037006 0.967187 -0.290531 -0.019828
0.167773 0.328159 0.069751 -0.360683 -1.281149
0.554058 -0.153624 0.764599 -0.810968 -0.432153
-0.104828 -0.009150 0.697462 -0.132527 -0.672434
-0.072669 0.428702 0.461521 -0.332186 0.366084
-0.519911 -0.588328 0.456154 -0.101030 -0.271307
-0.322666 0.762436 1.205219 0.269748 -1.080201
-0.295675 0.190464 0.229610 -0.260607 -0.199545
-0.233544 -0.609424 0.288545 -0.693368 -0.350705
0.323846 -0.777452 0.486424 -0.257212 -0.347853
0.484197 -0.018195 0.763672 -0.466082 0.196407
-0.963234 -0.369077 0.541868 -0.166766 -0.992457
-0.574966 -0.396246 0.773192 -0.823888 -0.190520
0.241558 -0.757812 0.725076 -0.613733 -0.195573
0.093678 -0.851535 0.962463 -0.243053 -0.439925
0.161397 -0.243247 0.838216 -0.334414 -0.809844
0.253368 -0.647054 0.437556 0.020360 -0.242613
0.484863 -0.272245 0.865958 -0.829832 -0.291219
-0.566623 -0.207941 0.469733 -0.096340 -0.733874
0.088073 0.308833 0.911123 0.489803 -0.469463
-0.099506 -0.483953 0.215280 -0.161952 -0.018595
-1.491558 0.617319 1.507683 -0.708602 -0.467093
-0.477310 -0.307610 1.074791 -0.204174 -0.151372
-0.809902 -0.066844 1.123252 -0.791545 0.205461
-0.224317 -0.039820 0.045192 -0.003086 0.422438
0.166231 -0.240267 0.449897 -0.384488 -0.686223
-1.514953 0.299947 0.807904 -0.549813 -0.862261
-0.655728 0.518494 0.114970 0.062755 -0.299349
0.085047 0.054128 0.383495 -0.910691 -0.677471
-0.400127 -0.084247 0.291544 -0.213478 -0.410113
-0.168545 -0.359714 0.743551 -0.179389 0.595637
-0.864144 0.003750 0.349554 0.217640 -0.627051
-0.304659 -0.659780 0.448665 0.807328 -0.037188
-0.301070 -0.364789 0.820805 -0.365914 -0.833177
-0.497902 0.054957 1.249897 -0.331393 0.489523
-0.010304 0.205076 1.015271 -1.024335 -0.010970
0.321026 -0.960353 -0.193490 -0.924151 -0.339476
0.528345 -1.057031 0.341032 -0.421399 -0.499316
0.378393 -0.235201 0.202836 -0.642079 -0.584354
0.260232 -0.179336 -0.365316 -0.784607 0.004242
0.439870 -0.868241 -0.198422 -0.757272 -0.292186
-0.823714 -0.081074 -0.426609 -0.505577 -0.329649
0.223713 -0.746880 -0.519424 -0.731911 -0.436656
0.211496 -1.084771 -0.117018 -0.858232 -0.421282
0.425893 -0.998335 0.021603 -0.992537 -0.252155
0.270987 -0.795683 -0.354302 -0.938699 -0.206863
0.120777 -0.813175 -0.056542 -0.813223 -0.540152
0.268595 -0.778374 -0.193444 -1.111196 -0.254079
0.456432 -1.018081 -0.114115 -1.085340 -0.013855
0.475500 -1.076376 0.002285 -0.971728 -0.186449
0.417832 -1.108083 0.058427 -1.011236 -0.090917
0.133160 -0.920514 -0.327217 -0.859970 -0.275890
0.449686 -1.069034 -0.047267 -1.069491 -0.221160
0.092448 -1.018402 -0.245180 -1.141838 -0.233328
0.195734 -0.859182 0.198262 -0.900972 -0.259107
-0.081241 -1.237998 -0.322107 -0.786103 -0.129307
0.301487 -0.944198 -0.327172 -0.906183 -0.304092
0.314953 -1.081919 0.041001 -1.048306 -0.312708
0.201245 -0.917926 -0.136139 -0.937945 -0.273016
0.255489 -1.017120 -0.097082 -0.991824 -0.223552
0.593316 -0.369740 -0.361380 -1.019868 -0.663545
0.301343 -1.048834 -0.051197 -1.072562 -0.187398
0.306146 -0.737822 -0.375168 -1.056026 -0.375044
0.341994 -0.627882 -0.364152 -1.044242 -0.263449
0.286105 -0.599996 -0.388555 -1.060075 -0.421875
0.138901 -0.554321 -0.264256 -1.118738 -0.225191
0.299873 -0.914478 -0.122452 -0.924631 -0.212346
0.377737 -0.954862 -0.131769 -1.005673 0.004989
0.667777 -0.770985 -0.361379 -0.844333 0.063831
-0.147008 -1.047329 -0.031666 -0.805103 0.029686
0.381943 -0.874689 -0.293792 -0.993577 0.006099
0.239333 -0.878333 -0.297852 -0.951092 -0.176203
0.371539 -0.647533 -0.437888 -1.000217 -0.219871
-0.059939 -0.488818 -0.428625 -0.875318 -0.422738
0.087281 -0.599405 -0.538581 -0.588690 -0.234856
0.254996 -0.981511 -0.163952 -0.885777 -0.225381
