-0.371016 0.182751 0.613882 -0.690977 -1.198231
0.617992 -0.867469 0.730656 -0.569913 0.052282
0.615918 -0.554926 0.753942 -0.203376 -0.177769
0.294811 -0.214375 0.918115 -0.124678 0.872003
0.428513 -1.247853 0.592093 -0.190532 0.268608
0.015806 -0.870227 0.540698 -0.153754 -0.295365
0.865582 0.133561 0.207319 -0.607501 0.044065
0.206217 -0.421399 0.501189 -0.070606 -0.375205
-0.142992 0.222843 0.255646 -0.123786 -1.316953
0.240428 0.222719 0.496678 -0.677503 0.034745
0.297950 -0.735714 0.074752 -0.286230 0.751677
-0.127553 0.312520 -0.070510 -0.399847 -0.249493
-0.639310 -0.678315 0.574185 -0.317157 0.171552
0.328867 -1.037446 0.734736 -0.348410 -0.217989
-0.839508 -0.633727 0.683857 -0.411171 0.509099
0.913812 -0.086067 0.937540 0.153531 0.258218
-0.408092 0.245741 0.890480 0.281925 -1.117052
0.472588 -0.132214 -0.118796 0.136880 -0.164158
0.324621 0.067191 0.526541 -0.166604 0.298056
-0.124860 -1.069617 0.067140 -0.245821 -0.788293
-0.425696 -0.249021 0.747518 -0.427610 -0.108650
-0.966353 -0.666220 -0.129383 0.539620 -0.350023
0.590225 -0.305077 0.573353 0.243236 0.323878
-0.469727 -0.036220 -0.243475 -0.030686 -0.569514
-1.569440 -0.147181 0.568664 -0.238245 -0.091654
0.470998 -0.351693 0.467610 -0.294586 -0.221516
-0.222139 -0.215080 0.034598 -0.039784 -0.185425
0.952105 0.634143 0.083558 -0.049705 -0.120087
-0.015265 -0.484172 0.450233 0.037742 -0.413497
-0.024348 -0.238958 1.104467 -0.300841 -0.218524
-0.552769 -0.487192 0.966463 0.214976 0.349594
-0.418175 -1.022935 0.672943 -0.174910 0.039656
-0.131559 -0.592799 0.508972 0.001650 -0.390865
-0.131117 -0.088569 1.232107 -0.225093 -0.120052
0.767529 0.222520 0.722758 -0.478791 0.187258
-0.305056 -0.803644 -0.072443 -0.116954 0.831472
-0.176083 -0.918978 1.341522 -0.019184 -0.115581
-0.480256 -0.329896 1.115155 -0.212717 -0.335929
-0.123596 0.063478 1.365397 0.407571 -1.074233
-0.453106 0.025342 0.400339 -0.160722 -0.426243
-0.553794 0.455440 -0.000977 0.182737 0.739755
0.353930 -0.575020 0.883966 -0.773755 -0.773454
0.799276 0.078174 0.425735 -0.186248 -0.179678
0.261425 0.284462 0.644415 0.179046 -0.403519
-0.241505 -0.287673 0.737474 -0.337370 0.393324
0.816490 0.007191 0.395473 -0.072627 -0.824318
-0.581862 -0.910592 -0.107237 0.500369 -0.814809
-0.361630 0.251077 0.367853 0.272594 -0.745749
-0.289783 -1.103838 0.494856 -0.127796 0.186758
0.441675 -0.409339 1.449866 -0.076303 -0.831251
0.046353 -0.524568 0.144543 -0.597988 0.138014
0.455028 -0.474310 1.156176 -0.450279 0.064823
0.611768 -0.806096 0.836888 -0.354393 0.198558
-0.273710 -0.967361 0.384665 -0.162423 0.018299
0.046003 -1.083641 0.206645 -0.238926 0.341188
0.226673 -0.584545 -0.039195 -0.062291 0.631469
-0.022148 -0.261629 1.110215 -0.250908 -0.537068
-0.353244 -0.581515 1.030156 -0.543558 -0.332552
0.320552 -0.329322 0.414764 -0.217656 0.446538
-0.107771 -0.995756 0.777376 -0.497431 0.133698
0.619329 0.241502 -0.015617 -0.200319 -0.712999
0.177075 -0.473464 -0.108417 -0.330734 0.028414
-0.077388 -0.669021 0.614020 -0.589288 0.464388
-0.209199 -0.608160 0.275072 -0.404126 -0.387167
-0.777586 0.023106 0.124965 -0.152067 -0.322323
-0.592373 -0.569673 0.415394 -0.491637 -0.885436
-0.888265 -0.737117 -0.164938 0.268513 0.524580
-0.934780 -0.781588 0.618458 0.023875 -0.425869
-0.440241 -0.517421 0.615777 -0.038347 -0.155975
-0.758037 -0.810596 0.692026 0.090898 -0.313307
-0.405013 -1.099068 0.028979 -0.118034 0.091388
-0.061246 -1.220439 0.036318 -0.385271 -0.144521
-0.373717 0.048955 0.885763 0.077968 0.107182
0.365594 -0.456934 0.175964 -0.618786 0.277855
-0.310253 -1.388075 0.628680 -0.694735 -0.344495
0.169187 -0.901764 0.295141 -0.322219 -0.265651
-0.093646 -1.127181 0.699107 -0.530855 -0.148536
-0.360968 0.237863 0.582186 0.113461 0.461305
-1.064856 0.349930 1.213563 -0.739948 -0.368867
-0.737594 -0.940207 0.146707 -0.222198 -0.205879
-0.309641 -0.149826 0.835084 0.279500 -0.340771
-0.682862 0.509493 0.974174 -0.387294 0.284560
0.187050 -0.655277 0.124714 -0.450857 0.413952
-0.438288 -0.130115 0.697759 -0.983612 -0.403841
-0.696166 -0.092343 0.425911 -1.219147 -0.851530
-0.751486 0.444041 0.957613 -0.527701 -0.145105
0.810874 0.071811 0.789978 0.082506 -0.121685
-0.423017 -0.878375 0.313184 -0.155713 0.661846
0.476750 -0.780531 0.650457 -0.434532 0.074061
0.018120 -1.073175 -0.144788 -0.344474 0.232898
0.449090 -1.109473 0.547919 -0.415979 0.020588
-0.128214 -0.031246 1.212699 -0.107732 -0.076531
0.479531 -0.692018 -0.065040 -0.550537 -0.219016
-0.445566 -0.315042 0.977692 -0.455477 -0.485184
-0.041453 -0.880507 0.264490 -0.680556 0.143409
0.265695 -0.642797 0.878735 -0.580495 -0.220931
-0.371920 -0.206915 0.619703 -0.309099 -0.127739
0.506972 -0.881990 0.116344 -0.171779 -0.458470
-0.348676 -0.697572 1.120586 -0.487158 -0.715273
-0.354720 -0.307135 1.022545 -0.056805 -0.454954
-0.146263 -0.958174 0.097466 -0.261408 0.214337
-0.104154 -0.426130 0.389965 -0.390761 -0.819164
-0.628440 -0.694374 0.549632 -0.426674 -0.436554
-0.197353 0.001396 0.130950 0.173355 -1.029068
-0.558794 0.251346 0.688649 0.628020 -0.429313
-0.380291 -0.087522 0.971381 -0.011105 -0.740043
-0.584613 -0.616479 0.810194 -0.617283 -0.504437
-0.154202 0.669897 0.597324 0.545583 -0.764610
-0.093849 -0.152233 0.869272 -0.064285 -0.254891
0.110655 0.063809 0.829251 0.232366 -1.182022
-0.439442 -0.393298 0.360059 -0.401101 -0.499451
-0.196939 -0.538373 0.508329 -0.389997 -0.636828
-0.048232 0.710828 0.124055 0.349403 -0.354738
-0.479741 0.196036 0.217797 -0.649324 -0.192408
-0.285853 0.090919 0.192162 -0.726604 -0.967706
-0.216252 -0.752769 0.808125 -0.489486 -0.171704
0.247160 -0.185464 0.587179 -1.159625 0.344397
-0.629025 0.212447 0.441708 0.470041 -0.602294
-0.371419 -0.104193 0.585970 -0.142757 0.288266
-0.040128 0.024262 0.014270 -0.422900 -0.881383
0.029002 -0.827184 0.697627 -0.457612 -1.403273
-0.025732 -0.556990 0.734252 -0.264781 -0.060369
0.095089 0.014627 0.539989 -0.440328 0.196435
-0.291622 0.059980 0.097717 -0.615104 -0.443897
-0.810795 0.018746 1.494173 -0.457161 -0.130206
0.474298 -0.225359 0.641414 -0.559352 -0.323185
-0.246755 0.293841 0.573854 -0.781095 -0.370297
-0.408909 0.043284 1.167154 0.144335 -0.076075
0.438790 -0.147500 0.824885 -0.530678 -0.175437
-0.661770 -0.234871 0.661719 -0.106604 -0.681950
0.012794 -0.407786 0.015966 -0.272689 -0.525533
0.591300 -0.148125 0.690031 -0.385890 -0.167207
0.053124 0.058787 0.418590 -1.026769 -0.160160
0.056916 -0.206751 1.097557 0.158639 -0.853559
-0.840543 -0.692904 0.299089 0.219267 -0.228983
0.176501 -1.282024 0.128398 -0.514987 -0.341672
0.121513 -0.833297 0.891356 -1.044943 -0.860287
0.512483 -0.759321 0.430439 -1.093170 0.072609
-0.073472 -0.381436 -0.330824 -0.352086 -0.373069
0.493746 -0.850512 0.338789 -1.077630 0.442191
-0.120024 -0.384261 0.146612 -1.017444 0.645127
-0.307968 -0.146068 0.829206 -1.196134 -0.062045
0.107115 0.104425 0.900884 -1.021816 -0.876014
0.658726 -0.472823 0.425288 -0.675981 -0.632447
-0.708293 0.401111 0.762321 0.299240 -1.066621
-0.311179 -0.345232 0.346504 -0.542798 -0.483672
0.567089 -0.358651 0.305412 -0.714154 0.172279
-0.424484 -0.174807 0.826987 -0.307649 0.184511
-0.185922 -0.889592 0.789052 -0.905237 0.175318
-0.316865 0.102060 -0.045994 0.331753 -0.667428
0.270904 -0.637188 0.796283 0.002537 -0.482630
-0.128509 0.185184 0.590957 -0.214358 -0.666744
0.030043 -1.079155 0.025083 -0.103728 0.276930
-0.272365 -1.087275 -0.173750 -0.302663 -0.189878
-0.084250 -1.197354 -0.114652 -0.774459 0.142524
0.698960 -0.438475 0.727397 -0.809236 -0.323628
0.272089 -0.863053 -0.156385 -1.047930 -0.353315
0.199368 -0.223347 0.138564 -0.691581 -0.751568
0.246045 -0.787104 -0.440879 -0.798326 -0.448963
0.220514 -1.036162 0.475186 -0.975184 -0.257244
0.378278 -1.134811 -0.030055 -1.107811 -0.007432
0.130732 -0.870971 0.026105 -1.213919 -0.197007
0.652438 -0.859633 -0.415563 -0.852068 -0.137303
-0.224016 -1.399936 -0.085815 -0.754787 0.111700
0.336536 -0.801485 -0.343980 -0.950608 -0.280063
0.346336 -0.246429 -0.759751 -0.976857 -0.013103
0.287750 -1.100557 -0.374355 -1.094514 -0.096510
0.392318 -0.310723 -0.830966 -0.985751 -0.198087
0.310557 -0.605322 -0.474824 -0.963970 -0.341418
0.236837 -0.687774 -0.345651 -1.069023 -0.267136
0.255737 -0.709647 -0.296315 -0.981907 -0.376733
0.334046 -0.687510 -0.280225 -1.044776 -0.115600
0.305308 -0.998661 -0.273351 -1.048911 -0.205145
0.427388 -0.970284 -0.205238 -1.082876 -0.361426
0.098803 -0.727920 -0.360607 -0.911907 -0.218490
0.313494 -0.693296 -0.511963 -0.915644 -0.259510
0.192504 -0.797022 -0.244026 -0.950052 -0.625298
0.463701 -1.007452 -0.042713 -0.952850 -0.121336
-0.023231 -1.013087 -0.188516 -0.937426 -0.361007
0.361171 -1.078320 0.010692 -1.034924 -0.142232
0.321286 -0.411425 -0.254298 -1.282769 -0.384120
0.340197 -0.829837 -0.355257 -0.987213 -0.208155
0.301534 -0.586885 -0.458155 -0.957787 -0.436749
0.603946 -0.963597 -0.087101 -1.000322 -0.013009
