-0.875665 0.822607 0.237167 -0.273378 -0.228605
0.244847 -0.379217 0.395617 -0.995285 -0.028815
-0.475465 -0.335125 0.557997 -0.884712 0.391536
0.233657 -0.695923 0.106054 -1.247595 0.496828
-0.745768 -0.283143 0.233677 -0.920469 0.268465
0.687655 -0.829793 0.477016 0.480214 -0.687621
0.254385 -0.783633 0.118861 -0.174867 -0.102328
-0.191058 -0.669579 -0.369294 -0.462194 0.525659
-0.068604 -0.381402 -0.441165 -0.305242 0.392710
0.459845 -0.433261 -0.098976 -0.401372 0.102715
0.663677 -0.435655 0.585875 0.337208 -0.541389
-0.337138 0.365080 0.846464 -1.003287 -0.019605
-0.091080 0.472013 0.800031 -1.085610 0.264835
0.731258 -0.657575 0.423121 -0.599262 0.428363
1.017632 -1.100276 0.531963 -0.572765 0.127798
-0.043863 0.064601 0.730793 -0.137734 -0.002180
-0.579385 -0.068186 0.427673 -0.967008 -0.223423
-0.011090 -0.204586 0.926803 -0.733375 0.186589
-0.341972 -0.578664 -0.545394 -0.347968 -0.815752
0.693471 -0.934105 0.462166 -1.219197 0.202402
0.380297 -0.814779 0.004441 -0.749931 -0.289478
-0.429938 -0.638005 0.522202 -0.520697 -0.765721
0.797898 -0.944976 0.396159 -0.957544 -0.066900
-0.585205 -0.428852 0.503789 -1.169406 -1.325335
0.295821 -0.484552 -0.274732 -0.901717 -1.360826
0.294053 -0.667413 0.489085 -0.186381 0.267287
-0.780194 -0.603321 0.414939 0.032719 -0.203922
0.367843 -0.204420 -0.531123 0.089024 -0.079890
1.023468 -0.842275 0.973844 -0.746495 -0.361615
-0.001410 -0.768950 0.314757 -0.179920 -0.335105
1.024458 -0.248905 0.449991 0.109595 -1.113069
0.211106 -0.350117 0.358586 -0.753758 -0.408868
-0.437227 -0.811596 -0.411553 0.266517 0.152457
0.354855 0.496060 0.644178 -1.036442 -0.303453
-0.088151 0.018574 0.683877 -0.626455 0.205103
-0.670749 -0.238031 0.606173 -0.433141 -0.000447
0.292621 -0.125644 0.964596 0.249135 -0.843996
-0.129817 -0.502293 0.960133 -0.514331 -0.678786
0.604846 -0.448427 0.256114 -0.842520 -0.091262
0.735492 -0.662634 0.333765 -0.826405 -0.640465
0.414442 -0.743470 0.511332 -0.201444 -0.278600
0.594001 -0.687029 0.501718 -1.349806 -0.307518
-0.299839 -0.539092 0.594986 -0.696274 -0.509391
-0.218888 -0.779584 0.349431 -1.401485 -0.112055
0.321528 -0.542700 0.824114 -1.445757 -0.106828
1.192718 -0.651399 0.550244 -0.589819 -0.187647
0.400994 -0.356415 0.540483 -0.402471 -0.113649
-0.416464 -0.471917 -0.008145 0.129259 -0.577246
0.092437 -0.593124 0.421712 0.279286 -0.674613
0.465355 -0.362976 0.219730 -0.896538 -0.417549
0.472742 -0.928024 0.467265 -0.248983 0.427086
0.220342 -1.061895 1.013911 -0.306040 -0.156635
-0.370406 -0.784167 0.385976 -0.503671 -0.869373
-0.634631 -0.595982 -0.115784 -0.493602 0.108402
0.733078 -0.992079 0.437204 -0.819630 0.074041
0.575636 -0.149938 0.458914 -0.415071 -0.348837
-0.136230 -0.309620 -0.136603 -0.375521 0.260891
-0.504076 -0.040312 1.010472 -0.511409 -0.251540
1.008801 -0.670827 0.294435 -0.312815 0.090620
0.874018 -0.351603 0.150878 -0.243108 0.398933
-0.488847 -0.928778 0.936942 -0.545986 -0.202032
0.672122 -0.517619 0.383993 -1.087556 -0.370091
-0.345082 -0.037833 0.113593 -0.763748 -0.431913
-0.280215 0.052577 0.517644 -0.811518 -0.160272
0.204887 -0.067300 0.457455 -1.261381 0.388158
0.174837 -0.671200 0.814288 -0.056984 -0.220348
0.529521 -0.191910 0.347264 -1.014137 0.556702
-0.006127 -0.231396 0.070270 -0.432952 0.249081
-0.352056 -0.823065 0.047194 -0.398096 0.002957
0.315935 -0.260478 0.547608 -0.197922 -0.321022
0.165163 -0.210021 0.129020 0.041702 -0.324716
-0.558115 0.143181 0.260773 -0.471783 -0.061519
0.309032 -1.082644 0.343836 -0.675119 -0.395477
0.675126 0.127386 0.129466 -0.449047 -0.947559
-0.071134 -0.759522 0.387317 -0.533401 -0.540807
0.282810 -0.580537 0.535320 0.600811 -0.210316
0.809388 -0.812615 0.370909 -0.656369 -0.297497
-0.548150 0.453245 0.500557 -0.750511 -0.384761
-0.821754 -0.342194 0.757019 -0.554248 -0.276369
-0.440821 -0.015638 0.301138 -0.966274 -0.151586
-0.520019 -0.458765 0.118770 -0.929052 -0.156882
-0.542156 0.010269 0.530640 -0.528700 -0.636869
-0.721550 -0.211534 0.471050 -0.203358 0.160771
-0.267926 -0.733561 0.181806 -0.334431 -0.152293
-0.243819 -0.753589 0.050573 -0.152027 -0.749209
-0.672953 -0.288817 0.661398 -0.955592 -0.489290
-0.230996 0.108454 0.972941 -0.836059 -0.362291
-0.618589 -0.815466 -0.533462 0.833083 -0.062340
-0.383228 -0.705425 0.933665 -0.002879 -0.500051
0.041939 -0.092090 0.601305 -0.092754 -0.025498
-0.505142 -0.192243 0.860871 -0.507290 0.098531
0.429332 1.066185 0.690779 0.293071 -0.282024
-0.299451 -0.451621 0.593295 -1.435272 -0.034198
-0.142457 0.211587 0.532005 -0.483437 0.157957
-0.552960 0.147238 0.948396 -0.673106 -0.151895
-0.574867 0.209314 0.778166 -0.261641 -0.046131
0.253161 -0.009835 0.014220 0.251556 -0.681531
0.378621 0.078008 0.797789 0.047299 -0.765577
0.177694 -0.570009 0.048976 -1.076283 -0.201214
0.114615 -0.462319 0.196418 -0.400972 -0.422895
-0.132633 -1.086134 0.184708 -0.900957 -0.098414
0.322479 -0.930406 -0.166458 -0.997395 -0.154673
0.342126 -0.616963 -0.440010 -0.862034 -0.440489
0.211722 -1.105293 0.128045 -0.660879 -0.028827
-0.010420 -0.642645 -0.210766 -0.967468 -0.264909
0.272426 -1.120253 -0.060417 -0.820363 0.132446
0.168615 -1.186647 -0.124218 -0.749609 -0.184612
0.285841 -1.035248 -0.049525 -0.841539 -0.220826
0.559796 -0.959313 -0.100041 -1.009705 0.200243
0.492070 -1.159246 0.174123 -1.001886 0.020445
0.520292 -1.085815 0.216727 -1.058528 0.140642
0.305045 -0.566772 -0.304760 -1.122521 -0.240346
0.526823 -0.515991 -0.151149 -0.887968 -0.342329
0.538881 -0.620302 -0.506509 -0.622246 -0.236493
0.264055 -0.226649 -0.667370 -0.333557 -0.521891
0.753423 -1.164176 -0.100125 -0.895498 -0.474684
0.149759 -0.834251 -0.284005 -0.918972 -0.270292
0.236201 -0.751681 -0.275018 -1.066410 -0.231378
0.331527 -0.678715 -0.359231 -1.035722 -0.203737
-0.087180 -0.763283 -0.124228 -0.827040 -0.263618
0.281920 -1.040337 -0.197935 -0.960607 -0.293664
0.268412 -0.530617 -0.633434 -0.961486 -0.332018
0.431826 -1.053545 -0.132814 -0.974783 -0.277197
0.291428 -0.896129 -0.108018 -0.918856 -0.250151
0.431153 -0.924646 -0.261708 -0.877675 -0.188471
0.315826 -0.873243 -0.212297 -0.959595 -0.247658
0.282235 -0.940561 0.210591 -1.224140 -0.254503
0.656531 -1.000265 -0.241439 -0.767259 -0.285122
0.206048 -0.985004 0.355577 -1.207192 -0.265974
0.379733 -1.010346 -0.001415 -0.927890 -0.210700
0.654922 -0.799684 -0.193553 -1.199045 0.113407
0.621469 -0.795894 -0.249352 -1.057997 0.181981
0.247841 -0.433342 -0.766922 -0.947127 -0.383003
0.520292 -1.085815 0.216727 -1.058528 0.140642
0.281920 -1.040337 -0.197935 -0.960607 -0.293664
0.443743 -1.120548 0.058290 -1.124305 -0.056486
0.154273 -0.693414 -0.055685 -0.732422 -0.348629
0.233629 -0.617985 -0.560393 -0.921638 -0.348654
0.329775 -0.848536 -0.342360 -1.147554 -0.019427
0.264699 -0.658922 -0.364228 -1.029499 -0.269488
0.329100 -0.611966 -0.561096 -0.958006 -0.443366
0.445020 -0.778396 -0.197254 -1.172432 -0.406160
0.370769 -0.470198 0.281010 -1.041203 -0.446257
