-0.325163 -1.074973 0.489440 -0.211934 -0.750554
0.434458 0.341335 0.447481 0.462447 -0.333916
-0.579688 -0.040650 0.872861 0.257022 0.358067
0.228964 -0.380231 0.281137 -0.416638 -0.162023
-0.126182 -0.240707 0.787360 -0.494386 -0.833291
0.448868 0.048674 1.183572 -0.192476 -0.087052
0.189952 -0.951131 0.611375 -0.300649 0.077180
0.505211 0.321955 0.710662 -0.183495 0.051302
0.466034 -0.565096 -0.003298 -0.188994 -0.266978
-0.039127 0.303572 0.290483 0.286178 -0.143406
0.633036 1.209046 1.318628 -0.479055 -0.018340
-0.148916 -0.293347 0.963286 -0.278235 -0.372161
0.507039 -0.555401 0.826876 0.029582 -1.221476
-0.078429 -0.903781 -0.121730 -0.557964 -0.185515
0.085494 0.446269 0.702030 0.033320 -0.066083
0.338639 -0.516236 0.849302 -0.449157 -0.441334
-1.052158 -0.298149 0.374837 0.802997 -0.758612
0.822733 -0.283012 0.918621 -0.183742 -0.198109
-0.223154 -1.102767 0.612935 0.101806 0.154833
0.369491 -0.419246 0.774721 0.170670 0.729149
-0.831300 -0.515991 0.184724 0.078314 -0.854919
-0.077587 -0.505708 -0.654673 -0.042748 0.119806
0.340590 0.255247 0.593580 -0.067973 -0.597388
0.135956 -0.722311 -0.044463 -0.564589 0.458050
-1.028239 0.275641 1.045653 0.024613 0.216790
0.188204 -1.012125 0.787938 -0.246566 0.159136
0.323024 -0.359434 0.792233 0.086940 0.315282
0.265296 -1.008253 1.118068 -0.714477 -0.413115
0.790782 -0.114542 0.914392 0.293663 -0.871637
-0.364767 -0.659441 0.403288 -0.125479 -0.787328
-0.611331 -1.280334 0.224241 -0.010813 0.066822
0.000590 0.358759 0.605629 -0.360737 -1.003019
-1.364098 0.059595 0.775308 -0.940840 0.119341
-0.952700 -0.145216 1.183363 -0.669221 0.011320
-0.843174 -0.698166 0.337785 -0.328497 -0.163250
-0.603754 -0.818048 0.338447 0.047486 -0.486129
0.674699 0.267103 -0.006643 -0.389242 -0.260394
-0.476719 -0.558880 0.287812 -0.198486 -0.591552
0.126888 0.023730 -0.723770 -0.093648 -0.324740
-0.072416 -0.727137 0.723840 -0.518354 -0.297896
0.468301 0.019731 0.400188 0.272012 -0.808969
-1.476795 -0.368175 1.073780 -0.311539 -0.156829
-0.288826 -0.369969 0.552949 -0.291409 -0.707635
-0.490598 -0.704010 0.664254 -0.274943 -0.306177
0.999167 0.155643 0.245766 0.276985 0.133460
0.697694 -0.539111 0.659394 -0.403196 0.071738
-0.283128 -0.369625 0.573629 -0.129560 -1.164955
-0.891388 -0.633410 0.424551 -0.398466 -0.322986
-1.007378 0.228757 0.044437 -0.632510 -0.459593
-0.591236 0.781481 0.899652 -0.555160 -0.795673
0.894776 -0.799843 -0.384194 -0.260798 -0.034110
0.012005 0.456094 0.138719 0.576568 0.153256
0.238075 -0.609015 0.417539 -0.283527 -0.156263
0.648193 -0.458190 0.608909 -0.524464 -0.047977
0.449052 0.502031 0.359077 0.276902 -0.011325
-0.233047 -0.594091 0.212981 0.174324 0.359143
0.566490 -0.173051 -0.408860 0.097273 -0.277177
0.542516 -0.674782 0.482530 -0.429120 -0.389809
0.362961 -0.065611 0.490271 -0.107314 -0.324923
0.250810 -0.177509 0.573653 -0.362623 -0.376107
0.181546 -0.147971 0.600073 0.155537 -1.065795
0.092869 0.117845 0.252462 -0.128234 -1.300824
0.387867 -0.030830 -0.020577 -0.085960 -0.382763
-1.029053 -0.200556 0.710083 -0.310117 -0.369908
-0.536286 -0.449197 0.925841 -0.416115 0.259461
-0.671068 0.021080 0.671067 -0.261760 -0.619160
-0.059652 0.267716 -0.066116 -0.022279 -1.451502
0.025837 0.177855 0.072023 -0.342344 -0.686942
-0.661220 0.257902 0.023033 -0.067052 -0.929832
-0.329172 0.169815 0.134844 -0.055885 -0.046476
-0.989844 -0.705688 0.967522 -0.558191 0.120384
-0.384262 -0.333235 0.471277 -0.162299 -0.675663
0.207405 -0.245291 0.731260 0.088705 -0.403386
-0.347190 0.016868 0.029718 -0.295045 -0.597275
0.054970 -0.337554 -0.028916 -0.400106 -0.629705
-0.558122 -0.366590 0.757635 -0.342546 -1.717068
0.004320 -0.891925 0.786594 -0.145447 -0.590472
-0.674964 -0.605508 0.044886 0.034577 -0.300855
-0.128968 -0.047911 0.940755 0.172456 -0.783234
-0.019880 0.160954 1.037272 -1.057098 -0.516060
-0.183948 -0.051251 0.366248 -0.402803 -0.482047
1.063560 -0.070524 0.338958 -1.289254 -0.462536
-0.449111 -0.495415 1.146385 -0.414103 -0.352218
0.506530 -0.473975 -0.082483 -0.814954 -0.215775
0.673840 -1.083092 -0.141634 -0.025459 -0.511017
0.530984 0.074667 -0.134669 -0.138169 -0.193739
-0.094574 -0.260183 1.113399 -0.253421 0.087196
-0.024961 -0.932327 0.138467 -0.566609 -0.229323
-0.073385 -0.342643 0.398533 -0.115607 0.274249
0.444311 -0.071634 0.068250 -1.019095 -0.550451
-0.587093 -0.552873 -0.173186 -0.695225 -0.064015
-0.200395 -0.710742 1.012008 -0.351087 -0.350298
-0.513773 -0.632340 0.632396 -0.360316 -0.576056
0.413798 -0.680908 0.126366 -0.305099 0.005519
0.042795 -0.406274 0.690193 -0.197726 -0.136900
0.038044 -1.307315 0.422476 -0.460485 -0.229206
0.151282 -0.861758 0.768180 -0.126400 -0.267346
0.348236 -0.672095 0.690331 -1.049475 -0.366943
0.109301 -0.397072 0.282685 -0.122076 0.104396
0.209942 -0.288902 0.149519 -0.400080 -1.071473
-0.073264 -0.088819 1.218289 -1.216129 -0.307293
-0.099401 -0.488617 0.836210 -1.238377 -0.223142
0.654433 -0.621151 0.768103 -0.958411 -0.312558
-0.240632 -0.011648 0.490002 -1.369298 -0.211783
0.030833 -0.161445 0.812717 -0.209370 -0.732728
-0.183694 -0.900650 0.151347 0.465139 -0.489073
0.440423 -1.109388 0.593893 -0.499839 -0.145081
-0.245680 -0.610897 0.753177 -0.368662 -0.248895
0.550936 -0.648182 0.375821 -0.458999 -0.058190
0.483366 -0.783445 0.539906 -0.555131 0.078820
0.007256 -0.220396 0.326823 -0.610609 -0.305484
0.473126 -0.162545 0.140551 -0.816313 -0.301539
0.800144 -0.426634 0.012775 -0.668769 -1.424614
1.287427 -0.645743 0.349627 -0.969888 -0.321621
0.040987 -0.329027 0.404160 -1.230850 -0.047882
0.605908 -0.251776 0.526747 -0.714794 -0.030707
0.929039 -0.246893 0.177585 -0.341404 0.218204
0.260474 -0.124350 0.670793 -0.687342 -0.248621
0.956299 -0.383069 -0.629464 -0.065703 1.006106
0.074095 -0.568940 0.047450 -0.838563 -0.162878
0.022217 0.139728 0.357285 -0.386178 -0.885882
0.047413 -0.226398 0.949595 -0.231839 -0.092089
0.474930 -0.632463 -0.077436 -0.521564 -0.665504
0.311181 -0.492334 0.599513 -0.732059 -0.565001
-0.123468 -0.078672 0.502572 -0.154983 -0.630191
0.016536 -0.417350 1.215236 -0.225786 -0.550570
0.052819 -0.124671 0.810669 -0.829623 0.056331
-0.500561 -0.060761 0.716328 -0.481490 0.127813
-0.219628 -0.203346 0.237826 -0.343785 -0.073982
0.065284 -0.155111 0.591394 -0.344792 0.369603
-0.438712 -0.018229 0.360203 -0.829470 -0.188628
-0.477349 -0.080861 1.163275 -0.961753 0.620454
-0.103613 0.077322 1.103489 -0.745841 -0.712074
-0.471079 -0.590701 0.712883 -0.490477 -0.532448
0.325287 0.074603 0.737825 -1.132650 -1.044054
-0.204439 -0.384239 0.168869 -0.778838 -0.345460
-0.059652 0.267716 -0.066116 -0.022279 -1.451502
0.678858 0.199745 0.322914 -0.789222 0.466731
0.467112 0.034935 0.233818 -1.020658 -0.144533
-0.669874 -0.496975 0.205168 -0.385368 -0.936804
-0.166879 -0.693728 0.818175 -0.029129 -0.635706
-0.347190 0.016868 0.029718 -0.295045 -0.597275
-0.338555 -0.576002 0.106359 -0.749788 -0.878227
-0.488202 0.367084 0.631120 -0.523467 -0.014376
-0.432247 -0.634650 0.989165 0.206579 -0.113129
0.516195 0.079871 0.513156 -0.193587 -1.805254
-0.379567 0.349658 0.855364 -0.440877 -0.725200
-0.146471 -0.351177 0.570687 0.266209 -0.592938
0.224681 -0.443006 0.302799 -0.669516 -0.089078
-0.384278 -0.250075 0.150490 -1.076875 0.939820
0.530776 -1.099424 0.230001 -0.978187 0.009698
0.351414 -1.099952 -0.056925 -0.854823 -0.110698
-0.131371 -0.730113 -0.254591 -0.642686 0.104761
0.237397 -0.857846 -0.222716 -0.947589 -0.063850
0.341306 -0.555737 -0.338141 -0.975082 -0.185617
0.456969 -1.033913 -0.280930 -0.867848 -0.271793
0.212330 -0.557852 -0.301072 -0.820094 -0.625455
-0.059031 -0.739244 -0.170298 -0.802592 -0.321150
0.295586 -1.252606 -0.146928 -0.880110 -0.054688
0.391503 -1.003601 -0.034795 -1.056806 -0.304174
0.151824 -0.701219 -0.287241 -0.914379 -0.419430
0.574937 -0.978096 -0.008893 -1.397076 -0.054208
0.492473 -0.899160 -0.352749 -1.059933 -0.324851
0.421245 -0.799654 -0.235822 -0.890282 -0.484911
0.530613 -0.285741 -0.531959 -0.986897 -0.751252
0.189665 -0.868969 -0.498585 -0.828245 -0.351889
0.357264 -1.119508 0.111789 -0.826938 0.250427
0.350327 -0.384124 -0.869134 -0.926288 -0.323202
0.313693 -0.712609 -0.316732 -0.730132 -0.581195
0.130810 -0.530879 -0.289469 -0.689052 -0.687737
0.081139 -0.839652 -0.348104 -0.768341 -0.249464
0.050448 -0.464285 -0.901634 -0.780462 0.103389
0.319071 -0.769847 -0.287539 -0.986219 -0.290296
0.355166 -0.266414 -0.628313 -0.467043 -0.400229
0.354752 -0.756524 -0.394149 -0.673549 0.007153
0.261204 -1.099601 -0.061549 -0.473398 -0.162020
0.343163 -1.198054 0.195818 -0.625712 -0.223426
