-0.276717 -1.096559 -0.071186 -0.319447 0.320523
0.666610 -0.719156 0.157473 -0.756302 -0.363601
0.058263 -0.623769 1.003562 0.198375 -0.118965
0.250645 -0.704994 0.328350 -1.197076 -0.371937
0.013083 -0.812638 0.527638 0.031889 0.235413
-0.143706 -1.421247 -0.259932 0.731188 -0.978579
0.781943 -0.035530 0.351298 -0.092567 -0.574401
-1.289322 -0.375275 0.454075 0.245829 -0.782660
0.338205 -0.719511 0.289058 -0.721944 -0.294475
0.429612 -0.121062 0.889143 -0.342978 -0.592345
0.168491 0.600976 0.054955 -0.880732 -0.751199
-1.081467 -1.172125 0.235492 0.211415 -0.871905
-0.208922 0.211748 -0.007145 -0.982136 0.294228
0.115099 -0.645204 0.524787 -0.227497 -0.612228
0.306143 -0.702970 0.686119 -0.788518 0.157288
0.482561 -0.810731 0.502572 -0.365394 0.267499
0.474969 0.231546 0.455159 0.276676 0.050235
0.768113 -0.711588 0.816427 -0.103393 0.015339
0.243533 -0.415294 0.006437 -0.939234 -0.001749
0.796232 -0.425846 -0.126200 -0.472009 -0.525239
0.796982 -0.058100 -0.152286 -0.653168 -0.785544
0.417304 -0.523200 0.776448 -0.576260 -0.231917
0.247496 -0.421676 0.062317 -0.658577 -0.358173
0.470299 -0.494938 0.248435 -0.353499 -0.584029
0.788661 -0.502715 -0.175630 -0.435655 -0.048631
-0.919430 0.179120 0.444351 0.147486 0.055670
-0.251279 0.452989 0.547407 0.421392 -0.638047
0.104344 -0.829853 -0.206183 -0.160016 -0.183383
-1.044005 -0.303643 0.098625 0.773753 -0.597347
0.318813 -0.548369 0.336025 -0.831236 -0.107255
0.036846 -0.914844 0.521896 -0.767796 -0.312395
0.752793 0.060032 0.259572 0.167006 0.299091
0.478122 -0.534125 -0.063961 -0.260873 -0.147179
0.726501 -0.405394 0.494737 0.553352 0.084641
0.021220 0.011700 0.679998 -0.531286 -0.014204
0.338376 0.356111 1.094311 -0.183397 0.030487
0.389957 -0.309214 0.401414 -0.129449 0.796693
0.762317 -0.121630 0.481605 0.223177 0.181540
0.520085 0.198196 0.561105 -0.506838 -0.983325
0.275534 0.257760 0.526905 0.452450 0.212155
-0.080460 -0.494765 0.517184 -0.368361 -0.510650
-0.609277 -0.575691 0.657473 -0.435830 -0.432525
-1.079463 0.218928 1.223370 -0.393736 -0.551424
0.709512 -0.375048 -0.105417 -0.186976 0.280836
0.154709 -1.077223 -0.088615 -0.361924 -0.223136
-0.655800 0.688769 0.081211 0.051153 -0.285030
0.816418 -0.440456 0.156058 0.490241 -0.665867
0.036929 0.560628 0.396929 -0.917332 -0.360574
1.001522 -0.278165 0.995433 -0.492790 -0.722336
-0.691202 -0.041258 0.290625 -0.232643 -0.575791
0.052851 -0.798076 0.588861 -0.286079 0.162591
0.113008 -0.281625 0.887879 -0.301565 -0.821098
-0.771790 0.412148 0.117341 -0.532632 -0.449098
0.304260 -1.067350 -0.206512 -0.282448 0.467757
0.081556 -0.294857 0.102205 0.028158 0.376078
-0.526720 -0.047530 0.976410 -0.390941 -0.563546
-0.497427 -0.045388 0.796141 0.244402 -0.373504
0.217703 -0.252535 1.224507 0.363836 -0.420829
-0.033719 -0.227904 0.096517 -0.394147 -0.761982
-0.449638 -0.189547 1.087264 -0.197045 -0.164871
0.473170 0.531368 0.860497 0.426583 -0.581443
-0.012116 -0.492112 -0.123242 -0.189834 -0.373513
0.647480 -0.368957 0.514773 -0.109673 -0.588709
0.163812 -0.056258 0.861643 -0.494571 -0.205646
0.128019 0.630629 0.523931 0.492981 0.229610
0.829232 -0.552029 1.065551 0.012906 -0.333880
-0.408403 1.457962 1.064186 0.402889 0.109195
-0.400273 -0.189987 -0.061095 0.727227 -0.354575
-0.260254 -0.100837 0.280712 -0.069258 -0.403842
0.127696 -0.015260 0.239542 0.277981 -0.179280
0.333035 -0.757893 0.574179 -0.370646 0.136198
-0.130741 0.087755 0.808952 -0.153887 -0.204621
0.486669 -0.341976 0.649404 -0.110140 -0.508019
0.584647 -0.171582 0.611897 -0.040632 -0.586545
-0.450883 -0.482018 -0.152682 0.160485 -0.418880
-0.917807 -1.205119 0.023438 0.006018 0.189180
-0.458661 -0.285042 1.190779 0.153528 -0.149412
-0.566794 -0.401585 0.503244 0.191402 -0.186132
-0.408073 -0.390421 0.114057 0.014552 -0.538806
-0.719420 -0.155713 0.063610 0.408791 -0.367785
-0.259834 -0.099253 0.160091 -0.176419 -0.791636
-0.802953 -0.700547 -0.080389 0.002779 0.061318
-0.145070 -0.229296 0.170377 -0.235306 -0.626014
-0.997092 -1.004979 0.276878 0.018026 0.609446
-0.223900 0.001474 0.760773 0.113630 0.342450
0.540335 0.509496 0.645201 0.298316 -0.829198
0.225578 -0.942003 0.178795 -0.197945 0.705868
0.511932 -0.354632 0.577165 0.590087 -0.720454
0.100708 -0.180259 0.432706 -0.989549 -0.475697
0.343436 -0.240269 0.322357 -0.467971 -0.166999
0.554216 -0.489063 0.394960 -0.554080 -0.874951
0.220314 -0.134895 0.708175 -0.451230 -0.582785
-0.197162 -0.078151 0.764845 -0.704321 -0.425971
0.169234 -0.383954 0.351849 -0.163113 -0.090912
-0.322107 -0.192677 0.632145 -0.889317 -0.415152
0.669429 0.138966 0.496488 0.201820 -0.180706
0.642969 -0.943711 0.265221 -0.357224 -0.810649
0.584647 -0.171582 0.611897 -0.040632 -0.586545
-0.319422 -0.391900 -0.455290 -1.024589 0.411328
-0.130009 -0.978251 0.494376 -1.160078 -0.610926
-0.283680 -0.550699 0.542545 -0.166949 -0.146947
0.729010 -0.542353 0.357857 -0.785463 -0.088525
-0.085791 -0.793149 0.815909 -0.881024 -0.090851
0.326836 -0.633037 0.402103 -1.086215 0.161879
-0.464082 0.253987 0.618239 -0.450942 0.087126
-0.164215 -0.157896 0.419765 -0.514654 -0.852259
-0.697845 0.000226 0.667858 -0.272079 0.290752
-0.425830 -0.013718 0.680450 -0.223747 0.124168
0.347429 -0.027541 0.073653 -0.864809 -0.365190
-0.207812 0.672434 0.732666 -0.641020 -0.074305
-0.361598 -0.143681 0.614106 -1.031444 0.047653
-0.486664 -0.231055 1.144005 -0.778355 -0.163984
0.052516 -0.498415 0.039041 0.280327 0.084814
-1.448381 -0.158905 -0.252422 0.074912 0.070784
-0.976966 0.038352 0.428890 0.007809 -0.392573
0.420377 -0.479870 0.237932 -1.404271 -0.862398
0.127099 0.276547 1.588851 0.550445 -0.632717
0.766160 -0.550274 0.368381 -0.136735 -0.342565
0.797896 -0.152813 0.599987 0.602037 -0.347922
0.460845 -0.519352 0.025148 -0.634104 -0.468404
-0.838225 -0.281677 0.461605 -0.412861 -0.036455
0.537173 0.091622 0.936317 0.135443 -0.120579
0.453983 -0.634158 0.726357 -0.594803 0.008169
-0.283452 -0.737161 0.358291 -0.310036 -0.314776
0.198935 -0.630895 0.812641 -0.388544 -0.086736
0.717204 -0.713591 0.243468 0.135933 0.320553
0.108484 -0.314916 0.716548 -0.797250 0.494770
-0.203855 -0.171412 1.328351 -0.024779 -0.679672
-0.389100 -0.242017 0.744312 0.084420 -0.496698
0.394601 -0.335200 0.229677 -0.247415 0.139636
-0.407815 0.273801 0.209057 -0.214703 -0.285560
-0.828958 0.373069 -0.126770 0.080226 -0.654577
0.378642 -0.256904 0.470807 -0.401354 -0.648962
-0.302630 1.000707 0.406517 -0.273571 -0.783038
0.695267 0.398323 1.101103 0.411021 -0.610023
0.443477 0.276010 0.264719 -0.033789 -0.474131
0.362239 -1.198966 -0.072671 -0.756323 0.075278
0.407909 -1.103587 0.005065 -1.010473 -0.220091
0.321753 -0.655529 0.247890 -1.239799 -0.693466
0.388693 -0.580897 0.160827 -0.854158 0.037252
0.414294 -0.251663 0.245074 -0.313319 -0.100923
0.319154 -0.143068 0.087841 -1.149572 -0.608936
0.181469 -0.728317 -0.340364 -0.901765 -0.384441
-0.172962 -0.642360 -0.220573 -0.783432 -0.244091
-0.118876 -0.720731 -0.429439 -0.742191 0.029019
0.150295 -0.986613 -0.537814 -0.999821 -0.397511
0.476731 -0.835883 -0.096958 -0.992210 0.137823
0.297140 -0.731788 -0.069679 -0.745423 -0.049268
0.330169 -0.580048 0.075260 -0.441713 -0.559358
0.329763 -1.071325 -0.261508 -0.961935 -0.192365
0.018939 -0.763880 -0.514147 -0.770140 -0.166400
0.372189 -0.747162 -0.310862 -0.950759 -0.260640
0.438332 -1.091242 -0.041053 -1.079605 -0.071525
0.225084 -1.080182 -0.361648 -0.795386 -0.196008
0.273677 -1.018134 -0.242028 -0.916733 -0.288877
0.495522 -0.936076 -0.159697 -1.089009 -0.255166
0.172871 -0.966872 0.095299 -1.104066 -0.482764
0.380719 -1.147340 0.033141 -1.082446 0.003609
0.349442 -0.550943 -0.527029 -1.027814 -0.217764
0.075089 -0.596139 0.234211 -1.111620 -0.314277
