0.837114 -0.758636 0.523826 -0.517929 -0.515104
-0.625754 -0.389992 0.646230 -0.321306 -0.471360
0.202012 -0.464301 0.882453 -0.334686 -0.125797
-0.412766 0.550094 0.313581 -0.469970 -0.692955
0.651137 -0.626071 -0.117072 -0.310680 -0.531484
0.503284 -0.696822 0.081048 -0.896958 -0.642406
0.019470 -0.502381 0.413159 -0.673283 -0.276264
0.220724 -0.878682 -0.047205 -0.432417 -0.679518
0.584225 -0.293957 0.586636 -0.530598 -0.091149
0.516508 -0.686919 0.699492 -0.259511 -0.100744
0.407714 0.159702 0.525053 -0.139092 -0.329929
0.640588 -0.897137 0.684222 -0.078981 0.497128
0.351976 -0.607766 0.642840 -0.604470 0.468062
0.076180 -0.398419 0.475260 -1.173687 -0.392345
0.568748 -0.470681 0.963830 -0.050947 0.056812
0.762707 -0.652058 0.278669 0.001646 -0.051961
0.297897 -0.757380 0.316975 -1.068450 -0.943491
0.224994 -0.780811 0.560297 -1.144311 0.017900
-0.365271 0.323183 0.666819 -0.527077 -0.145105
0.713352 -0.320344 0.276856 -0.860758 -0.024742
0.446085 -0.134919 0.396329 -0.925470 -0.154822
0.734261 -0.901813 0.415869 -0.892699 -0.722298
0.401400 -0.351058 0.344678 -0.205014 -0.163201
0.974565 -0.475257 0.270127 -0.245670 -0.438317
0.498507 -0.907374 0.550440 -0.072564 -0.212565
-1.065929 0.653753 0.566485 0.613134 -0.420485
0.145032 -1.198843 0.561448 -0.125033 0.176540
0.105730 -0.443271 0.426832 0.128594 0.167260
-0.669879 0.009183 0.426211 -0.776761 -0.045968
0.440143 -0.656390 0.630997 -0.339122 0.041870
0.772505 -0.994991 0.347222 -0.613907 0.025019
-0.056560 -0.432387 0.890757 -0.138976 0.300814
0.353582 -1.013281 0.560560 -0.328975 -0.456369
-1.162252 -0.436723 0.534927 -0.153679 -0.379003
-0.753800 0.198676 0.852204 0.510252 -0.851981
0.579846 -0.646253 0.373914 -0.982473 -0.275021
0.133708 -0.199667 0.196718 0.054956 -0.291914
-0.070806 -0.340824 1.114456 -1.173040 -0.319861
0.588121 -1.025361 -0.083372 -0.926699 -0.264642
0.432985 -0.890986 -0.140156 -1.080979 -0.222446
0.451532 -0.797633 -0.438441 -0.950509 -0.406761
0.528590 -0.901250 -0.263649 -1.076953 -0.483734
0.430396 -1.195740 0.038902 -0.946872 -0.282635
0.150579 -0.694115 -0.556235 -0.869251 -0.276760
0.361356 -0.840471 0.150836 -0.960750 -0.276149
0.148733 -0.728044 -0.495417 -0.937886 -0.373377
-0.283813 -0.597642 0.034719 -0.480087 -0.100993
0.070128 -0.824470 -0.058032 -0.853882 -0.594321
0.615377 -0.777481 0.029055 -0.957879 -0.409351
0.464671 -0.988630 0.165148 -0.611149 -0.610191
0.299960 -0.610079 -0.124033 -0.807865 -0.623331
0.542728 -1.163472 -0.043237 -1.025346 -0.206026
0.534818 -1.010565 -0.297896 -0.859254 -0.157247
0.019460 -0.560194 -0.132139 -0.775283 -0.693255
0.684684 -0.669012 -0.405510 -0.910972 -0.185758
0.037599 -0.370028 -0.112754 -1.073568 -0.374706
0.064350 -0.974622 0.754166 -0.702417 -0.134681
0.539301 -1.092770 -0.226565 -0.857240 -0.416459
0.264429 -0.438563 -0.513648 -1.000911 -0.418606
0.381533 -0.774124 -0.457662 -0.847394 -0.443096
0.373636 -0.906797 -0.329408 -0.817002 -0.423127
0.288648 -0.848575 -0.061842 -1.125952 0.072669
0.517575 -0.893824 -0.363309 -0.880521 -0.416289
0.319743 -0.614377 -0.350449 -1.141766 -0.249315
0.178876 -0.619445 -0.529974 -0.838215 -0.388208
0.039752 -0.727966 -0.498170 -0.969664 -0.082199
-0.128072 -1.099961 -0.204445 -0.767441 -0.003111
