0.178367 -0.115905 0.944405 -0.421783 -0.794944
-0.451524 0.238817 0.323287 -0.634654 -1.059432
0.131368 -0.873721 0.631200 -0.307763 -0.407878
0.666348 -0.485343 0.264811 -0.283710 -0.336289
-0.757206 -0.406246 0.432567 0.031852 0.251086
0.646233 0.297056 0.607722 0.190646 0.334762
0.094000 -0.296521 0.471147 -0.403227 -0.818041
0.373961 -0.590438 0.589049 -0.603678 -0.688128
-0.035089 -0.711923 0.721201 -0.943546 -0.543470
0.389332 -0.528640 -0.375780 -0.256830 -0.674988
-0.016078 -0.159334 -0.273103 -0.058341 0.407666
0.021704 -0.000416 0.626531 0.344334 -0.476669
0.887656 -0.238142 0.206595 -0.429727 -1.047284
-0.606804 0.334340 1.756439 0.641852 -1.238803
0.323188 0.234459 0.562002 0.219245 -0.561067
0.537878 -0.306690 0.703231 -0.104177 -0.029451
0.464603 0.056721 1.097209 0.283962 -0.066454
-0.159962 -0.473294 0.360683 -0.259007 0.236697
-0.632700 -0.162710 0.716104 -0.068436 -0.802186
0.063326 -0.138938 1.309914 -0.020201 -0.779222
-0.189321 -0.214455 0.702403 -0.158930 -0.666300
-1.321180 -0.167268 1.156706 0.351051 -0.813377
0.540370 -0.724082 0.762268 -0.323140 0.298383
0.220300 -0.484503 -0.075218 -0.320619 -0.117616
0.272015 -0.621090 0.388645 -0.408200 -0.398867
1.156200 -0.429935 0.933970 -0.366745 -0.972137
0.260616 -0.404153 0.625655 -0.089683 -0.008720
-0.703832 -1.045659 0.547532 -0.114433 0.056956
0.184858 0.570967 0.466900 0.128096 -0.545611
0.050449 -0.160186 1.065076 -0.298698 -0.221165
0.397397 -0.536015 0.216813 -0.512319 -1.039789
-0.094492 -0.443033 0.777875 -0.202648 0.341945
0.295774 -0.770207 -0.192065 -0.005933 0.448228
0.087476 -0.344361 -0.019608 0.015024 0.275748
0.003697 -0.558420 -0.133808 -0.054737 0.122550
0.904841 -0.325117 0.328584 -0.499790 -0.328633
0.113183 -0.799138 -0.407186 -0.069641 -0.369356
0.418308 0.116506 0.604065 0.242352 -0.330341
0.331177 -0.642736 0.831438 -0.951299 -0.971148
0.448413 -0.413574 0.181828 -0.080181 -1.089600
-0.179097 -0.569626 0.803538 -0.173511 -1.323131
0.558192 0.339379 0.744968 -0.872774 -0.358825
0.064446 -0.580366 0.425784 -1.049430 0.072277
-1.290237 0.290497 0.905532 0.006907 -0.862913
0.129142 -0.329446 0.025048 -0.250100 -0.596922
0.765532 -0.089508 0.833502 -0.319269 -0.562948
0.018649 -0.593526 0.474703 -0.127277 -0.547061
0.480290 -0.054363 0.235189 0.307556 -0.721355
-0.054251 -0.655043 0.754812 -1.083311 -0.035702
0.412804 -0.878075 0.329414 -0.168749 -0.302992
-0.144968 -0.642199 0.287424 -0.022598 -1.182686
-0.101818 -0.723492 0.948673 -0.379651 0.297412
0.104243 -0.378612 0.631647 -0.323872 -0.815674
0.183807 -1.065125 0.444035 -0.596186 -0.602939
0.076145 -0.841115 0.638628 -0.447127 -0.121070
-0.364849 -0.301594 0.619066 -0.783625 -0.323905
-0.515553 0.036260 0.690969 -0.983057 -0.612402
-0.043225 0.043187 0.710560 -0.487401 0.281348
0.560421 -0.668321 0.341415 -1.025419 -1.344925
0.416676 -0.277364 0.601713 0.157684 -1.128575
-0.180818 -0.864221 0.268895 -0.145345 -0.069736
-0.287437 -0.316832 -0.164828 -1.028076 -0.820536
-0.219574 -0.866639 0.704423 -0.126071 -0.369591
0.119392 -0.391943 0.725396 0.001390 0.312269
-0.745203 0.736326 0.610795 0.414997 0.015643
-0.434396 -0.184346 0.845315 -0.282757 -0.363852
0.236959 -0.594041 0.134484 -0.502127 -0.805095
0.475845 0.241348 1.194288 0.405961 -0.307564
0.087611 -0.156061 0.959347 -0.530205 -1.229314
0.113535 0.180319 0.152658 0.292682 0.028804
0.543599 -0.677948 0.577639 -0.216374 -0.986896
0.066310 -0.399387 0.097711 -0.280660 -0.693898
0.082278 -0.089100 0.267022 -0.573901 -0.063903
0.093721 -0.450100 -0.110649 -0.181122 -0.511102
-0.793162 -0.935962 0.594898 -0.225923 0.041454
-0.363867 -0.785247 0.229187 -0.288162 0.313424
-0.155712 -0.158144 0.853668 -0.062199 -0.071795
-0.014725 -0.556948 0.343823 -0.427208 -0.088555
0.323795 -0.437328 0.537169 -0.870285 -0.064639
-0.123264 -0.175922 0.990581 -1.030384 -0.192776
-0.872393 0.253543 0.957772 -0.647614 -0.329565
-0.242241 -0.239013 0.880446 0.048021 -0.405210
-0.017450 -0.175911 0.755116 -0.387242 -0.238790
-0.947352 0.235773 1.289903 -0.431671 -0.430481
-0.542728 -0.282083 -0.395542 -0.709437 -0.609483
0.440755 -1.146492 0.225067 -0.900511 -0.216360
0.278608 -0.788914 0.220179 -0.248798 -0.442336
0.261516 -1.034204 0.107658 -0.858320 -0.256503
0.491743 -1.117874 -0.071416 -1.063973 -0.166937
0.417930 -0.442864 -0.604369 -0.806750 -0.572807
0.612741 -0.764358 -0.248414 -1.186546 -0.273963
0.458626 -1.008395 -0.168195 -1.052753 -0.242537
0.154797 -0.684105 -0.395972 -0.693232 -0.169880
0.350008 -0.464416 -0.608066 -1.036117 -0.430608
-0.309647 -0.482302 -0.981417 -0.369158 -0.480785
0.265085 -0.563198 -0.554739 -0.594268 -0.176036
0.204012 -0.703280 -0.284854 -1.110138 -0.381079
0.440339 -0.784675 -0.434774 -0.882284 -0.231786
0.312355 -0.214402 -0.502665 -0.937924 -0.311919
0.232225 -0.491980 -0.454078 -1.151757 -0.330980
0.378509 -1.140232 0.096360 -0.729838 -0.204046
0.406321 -1.285012 0.062619 -1.046374 -0.041652
0.140600 -0.863306 -0.292148 -0.871171 -0.236695
0.303523 -0.862721 -0.159121 -0.902349 -0.339516
0.278416 -0.599486 -0.362230 -0.994110 -0.271039
0.296450 -0.530089 -0.543818 -0.914132 -0.375517
0.480473 -0.874189 -0.217903 -1.085952 -0.167246
0.022851 -0.605825 -0.417731 -0.934965 -0.210310
0.059640 -0.029742 -0.012736 -0.455480 -0.142312
0.157348 -0.655554 -0.561962 -0.850773 -0.384430
