-0.825555 0.718022 0.768917 -0.152871 -0.757664
-0.241935 -0.622597 0.505720 -0.017947 0.044532
-0.379320 0.180833 0.532940 -0.324664 0.062585
-0.290689 -0.356393 1.163972 -0.373943 -0.923030
-0.223715 -0.553439 0.643668 0.324467 -0.846894
-0.112032 -0.200422 0.655061 -0.404561 -1.210863
0.176953 -0.180447 -0.001371 -0.679429 1.150732
0.689617 -0.643531 -0.061076 -0.159649 -0.002806
0.925509 0.206639 0.687292 -0.912974 0.276344
-0.162661 -0.292356 0.725821 -0.211050 -0.764752
0.330910 -0.562918 0.140072 -0.731140 -0.418595
0.791074 -0.796988 0.224037 -0.624037 -0.462125
-0.323780 -0.622847 0.503069 -0.828586 -0.191621
0.205166 -0.170656 0.222332 -0.343737 -0.974431
0.487696 -0.330950 0.251997 -0.465131 -0.242948
-0.074600 0.074764 0.873670 -0.711936 0.173367
0.397039 -0.861817 0.817408 -1.033573 0.358070
0.603184 0.140898 0.913993 -0.898989 -0.125056
0.857208 -0.487324 0.557977 0.068902 -0.280742
0.510508 -0.793607 0.134013 -0.655186 0.004746
0.245652 -0.397372 0.622712 -0.783287 0.103641
0.718179 -0.847321 -0.043135 -0.762429 -0.145564
0.214622 -0.104565 0.341049 -0.090698 -0.520624
-1.004334 -0.469755 0.194030 -0.284706 0.427799
0.917196 -0.732664 0.710960 -0.397902 0.237692
0.539753 -0.624868 0.178194 -0.592557 -0.224347
0.582307 -0.570108 0.166542 -0.874991 -0.348557
0.590671 -0.185809 0.030940 -0.272746 -0.183697
0.103995 -0.250264 0.366576 -0.490711 -0.001537
0.083901 -0.662102 -0.100493 -0.209039 0.321481
0.111986 -0.581727 0.299961 -0.364172 0.020653
-0.096275 -0.296601 0.774525 -0.694752 -0.254150
0.928193 -0.782481 0.454519 -0.449260 -0.727261
-0.163641 -0.131907 0.933238 0.045319 -1.011845
-0.159937 -0.606460 0.522443 -0.469759 0.120408
0.087713 0.254964 0.865830 0.072628 -0.024509
1.044460 0.150748 0.018593 -0.347288 -0.043275
0.518948 -0.231990 0.468103 0.049273 -0.241633
0.401321 -0.577129 0.163503 -0.010221 -0.178874
-0.079057 0.127533 1.056627 0.108013 -1.003473
-0.150727 0.344434 0.849539 -0.060504 -0.678396
-0.454966 0.052208 0.596937 -0.289455 -0.454088
-0.214037 -1.099317 0.421135 -0.674747 -0.365185
-0.098823 -0.877537 0.329150 -0.053559 -0.452611
-0.263253 0.139054 0.933037 -0.369700 -0.059062
-0.079596 -0.333521 0.638358 -0.357294 -1.207461
0.687508 -1.190510 0.375895 -0.171937 -0.654387
-0.256003 -0.769870 -0.007009 -0.621692 -0.379982
0.482435 -0.877345 0.590071 -0.636365 -0.944626
0.216127 -0.699340 0.713173 -0.722474 0.017791
0.145847 -0.292821 0.349582 -0.407825 -0.463318
-0.173538 -0.687247 0.874594 -0.883372 -0.280377
0.206689 0.129472 0.551790 -0.122316 -0.113991
0.502241 -0.853629 0.400909 -0.009847 -0.369922
-0.277338 -0.120236 0.886663 -0.128276 -0.438375
-0.399046 0.193596 0.363689 -0.659243 -0.587291
-0.265534 -0.435025 0.037092 -0.410981 -0.581051
-0.045849 -0.227406 0.672383 -0.329736 -0.276589
-0.101497 0.193277 0.377377 -0.208205 -0.824221
-0.099007 0.203738 0.137699 0.305636 -0.643049
0.485625 -0.015857 -0.049661 -0.451904 -0.710322
-0.582953 -0.202326 0.948289 -0.443754 -0.387758
-0.440558 0.012847 1.085007 -0.295854 -0.019185
-0.186989 -1.046196 0.717076 0.193869 0.527749
0.295210 -0.326923 0.173677 -0.583458 -0.429874
0.665731 -0.857106 0.345159 -0.827681 -0.152292
0.339890 0.259369 0.767290 -0.407147 -0.393013
0.590550 -0.341591 1.566485 -0.063233 -0.689131
0.739009 -0.517047 0.410286 0.043488 0.001976
0.413339 -0.586568 -0.000047 -0.127027 -0.765149
-0.212706 -0.671845 0.638118 -0.440907 -0.199008
0.515732 -1.957918 -0.144522 0.099825 0.224926
0.015088 -0.631750 0.111649 0.149385 -0.587803
0.629179 -0.369961 0.589826 -0.052819 0.002699
0.601841 -1.038025 0.613295 -0.470405 -0.582011
0.700499 -0.798677 0.283651 -0.505833 -0.212628
0.397663 -0.638379 0.240216 -0.648205 -0.803678
0.088407 -0.138448 0.697322 -0.092279 0.024316
-0.176586 0.124182 0.835145 -0.371893 -0.521406
-0.062888 -0.736278 0.490801 -0.125652 0.157316
-0.041765 -0.529783 0.222870 0.089887 -0.365812
0.150188 -0.452369 -0.098458 0.407940 -0.028019
-0.241792 0.156185 0.545961 0.154588 -0.385807
-0.582028 -0.712350 0.135640 -0.080374 0.646408
-0.157699 -0.135617 0.652286 -0.101703 0.024565
-0.121395 -1.031342 0.073675 -0.110162 0.798380
-0.572179 -1.161029 0.040499 0.211806 0.366322
-0.835592 -0.399716 0.657807 -0.290902 -0.580800
-0.174176 -0.537543 0.337950 -0.603567 0.417028
-0.242792 -1.016982 0.169257 -0.652442 0.688670
0.416334 -0.992723 -0.031652 -0.593644 -0.058924
-0.720053 -0.317411 0.585288 -0.150190 -0.369638
0.038976 -1.234100 0.069971 -0.676332 -0.006538
-0.328820 -0.582711 0.218635 -0.011395 0.523482
-0.599345 0.065377 0.714557 0.019983 0.453146
-1.164458 -0.133634 0.486903 0.225670 0.036991
-0.460428 0.434860 0.212306 0.302992 -0.348022
-0.430087 -0.137797 0.968337 0.613524 -0.780465
-0.171188 -0.573504 0.262161 -0.225862 0.114349
-0.172035 -0.071155 1.005070 0.904806 -0.439392
0.490866 -0.969494 0.315708 -0.050146 -0.240544
-0.153614 -0.166733 0.148573 0.229458 -0.883498
-0.643522 -0.147115 0.445214 0.211687 -0.902759
-0.004676 -0.213131 0.367928 0.273076 -0.084435
0.277569 0.400034 0.559173 0.255788 -0.166965
0.418413 -0.558324 0.917660 0.020160 -0.753492
0.270140 -0.150649 0.727851 0.393884 -1.184519
0.235949 -0.128640 0.663801 -0.816554 -0.348052
0.336009 0.149794 0.804882 0.352097 -0.976007
-0.100179 -0.470819 0.084437 -0.056644 -0.389746
0.461462 -0.925275 0.584505 -0.891017 0.108921
-0.351611 0.302959 1.033998 0.671525 -1.166688
-0.344460 0.565246 0.381720 -0.680043 -0.757114
0.077866 -0.666964 0.066678 -0.075617 -0.648603
-0.594043 -0.252383 0.413188 -0.550386 -0.670845
-0.453916 -0.201000 0.814005 -0.517246 -0.120041
-0.708897 -0.376105 -0.015774 -0.196866 -0.984032
-0.218289 -0.209337 0.133352 0.443773 -0.414803
0.003730 -0.414628 1.325659 -0.905133 -0.673005
0.085617 -0.563638 0.458754 -0.771027 -0.023550
-0.699725 -0.191015 -0.164287 0.265642 0.193302
-0.622503 -0.285478 0.384376 0.183702 0.539537
0.642053 -0.111780 0.983137 -0.005830 -0.558189
0.097545 -0.796870 0.026158 -0.408789 -0.012528
-0.135310 -0.746305 0.219453 -0.423769 -0.425067
0.165599 -0.595812 -0.323749 -0.995868 -0.516478
0.486528 -0.353037 -0.531118 -1.120197 -0.616547
-0.258629 -0.951903 0.492635 -0.420899 -0.647744
0.061703 -0.597324 -0.293595 -0.930415 -0.297592
-0.233628 -0.827866 -0.322475 -0.731233 -0.130174
0.148890 -0.454616 -0.320416 -0.954245 -0.359123
0.478257 -1.084301 0.149345 -0.885770 -0.304910
0.459094 -0.893218 0.047916 -1.064944 -0.067861
0.274245 -0.513845 0.123339 -0.686326 -1.028971
0.331456 -0.643261 -0.378445 -1.053254 -0.241048
0.400648 -0.476085 -0.618037 -1.025211 -0.270217
0.241371 -0.913839 -0.256076 -0.973253 -0.224841
