-0.780847 -0.971659 0.335912 -0.042881 -0.620012
0.346871 -0.669534 0.304320 -0.216408 -0.985000
1.194681 -0.381414 0.468907 -0.087510 -0.734960
0.361251 -0.055884 1.047724 -0.159496 0.225890
0.326507 -0.235918 0.441461 -0.174288 -0.490719
0.393918 -0.267202 -0.007338 0.423625 -0.207684
0.237180 -0.347889 0.125292 -0.389956 0.544166
0.059547 -0.102542 0.097489 -1.147388 -0.690603
-0.227504 -0.234197 0.028113 -0.694523 -0.580616
0.319400 -1.242844 0.697078 -0.578751 -0.261079
0.819635 -0.351349 0.067627 -0.913777 -1.049849
0.493911 -0.327989 0.648297 -0.882762 -0.240517
0.203946 -0.979790 0.448576 -0.306313 0.057378
0.625404 -0.610997 -0.220757 -0.839868 -0.263754
0.398029 -0.550230 0.339347 -1.007457 -0.795363
0.051310 -0.040085 1.009545 -0.207185 -0.220922
-0.152361 -0.918081 0.553384 -0.570300 0.260975
0.430419 -0.446369 0.512883 -0.768473 -0.915974
0.692744 -0.565845 0.654295 -0.320758 -0.784897
0.272570 0.507970 0.824950 -0.040749 -0.106728
0.057218 -0.034738 0.587913 -0.444126 0.038938
0.725185 0.434497 0.518754 0.311351 -0.077383
0.821021 -0.462313 0.241306 -0.350689 -0.957652
0.318935 -0.258237 0.565597 -0.189531 -0.067904
0.072256 -0.230270 0.590626 -0.899548 -0.105273
0.956475 -0.109615 0.045576 -0.498421 -0.648762
0.753061 -0.825064 -0.259908 -0.790180 0.874762
-0.058506 0.018342 0.340130 -0.831517 0.362727
0.479121 -0.678847 0.238596 -0.593333 -0.306252
-0.788273 -0.742103 0.080164 -0.408267 -0.085643
-0.487474 -0.327465 0.397803 -0.448711 -0.345518
0.556520 -0.653544 0.682704 -0.646271 0.269185
0.574727 -0.789639 0.434891 -1.276406 0.750516
0.496950 -0.835264 0.645455 -0.521120 0.550504
0.354802 -0.690057 0.524681 -0.373341 0.558148
-0.602944 -0.621830 0.962409 0.461021 -0.751414
0.631119 -0.455414 0.697099 -0.728903 0.077949
0.063148 0.217143 0.581005 -0.158760 0.062227
-0.529991 0.828172 0.357343 0.655999 -0.521924
-0.188176 0.068402 0.519067 -0.029454 -0.623105
0.297229 0.412741 0.089871 -0.416701 -0.159401
0.174898 0.002908 0.392349 -1.295202 0.511094
0.077753 -0.066831 0.113548 0.675469 -1.050466
-0.726891 0.203956 0.502962 -0.358297 -0.183794
0.305562 0.284324 1.302447 -0.944399 -1.006834
0.443573 0.410996 0.368190 -0.474752 0.584800
0.488539 -0.310918 -0.005301 0.299366 0.338338
0.178063 0.066865 0.957449 0.104691 -0.079083
-0.219639 -0.881935 0.515162 -0.352163 -0.796781
0.493139 -0.940656 0.427891 -0.162751 -0.754676
0.929297 -0.531065 0.464197 -0.126965 -0.578129
0.360139 -0.700721 0.772063 -0.210775 -0.190613
-0.094100 -0.482155 0.091959 -0.793403 -0.527490
0.251974 -0.443313 0.176198 -0.379910 -0.290597
0.869243 -0.910092 0.650268 -0.555088 -0.012313
-0.020331 -0.925452 0.076724 -0.901065 -0.540773
0.670144 -0.553623 0.172477 -0.881099 -0.390214
-0.452227 -0.457400 0.316234 0.022925 -0.439542
0.921803 -0.623811 0.304802 -0.518497 -0.240815
0.530520 -0.218083 0.439833 -0.466062 -0.264527
-0.023199 -0.274519 0.972941 -0.079390 -0.421993
-0.602993 -0.272009 1.224046 -0.521102 -0.867974
-0.502819 0.027039 1.044932 -0.473707 -0.694330
-0.503043 -0.332329 0.883121 -1.200047 0.085659
-0.148017 -0.596348 0.456908 -0.390826 -0.555522
0.463175 -0.241721 0.225668 -0.498487 -0.537768
-0.092363 0.364855 0.421551 0.090599 -0.463308
0.323647 -0.130343 0.015915 -0.411724 0.030630
-0.220544 -0.154122 -0.158107 -0.248814 -0.811904
0.216970 -0.248684 0.010488 0.300135 -0.357287
0.220312 0.423279 -0.009759 -0.606275 -0.205800
0.464418 -0.149567 0.191816 -1.285592 0.051727
0.278037 -0.942178 0.458939 -0.424929 -0.066611
-0.662043 -1.351209 0.214557 0.016916 0.092118
-1.010417 -0.276864 0.751447 -0.979109 -0.294565
-0.107102 -0.006703 0.466828 -1.169848 0.323164
-0.418642 -0.452517 0.647923 0.016223 0.009060
-0.189115 -1.173109 -0.319550 -0.331200 0.234210
0.094138 -0.251206 0.420945 -0.078408 -0.064927
-0.607270 -0.501848 0.744841 -0.264923 0.309752
-0.207158 -0.413384 -0.148810 -0.263749 -0.211793
-0.043968 -0.246989 0.571205 -0.114324 -0.421425
-0.377193 -0.672197 0.050087 -0.289869 -0.119392
0.024386 -0.534445 0.559544 -0.576674 -0.458056
-0.080293 -0.649286 0.430323 -0.395883 -0.637013
0.867141 0.267517 0.224405 -0.298541 -1.191508
-1.172734 0.206310 0.920161 0.102428 -0.669716
-0.112340 -0.183020 0.675498 -0.389559 -0.504291
-1.825037 -0.239595 0.264793 0.248027 0.200673
0.488539 -0.310918 -0.005301 0.299366 0.338338
0.462499 -0.696449 0.314913 0.300703 -0.432975
-0.886152 0.033733 0.505660 -0.302921 -1.356792
-0.391559 -0.921511 -0.051002 0.276101 -0.738829
-0.074839 -0.142577 0.611968 0.045451 -0.644734
-0.517048 -0.717466 0.276349 0.157992 0.412381
-0.260265 -0.624764 0.049403 -0.192003 0.399472
0.001551 0.227512 0.481050 -0.442693 0.247211
0.139755 0.040294 0.203689 -0.926819 -0.225702
0.821379 -0.030894 0.071027 -0.229783 -0.587524
0.562904 0.230165 0.846123 0.171252 -0.489896
-0.869107 0.149292 -0.112263 -0.427190 0.401684
-1.261805 -0.887435 0.189255 0.115082 -0.012873
0.213530 -0.597721 0.572094 -0.397686 0.332188
-0.325619 -0.480326 0.172964 -0.382092 -0.222611
0.301322 -1.125712 0.016657 -0.808038 0.067863
0.198789 -0.108321 -0.226794 -0.620401 -0.438486
0.634125 -1.115365 -0.018197 -0.977370 0.144005
0.250992 -1.305586 0.030208 -0.819669 -0.310704
0.576021 -0.752697 -0.086560 -1.294508 -0.290218
0.439932 -0.908757 -0.234003 -0.983609 -0.166280
0.154376 -0.779094 -0.281110 -0.967971 -0.365686
0.200766 -1.001083 -0.231185 -0.858920 -0.097263
0.164914 -0.639074 -0.373530 -0.951463 -0.355203
0.280966 -0.982164 0.053642 -0.881790 -0.197016
0.223128 -0.942816 -0.094571 -1.078204 -0.156591
0.468242 -1.339133 -0.062749 -0.866635 -0.211936
0.342639 -0.813802 0.607795 -1.242894 -0.214078
0.122220 -0.757068 0.576214 -0.625188 -0.197439
0.387642 -1.431229 0.145405 -0.947011 0.133871
0.115428 0.071396 0.162789 -1.072415 -0.217727
0.835725 -0.286266 -0.346209 -0.809667 -0.584994
-0.075358 -0.737126 -0.074710 -0.804102 -0.440126
0.390361 -0.607376 -0.276060 -0.974370 -0.531463
0.122615 -0.564491 -0.477289 -0.991453 0.060308
0.413495 -0.571082 -0.280653 -1.181045 0.008414
0.522535 -0.975077 -0.077503 -0.979707 -0.000880
0.323338 -1.019887 -0.338849 -0.911289 0.135334
0.272122 -0.379832 -0.603766 -0.694057 -0.913224
0.310419 -0.875296 -0.385806 -0.881038 -0.227987
0.492621 -1.182311 0.085682 -0.973708 0.167898
0.399720 -0.701085 -0.412371 -0.978923 -0.433741
0.446095 -0.827943 -0.143404 -1.093079 -0.387079
-0.202658 -0.829802 -0.160462 -0.631809 -0.276486
0.560709 -1.030322 0.018041 -1.045672 0.024699
0.474441 -0.901533 0.314815 -0.974114 -0.154246
