-0.528446 -0.090652 0.908351 -0.218092 -0.093796
0.567816 -0.718617 0.803354 -0.326789 -0.227246
0.697357 -0.035411 0.167747 -0.606417 -0.318746
-0.232295 -0.236245 0.831804 0.094819 -0.816885
-1.254232 -0.041680 -0.457825 0.488771 -0.657044
0.005824 -0.478484 -0.051140 0.299037 -0.593423
-0.093118 -0.992337 0.611573 -0.244696 0.061009
-0.892465 -0.372547 0.581324 -0.166689 -1.001012
-0.168791 -1.002180 0.509443 -0.129304 0.350997
0.746565 -1.335153 0.393084 -0.645694 0.082972
0.291902 -0.609828 0.200746 -0.315114 0.000418
-0.165578 0.674600 0.724824 0.007950 -0.728520
0.109516 0.168444 0.038819 0.075984 -0.612942
-0.326051 -0.005884 0.494410 -0.035407 -0.384387
0.629544 -0.976682 0.084604 -0.486777 0.432768
0.021701 -0.706543 0.074451 -0.338425 0.748031
-0.615056 -0.039288 0.744214 -0.442246 0.051510
-0.291983 0.337335 0.676765 -0.852047 -0.840547
0.650232 -0.633558 0.854603 -0.411824 -0.287843
0.259606 -0.433387 0.542175 0.071358 -0.387702
0.093444 0.555800 0.154823 0.409215 -0.472277
-0.307730 -0.447840 0.387799 -0.098861 -0.342178
0.003817 -0.394206 0.210039 -0.186438 -0.259941
-1.261055 -0.548394 0.304639 -0.338771 -1.328277
0.987541 0.471792 0.589203 0.211659 -0.705170
-0.991681 -0.913224 1.019545 0.061037 -0.488701
-0.140152 0.228187 0.339274 -0.515519 0.364345
-0.318529 -0.770713 -0.069666 -0.122635 0.685944
-0.223303 -0.827287 0.719272 -0.355111 -0.061268
-1.336372 -0.195083 0.609489 0.336951 0.416373
-1.353519 -0.495361 0.520968 0.104794 -0.411098
-0.478047 -0.367639 0.939204 -0.052832 -0.283994
-0.798921 -0.125755 0.849213 -0.291524 -0.479028
-0.233460 -1.280913 0.378077 -0.269193 -0.327267
0.672401 -0.171445 0.863779 -0.165790 -0.170565
0.410460 -0.768816 0.775244 -0.276164 -0.232765
0.375188 -0.299087 0.073769 -0.399168 0.500033
-0.648267 -0.158597 0.801373 -0.579563 0.197827
-0.504860 -0.902603 -0.142150 0.028285 0.174119
-0.120983 0.053938 0.898515 -1.137714 -0.211617
1.099776 -0.322112 0.573287 -0.039691 -0.459735
0.896546 -0.791410 1.014087 0.072750 -0.246567
0.109973 -0.096201 0.841722 -1.044836 0.257410
0.860521 -0.534016 0.009474 -0.867044 -0.176356
1.325593 -0.816736 -0.044572 -0.742174 -0.325213
0.356272 0.049619 0.282112 -0.354393 0.069922
0.592650 -0.825928 0.170801 -0.446244 -0.200553
-0.342393 -0.337462 0.226852 0.295914 -0.567864
0.163323 -0.449046 1.043970 -0.310407 -0.555790
-0.182346 -0.000014 0.717046 0.145937 -0.728939
0.388827 -0.742775 -0.027619 -0.475617 -0.392968
-0.237310 -0.673926 0.196619 -0.040844 -0.456987
0.622839 -0.701333 0.165114 -0.363387 -0.062700
0.114452 -0.350841 0.682915 -0.575054 -0.059759
0.374252 -0.154584 0.688233 -0.139566 -0.206302
0.052900 -0.096074 0.609832 -1.012310 -0.100392
0.272539 0.010917 0.475482 -0.566864 0.701699
0.702269 -0.275120 0.673818 -0.736788 -0.596215
0.246044 0.432776 0.331979 -0.051054 -0.209203
0.167576 -0.628172 -0.115247 -0.914031 -0.795476
-0.031668 -0.720662 -0.151754 -0.560415 0.561662
1.207872 -1.295976 0.480873 -0.648959 -0.477667
0.188610 0.080512 0.157372 -0.149304 -0.573397
-0.456947 0.572795 0.235932 0.693429 -0.363970
-0.548327 0.302530 1.076548 -0.175346 0.685439
-0.193282 -0.133515 0.505301 -0.208827 -0.443511
-0.428695 -0.982128 -0.199315 0.380532 0.363608
0.470764 -0.543229 0.225906 -0.713501 -0.690774
0.300552 -0.374895 0.454157 -0.484063 0.355219
-0.230431 -0.066417 0.809562 -0.714928 -0.146241
0.418574 -0.433625 0.295581 0.022788 -0.145575
0.270266 -0.123052 0.085702 -0.721419 -0.765029
-0.706847 0.521681 -0.450139 0.090376 -0.059435
0.213514 -0.703251 0.322155 -0.475920 0.184684
-0.043979 -0.142401 0.781570 -0.779458 -0.834405
0.301555 -0.269620 0.810655 -0.504721 -0.407275
0.246139 -0.380683 0.369569 -0.805222 -0.016722
0.109286 0.058798 0.204313 -0.723661 0.007980
0.705032 -0.271949 0.372843 -0.678045 -0.137808
-0.186784 -0.685941 0.443214 -1.148415 -0.504158
0.165229 -0.542480 -0.404795 -1.021614 -0.468769
0.554340 -0.980504 0.141012 -1.065152 0.463313
0.328160 -0.727545 -0.196503 -0.462213 -0.554369
0.315128 -0.950422 -0.369769 -0.829362 -0.488183
0.435885 -0.588187 -0.441228 -1.079986 -0.442412
0.351451 -0.577056 -0.787382 -0.892885 -0.405945
0.312113 -0.743534 -0.464759 -0.883412 -0.466238
0.372077 -1.311878 0.135549 -1.001008 0.007380
0.612068 -0.720316 -0.558546 -0.979476 -0.432921
0.347124 -0.612617 -0.599348 -0.942480 -0.322764
0.405668 -0.774031 -0.036551 -1.079331 -0.105095
0.275755 -0.664497 -0.472153 -0.911524 -0.315087
0.462084 -0.638263 -0.386925 -1.050093 -0.117569
0.205288 -0.654795 -0.229956 -1.051807 -0.287053
-0.174737 -0.198944 -0.159593 -0.903359 -0.324157
0.312981 -0.633229 -0.421002 -0.942317 -0.327191
0.418707 -0.487119 -0.572180 -1.004566 -0.211104
0.280515 -0.603368 -0.421382 -1.011896 -0.414784
0.282572 -0.452377 -0.344861 -1.088676 0.012562
0.359341 -0.595476 -0.326605 -1.193171 0.085279
0.485921 -0.436112 -0.248894 -1.042989 0.164334
0.409383 -0.517940 -0.324102 -1.158409 0.252394
0.369728 -0.593214 -0.264482 -1.150281 0.059620
-0.335118 0.108167 -0.048452 -0.680801 -0.552783
0.478085 -1.067563 -0.063457 -1.047503 0.133066
0.327208 -0.771480 -0.354588 -0.932712 -0.384768
