-0.127446 -0.049661 0.330780 -0.591794 -1.108148
0.673906 -0.222728 1.086121 -0.480376 -0.333063
0.365718 -0.796048 0.501742 -0.506907 0.026233
0.257223 -0.801317 0.049885 -0.118136 0.133069
0.266597 -0.408952 0.209211 -0.867899 -0.836359
-0.608935 -0.858128 0.423456 -0.121766 -0.670485
-0.068833 0.126468 1.227760 -0.477197 -0.106275
-0.209232 0.352950 0.231889 -0.983772 0.179686
0.331743 -0.883536 0.494288 -0.279903 -0.484932
0.573406 0.316362 0.140764 0.594062 -0.716019
-0.532108 -0.807438 -0.092085 0.083747 1.257931
-0.058105 0.528615 -0.781867 0.012703 -0.627601
-0.258043 -0.585951 0.395215 -0.095186 0.145859
-0.350063 -0.323647 0.555235 -0.809900 -0.826906
0.313328 -0.299290 -0.194691 -0.418195 0.633209
0.681701 0.851799 0.631833 0.031885 0.341279
0.805630 -0.421860 0.262445 -0.334670 -0.236078
0.011849 -0.934205 0.619745 -0.904892 -0.573397
-0.732387 0.091989 1.073425 -0.506651 -0.529845
-0.233208 0.019084 0.647224 -0.497598 -0.722173
0.310750 -0.662977 0.516303 -0.953146 -0.308804
0.359656 -0.466119 0.522478 -0.039969 -0.413126
1.053126 -0.919900 1.078248 -0.518312 -0.266622
0.791938 -0.603019 0.639499 -1.095245 -0.399156
0.164015 -0.727739 0.072285 -0.834580 -0.946818
1.160233 -0.504882 0.056447 -0.099514 0.370561
0.304743 -0.288236 0.017734 -0.414928 0.145956
0.332587 -0.513061 0.084377 -0.578500 -0.258343
0.334255 -0.316881 -0.032716 -0.353160 -0.767724
0.870004 -0.789565 0.337395 -0.555238 0.489858
0.312414 -0.606524 0.625604 -0.458482 -0.492329
0.574835 -0.912469 0.216600 -0.801284 0.010989
0.242769 0.119691 0.607387 0.322155 -1.015721
0.434971 0.138833 0.182815 -0.722946 0.576621
0.654111 -0.419165 0.353097 -1.009176 -0.120629
0.208641 -0.346232 0.279087 -0.997254 -0.210165
-0.674245 -0.834615 -0.005280 -0.280338 -0.670089
0.560700 -0.882544 0.635767 0.102616 -0.319973
1.362262 0.148742 0.645111 -0.718248 0.269856
-0.398412 -0.772052 -0.283049 0.075240 -0.574935
-0.486138 -0.049851 0.930707 -0.706603 -0.192022
-0.044770 -1.042405 0.401722 -0.203421 -0.411741
-0.214930 -0.893425 0.415021 -0.667435 -0.859899
0.484056 -0.349164 0.658840 -0.468310 -0.039584
0.423008 -0.252109 1.001278 -1.007402 -0.703644
0.385120 0.033886 0.864123 -0.550457 -0.551520
-0.056076 -0.550721 0.251864 -0.929320 -0.741206
0.744276 -1.020835 0.307455 -0.348273 -0.345042
-0.148464 -0.023870 0.622727 -0.453217 -0.325875
-0.028614 -0.039406 0.634922 -1.195816 -0.423487
-0.207763 -0.379663 0.663583 -0.841872 -0.489478
-0.156701 -0.204640 0.004475 -1.162821 -0.319139
-0.094211 -0.329316 0.327341 -1.108118 -0.447799
-0.350109 -0.589212 0.273627 -0.811919 -0.734974
-0.506732 -0.876114 0.042838 -0.271824 1.318924
0.386993 -0.912715 0.113476 -1.228332 -0.073174
0.201039 -0.805592 0.218971 -0.232159 0.867308
0.590388 -0.152812 -0.457319 -0.770985 0.436233
0.768432 -0.479612 0.777530 -0.535348 -0.316620
-0.334630 -0.213717 0.823164 -0.423639 0.002364
-0.408694 -0.707571 0.498878 -0.352056 0.153255
-0.252296 -0.411938 0.398944 -0.843851 0.008990
0.091163 -0.360969 0.634325 -0.226372 -1.026650
-0.367645 -0.424460 1.207462 0.094851 -0.568268
0.065540 -0.700936 1.131990 -0.150552 0.276210
-0.229878 -0.972246 0.856367 0.065451 0.513906
-0.287880 -0.343737 0.196572 -0.234700 -0.359384
-0.591753 -0.323287 0.763399 -0.141013 -0.562375
-0.617112 -0.079775 -0.273110 0.207714 0.379055
0.177426 -0.295002 0.402018 -0.040189 -0.430725
0.984454 -0.460300 0.410566 -0.458825 -0.487310
-0.282640 -0.819878 -0.072203 0.338438 0.106533
0.108691 0.567654 0.887838 0.182553 -1.155261
0.155443 -0.544777 -0.132856 -0.064834 -0.642336
-0.087195 0.542937 0.623491 0.276506 -0.393073
0.150939 -0.815512 0.380988 0.008334 -0.507019
0.055977 -0.602170 0.415579 0.026138 -1.248867
-0.255009 -0.691785 0.841685 -0.656430 -0.259973
0.525805 -0.773444 0.736211 -0.009119 -0.143392
0.044693 -0.115055 1.153701 -0.475397 -0.546584
-0.091032 -0.436636 0.049382 -0.146248 -0.351536
0.315629 -0.594681 0.526596 -0.189929 0.390317
-0.454945 -1.060603 0.739971 -0.312631 0.388986
-0.476035 0.364668 1.243809 0.378690 -0.476839
-0.346465 0.353267 0.603959 -0.457342 -1.063479
-0.453195 -0.638118 0.892609 -0.664968 -0.148207
0.444826 -0.303101 0.459586 0.376244 -0.524209
0.083167 -1.008521 1.139661 -0.176592 -0.123533
0.858473 0.173625 0.563385 -0.352733 -0.025052
-0.546282 -0.181386 0.707884 -0.772518 -0.891640
-0.067301 -0.694475 0.742577 -1.116361 -0.723525
0.688546 0.337557 0.817121 -0.057307 -0.291790
-0.091262 0.302296 -0.131971 -1.123018 -0.764783
-0.599949 -0.190441 0.443535 0.437300 -1.123675
0.593906 0.067703 0.526192 -0.598970 -0.418546
0.131444 -0.484352 0.642491 -0.212614 -0.862979
0.395651 -0.212140 -0.742456 -0.068719 -0.180939
-0.194836 -0.096729 1.036873 -0.385592 0.149458
-0.012432 -1.158502 0.192130 -0.536104 0.069026
0.158566 -0.909299 -0.249526 -0.358980 -0.213592
-0.083108 -0.243026 0.342598 -0.857894 -0.033279
-0.185436 -0.695209 0.029426 0.315532 -0.771969
0.005600 -0.378183 0.826125 -0.876244 -0.462891
0.922949 -0.493798 0.083532 -0.651359 -0.588272
-0.222553 -0.268350 0.171458 -0.604759 -1.294206
0.193813 -0.541098 0.081733 -1.250873 -0.399482
-0.207682 0.396627 -0.393569 -0.992566 -0.384266
0.360188 -1.035071 0.080425 -1.031668 0.159772
0.090410 -0.701930 -0.221686 -0.928433 -0.535770
0.495679 -1.005563 0.063921 -1.004064 -0.105826
0.507194 -0.960426 -0.182701 -1.065797 -0.047530
0.116108 -0.624415 -0.282908 -0.938217 -0.470477
0.046168 -0.680750 0.320513 -1.047846 0.002807
0.267521 -0.609447 -0.404436 -0.982853 -0.442467
0.120974 -0.758819 -0.194425 -0.821039 -0.404835
0.466653 -1.222050 0.127164 -1.197610 -0.240433
0.472323 -1.070631 -0.171483 -1.052099 -0.217277
0.494408 -0.485927 -0.459359 -0.758633 -0.515627
0.337828 -0.559196 -0.084859 -1.130254 -0.562292
0.489429 -1.099685 -0.166443 -0.763318 -0.495344
0.306186 -0.945546 0.094164 -0.931817 0.001377
0.390171 -1.021631 -0.416238 -0.728628 -0.240614
-0.143036 -0.479743 0.501140 -0.334089 -0.448422
0.160995 -0.300334 -0.665071 -0.777954 -0.276775
0.422624 -1.013931 -0.089433 -0.893523 0.026088
0.141751 0.042025 0.917844 -0.015259 -0.498920
-0.241387 -0.669129 -0.092769 -0.563277 -0.637591
0.449336 -0.967862 0.021056 -1.123727 -0.212097
