-0.671627 -0.443619 0.414133 0.071971 -0.239740
0.812071 -0.852303 -0.234975 -0.316093 -0.010485
0.009542 0.171534 0.520121 0.660674 0.497382
-0.400342 0.301319 0.972477 -0.403895 -0.439770
0.657675 -0.488393 0.278837 -0.595586 -0.716186
0.168109 -0.532274 0.569144 0.617460 -0.083433
0.766290 0.050773 -0.341551 -0.242571 -0.440785
1.229764 0.150097 0.683833 -0.008725 -1.383563
0.197690 0.393281 0.724820 0.032989 -0.382386
0.158452 -0.839675 0.504536 -0.213043 -0.446899
0.210333 -0.863899 0.302895 -0.649005 -0.186439
0.657170 -0.283495 0.118754 -0.768118 -0.371814
-1.384795 -0.059161 1.065990 0.368275 -0.516768
0.573859 -0.010354 0.541781 -0.822263 -0.430072
0.437793 -0.415228 0.588903 -0.438961 -0.552793
0.078498 -0.716750 0.719905 0.308526 -0.870591
0.495242 -0.784488 0.226451 -1.105519 -0.493246
-0.196176 0.285837 0.379811 -0.567481 0.764306
0.669126 -0.694319 0.313107 -0.661234 0.372406
0.439714 -0.556343 0.593808 -0.329354 -0.266144
-0.217750 -0.078156 0.244149 -0.389475 -0.789167
-0.234280 -0.440768 0.465450 -1.074805 0.084426
-0.226067 -0.597202 0.569076 -0.430254 -0.575009
1.001671 -0.870610 0.295749 -0.587323 -0.212363
0.746918 -0.345551 0.205233 -0.664604 -0.745495
0.282178 -0.274193 0.579321 -0.229624 0.266105
0.237350 -0.876830 -0.020348 -0.454527 -0.668271
0.564528 -0.586280 0.454592 -0.377003 -0.281459
0.646894 -0.468796 0.272060 -0.612436 -0.193443
-0.060030 0.209738 0.728313 -0.712467 -0.126700
0.090839 -0.531120 0.459558 -0.836032 -0.658548
-0.179799 -0.402737 0.138104 -0.412490 0.114715
0.659242 -0.731295 0.485801 -0.321573 -0.332215
-0.708742 -0.842544 0.675293 0.029771 -0.526951
-0.340028 -0.646859 0.534279 0.119812 0.842395
0.304690 -0.792989 0.779027 -0.342021 0.178633
-0.192373 -0.210709 0.755613 0.273265 -0.193131
-0.188857 -1.001090 0.788689 -0.423642 -0.092049
0.435613 -0.323315 0.383872 -0.586532 -0.207589
0.910847 -0.567227 0.390476 -0.942536 -0.062179
-0.759555 -0.585974 0.999327 -0.610738 -0.075973
-0.737629 -0.828994 0.492302 -0.470911 -0.124133
-0.349541 -0.175698 0.285754 -0.155015 0.082605
-0.373647 -1.069342 1.109017 -0.382761 -0.227517
-0.226116 -1.083376 0.631757 -0.486184 -0.457406
0.059893 -1.104707 0.573425 -0.526328 0.045345
-0.203272 -0.384490 0.393219 -0.289038 -0.702959
-0.065792 -0.420756 0.347766 0.099944 -0.364858
-0.539818 -0.611390 0.008912 0.215408 -0.011943
0.001503 -0.723988 0.402351 -0.148129 -0.194597
0.336794 -0.533819 0.790125 -0.899726 -0.423536
0.339297 -1.140045 0.105955 -0.389553 -0.004882
-0.325318 -0.198030 -0.065446 -0.312352 0.429530
-0.091833 -0.573132 0.334337 -0.321875 -0.249099
0.080089 0.639420 0.855402 0.580022 0.723052
0.264958 -0.696819 0.534360 -0.295498 -1.107429
0.365195 0.333359 0.708943 0.133870 0.047828
-0.034142 -0.407226 0.926056 -0.068718 -0.507529
0.199160 -0.146515 1.069669 0.220844 -0.588745
0.032005 -0.028030 0.101271 0.030658 0.315320
-0.400342 0.301319 0.972477 -0.403895 -0.439770
0.061207 0.202544 0.953810 -0.372069 -0.175497
0.068543 -0.099741 1.415433 0.292815 -0.669054
0.661954 -0.148348 0.675460 0.223301 -0.761660
-0.140181 -0.488586 0.611347 0.204789 0.025095
-0.227602 -0.043589 1.098361 -0.126182 -0.279002
0.252029 -0.420468 0.805650 -0.219445 -0.600574
0.557610 -0.863438 -0.064559 -0.243888 -0.147393
0.452998 -0.304162 0.223391 -0.292526 0.151956
0.378869 -0.265347 0.926246 -0.178824 -0.706428
0.481678 -0.418737 0.100570 0.418984 -0.527018
-0.026793 -0.752819 0.413962 0.046819 0.267028
-0.196720 -0.242519 0.425958 -0.019364 -0.883279
-0.325036 -0.490721 1.010076 0.497705 0.264856
0.010533 -0.105259 0.902395 -0.221647 -0.917231
-0.506946 -0.456960 0.452425 -0.434365 -0.388679
0.454110 -0.269189 0.254475 0.152599 -0.761310
-1.085781 -0.808572 0.578969 0.192480 -0.013954
-0.111170 -0.420864 0.719842 -0.168258 0.354746
-0.037065 -0.088556 -0.381173 0.061814 -0.674974
-0.197186 -0.633643 1.290047 0.209009 0.002695
0.788014 -0.009626 0.125520 -0.415661 -0.859654
0.120120 -0.596506 1.139805 0.026904 -0.305822
0.137629 -0.913608 -0.113027 -0.105103 -0.225398
0.621148 -0.436711 0.400430 -0.548243 0.349388
0.408554 -0.675354 0.030532 0.031029 0.211076
0.272405 0.324890 0.835851 -0.137239 -0.769565
0.107955 -0.792173 0.589508 -0.167954 -0.030625
-0.078798 -0.139707 0.931871 0.294650 -0.697330
-0.582939 -0.110329 1.036254 -0.660144 -0.239607
0.170934 -0.300621 -0.014251 -0.260102 -0.077986
-1.245037 -0.653368 0.215009 0.372165 0.595705
-1.331484 -1.170794 0.078372 -0.009643 0.730772
-1.474447 -0.077771 0.432164 0.598023 -0.162005
1.030674 0.099731 0.833562 -0.347182 -0.195912
0.210643 -0.512528 0.412592 -0.604866 -0.156951
-0.433779 -0.643150 0.895816 0.471943 -0.304758
0.084661 -0.094734 0.347476 -1.157343 -1.038088
0.766290 0.050773 -0.341551 -0.242571 -0.440785
0.557610 -0.863438 -0.064559 -0.243888 -0.147393
0.674992 -0.775577 0.911586 -0.431227 -0.366062
0.346408 0.204162 -0.148728 -0.477971 -0.131246
0.880472 -0.519415 0.309736 -0.475867 0.041006
0.466685 -0.704392 0.304600 -0.116672 -0.774803
-0.626035 -0.532657 0.186456 -0.022187 0.588883
0.243710 -0.390590 -0.431901 -0.137583 -0.666131
0.160655 -0.473855 0.636132 -0.234475 -0.376491
-0.034436 -0.701959 0.447328 -0.340392 -0.005291
0.185377 -0.429899 0.065297 -0.911864 0.096260
0.166905 -0.319627 0.059229 -1.519103 0.342423
0.854403 -0.662427 0.557517 0.079978 -0.867440
0.009440 -0.623430 0.641514 -0.022203 -0.798085
-1.050248 0.200126 0.248276 -0.453279 0.299294
-0.753424 -0.481455 0.069656 -0.748663 -0.514309
-0.347773 -0.337280 0.353691 -0.781770 0.125185
-0.273206 -0.316582 0.122706 -0.190412 -0.370787
-1.013320 -0.204350 0.842895 -0.065747 0.044746
0.407787 -0.517270 -0.513502 -0.483069 -0.513289
0.159664 -0.216602 -0.974933 -0.752769 -0.222276
0.237747 -0.185574 0.696453 -0.168037 -0.579220
0.461708 -0.998305 -0.024522 -0.756750 -0.544159
0.408400 -1.100753 -0.118492 -0.909787 -0.308203
0.482248 -0.986835 -0.037492 -1.111491 -0.191660
0.470772 -1.056617 0.036222 -1.199621 0.062335
0.198957 -0.847519 0.145364 -1.081140 -0.374600
0.564794 -1.252169 0.050717 -1.078573 0.233360
0.539147 -1.089205 -0.098166 -0.980948 -0.272832
0.451672 -1.026786 -0.208413 -0.927848 -0.236447
0.156987 -1.066755 -0.132122 -0.872205 -0.217291
0.354004 -0.726740 -0.424321 -1.004276 -0.205891
0.498982 -0.664856 0.103186 -0.897325 -0.465985
0.195349 -0.778748 -0.300946 -1.021324 -0.239565
0.221334 -0.869555 -0.384858 -0.924245 -0.317235
0.353406 -0.985727 -0.155521 -0.919392 -0.374802
