-0.070062 -0.363382 1.116175 -0.420358 -0.142507
0.153526 -0.234891 -0.348446 -0.077372 -0.528249
-0.532157 -0.139906 0.791555 -0.326076 -0.539561
-0.490168 -0.121877 0.688825 -0.290098 -0.607653
-0.088515 -0.696238 0.285433 -0.293665 -0.349550
0.327745 -0.894766 0.741924 -0.309802 0.575011
0.350429 -1.206880 0.704604 -0.810105 -0.405158
0.644732 -0.518411 0.260587 -0.509664 -0.249526
-0.003641 -0.560845 0.501072 0.205503 -0.467122
-0.424595 -0.190098 0.671834 0.221401 -0.527192
0.454081 -0.962766 -0.788405 -0.101191 0.550218
0.540942 -0.317098 0.092907 -0.604718 -0.102064
0.217410 -0.441582 -0.095317 -0.542392 -0.227107
0.060513 -1.004660 0.750035 -0.459890 -0.842123
0.160327 -0.460043 0.455178 -1.075394 -0.233948
-0.388017 0.012219 0.463146 0.170473 -0.509923
0.976204 -0.169436 0.169322 -0.489691 -0.458161
0.445878 -0.885738 0.158069 -1.160763 0.123067
0.655135 -0.135980 0.010617 -0.671370 -0.230115
-0.144376 -0.703181 0.052337 -0.439400 0.342495
-0.633390 -0.132745 0.391703 0.194591 0.118541
-0.168641 -0.761446 1.305762 -0.362610 -0.163911
0.790770 -0.564133 0.180327 -0.955733 -0.162531
-0.061278 0.222444 0.981262 -1.311826 -0.247138
0.886676 -0.401182 -0.283273 0.242899 -0.193454
0.470270 -0.032924 0.362990 0.414148 -0.245160
0.184693 -0.651455 0.143928 0.218850 0.329681
0.103423 -0.689634 0.136417 -0.061736 -0.199310
0.704723 -0.495358 0.434136 -0.550571 -0.491272
0.123863 -0.536769 0.739922 -1.284750 0.331007
-0.098644 -0.541996 0.875922 -0.797126 -0.252279
-0.191765 -0.376577 0.892684 -0.883408 -0.106940
-0.263476 0.038909 0.635329 -0.738247 0.195698
-0.048454 -0.052381 0.838845 -1.302262 0.252884
0.404381 -0.782564 0.881195 -1.017625 -0.793027
0.168647 -0.660396 0.712931 -1.150571 0.039251
0.656882 -0.133792 0.872396 -0.500080 -0.411272
0.113352 -0.051941 0.970337 -0.493154 -0.303424
0.340103 -0.383726 0.217699 -0.257283 0.072701
0.490140 0.432216 0.566841 -0.395208 0.557994
-0.063097 -0.319447 0.512518 -0.822512 -0.179106
-0.067085 -0.130456 0.499433 -1.497466 -0.600047
0.593355 0.223631 0.437810 -0.742586 -0.676113
0.421659 -0.375539 0.531475 0.074407 0.331174
-0.488608 -0.481721 1.020860 0.307126 -0.319264
0.149883 -0.696347 0.807811 -0.435431 0.090683
-0.029168 -0.311307 0.047312 -0.724574 0.695477
0.406297 -0.532110 0.048996 -1.132600 -0.508734
0.051147 -0.010201 0.654141 -1.185370 -0.087759
0.484811 -0.250888 0.708779 -1.128939 -0.010889
-0.198158 0.001670 0.881420 -1.208022 0.286012
0.083295 -0.045015 0.797697 -0.885318 0.023651
-0.677757 -0.300720 0.228505 -0.360563 -0.856460
-0.338211 -0.626057 -0.111592 -0.361250 0.454808
-0.405732 -0.454474 0.878481 -0.542468 0.150274
-0.565411 -0.184496 0.679564 0.284637 -0.661632
0.155240 0.181634 0.232690 -0.545160 0.296503
0.592395 -0.222998 0.190844 -1.352817 0.543563
0.192204 0.002227 0.249837 -0.635560 0.064048
0.704170 -0.445641 0.077662 -1.012901 -0.270583
-0.337545 -0.309275 0.183223 -0.052795 -0.622183
0.013847 -0.642590 0.716555 -0.475330 -0.633022
0.033350 -0.986396 0.721630 -0.837965 0.119415
-0.524823 0.705084 0.821232 -0.314260 -0.247682
0.300112 -0.315406 0.254604 -0.277570 -0.068987
0.230971 0.052378 0.555748 -1.293856 0.118530
-0.613690 0.070866 0.734736 0.088998 -0.385573
-0.960101 -0.343592 0.749657 -0.513622 -0.158100
-0.024027 -0.017828 0.555172 -1.136716 -0.446747
0.204289 -0.609892 0.154862 -0.282885 0.066868
-0.164748 -1.181828 0.047187 -0.607328 0.376128
-0.279470 -0.600080 -0.373784 0.161703 0.104820
0.328362 -0.407959 0.385606 -0.423608 -0.998080
0.215007 -0.851980 0.580711 -1.163981 0.137728
-0.369732 -0.333672 0.742494 -0.535097 0.168350
0.656058 -0.668062 0.613055 -0.810902 0.513559
0.528889 -0.559788 0.621282 -0.769247 0.500613
0.577107 -0.117828 0.338861 -0.677924 -0.539771
-0.927744 -0.237857 1.029463 -0.572428 0.320074
-0.775509 -0.589848 0.863910 -0.100951 0.034694
-1.239349 -0.661096 0.377797 0.128691 -0.187837
-0.238136 0.056955 1.158172 -0.100888 -0.556343
-0.030626 -0.443412 1.062381 -0.514226 0.033392
0.565539 -0.123775 0.325777 -0.438687 0.263602
0.704921 -0.830671 -0.266541 -0.571293 0.343847
-0.034162 0.197697 0.370557 0.138274 -0.124895
0.422857 -0.545456 0.380951 -0.853577 -0.030681
0.972563 -0.827991 0.325809 -0.862870 -0.214786
-0.348950 -1.289435 0.043558 -0.187735 -0.011923
0.165888 -0.484847 0.685935 0.023585 0.411609
0.310102 -0.529668 1.023153 -0.206513 -0.155684
0.775131 -1.459632 0.099307 -0.650075 -0.136954
0.933660 -1.517164 0.047966 -0.555543 -0.282857
0.814350 -0.364506 0.754416 -0.419539 0.345453
0.643432 0.663552 -0.210192 0.003603 -0.611214
0.525775 -1.086965 -0.039331 -0.230232 0.575917
0.060261 -0.636478 0.361276 0.257052 -0.327227
-0.215144 -0.901531 0.069413 -0.279830 0.600969
0.135729 -0.602637 0.062197 -0.454777 0.287238
-0.656965 -0.258110 0.645711 -0.093864 -0.742074
-0.056730 -0.007047 0.514228 -0.223929 0.718426
-0.230794 0.091235 0.270630 0.128405 -0.830957
0.156369 0.019203 -0.552388 -0.234504 -0.037483
-0.047696 -0.017695 0.286444 0.017281 -0.983436
1.033062 0.200482 0.093495 0.417027 -0.702933
-0.337320 0.199110 1.029718 0.505896 -0.864593
-0.422863 0.308370 0.533240 0.445228 -1.226253
-0.945246 -0.857008 0.335494 -0.132219 -0.372324
-0.624110 -0.176914 -0.324729 0.618289 0.169756
0.654523 0.202323 0.280689 0.419488 -0.040828
-0.030893 -0.819300 0.613449 -0.013291 -0.330374
-0.662838 -0.347444 0.691383 -0.212933 -0.571786
0.636747 -0.022615 0.334522 0.245014 -0.887976
0.142506 -0.278740 0.490018 0.053571 -0.165095
-0.437391 -0.253934 1.017247 -0.136502 -0.526861
-0.422735 -0.660514 -0.039125 -0.292944 0.023345
-0.635143 -0.276231 0.314463 -0.514960 -0.116762
-0.575379 -0.255647 0.256927 0.124616 -0.866518
-1.100948 -0.790151 0.028690 -0.231290 -0.012073
-0.241245 -0.796752 0.232015 0.096855 -0.453446
0.324446 -0.915455 0.342619 -0.329594 0.085626
0.644571 -1.006895 0.350732 -0.072121 -0.139794
0.368884 -1.171331 0.216407 -0.825536 -0.114849
0.588107 -1.198480 0.308650 -0.555983 0.046215
0.178664 -0.800705 0.951284 -0.404900 0.364422
0.562576 -0.424316 0.655162 -0.287015 -0.000930
0.280936 -0.688896 0.600600 -0.081830 0.315048
0.501920 1.039026 0.157521 0.477661 -0.179961
-0.626524 -0.124847 1.125023 -0.292455 -0.478836
-0.805323 -0.128133 0.919247 0.092672 -0.525872
-0.034471 0.051210 -0.161950 0.506862 0.043912
-0.527199 0.899647 0.824490 0.055454 -0.222009
-0.551179 1.269279 0.997284 0.108858 -0.125741
-0.293896 -0.838129 1.143171 0.136504 0.011375
-0.423876 -1.065718 -0.166258 -0.137070 0.619442
-0.373876 -1.264098 0.029853 -0.425126 0.565114
-0.279868 -0.727228 0.001648 -0.370399 0.093254
-0.005070 -0.728300 -0.062084 -0.427002 -0.021086
-0.417774 -0.660250 0.113957 -0.258373 -0.121302
-0.811007 -1.029427 -0.410777 0.065612 1.096342
-0.773627 -0.379184 0.767826 -0.019051 -0.332827
0.089210 0.074708 0.474397 -1.089086 -0.215633
0.498738 -0.120106 0.443651 0.015073 -0.370658
-0.688128 0.644276 0.363559 -0.638827 -0.419477
0.359283 -0.573761 0.109128 -0.611864 -0.656547
-0.515985 0.613796 1.071382 -0.235768 -0.637594
0.400569 -0.499972 0.004515 -0.795603 -0.270422
-0.227064 0.099633 0.058926 0.310387 -1.238171
-0.177008 -0.293043 0.331096 -1.069446 -0.522786
-0.223747 -0.149049 0.385174 -1.203167 -0.053268
0.838417 -0.564237 -0.211824 -0.635524 -0.417113
0.337219 -1.348520 0.474293 -0.172035 -0.940490
0.124066 -1.040562 0.373609 -0.507137 -0.886933
-0.254130 0.126445 0.599949 -0.532240 -0.209580
-0.372117 -0.015955 0.712466 -0.974448 -0.105312
-0.750894 -0.561356 0.886102 -0.006933 0.137274
-1.350406 -0.192397 0.114910 -0.008419 -0.599171
-0.733480 -0.857420 0.272427 -0.133013 -0.240232
0.340454 -0.073110 -0.221639 -0.721785 0.145071
-0.521743 0.501290 0.996910 -0.945278 -0.124041
0.075653 -0.182749 0.645336 -0.622770 -0.264478
-0.797327 0.303327 0.839354 -0.179863 -0.459423
-0.145111 0.044678 0.015394 -0.482623 -0.979100
0.266263 -0.978472 0.546114 -0.669614 0.123470
0.879187 -0.612687 0.418171 -0.597021 0.223895
0.213781 -0.919186 0.320297 -0.677551 0.123391
0.351932 -0.353519 0.189146 -0.489811 0.179315
0.299327 -0.066072 -0.131278 -0.402892 -0.106544
0.569768 -0.251279 0.132493 -0.477012 0.264302
-0.018653 -0.207905 0.564170 -0.063821 -0.205298
-0.273043 -0.335074 0.719739 -0.289547 -0.389191
-1.089633 0.345315 1.177374 -0.058451 -0.097716
-0.679687 -0.269439 1.263997 0.224677 0.216403
-0.715587 -0.436675 1.303464 -0.067283 -0.473570
-0.383395 -0.536021 1.307300 -0.095491 -0.340710
-0.471505 -0.410992 0.915557 -0.298945 -0.033022
-0.172061 -0.234855 0.825275 -0.407947 -0.267716
-0.099820 -0.587625 1.036994 0.120118 0.107024
0.014009 -0.703749 0.858634 -0.515187 -0.015817
0.163756 -0.874092 -0.237704 -0.929366 -0.203254
0.399021 -0.612723 -0.292003 -1.003688 0.095155
0.174244 -0.707367 -0.284627 -0.873540 -0.115835
0.066478 -1.201198 0.120345 -0.387801 -0.215019
0.132213 -0.661132 -0.430367 -0.867663 -0.139588
-0.185445 -0.734120 -0.488155 -0.558668 -0.206936
0.419804 -0.823463 -0.127758 -1.032715 0.071147
0.643574 -1.317807 0.122039 -0.665246 0.127441
0.227573 -0.247770 -0.520778 -0.681478 -0.492284
0.289125 -0.931575 -0.241539 -1.148667 -0.178634
0.364995 -0.842659 0.156143 -0.658862 -0.185490
0.555254 -0.994745 0.080594 -1.121819 0.052152
0.516586 -1.065548 -0.018091 -1.088648 0.138776
0.392259 -1.166506 0.158502 -1.058212 0.053109
0.359531 -1.026539 0.080159 -1.032108 -0.024644
0.469630 -1.083421 0.031809 -1.089878 0.091694
0.454901 -1.098171 0.254148 -1.045119 0.136437
0.142388 -0.968512 0.030563 -1.010844 -0.604596
0.268875 -0.757780 -0.079630 -0.986358 -0.329051
0.087608 -0.668567 -0.229515 -1.044545 -0.468005
0.092353 -0.863581 -0.098006 -0.827528 -0.516762
0.278361 -0.961745 -0.264978 -0.937670 -0.351125
0.199892 -0.507256 -0.077799 -1.054844 -0.099980
0.315439 -0.896998 -0.355138 -0.976149 -0.287551
0.262807 -0.665933 -0.394112 -0.949480 -0.423988
0.467813 -0.442643 -0.630380 -1.117551 -0.311986
0.344638 -0.457725 -0.690290 -1.034254 -0.227626
