-0.257241 0.024341 0.587946 -0.039199 -0.451164
0.789518 -0.109376 -0.422324 -0.198192 -0.377106
-0.541079 0.286678 1.057432 -0.190083 -0.301544
0.091676 0.140990 0.548757 -0.152372 0.096450
0.842029 -1.011649 0.788928 -0.498704 -0.139193
0.908574 -0.171686 -0.077240 0.226451 -0.508278
-0.016272 -0.477271 0.543312 0.092051 -0.564095
0.097258 -0.143412 -0.604338 0.006734 -0.485187
0.662674 -0.451905 0.137110 -0.491666 -0.252136
0.395212 -0.171789 0.422406 0.056207 -0.458089
0.339001 -0.183230 0.403422 -0.238446 -0.280946
0.647237 -0.261681 1.131853 -0.090819 0.079526
0.289446 0.430157 0.224349 0.037897 -0.016903
0.750079 0.000436 0.377994 -0.333487 -0.598289
0.408102 0.585350 0.905519 -0.049482 -0.766330
-0.051981 -0.166721 0.787725 -0.126968 -0.608208
0.128448 -0.609419 1.277138 -0.219985 -0.249085
0.320380 0.147423 0.167795 -0.178504 -0.539035
0.858024 -0.459809 0.707503 0.172856 -0.327527
0.603928 -0.331101 0.718091 -0.116156 -0.600858
0.644614 -0.875631 -0.162052 -0.714291 0.473365
0.222279 -0.157950 0.142770 -0.304675 0.147905
0.248088 -0.187882 1.239515 -0.370603 -0.377714
-0.352452 -0.159620 0.357789 -0.185620 -0.332929
0.216657 -0.039446 0.325199 -0.431408 0.108874
1.092056 -0.313018 -0.047793 -0.660199 -0.740666
-0.977517 0.082803 0.858368 -0.163457 -0.206600
-0.144000 -0.557574 0.472155 0.154435 0.236670
0.410165 -0.024482 0.576055 -0.104386 -0.480132
-0.092907 -0.964347 -0.310228 0.226878 0.147479
-0.192566 -0.188381 1.404100 0.079188 -1.132547
0.730413 0.029144 0.815136 -0.282290 -0.268420
0.364006 0.750286 0.617808 -0.024610 0.026993
-0.195805 -0.224408 0.974592 -0.262997 -0.535359
-0.101797 -0.690534 0.952718 -0.099262 -0.143801
0.168226 0.162571 0.735898 0.604006 0.097383
0.478243 0.427983 0.892791 -0.231774 -0.553389
0.342404 -0.849757 -0.211250 0.019923 0.346486
0.090636 -1.055190 0.748172 -0.311856 -0.299832
-0.285947 -1.263483 0.504783 0.134452 -0.167226
0.259000 -1.138743 0.365985 0.008245 -0.212881
0.412476 0.008508 0.889956 0.266693 -0.667051
-0.041837 -0.399976 0.762248 -0.128037 0.013648
0.541507 -1.554282 0.862047 -0.958210 -0.196453
-0.188246 -0.582420 0.204863 -0.093048 -0.260875
0.305526 -0.438288 0.454110 -0.307138 0.207147
0.103626 -0.412044 1.154070 -0.439778 -0.039246
0.577772 -0.768907 0.934025 -0.405533 -0.088213
0.208401 -0.312936 1.004122 -0.227158 -0.114162
0.132082 -0.973112 1.234201 -0.402082 0.058034
-0.076489 -1.102661 0.475616 -0.410992 0.245166
0.275305 -0.717057 0.271367 -0.315065 0.127394
0.377072 -0.933052 0.952702 0.042925 -0.193438
0.326775 -0.876656 0.387655 0.184606 -0.015587
0.092364 -0.966182 -0.371562 -0.497476 0.148437
-0.272375 -0.915745 -0.093764 -0.434144 0.071972
-1.076735 0.030853 0.835862 -0.131900 -0.436364
0.245318 -0.637808 0.644998 -0.143382 -0.514667
-0.503714 -0.344960 1.211050 -0.042100 -0.440487
-0.376005 -0.427957 0.505905 -0.105992 0.365503
-0.283480 -0.501456 0.275085 0.030829 -0.419281
-0.862253 -0.466228 -0.142810 -0.109277 0.283926
0.046677 -0.243613 0.956599 -0.687769 0.021861
-0.192796 -0.678215 0.046784 -0.427748 -0.031377
-0.078448 -0.480206 0.188326 0.189163 0.085688
1.022456 -0.721521 0.679098 -0.550818 0.011994
-0.175986 -0.755997 0.340510 0.044704 0.338420
-0.323402 -0.743798 -0.233936 -0.133572 0.187529
-0.039665 -1.231129 -0.159983 -0.120297 0.371280
0.159136 -0.357995 0.082442 -0.186633 0.019001
-1.105707 0.691333 0.410310 0.488420 -0.114672
-0.203332 -0.592207 0.154896 -0.573689 0.268765
0.084704 -1.080634 0.351230 -0.979258 0.296061
0.132987 -0.775710 0.158915 -0.489537 0.458044
0.167218 -0.886481 0.648164 -0.374021 -0.944372
0.427633 -0.441897 0.230766 -0.324271 -0.404685
0.080343 -0.150553 -0.191937 0.031781 -0.145954
-0.130640 -0.334122 0.567597 -0.227536 0.283490
-0.052773 0.075727 0.168341 -0.290503 -0.292134
0.314796 -0.277031 0.234129 -0.383089 -0.872145
0.231062 -0.289461 0.438416 -0.591231 -0.199315
-0.077769 -1.044254 0.311467 -0.051834 -0.470105
-0.040894 -0.762913 0.072868 -0.387773 -0.046335
-0.224078 -0.342567 0.462048 -1.222158 -0.755630
0.869495 -0.183448 0.126535 0.020351 -0.114074
0.008821 1.073993 1.192004 0.565173 -0.755336
0.896220 -0.676993 0.763412 -0.620961 0.261330
0.470475 -0.722590 0.140676 0.002737 0.025506
0.186932 0.252209 0.403290 -0.077584 -0.166709
0.074267 -0.786905 0.511468 -0.419294 -0.217923
0.321840 -1.054260 0.313908 -0.882450 0.367115
0.101350 0.485743 0.253796 0.199915 -0.299926
0.547646 -0.816612 0.435242 -0.312371 -0.002446
0.132574 -0.091327 0.785028 0.028005 -0.591828
0.409414 0.332983 -0.144265 0.172899 -0.086787
0.699688 0.081790 0.465021 0.158949 -0.451556
-0.317949 -0.285078 -0.410404 -0.580334 0.040022
0.397028 0.245741 0.742323 -0.327734 -0.551159
0.943766 -0.256190 -0.419838 -0.335874 -0.580624
0.915866 0.038042 -0.312375 -0.511213 -0.391602
0.510435 -0.499817 0.242689 -0.373046 -0.437448
0.284747 -0.328479 0.051983 -0.305798 0.372820
0.140675 -0.156060 -0.336603 0.143930 0.041293
0.450669 -0.561496 0.327369 0.059604 -0.412377
-0.130878 -0.465193 1.004180 -0.118145 -0.394264
0.084459 -0.096083 0.527619 -0.480522 -1.204668
0.563622 -0.530686 1.032269 -0.763131 -0.105559
0.535249 -0.666512 0.189665 -0.026398 -0.483969
0.922278 0.046371 1.214947 -0.602072 -0.064488
0.772882 -0.710977 0.242049 -0.479357 -0.403257
0.297872 -0.051927 1.209128 -0.877585 0.024384
0.852005 -0.332753 0.201363 -0.129775 -0.227933
1.016527 -0.561860 0.222937 -0.509999 -0.083565
-0.225235 -0.479060 0.240344 -0.027468 0.507028
0.335306 -0.248092 0.422141 -0.084199 -0.496240
0.985268 0.082030 0.233861 -0.040103 0.208603
0.303804 -0.981481 0.321974 -0.482726 0.288249
0.217200 0.287655 0.784494 -0.253065 -0.008769
0.613290 -0.053379 0.160248 0.007459 -0.079739
0.571485 0.321418 0.320627 -0.054404 -0.235917
0.390157 -0.621983 0.264334 -0.504968 0.363422
1.247199 -0.611504 0.319704 -0.948497 -0.275465
0.799136 -0.058804 0.097317 -0.591971 -0.544582
0.468102 0.247524 0.494118 -0.487005 -0.739230
-0.199032 0.000245 0.255328 -0.048068 -0.696077
0.240712 -0.839384 0.311308 0.099326 -0.228273
0.303209 -0.817379 0.496141 -0.710481 0.015691
0.878867 0.132556 -0.022613 -0.150658 -0.393483
0.449251 -0.686712 0.787001 -0.916714 -0.048965
0.226283 -0.598831 0.422910 -0.924598 -1.029492
1.075093 -0.978051 0.755532 -0.953388 -0.091310
0.475373 -0.177421 0.357371 -0.447200 -0.182031
0.400959 0.434347 1.054664 -1.096320 0.387362
0.118761 -0.493445 0.271671 -0.438609 -1.336006
0.708081 -0.260881 0.800239 -0.161007 -0.296189
-0.790902 -0.477696 -0.363912 -0.846326 0.222318
0.551192 -0.375768 0.215485 -0.470860 -0.031101
0.329801 -0.028531 0.442763 -0.353371 0.122130
-0.037852 -0.244592 0.624669 -0.528754 -0.326741
0.092006 -0.145092 0.662529 -0.766018 -0.193624
-0.309981 -0.140544 0.850341 -0.562306 -0.368564
0.006621 0.101693 0.753100 -0.822275 0.065498
0.269158 -0.360835 0.669418 -0.526279 0.246877
0.211500 -0.323473 0.432582 -1.077600 0.226589
-0.106581 -0.235321 0.349529 -0.881627 -0.450118
-0.084235 -0.165028 0.495466 -0.851992 -0.248611
-0.010124 -0.146580 0.357115 -0.649454 -0.189599
-0.775323 -0.814049 0.656381 0.066950 -0.686033
1.022456 -0.721521 0.679098 -0.550818 0.011994
-0.344490 -0.371454 0.313870 -0.278283 0.430227
0.339341 -0.622600 0.191450 -0.266841 -0.190518
0.370765 -0.571818 0.482889 -0.850786 -0.444687
0.422796 -0.421224 0.314011 -0.080186 -0.153199
0.106304 0.176640 1.318181 -0.257481 -0.692808
-0.010726 -0.433766 -0.046013 -0.510981 0.176212
-0.068728 -0.059238 0.165868 -0.084363 0.100537
0.573084 -0.506802 0.121426 -0.736045 -0.108031
-0.279178 -0.190449 0.684202 -0.047103 -0.095375
-0.325052 0.035419 0.888517 -0.517960 -0.603694
0.145562 -0.286841 0.149452 -0.368788 0.319886
-0.647468 0.220290 0.884921 0.455128 -0.717650
-0.314303 -0.318244 0.061282 0.196494 -0.062342
-0.492303 0.427503 1.157600 -0.199619 -0.557111
1.206615 -0.189345 0.669430 -0.549658 -0.517535
0.421115 -0.527640 0.971033 -0.183016 0.043860
-0.794916 -0.354091 0.402941 -0.039657 0.096864
0.332657 -0.229009 0.931450 -0.442582 -0.092996
-0.711657 0.107328 0.749386 -0.048255 -0.912177
0.371368 0.018078 0.398304 0.451764 -0.061735
0.691101 0.015351 0.436079 0.324670 -0.309311
-0.238390 0.658751 0.437915 0.281074 -0.718487
-0.360907 -0.347540 0.881015 -0.818022 0.214540
0.215985 -0.774079 0.438217 -0.900523 0.184395
0.526353 -0.154084 0.759141 -0.640882 -0.201141
0.274152 -0.826665 0.348112 -0.012615 0.153809
0.409414 0.332983 -0.144265 0.172899 -0.086787
-0.209510 -0.375160 0.434197 -0.553817 -0.358913
0.693477 -0.304878 0.570633 0.060513 -0.389879
0.725332 -0.783488 0.881265 -0.395481 -0.233110
0.321572 0.142381 0.595001 -0.079533 -0.336369
0.555580 0.798123 0.870764 0.631143 -0.663539
-0.579832 -0.145441 0.346429 0.246243 -0.565577
-0.154576 0.500103 0.288745 -0.036916 -1.222981
-0.114176 0.221775 -0.050928 -0.225272 -0.191760
-0.293518 0.229358 0.154247 0.135610 -0.697463
0.701304 -0.212353 0.470626 0.051388 -0.419363
0.508133 -0.496844 -0.023725 0.152432 -0.472033
0.285295 -0.474103 0.364541 0.052961 -0.398906
0.793926 0.142569 0.088274 -0.092431 -0.231583
-0.619227 0.141817 0.933316 -0.471981 -0.881921
0.852005 -0.332753 0.201363 -0.129775 -0.227933
0.523097 -0.492788 0.348537 -0.194617 -0.173183
0.617538 -1.109940 -0.292168 -0.989796 0.034041
0.298606 0.185881 0.450858 -0.119140 -0.373862
0.627522 -0.934601 0.864520 -0.508409 -0.375055
0.577721 -0.456642 0.640457 -0.042190 -0.450273
0.412442 -0.922863 0.852523 -0.360660 0.187417
0.519574 -1.139424 0.570305 -0.259814 -0.476966
-0.351211 0.115817 1.298785 0.651204 -0.248200
0.149208 -0.343634 0.221746 -0.079775 -0.124886
0.317175 -0.694715 0.837619 -0.196242 -0.118984
0.265606 0.225261 0.252186 -0.031479 0.010639
0.262085 -0.259514 -0.024700 -0.190188 0.194953
-0.562826 -0.518106 0.241307 -0.084202 -0.691487
0.638686 -1.070312 0.309392 -0.320090 0.375615
-1.004306 -1.014838 0.228099 -0.769055 -0.695868
-0.684099 -0.566755 0.193723 -0.240318 0.108761
0.494229 0.462044 1.144383 0.417251 0.232906
-0.596221 -1.513928 -0.429750 0.080727 0.440216
-1.848304 -0.197743 0.871728 -0.589882 -0.739139
0.408728 -0.294905 0.896291 -0.467208 -0.412298
-0.705377 -0.463648 -0.221791 0.299361 -0.934552
0.180048 -0.858496 0.494177 0.004943 -0.348533
-0.562077 -0.499871 0.246274 -0.247236 0.265620
0.898210 0.146272 0.879304 0.037749 -0.704635
-0.126099 -0.656572 0.347723 -0.147768 -0.248287
0.532529 0.477574 0.699974 -0.229771 -0.294206
-0.285491 -0.828033 0.194664 -0.445726 0.233825
-0.034803 -0.786030 0.279442 -0.159661 -0.314118
0.179272 -0.812177 -0.367710 -0.802107 -0.367961
0.205554 -0.848328 -0.367622 -0.875848 -0.301807
0.053976 -0.962139 -0.754273 -0.876756 0.172120
0.162005 -1.304633 -0.250469 -0.894350 0.048461
0.284462 -1.054424 -0.442444 -0.971368 -0.200849
0.185193 -0.693015 -0.397251 -0.882442 -0.234646
0.092726 -0.814787 -0.215822 -0.978068 -0.237480
0.748225 -1.551151 0.356117 -1.125006 -0.306680
0.126134 -0.639254 -0.510914 -0.756231 -0.424737
0.167345 -0.656128 -0.447230 -0.789978 -0.417818
0.016914 -1.063565 -0.105307 -0.886800 -0.115978
0.444033 -0.953465 -0.141482 -1.057289 -0.071669
0.181072 -0.589790 -0.425117 -1.025809 -0.331085
0.364720 -0.474589 -0.660498 -1.014084 -0.377256
0.061864 -0.190775 0.041652 -0.191138 0.074099
