-0.412016 -0.099555 0.193412 -0.646397 -0.539514
0.365562 -0.173734 0.777711 0.304915 0.364567
0.839064 -0.829440 0.785908 -0.149823 -0.392089
0.352115 -0.295656 0.934595 0.481169 0.261959
0.054002 -0.086236 1.560988 -0.362454 -0.067720
0.563966 -0.042942 0.390584 0.928501 0.375001
-0.204748 -0.296238 0.795362 -0.368252 0.237665
-0.343173 -0.189473 1.201339 -0.235623 -0.072172
0.367260 -0.992984 0.826079 -0.124623 -0.714318
0.055529 -0.457220 0.587412 -0.838164 -0.252699
0.321101 0.069697 1.761198 0.384338 -0.309428
-0.720830 0.071963 1.331218 0.989541 -1.057437
0.263268 -0.898222 1.246893 -0.169200 -0.225885
-0.413275 -0.203869 0.001015 -0.607581 -0.422065
-0.487068 -0.375808 1.030932 -0.308837 -0.022953
0.650541 -1.023694 0.280284 -0.330791 -0.184852
-0.234082 -0.228232 0.513503 -0.903410 -0.033151
-0.363799 -0.904859 0.818566 -0.000431 0.396708
-0.378251 -0.681809 0.480667 -0.589478 -0.484857
0.300908 -0.692916 0.367467 -0.221850 0.346042
0.077809 0.231095 0.838931 0.711904 -0.185554
0.605336 -0.811616 0.960647 -0.766742 -0.258694
-0.560487 -1.559105 1.254007 -0.303450 -0.453753
0.804845 -0.383377 0.778042 0.086560 0.499609
-0.443704 -0.562367 0.011508 -0.040087 0.902709
0.219283 -0.076287 1.093423 -0.034708 -0.221632
0.318766 1.003369 -0.185648 0.511183 0.608842
0.258325 -0.142782 0.737088 -0.541381 -0.490422
0.922432 -0.948927 0.763093 -0.444593 -0.309603
0.034333 -0.787522 0.231535 -0.188538 -0.250203
-0.041444 -0.326415 0.798647 -0.089642 -0.752696
-0.129481 0.402731 0.626080 0.018398 -0.408517
-0.665889 -0.428957 -0.097471 0.048398 0.220477
-0.472188 -0.074267 0.674334 0.094659 -1.242458
-0.260093 -0.997615 -0.052432 -0.151013 0.326216
0.194236 -0.084826 0.732259 -0.208297 -1.725021
-0.119203 0.043681 0.258147 -0.066563 -0.879718
-0.582237 -1.263304 0.599364 -0.274511 0.011167
0.781780 -0.392555 0.121080 -0.287691 -0.039069
0.514776 -0.103275 0.445069 0.040983 -0.212639
0.743424 0.011168 0.819357 0.314818 -0.163914
0.205523 -0.026759 0.212160 0.168612 -0.045956
0.188001 -0.492955 1.119335 -0.124001 -0.121689
0.188486 -0.644805 0.217467 -0.383506 -0.439883
-0.317799 0.115760 1.025850 0.167762 -0.390835
-0.155862 -0.819610 0.853871 0.020286 -0.403754
-0.287391 -0.387380 0.482190 -0.408093 -0.201765
-0.093091 -0.399505 0.074739 -0.632671 -0.753763
-0.111747 -0.770033 0.524850 -0.098485 -0.213783
-0.174923 0.340057 0.716721 -0.508565 0.019489
0.203831 -0.249825 0.343522 -0.457980 -0.378541
-0.546426 -0.558804 0.313343 -0.534280 -0.084543
0.876124 0.542194 0.472725 0.132173 -0.259833
-0.454558 -0.010082 0.888812 -0.498084 -0.505810
0.076037 -0.157353 0.462881 0.264665 -0.543885
0.492097 -0.058556 0.286422 -0.103665 0.024440
-0.044971 -0.720945 0.515044 0.256451 -0.181033
0.675186 -0.290097 0.716088 -0.000763 -0.233948
0.048637 -0.653222 0.981359 -0.004333 -0.088540
0.164895 -0.896626 -0.356043 -0.502001 0.249891
-0.362156 -0.571891 0.506531 -0.102222 -0.148640
0.013418 -0.197192 0.440654 0.013056 -0.097668
0.226419 -1.042956 0.456575 -0.597952 -0.300003
0.265761 0.570789 1.040959 -0.457358 -0.752671
-0.539386 0.082980 0.455754 -0.497106 -0.485185
0.140661 -1.280068 1.110788 0.016098 -0.867379
-0.409417 -0.343853 0.119359 -0.273404 -0.707617
0.101557 -0.435198 0.554272 -0.978350 -0.479059
0.207071 0.012357 1.062441 -0.637974 0.210200
0.207266 -0.704887 -0.212013 -0.004696 -0.468701
0.689758 -0.657002 -0.037200 -0.267147 -0.644354
0.208102 0.217943 1.035096 0.380259 -0.303788
0.254234 -0.173964 -0.173291 0.091526 -0.435926
-0.683590 0.027116 0.715254 -0.379688 -0.184241
0.325839 0.433891 0.745781 -0.399340 -0.223782
-0.815103 -0.163783 -0.201603 -0.485338 -0.095248
-0.059442 -0.502048 0.797097 -0.261380 0.102993
-0.263075 -0.360402 0.542330 -0.574297 0.267333
0.146033 0.306669 0.915783 -0.053858 -0.909422
0.159957 -0.865859 0.437514 -0.394152 0.196967
-0.534136 -1.153157 0.687135 -0.529999 -0.828131
-0.792425 0.405226 1.009241 -0.341459 -0.245490
-0.139085 0.304634 0.082442 0.153924 -0.507230
-0.694191 -0.442285 0.257218 -0.406475 -0.717180
0.073660 -0.364622 0.385938 -0.838217 -0.680731
0.237100 1.017727 0.525733 -0.225811 -0.750548
0.362090 -0.343472 0.725498 -0.043998 -0.299974
-0.283800 -0.417002 0.934581 -0.358680 -0.635519
-0.074408 -0.970889 0.724229 -0.797637 -0.685854
0.073120 -0.426534 0.702586 -0.153694 0.078019
0.973496 -0.244455 0.018743 -0.242908 -0.852769
0.579109 0.268618 -0.037554 0.532952 0.262650
-0.916809 0.402932 0.268281 -0.393375 -0.783838
0.178317 -0.196035 0.412575 -0.137057 -0.297910
-0.034296 0.314667 0.763503 0.038468 -1.074733
-0.215662 -0.659266 0.275578 0.188166 -0.489778
0.643524 -0.413607 -0.135582 -0.661287 0.029060
-0.367640 0.111583 0.466563 -0.770791 -0.470238
-0.013292 0.113949 0.728494 -0.085677 -0.551359
-0.476469 -0.020116 0.271562 0.019127 -0.532562
-0.038790 0.233888 0.358061 -0.093455 -0.307118
-0.764227 0.178747 0.545470 -0.024013 -0.346295
-0.191054 -0.590663 0.550305 -0.058314 -0.988537
0.207325 -0.870221 1.004295 -0.324674 0.351976
-0.300791 -0.269194 1.197071 0.088426 -0.068494
-0.761245 -0.213178 0.472065 0.158195 0.563693
-0.245470 -0.714053 -0.010596 -0.182118 -0.082574
-0.668252 -0.387434 0.423521 0.514491 -0.366096
0.267733 -0.545188 0.425734 -0.529871 -0.364593
0.743990 -0.678318 0.528314 -0.181326 -0.370281
0.257967 -0.425689 0.097573 -0.524267 -0.312829
0.900517 0.114411 0.289502 0.010535 -0.161352
0.837095 -0.505371 0.222274 -0.381151 -0.806424
0.415565 -0.549119 0.044387 0.013564 -0.093842
0.903104 -0.095875 0.214244 0.316033 -0.616955
0.091042 -0.469433 0.603213 -0.877665 -0.138103
0.487941 -0.053989 0.588642 -0.782372 0.217432
0.375216 -0.708467 0.234238 -0.802624 -0.219659
-0.319013 -0.113498 1.083748 -0.795725 -0.430572
0.628601 -0.234375 0.257821 -0.632009 -1.032697
0.098137 -0.673520 1.008831 -0.584198 -0.571876
0.114999 0.046902 1.159890 -0.684431 -0.149192
-0.906943 -0.660109 0.863049 -0.475618 -0.509024
0.010157 0.211007 0.690621 -0.195152 -0.121467
0.564371 -0.392612 -0.191602 -0.832427 -0.417197
0.779518 -0.599502 0.918695 -0.342493 -0.149156
0.634313 -0.374556 0.473981 -0.615058 -0.452125
0.069874 0.091315 0.422429 -0.514405 -0.564799
-0.385696 -0.966586 1.065399 0.322358 -0.369206
0.552552 -0.613918 0.954953 -0.324271 -0.302490
0.041112 -0.308050 0.486397 -0.395946 -1.269658
0.057279 0.218462 0.596305 -1.068082 -0.982381
0.209653 -0.212621 -0.172057 -0.112365 -0.277187
-0.067957 -0.470915 0.728600 -0.542001 0.316604
0.342764 -0.420936 1.011119 0.382831 0.308621
0.541723 -0.017642 0.905922 0.468794 0.221647
0.737593 -0.029302 0.182262 -0.918030 -0.426769
0.126291 -0.626547 1.064443 -0.271104 -0.041282
-0.491980 0.491767 0.913591 0.059723 -0.509535
0.546734 -0.336308 0.113613 0.062159 0.281307
-0.850189 -0.069948 1.543791 1.378575 -0.835132
-0.835702 -0.449058 0.629768 -0.414869 -1.020516
-0.059595 -0.451971 0.368079 0.161396 0.195355
-0.430575 -0.530071 1.025370 -0.021914 -0.218391
0.501426 -1.185423 0.733716 -0.303599 -0.202566
0.501558 -1.098076 0.262210 -0.845482 -0.475276
0.373091 -0.471366 0.472570 0.310122 -0.330715
-0.698111 0.074656 1.037950 -0.241267 -0.169952
-0.750124 -0.268537 0.746883 -0.513336 -0.142841
0.211667 0.093738 -0.442505 0.022558 0.108829
0.138606 -0.201470 1.074167 -0.649104 -0.881078
-0.393859 -0.447728 0.346307 0.360093 0.005691
-0.509422 -1.169378 0.124851 0.418582 0.144121
-0.916615 -0.567421 0.130977 0.349769 -0.790434
-0.634183 -1.007711 0.477552 -0.176422 -0.101063
-0.682615 0.890419 0.761072 0.010441 -1.068271
-0.374281 0.290619 0.766573 0.130767 -1.760552
-0.310348 -0.713028 0.353108 -0.253530 -0.743400
-0.433255 -0.595447 0.037171 0.060531 -0.345455
-0.892544 -0.977309 -0.338258 -0.221587 -0.212658
-0.601890 -0.637388 1.050189 -0.346907 -0.838929
-1.382251 -0.040168 0.041762 0.086618 -0.616970
0.196591 -0.632901 -0.436860 -1.016532 -0.296020
0.313571 -0.509084 -0.818992 -0.903915 -0.277874
-0.099669 -0.657552 0.046235 -0.456681 -0.302651
0.149743 -0.358659 -0.803183 -0.987453 -0.391636
0.087443 -0.880171 -0.751396 -0.730122 0.012468
0.270414 -1.090401 0.093648 -0.566641 -0.292481
0.320821 -1.007025 -0.133447 -0.785608 -0.320215
-0.061241 -1.015212 0.199688 -0.453563 -0.170230
0.360334 -1.152564 -0.059147 -1.113119 0.097246
0.348214 -0.576949 -0.708538 -0.966910 -0.419578
0.485436 -1.046844 -0.065399 -1.038724 -0.318332
0.455980 -1.236782 -0.001179 -0.836369 -0.317595
0.343941 -1.214939 0.352969 -0.884720 0.265157
0.401158 -1.285911 0.252657 -0.847644 -0.059010
0.023163 -0.415789 -0.867365 -0.013508 0.844118
0.587685 -0.969752 0.412163 -0.934143 -0.154262
-0.421454 -0.948190 0.231456 -0.450215 -0.654224
0.566113 -1.153358 -0.099627 -1.166888 -0.036740
-0.016981 -0.622500 -0.513491 -0.650586 -0.701335
-0.079205 -0.551218 -0.703160 -0.634778 -0.349294
0.230954 -0.645383 -0.310855 -1.012152 -0.316380
0.031513 -0.469192 -0.306661 -0.932051 -0.178807
0.393905 -0.908122 -0.174413 -1.057916 -0.163049
0.571087 -0.847116 -0.090277 -1.122427 0.162375
0.384406 -0.905847 -0.181107 -1.038103 -0.234638
0.886881 -0.613358 0.223250 -0.624978 0.159834
0.423072 -0.957740 -0.110975 -1.058049 -0.290394
0.429115 -0.956417 -0.059822 -1.042992 -0.277289
-0.380494 -0.093419 -1.113542 -0.681276 -0.199976
0.279096 -0.364715 -0.373401 -0.966121 -0.540462
0.336509 -0.828806 -0.195050 -0.944657 -0.267928
0.291935 -0.787182 -0.320059 -0.892657 -0.276268
0.461238 -1.201128 0.028799 -1.065343 0.014624
