0.514950 -0.701885 0.197187 -0.220525 -1.297312
-0.202028 -0.529112 -0.222550 -0.856008 -0.674388
1.034473 -0.485976 -0.417320 -0.397535 -0.966857
-0.473087 -0.689277 0.548869 -0.791486 -0.108124
0.316713 -0.428772 0.510017 -0.864986 0.033498
0.627317 -1.231795 0.637240 -0.746308 0.091264
0.797101 -0.726391 0.478713 -0.192628 0.095713
0.666686 -0.345065 -0.123068 0.167139 -0.773328
-0.205771 -0.266800 0.121119 -0.507368 -0.145550
0.149325 -0.922869 0.526245 -0.261970 -0.008005
0.338899 -0.996695 0.055160 0.466221 0.131071
-0.432237 -0.120446 -0.672139 -0.105896 -0.448894
0.836945 -0.331025 0.329495 -0.607643 -0.473715
0.890924 -0.122663 0.423349 -0.600761 -0.580350
0.785350 -0.537607 0.209717 -0.873064 -0.417447
0.638174 -0.563347 0.342168 -0.557182 -0.167777
0.369317 -0.324150 0.403437 -0.307182 -0.525610
0.391792 -0.675781 0.408826 -1.039817 -0.445655
0.151805 -0.301030 0.341998 -0.655635 -0.792958
-0.181792 -0.267455 0.598015 -0.659059 -0.472026
0.271244 -0.934803 -0.337074 -0.418234 -0.493969
0.271437 -0.407754 0.616236 -0.175504 -0.452890
0.358955 -0.433658 0.353139 -0.892043 -0.212091
-0.139362 -0.232096 0.530013 -0.792562 0.175620
-0.168541 -0.510216 0.261688 -0.961620 -0.588697
0.099739 -0.684559 0.531613 -0.699264 -0.175623
-0.360139 0.032119 0.245020 0.228123 -0.036263
-0.142942 0.083009 0.860663 -0.140409 -0.851343
-0.382881 -0.004645 0.936320 -1.207941 -0.014369
-0.431784 0.189743 -0.032894 0.231818 -1.017169
-0.123689 0.052508 0.734631 -0.800934 0.140478
0.262302 0.129984 0.443788 -0.583675 -0.798381
-0.097002 0.616595 -0.104190 0.206458 -0.318861
-0.535722 -0.198278 0.178549 0.506773 -1.120833
0.070790 -0.460394 0.360487 -0.251201 -0.517336
-0.028129 -0.769482 0.623131 -0.582393 -0.027227
-0.434243 -0.231072 1.320034 -0.011341 -0.520430
-0.623824 0.008132 0.731920 -0.707405 -0.746790
-0.362359 0.280794 0.438699 0.276665 -0.824320
0.119261 -0.228648 0.570535 -0.540250 0.200137
0.446819 -1.085051 0.590041 -0.193844 -0.207737
0.193378 -0.215672 0.456126 0.126808 0.245405
-1.047091 -0.697447 0.822707 -0.145187 -0.036063
0.740373 -0.290445 0.677386 -0.076990 -0.065876
0.235643 0.073004 0.683064 -0.291402 -0.090557
-1.175710 0.497535 0.698898 -0.178197 0.432819
0.055576 0.019452 0.993938 0.443465 -0.877266
-0.738538 -0.288951 0.728459 -0.182573 -0.488689
-0.049983 0.177130 0.054415 -0.055359 -0.426115
-0.576803 -0.398347 0.480729 -0.218634 -0.589105
0.011327 -0.058612 0.849492 -0.659380 -0.794031
0.154509 -0.152957 1.210156 -0.026701 -0.740332
0.011188 0.511038 0.393058 0.393303 -0.370802
-0.141599 -0.455145 0.304612 -0.067379 -1.003254
0.497556 -0.185510 0.239161 -0.199353 -0.332115
0.746266 -0.535802 0.551149 0.043080 0.110952
1.140654 0.149452 0.046721 -0.883844 -1.172148
-0.871625 -0.132002 0.928879 0.068149 -1.192178
0.731337 -0.587890 0.190496 -0.072536 0.374240
0.206216 -0.924762 -0.321326 -0.221443 -0.569302
1.065753 0.006425 1.209761 -0.326777 -0.361971
-0.754875 -0.700114 0.350737 0.211295 -0.005455
0.595503 -0.423668 1.172917 -0.284946 -0.041668
0.447766 0.417546 1.398150 -0.063044 -0.802360
-0.256390 -0.778107 0.689258 -0.797068 -0.756735
0.256954 -0.451270 -0.178287 -0.037357 -0.613744
0.672109 -0.362347 0.291524 -0.059478 -0.401372
0.564266 -0.166376 -0.308479 -0.873300 -1.028477
0.466851 0.228241 -0.595362 -0.150701 -0.757384
0.085079 -0.327172 0.358326 0.295024 -0.970863
0.320028 -0.948407 -0.230849 0.450070 0.156085
-0.191962 -0.466221 -0.307875 -0.205057 -0.206607
0.539320 -0.075397 0.477973 -0.272560 -0.576619
0.234212 -0.154662 -0.357402 0.182177 -0.575969
-0.398017 0.455307 0.287165 -0.634366 -0.749707
0.490555 -0.799435 0.125179 -0.907735 -0.154688
0.988488 -0.985515 0.261759 -0.651603 0.188178
0.838415 -0.706860 0.612835 -0.526429 -0.297046
0.088487 -0.907777 -0.515871 -0.571501 1.124867
-0.054337 -0.262023 0.645862 -0.126607 -0.356100
-0.096406 -0.228535 1.162089 -0.307561 -0.137926
-0.184462 -0.473875 0.640212 -0.202739 -0.504813
-0.213938 -0.378551 0.814234 -0.104723 -0.766276
0.358690 0.367634 0.553009 0.633894 -0.092562
1.073267 1.076978 0.073736 0.587334 -0.250739
0.371453 -0.475202 0.928681 -0.045348 -0.471937
0.163999 -0.890615 1.167910 -0.035661 -0.486983
0.565581 -0.578058 0.883165 -0.102847 -0.411934
0.210582 -1.327012 0.740107 -0.785763 -0.267144
0.043494 -0.123603 -0.350212 0.327773 -0.664299
-0.320388 0.052055 0.291806 0.046957 -0.412017
0.439531 -0.558306 0.386222 -0.897358 -0.559990
0.826505 -0.399936 0.380943 -0.217752 0.833579
1.026433 -0.672191 0.985719 -0.515154 -0.410512
-0.777394 -0.763164 0.432133 -0.521463 0.354486
0.368252 0.557779 0.216745 -0.057459 -0.694887
-0.434243 -0.231072 1.320034 -0.011341 -0.520430
0.027948 -0.600084 0.665436 0.026626 0.212357
0.074309 -0.024601 -0.050421 0.288429 -0.744009
0.734485 -0.810235 0.446163 0.186040 0.270226
1.062865 -0.611650 0.364284 -0.196882 -0.055427
-0.330236 0.576726 0.506707 0.472719 -0.439087
-0.375713 -0.480707 0.366103 -0.418025 -0.764884
-0.219660 -0.605180 0.776917 -0.165033 -0.655449
0.311788 -0.745056 0.553167 -0.679557 -0.238727
-0.040546 -1.097859 0.116509 0.138033 0.592121
0.118071 -1.181130 -0.010988 -0.003240 0.540533
0.669513 -0.485314 0.067633 -0.228450 -0.021722
0.500934 -0.431267 0.248217 -0.182526 0.463696
0.844031 0.006582 -0.311313 -0.635328 -0.898268
-0.082483 -1.097349 0.377821 -0.666716 -0.943765
-0.587203 -0.407786 1.398409 -0.916902 -0.564166
-0.563371 -0.917344 0.460544 0.007973 -0.082297
0.591236 -0.637640 -0.023735 -1.055285 -0.154784
0.290041 -0.789905 -0.163807 -0.842073 -0.169549
0.203899 -0.562483 -0.474929 -0.842091 -0.363308
0.264519 -1.056561 0.097135 -0.899185 -0.139413
0.261507 -0.987023 -0.152181 -0.986406 -0.243098
0.054872 -0.543472 -0.135753 -0.806413 -0.408261
0.290469 -0.647049 -0.357755 -1.028161 -0.379884
0.301225 0.145792 -0.126809 -0.873183 -0.187708
0.819581 -0.681197 0.519492 -0.833104 -0.174012
-0.086212 -0.028147 -0.807405 -0.299647 -1.270687
0.287811 -0.644729 -0.308799 -1.030921 -0.193409
0.399513 -1.022366 -0.123463 -0.971941 -0.233877
0.104933 -0.722898 -0.384650 -1.108131 -0.349079
0.169584 -0.928137 -0.250714 -0.939608 -0.286167
-0.189710 -0.554157 -0.696258 -0.665566 -0.456123
0.221754 -0.383726 -0.418652 -0.976484 -0.271963
0.222337 -0.755713 -0.307275 -0.865919 -0.506040
0.335897 -0.776977 -0.225196 -0.991261 -0.468322
0.228078 -0.652812 0.229275 -0.683184 -0.101771
0.213847 -0.653489 -0.285298 -1.002685 -0.310325
0.248701 -0.552643 -0.456163 -0.805028 -0.097917
0.522032 -0.911633 -0.175779 -1.072285 -0.312867
0.293446 -0.655295 0.017475 -0.792145 -0.233472
-0.006306 -0.465138 -0.512896 -0.738492 -0.500917
0.289183 -0.863537 -0.136226 -1.063055 -0.185548
0.296765 -0.818387 -0.247898 -0.952227 -0.244768
0.362557 -0.908122 -0.314193 -1.043718 -0.016328
