0.381344 -0.326999 1.003462 -0.204706 -0.023446
-1.546919 -0.500498 0.631709 -0.089902 -0.139105
0.477255 -0.265091 0.324199 -0.476338 -0.200917
-0.390625 -0.106069 0.980918 0.210393 -0.697242
0.795392 -0.479718 0.436628 -0.792109 -0.327363
-0.353493 -0.085750 0.363255 -0.580301 -0.204576
-0.586566 0.213936 0.383786 -0.018596 -0.595380
0.674511 -0.954659 0.700698 -0.500111 0.243379
-0.155714 -0.227852 -0.100098 0.114857 0.403556
-0.466534 -0.071221 0.800030 0.216646 -0.556138
0.344811 -0.758631 0.468287 -0.067320 -0.450882
-1.065304 -0.200044 0.850031 -0.170578 -0.281781
-1.032626 -0.308693 -0.027223 -0.916823 0.001179
-1.029995 -0.449890 0.751453 -0.371007 -0.337452
0.039920 -0.236653 0.610643 -0.067791 -0.463894
-0.538816 -0.843198 0.722932 -0.188331 0.008483
0.381282 -0.800823 0.423799 -0.608879 0.314666
0.290366 -0.169752 -0.008056 -0.035206 -0.288358
-0.080491 -1.004036 0.006050 -0.246180 0.093021
-0.690333 -0.304905 0.902733 -0.280498 -0.542587
0.243002 -0.554443 0.060641 -0.362601 -0.510218
0.132883 -0.767455 0.461620 -0.393031 -1.221936
0.615393 -0.802120 0.868314 -0.532158 0.238826
0.205015 -0.458977 0.596565 -0.459120 -0.669653
0.089180 0.108197 0.539591 -0.615559 -1.045845
-0.508643 0.132987 1.131840 -0.200169 -0.780297
0.216157 -0.131925 0.361054 -0.244346 0.275542
-0.162301 0.053264 0.758697 0.127202 -0.969019
0.262183 -0.903492 0.759067 -0.397379 -0.301466
-0.259419 -0.260391 0.494561 -0.337272 -0.502567
-0.535666 0.064067 0.438409 -0.131840 -0.543257
0.106498 -0.659337 0.284959 -0.032868 0.370738
0.173993 -1.155423 0.565186 0.226909 0.263964
0.219634 -1.046967 -0.080107 -0.468738 0.343343
-1.427754 -0.604507 0.848564 0.066005 0.023476
-0.056567 -0.461696 0.673699 -0.358399 0.211219
-0.162917 -0.944378 0.058849 -0.408203 0.196174
-0.487395 -0.521248 0.269436 0.125393 -0.210076
-0.214616 -0.115951 0.652305 -0.108673 -0.691116
-0.357371 -0.554061 0.862420 -0.298405 0.138868
0.427101 -0.325594 0.756936 -0.226761 -0.380570
-0.114018 -0.034119 1.359417 -0.410997 -0.473831
0.333028 -0.273578 0.686005 -0.531604 0.093179
-0.731019 -0.054105 0.429237 0.116299 -0.367835
0.065768 -0.136019 0.727243 0.217379 0.599830
0.737199 -1.048294 0.271688 -0.764802 -0.528597
0.502833 0.471279 1.292275 -0.270226 -0.406677
0.237492 -0.948269 0.602774 -0.056041 -0.362975
0.537965 -0.152202 0.741462 0.168943 -0.426301
0.158526 -0.286204 -0.053642 0.012877 -0.380822
-0.366384 -1.002529 0.487514 0.309881 -0.498154
-0.309491 -0.363813 0.015131 -0.693504 0.497334
0.966463 -0.516507 0.392867 -0.530771 0.131064
0.267470 -0.250769 0.592866 -0.881356 -0.155637
-0.063648 -0.222719 0.193452 0.124109 0.519441
0.164011 -0.145014 0.507573 -0.582355 -0.529803
-0.321297 -0.690834 0.447220 -0.408289 0.317137
-0.036132 -0.155186 0.863375 0.275175 -0.160443
-0.262982 -0.066640 0.817064 0.155535 -0.374138
0.212163 -0.300589 0.666413 0.810214 -0.153009
0.273785 -0.113403 0.649886 0.039642 -0.299987
0.841815 -0.463280 0.403621 -0.227611 -1.139766
0.132204 -0.826307 0.757839 -0.174774 -0.318847
-0.711200 0.123898 0.381431 -0.276653 0.116710
-0.519948 -0.783619 1.120028 -0.069228 0.414919
-0.738734 0.137272 0.985323 -0.083411 -0.315162
0.621242 -0.190015 -0.410958 -0.018557 -0.211493
0.310217 -0.183793 0.356258 -0.499194 -0.536963
0.311702 -0.444291 0.678261 -0.379260 -0.512933
0.029191 -0.545063 0.408196 -0.684162 -0.750689
0.219664 -0.826502 0.203398 -0.343543 0.144785
0.555720 -0.897923 0.746853 -0.356792 0.243349
0.143950 -0.397479 0.824403 -0.970539 -0.463331
0.738878 -0.778635 0.482466 -0.313143 -0.161213
-0.286283 -0.540057 0.005621 -0.025707 0.295521
0.173874 1.153527 0.494435 -0.806246 -0.297478
0.162712 -0.702563 0.433676 -0.893215 -0.037337
0.688638 -0.785417 0.699480 -0.207160 0.290655
0.656642 -0.462135 0.541207 -1.160603 0.097545
-0.381066 -0.570794 1.057718 -0.030083 0.227690
0.081705 -0.751802 0.441615 -0.097464 -0.359864
0.030724 -0.843946 1.263850 0.128709 -0.134415
0.246233 -0.321644 0.750222 -0.354483 0.079848
0.561988 0.043864 -0.290430 0.387355 0.480619
-0.452192 -0.736023 -0.251103 -0.306485 0.381654
0.213041 -0.448900 0.530591 0.285667 -0.871120
0.171011 -0.555781 0.428820 -0.085253 0.206154
-0.109560 -1.119283 0.565255 0.036287 0.222706
-0.196038 -0.586646 -0.131428 -0.257438 0.644144
0.041471 -0.141738 0.111132 0.142042 -0.224009
-0.583949 -0.684661 0.274408 -0.110988 0.103032
-0.202117 -0.185551 -0.005496 -0.079916 -0.476197
0.034806 -0.691224 0.657358 -0.427675 -0.875390
0.892784 -0.021317 1.326571 -0.176415 -0.046331
-0.201295 -0.520667 0.338045 -0.493063 -0.665581
-0.262875 0.443002 0.753614 -0.391234 0.143709
0.386204 -0.823822 0.358080 -0.556622 -0.796323
-0.143127 -0.640713 0.582129 -0.955616 -0.212232
-0.970488 0.068444 0.719803 -0.827392 -0.635593
0.303385 -0.710881 1.283080 -0.396380 -0.058659
0.240434 -0.668384 0.851331 -0.360881 0.302132
-0.420173 -0.222336 -0.146837 -0.754753 0.181528
-0.394016 -0.329233 0.328190 0.178644 -0.124228
-0.855937 0.104003 0.991675 -0.546559 -0.244848
-0.162164 -0.158960 0.724596 -0.784076 -0.336608
0.255075 -0.673292 0.674932 -0.790580 0.117329
0.276500 0.400824 0.511075 -0.743408 0.229652
0.786063 -0.245442 0.294667 -1.278949 0.010138
0.644886 -0.456524 0.238830 -0.917060 -0.058497
0.353490 -1.106478 0.019518 -1.002083 -0.230100
0.413370 -0.650750 -0.265036 -0.925959 -0.439338
-0.003057 -1.175535 -0.329036 -1.311383 0.374619
0.154089 -0.544691 -0.596387 -0.888641 -0.432121
0.298230 -0.809329 -0.323601 -1.119736 -0.056596
-0.083999 -1.148416 -0.488567 -0.635743 0.085874
0.463242 -1.199582 0.185287 -0.982971 -0.102178
0.245821 -0.629786 -0.412855 -0.954495 -0.524638
0.265022 -0.632781 -0.532296 -0.893019 -0.146046
0.297439 -0.598007 -0.462488 -0.986633 -0.438392
0.350800 -0.995074 -0.034257 -0.998754 -0.099534
0.437441 -1.204773 -0.079669 -1.046829 -0.221386
0.326391 -0.865310 -0.073756 -0.992600 -0.499455
0.388123 -0.896269 -0.162522 -1.004480 0.034033
0.357620 -0.926457 0.177666 -1.141597 -0.580267
0.097132 -0.201179 -0.905732 -0.917483 -0.359827
0.542236 -0.579432 -0.440474 -1.080851 -0.528927
0.437516 -0.805529 -0.281508 -0.973940 -0.208290
0.174687 -0.709429 -0.196187 -1.105793 -0.702120
-0.177926 -0.469385 0.065109 -0.904666 -0.026992
0.622122 -0.690186 -0.189635 -1.052547 -0.686204
0.185929 -0.435795 -0.181852 -0.812566 -0.534509
0.318439 -0.633039 -0.021858 -0.384295 -0.140511
0.237951 -0.466425 0.202607 -1.172992 0.069954
0.255446 0.126914 0.102516 -0.996650 -0.474755
0.227607 -0.688228 -0.407926 -1.015658 -0.313253
0.279971 -0.686446 -0.333981 -1.074584 -0.213306
0.105265 -0.853478 -0.349722 -0.931124 -0.274107
0.045231 -0.927414 -0.213358 -1.005979 -0.322268
0.489594 -1.095169 -0.115730 -0.951760 -0.089006
-0.063128 -0.718615 -0.399480 -1.028048 -0.429898
0.308052 -1.019326 -0.201847 -0.868673 0.008989
0.374662 -0.855604 -0.143674 -0.907865 -0.328452
0.111073 -0.786043 -0.315128 -0.967553 -0.291892
0.440250 -0.639272 0.247147 -1.051466 -0.714675
