-0.217182 -0.241737 0.184899 -0.097100 -0.422369
-0.087577 -1.229764 1.044502 -0.339573 -0.027055
0.488689 0.284025 0.944430 0.204662 -1.248690
-0.018880 0.462071 0.807865 0.122453 -0.258803
0.582604 -0.209121 0.930906 -0.273626 -0.115712
0.812610 -0.119792 0.609560 0.206907 0.032893
0.335539 -0.095326 0.444405 -1.031556 0.027257
0.498222 -0.370994 0.789130 -0.555465 -1.310917
-0.128578 -0.109600 0.415449 -0.146300 -0.190778
0.077079 -0.413300 -0.079417 -0.458077 -0.247286
0.162747 0.041676 0.273580 -0.707267 -0.651213
0.164063 -0.830025 0.104432 -0.391975 0.016383
0.488424 -0.502653 0.481221 -1.423573 -0.194704
-0.020876 -0.853766 0.160583 -0.220649 -0.140963
0.713644 -0.448735 -0.110930 -0.538733 -0.046231
0.611820 -0.335749 -0.070197 -0.177378 -0.292440
0.079041 -0.552098 0.326314 0.194391 -0.054711
0.378877 -0.707525 1.201434 -0.540140 -0.179192
0.719786 -0.006953 0.577503 -1.060384 0.554364
-1.006132 -0.329089 0.512585 -0.423953 0.332586
-0.182133 -0.585466 1.012845 -0.083048 -0.449177
0.161009 -0.815729 0.189991 -0.983036 0.215857
0.735505 -0.392806 0.778235 -0.052130 -0.241308
0.577979 -0.666080 0.643539 -0.394916 -0.649836
0.389833 -0.511603 0.442067 -0.646580 0.168724
0.596793 -1.170156 0.114878 -0.579491 -0.981639
0.224865 0.250961 0.731558 -0.502022 -0.085607
-0.362142 0.227651 0.808333 -0.489114 -0.694908
0.597167 -0.220961 0.609422 -0.706931 0.074066
0.930953 -0.625976 0.679468 -0.095484 -0.531667
0.542290 0.241956 -0.015356 -0.259928 0.044602
0.333325 -0.482611 1.317487 0.203904 -0.933807
-0.051999 -0.571867 0.177877 -0.577848 -0.665656
-0.544784 -0.526745 0.700231 -0.168706 -1.048381
-0.072939 -0.289910 0.544102 -0.725714 -0.907782
-0.514901 -0.848019 0.796598 -0.387738 -0.377030
0.250064 -1.146999 0.896363 -0.603654 0.203205
-0.223809 -0.455918 0.283172 -1.028524 -0.329812
0.869711 -0.779757 0.036076 -0.973744 -0.254544
0.832592 -0.938952 0.873948 -0.165917 -0.445316
0.459786 -0.622979 0.329585 0.101315 -0.639719
-0.036353 -0.543120 0.144056 -0.393381 -0.576828
0.421055 -0.746454 1.278347 -0.074698 -0.086605
0.585036 -0.271966 0.082073 -0.996729 -0.363504
0.680667 -0.243211 1.420085 -0.211332 -0.317071
0.848344 -0.442195 0.390733 0.008892 0.030998
-0.123437 -0.251609 0.378502 -0.462532 -0.318937
0.305615 -0.184740 0.246172 -0.123545 0.058408
0.684246 -0.340598 0.269375 -0.647440 0.098460
0.398700 -0.284793 0.073279 -0.171011 0.059088
-0.341331 -0.309975 0.023895 -0.812020 0.327637
-0.332674 0.015692 0.433292 -0.749526 -0.102515
0.572195 0.022882 0.077627 -0.455748 -0.134458
0.636279 -0.554723 0.038647 -0.896771 -0.611066
0.527146 -0.512100 0.652184 -1.038558 -0.168536
0.327274 -0.554596 -0.070738 -0.402743 -0.319540
0.970605 -0.442493 -0.286131 -0.125852 0.006810
-0.147262 0.023591 0.763658 -0.669441 -0.099303
0.713240 -1.066340 0.841653 -1.151487 0.070829
0.241223 -0.698803 0.415677 -0.675852 0.074767
0.778477 -0.808978 0.504402 -0.895783 -0.900221
-0.227866 -0.717857 0.273782 -0.539347 -0.635220
0.114066 -0.128403 -0.213635 -0.832699 0.159816
1.022464 0.174077 -0.039911 -0.476105 0.024192
-0.695967 0.260420 0.463132 0.157850 -0.977775
-0.542747 -0.964253 1.313957 0.349260 -0.885458
0.542351 -0.467488 0.268300 0.060616 -0.790442
-0.333369 -0.299683 0.745481 -0.296841 -0.244910
0.169948 -0.620062 0.236129 -0.758239 -1.267064
-0.127413 -1.102885 0.339308 0.109080 -0.209327
0.888649 -0.844629 0.029327 -0.983173 -0.498267
-0.270672 0.202359 0.775739 -0.284294 -0.588337
0.257340 0.056185 0.339221 -0.503024 0.225573
0.589008 -0.765773 0.474130 -1.248472 -0.219761
0.433289 -0.281554 0.463842 0.216549 -0.764056
0.078881 -0.630313 0.391978 -0.461996 -0.351944
0.525718 -0.420123 0.280419 -0.693324 -0.055229
0.317790 -0.068655 0.298365 -0.958061 -0.437962
0.670367 -0.138593 0.334082 -1.335906 0.226412
0.191459 -0.324947 0.615679 -0.586215 -0.346439
-1.004805 -0.240902 0.566058 -0.074263 0.010591
0.695145 -1.055578 -0.130363 -0.773581 -0.569336
0.586662 -0.683608 -0.054312 -0.549829 -0.154468
0.741618 -0.466529 0.341033 -0.719839 -0.266542
0.750556 -0.435507 0.182466 -0.310212 -0.383410
0.620856 -0.432884 0.767079 -0.027008 -0.714698
0.484085 0.111323 -0.368935 -0.441037 -0.387571
-0.005768 -1.159124 0.299864 -0.353342 -0.486734
0.211373 -0.213230 0.834946 -0.048304 0.114840
0.054806 -0.397215 0.579417 0.274754 -1.206348
0.589801 -0.301961 0.335764 -0.323975 -0.358755
0.184894 -0.122710 0.659732 -1.308948 0.151084
0.343091 -0.751887 0.408802 -0.562191 -0.270017
0.031333 0.128575 0.700407 -1.237126 0.063201
-0.926624 -0.146595 0.205474 -0.404782 -0.654525
-0.114769 0.039506 0.894781 -1.152720 0.087678
-0.581791 -0.064251 0.744555 -0.782858 -0.101455
0.220424 0.132560 0.519381 -1.089342 0.496995
-0.568544 -0.984972 0.408965 0.244657 0.709079
0.217147 -0.289758 0.599404 -0.854938 -1.179656
0.644692 -0.331309 0.371572 -0.520121 -0.998264
0.583843 -0.777376 0.454179 -0.630587 -0.111579
-0.020051 -0.178622 -0.248125 -0.318552 0.071563
0.143465 -0.032351 0.258687 -0.632042 0.461311
0.003313 -0.814773 0.377635 -0.614466 -0.307416
-0.214119 -0.799175 0.574355 -0.431766 -0.740323
0.049668 -0.115420 0.484851 -0.771145 -1.135176
-0.190530 -0.015783 0.664897 0.116976 -0.575557
-0.401318 -0.252386 0.788111 0.010424 -0.594988
-1.693767 -0.676733 0.067655 -0.186705 0.182287
-0.309578 0.448745 0.980666 0.179517 -0.663003
-0.681315 -0.632823 0.170781 0.347482 0.208290
0.379570 0.035919 0.157290 -0.139000 -0.874334
0.352674 -0.684801 -0.066492 -0.952327 -0.035773
0.404005 -1.171068 0.130647 -0.894565 -0.254868
-0.053846 -0.015887 0.105105 -0.261629 -0.615487
-0.132940 -0.131915 -0.233574 -0.944706 -0.531631
0.281398 -1.083989 0.035083 -0.872872 -0.585376
0.264484 -1.123005 0.051336 -0.916426 -0.151637
0.319210 -1.125710 0.076271 -0.988360 -0.134166
0.154511 -0.833318 -0.262707 -0.687440 -0.370847
0.689778 -0.886909 -0.100637 -0.914150 -0.089383
0.363385 -1.203653 0.015779 -0.869995 -0.135457
0.151033 -0.713252 -0.156478 -0.720475 -0.543426
0.168461 -1.030543 0.162152 -0.535900 -0.322724
-0.084602 -0.996083 -0.653713 -0.698053 0.061973
0.671020 -1.240009 0.049162 -1.093831 -0.224348
0.266680 -0.399949 -0.629580 -0.995441 -0.375706
0.333899 -0.684275 -0.620012 -0.882538 -0.357429
0.459226 -0.740547 0.006812 -1.027172 -0.253681
0.274815 -0.198654 -0.429786 -0.684426 -0.160598
0.705910 -1.272309 -0.090463 -0.908234 -0.079439
0.579542 -1.153141 -0.270960 -0.730426 -0.073570
0.461852 -0.918262 -0.244739 -1.039119 -0.071252
0.503644 -0.801859 -0.123260 -1.110663 -0.421410
0.389254 -0.452485 -0.619822 -1.143086 -0.541640
