-0.172497 -0.902203 0.248483 -0.109705 -0.421683
-0.969498 0.319853 1.252715 -0.868195 -1.164283
0.339806 -0.833276 0.934527 -0.437370 -0.314826
0.294732 0.251067 0.738816 -0.396681 -0.012583
-0.749031 0.078508 0.643035 0.105870 -0.003492
0.073390 -0.539676 0.847073 0.234420 -0.054272
-0.333181 -0.736535 0.468478 -0.357694 -0.181520
-0.436119 -0.100102 0.707680 0.337576 0.005092
0.180845 0.168308 0.548357 -0.149443 -0.537250
0.773900 0.277213 0.703898 0.280606 0.451889
0.484823 0.345952 0.755856 0.610559 -0.006153
0.330969 -0.155701 0.888824 0.098916 0.350039
0.853098 -0.344824 0.574703 -0.349594 -0.248697
0.020649 -0.291248 0.593160 -0.097232 0.081781
0.434735 -0.091660 0.252230 0.765780 0.389039
0.188066 -0.523246 0.139060 -0.217744 -0.765660
0.714440 0.409453 0.754227 -0.153213 0.126064
0.059093 -0.023605 0.908253 -0.245226 0.138599
-0.178746 -0.253007 1.144722 -0.108191 -0.022691
0.083762 -0.769409 0.777249 -0.118293 -0.178536
-0.092057 0.494369 0.660228 -0.227711 -0.364495
0.358562 -0.345024 0.581230 -0.469628 -0.149520
0.054416 -0.359518 0.758806 0.848138 -0.150225
-0.110416 -0.436952 -0.216069 -0.132643 -0.288895
-0.104560 -0.512099 -0.174881 0.411592 -0.254024
0.789616 -0.154096 0.525088 0.204860 -0.728665
-0.216850 -0.697779 0.158775 -0.563075 -0.077442
0.260443 0.003226 0.733450 -0.113814 0.199506
-0.208635 -0.872300 0.757542 -0.243350 -0.106857
-0.101142 -0.811624 -0.115042 -0.052289 -0.036000
0.256483 0.046538 0.784755 -0.424536 -0.371462
-0.125050 0.143616 0.026543 -0.065398 -0.079156
-0.668521 0.280385 1.051693 0.586005 -0.622090
0.230715 -0.519966 0.969063 -0.556073 -0.452168
-0.245052 0.436759 -0.126825 0.155109 -0.873036
-1.222187 -0.658870 0.476242 -0.346190 -0.811296
0.123536 0.076229 0.078702 0.135075 -0.272624
-0.640247 -0.963546 0.438563 0.344694 0.081363
1.053789 -0.334093 1.167477 -0.201734 -0.244222
-0.217643 -0.408386 0.290041 0.076981 -0.913324
0.925907 -0.101626 0.782274 -0.249944 0.087330
0.484967 -0.384875 0.574593 -0.399995 -0.814505
1.068628 -0.918458 0.375313 -1.017814 -0.418545
-1.206243 0.087464 0.639703 -0.122196 -1.120293
0.278807 -0.189351 0.876810 -0.347038 -0.474915
0.405144 -0.958104 0.645088 -0.591986 0.260756
0.135645 -0.972299 0.706790 -0.599781 -0.037554
-0.588356 -0.583434 0.199715 -0.061188 0.291833
-0.624260 -0.531260 0.645149 -0.058876 0.093223
-0.653971 -0.457811 0.583395 0.169898 -0.088594
-0.861721 -0.382040 0.652927 0.136404 -0.215435
-0.519808 -0.906292 0.744335 0.066428 -0.245955
-0.534043 -0.926409 1.045919 -0.746366 -0.194739
-0.398520 -0.969319 0.483796 -0.453534 -0.028254
-0.668055 -0.684929 0.209651 0.059692 0.579003
0.452847 -0.072539 -0.141606 -0.242147 0.303697
0.414794 -0.421557 -0.132023 -0.760775 -0.211869
0.608315 -0.581598 0.165615 -0.606704 -0.629751
0.151903 -0.751924 0.213745 -0.422438 -1.043028
-0.920706 -0.361577 0.667542 0.162886 -0.194607
0.343187 -1.154154 0.181780 -0.393606 -0.366525
-0.295722 -0.880041 0.137929 -0.249291 0.049724
-0.135499 0.557697 -0.147111 -0.579759 -0.044523
-0.270966 -0.858698 0.286355 -0.332447 0.040347
-0.430553 -0.499806 0.489897 -0.294451 0.297664
-0.338157 -0.379422 0.471033 -0.005576 0.175490
-0.343759 -0.368298 0.298566 -0.187057 -0.387302
-0.150831 -0.343489 0.207606 0.594842 0.151454
-0.446610 -0.209534 0.568122 -0.518407 -0.670608
0.131645 -0.243151 0.786996 -0.864460 -0.921988
-0.282524 -0.556227 -0.003914 -0.459780 0.124517
0.273548 -0.065305 0.907273 -0.226663 0.123237
0.068628 -0.218711 0.130672 -0.124487 -0.628848
-0.038285 0.550478 -0.138980 -0.177456 -1.015385
0.127301 -0.483609 1.344896 -0.159221 -0.478729
0.399009 -0.549428 1.056223 -0.028715 -0.160057
0.812069 -0.255971 0.722429 -0.094062 -0.148757
-1.056285 0.148601 1.241641 0.612131 -0.469825
0.136378 -0.297862 0.739372 0.168419 0.048432
-0.139134 -0.400172 0.564175 0.105088 -0.590770
-0.435071 -0.465627 -0.018351 -0.117055 0.291376
0.618318 0.043826 0.619729 -1.485633 0.693109
0.425890 -0.111003 0.992734 -0.382401 0.159129
0.092190 0.021192 0.583363 -1.056226 0.118109
-0.018371 -0.431696 1.311042 0.250073 -0.080389
0.224511 -0.078310 1.021536 -0.158826 -0.115385
0.456716 -0.158444 0.630806 0.073929 -0.686509
-0.323696 -0.132819 1.020575 -0.003239 -0.037958
0.458338 -0.233935 0.121179 -0.692621 -0.951987
0.287416 -0.355277 0.586738 -0.506496 -0.504990
-0.108397 -0.556731 0.549241 -0.721330 -0.166575
-0.303176 -0.850097 0.226310 -0.713671 0.179852
0.685708 -0.677084 0.227183 -0.371686 -0.365432
-0.107199 0.004346 0.847462 -1.248710 0.302218
0.452449 -0.061196 0.073820 -0.239858 -1.340641
0.538435 -0.522129 -0.291431 0.227778 0.063955
-0.133947 -0.873788 0.572301 -0.079631 0.037118
0.445190 -1.382991 -0.033996 -0.630783 -0.196786
0.394561 -0.867821 -0.263099 -0.859218 -0.468881
0.306714 -1.080490 0.126643 -1.033770 -0.504365
0.006965 -0.726039 -0.392662 -0.372680 -0.221759
0.323858 -0.721275 -0.457960 -0.614330 -0.152967
0.315233 -0.976734 -0.107180 -0.998048 -0.236894
0.405991 -0.640207 -0.358113 -0.774084 -0.473094
0.194522 -0.574990 -0.507199 -1.004652 -0.306874
-0.190814 -0.521366 -0.104109 0.190998 0.509501
0.649554 -1.086860 -0.100082 -1.009361 0.374485
0.406511 -0.542002 -0.349214 -1.085066 -0.098502
0.598432 -1.064715 -0.049812 -1.238074 -0.149534
0.156733 -0.894677 -0.564863 -0.695377 -0.324224
-0.270961 -0.581586 -0.677270 -0.349493 -0.058022
0.819004 -0.984273 -0.375100 -0.201482 -1.165594
-0.305670 -0.622674 -0.480053 -0.512593 -0.428056
0.656501 -0.982231 -0.284026 -1.074854 -0.403546
0.361717 -0.830557 -0.286423 -1.012240 -0.296167
0.365624 -0.757740 -0.366754 -0.947105 -0.290948
0.479119 -1.266792 -0.049548 -0.966518 -0.082025
0.585531 -0.953099 -0.188941 -1.077706 0.212617
0.269143 -0.565369 1.155468 -0.494494 -0.430085
0.418879 -0.697875 -0.169309 -1.261555 -0.430313
0.332106 -0.734286 -0.164908 -0.910245 -0.311559
0.630736 -0.987639 -0.171221 -0.930499 0.204926
