-0.189666 -0.956875 0.392010 0.111214 0.232331
-0.771432 -0.007188 0.329014 -0.351746 0.102895
-0.056035 -0.264983 0.917915 -0.637561 -0.148506
0.488292 -1.275228 0.025717 -0.062584 -0.244362
0.083898 0.094735 0.760493 -0.029008 -0.016635
0.225581 0.335896 1.112695 -0.749549 0.277575
0.615538 -0.178958 0.218625 -0.773735 -0.460208
-0.662997 -0.226465 0.490271 -0.417620 -1.252656
-0.086646 -0.825696 0.488964 -0.699223 -0.839728
0.818649 -0.693655 0.654045 -0.147296 -0.597839
0.881197 -0.509410 0.265489 -0.390666 0.033520
0.362673 -0.968193 0.280552 -0.766693 -0.613547
-0.285406 -0.399248 0.697882 -0.236228 -0.336005
0.269053 -0.487302 0.583673 -1.203559 -0.084598
-0.075369 -0.188491 0.800603 -1.253415 -0.392469
0.920353 -0.082440 0.663234 -0.257395 -0.628195
-0.115783 -0.574235 0.969300 -0.492242 -0.753001
-0.214908 -0.229606 0.425861 -0.195915 -0.635314
-0.402958 -0.667792 0.193669 -0.703664 0.176770
0.231021 -0.544766 0.963465 -0.534470 -0.338790
0.935943 -0.511385 -0.192734 -0.825448 -1.075716
0.477964 -0.752109 -0.072783 -0.280349 -0.734563
0.210403 -0.382395 0.219003 -1.160607 -0.476053
1.068938 -0.323837 0.024090 -0.538958 -0.325509
0.181896 0.123199 0.404438 -0.313561 -0.511575
-0.504473 -0.094116 0.457794 -0.519200 -0.115733
-0.511761 -0.004933 0.993150 -1.316561 -0.070755
0.471773 -0.625942 0.768276 -0.643121 -0.419759
0.803858 -0.757257 0.070940 -0.440758 -0.921826
-0.548464 0.970663 0.233477 -0.091375 0.063532
0.460790 -0.317183 0.915122 -1.277887 -0.205369
-0.065595 -0.706656 0.685916 -0.556974 0.106545
0.013462 -0.734048 0.526380 -0.891122 0.399536
-1.337743 -0.154782 0.293920 -0.060613 -1.081265
0.753224 -0.921529 0.001780 -0.554926 0.102029
0.296472 -0.505346 0.318425 -1.180782 0.206595
0.193222 -0.474427 0.539302 -0.312770 -0.523422
0.221969 -0.370195 0.158744 -1.163456 -0.489315
0.188355 -0.334279 -0.165000 0.214393 -0.429006
0.469129 -0.432404 0.650662 -1.547367 0.055967
-0.179051 -0.536546 0.386197 0.276892 -0.789071
0.536767 -0.702193 0.705576 -0.491600 0.087531
-0.335173 0.011585 0.661050 -0.347501 -1.017717
-0.085285 -0.380601 0.649775 -0.387940 -0.867252
0.393886 -0.565768 0.556786 -0.147381 -0.259828
0.271883 0.005191 0.253103 -1.257976 -0.243654
0.700506 -0.730848 0.108814 -0.527498 -0.474721
0.951743 -0.504621 0.011267 -1.218766 -0.781638
0.421318 -0.575232 0.434442 -0.787329 -0.185806
-0.526551 -0.087282 0.639931 0.034734 -0.978188
0.446285 -0.445482 0.091841 -0.625912 -0.463952
0.488548 -0.730006 0.367773 -0.821739 -0.326213
0.720649 -0.472613 0.167598 -0.787586 -0.086271
0.542085 -0.226432 0.440286 -0.983058 0.157683
0.021225 -0.605485 0.132519 -0.401627 -0.213693
0.627674 -0.848399 0.105400 -0.489079 -0.646123
-0.010515 -1.011615 0.624254 -1.015732 -0.230455
0.074604 -0.612223 0.736332 -1.123803 -0.296557
0.489129 -0.750037 0.026895 -0.682391 -0.313364
-0.581176 -0.330809 0.637704 -0.842471 0.458297
0.226200 -0.276325 -0.036618 -0.981638 -0.379142
0.565494 -0.269069 0.452209 -0.471738 -0.706177
0.711698 -0.358954 0.638043 -0.451472 -0.342762
1.278286 -0.667395 0.358009 -0.676134 -0.671243
-0.236026 -0.350467 0.964496 -0.516368 -0.355231
-0.562267 -0.701025 0.443112 -0.451950 0.319524
0.556538 -0.741428 0.136276 -0.695113 -0.748166
-0.452463 0.498298 0.677897 -0.617261 -0.648890
-0.932714 0.250029 0.896497 -0.744019 -0.627271
0.776240 -0.855137 0.466179 -1.052806 0.436054
-0.071274 0.102974 0.790448 0.566335 -0.150925
-0.285625 -0.184562 0.800250 0.049955 0.405450
0.189063 -0.186431 0.562396 -0.811551 -0.450121
0.338466 -0.786952 0.009850 -0.247884 -0.330450
-0.999274 -0.064563 0.758851 -0.682522 -0.154383
0.878475 -0.074654 0.819420 0.277797 0.173355
0.710224 -0.670086 0.672101 -0.585863 0.245085
0.805343 -0.606593 0.811580 -0.415989 -0.441737
-0.470054 -0.400803 0.773270 0.182560 -0.433299
-0.146873 -0.011757 0.838676 0.391297 0.352589
0.128480 0.028905 1.462660 -0.052272 -0.290282
-0.045685 -0.210631 0.984897 -0.288621 -0.136820
-0.297083 0.115081 0.377935 -0.295230 -0.576597
-0.144337 0.245145 -0.186362 -0.127903 -0.261431
0.723219 -1.200180 0.297419 -0.661189 -0.410144
0.311026 -0.270649 0.315607 -0.110940 -0.639001
-0.227358 -0.288175 -0.075759 0.112833 0.201425
-0.294139 -0.032888 -0.077826 0.017894 -0.668503
-0.152472 -0.019094 0.904349 -0.643820 -0.054906
0.308855 0.632037 -0.576338 0.486768 0.117356
0.476041 0.325646 0.123951 0.202047 -0.264158
-0.279908 -0.378161 0.777108 -0.117530 -0.813563
-0.103445 0.408777 0.557797 0.271723 -0.223370
-0.025457 -0.420514 0.449018 0.027228 -0.467672
0.320512 -0.721113 0.339048 -0.482921 0.344133
0.180645 -1.004550 0.525245 0.814096 -1.291622
0.776792 -0.085806 0.073428 0.505838 -0.548265
0.183486 0.793912 1.268668 -0.159815 -0.431853
-0.003862 0.816079 -0.188184 -0.499986 -1.019031
-0.582168 0.059937 0.435804 -0.358798 -1.468324
-0.188533 -0.556670 0.145799 0.153832 -0.172654
-0.294305 -0.524069 0.519840 -0.079045 -0.559993
0.658118 -0.399481 0.252659 -0.660690 -0.380822
0.314666 -1.085706 0.046183 -0.158564 0.533607
-0.057014 -0.425228 0.952244 -0.419975 -0.426909
-0.510208 -0.681589 0.807191 -0.294854 -0.202077
0.057848 -0.276074 -0.236763 0.325041 -0.413872
-0.167003 -0.770516 -0.113641 -0.104859 0.104461
0.570700 -0.341392 0.337872 0.273874 -1.184794
0.148021 -0.214328 0.892025 0.015910 -1.224097
0.736511 -0.153107 0.523230 0.338607 -0.524507
0.080305 -0.668699 0.965875 -0.126197 -0.525149
-0.542421 -0.678409 0.987891 -0.153908 -0.554213
0.039314 0.004851 0.377143 -0.154039 -0.592182
-0.208026 -0.357551 0.523241 -0.568504 0.122242
0.132534 -0.365035 0.919159 -0.255126 -0.707657
-0.097478 -0.231520 0.114223 0.006312 -0.389727
0.748097 0.256640 0.105788 0.011048 -0.512200
-0.449450 -0.447533 -0.201669 -0.491602 -1.168845
-0.565770 -0.332975 0.367994 -0.339077 -0.299686
-0.157105 -0.168550 -0.164854 0.231154 -1.020203
0.803948 0.097527 0.088273 -0.163357 -0.431419
-0.005834 -0.529639 0.728482 -0.029229 -0.268004
-0.819203 -0.346699 0.624501 -0.057548 -0.768320
-0.744731 -0.022570 -0.195527 -0.065665 -0.301253
0.010100 -0.741841 0.146814 -0.453564 -0.774107
0.355263 -0.019019 0.826954 0.052925 -0.541621
-0.523405 -0.243654 0.718478 -0.549446 -0.328489
-0.493942 -0.361876 1.343521 0.358937 -0.295219
-0.078530 -0.531993 0.678549 -0.148279 -0.458007
-0.388435 -0.197808 -0.246508 0.119356 0.159956
0.591503 -0.269410 0.480547 -0.195360 -0.113180
-0.203799 0.614656 0.476480 -0.113781 0.185522
0.067036 -0.715774 0.857223 -0.081743 0.054639
-0.142126 -0.527843 0.400769 -0.748421 -0.595063
0.469764 -0.065903 1.065886 0.581066 -0.809490
-0.024854 -0.661381 0.585487 -0.303151 -0.170932
-0.349424 -0.315623 0.477207 -0.149312 -0.539740
0.378418 -0.338932 0.226072 -0.030183 -0.126176
0.926940 -0.434347 0.664660 -0.335778 0.081421
-0.191103 -0.316532 0.776903 -0.333829 -0.375682
0.196859 -0.762303 0.495757 -1.250609 -0.280379
-0.422261 -0.279298 0.722135 0.069957 -0.428730
-0.375281 -0.311915 0.558743 -0.372854 -0.252010
-0.488891 -0.295816 0.610953 -0.524563 -0.623616
-0.168841 -0.208358 0.462734 -0.455119 -0.190624
-0.166505 -0.603559 -0.028974 -0.310658 0.166450
0.358350 -0.174147 -0.306888 -0.525044 -0.632773
0.742613 -0.599547 0.712106 0.089443 -0.818260
0.201720 -0.216446 0.027145 -1.019874 -1.108544
0.275085 -0.101942 0.816113 -0.553025 -0.589073
0.144869 -0.617185 -0.396595 -0.823734 -0.593641
0.463736 -1.020929 0.261129 -1.046518 0.265885
0.417590 -0.975090 -0.221077 -0.785966 -0.357440
0.314466 -0.919861 -0.095579 -0.948425 -0.316970
-0.141160 -0.353647 -0.006621 -1.352409 -0.131375
0.356615 -0.913000 0.032823 -1.287286 -0.212365
-0.058484 -0.248490 0.478064 -0.654623 -0.798213
0.204644 -0.987422 -0.041375 -0.703376 -0.161100
0.188432 -0.725221 -0.397356 -0.976480 -0.226442
0.192559 -0.972778 -0.179373 -0.936535 -0.068908
0.444817 -0.899185 -0.406551 -1.018554 -0.152393
0.160246 -0.707403 -0.311126 -0.947239 -0.155316
0.123826 -0.682983 -0.293508 -0.937931 -0.540193
-0.115496 0.032110 -0.071311 -1.095952 -0.694122
-0.071517 -0.488921 0.858048 -0.589582 -0.235162
0.038720 -0.751420 -0.010547 -1.079822 -0.216991
0.407420 -1.004778 -0.007979 -1.030468 -0.271732
0.291532 -0.697738 -0.334480 -1.094306 -0.341373
0.259694 -0.730989 -0.263062 -0.956270 -0.041375
0.268725 -0.892039 -0.378586 -0.907721 -0.308724
0.435372 -0.923996 -0.153992 -1.034901 0.001809
0.204756 -0.669212 -0.226838 -0.750877 -0.526314
0.364448 -1.061894 0.009133 -1.079520 -0.118027
0.331380 -0.984063 -0.034059 -1.070821 -0.128766
0.481058 -1.077275 -0.070281 -0.984495 -0.288860
-0.199343 -0.987375 -0.548220 -0.418518 -0.199092
0.111387 -0.858353 -0.167123 -0.600127 -0.518320
0.003095 -0.782649 -0.370496 -0.968359 -0.341156
0.321233 -0.726825 -0.295593 -1.016939 0.025109
0.323832 -0.752856 -0.317247 -1.061634 -0.023860
0.358213 -0.804026 -0.322233 -0.993160 -0.313059
0.756961 -0.321744 0.297909 -0.596859 -0.426266
0.191085 -0.505466 -0.387326 -1.020832 -0.129573
