0.457775 0.019295 1.071106 0.045823 -0.536395 0.347228
-0.489902 0.078699 0.574983 0.201472 0.319100 0.331437
-0.538195 -0.459350 -0.140240 0.799149 -0.147315 0.397285
-0.469266 0.140405 0.155140 0.402010 0.078302 0.771122
0.385818 0.041434 -0.631259 0.748525 0.458988 -0.541910
-0.284207 0.068455 -0.989875 0.722444 -0.360871 -0.797586
0.054928 -0.772819 0.076058 0.396495 1.185022 0.371600
-0.957378 -0.445571 0.114173 0.858775 -0.676711 -0.099877
-0.529569 0.318809 0.075907 0.492221 -0.516279 -0.072719
-0.049109 -0.141520 0.339924 1.016448 -0.026207 -0.278198
0.112503 -0.573336 -0.179487 0.343958 -0.424679 0.071490
-0.382107 0.385742 0.280001 -0.098038 0.467797 0.467872
0.603902 -0.386274 -0.050647 0.685844 0.223008 0.014258
-0.167703 1.136470 -0.699831 0.849087 0.127047 -0.383919
-0.340752 -0.037989 0.223031 0.312290 0.007734 -0.095575
-0.311637 0.964085 -0.394097 -0.641258 0.176176 0.671342
-1.098976 -0.014494 -0.178245 0.038031 0.236285 0.322156
-0.121251 -0.087295 0.307125 0.357786 -0.001876 0.165340
0.160373 -0.806652 1.070222 0.868846 -0.682530 -0.293433
0.191157 -0.567485 0.825735 -0.768702 0.278083 0.684367
-0.587080 0.317067 0.437383 0.651559 -0.019107 0.378442
-0.281702 -0.270740 0.446594 0.280111 -0.030300 -0.298806
-0.686714 0.715376 0.260936 0.293967 0.312019 0.493971
-0.037812 -0.095618 0.639145 0.383745 -0.535901 -0.529727
-0.740586 0.379262 -0.892177 0.457188 0.051394 -0.570367
-0.159770 0.830925 0.009570 0.817600 0.125340 0.294719
-0.779154 0.222680 0.507767 0.615102 -0.470184 0.350895
-0.781896 -0.355434 -0.920279 -0.050554 -0.526660 -0.391438
-0.220790 -0.147955 0.396199 0.299431 0.154534 0.179812
-0.266704 0.218878 0.282718 -1.023723 -0.611886 0.465990
-0.310076 -0.120848 0.637498 -0.385737 -0.500499 0.337681
-0.041680 -0.305114 0.286436 0.406534 0.004405 -0.060568
-0.156193 0.425775 0.976420 0.000290 -0.037660 0.273359
0.347367 0.391589 0.058529 0.069874 -0.546487 -0.835488
-0.487736 0.330911 0.973767 0.179889 0.226726 0.869467
-0.702941 0.697442 -0.288063 0.320858 -0.059355 0.132092
-1.036867 0.368333 -0.131818 0.144349 0.246120 0.102461
0.164603 -0.344914 -0.349184 0.356975 -0.405110 0.461362
-0.785822 0.882913 -1.090134 -0.123991 0.435962 0.019664
-0.244678 -0.122527 -0.760264 -0.231458 0.033279 0.821735
-0.556452 -0.618480 -0.017121 0.454099 -0.250507 -0.452397
-0.540120 0.291226 -0.394875 -0.154907 -0.095663 -0.660567
-0.202431 0.013893 0.884525 -0.319574 -0.735215 0.416619
-0.964658 -0.153511 0.510971 0.689506 -0.113674 0.185596
-0.602515 -0.108530 -0.024186 0.590659 0.205866 -0.473885
-0.055469 0.284389 0.773460 -0.261567 -0.708397 0.624407
-1.072733 0.254472 -0.110382 -0.103974 0.248257 -0.038465
0.089641 -0.331940 0.595438 0.087928 -0.328742 0.233472
-0.334519 0.504485 0.051528 0.793026 0.694899 0.323177
-0.271998 -0.529953 0.392964 0.211886 0.128545 0.259486
0.202972 -0.689785 0.453445 0.087545 -0.062638 0.374553
-0.564688 0.054936 0.297676 -0.029416 -0.038769 -0.068609
-0.237902 -0.380629 0.928006 0.447242 -0.328861 0.528303
-0.164091 0.581749 -0.296113 0.512674 0.077252 0.230127
-0.296670 -1.117286 0.140001 -0.182452 0.206151 -0.556548
-0.538849 0.647802 -0.189483 0.416943 0.118018 0.797104
-0.269055 1.119134 -0.015070 0.300670 0.163170 0.055964
-1.230352 -0.060187 -0.171026 0.192893 0.014725 0.113479
-0.702204 -0.183699 0.356041 0.142491 -0.665398 0.809913
-0.171315 -0.469089 0.784783 -0.083790 -0.906179 0.378697
-0.426849 -0.278834 -0.505031 0.577398 -0.199641 -0.320987
-0.698979 0.990831 -0.474648 0.408482 -0.718673 0.042279
-0.342526 0.619867 0.464951 -0.125136 0.010402 0.586759
-0.051002 -0.242677 0.141485 0.556450 -0.001229 -0.181274
-0.708673 0.157425 -0.730819 -0.006315 -0.682324 -0.618112
0.663606 -0.153603 0.830118 0.384464 0.641770 0.150256
1.024742 0.076917 1.405744 0.354906 -0.201281 0.028207
0.161317 -0.356557 -0.382283 -0.139104 0.469790 -0.343404
-0.002702 0.782480 -0.556937 0.544816 -0.503008 -0.198745
0.112632 -0.009551 0.152660 0.749332 -0.024126 -0.798718
-0.509714 -0.533552 -0.270636 0.619832 -0.210564 -0.649991
-0.098473 0.116607 0.605000 0.242766 -0.900425 0.699603
0.069378 -0.138235 0.476542 0.633653 -0.412030 -0.266289
-0.557381 0.294588 0.560407 0.437175 -0.222565 0.179486
-0.822602 0.382762 0.219520 0.357911 0.100305 0.275767
-0.807392 0.180409 -0.051791 0.032576 0.092368 0.529654
-0.866778 0.375910 0.268163 -0.002857 -0.114471 0.715163
-0.731213 0.277987 -0.046807 0.040432 -0.051393 0.494294
-0.709238 0.465779 0.216370 0.726535 -0.133249 0.790839
-0.139643 0.780934 -0.662023 0.579494 0.108664 0.137385
-0.630352 -0.030298 -0.391003 0.659395 0.082217 0.281084
-0.792664 0.016727 -0.446096 0.246977 0.223654 0.250727
-0.246969 0.599708 -0.249642 0.063322 0.379002 0.474852
-0.392846 0.633037 -0.140215 0.007186 0.496670 0.702779
-0.360889 0.260861 -0.389322 0.351772 -0.011889 0.897808
-0.198680 0.558975 -0.067159 0.630193 -0.139901 0.142040
-0.479604 -0.500727 0.583919 0.482724 -0.981186 0.612705
-0.524332 0.137647 0.508128 0.668459 -0.632194 0.155913
-0.363988 -0.106596 0.303358 0.371837 -0.212534 -0.289455
-0.352487 0.046296 0.386202 0.412214 -0.556875 -0.089747
-0.501169 0.002759 0.360135 0.428747 -0.210508 -0.009641
-0.068648 -0.618121 0.294850 0.781772 -0.190132 -0.133367
-0.641757 -0.028041 0.270028 0.774428 -0.634267 0.317862
-0.247175 -0.457179 0.215483 0.773706 -0.250269 -0.308917
-0.155566 -0.344337 0.332775 0.596511 -0.514954 -0.182084
-0.151269 -0.515103 0.294333 0.990560 -0.255816 -0.200264
-0.041892 -0.420989 0.819223 1.244707 -0.662159 0.369620
-0.476034 -0.356504 0.078991 0.457943 -0.611974 0.133494
0.001063 -0.436362 0.550981 0.678294 -0.454185 -0.303113
-0.607381 -0.195443 0.496673 0.165368 -0.021878 0.283313
-0.741042 0.005068 0.296287 0.118817 -0.220081 0.564759
-0.524059 0.108306 0.587856 0.325858 -0.412989 0.548634
-0.475694 0.375412 0.597559 0.543707 -0.027769 0.539621
-0.490983 0.302918 0.573131 -0.007772 0.132232 0.650563
-0.897353 0.416622 0.080295 0.337731 -0.057812 0.618927
-0.689404 0.300034 0.486803 0.295257 -0.457022 0.516126
-0.199163 -0.295087 0.828282 0.520412 -0.072978 0.493463
-0.565731 0.040817 0.205943 0.167791 -0.199716 0.085093
-0.485393 0.254205 0.445970 0.694817 -0.423226 0.447120
-0.193044 0.559499 -0.030127 0.038368 -0.044811 0.416971
-0.929349 0.631076 -0.109775 0.399070 -0.003962 0.610344
-0.140048 0.044539 -0.228294 1.445952 0.116710 0.312062
-0.124879 1.313673 0.096307 0.059741 -0.400034 0.407833
0.717618 0.093880 0.638381 -0.364888 -0.534200 -0.297284
0.347742 -0.018540 0.318721 0.208896 0.578812 -0.145002
0.028953 0.148444 -0.195554 0.857120 -0.068276 -0.185163
-0.644384 0.089174 -0.144659 0.579304 -0.166263 -0.018453
-0.061166 0.093613 0.428273 0.513255 -0.487953 -0.351325
-0.092506 -0.600573 0.533109 0.376400 0.098755 -0.131074
-0.984376 0.199726 -0.805158 0.584164 0.474999 0.220330
0.150513 0.364800 -0.093087 -0.210874 -0.664374 -0.126095
0.023887 -0.520894 0.490284 0.499247 -0.731957 -0.268698
-0.322274 -0.172215 -0.228468 0.193519 0.151605 0.265787
-0.774760 -0.148951 0.065153 0.400280 -0.231633 -0.117193
-0.081714 0.216428 -0.387472 -0.182283 0.109243 -0.820645
1.003132 -0.084420 0.517960 0.083079 -0.311700 0.527325
-0.642947 0.224078 0.170618 1.031820 0.261906 0.702161
-0.469266 0.140405 0.155140 0.402010 0.078302 0.771122
0.099526 0.261702 0.108126 0.157863 0.332691 0.384126
-0.647023 0.058514 -0.088771 0.119962 -0.254284 -0.647044
-0.083001 -0.679719 0.042893 0.991142 0.101203 -0.673705
-0.548601 0.250737 0.675480 0.606994 -0.297799 -0.021165
-0.017092 0.031773 -0.308393 0.473388 -0.157828 -0.605134
-0.309652 1.282766 -0.766022 -0.238457 -0.306875 0.418882
-0.335399 0.465769 0.459814 0.539834 -0.680583 0.371332
-0.501323 0.382849 -0.239876 0.312436 -0.803198 0.176812
-0.247153 1.334238 -0.350813 0.035084 0.031618 -0.432514
-0.576978 1.420750 -0.529406 0.697678 -0.163512 -0.042779
-0.193690 0.054625 0.486509 0.999750 -1.384833 0.245767
-0.077269 -0.246331 0.537153 0.499305 -0.493812 0.271768
-0.254827 -0.381716 -0.482108 0.967904 -0.019151 -0.767434
-0.346675 0.107508 -0.255747 0.743555 -0.485611 -0.085033
0.232734 -0.845753 0.953109 0.287507 -0.436347 0.474627
-0.330058 -0.184259 0.139823 1.060483 -0.334365 -0.002218
-0.328988 -0.951663 0.208671 0.451724 0.141010 -0.749981
-0.111834 1.049534 0.404230 0.869413 0.495232 0.373427
-0.361089 0.491206 -1.044088 0.419511 0.177096 0.180020
-0.422879 -0.296884 0.378529 0.399534 -0.174517 0.116276
0.260458 -0.061886 0.110387 0.653835 -0.002049 0.271682
0.480141 0.496042 -0.007595 1.054234 -0.462282 0.045987
-0.301447 -0.252802 0.400697 0.659774 -0.886706 0.137082
-0.502874 0.391182 -0.507870 0.597074 -0.111668 -0.135819
-0.578879 -0.145418 -0.019898 0.554064 -0.425780 -0.231527
0.166914 -0.363296 0.502537 0.728960 -0.402797 0.050524
-0.597884 0.987353 -0.010799 0.260327 -0.791785 0.483000
-0.419642 -0.203622 0.482645 0.282220 0.055416 0.039726
-0.238053 -0.619669 0.322007 0.547964 -0.477971 -0.677974
-0.277831 -0.848119 0.084165 1.577931 0.036853 -0.469793
-0.394867 0.883499 0.150129 0.105117 -0.191056 0.129769
-0.709756 0.546372 0.269065 0.038371 -0.663592 0.005243
-0.075519 0.030269 -0.023109 0.688516 0.181943 0.111923
-0.293730 0.082546 0.038171 0.494720 0.253899 -0.382159
-0.599212 0.829061 0.294658 0.044542 0.016084 -0.271830
0.021644 -0.476979 -0.110402 1.389738 -0.436480 -0.133723
-0.139810 -0.266702 -0.245007 1.422623 0.015788 -0.683746
-0.680136 0.789440 -0.164859 0.077185 -0.404835 0.073189
-0.203854 0.725267 -0.202960 -0.252463 -0.263817 0.210551
-0.313710 0.499925 0.239612 0.923356 -0.392386 -0.142535
-0.689875 0.253898 0.385110 0.284953 -0.321725 0.230277
0.092299 0.374467 -0.200349 0.247049 -0.195154 0.131369
-0.344377 0.635405 0.219281 0.479801 0.094860 0.456273
-0.125244 -0.676500 0.178194 1.257251 -0.281228 -0.604052
-0.358502 -0.591507 0.638031 1.240851 -0.234071 -0.181686
-0.287202 -0.242119 0.096002 0.726933 -0.052777 -0.988154
-0.323233 -0.894851 -0.027276 0.745837 -0.562173 -0.428932
-0.124680 -0.695006 0.274056 0.630911 -0.368138 -0.383505
-0.305866 -0.815617 0.408630 0.941880 -0.193909 -0.394460
0.168304 -0.605438 0.255397 0.716350 -0.215207 -0.614430
-0.365032 -0.736022 0.284917 1.202428 -0.249438 -0.642006
-0.884918 -0.022696 -0.957282 0.689744 -0.296092 -0.130936
-0.220483 -0.575257 -0.126064 1.287158 -0.440352 0.033000
-0.723767 -0.427504 0.722575 0.014709 -0.104104 -0.108464
-0.460276 0.427420 0.461965 0.463274 -0.960114 0.084078
1.003132 -0.084420 0.517960 0.083079 -0.311700 0.527325
-0.469266 0.140405 0.155140 0.402010 0.078302 0.771122
-0.508316 -0.432528 0.205996 0.066723 0.707071 0.185173
-0.427692 -0.876770 -0.549981 0.961310 -0.070668 -0.166245
0.306757 -0.610888 -0.393881 0.173349 -0.169474 -0.501145
-0.262455 -0.149653 -0.169611 0.282072 0.286445 0.184329
-0.712554 0.063244 0.608755 0.152531 -0.022025 -0.026936
-0.379720 -0.126107 0.290498 -0.108085 0.137555 -0.404838
-0.902216 0.451293 -0.238950 -0.090654 -0.649378 -0.443821
-0.153733 0.880238 -0.298678 0.381844 0.033778 -0.357508
-0.476782 0.405630 -0.416193 0.143487 -0.523350 -0.587204
-0.457737 -0.309381 0.519480 0.055537 0.694328 -0.021980
-0.617775 -0.364510 0.473655 0.385636 0.653352 0.239390
-0.585232 0.191350 0.270193 -0.043768 -0.156526 -0.048274
-0.200315 0.010128 0.010646 0.197218 -0.398032 0.337377
-0.110480 -0.075687 -0.802497 0.612668 -0.088715 -0.433828
-0.295200 0.410835 0.415195 -0.060973 -0.668811 0.519637
-0.037345 0.000452 0.357329 -0.086630 0.288005 0.470259
-0.214259 0.266118 -0.077541 0.068071 0.147536 0.056864
-0.255460 0.151718 -0.136870 0.471294 -0.390003 -0.182145
-0.376365 -0.143800 0.530057 -0.054741 0.341941 0.278107
0.029934 -0.059806 0.105818 0.020893 -1.201580 -0.393918
-0.600660 -0.082933 0.299949 -0.368726 0.245720 -0.227234
-0.428304 -0.015381 -0.369158 0.222256 -0.023410 -0.209594
-0.492095 0.455902 0.190083 0.304517 0.548031 0.028793
-0.264724 -0.425483 -0.271520 0.232883 0.286643 0.473220
-0.031165 -0.817904 0.199267 0.894901 0.105778 -0.098962
0.236016 0.101014 -0.262173 0.393372 -0.074038 -0.353228
0.084403 0.134482 0.352759 0.148370 0.018677 0.491064
-0.626355 0.801114 -0.037406 -0.019937 -0.052331 1.031695
-0.433492 0.607470 0.013963 0.381983 -0.346232 0.518654
0.239834 0.969452 -0.396146 0.700485 -0.454627 -0.279024
-0.548784 0.380099 -0.569922 0.290482 -0.023939 0.597161
-0.428896 -0.448256 -0.879594 0.352975 0.086287 -0.347669
-0.380439 -0.402373 0.036531 0.646950 -0.888162 -0.407350
0.202890 0.430023 -0.320151 0.321411 -0.041862 -0.011995
-0.194482 -0.713522 -0.187334 0.654949 0.046784 -0.665057
0.180961 0.913617 0.789428 0.255576 0.329279 0.388449
-0.186429 0.533432 0.168496 0.590714 0.160250 0.508563
0.215664 1.317594 0.194465 0.164562 0.564315 0.481836
-0.069584 0.759344 0.105734 0.685850 0.453639 0.077364
0.416440 0.619445 0.020352 0.776519 0.321153 -0.158580
-0.184633 0.762767 0.533472 0.724276 -0.035699 0.609611
0.062773 0.658123 0.438566 0.561388 -0.157871 0.474004
-0.091567 0.635335 0.515925 0.552646 -0.027979 0.204197
0.151670 0.925939 0.165395 0.054201 -0.033869 0.732025
0.036492 0.718029 0.418673 0.580379 0.220505 0.485968
0.361963 0.616069 0.067734 0.216456 -0.195176 0.298992
0.131424 0.370770 -0.007995 0.260576 0.224406 0.378356
0.134866 0.842095 0.484971 0.316472 0.033358 0.530532
-0.073313 0.579466 0.158820 0.657145 0.311001 0.281990
-0.005351 0.786787 0.271439 0.262753 0.206806 -0.120718
0.232204 0.899683 0.240714 0.142584 -0.135627 0.879309
0.328890 0.354055 0.383211 0.709696 0.106748 0.397794
-0.249581 0.521002 -0.006887 0.942006 0.397693 0.352554
0.230261 0.782179 0.212009 0.596518 -0.247985 0.795292
0.300776 0.754749 0.322688 0.589792 -0.151123 0.781941
-0.234266 0.767766 0.331505 0.505060 -0.160916 0.241382
0.194260 0.585342 0.462860 0.427385 -0.106324 0.653381
0.161234 0.847976 0.561887 0.414719 0.006360 0.646006
0.146854 0.779269 0.493763 0.459230 0.107054 0.552434
