-0.041369 -0.243995 -0.025427 0.607807 -0.372776 -0.601163
-0.301781 0.514943 0.103814 0.314860 -0.014599 0.140229
-0.507101 0.542795 -0.329612 0.401985 -0.551049 0.135881
-0.429674 -0.296286 0.628851 0.164805 -0.363089 -0.320786
-0.448461 1.027819 -0.773361 0.253657 0.020879 0.278650
-0.918270 0.504883 -0.152705 0.363335 -0.184921 0.504788
-0.260875 -0.007719 0.621392 0.142667 -0.312485 0.133157
-0.419046 -0.087494 0.158095 0.317376 -0.169210 0.243563
0.565483 -0.898494 1.233264 1.214644 -0.340563 -0.173588
-0.632030 0.307702 0.346577 0.482113 -0.200623 0.019941
-0.931543 -0.112570 -0.044072 1.362553 0.798421 0.275474
-0.219354 -0.672793 0.488874 1.031688 -0.023867 0.133752
-0.371390 -0.056229 -0.052615 0.107913 0.432176 0.125171
-0.213890 -0.878509 0.244920 0.670082 -1.165562 0.409669
0.569262 -0.736337 -0.268648 1.002113 -0.658090 -0.674864
-0.103732 -0.460102 0.600045 0.400779 -0.458701 0.563782
0.089750 -0.919499 0.373905 0.896262 -0.535490 -0.028907
-0.494035 0.285267 -0.218120 0.504694 -0.364594 0.201234
-0.046073 0.979223 -0.147191 0.245706 -0.331833 0.165258
-0.456049 0.241865 0.060655 0.854693 -0.127009 -0.532893
-0.003905 0.636133 -0.271050 0.256409 0.508382 -0.264948
-0.590536 0.040286 0.042958 0.361602 -0.564005 0.332822
-0.486687 -0.231200 -0.154718 0.355279 -0.392953 -0.229897
-0.265871 0.318168 0.050824 0.294539 -0.189101 -0.108861
-0.244899 -0.738537 -0.229779 0.309857 0.470924 -0.680674
-0.013328 0.072772 -0.359061 0.517750 0.479089 -0.084862
-0.322458 0.375541 -0.020982 0.751042 0.113832 -0.197100
-0.000815 0.451810 -0.108712 0.457087 0.415300 -0.235124
-0.416794 0.179865 -0.187063 0.463774 0.507622 -0.361678
-0.110680 0.602410 -0.162998 -0.094095 -0.234513 -0.472154
-0.505507 -0.531030 0.389310 0.209512 -0.011378 -0.334387
-0.280271 0.376477 0.269555 -0.161970 0.184698 -0.142515
-0.621196 0.469051 -0.048773 -0.093503 0.599296 0.429001
-0.611182 -0.068983 0.018959 0.838424 0.068176 -0.193892
-0.497379 -0.261322 0.504300 0.013953 -0.313657 -0.054472
-0.071057 0.241332 0.325734 0.246718 -0.150886 -0.479146
-0.796725 0.256601 0.286246 0.173456 -0.039134 -0.385879
-0.128570 -1.226064 -0.128254 0.637604 -0.173848 -0.219667
-0.204155 -0.293004 -0.213418 0.559236 0.057446 0.033668
0.048260 -0.188531 0.270107 0.167939 -0.433348 -0.401804
-0.824458 0.203342 0.629506 0.823477 -0.634180 -0.289720
-0.402028 -0.154206 0.047161 0.718829 -0.488988 0.380773
-0.031896 -0.204346 -0.271108 0.414467 -0.587072 0.042758
-0.562175 0.616097 -0.243442 1.205044 0.315918 -0.298444
-0.182625 0.457168 0.016578 0.096957 0.129756 -0.545607
-0.437493 -0.169950 0.379296 1.283573 -0.025445 -0.071766
0.028979 -0.246703 -0.376902 0.400658 -0.292550 -0.443306
-0.849321 0.182031 -0.212526 0.411353 0.048366 0.023446
-0.478349 1.001531 -0.732703 0.142229 -0.003714 0.529572
-0.298036 0.461757 -0.107329 0.385352 -0.482379 0.367705
-0.338021 0.646423 0.007482 -0.120303 0.370667 -0.022916
0.013357 0.681908 0.472508 0.724525 -0.588192 0.222279
-0.453452 0.472418 0.176452 0.611996 -0.690849 0.169997
-0.492479 -0.190927 -0.000306 0.410022 -0.072135 0.159812
-0.265788 -0.259046 -0.383416 0.730688 -0.196589 -0.091924
-0.513476 -0.234939 0.478513 0.661708 -0.497205 -0.446991
-0.735697 0.370838 -0.008159 0.732394 0.716765 -0.557013
-0.472509 0.303653 0.145350 1.052995 -0.460989 -0.251376
-0.218448 -0.205945 0.370540 0.260821 0.381713 0.200616
-0.293148 -0.212428 0.902704 -0.009701 -0.002069 -0.634669
-0.032438 -0.132926 0.416730 0.334877 -0.023216 -0.198762
-0.590416 0.169351 -0.168734 0.618866 -0.287798 -0.582573
-0.214193 0.285115 -0.365974 -0.019613 0.245492 -0.032029
-0.630030 0.269241 -0.149216 0.734698 -0.330884 0.071099
0.033980 0.515512 0.776789 0.073846 0.244050 -0.581544
-0.764419 0.224447 -0.377214 0.887801 0.100722 -0.051071
-0.168980 -0.033441 0.008088 0.870720 -0.107886 0.227448
0.172715 -0.504883 -0.028364 1.139592 -0.771719 -0.615765
0.148117 0.885520 -0.385581 0.664297 -0.170705 -0.518484
-0.413922 -0.282360 -0.173507 -0.876034 -0.077977 -0.113203
-0.581100 0.067752 -0.565918 1.162758 0.293363 -0.350530
-0.324580 0.516747 -0.150982 0.356013 -0.129573 0.017682
-0.260272 0.298936 0.317852 0.631145 -0.172636 -0.035401
0.785401 -0.280672 0.504994 0.969836 -0.389888 -0.662738
0.227623 -0.689232 0.413086 0.914695 0.116764 -0.611977
0.045500 0.516784 0.733024 0.654271 -0.345256 0.318075
-0.456596 0.529018 -0.658808 0.379786 0.455889 -0.110637
-0.623628 -0.300981 0.523983 0.721854 -0.253139 -0.344448
0.147413 -0.061147 0.301900 0.619877 -0.470301 -0.395000
-0.653003 0.207110 0.336285 0.315997 -0.062799 -0.095297
-0.954605 0.127979 -0.023741 0.805872 0.393600 -0.423755
0.158270 0.221818 -0.376207 0.614414 0.167118 0.485530
-0.533553 -0.128801 0.539829 0.463972 -0.240049 0.429950
-0.711419 -0.097877 0.225866 0.533256 -0.411724 -0.291235
0.200380 0.126619 0.474034 0.628210 0.027699 -0.040599
-0.867934 0.539363 -0.342829 0.009960 0.323450 0.545916
-1.066086 0.371626 0.202308 0.343595 0.151633 0.140083
0.064696 -0.184784 0.085618 0.559690 0.076338 -0.242433
-0.978961 -0.164960 -0.593572 0.629681 0.302950 -0.756576
-1.045131 -0.922236 0.090258 0.785229 -0.167960 -0.823993
-0.232206 -0.075733 0.581635 -0.352942 -0.197459 0.379047
-0.307474 -0.612988 0.551719 0.294142 -0.802287 0.080873
-0.916741 0.092023 -0.051958 0.748831 0.144564 0.409868
-0.343168 0.544333 -0.181313 0.636280 0.578670 -0.202362
0.142595 -0.190490 0.378603 0.984282 -0.486694 -1.060763
-0.161230 0.059281 0.265177 0.834862 0.002523 -0.889176
-0.396462 0.161584 0.316127 0.480870 0.098618 0.195063
-0.554247 -0.562739 0.204448 0.092243 -0.103733 -0.013247
-0.466454 -0.193252 0.102978 0.377872 0.570535 -0.105084
-0.049390 -0.692591 0.191395 0.946890 -0.455128 -0.716228
-0.466861 0.199089 0.515456 0.855313 -0.238904 0.010327
-0.077060 -0.192280 0.306051 1.008413 -0.172626 -0.281785
0.091610 0.640091 0.350062 0.650344 0.066217 0.586408
0.160214 0.610275 0.025513 0.591715 0.161399 0.645860
-0.039887 0.767632 0.282523 0.529639 -0.000624 0.464200
-0.048807 0.489834 0.289372 0.835522 -0.088774 0.306789
-0.411694 0.141070 0.325507 0.696142 0.186656 0.250503
0.154930 0.748168 0.701796 0.566559 -0.058181 0.418368
0.266181 0.683951 0.362520 0.381639 -0.165835 0.713840
-0.012939 0.518510 0.313153 0.335601 0.131016 -0.104407
0.131748 0.445245 0.679218 0.175731 -0.056082 -0.004703
0.251221 0.575245 0.793775 0.336603 -0.251595 0.476234
-0.064528 0.823683 0.214796 0.310615 0.261389 0.292999
-0.103378 0.697697 0.614346 0.537157 0.181178 0.313381
0.029413 0.748091 0.424419 0.581783 0.089739 0.606974
0.083215 0.764604 0.653122 0.310580 0.237789 0.399285
-0.121918 0.813579 0.532838 0.537150 0.030518 0.369124
0.146484 0.850348 0.511579 0.477938 0.142173 0.584290
0.041603 1.125204 0.589450 0.879177 -0.087999 0.444766
-0.421745 -0.103808 0.338593 0.701319 0.528818 0.575117
-0.546868 -0.144051 -0.501752 0.458215 0.144007 -0.488796
-0.005617 0.857350 0.527532 0.593515 -0.082643 0.397520
-0.129314 0.586353 0.005439 0.511109 -0.052462 0.214779
-0.214195 0.350831 -0.059466 0.684909 0.436223 0.277207
-0.074268 0.612894 0.242988 0.569687 0.071064 0.270444
-0.253185 0.945903 0.138365 0.284335 0.163813 0.200323
-0.119098 0.515062 0.172982 0.638428 0.358097 0.301780
-0.065566 0.822156 0.701138 0.459282 0.005313 0.454540
