-0.187338 0.221042 -0.417161 0.652579 -0.354003 0.672985
-0.365185 0.401271 0.064747 0.036669 0.232743 0.215759
-0.796732 0.377606 0.163512 0.868042 0.174679 -0.042148
-0.341252 -0.475926 -0.313610 0.434934 -0.870592 -0.488889
-0.387741 -0.552573 0.151301 1.024278 -0.035803 -1.058239
-0.459666 -0.302195 -0.322799 1.047564 -0.463132 -0.810921
-0.656986 -0.036490 -0.449179 0.418077 -0.067807 -0.458270
-0.210878 0.093993 0.535143 0.469398 -0.287151 -0.350579
0.265307 0.569514 -0.129352 0.220936 -0.240861 -0.197749
0.208656 0.671937 -0.081320 0.299651 0.145273 -0.075322
-0.886333 0.411084 -0.021794 0.272117 -0.026683 -0.023068
-0.441066 -0.001713 0.078697 0.117998 -0.149450 0.014896
-0.362147 0.093471 -0.208314 0.361910 -0.146714 -0.462939
-0.701649 0.362603 -0.431443 0.259526 -0.056965 -0.733427
-0.340557 -0.170907 0.211509 0.782708 -0.274855 -0.601601
-0.280197 -0.093094 0.274775 0.600205 -0.935552 0.032417
-0.718524 -0.241813 0.178420 0.464278 -0.715360 0.144808
-0.395841 0.202280 0.012679 0.194235 -0.142198 -0.335349
0.015829 -0.171022 0.548612 0.694505 -0.298434 -0.265691
-0.257112 0.972227 0.109249 0.169886 0.103028 0.103852
0.051496 -0.292528 0.202188 0.696183 -0.243013 0.160317
0.086343 -0.575487 0.087187 1.150686 -0.183874 -0.380317
-0.396922 0.278002 0.744051 0.738676 -0.315964 0.170086
0.046814 0.190406 -0.147541 0.450724 0.233573 0.166595
-0.007653 -0.306029 0.131746 1.031124 -0.382497 -0.648250
-0.468846 0.049167 0.318846 0.596854 -0.380626 -0.138301
-0.377906 -0.711222 0.475293 0.779280 -0.447049 -0.493458
-0.769774 -0.420193 0.389491 0.311502 0.025486 -0.163047
-0.143019 0.681343 -0.345303 0.271984 -0.028691 0.201434
-0.293828 0.242406 -0.005662 0.266578 -0.325442 0.614333
-0.623174 0.078352 0.157287 0.449530 -0.259394 0.046085
-0.440888 -0.645528 0.063762 0.756623 -0.497973 -0.669944
-0.044499 -0.184907 0.640044 0.297757 0.091868 0.160340
0.037214 0.245210 0.461512 0.174898 0.238635 -0.040647
-0.272805 -0.273486 0.039757 0.325708 0.516320 0.209091
-0.274123 -0.015187 0.763650 0.720610 -0.090920 -0.393643
-0.277277 -0.524417 0.328224 0.302891 0.071249 0.274954
0.171418 0.579261 -0.230127 0.832470 -0.579339 0.195308
-0.399727 0.431165 -0.213970 0.641668 -0.325964 0.079574
-0.265271 -0.337109 -0.072557 0.005922 -0.124400 0.015875
-0.327434 -0.178226 0.399222 0.103995 0.027558 -0.205612
-0.064095 -0.893052 0.587902 0.389987 -0.801093 -0.141854
-0.290400 -0.126962 0.340960 0.543692 -0.167371 -0.050687
-0.660402 0.155314 0.102285 1.038171 -0.323495 0.040850
0.023050 0.325508 -0.251147 0.389159 0.774569 0.114372
-0.131924 -0.333278 -0.072475 0.614009 0.100266 -0.300074
-0.478216 -0.313692 -0.270174 0.741805 -0.083240 -0.238602
-0.457198 -0.287053 0.311399 -0.346565 0.467464 0.443215
-0.472138 -0.079085 -0.739801 0.796649 -0.182432 0.499556
0.017498 0.732723 0.126923 0.198329 0.234436 0.776142
-0.510787 1.125392 -0.071356 0.608276 0.231022 0.933692
0.272895 -1.416706 0.220854 0.868835 -0.596304 -0.938244
-0.365392 -1.413551 -0.509984 0.249015 -0.997732 -0.652413
-0.403745 0.936948 -0.005296 -0.339786 0.532252 0.356398
-0.269827 -0.555457 -0.464234 1.345967 -0.119555 0.271610
-0.659223 0.362815 0.045301 0.681232 0.331069 0.598888
0.025298 -0.276380 0.170152 0.233388 -0.555476 -0.629240
-0.549869 0.163841 0.353816 0.441845 0.328444 -0.021619
-0.593050 0.692735 0.016125 -0.149610 0.320958 0.656483
-0.390491 -0.058467 -0.058725 0.859092 0.016108 0.135648
-0.617680 -0.015237 0.264375 0.725011 -0.117033 -0.068991
-0.804102 0.323545 0.302435 -0.048982 0.075659 0.622449
-0.087750 0.019372 0.026942 -0.054327 -0.717283 -0.725101
-0.197567 -0.573867 0.038926 -0.331710 0.530781 0.660723
-0.435524 0.470776 -0.343091 -0.170148 -0.584044 -0.704030
-0.645869 0.592937 0.124490 0.174096 -0.132748 0.530228
0.052769 0.655883 -0.567332 0.701166 -0.479392 -0.313684
0.428724 -0.136840 0.083492 -0.192521 -0.408246 -0.113870
0.322797 0.986039 -0.322206 0.575964 -0.634217 0.125918
-0.365216 -0.361158 0.043364 0.897716 -0.077114 -0.041876
-0.642082 -0.447002 0.074269 -0.187731 -0.063904 -0.220664
-0.463269 -0.000722 -0.194433 1.405211 0.246650 -0.205230
-0.025693 0.217931 -0.035508 0.558811 0.287707 0.305257
-0.436977 -0.131379 -0.171463 1.236292 -0.157600 -0.676013
-0.086464 0.451304 0.148983 0.223834 0.063678 -0.136353
-0.078147 0.526639 0.386656 0.455486 -0.008527 -0.174519
-0.340596 0.616119 0.389631 -0.236804 -0.485475 0.023661
-0.546421 0.026334 0.276173 -0.045137 -0.659453 -0.299177
-0.023416 0.312976 0.389325 0.955878 0.469315 0.154982
-0.093115 0.122991 -0.582056 0.328548 -0.015825 -0.637144
-0.419906 -0.418832 0.362903 -0.082073 -0.675579 -0.418447
-0.655017 -0.626767 0.028647 0.363788 0.204837 -0.066004
0.066212 0.117299 0.587243 0.075151 -0.661243 0.224978
0.143523 -1.061663 0.401915 0.193677 -0.493797 -0.681101
-0.109313 0.807094 0.103029 0.721182 -0.743028 0.294542
-0.269001 -0.026130 0.025261 0.770852 -0.323943 -0.356945
-0.595434 0.746287 0.145731 0.263188 0.508375 0.400257
-0.266606 -0.028227 0.386464 -0.200887 -0.072360 0.617042
-0.443759 0.346636 0.247604 0.615854 0.087955 0.746093
-0.802846 0.616693 0.212239 0.620736 -0.318399 0.551806
0.194075 0.176550 -0.304501 0.670520 0.164211 0.085079
-0.734612 0.054296 0.087976 -0.223091 0.208075 -0.100943
-0.249566 0.515533 0.514372 0.989882 -0.418096 0.151035
0.123284 0.835821 -0.431079 0.496805 -0.511204 -0.167110
-0.411493 0.371952 -0.664392 0.107172 0.671558 -0.157846
-0.799127 0.814870 -0.355476 0.360147 0.356110 0.187485
-0.555493 0.073604 -0.216363 0.135166 0.110269 0.107975
0.002346 0.631375 0.216062 1.080473 0.339795 -0.056424
0.164966 0.844813 0.256339 0.720314 0.077352 -0.210648
-0.081128 0.893027 0.804636 0.330419 0.257572 0.246231
-0.309908 0.414824 -0.157859 0.817746 0.293632 0.357590
-0.130402 0.690374 0.257218 0.704156 0.011295 0.622936
0.018384 0.412791 0.305409 0.760413 0.137128 0.435520
0.133238 1.027310 0.426980 0.070380 -0.041773 0.782716
0.040247 0.538023 0.525460 0.506596 0.157203 0.259630
0.029904 0.824399 0.477801 0.385426 -0.086469 0.438999
-0.011610 0.902596 0.699869 0.379841 0.295628 0.356227
-0.294428 0.850750 0.071806 1.003190 0.533679 0.426005
0.300647 0.321659 0.080489 0.224377 -0.495634 0.202670
0.130604 0.171747 0.044445 0.890710 -0.286644 0.201856
0.070267 0.599604 0.083819 0.475263 0.055773 0.354351
0.133433 0.827350 0.594745 0.466180 0.076165 0.577803
0.342429 0.634668 0.131420 0.629605 -0.233058 0.813687
0.573212 0.309455 0.271078 0.541561 -0.519895 0.693046
0.281800 0.591059 0.305686 0.454968 0.256230 0.305282
0.353051 0.699487 0.211283 0.610786 0.061746 0.734922
0.201470 0.909852 0.244929 0.176493 -0.086077 0.879399
0.324924 0.751365 0.288189 0.436074 -0.098457 0.870863
0.307858 0.765456 0.331239 0.496392 0.012467 0.674230
0.380778 0.978238 -0.055126 0.249867 0.210571 0.589094
0.293227 0.760014 0.327729 0.510621 0.015957 0.702404
0.036025 0.737895 0.418343 0.590682 0.191525 0.333071
-0.282708 0.385230 0.071524 0.515994 -0.429332 0.370043
0.212662 0.917162 0.324131 0.249419 0.165877 0.544410
-0.180297 0.523995 -0.069129 0.757454 0.280910 0.225385
0.255593 0.746213 0.344293 0.445747 0.143628 0.543788
-0.198906 0.614174 0.194527 0.613348 0.347725 0.158029
