-0.229003 -0.037898 0.852487 1.102457 -0.186463 -0.086729
-0.172809 0.224710 0.290330 0.336240 -0.726893 0.296722
-0.753239 0.357768 0.261804 0.243251 -0.367565 0.789907
-0.486229 0.510635 0.310456 0.431039 0.506405 0.034772
-0.020921 0.147257 0.650565 0.433210 -0.008377 0.348112
-0.479184 -0.396785 -0.527383 0.666524 0.061239 0.397484
-0.649137 -0.248168 -0.033565 0.117081 0.094543 0.663006
-0.371382 0.789143 -0.396848 0.355218 -0.116044 0.334211
-0.441093 0.170402 0.160442 0.217916 0.174307 -0.195353
-0.501512 0.527124 0.260464 0.582968 0.291110 0.266807
-0.353925 0.788394 0.047108 0.706034 0.115660 -0.157692
-0.713995 0.408640 0.674720 0.221350 -0.326268 0.292345
-0.660731 0.661885 -0.008723 0.866462 -0.595700 0.679430
-0.607948 0.526827 -0.879605 0.175128 0.129567 0.430524
0.065386 -0.316886 0.385923 -0.051322 -0.375196 -0.156666
-0.785787 0.821803 -0.393536 -0.248524 0.030990 0.373899
-0.515022 0.100759 0.196124 0.394045 -0.420181 0.412745
-0.991240 0.385608 0.098338 0.322004 -0.035828 0.310037
-0.376420 0.521992 0.242983 0.327821 -0.036775 0.501430
-0.679822 0.128703 0.518819 0.343527 0.374011 0.448619
-0.431422 0.428867 0.344367 -0.291327 0.380927 0.462013
-0.429971 -0.352104 0.286377 0.557236 -0.107623 -0.273507
-0.633271 0.160156 0.183225 0.116813 -0.376759 0.274560
-0.278621 -0.276488 0.148617 0.386381 -0.433300 -0.027376
-0.170815 0.502070 -0.312698 0.045768 0.327735 -0.385601
0.137405 0.326671 0.057042 0.105202 -0.427701 -0.121738
-0.175493 0.033193 -0.213732 0.841787 -0.822696 0.336498
-0.408446 0.310007 -0.669914 0.681072 -0.406832 -0.504332
-0.536779 0.569998 0.065206 0.441788 -0.171329 0.214463
-0.796740 0.686059 0.287999 0.299274 -0.418237 -0.498028
0.085813 -0.506901 0.574988 0.465257 -0.838048 -0.402688
-0.092022 0.417602 0.043691 0.010744 -0.299157 -0.454065
-0.558151 -0.653540 -0.469583 0.802259 -0.453631 -0.292206
0.108465 -0.221302 0.440094 0.299387 -0.505395 -0.510068
0.063954 -0.121728 -0.330375 0.645070 -0.057631 0.610451
-0.739167 -0.402747 -0.004141 -0.043121 -0.300079 0.685139
-0.554217 -0.069815 -0.096481 0.733052 -0.071525 0.474790
-0.860901 -0.150695 -0.185825 0.462719 -0.138148 0.316066
-0.157519 -0.428998 -0.016544 0.029433 0.035314 -0.008908
-0.381989 -0.290871 0.058949 0.550744 -0.213289 0.134541
0.069961 -0.334122 0.004104 0.247867 -0.633225 -0.365878
-0.240635 0.051607 0.169272 0.849099 -0.418180 -0.381912
-0.052261 0.266123 0.565543 -0.103603 0.271364 0.066284
-0.364707 0.564309 -0.251135 0.801903 -0.476574 0.466238
-0.719320 -0.089353 0.338263 -0.288522 -0.246765 0.258525
0.123829 0.208428 0.061027 -0.481635 0.211033 -0.222203
0.272194 -0.146365 0.281012 -0.387868 0.260570 0.680125
-0.387582 -0.262037 0.299520 0.430517 -0.840908 0.606428
-0.457374 -0.391079 0.231770 0.575796 0.041899 -0.541977
-0.799609 0.340029 0.095682 -0.164246 0.000825 0.522260
-0.579587 0.864164 0.314036 0.578773 0.227595 0.546988
-0.564913 0.379629 0.039052 -0.004954 0.121065 0.193119
-0.119906 0.275803 -0.129251 0.654674 -0.266627 0.277348
-0.309264 1.188831 -0.115786 0.465275 0.397530 0.342174
0.081711 0.216217 0.102449 1.089604 -0.594510 0.050757
-0.580826 0.256586 -0.285953 0.001981 0.502041 0.629082
0.177658 -0.787064 0.890096 0.916533 -0.394243 -0.405804
-0.679746 -0.159147 -0.142555 0.488612 -0.307565 -0.060600
-0.872120 1.139600 0.078855 0.424311 -0.209044 0.927687
-0.856583 0.667653 0.127658 0.081075 0.208338 0.601699
-1.119010 0.343605 -0.349880 0.314331 -0.303433 0.725820
-0.355051 0.450317 -1.095220 0.535761 -0.515480 -0.187460
0.190528 0.415559 0.507477 -0.439255 -0.119647 0.657578
-0.620443 0.813410 -0.066418 0.237147 0.215917 0.617824
-0.122469 0.822869 -0.698442 0.343506 -0.304829 0.655181
-0.328807 -0.026550 -1.251239 0.056959 -0.156464 -0.100971
-1.002447 0.488014 0.076011 0.274755 -0.484395 0.654492
0.088648 0.143099 0.152089 0.422958 0.019636 -0.122284
-0.715585 0.830749 0.671888 0.826627 -0.257092 0.480577
-0.567089 0.502730 0.267203 0.181544 0.350644 0.952778
-1.079338 -0.075333 -0.248619 -0.038616 0.662079 -0.455391
-0.574156 0.324341 -0.666012 0.374658 0.251308 0.873222
-0.217870 -0.126709 -0.568476 1.006376 -0.294556 0.031549
-0.241250 0.301519 0.876615 0.056630 -0.345503 0.133825
-0.467906 0.022727 0.539694 0.231351 0.152379 0.338018
-0.643624 0.496439 -0.777485 0.239512 -0.144810 -0.083891
-0.183904 -0.594077 0.010967 -0.032931 0.337526 0.435931
-1.117803 0.572566 0.159307 0.399118 0.010701 0.442910
-0.338751 0.980440 0.091815 0.153495 0.013449 0.644855
-0.555844 0.430444 -0.167048 0.559438 0.256677 -0.119204
-0.234290 -0.675490 0.245601 1.030840 -0.440815 -0.559019
-0.408815 0.701614 0.855553 0.211519 -0.093017 0.242279
-0.278020 0.304548 0.432142 0.144262 -0.383616 -0.552039
-0.430965 0.406764 0.328468 0.371952 -0.676280 0.980189
-0.121632 -0.426862 -0.056984 1.483263 -0.469378 -0.405840
-0.583418 1.031488 -0.387566 -0.056654 0.397320 0.512165
-0.774449 0.306285 0.266299 -0.032100 0.514632 -0.258106
-0.766465 0.587689 0.207656 0.244349 -0.013532 0.100362
-0.552808 0.461149 0.457724 0.719132 -0.064155 0.220947
-0.304378 0.069424 0.458925 0.854305 0.114959 -0.151455
-0.138466 -0.100993 0.883218 -0.254232 -0.790564 -0.587088
-0.274577 -0.190690 0.047639 0.254373 -0.390095 -0.549152
-0.191298 0.644761 0.926830 0.327005 -0.403749 -0.276127
-0.486129 0.478888 -0.087967 0.516871 -0.065709 -0.019329
-0.144160 -1.313827 -0.184499 0.639484 -0.582933 -0.351881
-0.558946 -0.207459 0.096930 0.524858 -0.557234 0.259495
-0.075195 0.617062 0.583558 0.124599 -0.116629 0.124407
-0.405862 -0.073984 0.172686 0.561954 -0.662152 -0.539669
-0.671475 -0.432590 0.145338 -0.003821 -0.971289 0.152710
-0.706856 0.435426 -0.178192 0.264810 -0.340012 -0.449257
-0.466995 -0.805063 -0.150046 0.758286 0.032840 -1.000117
-0.119408 -0.298153 -0.109219 0.770452 -0.501028 -0.642506
-0.529176 -0.210406 0.179795 1.052615 -0.574593 -0.457673
-0.093352 0.093918 0.228752 0.649184 -0.028673 -0.090642
-0.367252 0.056407 0.455174 0.331982 -0.397129 -0.359257
-0.616455 0.358972 0.765740 0.437001 0.055738 -0.495632
-0.241035 0.519954 0.237536 0.341377 -0.126873 0.337394
-0.352577 -0.212393 0.562120 0.061552 0.024205 0.342272
0.083780 0.457385 0.872066 0.089481 0.135021 0.071216
0.151836 0.786951 0.535541 0.416667 -0.244098 0.556428
0.123709 0.749892 0.587700 0.585696 -0.063704 0.571867
0.021003 0.771547 0.480770 0.588073 0.012568 0.528352
0.033881 0.714207 0.853988 0.306415 0.144431 0.112402
0.031186 0.808448 0.681704 0.394556 0.409584 0.334277
0.239536 0.738782 0.272811 0.596157 -0.049286 0.778112
0.273572 0.425764 -0.213517 0.303128 0.676027 0.448795
0.186765 0.922471 0.233008 0.409568 -0.146843 0.068742
-0.040005 0.641589 0.334484 0.627524 0.190584 0.251482
-0.281678 0.459853 0.220615 0.729036 0.044876 0.581335
-0.264946 0.439925 -0.131813 1.005282 0.226036 0.412235
0.097815 0.714649 0.551374 0.453485 0.386171 0.201096
0.049392 0.716542 0.640808 0.427555 -0.054123 0.546230
0.275134 0.716525 0.466440 0.391183 0.081636 0.510064
0.271163 0.836608 0.115229 0.305898 -0.155624 0.915807
0.322347 0.724853 0.304422 0.492814 -0.144093 0.871719
0.230178 0.719958 0.254565 0.546344 -0.130685 0.762689
0.043016 0.808452 0.252568 0.703549 0.015130 0.481798
0.103750 0.587575 0.490506 0.274482 0.282519 0.354721
-0.170994 0.682254 -0.053989 0.428005 -0.178657 0.101320
0.060436 -0.092905 0.078667 0.591967 0.286399 -0.257737
-0.743630 0.206238 -0.456869 0.468888 0.020238 0.409832
0.209141 0.641439 0.072698 0.502250 0.395483 0.351225
-0.395082 0.302882 0.680271 0.481809 -0.341534 -0.430134
