-1.024737 0.606330 -0.538916 0.016533 0.095297 0.460675
-0.425765 0.267049 0.470494 0.044785 -0.093581 0.144909
-0.681523 -0.273444 -0.038070 0.691725 0.062392 0.274763
-0.207366 -0.218718 0.724955 0.457815 -0.636853 -0.034798
-0.849580 0.280119 -0.135770 0.680095 0.125448 0.267062
-1.022508 0.249314 -0.013750 0.761208 0.270276 0.434773
-0.228405 -0.219375 0.236940 0.524265 -0.415220 -0.062623
-0.010635 -0.061191 -0.446027 -0.230765 -0.147121 0.019658
-0.053248 -0.552924 0.132153 0.281227 -0.640545 -0.518876
-0.076301 -0.450671 -0.200962 0.344824 -0.063871 -0.204764
-0.651552 0.100237 -0.091805 -0.255411 0.129836 -0.018563
-0.224489 -0.561609 0.285192 -0.012867 -0.443773 -0.462124
-0.254810 0.403387 -0.106727 0.191847 -0.209233 -0.431126
-0.045497 0.355131 0.413105 0.008587 -0.370645 -0.288381
-0.670986 -0.668308 0.086911 0.559779 -0.424723 -0.102779
-0.441345 -0.468100 -0.333829 0.145285 0.013696 -0.678624
-0.530754 0.643634 0.036990 0.550090 -0.297606 0.436059
-0.400380 -0.438062 0.452826 0.716658 0.114995 0.051879
-0.831379 0.176430 0.062445 0.672961 -0.587125 -0.091341
-0.239504 -0.445672 0.092745 0.668068 -0.046297 -0.292470
-0.380750 -0.517449 -0.131095 0.278043 -0.533871 -0.067258
-0.555753 0.623026 0.241979 0.302494 -0.280207 0.180705
-0.343247 0.393612 0.339608 0.554382 -0.249042 -0.405036
-0.704783 -0.304050 -0.132619 0.512453 -0.226465 -0.414221
-0.175635 1.015633 0.202610 0.707815 -0.125212 -0.005703
-0.739246 0.938701 0.326679 0.313091 0.174667 -0.084540
-0.565595 -0.234239 -0.197553 0.696095 -0.380228 -0.353630
0.101378 -0.296392 -0.313059 1.120525 -0.362106 -0.024977
-0.531319 -0.506646 0.595522 0.516101 -0.750772 0.373692
-0.601565 0.775713 -0.018639 0.096879 0.109944 -0.381886
-0.366915 0.439142 0.821165 0.451343 0.360936 -0.437237
-0.404742 -0.143496 0.398993 0.179207 -0.547500 -0.517327
-0.422464 -0.251373 0.436417 0.180708 -0.211265 0.392152
-0.305068 -0.096560 0.114613 0.463012 -0.328734 0.236879
-0.424170 -0.310137 -0.395947 1.013553 -0.369045 0.099161
-0.470145 0.964716 -0.244707 0.253661 0.632628 0.837042
0.425291 -1.191766 0.614072 0.502602 -0.403884 -0.112967
-0.444024 0.192322 -0.223528 0.596195 -0.296477 0.119236
-0.573842 -0.021047 -0.182166 0.680393 0.707683 -0.201220
0.051293 0.225743 -0.323581 0.489337 0.318221 -0.072408
-0.158615 0.302139 -0.222748 0.550555 -0.159363 0.222639
-0.186595 0.486316 0.798169 0.325676 -0.152716 0.204900
-0.541355 -0.153929 0.141889 -0.298043 -0.430049 -0.219396
-0.855085 0.230244 -0.083936 0.350096 0.337981 0.282281
-1.022357 -0.636655 -0.313022 0.653295 -0.556994 -0.629235
-0.097757 0.458970 0.293139 0.285840 0.091664 -0.423519
0.264071 -0.559194 1.096046 0.333194 -0.792211 0.498762
-0.271145 0.363870 0.317750 0.838613 -0.293752 -0.253480
-0.467752 0.202953 -0.091045 0.878123 -0.116604 -0.173335
-0.366336 0.451499 0.060305 0.813219 -0.087722 0.175414
-0.472403 -0.538410 -0.130040 0.943863 0.103135 -0.638861
-0.626367 0.188870 0.043689 0.119234 -0.670316 -0.900729
0.140583 -0.128796 0.567081 0.325141 -0.414800 0.090826
-0.613490 0.833175 0.628391 0.424877 0.070730 0.291492
-0.535590 -0.431715 -0.183907 0.349604 -0.269358 -0.508705
0.103590 -0.678617 0.339767 0.104615 -0.120872 -0.239161
-0.332589 -0.838110 -0.413002 0.048078 0.076385 -0.174672
-0.164556 0.022625 0.683663 0.603010 -0.623574 -0.006554
-0.720204 0.028494 -0.163993 -0.044017 -0.151245 -0.438977
-1.274039 0.742653 -0.208122 -0.242685 -0.550716 0.195218
0.087805 -0.185809 -0.249181 0.812622 0.116377 -0.689775
0.277168 -0.620928 0.675467 1.621634 -0.289959 -0.561435
-0.560123 -0.131298 -0.239926 0.621807 -0.157575 0.136928
0.148729 0.535262 0.410758 -0.242882 -0.292249 -0.374033
-0.891034 0.628547 0.414598 -0.303541 -0.396595 -0.000249
-0.066336 0.304365 0.029232 1.091356 -0.454149 -0.352374
-0.773722 -0.635947 0.152426 0.145495 0.327562 -0.155813
-0.238813 -0.161691 0.391852 0.570388 0.055509 -0.406558
-0.507231 0.500803 0.251954 -0.210046 0.268119 0.378859
-0.257612 0.302123 -0.518789 0.278448 -0.207980 -0.550395
-1.117257 0.189078 -0.464334 0.316828 -0.140057 -0.037759
-0.820642 0.357653 -0.352620 0.478982 -0.401214 -0.081334
-0.665101 0.275395 -0.303225 -0.044354 -0.226597 -0.983183
-0.357446 0.380363 0.274713 0.148306 0.273069 -0.752783
-0.294446 -0.437290 -0.131967 0.551170 -0.164291 0.181381
-0.349641 0.223607 -0.206011 0.216432 -0.165812 -0.224933
-0.223070 0.592264 -0.613308 -0.260005 -0.044121 -0.024799
-0.174050 0.408867 -0.107955 0.424340 0.648596 0.599182
0.197404 0.730912 0.696703 0.227968 0.519959 0.128651
0.233281 0.541247 -0.102365 0.672229 0.443792 0.289989
0.057135 0.814008 0.672922 0.406715 -0.045909 0.370707
0.237535 0.801937 0.540130 0.631452 0.009485 0.632893
-0.010565 0.571433 0.220985 0.878112 -0.127576 0.604793
0.096622 0.725927 0.366020 0.324714 0.219637 0.057246
0.119111 0.738234 0.442850 0.481945 -0.052425 0.708248
0.048708 0.713064 0.535384 0.602769 0.127639 0.597046
0.101787 0.851443 0.386099 0.243349 0.381266 0.153739
-0.193480 0.659956 0.407294 0.593902 0.095114 0.331796
0.047776 0.838348 0.369864 0.362467 0.411031 0.307185
-0.014892 0.707280 0.675753 0.445130 0.143798 0.462549
0.029211 0.792063 0.455484 0.530501 -0.043901 0.665338
0.063760 0.656290 0.288841 0.611288 0.018304 0.512421
0.208978 0.846363 0.321383 0.474746 0.129535 0.597212
0.145321 0.820590 0.399519 0.548283 -0.010560 0.686583
0.071907 0.519204 0.031531 0.627922 -0.007240 0.545911
0.062038 0.706260 0.549265 0.413900 0.382610 0.354400
0.071208 0.813937 0.519651 0.398487 0.231400 0.473581
0.081481 0.702902 0.289785 0.573077 0.107802 0.515552
