-0.172731 -0.193861 -0.117924 0.650655 -0.822471 -0.603852
-0.449671 0.600246 -0.154798 1.266098 -0.301574 -0.094073
-0.311804 -0.180063 0.323961 -0.221847 -1.474545 -0.205743
-0.880803 -0.106458 -0.009910 0.136423 -0.102204 0.109461
-0.581786 0.089581 0.394297 0.058991 0.055219 0.566473
-0.598411 -0.348431 0.002178 -0.344609 0.267585 0.141568
-0.913704 -0.175339 -0.092590 0.552316 -0.279463 0.201279
-0.102299 -0.214785 -0.304112 0.400268 -0.281607 -0.535101
-0.492483 -0.176283 0.603997 0.099765 0.007558 0.234812
-0.474570 0.726128 0.293551 0.179441 -0.077076 -0.445755
-0.266190 0.045807 -0.506221 0.052095 -0.521147 0.151668
-0.389452 0.484902 0.322331 0.658055 0.453270 -0.070880
-0.243276 0.089403 0.180999 0.776738 -0.118426 -0.262550
-0.791051 0.257366 -0.245306 0.079703 0.221608 0.191550
-0.621407 0.464184 -0.232028 -0.340072 0.150862 0.373962
0.096438 -0.030615 -0.049208 0.372993 -0.587583 0.108403
-0.719444 0.769514 -0.156595 0.197903 -0.509743 0.288024
0.187072 0.158667 0.515485 0.779718 -0.261842 0.167028
-0.220537 0.144865 0.517570 0.307077 -0.652663 -0.437349
-0.588078 -0.533401 0.042256 0.328169 -0.089490 -0.137985
-0.187447 0.089128 0.012738 0.282153 -0.594300 0.467005
-1.250199 0.662612 -0.071007 0.524937 -0.854286 -0.458360
-0.327868 0.206857 0.871149 0.394955 -0.507954 0.299671
-0.245699 -0.287751 0.029705 0.987533 -0.595951 -0.070296
-0.313320 -0.252996 -0.179909 0.355874 -0.262628 -0.016266
-0.651011 0.988817 -0.095480 0.574499 -0.417082 0.153234
0.174014 -0.490799 0.149197 0.921123 -0.833362 0.019470
0.077290 -0.690242 -0.285984 1.158689 -0.355449 -0.281839
-0.234857 -0.375348 0.557454 0.662908 -0.985304 0.002021
0.057581 0.634080 -0.891686 1.056125 -0.328963 -0.316559
-0.649158 -0.195781 -0.178288 0.004887 0.332240 -0.322728
-0.889254 1.000073 -0.520759 0.631199 -0.369153 -0.247965
-0.128600 -0.431115 -0.214268 0.713102 0.440293 -0.990235
-0.656704 -0.362217 0.571207 0.131291 -0.538566 0.588882
-0.971186 -0.289322 0.469056 -0.094751 -0.286261 -0.423743
-0.480040 -0.351893 -0.213041 0.612292 -0.157403 0.273142
-0.689938 -0.225805 0.526357 0.591050 -0.332993 0.166637
-0.942261 0.795343 -0.329635 0.358395 -0.148937 -0.010163
-0.051358 -0.345929 -0.114330 0.494902 -0.225148 -0.050356
-0.102968 -0.395748 0.057494 1.260502 -0.266064 -0.677800
-0.344092 -0.322227 0.025344 0.404858 0.009259 0.123987
0.363522 -0.912698 -0.217630 0.423784 -0.443917 -0.289298
-0.333603 -0.413723 -0.182185 0.257463 0.388041 -0.271430
-0.473649 0.736886 -0.213274 0.207130 0.461546 0.308480
-0.483021 0.754214 0.411001 0.305755 -0.395365 -0.153113
-0.363495 0.442235 -0.023404 -0.036535 -0.401326 0.231264
-0.482411 0.674700 -0.159438 0.339932 -0.286614 -0.258898
-0.159299 0.021560 -0.055018 0.299883 -0.686122 0.499864
-0.010743 -0.507177 -0.588719 1.118404 -0.364668 -0.873596
-0.591524 0.439008 -0.507284 0.544499 -0.296715 0.024603
-0.547405 0.490703 -0.258337 0.419343 -0.506936 0.139667
0.090802 -0.298856 -0.070941 0.907089 0.368641 0.020668
-0.241864 -0.310280 0.192094 0.781793 -0.126722 0.202282
0.182683 0.099366 1.014590 0.827473 -0.305351 -0.073750
0.213232 -0.306458 0.862351 -0.279745 -0.343454 0.559297
-0.321205 -0.303226 0.664413 0.051233 -0.189338 0.395174
0.042265 0.205859 1.029786 -0.015242 0.169630 0.095416
-0.464141 -0.470240 -0.101372 1.104762 0.166555 -0.202014
-0.972306 -0.126101 -0.013106 0.826532 -0.286134 -0.133155
-0.675709 -0.123951 -0.093796 0.561234 0.466277 -0.170191
-0.526431 -0.456329 -0.337328 0.831569 -0.079497 -0.565341
-0.474969 0.313795 0.106452 0.216692 -0.236828 0.060827
-0.807526 0.671351 -0.318693 0.320342 -0.758275 0.581942
-0.014219 -0.120983 0.366609 0.146282 0.313611 0.336137
-0.183139 -0.196726 0.379452 0.684392 -0.339736 -0.367064
-0.164354 0.947899 0.144733 0.871899 -0.441427 -0.134699
-0.211697 0.811665 0.064840 0.452013 0.419044 0.973637
-0.616992 0.642367 0.115286 0.513554 -0.221687 -0.444038
-0.576518 0.502354 -0.093022 0.685395 0.072318 -0.358730
0.137614 -0.266510 0.019861 1.160565 -0.304412 -0.342132
0.032861 0.285174 0.415758 0.835871 0.203627 -0.024158
-0.348079 0.975914 0.176399 0.452288 -0.157048 0.372307
0.043177 0.899322 0.326140 0.121867 -0.130423 0.818321
0.044562 0.895577 0.181575 0.148647 -0.036166 0.693592
-0.091511 0.994043 0.362366 0.345472 -0.381145 0.216225
0.084400 0.547270 1.101916 0.526455 0.255702 0.429839
0.170817 0.809745 0.496390 0.735294 0.000035 0.519986
-0.004533 0.472710 0.428639 0.275752 0.344790 0.251022
0.254736 0.884035 0.475342 0.188563 0.197916 0.560026
0.029729 0.770719 0.325100 0.566330 0.323664 0.366788
-0.001931 0.801736 0.706828 0.417241 0.184280 0.394829
0.150906 0.893773 0.642362 0.446018 0.113923 0.559673
-0.168578 0.773450 0.521015 0.540677 0.159469 0.299704
0.032484 0.650053 0.681412 0.692014 0.092723 0.235954
0.266711 0.620523 0.355046 0.447774 0.315680 0.583823
0.000113 0.731659 0.595196 0.494190 0.226952 0.418249
-0.197152 0.771458 0.589882 0.472224 0.142016 0.266932
0.067286 0.577661 0.378521 0.511413 0.197506 0.522933
0.148614 0.921542 0.144767 0.537816 0.095231 0.454662
0.119498 0.702487 0.396561 0.496964 0.110642 0.363669
-0.007074 0.629251 0.079247 0.665459 0.140988 0.428889
0.053841 0.777993 0.494427 0.494180 0.153300 0.478816
-0.400784 0.575871 0.744448 0.123928 0.006056 0.376254
0.022136 0.735639 0.218461 0.457952 0.152155 0.422887
0.306516 -0.051997 0.603489 0.248242 -0.264426 0.393155
0.642732 0.977711 0.602674 0.166723 0.120365 0.220533
-0.066570 0.837867 0.495819 0.472520 0.184645 0.313317
0.196857 0.762355 0.305948 0.333450 0.118732 0.703697
0.252841 0.772717 0.196711 0.596706 0.190295 0.649567
0.233343 0.640050 0.206360 0.375668 0.248825 0.361880
0.314994 0.595754 0.087396 0.513431 0.138339 0.575310
-0.017917 0.607397 0.223358 0.220130 -0.301620 0.691776
0.033681 0.781581 0.537688 0.435222 0.274185 0.357458
0.043835 0.625903 0.248720 0.674802 0.015698 0.644461
0.102443 0.440322 0.381322 0.376898 0.085394 0.218390
0.335852 0.463892 0.373826 0.539876 -0.154859 0.659945
