-0.025409 -0.236106 0.476614 0.788927 -0.116410 -0.505998
-0.993316 0.271759 0.368004 0.708188 0.316588 0.200687
0.364956 -0.650266 0.777380 0.447646 -0.885748 -0.004164
-0.355147 0.680746 0.821728 0.396749 -0.097666 0.666268
-0.809791 0.634405 -1.004607 0.417549 0.185851 0.565567
0.107523 -0.218535 -0.495068 1.116683 0.258622 -0.062807
-0.049127 -0.244830 0.318240 0.875209 0.295114 0.387024
-0.145109 0.364145 0.430324 0.268629 0.123519 0.052457
-0.112871 0.100300 0.429348 -0.139431 -0.081230 0.203573
-0.265404 1.015381 -0.123776 0.122536 -0.582724 -0.003283
-0.849462 1.499830 -0.150567 0.296928 0.261328 0.342342
-0.140927 -0.313824 0.039099 0.456917 0.372294 -1.068244
-0.615367 0.521157 0.129227 0.488743 -0.180586 -0.304843
-0.265537 -0.279107 0.046323 1.251783 0.204900 0.161627
-0.040360 0.231019 0.266121 -0.052403 -0.282446 0.314441
-0.509327 -0.111412 0.058129 0.866629 -0.352720 0.122104
-0.973905 0.066288 0.103986 0.371526 -0.357294 -0.548893
-0.272985 -0.434493 0.167435 0.571147 0.180215 -0.573500
0.149489 -0.275725 0.093352 1.322258 -0.638621 -0.349802
-0.688937 0.811067 0.021608 0.536863 -0.070762 0.055476
0.040046 0.175966 -0.058324 0.392740 0.052681 -0.260506
-0.018878 0.045487 0.313943 0.306260 0.139810 0.247367
-0.847460 -0.284177 -0.359145 1.139089 0.123678 0.147446
0.682355 -0.257635 0.112636 0.710205 -0.403758 -0.423607
-0.065219 -0.022915 0.401806 0.522192 -0.203677 0.178005
0.034746 0.023453 0.425703 0.014281 -0.236370 -0.343077
-0.198397 0.475915 0.419428 0.602248 -0.187861 0.370148
-0.557721 0.352045 0.477245 0.510972 0.051635 0.321921
0.881588 -0.012703 0.075837 0.637040 -0.216822 0.196520
-1.153419 0.791115 -0.871244 0.618228 -0.104029 0.115876
-0.843750 0.077873 -0.251737 1.111430 -0.110536 -0.347014
-0.937400 0.327766 -0.090579 0.209311 -0.565193 0.169025
-0.518830 -0.291900 -0.336833 0.378190 -0.359789 -0.492324
0.441815 -0.202035 0.180899 -0.221323 -0.625491 0.406434
-0.274684 -1.061706 -0.440217 0.187258 -0.696512 -0.506788
-0.027891 0.815960 0.393948 0.564427 -0.378752 0.952854
-0.017914 -0.760564 -0.095844 1.572276 -0.116927 -0.513675
-0.542936 -0.458707 0.228909 0.357253 -1.081739 0.042171
-0.548052 0.662495 -0.099223 0.400885 -0.704272 -0.109506
0.431354 -0.916511 0.567384 0.063930 -1.023661 -0.302664
-0.239372 -0.012151 0.136626 0.651799 -0.896139 0.369851
-0.380079 -0.403783 -0.052078 0.623992 -0.062214 -0.738610
-1.185230 0.616767 0.011402 0.344253 -0.135398 -0.233634
-0.661623 0.138260 -0.423224 0.572526 -0.618937 -0.454757
-0.265057 0.235261 -0.243692 0.915145 0.443511 0.513340
-0.494806 0.906155 0.168225 0.952973 -0.129146 -0.030313
-0.145332 0.347624 0.363542 0.276686 0.114471 0.178557
-0.732967 0.377683 -0.223128 -0.073174 -0.321444 -0.237821
-0.554194 0.293163 0.009111 0.140791 -0.369661 -0.234029
-0.094348 0.261370 0.314345 0.584012 -0.210511 -0.537269
-0.623684 0.102599 0.068783 0.691454 -0.200475 -0.352732
-0.342679 0.377508 0.146747 0.687600 -0.288619 0.166271
-0.611975 -0.072390 -0.058513 0.445688 -0.257328 -0.103055
-0.404419 -0.129208 0.306811 0.542220 -0.676489 -0.056028
0.164694 -1.152675 0.431613 0.811862 -0.060804 -0.129534
-0.549094 0.455606 0.351957 0.333776 -0.001677 -0.007057
-0.609772 0.490762 0.298981 0.542785 -0.140696 -0.191509
-0.011202 -0.322184 0.435022 0.751961 -0.593392 -0.556006
-0.160210 -0.439389 0.390907 0.857824 -0.087899 -0.078800
-0.228768 0.145335 0.325866 0.669681 -0.079485 0.133402
-0.545929 -0.860996 -0.073866 0.999168 -0.183116 -1.224131
-0.708472 -0.078039 0.042363 0.867799 -0.404953 0.127681
-0.443369 0.682671 0.332309 0.680986 0.771689 -0.039160
-0.516314 0.862898 0.202406 0.312703 -0.147026 -0.142255
-0.270271 -0.397742 0.915717 0.773251 0.398436 -0.146268
-0.683732 -0.002813 0.320583 1.074846 -1.041757 -0.380989
-0.152779 0.393778 0.186604 0.768160 0.101613 -0.079329
-0.074337 0.127828 0.588871 0.128966 -0.678704 -0.090069
0.290178 -0.495159 -0.152673 0.601972 0.100504 -0.314695
-0.602601 -0.177047 0.281929 0.726950 -0.070767 -0.482490
-0.768632 0.843073 -0.281087 -0.045803 -0.093352 -0.730252
0.195707 -0.609033 0.071615 0.934797 -0.421267 -0.454608
0.275566 -0.438865 0.765463 0.792235 -0.058321 -0.217404
-0.430205 0.676558 0.482820 0.755549 0.212496 -0.107217
-0.271344 0.395392 -0.383440 1.459072 -0.202543 0.089769
-0.468929 -0.507441 0.081718 1.475254 0.139378 -0.526398
-0.091601 0.019174 0.480331 1.054124 0.376352 -0.638183
0.258649 -0.939373 0.831330 1.779433 -0.547058 -0.205539
-0.156585 0.387946 -0.227148 0.304166 0.516169 0.266217
-0.384766 -0.505304 0.248349 0.869147 -0.290500 0.282418
-0.580629 -0.339449 0.360284 0.838025 -0.568203 0.177551
-0.066976 0.184483 0.601754 0.712277 -1.032988 0.478914
-0.424832 -0.161476 -0.263388 0.702248 -0.007121 -0.197460
-0.299496 -0.008497 -0.323830 0.065241 -0.567851 -0.448253
-0.839656 -0.418016 0.265760 0.234236 -0.194245 -0.271539
-0.150245 0.509030 -0.061781 1.071462 -0.136718 -0.320149
0.449726 0.909941 0.278098 0.485305 -0.244516 -0.238994
-0.598368 -0.001676 0.335666 0.368492 -0.379525 0.156307
-0.285213 -0.009904 0.508111 0.317574 0.011351 -0.371964
-0.137046 -0.542230 0.312537 0.432653 -0.067276 0.033188
-0.402374 0.440618 0.252492 0.023777 -0.749819 -0.219637
0.173634 0.107936 0.032228 0.395286 -0.814959 -0.447795
-0.257145 0.413675 -0.718229 0.080206 0.189197 0.179402
-0.025905 -0.704094 0.259285 0.800418 -0.867156 -0.698448
-0.126775 -0.123755 0.183638 1.201444 0.269944 -0.297834
-0.086779 -0.358821 0.022923 0.964615 -0.776064 0.048159
-0.062879 -0.717402 0.387835 0.906518 -0.916039 -0.127259
-0.676125 0.591075 -0.513142 -0.052320 0.908793 0.159750
0.346500 -0.382116 0.794079 0.439840 -0.766384 -0.203084
-0.900941 0.696602 -0.303602 -0.028510 -0.273239 -0.143547
-0.775030 0.723719 -0.152552 -0.004356 -0.135052 -0.457562
-0.771064 -0.008072 -0.289324 0.749849 -0.578413 -0.003115
-0.796102 0.667324 -0.251448 -0.257205 0.156449 -0.560452
-0.622254 0.112597 -0.094008 0.535737 -0.264712 -0.544874
-0.558535 1.430456 -0.568005 0.083417 -0.806557 -0.040603
-0.766119 0.470442 -0.765520 0.177562 0.154194 0.820072
-0.449854 0.285387 0.199824 0.040099 0.023497 0.632147
0.316071 0.091838 0.003297 0.426892 0.293970 0.272816
-0.377384 0.148690 0.551089 0.215689 0.436262 0.336712
-0.635395 -0.167716 0.392325 0.310619 -0.417273 0.088399
-0.640461 0.246634 -0.310537 -0.137392 0.208321 0.135621
-0.854283 0.041061 -0.152073 0.137159 -0.257013 -0.510592
-0.271823 -0.192751 -0.401245 0.574679 -0.004025 -0.472711
-0.559636 0.349695 -0.271633 0.171469 0.910091 -0.066484
0.514038 -1.039782 -0.137965 0.199800 0.027653 -0.390669
-0.464389 0.191666 0.301538 0.465757 -0.096303 0.517425
-0.258715 0.227799 -0.314589 0.545483 0.057085 -0.360018
0.092976 -0.351008 0.010312 -0.072393 0.883177 0.336062
-0.147718 -0.557334 0.416678 0.851904 -0.292212 -0.820891
-0.123402 -0.427896 0.377047 0.700608 -0.139736 -0.585079
-0.600240 0.402337 0.738609 0.828505 -0.812981 0.149968
-0.856760 -0.256077 0.090041 0.418151 -0.250482 -0.352575
-0.954673 0.670849 -0.416286 0.629282 -0.205930 0.008586
-0.269382 0.226032 -0.529874 0.658676 0.282297 -0.135844
-0.730403 0.399098 -0.633843 0.800071 0.013558 0.046770
0.159583 0.833573 0.421680 0.576678 0.163528 0.666748
-0.131370 0.693459 0.112315 0.706764 0.087570 0.115410
-0.012792 0.763868 0.425344 0.614965 0.032892 0.420757
0.136008 0.650085 0.198087 0.254019 -0.195314 0.704317
-0.031812 0.546408 0.812529 0.310478 0.115369 0.342769
-0.282537 0.606870 0.293458 0.723201 -0.195235 0.413383
0.072307 0.676697 0.447458 0.569431 0.021591 0.577290
-0.036427 0.537503 0.583311 0.598350 -0.351938 0.290635
-0.003459 0.693860 0.500038 0.490014 0.165984 0.427679
0.084186 1.249112 0.567128 0.374200 -0.028075 0.512858
0.007500 0.751859 0.627181 0.401250 0.221862 0.288920
-0.447637 0.778840 0.188176 0.280896 0.524862 0.098389
-0.215057 0.571617 0.428524 0.630529 0.141586 0.384660
-0.452141 0.223747 -0.046303 0.535149 0.373965 -0.496991
0.257732 0.454330 0.804884 0.511743 -0.251214 0.915585
