-0.208883 -0.229921 0.401709 0.494458 -0.016315 -0.158267
-0.173287 -0.374648 -0.110936 1.022073 -0.522945 -0.442541
-0.375992 -0.256259 0.459100 1.173119 -0.089511 -0.326228
-0.802751 0.566162 0.008192 0.578562 -0.014778 0.426263
-0.494069 -0.016353 0.284702 0.929860 -0.423985 -0.670318
-0.199314 0.382171 0.100130 0.666191 0.358155 -0.063172
-0.647500 0.746087 0.189803 0.503455 0.105537 0.289110
-0.562966 0.296448 0.059375 0.621869 -0.487128 -0.034760
-0.847242 0.830673 0.255124 0.485776 0.249134 0.146449
-0.620980 -0.088792 0.157948 0.498906 0.631421 0.364470
-0.256663 0.934882 0.388442 0.679510 -0.234951 0.427661
0.372886 0.931966 1.168449 0.138765 0.017515 0.552010
-0.537381 0.372630 0.567613 0.623501 0.040866 0.092600
-0.363715 0.034558 0.317952 0.148932 0.119268 -0.087720
-0.016770 -0.125946 0.282899 0.225572 0.012246 0.325626
-0.511977 0.663835 -0.558830 -0.090317 0.562242 0.828581
0.192697 -0.499140 0.434509 0.528676 -0.354001 -0.004080
-0.448220 0.543036 0.036665 0.613032 -0.336530 0.461634
0.008472 0.153677 -1.343418 0.061486 1.028618 0.570380
-0.931164 0.476232 -0.043693 0.134299 -0.107144 0.167564
-0.428395 0.148299 0.321924 0.435996 0.401769 0.065685
-0.508737 0.275117 0.653713 -0.213851 0.486294 -0.410012
-0.798776 0.208208 0.867320 0.335714 0.038705 0.132036
-0.722973 0.223501 0.165182 0.610336 -0.225138 -0.078442
-0.873765 0.444860 0.779522 0.548926 -0.000785 0.495258
-0.134993 0.315846 0.281713 0.272367 -0.414984 -0.700348
-0.480108 -0.311436 0.006934 0.572194 -0.206052 -0.455298
-0.539726 -0.340192 0.099089 1.404001 -0.123333 -0.412844
-0.440109 -0.517918 -0.240396 0.682522 -0.301128 -0.397800
-0.502765 0.570932 0.124175 0.638859 -0.132775 0.108014
-0.768633 -0.077454 0.482734 0.375200 -0.275524 -0.552840
-0.346242 0.657089 0.060897 0.230958 -0.153397 -0.470141
0.063940 0.237396 0.492762 -0.192762 -0.812838 -0.141582
0.164693 0.266174 0.299689 -0.237044 -0.032569 0.119798
-0.259977 1.220371 -0.120877 -0.027052 0.006938 -0.035852
-0.712085 0.146890 -0.201277 0.264923 -0.217023 -0.268058
-0.485698 0.508108 0.319684 -0.127067 -0.291004 0.054261
-0.267956 0.422490 0.263395 0.493519 -0.175778 -0.132353
-0.405996 0.401583 -0.362566 0.983150 -0.381244 0.403576
-0.330684 0.461039 -0.152221 0.717279 -0.501216 0.356497
-0.673447 0.732259 0.302286 0.043107 -0.215820 0.222310
-0.481369 0.181599 -0.385408 1.021910 -0.300946 0.407966
-0.114203 0.445565 -0.025372 0.185623 -0.057258 -0.037554
-0.128402 0.551881 0.729151 0.213530 0.056666 -0.490040
-0.109038 0.357436 0.019860 0.155936 -0.169104 0.178724
-0.804234 0.871788 -0.228242 -0.228687 -0.186393 0.386689
-0.344901 -0.159610 -0.308100 0.689166 -0.114212 0.101714
-0.397430 0.650779 -0.893374 0.857458 0.379135 0.575211
-0.476263 0.775604 0.816795 0.598419 -0.132644 0.293730
-0.432724 0.363640 0.447355 0.230234 -0.153640 -0.019506
0.232562 0.575982 0.524005 0.967993 0.514500 0.211977
-0.162104 0.522130 0.607955 0.671880 -0.179608 1.008539
-0.365660 1.378577 -0.025043 0.053273 0.088900 0.214852
-0.702866 -0.439612 -0.116125 0.940186 -0.106384 -0.769841
-0.512953 0.153263 -0.068262 0.793584 0.019106 0.359556
-0.533493 1.089582 -0.697399 0.245077 -0.215788 0.142599
-0.499873 -0.313973 -0.009672 0.841591 -0.331136 0.000816
-0.736767 0.579023 0.145931 0.078281 -0.171977 0.194455
-0.891573 0.698206 0.167235 0.301072 -0.449649 0.430746
-0.780477 0.513621 0.377143 0.337240 -0.016889 0.030770
-0.424111 -0.488590 -0.303156 1.099414 -0.278183 0.313401
-0.572164 0.556487 0.249594 0.524407 -0.139395 0.520925
-0.142479 -0.449830 0.585106 0.493747 -0.638667 -0.137062
0.531759 -0.455763 0.211717 0.700401 -0.642209 0.713097
-0.970782 1.069581 0.369717 0.168343 0.172968 0.567266
0.082455 -1.240509 -0.519956 0.651047 0.476748 -0.062322
-0.087043 -0.301406 0.242924 0.308275 0.366874 0.452102
-0.487170 0.799243 -0.223922 0.810197 -0.422447 0.006320
-0.289623 0.211013 -0.543966 0.124300 0.408691 -1.041899
-0.892861 -0.562542 -0.038551 0.311766 0.019332 -0.025858
-0.721866 0.013428 -0.091342 -0.056088 0.010775 -0.198101
-0.140157 -0.176022 0.627154 0.656539 -0.162572 0.282102
-0.286222 0.490066 -0.396784 0.465268 -0.271741 -0.229895
-0.393595 -0.287246 0.372421 0.789884 -0.069484 0.142628
-0.311537 0.468191 0.354149 0.119683 0.309695 0.414426
-0.434790 0.186000 0.084464 -0.276595 0.131573 0.006360
0.151056 0.027362 0.084773 0.265915 -0.247094 -0.628221
-0.149234 0.234619 0.157283 0.929161 -0.117693 1.223677
-0.432358 0.670412 0.806624 0.532347 0.305955 0.070655
-0.652341 0.274052 0.198817 -0.198901 -0.039937 -0.363603
-0.478213 0.355036 0.708843 0.399348 0.550699 -0.044714
-0.207157 -0.567407 0.760277 0.821917 -0.052730 0.103762
-0.518563 0.334021 0.616398 -0.319044 -0.262999 0.422523
0.030843 0.159532 1.340189 0.268388 -0.364887 -0.151343
-0.733314 0.464194 -0.190280 0.044316 0.342731 0.622654
-0.449402 -0.154879 0.877483 0.150364 -0.280095 0.471717
-0.315619 -0.113861 0.737476 -0.054353 0.009933 0.268132
-0.551931 0.646511 0.103095 -0.050670 0.109242 0.650999
0.221968 -0.923866 0.328774 0.652780 -0.557260 -0.091315
0.217709 0.772457 -0.636496 0.795295 -0.350183 -0.537025
-0.281371 -0.364431 0.253592 0.659112 -0.632709 0.003426
-0.880104 0.395119 0.116906 0.601416 -0.197027 0.195872
-0.582320 0.874777 0.351064 0.643691 -0.308320 0.202798
-0.712627 -0.490527 -0.022023 0.237079 0.207352 0.025157
0.159159 0.326151 -0.357084 0.733000 -0.221636 -0.196135
-0.327921 0.440360 0.548622 -0.021543 -0.268972 -0.051614
-0.684561 0.324923 0.328373 0.369857 -0.723065 0.637443
-0.081315 -0.070295 -0.089657 0.446190 0.188164 -0.496477
-0.060589 0.085093 0.065589 0.638475 -0.265592 0.181124
-0.359436 0.113343 0.389035 -0.125369 0.264901 0.269258
-0.853412 0.683700 -0.515444 0.314249 -0.047552 -0.192143
-0.148177 0.065713 0.122280 0.401662 -0.431308 0.724791
-0.846207 0.265938 0.236935 0.602262 -0.562632 0.573321
-0.150287 -0.173739 0.612591 0.913616 -0.080118 0.412699
-0.123979 -0.363647 0.071141 -0.175793 -0.850175 0.311720
-0.385473 -0.017431 -0.106843 0.540899 0.271725 0.355610
-0.142045 -0.065603 0.309488 0.362128 -0.499952 -0.143403
-0.057580 0.041611 0.215689 0.407036 -0.331089 0.059072
0.541395 0.372576 -0.416020 -0.016949 0.679722 0.182640
0.264316 0.499806 -0.760881 0.755206 0.147785 -0.153418
-0.400181 0.608522 0.054987 0.501225 0.662294 0.063983
0.015798 0.608117 0.549087 0.422470 -0.299058 -0.572088
-0.718031 0.245889 -0.349171 0.071569 -0.268429 0.258137
-0.020628 -0.307864 0.007535 0.837571 -0.424489 -0.135442
-0.287830 0.247430 -0.185734 0.158398 -0.290414 0.054108
-0.945992 0.281480 -0.120714 -0.082786 0.111529 0.413447
-0.104535 -0.135647 -0.433745 0.831290 -0.348415 -0.287861
0.032834 -0.110947 0.435861 0.248930 -0.169105 0.316994
-1.094063 0.679993 0.237657 0.045648 0.132864 0.393915
-0.690015 0.361972 -0.146156 0.631190 -0.633713 0.221968
-0.676059 0.881712 0.765568 -0.126790 -0.273628 -0.065768
-0.456544 0.386742 0.620953 0.164236 -0.729239 0.344474
0.007453 -0.378978 0.545474 0.387530 0.414734 0.357340
-0.116571 -0.347375 0.102103 0.558612 0.319743 0.174378
-0.525810 0.617779 0.181126 0.592758 -0.319379 0.301455
-0.293473 -0.413784 0.143387 0.480084 -0.160600 0.505279
0.556488 -0.232089 -0.027252 0.518390 0.170828 -0.427388
0.501575 -1.034581 0.190976 0.112026 -0.393659 -0.525048
-0.912033 0.133010 -0.236534 -0.321708 -0.534184 -0.168693
-0.671850 0.642605 0.339514 0.461459 0.348482 0.136431
-0.513269 0.423660 0.137490 0.399294 -0.358063 0.810407
-1.200707 0.661786 0.346128 -0.173245 -0.321040 0.347555
-0.213354 0.182148 0.744575 0.402732 0.169057 0.275349
-0.486457 -0.035065 0.288981 -0.068781 -0.680213 -0.177825
-0.549022 -0.205520 0.084357 0.511674 -0.489231 -0.000494
-0.587902 0.440059 0.283130 0.298285 0.295016 0.414594
-0.305720 -0.273462 0.213939 0.584774 0.087799 0.118784
-0.817822 0.523717 0.069538 0.171782 -0.530467 0.331261
-0.563155 0.011194 0.047744 0.320596 -0.279712 -0.490281
-0.666949 -0.316235 -0.384084 0.343922 0.118401 -0.100362
-0.938420 -0.228541 -0.128927 0.722508 -0.303283 -0.437964
-0.005971 0.643211 0.103446 0.047553 0.021908 -0.107281
-0.181806 -0.319122 0.928112 0.763325 -0.801863 0.502340
-0.681154 0.186395 0.520626 0.876636 -0.410638 0.444930
-0.469313 0.766920 0.290181 0.607105 0.096080 -0.257122
-0.256162 0.790158 -0.251076 0.578962 -0.493151 -0.244024
0.461794 0.431664 -0.852268 0.570110 0.111615 0.220904
-0.061141 0.365242 -0.711998 0.579014 -0.354476 -0.093531
0.055671 -0.257039 -0.465883 0.856655 -0.075580 0.156305
-0.449180 0.785978 -0.223302 0.163251 -0.090169 0.373732
-0.358270 0.593081 0.313440 0.193860 0.157146 0.057239
-0.564202 -0.239787 0.317248 0.707544 -0.297742 -0.136832
-0.333519 1.042512 0.429486 0.208319 -0.046922 -0.385006
-0.335118 0.111773 0.030923 0.128089 0.006470 -0.201642
0.079082 -0.282698 0.053766 0.799340 -0.323652 -0.515270
-0.385207 0.334776 -0.980732 0.613244 0.046343 0.701701
-1.292288 0.613007 0.404884 0.764178 -0.085491 -0.148524
-0.695783 0.818686 0.427762 0.478777 0.364056 0.191680
-0.633917 0.921214 -0.154061 0.368919 -0.525614 0.041991
-0.375411 1.152596 -0.565614 0.431731 -0.293154 -0.212669
-0.910069 0.303396 -0.407572 0.500016 -0.624294 0.110239
0.108486 -0.241751 0.356282 1.396708 -1.058866 0.195291
-0.151981 0.489851 -0.080578 0.092834 0.010197 0.582714
-0.706447 -0.464187 -0.418136 0.900021 0.288230 -0.632941
-0.573295 -0.377278 -0.313896 0.268761 0.322240 -0.350119
-0.643290 0.332534 0.072869 0.611966 0.207291 0.527193
0.242300 0.917970 0.490251 0.277020 -0.044700 0.755559
0.125589 0.456419 0.555721 0.838959 0.303312 0.418685
0.009513 0.649994 0.486176 0.596558 -0.011284 0.560731
-0.124178 0.273734 0.301533 0.634162 -0.273527 0.065337
0.039220 0.824100 0.126370 0.536855 0.110389 0.521503
0.116460 0.575966 0.090772 0.611858 0.254174 0.436771
-0.010122 0.685597 0.439163 0.623281 0.062321 0.460363
0.146128 0.951103 0.376135 0.218233 -0.092306 0.850877
0.105764 0.744465 0.304783 0.406700 0.394508 0.144373
-0.064233 0.633657 0.068501 0.803858 0.791715 0.201610
0.080989 0.691102 0.373990 0.572908 0.057874 0.567077
-0.121241 0.626823 0.284898 0.593451 0.249230 0.233902
-0.019918 0.685334 0.507457 0.467365 0.213209 0.305264
-0.182326 0.663800 0.323968 0.577959 0.259056 0.217809
-0.319988 -0.058151 -0.066551 0.666724 0.264363 -0.039446
0.071563 0.390188 0.112023 0.486117 0.728505 -0.249939
-0.241602 0.429164 0.284799 0.861109 0.129409 0.354664
0.251959 0.870826 0.657779 0.402937 0.004485 0.509014
-0.030905 0.881616 0.363752 0.485015 0.236245 0.333572
-0.136874 0.519901 -0.147398 0.707538 0.360414 0.237336
0.041203 0.457835 -0.075090 0.521982 0.576849 0.127156
-0.034164 0.858051 0.647560 0.447321 0.029960 0.388287
0.043046 0.600498 0.053433 0.726949 0.110819 0.423054
-0.011803 0.669204 0.193342 0.689335 -0.033126 0.499337
0.291537 0.842016 0.520873 0.447720 0.039191 0.710225
0.132534 0.800593 0.623877 0.432616 0.204450 0.482499
0.041505 0.744993 0.524024 0.439261 0.133061 0.447437
0.019225 0.717431 0.172915 0.594269 0.348011 0.364088
-0.093558 0.780826 0.417060 0.476704 0.309436 0.243776
0.232861 0.782221 0.488541 0.502156 0.017487 0.659992
