-0.532586 0.345233 -0.863002 0.979379 -0.209386 -0.523354
-0.586650 0.480207 -0.544954 0.421955 -0.551559 0.170214
-0.518901 0.807473 0.488849 0.314542 0.484806 0.410655
-0.069214 -0.039163 0.900341 -0.183555 0.212356 0.744012
-0.413027 0.041780 -0.351547 1.083890 -0.456029 -0.231977
-0.506998 0.863486 0.208434 0.110165 -0.205597 -0.381419
-0.442408 0.129418 0.541925 0.053256 0.099883 0.362279
-0.867393 -0.088830 0.230765 0.366610 0.616896 -0.068074
-0.502264 0.386308 0.055949 0.073516 0.330147 0.200683
-0.102026 0.154413 -0.576857 0.326169 -0.544543 -0.262338
-0.315777 0.273743 0.194154 0.116790 0.135870 0.226877
-0.491986 0.140898 0.434518 0.491878 -0.256808 0.057146
-0.411891 0.005467 0.166440 0.131085 -0.268636 0.113946
-0.830724 -0.065869 -0.201635 0.423232 -0.023747 -0.325865
-0.684234 0.132975 -0.660638 0.249478 -0.677669 -0.595478
-0.708547 0.571566 0.261026 0.172448 0.195311 0.400521
-0.086481 0.657153 -0.131126 0.359163 -0.061298 -0.070759
-0.937506 0.021253 -0.395625 0.359668 -0.461148 0.013168
-1.089440 0.629184 -0.454509 0.181083 -0.092787 0.204519
-0.574755 0.353426 0.285428 0.099379 0.262671 0.103506
-0.030795 0.213543 0.469198 0.547326 0.496535 0.588652
-0.854236 -0.546281 -0.233953 0.433760 0.455305 -0.170477
-0.517440 0.359404 0.217008 -0.439005 -0.250454 -0.547577
-0.112244 -0.540492 0.390888 0.577871 -0.009375 -0.410057
-0.373368 -0.195959 -0.282703 0.994225 -0.293688 -0.354570
-1.000225 0.164071 0.045230 0.897173 -0.428307 -0.568314
-0.741998 -0.596513 0.423894 0.654680 0.155707 -0.558495
-1.128892 -0.022424 -0.654453 0.288961 -0.221550 -0.727338
-0.406863 -0.138167 0.233562 0.674560 0.462945 0.066884
-0.191897 -0.457415 0.228294 0.652770 -0.029764 -0.639996
0.340930 0.328621 1.236549 0.550946 -0.270348 0.817694
-0.912878 0.487222 -0.136220 0.069074 -0.650642 0.096553
-0.907861 0.056414 0.034918 -0.050505 0.426601 -0.157663
0.012090 0.946690 0.532891 0.161286 -0.154298 0.532345
-0.216680 1.216480 -0.759938 0.180960 -0.149299 0.641413
-0.246018 -1.025330 -0.499962 1.102404 -0.604864 0.016455
-0.293540 0.230006 0.209735 0.523943 -0.515237 -0.046644
-0.333824 0.587941 -0.366232 0.349265 0.315638 -0.105784
-0.440036 0.062151 0.548393 0.342128 -0.191512 0.469843
-0.506292 -0.068623 -0.215706 0.118326 -0.395003 -0.578377
-0.382277 -0.149478 -0.134180 0.448597 -0.147364 -0.135920
-0.541899 0.198093 -0.390968 0.741238 -0.306878 -0.539731
-0.824419 -0.109367 -0.302708 0.065147 0.134642 -0.315760
-0.082601 0.195268 -0.262136 -0.116422 0.228120 0.176210
-0.446333 -0.486816 0.076211 0.681649 -0.091321 -0.045138
-0.635501 0.308304 -0.139405 0.449101 0.062420 -0.089253
-0.182050 0.201249 0.308761 0.433375 0.002914 0.434373
-0.247106 -0.522371 0.041009 1.037672 -0.081075 -0.527025
-0.421430 -0.721293 -0.229533 1.026658 0.399700 -0.362462
-0.417093 -0.494649 -0.314805 0.644682 0.200753 -0.172583
-0.848966 -0.417396 -1.183176 0.558787 0.452032 -0.568406
-0.497059 -0.236184 0.082078 0.743568 0.199645 -0.084000
-0.399643 -0.097372 -0.202083 0.342781 0.462885 -0.327900
-0.508600 0.484597 -0.357674 0.453229 -0.063073 -0.075940
-0.308745 -0.430652 -0.391211 1.085394 0.165015 -0.720526
-0.550119 0.620613 -0.419855 0.999467 -0.011793 0.460453
-0.331623 0.596177 -0.344283 0.809290 -0.621238 0.491138
-0.355601 0.528759 0.002785 0.621424 -0.053407 1.144153
-0.590873 0.198329 -0.087649 -0.001816 -0.536293 -0.142749
-0.172708 -0.811483 -0.855057 0.942184 0.584533 -0.209823
-0.554902 -0.472351 0.443354 0.614348 -0.073822 -0.254251
-0.576436 -0.451657 0.141066 0.799546 0.177397 -0.607073
-0.251486 0.247669 -0.036653 0.589251 -0.400439 -0.634100
-0.456936 -0.301283 0.735464 0.831627 -0.118480 -0.496280
-0.079380 -0.290276 0.298612 1.287989 0.032581 -0.713378
0.848892 -0.740063 0.441724 0.658773 -0.487330 -0.538922
-0.195238 -0.378211 0.602915 0.674767 -0.312189 -0.381928
0.238442 -0.506893 0.104080 0.637680 -0.206185 -0.375556
-0.641527 -0.297257 -0.256065 0.987854 -0.157759 -0.005752
-0.304432 0.243312 0.336526 0.525145 -0.272910 0.361826
-0.113101 -0.614460 0.505926 1.042302 -0.353723 -0.587335
-0.568639 -0.174007 -0.066797 0.082978 -0.395835 -0.205094
-0.645705 -0.265193 -0.414628 0.753162 -0.232950 0.492357
-0.476571 0.333174 -0.602047 0.566030 -0.340584 0.565237
-0.699768 0.047962 0.056034 0.574892 0.348055 0.403116
-0.067579 0.347991 0.174679 0.561684 0.252006 0.033663
-0.133897 0.250416 0.044091 0.403130 0.242629 0.198162
-0.662003 0.873629 0.626278 -0.295586 0.400926 -0.245830
-0.203343 0.608435 -0.326124 0.076218 0.040789 -0.485096
-0.943336 0.535051 0.208281 0.037930 0.007057 0.005164
-0.432106 -0.603986 0.246166 0.837285 -0.211789 -0.693166
0.330597 0.668123 0.071926 1.532753 -0.216808 -0.243712
-0.567568 0.103506 0.627481 -0.039010 0.409410 0.143816
-0.292916 0.892336 -0.707623 0.357384 -0.296194 0.023791
-0.872302 0.616548 -0.349012 0.265604 0.201127 0.034040
-0.635060 0.058237 -0.353007 0.458177 -0.428756 0.090362
-0.684247 -0.460900 0.047094 0.808379 -0.957103 0.413754
-0.978274 0.610405 -0.153570 0.645569 0.122020 0.471124
-0.203232 0.114892 0.358966 0.025493 -0.130282 0.692765
-0.505840 0.189553 0.334111 0.014229 0.426433 0.835178
-0.705928 0.241351 0.384931 -0.002990 -0.141570 0.406675
-0.959956 0.418222 0.317957 -0.302120 -0.187023 0.590382
-0.947466 0.691290 0.033532 0.238630 -0.033615 0.307782
0.319017 -0.054483 0.293846 0.210442 -0.031798 -0.137475
0.289263 -0.393749 0.255782 0.391068 -0.186465 0.453960
-0.190959 -0.427678 0.305952 0.482598 -0.759378 -0.006088
-0.533334 -0.010284 -0.313605 1.181256 -0.343728 -0.615822
0.143195 0.294225 0.608373 0.677669 -0.048416 0.209474
0.166885 0.816640 0.563031 0.484356 0.063522 0.664183
0.040240 0.813091 0.162515 0.693023 0.017427 0.430217
0.395136 0.966545 0.726460 0.091714 0.626403 0.155463
-0.030534 0.586413 0.284197 0.439189 -0.107998 0.216948
0.030703 0.704166 0.418653 0.546520 0.108362 0.501873
-0.015761 0.893545 0.127455 0.424830 0.065173 0.504622
0.188444 0.656521 0.147778 0.510333 0.047118 0.388058
0.226776 0.018518 0.164231 0.485259 1.089094 -0.529913
-0.058068 0.335455 0.184952 0.772724 0.356333 0.237319
0.215411 0.696885 0.133078 0.693191 0.063503 0.608389
-0.162356 0.552441 0.268494 0.799560 -0.111234 0.610488
0.386538 0.573580 0.481022 0.316228 0.490915 0.379760
0.235020 0.246847 0.575938 0.663756 -0.350903 0.278799
0.456425 0.553607 0.780065 0.014255 -0.758490 0.504461
0.162837 1.075298 0.261789 -0.170642 0.846403 0.235874
0.029809 0.821220 0.689012 0.295327 0.021855 0.576764
0.026216 0.708096 0.402814 0.588147 0.051151 0.512603
0.389345 0.791463 0.373445 0.501744 -0.014189 0.726299
-0.119639 0.619793 0.520446 0.491849 0.315019 0.247408
-0.081982 0.497116 0.051173 0.736458 0.404718 0.339825
-0.172055 0.056277 0.673808 0.697293 -0.350525 0.029840
-0.024949 0.561377 0.203837 0.576423 -0.225520 0.511469
0.036083 0.643478 0.233461 0.494902 0.324599 0.304687
-0.063585 0.509386 0.181058 0.508363 0.526161 0.171268
