-0.192183 -0.840073 0.234944 0.279233 0.056726 0.015390
-0.302817 0.027463 0.696880 0.054385 -0.246332 0.657422
0.004823 0.185079 -0.074104 0.660037 -0.346865 0.017171
-0.442439 -0.012636 0.229232 -0.066457 0.002832 0.579221
-0.412905 -0.058953 0.405164 -0.217914 -0.207991 0.825203
-0.497652 0.503082 0.178585 0.426873 -0.004415 0.411545
-0.916584 -0.522686 0.345756 0.683072 -1.001442 -0.033314
-0.216660 -0.557538 0.126149 0.070728 0.830123 -0.573787
-0.818352 -0.194683 -0.038220 -0.010790 0.403901 0.073775
-0.327757 0.157874 -0.337530 0.840810 0.193320 -0.276027
-0.255505 0.214217 0.036860 0.133739 -0.609724 0.134157
-0.164886 -0.162392 0.907713 0.053237 0.331187 0.371620
0.550166 0.290676 0.428302 -0.008542 -0.309223 -0.133863
-0.501865 -0.854727 0.092542 -0.075236 -0.256006 0.179188
-0.180710 -0.017069 1.015847 0.680226 -0.553796 -0.059788
0.102503 0.205506 -0.547782 0.538481 0.152870 -0.435994
-0.401988 0.804857 0.198695 0.269231 -0.029805 0.435868
-0.777174 -0.492642 -0.318304 1.108063 0.539534 -0.261680
-0.252791 -0.528788 0.796902 0.583524 -0.839581 -0.322080
-0.166812 -0.185329 -0.578883 0.775221 -0.323027 -0.254969
-0.259400 0.048673 0.261281 0.015135 -0.464188 0.208529
-0.617260 0.604474 -0.058756 0.157287 -0.310123 0.374056
-0.152151 0.053696 0.104437 0.561340 -0.040362 0.136231
-0.033406 -0.707117 0.691218 0.452774 0.496348 -0.055387
-0.804974 0.291364 -0.835497 0.489172 -0.598272 -0.000878
-0.773017 -0.204737 -0.203323 0.220815 -0.418832 0.642022
0.163643 -0.205986 -0.005845 0.782447 0.070780 -0.036889
-0.345565 0.588432 -0.348312 -0.234413 0.368388 1.021064
-0.239269 -0.180456 -0.101304 0.817843 -0.134698 0.178526
-0.945620 1.719130 -0.269169 0.327311 -0.039824 0.224373
-0.658201 1.157157 -0.099803 0.344655 0.174198 0.031543
-0.211433 1.012084 -0.311405 0.735104 -0.024667 -0.056452
-0.512573 0.020471 -0.024601 0.563712 0.057857 0.632719
0.206427 -1.021360 0.774412 0.560181 -0.446525 -0.228744
-0.548129 -0.225705 0.289437 0.464753 -0.781710 0.303532
-0.275473 -0.371436 0.687104 0.347710 -0.498376 0.369365
-0.210189 -0.321419 0.577964 0.138384 -0.276325 0.245320
-0.412614 0.297624 0.569705 0.382663 -0.382567 0.320810
-0.147147 -0.076232 0.798891 0.359297 -0.496720 0.387727
-0.024088 -0.110564 0.442037 -0.147110 0.451607 0.099673
-0.564008 0.488127 0.543802 0.536452 -0.338289 0.408064
-0.383553 0.593655 0.009497 0.284282 0.049064 0.537511
-0.249647 -0.126228 0.597242 0.645577 -0.542466 0.469843
0.184589 -0.771909 0.616599 0.571616 -0.017705 0.185122
-0.656128 0.338247 0.202306 0.231199 -0.163525 0.409628
-0.225303 0.502669 0.296215 0.056029 -0.078473 -0.164691
-0.378175 0.304721 0.006379 0.030771 -0.656953 -0.095095
-0.660920 -0.218939 -0.451439 -0.033816 -0.386256 -1.230525
-0.242601 -0.418611 0.577771 -0.069216 0.039443 -0.224541
-0.315999 -0.054833 0.138239 0.456641 0.100210 -0.112068
-0.583183 0.539207 0.126958 0.405251 -0.805995 -0.250139
-0.534160 -0.172081 -0.256513 1.152377 0.124007 -0.714556
0.003956 -0.296589 -0.235799 -0.030392 0.609224 -0.198878
-0.105723 -0.190081 0.350102 0.780585 -0.274984 -0.329576
-0.200167 0.544394 -0.099779 0.357321 0.346219 0.212054
-0.923744 0.352011 -0.331223 0.752906 -0.731498 0.540482
-0.497473 -0.350722 -0.146416 0.396745 0.092342 0.078481
-0.575811 -0.141724 0.010010 0.979831 0.178886 -0.661349
-0.417853 0.722348 0.040682 0.637445 -0.196041 0.383968
-0.547536 0.778000 -0.391824 0.264610 0.020095 0.382139
-0.453874 1.143165 -0.241717 0.040915 -0.055445 0.533186
-0.290846 0.938663 0.022665 0.117386 0.184511 0.263123
-0.821113 0.367061 0.094527 0.518819 -0.368212 0.611206
-0.267870 0.014443 0.476915 0.319582 -0.349080 0.501805
-0.344292 0.019215 0.291652 -0.005137 0.033270 0.416477
-0.830735 -0.096321 -0.110065 0.367074 0.104979 -0.187911
-0.496083 -0.115260 -0.153816 0.699743 -0.291609 -0.625356
-0.773669 0.255151 -0.263381 0.528845 -0.372114 0.102983
-0.514624 0.268933 -0.203110 0.278189 0.195698 -0.283783
-0.247209 0.139833 0.380891 -0.292034 0.036279 0.390357
-0.918839 0.712228 0.186197 0.047964 0.092764 0.415850
-0.419763 0.440959 0.132402 0.701220 -0.174253 0.141649
-1.092896 0.625371 -0.062755 0.116821 -0.408534 -0.372627
-0.317251 -0.609498 0.467413 0.829220 -0.412693 -0.155289
-0.368095 -1.403563 -0.037510 0.638978 -0.824105 -0.220981
-0.829399 0.757299 0.060837 0.659440 0.028597 -0.404194
-0.711776 -0.538318 -0.129712 0.683658 0.040076 -0.319010
-0.462935 -0.034288 0.262334 0.629538 0.183362 0.210632
-0.522921 -0.882949 0.375776 0.197230 0.101800 0.188774
-0.113812 -0.360659 -0.203813 0.881313 -0.414977 -0.264713
-0.591705 0.465581 0.091613 0.925280 -0.259029 -0.471432
0.040076 0.188424 0.268600 0.910017 -0.797853 -0.325046
-0.124951 0.106708 0.756605 0.593919 -0.209100 0.030340
-0.679283 0.058551 0.270263 0.786631 -0.016997 0.296271
-0.801064 0.119489 -0.058269 1.090358 -0.103955 -0.334087
-0.634049 -0.386252 0.158903 1.130837 0.290940 -0.518311
-0.311800 0.389499 0.347684 0.895184 -0.120524 -0.234123
-0.702308 -0.090535 0.139611 0.861134 -0.094032 -0.738027
-0.083738 0.979890 -0.102141 0.170898 -0.124681 0.313480
-0.511535 -0.381471 0.310706 0.848150 -0.067967 -0.778492
-0.498822 0.330777 0.063543 0.401001 0.176719 0.463682
-0.170752 -0.379665 -0.003209 0.758517 0.021453 0.008675
-1.471001 -0.101605 -0.357855 0.135577 -0.375602 -0.773706
-0.619730 0.422221 -0.238638 0.969066 -0.449983 -0.207143
-0.508408 -0.428270 0.459226 0.406097 0.344781 -0.418128
-0.289640 -0.561088 0.454928 0.446702 -0.475295 -0.196410
-0.153714 0.468051 0.179866 0.198459 -0.635352 0.520974
-0.008412 0.806250 0.097270 0.292658 -0.336211 0.180976
0.041902 0.819031 0.411969 0.466393 0.199716 0.500176
0.040558 0.200263 0.535208 0.324372 -0.365693 -0.047885
0.262636 0.623121 0.196824 0.531591 -0.111628 0.655361
-0.154378 0.597681 0.421415 0.577377 0.121918 0.538275
-0.152641 0.690866 0.548332 0.617004 -0.076157 0.469618
0.161296 0.957643 0.002705 0.482214 -0.049007 1.058858
0.025978 0.758879 -0.023846 0.303325 -0.085208 0.574329
0.251150 0.713922 0.360851 0.544211 0.104789 0.708605
0.129844 0.947976 0.184626 0.111555 -0.173509 0.861322
0.044712 0.815190 0.175193 0.502885 0.123762 0.369408
-0.571189 0.427253 -0.661071 0.226894 -0.755575 -0.724798
0.018084 0.599568 0.255900 0.619114 0.203164 0.344881
0.046811 0.498946 0.170671 0.563142 0.264623 0.273959
0.094909 0.215675 0.380846 0.943703 0.500316 -0.043389
-0.512123 0.683721 -0.316189 0.109499 0.250556 -0.073770
-0.232232 0.648385 0.062800 0.698883 0.214606 0.245466
-0.082215 0.064140 0.426053 0.815787 0.039254 -0.031727
0.033187 0.713614 0.594763 0.441742 0.293641 0.317314
-0.292922 0.280784 -0.136001 0.782783 0.071407 0.032862
0.067488 0.673023 0.539069 0.603309 -0.137669 0.197732
-0.122374 0.405365 0.315180 0.534868 0.480110 0.164626
-0.084422 0.401309 0.614747 0.633315 -0.181187 0.228297
-0.019792 0.697022 0.814719 0.140290 0.129397 0.489351
-0.024195 0.750215 0.393696 0.498110 0.469847 0.461599
-0.017627 0.630701 -0.092923 0.256610 0.178011 -0.033919
0.275457 0.608212 0.616825 0.477651 0.298145 0.413958
0.231067 0.730702 0.147543 0.549522 0.288956 0.578583
0.167365 0.780129 0.464121 0.514204 0.054535 0.608771
0.115940 0.813981 0.595492 0.440748 0.189481 0.490321
0.096016 -0.238386 0.132955 0.616550 0.179197 -0.038174
-0.088063 0.651586 0.230429 0.386748 -0.050792 0.368492
-0.171458 0.764174 0.251650 0.640450 -0.021601 0.502457
-0.212073 0.678773 0.548743 0.417054 0.148424 0.362127
