-0.432573 0.291237 0.178161 0.634323 -0.277079 -0.182486
-0.626030 -0.088452 0.179236 0.222159 -0.106340 0.147682
0.035596 0.424181 -0.233580 0.462112 -0.174438 -0.074229
-0.681297 0.318029 0.157630 0.250994 -0.196953 0.484591
-0.175332 -0.185788 0.560698 0.488354 -0.292043 0.113685
-0.126684 -0.667230 0.370503 0.475314 0.011534 -0.129576
-0.518407 0.292186 -0.424738 0.072004 -0.173749 0.515530
0.127694 0.236543 0.354475 0.306247 0.147482 -0.035049
-0.055191 -0.053521 0.489762 0.359542 0.059932 0.329456
-0.306811 -0.569691 0.283480 0.673672 -0.416114 0.359872
-0.177091 -0.325355 0.646183 0.734901 -0.327398 0.330503
0.056165 -0.776739 0.375765 0.615555 -0.116279 -0.102061
0.219728 0.535605 -0.073648 0.501633 -0.433554 -0.275611
-0.839426 0.314531 0.285604 0.514004 -0.626824 0.181969
-0.168731 -0.747461 0.403246 0.464866 0.278122 -0.098793
0.175733 0.469615 -0.594571 0.604009 -0.698122 -0.394857
-0.494549 0.637507 0.287941 0.703831 -0.226776 0.382890
-0.587536 0.214021 0.489780 0.400236 -0.072041 0.564850
-0.863803 0.704117 -0.547653 0.491312 0.254837 0.734150
-0.564684 0.839137 0.486525 -0.058455 0.351423 -0.025185
-0.299429 -0.448610 0.181876 0.356031 -0.033034 0.070145
-0.472503 -0.056786 0.119807 0.409323 0.019993 0.408905
-0.498281 -0.106513 0.253169 0.470688 -0.100145 0.198742
-0.399163 -0.216339 0.251590 0.019185 0.359844 0.338165
-0.257694 0.181139 0.143191 0.226781 -0.127393 0.212631
-0.395254 0.895506 -0.069974 0.382470 -0.455808 0.188094
-0.401462 -0.204775 0.332935 -0.092252 -0.065017 0.057060
-0.233717 -0.784091 -0.087151 0.393706 0.136517 -0.047879
0.049500 -0.440464 -0.811290 1.103676 -1.022059 -0.407293
0.848396 -0.199731 0.522584 0.104470 -0.937194 -0.217342
-0.421918 0.417243 -0.573834 0.211352 -0.435855 -0.494617
-0.535385 1.060449 0.295726 0.171181 -0.334540 0.464595
-0.475931 0.984579 0.288471 0.289515 -0.306358 0.020365
-0.209453 -0.496288 -0.449344 0.316528 -1.006426 0.015552
0.120771 0.482833 -0.116645 0.816790 -0.703586 -0.377923
-0.159012 -0.371905 0.393382 0.280420 -0.246265 -0.133465
-0.223138 -0.785749 0.263575 0.405008 0.083334 0.107352
-0.022348 -0.603899 0.284053 0.330476 -0.076110 -0.087788
-0.176235 -0.693696 0.316852 0.379056 0.040028 0.064278
-0.238330 -0.414450 0.330366 0.248811 -0.209645 0.148497
-0.487061 -0.713787 -0.101275 0.326593 0.270373 0.204891
-0.298000 0.085403 -0.192768 0.195906 -0.195037 -0.340746
-0.183443 -0.702724 0.289020 0.375445 0.040582 0.051259
-0.549143 1.718699 -0.271322 0.084357 -0.731734 0.319625
-0.109836 0.616856 -0.308398 0.716770 -0.689167 0.018819
-0.570761 -0.137140 -0.496841 0.295248 -0.102917 -0.353772
0.363448 0.991015 0.084424 -0.299777 -0.392963 0.084355
-0.201053 0.614509 0.290161 0.483125 -0.663178 0.130009
-0.319590 0.532408 -0.530394 0.554002 -0.326619 -0.263863
-0.165555 -0.736655 0.167439 0.310828 -0.250184 0.075883
-0.272266 -0.716282 0.178806 0.389303 0.145802 0.061720
-0.419014 -0.640014 -0.157353 0.264931 0.281623 0.286421
-0.313948 0.494377 -0.419064 0.699885 -0.700936 -0.063985
-0.319479 0.361190 -0.145519 0.138988 0.255927 -0.016661
-0.325894 -1.024277 -0.193094 0.434476 -0.070012 0.067083
-0.337982 0.640389 -0.144536 0.229404 -0.149014 0.251885
0.243442 0.053083 -0.080098 0.595544 -0.181706 -0.341895
-0.480086 0.870387 -0.422526 0.211783 -0.669495 -0.147410
0.006225 -0.055566 -0.139216 0.575508 -0.021747 -0.448076
-0.034165 -0.634315 0.222923 0.554541 0.015201 0.228117
-0.530293 -0.500091 0.268918 0.164238 -0.167435 -0.010608
-0.032302 -0.705335 0.125899 0.439107 -0.022640 0.177319
-0.201450 0.101341 0.475608 0.749998 -0.177296 0.445582
0.464067 0.565278 0.202506 0.348606 -0.595186 0.087504
-0.502171 0.313630 -0.248027 0.718982 -0.020894 0.414947
-0.144665 -0.722080 0.286847 0.442072 -0.028995 0.036949
-0.171513 -0.863680 -0.021312 0.341226 -0.035932 -0.090249
-0.300976 0.248865 -0.923006 0.666566 -0.066983 -0.136968
-0.774600 0.953918 -0.008840 -0.065002 -0.260529 -0.191132
-0.398161 0.197349 0.689127 0.302254 0.489422 -0.073434
-0.717709 0.317083 -0.039986 0.386322 -0.367981 -0.205186
-0.921516 -0.078636 -0.280930 0.825447 0.051965 -0.471601
-0.269144 0.420370 0.314456 0.667301 -0.479107 -0.148035
-0.416860 0.191913 -0.326545 0.861578 -0.112472 -0.521937
-0.689473 -0.246058 -0.348989 1.031110 -0.038719 -0.813770
-0.777733 -0.435508 -0.188583 0.876386 -0.189145 -0.640033
-0.676528 0.640293 -0.216834 0.297390 -0.182605 -0.366186
-0.669200 0.604515 0.163136 0.234713 -0.188223 -0.193531
-0.205707 -0.165496 -0.215619 0.965214 -0.519569 -0.695636
-0.377328 -0.183662 0.123124 1.138078 -0.515766 -0.388597
-0.660567 0.755199 -0.052005 0.489663 -0.451003 -0.196074
-1.251494 0.901695 0.073189 0.028484 -0.094428 -0.349933
-0.430170 0.501333 -0.348840 0.095267 -0.248753 0.018949
-0.830995 0.477210 -0.731227 -0.090621 -0.053994 0.366135
-0.535915 0.608378 0.036891 0.491092 0.434873 0.769303
-0.205850 -0.139205 -0.262337 0.493434 -0.313099 -0.053329
-0.237931 0.664827 0.728770 -0.234289 -0.676662 0.050809
-0.749188 0.387767 0.166201 0.643170 -0.210956 -0.524781
-0.063444 0.050531 0.143192 0.483854 -0.065694 0.089601
-0.232246 -0.236690 0.595650 0.794790 0.116554 0.659409
0.110544 0.551978 0.040976 0.277665 0.273426 0.517031
-0.253059 1.046042 -0.491770 -0.054641 0.070029 0.489863
-0.017793 -0.110024 0.322454 0.706369 0.355465 0.256668
-0.243491 0.291075 0.247783 0.675349 -0.213586 -0.179747
-0.911432 -0.805787 -0.083346 0.746308 0.040669 -0.672896
-0.545250 0.140734 0.208447 0.618924 0.228738 -0.069062
-0.652018 0.426320 0.496258 0.722704 0.085222 0.081415
-0.281313 0.457086 0.709563 0.747566 -0.084075 0.142854
-0.716829 0.266154 -0.241808 0.997103 0.050953 -0.609386
-0.168472 -0.334114 0.595594 0.543922 -0.079185 -0.011477
-0.791262 0.514740 -0.251343 -0.016881 -0.366415 -0.031186
-0.141152 0.672221 -0.024584 0.181004 0.850373 -0.160769
-0.860713 -0.237112 0.004328 0.797476 -0.498632 -0.823420
0.150428 -0.703548 0.522679 0.644646 0.335491 -0.282078
-0.153658 0.242899 -0.031974 0.563727 -0.288942 -0.194693
-0.011443 -0.023313 -0.235418 0.665254 -0.645226 -0.397024
-0.064008 0.270907 -0.480386 0.211546 -0.083462 -0.013266
-0.242255 0.003543 -0.011719 1.090536 -0.335893 -0.013857
-0.679062 -0.433948 -0.352495 0.412825 0.057808 -0.523235
-0.935878 0.018908 -0.432649 0.116411 0.044673 -1.022225
-0.214627 -0.703516 0.454817 0.371155 -0.830171 -0.359533
-0.713185 -0.162900 -0.119380 0.286258 0.161491 -0.276269
0.117640 0.034214 0.098565 0.627030 -0.127734 -0.342080
0.065296 -0.047387 0.220560 0.791220 0.024199 -0.563403
-0.333686 0.282061 -0.570641 0.637561 -0.029493 -0.428187
-0.115605 -0.791788 -0.002475 0.096155 0.359526 -0.630188
-0.431940 -0.576066 -0.582941 0.629645 -0.250667 -0.691004
-0.360581 -0.043506 0.831298 1.104037 -0.183655 0.350561
-0.497511 -1.094962 -0.292889 0.119891 0.227960 -0.841435
-0.032469 0.402699 0.289006 0.142253 0.099074 0.054687
-0.489459 0.104951 -0.795265 0.095397 -0.325203 0.516112
0.217649 -0.602172 0.344106 0.772180 -0.458452 -0.315420
-0.636668 0.461903 0.023823 0.493560 -0.334247 -0.309360
-0.254617 -0.372101 0.300553 0.956590 -0.472569 -0.056262
-0.114965 -0.545050 0.102668 0.889208 -0.291168 -0.344937
-0.738724 0.092016 -0.021600 0.691344 0.088460 -0.197437
-0.130279 0.480663 -0.701418 -0.448161 -0.221561 -0.990819
-0.615248 -0.265106 0.060663 0.232946 -0.577708 -0.037146
-0.738750 -0.798411 -0.578623 0.083010 -1.228699 -0.662164
-0.279528 0.804463 0.386597 0.563808 0.219896 0.177291
0.034577 0.743480 0.405376 0.572374 0.020705 0.522050
0.280197 0.784376 0.539079 0.304975 0.534080 0.360788
0.051231 0.767416 0.399735 0.599677 0.290768 0.376422
0.163268 0.883735 0.582850 0.239482 0.138611 0.389966
-0.260220 0.684668 0.118454 0.485069 0.302805 0.117272
0.106533 0.868265 0.429068 0.409604 -0.029549 0.441849
-0.201233 0.745585 0.561044 0.477043 0.182140 0.227945
-0.157765 0.699856 0.559440 0.510341 0.216154 0.188460
-0.006191 0.710849 0.149299 0.585838 0.207898 0.224227
-0.201246 0.441443 0.006054 0.835044 0.245640 0.112119
-0.136540 0.438493 0.039456 0.651555 0.350928 0.260355
-0.304655 0.820626 0.634771 0.388828 0.164026 0.159806
0.096561 0.877517 0.430959 0.414681 0.159951 0.429197
0.043326 0.174499 0.037915 0.806855 0.788477 -0.299922
-0.219707 0.708469 0.645470 0.468086 0.181533 0.182886
-0.211664 0.799412 0.705922 0.400563 0.135983 0.226351
0.037172 0.322805 0.313389 0.817727 0.514922 -0.040825
0.063071 0.468983 0.516725 0.776305 0.476531 0.094508
-0.044706 0.465677 0.296807 0.506255 -0.099333 0.593609
-0.231214 0.789899 0.581356 0.490837 0.111216 0.281335
0.103863 0.833233 0.431707 0.308065 0.195301 0.360714
-0.048769 0.594163 0.232827 0.827933 -0.034931 0.649770
0.346312 0.690222 0.313243 0.523080 -0.162394 0.874798
0.067953 -0.226735 0.569484 0.397139 -0.401274 -0.227286
0.136173 1.000025 0.195321 0.062197 -0.129592 0.946965
0.117021 1.120070 0.262150 0.111257 -0.095789 0.910802
0.018182 0.793615 0.385286 0.568549 0.093605 0.510019
0.011558 0.069462 -0.157577 0.859709 0.703015 -0.300470
-0.068455 0.723305 0.743839 0.372398 0.229482 0.251186
0.004478 0.769182 0.261457 0.615751 0.064595 0.526905
0.184444 0.778211 0.239277 0.566988 0.142171 0.624407
0.078075 1.009914 0.227722 -0.091840 -0.200740 0.935778
-0.045058 0.698170 0.621261 0.480829 0.184695 0.397842
0.068241 0.717114 0.132842 0.629528 0.127658 0.538681
-0.191775 1.011930 -0.026110 0.115178 0.107314 0.100305
-0.309895 -0.087488 -0.334307 0.633193 0.581390 -0.195117
-0.012842 0.596927 0.293226 0.665756 0.032985 0.486094
0.127030 1.201889 0.102399 0.143338 0.108415 0.508257
0.351839 1.027934 0.268882 0.295999 -0.058538 0.960758
0.015276 0.185368 0.068739 0.818251 0.672379 -0.058446
-0.079462 0.634248 0.355182 0.542468 0.106133 0.370096
0.031049 0.890636 0.504158 0.428553 0.117986 0.528011
-0.132216 0.671700 0.313163 0.675589 -0.019522 0.568478
