-0.685634 0.026864 0.406508 0.592508 0.248457 -0.222735
-0.226241 -0.205383 0.171460 0.487875 -0.575037 0.332502
-0.611785 -0.085062 -0.420262 -0.281628 0.126408 -0.011473
0.134115 -0.457046 0.589926 -0.159629 -0.541341 0.439880
-0.832267 0.692608 -0.471646 0.242130 -0.386972 0.621187
-0.302959 -0.669243 0.202104 0.217880 -0.992752 -0.731564
-0.606078 0.398571 -0.274350 0.391391 -0.061398 0.146653
-0.739576 0.386964 0.226713 0.256722 -0.167266 0.380568
-0.823246 0.854613 0.043039 0.227089 -0.495339 0.098905
-0.269408 0.714863 -0.225924 -0.154637 -0.142090 -0.324705
-0.405224 0.448623 -0.801283 -0.068512 -0.540700 0.304491
-0.181586 0.402927 -0.422960 0.539577 0.482818 0.408353
-0.537507 0.244435 -0.307047 -0.065126 -0.193391 0.415380
-0.378652 -0.048341 -0.118283 0.303734 0.194819 0.487818
-0.566007 -0.011095 -0.153920 0.125039 -0.213818 0.547757
-0.310361 0.295787 0.622169 0.381140 0.100776 0.374303
-0.757790 1.135075 -0.617920 0.400351 -0.801480 -0.352739
-0.695345 0.735386 -0.394164 0.620720 -0.367665 0.386937
-0.512270 0.414992 0.327597 0.365353 0.056546 0.441619
-0.565332 0.541819 0.215329 0.811033 -0.286684 0.356465
-0.242009 0.834179 -0.211327 0.126151 -0.168360 1.059147
-0.692285 0.178255 0.132760 0.121591 -0.207481 0.350423
-0.824430 0.245998 0.127031 1.130504 -0.191997 -0.126714
-0.528869 0.486211 -0.147085 0.391232 -0.054148 0.567752
-0.682645 0.240177 0.092779 0.427490 -0.312677 0.571146
-0.993946 0.885199 -0.356514 0.033143 -0.400428 -0.249569
-0.387489 1.111570 0.435053 -0.080194 0.357193 0.432570
-0.393849 0.860011 0.181027 0.457625 0.244101 0.178970
-0.555118 1.032402 -0.438448 0.240620 -0.668844 0.428383
-0.389651 0.652826 -0.644208 0.741074 -0.317128 0.402181
-0.348234 0.398327 0.487223 0.127974 -0.074959 0.806646
-0.554719 0.553411 0.022340 0.698293 -0.420267 0.592971
-0.774243 0.533224 -0.428563 -0.142572 -0.238560 0.200777
-0.586558 0.280329 -0.266610 0.745730 0.269586 0.645033
-0.618294 -0.050550 -0.079737 0.814210 0.134959 -0.182929
-1.082913 0.639599 0.105503 -0.479366 -0.487363 0.249641
-0.410647 0.120858 0.014306 1.579455 -0.069383 0.041753
-0.327119 0.955967 0.345974 0.059070 0.362957 -0.036636
-0.532864 0.562208 0.173572 0.409066 0.057394 -0.050692
-0.846737 0.391653 0.083187 -0.299398 0.356181 0.451136
-0.450056 -0.173849 -0.427423 1.067825 -0.123810 -0.043648
-0.316695 0.663052 0.636337 0.304266 0.377760 -0.230130
-0.029638 0.691300 0.216897 -0.091514 -0.613007 -0.171754
-0.460681 0.099244 0.330326 0.406530 -0.499866 0.509540
-0.140773 0.743430 0.149244 0.506723 -0.662071 -0.271081
-0.076554 -0.370452 0.604345 -0.874381 0.193131 0.698667
-0.292644 0.435144 0.317577 0.246628 -0.195402 0.254324
-0.161518 0.545766 -0.318170 0.754324 0.108036 0.100789
-0.382114 1.097044 0.115144 0.503019 -0.299573 0.200782
0.138876 0.003414 0.439404 0.172011 -0.485906 0.054484
-0.044524 0.188663 0.527868 0.294320 0.211335 0.104517
0.134154 0.138262 0.423403 0.054063 -0.444238 0.535139
0.038501 -0.752037 0.113086 0.402973 0.413085 -0.059631
-0.385718 0.120725 -0.012884 0.193267 -0.265763 0.620495
-0.332345 0.110377 -0.856115 0.120905 -0.034063 0.421289
-0.282151 -1.022687 0.783015 0.986170 -0.033167 -0.342114
-0.510578 -0.486837 0.096111 0.906973 -0.513330 -0.536172
-0.294883 -0.148194 0.313407 1.054564 -0.145166 -0.289730
-0.717714 0.072385 0.301634 -0.090602 0.086245 0.517525
0.025656 -0.105689 0.323879 -0.220742 -0.013644 -0.066566
-1.011173 0.593078 0.486787 0.009754 -0.381475 0.555802
-0.294167 -0.321967 -0.109902 0.641159 -1.009777 -0.288868
0.183843 0.363271 0.016344 0.207405 0.103421 -0.385673
-0.923500 0.959020 -0.338398 0.333591 -0.649147 0.494613
-0.172101 0.312752 0.166383 0.857500 -0.603744 -0.093706
-1.254907 0.056324 -0.029940 0.575820 -0.113013 -0.051590
-0.070143 0.001188 0.373638 0.094184 -0.367649 -0.031831
-0.495971 -0.408607 -0.067110 0.224228 -0.178861 -0.084322
-0.194313 0.137434 -0.058162 0.489695 0.093012 0.213137
-0.744446 -0.173343 -0.184574 0.682128 0.244492 -0.684708
-0.489267 -0.144431 -0.107684 0.033562 0.457973 0.050552
-0.576060 0.253585 0.673441 0.481193 -0.201422 0.185319
0.229647 -1.041159 -0.449665 1.098405 -0.082781 -0.788847
0.136033 0.040797 0.429036 0.408003 0.474746 0.105352
-0.570865 0.075461 0.153714 -0.482061 0.576592 -0.230271
-0.474539 0.381341 0.101024 0.207313 0.075799 0.517493
-0.670607 -0.240146 0.715536 0.532897 -0.541583 -0.016956
-0.121669 -0.411826 0.485201 1.126432 -0.170684 -0.083396
-0.645277 0.333440 -0.566512 0.058642 -0.023148 -0.098323
-0.656757 0.908454 -0.533602 0.631966 -0.118702 0.555274
-0.146901 0.480022 0.532013 0.210450 0.143586 0.163138
-0.231885 0.091419 -0.547386 0.527226 0.171083 -0.124313
-0.792467 0.623199 -0.361408 -0.112309 -0.308753 -0.335885
-1.222726 0.340877 -0.913330 0.344880 0.300784 -0.594267
0.022960 0.368699 0.584616 0.060173 -0.258981 -0.180208
-1.120745 1.061423 0.011509 0.084615 -0.174203 -0.554312
-0.495379 0.535273 0.226280 0.175464 0.316065 -0.132888
-0.119497 -0.439476 0.436024 0.304560 0.104278 0.599009
-1.175217 0.752761 -0.000838 0.756386 -1.187859 -0.102618
-0.043843 -0.396602 0.411714 0.704225 -0.070321 -0.064701
-0.721194 0.771147 0.376189 0.821466 0.100959 0.377967
-0.584566 0.513130 0.187210 0.954685 -0.121220 0.113996
-0.370566 0.354045 0.460156 0.079214 -0.027879 0.075870
-0.237741 0.150463 -0.167715 0.829085 -0.297270 0.299302
-1.126202 -0.066786 -0.184936 0.525379 -0.675982 -0.306046
-0.704102 0.943639 -0.068798 0.074325 -0.528309 -0.146769
-0.472826 0.791978 0.068896 0.287702 0.353255 0.608248
0.370337 0.552580 0.163507 0.220739 -0.435745 0.192773
-0.378474 0.031849 0.516356 0.996879 -0.332036 0.346470
-0.535511 0.352830 -0.004692 1.067990 -0.542352 0.047872
-0.507747 0.321570 0.157131 -0.191531 0.268297 0.062937
-0.376020 -0.042869 -0.142260 0.549467 -0.068006 -0.472484
-0.896467 0.285164 0.079623 0.184779 0.147133 0.760060
-0.565332 0.541819 0.215329 0.811033 -0.286684 0.356465
-0.564081 1.145074 -0.783279 0.357136 0.063372 0.011952
-0.613875 0.182096 -0.150765 0.416801 -0.297699 0.278906
-0.476957 0.577475 -0.845574 0.757319 -0.500453 -0.276332
-0.752894 0.396379 -0.128361 0.228214 -0.521747 -0.372957
-1.036287 0.413282 0.301948 0.298430 0.264107 0.093526
-0.335265 0.937245 0.307485 0.193394 0.508031 -0.326637
-0.300560 -0.337255 -0.328468 1.177715 -0.890283 -0.221808
-0.320367 0.568545 -0.259360 -0.066486 0.211279 -0.331771
-0.521791 1.120712 0.368369 0.686948 0.054711 -0.074252
0.150189 0.010537 0.711199 1.004913 -0.552187 0.890911
-1.055657 1.253219 -0.329646 0.327166 -0.188487 -0.124703
-0.571969 0.347769 -0.322100 0.119981 -0.124991 -0.656110
-0.416746 0.080587 0.350638 -0.145422 -0.290889 -0.193198
-0.426140 0.453954 0.064421 0.468881 -0.546208 0.418539
-1.697496 0.531490 -0.726501 0.018737 -0.193222 0.067481
0.156213 0.154823 0.700472 0.384341 -0.287161 0.138082
-0.083632 1.059333 0.116918 0.701230 0.143630 -0.160355
0.225005 0.333671 0.763103 1.048795 -0.374295 0.388640
0.106220 0.001885 0.808997 0.811382 0.037588 0.334339
-0.190966 1.343308 0.022481 0.386816 0.428692 -0.491843
-0.690889 0.546757 -0.050797 0.944227 -0.147463 -0.115059
-0.495761 -0.059360 0.362464 0.692374 -0.325116 0.791155
-0.177954 0.107998 0.145811 0.165877 0.258684 0.259757
-0.539559 0.704912 -0.655941 0.369901 -0.665906 0.674708
0.177850 -0.520100 0.165969 0.404963 -0.396408 0.117986
-0.169243 -0.053594 -0.390349 0.257169 0.245128 -0.192259
-0.810125 0.400551 0.572479 -0.159527 0.307842 0.299690
-0.143898 -0.548414 -0.250008 0.405208 0.388440 0.078283
-0.258990 0.704208 0.046247 0.404560 -0.120678 0.261538
0.088174 -0.280755 -0.072407 0.534455 -0.715391 -0.592740
-1.168846 -0.010212 -0.393594 0.297853 0.017268 0.567888
-0.323718 0.784549 -0.061257 0.367443 0.023018 -0.262479
-0.411255 -0.363138 -0.415104 1.241893 -0.045170 -0.089370
-0.820085 0.245723 -0.040232 -0.338533 0.050700 0.587856
-0.430652 -0.255497 -0.620107 0.374110 0.709169 0.503432
-0.948273 -0.141500 -0.497361 0.847706 -0.641917 -0.706725
-0.391146 0.698507 -0.509004 0.457143 -0.359835 -0.069376
-0.704542 -0.798286 -0.447640 0.320344 -0.455825 -0.671034
-0.158112 0.062134 1.126326 0.385642 -0.571541 0.716327
0.349161 -0.085896 0.920402 0.871890 -0.270699 0.118723
0.132584 -0.508514 -0.210687 0.357191 -0.196835 -0.629654
-0.327389 0.367722 -0.017488 0.751075 -0.106261 -0.415105
-1.153656 0.456710 0.297899 0.553353 0.001939 0.099930
-0.642625 0.513197 -0.283791 0.854417 -0.351490 -0.039771
-0.211080 -1.122793 0.271873 0.296824 -0.152848 0.058421
-0.888937 0.051654 0.017653 0.206076 -0.790091 -0.591114
-1.074045 0.155004 -0.269334 -0.132007 -0.134344 -0.368234
0.610042 -0.582423 -0.428350 0.949905 -0.537980 -0.060678
-0.262638 -0.061958 -0.391036 0.582945 -0.149350 -0.192739
-0.613983 -0.254435 -0.835421 0.299994 -0.265409 0.295957
-0.787435 0.063344 0.015822 0.236997 -0.219992 0.565997
-0.614205 0.539067 -0.390849 0.554075 -1.039951 -0.271028
-0.276327 0.497892 0.641203 0.765991 -0.125096 -0.075979
-0.759739 -0.095287 -0.440182 0.593001 -0.559728 -0.436503
0.106049 0.190502 1.264531 0.803008 -0.859381 0.094431
-0.234653 0.113122 0.632039 0.694620 0.366357 -0.091148
0.179024 0.002822 0.127979 0.295896 -0.468359 -0.150380
-0.921879 0.300600 -0.198758 0.462587 0.038608 0.441365
-0.665016 0.202612 0.174382 0.701554 0.106097 0.159225
-0.848342 0.448422 -0.113527 0.512528 0.506523 0.640723
-0.426707 0.690710 -0.971370 -0.101483 -0.284290 0.081848
-0.733704 0.112671 -0.720152 0.106423 0.410774 -0.379255
-0.993583 0.022476 -0.250770 0.012583 0.337778 -0.524542
-0.851031 1.259335 -0.568366 -0.113245 0.339033 0.263622
-0.522131 0.870075 -0.095212 0.542620 0.117591 0.824439
-0.583271 0.715561 -0.201415 0.719025 -0.051057 0.245652
-0.321028 0.246317 -0.017484 0.026994 0.082978 -0.010161
-0.483639 0.920055 -0.799254 0.920188 -0.298532 -0.099759
-0.640002 0.457899 -0.113823 -0.031431 0.197236 0.547011
-0.620221 0.461980 -0.900022 1.061055 -0.337328 -0.505068
-0.949868 0.393062 -0.434851 0.605775 -0.481577 -0.503093
-0.813623 0.146048 -0.525909 -0.337761 -0.406814 0.286002
0.299448 0.494474 0.397456 -0.006805 0.445824 -0.132038
-0.159259 -0.138472 0.250606 -0.124427 -0.336042 -0.115682
0.307607 -0.529883 -0.001932 -0.104879 0.097031 0.195820
-0.592739 0.307754 -0.130461 0.524215 -0.215938 0.436976
-0.359928 0.092970 -0.342065 0.158702 0.150953 -0.000908
0.708944 0.404661 -0.212728 -0.633889 0.151080 -0.193266
-0.466309 0.179108 -0.561462 0.326402 -0.472869 -0.210482
-1.104553 0.462915 -0.248960 -0.156590 -0.206085 0.804162
-0.085098 0.291816 0.144447 0.409592 -0.301006 0.060147
0.016669 0.530643 0.002943 1.119306 0.040732 0.041904
-0.618332 -0.439315 0.228707 -0.260933 0.557587 0.790450
-0.768688 0.034325 -0.174782 0.443135 0.132748 0.183097
-0.216350 -0.799176 0.394452 1.048688 0.539330 -0.389992
-0.923200 0.194691 -0.386142 0.355746 -0.124131 0.630353
-0.009747 0.410503 0.197799 0.079546 0.480917 0.395978
-0.605346 0.057242 0.410879 0.834863 0.027453 -0.375896
-0.336614 0.446844 0.170899 -0.138961 -0.545188 0.277756
-0.303416 0.017685 -0.207524 -0.020886 -0.608867 0.456898
-0.776622 -0.229686 -0.265079 0.752205 -0.337181 0.484791
0.363745 -0.488655 0.532968 0.332934 -0.242346 -0.638111
-0.472979 1.091210 -0.211573 0.254739 -0.040917 -0.179614
-0.634705 -0.020748 0.183057 0.418805 0.324686 -0.283795
-0.397737 -0.276461 0.466994 -0.047507 -0.068200 0.766181
-0.511785 0.083953 0.759014 0.772175 -0.407020 0.164788
0.029968 0.921283 -0.669637 0.151103 -0.550911 0.328579
-0.285398 -0.477378 0.353209 0.408809 -0.132823 0.123142
-0.536535 0.534811 0.660558 0.259774 0.584184 0.447736
-0.881670 0.285811 0.209009 -0.067409 0.347581 -0.152252
-0.461563 -0.263455 -0.112321 1.194683 -0.309215 0.627449
0.160538 -0.376433 -0.053519 0.822405 -0.139025 -0.129836
-0.386562 0.292860 -0.186873 0.434204 0.478878 0.637275
-0.738739 0.778315 0.106428 0.212219 0.254049 0.630833
-0.005622 -0.679031 -0.584493 1.033849 -0.831449 -0.091188
-0.608719 0.757929 0.265155 0.061115 -0.102153 0.376037
-0.630304 0.044097 0.095459 0.367283 -0.680067 -0.356315
-0.044135 0.444873 -0.289467 0.212487 0.146440 -0.246722
-0.025605 0.239748 0.203065 0.912843 0.503227 -0.063763
0.182305 0.884605 0.466245 0.465716 0.243945 0.522000
-0.020077 0.775146 0.345718 0.392555 0.355895 0.286645
0.045743 0.771169 0.367401 0.623079 0.164636 0.529107
-0.117159 0.830391 0.519032 0.489947 0.037009 0.475035
0.127835 0.760928 0.505050 0.464160 0.165165 0.530563
0.063159 0.794757 0.254871 0.494008 -0.020014 0.667386
0.370136 1.219808 0.504141 0.775131 0.177452 0.758060
-0.253122 1.381670 0.193176 0.137873 -0.211410 0.405435
0.099460 0.866291 0.449236 0.199598 0.422857 0.268090
-0.148745 0.579758 -0.013283 0.711665 0.117392 0.358190
0.068970 0.669963 0.331623 0.616974 -0.134260 0.673789
0.188177 0.871467 0.346108 0.491135 -0.109997 0.735391
0.301816 0.741471 0.486638 0.504704 0.103415 0.659441
0.172144 0.854698 0.427847 0.429550 0.043410 0.618913
-0.022546 0.607714 0.138159 0.171598 -0.217543 0.685981
-0.265157 0.635368 0.319144 0.909958 0.394297 -0.107840
0.211363 0.672220 0.240154 0.560504 0.015884 0.718060
0.021173 0.743056 0.472160 0.462407 0.249264 0.399612
0.131181 0.840067 0.327098 0.387686 0.105291 0.567150
-0.192463 0.644269 0.610819 0.660763 0.037179 0.268554
-0.305125 0.376441 0.016443 0.732527 0.361397 0.117615
0.019219 0.602394 0.022188 0.719105 0.155543 0.448971
0.214690 0.811178 0.676589 0.294208 0.354239 0.431074
-0.070742 0.443501 0.101979 0.612806 0.368770 0.095544
0.465434 0.537753 0.143220 0.495014 0.147870 0.684764
-0.004376 0.663003 0.612315 0.479964 0.472414 0.317892
-0.205694 0.336399 0.109613 0.682364 0.148916 0.292614
-0.240964 0.572543 0.328969 0.681447 0.222256 0.169615
0.137852 0.831699 0.516985 0.493254 0.017923 0.595143
0.290438 0.793370 0.287180 0.342492 0.348938 0.364739
0.571695 0.750458 0.671904 0.521951 -0.069487 0.556616
0.148331 -0.087463 0.381831 0.974932 -0.248938 -0.402191
0.122869 0.744889 0.309991 0.514464 0.043229 0.511198
0.038166 0.715345 0.019370 0.448269 0.133731 0.402846
0.320392 0.869848 0.531810 0.389283 0.034142 0.690209
0.053409 0.916862 0.627816 0.527364 -0.206890 0.669226
0.066261 0.764481 0.494057 0.476685 0.257280 0.390110
