-0.534930 -0.136252 -0.486903 0.018620 -0.280448 -0.101571
-0.197941 -0.062968 0.033728 -0.167054 0.029154 0.768881
-0.117314 -0.617124 -0.550498 0.437306 0.407195 -0.951224
-0.006757 -1.241663 0.025629 0.150855 0.208447 -0.444328
-0.045761 0.515495 0.630889 0.000769 -0.022672 0.055509
-0.790552 0.647652 -0.912797 0.831593 0.142649 0.296802
-0.223489 0.633183 -0.106595 0.846802 -0.236142 -0.047629
-0.144719 0.673404 0.822764 0.311103 -0.072357 -0.230897
-0.080398 0.256041 0.330440 0.738370 -0.533658 0.511626
-0.188972 0.255729 0.201559 0.387955 -0.039118 0.098568
-0.842655 0.749102 -0.220731 0.321029 0.237268 0.190085
0.684803 0.578038 -0.324319 0.255784 -0.354875 -0.048962
0.017178 0.352613 -0.087007 0.501963 0.239896 0.158270
-0.327096 0.271504 -0.753323 0.647615 -0.135185 -0.433926
-0.889807 0.268493 -0.302254 0.660525 0.063172 0.673837
-0.276215 -0.325136 0.051520 0.535206 0.215064 0.319163
-0.381759 0.597468 0.458070 -0.109896 -0.231973 -0.209841
-0.320906 1.124934 -0.230355 0.101542 -0.190129 0.183430
0.026820 -0.050463 0.724165 -0.504103 -0.050918 0.771079
-1.203026 -0.585402 -0.537399 0.251457 0.113087 -0.419908
-0.559738 -0.877631 -0.260049 0.278775 -0.369650 0.265695
-0.320033 0.120680 -0.020968 0.261056 -0.159189 -0.897030
-0.287468 0.060065 0.242778 0.539347 -0.332295 0.001701
-0.200277 0.411482 0.330695 -0.082428 0.261892 0.329313
-0.706967 -0.603612 -0.251025 0.175828 0.364423 -0.626980
-0.807232 -0.734295 -0.017220 1.177975 0.349300 0.006701
-0.278870 -0.085655 0.011978 0.854694 -0.264861 -0.504004
0.394424 0.103980 -0.190086 0.572545 -0.622868 -0.269527
-0.200278 -1.051439 -0.051163 1.384143 -0.084760 -0.037929
-0.362652 -0.611244 0.192155 0.366278 0.528456 -0.647078
-0.994133 0.681934 -0.410163 -0.049032 -0.307444 0.115137
-0.539985 0.937605 -0.003928 -0.162056 -0.470234 -0.173627
-0.698809 0.301475 0.628979 0.124143 0.015634 0.360247
-0.610112 0.130249 0.548748 -0.196865 0.002136 0.459390
-0.596029 1.033203 0.026454 -0.409165 -0.069539 -0.310557
-0.757948 -0.317825 0.196922 -0.028026 -0.117770 0.056118
-0.543435 0.516883 0.485202 1.073877 -0.188334 0.865373
-0.661506 0.698635 -0.735471 0.957686 -0.185828 0.326379
-0.774937 0.480115 0.500343 0.077274 -0.220902 0.637609
-0.281362 0.649634 0.222944 0.117054 0.209095 0.617426
-0.209619 0.542170 -0.613010 -0.113048 -0.236166 0.239667
-0.578222 0.642518 0.097553 0.509345 0.415881 0.340841
-0.152264 -0.197333 -0.722132 0.720970 -0.205548 -0.603876
-0.749074 0.066873 -0.119683 0.883507 0.239383 0.073140
-0.675393 0.412961 -0.151836 -0.149326 0.931816 0.107759
0.350581 -0.078611 -0.145940 0.919932 -0.163525 -0.931988
-0.296714 -0.108339 1.073199 0.157638 -0.821340 -0.442636
-0.035540 -0.475136 0.554764 -0.356680 0.325855 0.381477
-0.588910 0.338060 0.633558 0.090505 -0.053438 0.524272
-0.749495 0.570957 -0.979404 -0.185949 -0.298148 -0.724348
-0.755769 0.905790 -0.705239 0.089615 0.257338 0.307913
-0.646784 0.164159 -0.142031 0.058394 0.056405 -0.695409
-0.056289 -0.143980 0.510848 0.651467 -0.566532 -0.023820
-0.004508 0.077034 0.212472 0.670523 -0.021515 -0.114405
-1.005800 0.109079 -0.325800 -0.015273 0.025678 -0.675254
-0.583301 0.999276 0.150066 0.547927 0.247738 0.047303
-0.586728 0.233706 0.362218 0.253454 -0.328103 1.023630
-0.691795 -0.005376 0.044198 0.670253 -0.165988 0.119285
-0.267789 -0.348412 0.149113 0.494145 -0.406173 0.135892
-0.651704 0.088563 -0.088812 0.989848 0.068692 -0.104781
-0.186483 -0.667441 0.212883 -0.058194 0.313719 0.056430
-0.241395 0.127484 0.236923 0.985877 0.411997 0.390684
-0.387110 0.035335 0.250451 0.490736 -0.590751 -0.770628
-0.362221 0.402792 0.042293 0.535141 0.179058 0.084656
-0.195158 -0.139191 0.245489 0.856615 -0.277850 -0.477602
-0.311204 -0.270630 0.162103 1.347078 0.020788 -0.448726
-0.338796 -0.078282 0.280909 1.058169 -0.179219 -0.343255
-0.758742 -0.072480 0.469586 1.064906 -0.180304 0.422902
-0.678202 -0.352697 0.114327 0.923287 -0.063544 0.229164
-0.463051 0.475047 0.144634 0.167836 -0.214565 -0.271542
-0.559925 0.000299 -0.436985 0.111747 -0.296476 -0.649326
-0.225636 0.018776 1.024174 -0.014142 -0.453508 0.230644
0.265649 -0.924837 1.099882 0.669963 -0.964400 -0.063014
-0.391135 -0.528784 -0.102508 0.761000 -0.341112 -0.780969
-0.561420 -0.535079 0.445320 1.065437 -0.453704 -0.484830
-0.233350 -0.411820 0.320458 0.796987 -0.053615 -0.958300
-0.862180 0.688285 0.166591 0.270170 0.122173 0.152063
-0.454761 0.400495 0.371289 0.271986 -0.327999 0.149642
-0.145518 -0.495579 1.020728 1.168228 -0.688432 -0.433724
-0.770781 0.635973 0.391023 0.961748 0.361311 -0.346053
-0.973135 0.749095 -0.135715 0.308721 0.115090 0.653291
-0.598182 -0.048108 0.257054 0.440231 -0.294265 0.616501
-0.117105 -0.519234 0.602374 0.311602 -0.409077 -0.185242
-0.750414 0.413614 -0.375520 0.594503 -0.460051 -0.539628
-0.151428 -0.321000 0.620779 0.629589 0.044951 -0.644980
-0.345677 0.762498 -0.064592 0.395266 0.512173 -0.000122
-0.637902 0.458973 -0.939137 0.430162 -0.001393 0.822070
-1.280463 0.728460 -0.316045 0.041553 -0.535887 -0.520861
-0.514645 0.225639 -0.799744 0.233983 0.018148 0.725235
-0.244773 0.021089 0.947558 0.100330 -0.236773 0.062372
-0.637974 0.262889 -0.023748 0.278861 -0.258757 0.330607
-0.028158 -0.193445 0.566525 0.377860 -0.873125 -0.383736
0.027470 -0.394176 0.493546 0.325404 -0.162521 -0.582187
0.290988 0.075742 1.045116 0.558787 -0.415579 -0.488535
-0.306170 0.659532 0.052814 -0.114299 -0.218718 0.143814
-0.717217 -0.357120 -0.054611 0.576251 0.289803 0.129055
-0.183812 -0.437731 0.223977 0.866769 -0.469854 -0.393778
-0.282452 0.068950 0.265964 0.517311 -0.242751 -0.026961
-0.044411 -0.530014 0.798936 0.746900 -0.601271 0.202555
-0.538036 0.572237 0.078885 0.438900 -0.042583 -0.657103
-0.406742 0.688960 -0.034542 -0.003543 0.145785 0.306338
-0.255649 0.234468 0.450824 0.854770 0.084220 -0.104317
0.062944 0.127266 -0.166334 0.047939 0.257618 0.082483
-0.541588 0.549389 0.264836 0.366860 0.237118 -0.346765
-0.116264 -0.755538 0.239553 0.596485 0.285012 0.062149
0.178476 0.837827 0.480092 0.203776 -0.017073 0.719834
0.153829 0.727754 0.519070 0.561997 -0.031434 0.390314
-0.199365 0.979296 0.360788 0.224079 -0.024401 0.708310
-0.014229 0.711859 0.455718 0.543527 0.104029 0.374493
0.007167 0.763361 0.226505 0.430238 0.176144 0.391023
0.263014 0.775407 0.264168 0.284086 -0.163626 0.853129
0.258635 0.808354 0.392617 0.411237 0.198036 0.545465
0.105378 0.692070 0.328219 0.550435 0.123168 0.472831
-0.032865 0.614773 0.444855 0.494612 0.230651 0.227304
-0.040404 0.723648 0.373356 0.371159 0.135126 0.341009
-0.026918 0.310732 0.210274 0.593018 0.639148 -0.215038
-0.354156 1.080553 -0.036755 0.410932 0.108706 0.205666
0.298342 0.576114 0.520122 0.580376 0.196867 0.323736
0.012294 0.801526 0.866110 0.531113 -0.012617 0.543418
0.371775 0.939689 0.694533 0.639510 -0.220041 0.760488
0.005767 0.654692 0.683735 0.491580 -0.104479 -0.305540
0.074024 0.813803 0.150320 0.539201 0.102510 0.258355
0.106699 0.743779 0.200082 0.443436 0.125301 0.559899
-0.447451 0.264430 0.313562 0.680486 -0.103029 0.101344
-0.113934 0.916373 0.442209 0.536836 -0.144720 0.530288
0.044888 0.266147 0.727371 0.672440 -0.075246 0.494532
-0.174715 0.448670 0.500264 0.833068 0.195276 0.059801
0.215219 0.702367 0.413628 0.463690 0.170616 0.543217
0.181156 0.786901 0.467595 0.230102 0.369079 0.134713
0.101017 0.931410 0.010909 0.078551 -0.245584 0.921123
0.015753 0.814606 0.622487 0.470725 0.220670 0.509536
0.180186 0.938927 -0.236873 0.581389 -0.048084 0.654835
0.059219 0.506635 -0.041533 0.420162 0.021481 0.250137
0.362928 0.286710 0.822320 0.437607 0.070630 0.255411
0.580058 0.587424 0.459758 0.553317 0.108312 0.077313
0.348548 0.601421 0.597826 0.282319 0.148754 0.326385
0.256460 0.757310 0.378084 0.563640 -0.044948 0.724641
-0.052461 0.580592 0.386286 0.527814 0.444793 0.190089
0.039200 0.854739 0.467232 0.465372 0.165681 0.574358
0.085949 0.745436 0.507373 0.459077 0.302838 0.361109
-0.321787 0.471212 0.322205 0.662245 0.201621 0.045062
0.155198 0.801968 0.430340 0.434046 0.356302 0.314624
0.092037 0.857422 0.511251 0.290006 0.461352 0.188910
0.364696 0.683709 0.671338 0.271047 0.016125 0.634099
-0.067546 0.930421 0.185575 0.540188 0.353835 0.366906
0.103677 0.754195 -0.046263 0.511062 0.503607 0.323050
0.016976 0.513179 0.379704 0.219778 0.444316 0.055928
