-0.236684 -0.879313 0.312754 -0.302411 -0.100733 -0.192043
-0.506704 -0.616220 0.091146 -0.066316 -0.107687 0.200872
-0.124768 -0.623611 0.460778 0.385451 -0.001604 -0.136891
0.486334 0.832480 0.061753 1.019382 -0.131391 -0.322175
-0.545977 0.237030 -0.401656 0.656186 -0.161109 -0.967581
-0.691164 0.161862 -0.364385 0.448741 -0.472850 -0.058513
-0.874409 -0.684663 -0.240358 0.370762 -0.684272 0.366442
-0.259140 -0.311151 0.476882 0.177809 -0.213050 0.164320
0.351483 -0.855825 0.498550 0.951277 -0.287925 0.228666
0.221280 0.148742 -0.379075 0.599142 -0.681169 -0.423532
-0.972190 -0.123434 0.048430 -0.290831 -0.166792 -0.998838
-0.680093 0.091676 0.495667 -0.143892 0.288819 -0.088817
-0.215622 -0.513297 0.040665 0.740916 0.052579 0.084486
0.061210 -0.237766 0.005529 0.928054 -0.138964 -0.468942
-0.814906 -0.446895 -0.308763 0.516509 -0.759827 -0.688710
-0.322337 -0.856037 0.741609 0.118086 -0.676786 0.031422
0.320646 0.487909 -0.272652 0.247284 -0.636351 -0.696782
-0.260763 -0.326174 0.415754 -0.203340 0.294397 0.494655
-0.117597 0.021091 0.012413 0.402923 -0.014371 0.339147
0.167238 0.038425 -0.505714 0.571837 -0.464631 -0.411248
-0.171316 -0.103528 0.140709 0.239256 0.498710 -0.064883
-0.576117 -0.585611 -0.525601 0.135020 -0.684937 0.037826
0.113419 0.688460 0.829489 0.118953 -0.975930 -0.682431
0.313965 -0.186814 0.144522 0.303428 -0.606984 -0.410869
-0.096958 0.147995 -0.397202 -0.249050 0.231417 -0.239944
-0.721574 1.203454 -0.046380 0.407299 -0.096681 0.585767
-0.390193 -0.340078 0.636399 0.020177 0.483983 0.113937
-0.126173 -0.926498 0.471498 0.357246 0.275703 -0.355408
-0.379379 0.198755 -0.194834 0.658127 -0.026568 -0.339728
-0.594116 -0.170848 1.006017 0.357199 -0.240778 -0.061879
-0.342110 -0.485424 -0.219800 0.709993 -0.119558 -0.454114
-0.577677 -0.002338 0.188811 -0.095434 -0.565132 0.288337
-0.281181 -0.205166 0.359924 0.585751 -0.187700 0.214269
-0.507925 -0.111646 0.065423 0.335368 -0.118710 0.268344
-0.199454 -0.562573 0.952062 0.968595 -0.570384 -0.269538
-0.543177 0.646247 -0.535832 -0.233364 0.157399 -0.302005
-0.254753 -0.084083 0.494070 0.637954 -0.465960 -0.089682
0.244869 0.274355 -0.715143 0.634996 0.073071 -0.005430
-0.098756 -0.161334 0.090767 0.093781 0.218662 -0.031233
-0.813862 0.121926 -0.375823 0.615435 -0.583773 -0.335925
0.054060 -1.176320 0.181853 0.763939 0.231434 -0.214703
-0.729364 -0.207080 -0.520779 0.675788 0.122828 -0.314489
-0.282285 0.196672 0.363353 -0.075694 0.067634 0.345223
0.201119 0.718434 -0.430518 0.498712 -0.663809 -0.087245
-0.056809 -0.073746 0.217768 0.671717 0.245128 0.138480
-0.396585 0.470287 -0.014512 0.420098 -0.534409 0.733557
-0.646089 0.525374 0.053574 0.825923 -0.742444 0.044208
0.120531 0.190052 0.552837 0.095703 -0.655275 -0.622346
-1.082438 0.260390 -0.344276 0.386906 -0.460581 -0.211187
0.041187 -0.068585 0.519223 0.611788 -0.335630 0.446584
-0.343719 -0.277405 0.374267 -0.289578 0.329202 0.327721
-0.872163 0.249203 -0.407762 0.524687 0.176124 -0.647411
-1.097138 0.151357 -0.337467 -0.129443 -0.584877 -0.948982
-0.200080 -0.203234 0.431003 -0.280621 -0.406010 -0.324150
-0.404950 0.213033 0.386434 0.191567 -0.818572 -0.227648
-0.561968 0.498285 0.359217 0.435387 -0.314245 0.071290
-0.407467 -0.346064 0.292098 -0.213580 -0.416852 -0.103478
-0.373162 0.264345 0.143916 0.112065 -0.118765 0.468162
-0.546338 0.793762 0.072162 0.619414 0.089548 0.468746
-0.664514 -0.218621 0.374610 0.308677 0.145388 -0.043581
-0.228099 0.528711 0.127341 0.037623 0.173033 -0.133983
-0.936728 0.611469 -0.099671 0.159511 -0.018766 -0.549851
-0.151123 -0.104117 -0.012197 0.866836 0.113906 -0.497113
-1.286168 0.386058 -0.445111 0.344610 -0.718510 -0.052666
-0.873790 0.352571 -0.547620 -0.010564 -0.675293 0.000357
-0.605666 0.428749 0.182756 0.503173 -0.377728 -0.300210
-0.674490 0.390592 -0.025394 -0.316674 0.891368 0.539148
-1.096015 -0.019254 -0.098899 0.084436 -0.329794 -0.358588
-0.631596 0.588635 -0.176291 0.682825 -0.248539 0.929871
-1.297656 0.346842 -0.075826 0.631034 0.437915 -0.173077
-0.657043 -0.048670 -0.338296 0.552643 -0.200557 -0.615256
-0.903813 0.241781 0.049089 -0.107832 -0.662671 0.033714
0.633652 -0.009460 0.834766 -0.136441 -0.470532 -0.255145
-0.354578 -0.853769 0.321385 0.134615 -0.277945 -0.037735
-0.957600 0.409338 -0.043923 0.386237 0.118566 0.019353
-0.363071 0.635847 0.043417 0.276979 -0.138949 -0.493453
0.101834 0.056760 0.602468 -0.028300 0.289911 0.392951
-0.895926 0.336278 0.052070 0.114090 -0.064227 -0.179132
0.023662 0.004442 0.484733 0.343461 -0.142626 -0.209324
-0.179586 0.176009 0.064183 0.796456 -0.582203 -0.365101
-0.591947 0.238106 -0.025849 0.460807 -0.652100 0.098362
-0.338701 0.770024 -0.506372 0.289233 -0.982162 -0.113977
0.299943 -0.077104 0.272328 0.458401 0.254305 -0.337502
-0.624595 -0.089243 0.148040 0.784983 -0.239706 -0.399018
-0.741189 -0.233785 0.135242 0.197525 -0.719361 -0.421886
-0.759000 -0.297988 -0.113281 0.005264 -0.477246 -0.511090
-0.084916 -0.372612 0.082933 0.723682 -0.717724 -0.965324
-0.298687 -0.409423 0.064041 0.289185 -0.645347 0.193936
-0.836585 0.094750 -0.356155 0.584382 0.490920 -0.295530
-0.745227 0.538694 0.092358 0.107875 -0.485222 -0.674836
-0.577445 0.654994 0.271618 0.170587 0.125857 -0.615140
0.231948 0.107359 0.255297 0.336585 -0.072089 0.179946
-0.491022 -0.527002 0.131058 0.918873 -0.721975 -0.718271
0.164545 0.318107 -0.112425 -0.006970 0.009729 0.285924
-0.468463 -0.535713 0.127590 0.426400 0.062020 -0.030085
0.193597 -0.232185 -0.111700 0.594863 -0.509960 0.203349
0.146860 -0.496562 0.784738 0.456245 -0.644293 0.233603
-0.679197 -0.755286 0.338571 0.447744 -0.620691 -0.127258
-0.641991 0.614174 -0.619088 0.340022 -0.547978 0.354659
-0.812185 0.160777 0.394802 -0.157081 0.114919 -0.453302
-0.496998 0.222344 -0.364333 0.475790 -0.010959 -0.556760
-0.550023 -0.470123 0.085062 0.471616 -0.139574 -0.012203
-0.504628 0.531338 0.059511 0.151008 -0.161590 -0.351254
0.235174 -1.003809 0.511368 0.963329 -1.103675 -0.282810
-0.347677 -0.734905 0.057005 0.386920 0.447401 -0.572201
-0.561388 -0.138954 0.237940 0.448663 -0.072654 0.005060
0.016666 -0.101477 0.409685 1.082251 -0.902281 -0.262832
-0.254692 -0.408382 -0.007315 0.200883 -0.137044 0.084775
-0.408046 0.254980 -0.290230 0.177865 -0.274125 -0.302810
-0.750019 -1.125641 0.038505 0.951657 -0.186572 -0.422925
-0.140390 -0.074292 -0.091209 0.717550 0.007633 -0.597248
-0.342814 0.188326 0.570957 0.615598 -0.181698 -0.023184
-0.302651 0.257893 0.265398 0.545535 0.018834 -0.647729
-0.582205 0.228523 -0.352977 0.111652 -0.414072 -0.299646
-0.589110 0.612748 0.442461 0.895344 0.060515 -0.625867
-0.753015 0.144063 -0.517615 0.541308 -0.036800 -0.300178
-0.219361 0.236511 0.243757 0.433899 0.234458 -0.048667
-0.734679 0.214654 -0.289845 0.078168 -0.708210 0.063551
-0.600567 -0.027035 -0.064268 0.508606 -0.123323 -0.008186
-0.356874 0.411407 -0.060225 -0.499598 0.077584 0.260486
-0.460521 0.255223 -0.151528 0.385488 -1.118843 -0.237202
0.105587 0.566125 0.954496 0.296175 -0.338691 -0.102299
-0.394906 0.023897 0.747631 0.184632 0.252967 -0.112007
-0.922109 0.188490 0.071989 0.566703 -0.541195 -0.102965
0.096961 0.948486 0.337149 0.480208 0.008052 0.515332
0.201128 0.858831 0.622658 0.377226 0.179547 0.537122
0.048777 0.863827 0.466442 0.546985 -0.076699 0.621746
-0.061386 0.221429 0.588522 0.162983 -1.151070 0.014160
-0.038820 0.685080 0.633877 0.495011 0.264193 0.394663
0.036002 0.884414 0.194175 0.366064 -0.066743 0.796941
0.017324 0.802370 0.583543 0.370592 0.190081 0.394134
0.113130 0.739729 0.526496 0.404135 0.086751 0.593156
-0.180133 0.716956 0.266954 0.714655 -0.133526 0.554734
-0.079577 1.152970 0.685538 0.314884 0.169833 0.331854
0.017141 0.268581 0.131923 0.635345 0.650934 -0.084845
-0.275072 0.873566 0.411769 0.415931 0.281506 0.228068
0.093498 0.859894 -0.202371 0.058374 0.285950 0.186826
0.007628 0.389860 0.089413 0.678869 0.024938 0.233687
-0.051030 0.620340 0.171069 0.595788 0.365730 0.300239
0.339937 0.274555 0.551670 0.323572 0.135707 -0.018223
0.220794 0.736482 0.567793 0.394651 0.236608 0.349305
-0.015108 0.887665 0.508122 0.362044 0.079921 0.506481
-0.013137 0.479255 0.491130 0.825844 0.262129 0.233828
-0.117223 0.685684 0.338989 0.649448 0.078929 0.370212
-0.007440 0.772775 0.529763 0.479490 0.271398 0.385454
0.038423 0.716351 0.335187 0.542744 0.249417 0.394359
0.045074 0.764678 0.504228 0.497227 0.188612 0.454384
0.143119 0.817732 0.658650 0.420020 0.235791 0.509999
0.065915 0.759517 0.528901 0.507405 0.208528 0.506202
0.117744 0.851472 0.649349 0.454683 0.003031 0.616494
-0.027957 0.648635 0.335896 0.617902 0.173467 0.378191
0.151585 0.846103 0.444562 0.462914 0.065190 0.540962
0.152443 0.859083 0.644158 0.337690 0.327581 0.448567
0.010751 0.814137 0.472781 0.516698 0.116956 0.474611
0.141369 0.759108 0.505799 0.485555 -0.066742 0.493312
-0.032393 0.793710 0.289724 0.688216 -0.005776 0.715789
-0.009996 0.767694 0.460999 0.644445 0.067512 0.538308
0.149302 0.666779 0.516008 0.581437 -0.439255 0.195151
0.340426 0.805659 0.434093 0.264035 0.240978 0.417063
0.227630 0.476178 0.199391 0.299380 0.849409 -0.162767
0.050960 0.659369 0.383675 0.639878 0.019719 0.680353
-0.427405 0.835216 -0.542096 0.817681 0.311412 -0.152648
0.439730 0.761248 0.240435 0.468151 0.186646 0.777938
0.403436 0.293114 0.643584 0.613917 -0.208418 0.077997
0.279499 0.682560 0.341016 0.489986 -0.190866 0.565010
0.072165 0.693098 0.373173 0.567544 0.062477 0.505626
0.043554 0.797747 0.782752 0.391098 0.392637 0.276152
0.209991 0.821210 0.496189 0.416272 0.210591 0.530793
0.138858 0.907451 -0.041177 0.145623 -0.265172 0.995702
-0.008735 0.734597 0.397742 0.618176 0.096744 0.513500
-0.041323 0.789556 0.526696 0.484242 0.006270 0.730159
0.117744 0.851472 0.649349 0.454683 0.003031 0.616494
0.265413 0.648874 0.048503 0.571580 0.046647 0.731859
0.133617 0.778028 0.613354 0.364689 0.227076 0.430955
0.411501 0.861591 0.491492 0.305796 0.200871 0.531411
-0.188950 0.469226 0.191927 0.608675 0.043547 0.314335
-0.002931 0.693825 0.546338 0.553869 0.190825 0.435446
0.066520 0.807693 0.619978 0.344902 0.144536 0.416851
0.058143 0.871456 0.383769 0.579994 -0.050208 0.635866
-0.328875 -0.151164 0.122817 0.200443 -0.352842 0.358159
-0.529218 0.742129 -0.196134 -0.069659 0.076813 0.036402
