-0.194536 -0.519065 -0.312320 0.704119 0.034932 -0.583415
-0.254411 0.734851 0.628420 0.463355 0.289496 0.454068
0.210143 -0.133141 0.448775 0.729495 0.444969 0.584430
-0.654334 0.175469 0.049799 0.392344 -0.345904 -0.289650
-0.889110 1.299962 0.062114 -0.256124 0.290821 -0.040771
-0.133250 0.127255 -0.105064 0.651863 -0.114720 -0.522808
-0.268825 0.706932 -0.541394 0.073687 0.460532 0.502674
-0.568889 0.568203 0.318212 0.377125 0.296969 -0.166497
-0.088351 0.084639 0.471525 1.240474 -0.868779 -0.095623
0.465275 -0.012413 0.520707 0.207022 -0.401026 0.530299
-0.293221 0.327717 -0.465253 0.226208 -0.573633 -0.282921
-0.552216 -0.097910 -0.377033 0.885618 -0.180642 -0.747162
0.087116 -0.400286 -0.146144 1.000141 -0.141013 -0.560280
0.006840 0.328199 0.182715 0.665045 -0.234005 0.914294
0.154899 0.121439 0.568898 0.187706 -0.052859 0.014058
-0.455760 0.621049 0.199111 0.759478 -0.022371 0.589342
-0.826123 -0.228940 0.112537 0.473297 -0.537187 -0.183121
-0.134096 -0.275848 0.278064 0.373169 -0.339369 -0.887473
0.115991 -0.331961 0.119903 0.680301 -0.496462 0.475753
-0.309493 -0.982784 0.568410 0.923764 -0.323349 -0.351819
-0.498757 0.321672 0.080044 0.457652 -0.377401 -0.162240
0.060572 -0.402230 0.240591 0.195274 -0.792554 0.598756
-0.506847 -0.079354 -0.586577 0.922686 -0.158924 -0.411960
-0.521073 -0.259947 0.239368 0.370883 -0.361932 0.388263
-0.199877 0.575506 0.432154 0.539083 -0.621596 -0.534887
-0.279656 -0.299890 -0.308547 0.887780 -0.185653 -0.602478
-0.415538 0.208057 0.405352 1.192543 -0.172938 -0.253232
-0.134072 0.830211 -0.054212 0.408968 0.266059 -0.089445
0.505866 -0.571478 0.415344 0.272907 -0.565197 0.119968
-0.664097 -0.006253 0.065331 0.517807 0.118571 -0.260693
-0.510035 0.714192 0.227150 -0.115500 0.057924 0.385175
-0.388015 0.210586 0.149958 0.067586 -0.204518 0.609058
-0.260963 -0.499122 -0.219878 1.104092 -0.096776 -1.006505
0.183552 0.228438 0.372405 0.019509 -0.416708 -0.192757
-0.814694 0.607008 -0.761945 -0.051481 -0.139467 -0.135929
-0.266719 -0.041362 0.540817 0.471735 -0.565599 0.263632
0.152924 -0.589525 -1.038692 0.963834 0.088610 -1.107304
-0.857975 0.166691 0.270790 0.073149 0.028597 0.450847
-0.111676 0.172013 0.971380 0.558902 -0.461699 -0.068762
0.000378 0.241734 -0.395928 0.505728 -0.334938 0.030380
-0.444568 0.289040 0.606465 0.452439 -0.245346 0.382944
-0.063365 0.212024 0.578979 0.178452 0.266892 0.173334
-0.503061 0.662507 -0.696615 0.486513 -0.104140 0.648766
-0.189645 0.352212 -0.672775 -0.049691 0.142420 0.490716
-0.639159 0.514338 0.247312 0.835654 -0.142965 -0.095865
-0.687403 0.287491 0.521340 0.142415 -0.276021 0.363992
0.061134 -0.847181 0.245625 0.522332 -0.191405 -0.404339
-0.417071 0.837994 -0.131186 0.831590 -0.076178 0.476046
-1.196387 0.760379 0.325340 0.203145 -0.125219 0.368493
-0.575302 0.365988 -0.302639 0.616855 -0.019390 0.306519
0.050513 0.199865 -0.329590 0.693802 0.475933 0.056147
-0.122134 0.646572 0.272800 0.612245 -0.231516 0.690811
0.080575 -0.222763 0.255009 0.762279 -0.196897 -0.550254
-0.701248 0.200627 0.038779 -0.014782 -0.403281 -0.109077
-0.610473 0.970641 -0.036063 -0.007033 0.012391 0.358549
-0.162978 0.348433 0.773144 0.191310 -0.048813 -0.241131
-0.460449 0.441771 -0.424489 0.006557 0.572307 0.336142
0.167728 0.512991 -0.749872 0.117473 0.178745 0.034199
-0.605016 -0.158535 0.102239 0.574523 -0.269576 -0.459612
-0.180319 -0.100607 0.525067 0.630960 0.161009 0.036849
-0.031896 -0.730787 0.130737 0.708578 -0.139559 -0.737077
-0.183338 -0.882526 0.250892 1.229332 0.063888 -0.882265
-0.127921 -0.217542 0.024727 0.288198 -0.679374 -0.375540
-0.367955 0.515557 0.345578 0.894332 -0.046000 1.033870
-0.177195 -0.492510 -0.089187 0.779839 -0.204068 -0.620984
-0.864361 0.185011 -0.992440 0.678005 -0.328480 -0.387061
-0.900303 0.002970 -0.264603 0.148873 0.113599 0.200125
-0.366293 0.739571 0.580535 -0.014861 -0.588641 0.664508
-0.187494 -0.138582 0.097308 0.039483 -0.599282 -0.303987
-0.523628 0.460236 -0.123601 0.592729 0.012412 -0.171726
-0.607145 0.096889 -0.574318 0.267608 -0.036858 -0.064376
-0.589842 0.733164 0.563740 0.301693 -0.173220 -0.382425
-0.483152 0.525014 0.363337 0.360436 -0.308658 0.193742
-0.709977 0.777507 0.320444 0.374859 0.234431 -0.093610
-0.336045 0.057599 -0.318968 0.920936 0.125477 -0.038019
-0.468366 0.237180 0.379481 0.148533 -0.658305 0.237526
-0.312548 0.055300 0.037651 0.289859 -0.475452 0.060376
-0.433933 -0.171697 -0.035985 0.279120 0.602653 0.142352
-0.463646 0.219034 0.744154 0.643770 -0.365637 -0.073373
-0.502516 0.525083 0.115580 0.293704 -0.916450 0.485404
-0.489269 -0.044853 -0.013568 -0.059678 -0.561828 -0.006739
-0.923917 0.564880 -0.190593 -0.233278 -0.432709 0.045364
-0.664535 0.695649 0.413820 0.000874 -0.470763 0.154047
-0.323597 0.467733 -0.597580 0.507704 -0.605200 0.224735
-0.257499 -0.307087 0.415336 0.730072 0.170875 -0.693761
-0.063572 0.739871 0.502038 0.428611 0.202584 0.294698
-0.203221 0.352542 0.444878 0.600178 -0.512066 -0.057628
0.189757 0.919121 0.733677 0.416778 0.020587 0.506169
0.089016 0.734735 0.083465 0.534801 0.193512 0.482901
-0.112086 0.631849 0.355948 0.617398 -0.045866 0.498189
-0.065418 0.627778 0.111172 0.394921 0.206176 0.133132
0.196898 0.817516 0.542895 0.339813 0.166875 0.437361
-0.098989 0.939276 0.370077 0.175322 -0.055472 0.689852
0.032367 -0.001660 0.918081 0.635422 -0.630784 0.411064
-0.056832 0.710277 0.450857 0.410504 0.361269 0.237605
0.239533 0.642990 0.389512 0.408688 -0.164173 0.673738
0.460310 0.016968 0.757493 0.047157 -0.512845 0.013460
0.228161 0.837156 0.428879 0.493334 -0.029277 0.674609
0.310939 0.641968 0.522522 0.685383 -0.389226 0.279278
-0.118769 0.601534 0.063227 0.737769 0.254020 0.284238
0.238866 0.804626 0.402758 0.510378 -0.061546 0.713412
0.155898 0.716379 0.023379 -0.200486 -0.022806 0.193350
-0.154650 0.782191 -0.654176 0.415266 -0.073791 0.455112
-0.309767 0.454446 -0.079487 0.434780 0.222467 -0.077344
0.025284 0.836657 0.495945 0.525564 0.143394 0.403540
-0.092844 0.741837 0.120011 0.475701 -0.126705 0.230266
0.071943 0.840258 0.679956 0.390787 0.194252 0.458543
0.180943 0.736056 0.416138 0.429914 0.170878 0.873835
-0.104204 0.617429 0.362208 0.095746 0.252807 0.009578
0.212884 0.788921 0.554736 0.495994 0.015467 0.664264
0.215504 0.793022 0.385483 0.405845 -0.060780 0.702291
0.207743 0.775427 0.549326 0.444621 0.099474 0.527042
0.104409 1.249012 0.046783 -0.319695 -0.095117 0.283318
0.234281 -0.040071 0.383591 1.028887 0.930163 0.191423
0.217452 0.659039 0.167864 0.546535 -0.002744 0.668404
