-0.070592 0.301569 0.312895 0.564664 -0.416089 -0.109012
-0.222562 -1.206874 -0.204265 0.286816 -0.472501 -0.121977
0.077421 0.563233 0.370662 0.275241 -0.105036 0.046038
-0.872397 0.466269 -0.244237 0.611928 -0.678798 -0.519036
0.099252 0.284673 -0.187254 0.524304 -0.338763 -0.274028
-0.436010 0.452946 0.786141 0.905383 0.186738 0.847270
-0.018537 0.079021 0.574541 0.511801 -0.469345 0.593332
-0.586634 0.774985 0.045086 0.179654 0.265143 0.028291
-0.572219 0.615624 -0.564421 0.756375 -1.093358 -0.278525
-0.391603 0.816863 -0.317694 0.471930 -0.352350 0.714800
-0.059836 1.098300 -0.222629 -0.021142 0.012785 0.764531
-0.790278 0.317498 -0.441067 0.015071 -0.094334 0.057848
-0.464477 0.649053 0.013976 0.513240 -0.488416 0.713908
-0.353448 0.733978 -0.403475 0.631193 -0.140162 0.252334
-0.047793 0.680040 -0.098334 0.225370 0.096582 0.921514
-0.539330 0.258933 -0.194572 0.383199 0.211356 0.616907
-0.508067 1.143516 0.142385 -0.033962 0.139911 0.261914
-0.935011 -0.037969 -0.527539 0.695038 0.325944 -0.109101
-0.312900 0.645403 0.403370 0.517489 0.115451 0.023453
-0.498754 0.982012 -0.180394 0.645355 -0.149369 0.365293
-0.795967 -0.379269 -0.200483 0.333035 -0.245311 -0.703240
0.294007 0.041024 -0.416069 0.628725 -0.129406 -0.279241
-0.212964 -0.073944 0.112433 0.459047 0.463890 0.145829
0.562974 0.427757 0.329786 0.026316 -0.754254 -0.453586
-0.692859 0.679541 -0.557231 0.252614 -0.370930 0.062490
-0.067147 -0.065018 0.322121 0.455435 -0.024815 0.004266
-0.737140 1.174189 -0.221202 -0.015792 0.447571 0.645295
-0.143478 0.285350 -0.904138 1.117043 0.247734 -0.221703
-0.859810 0.304394 -0.289183 0.823570 -0.068618 0.841358
-0.528492 0.443519 -0.606685 0.213666 -0.216281 -0.075696
-0.159720 0.740575 -0.559072 0.312178 0.307568 0.058747
-0.563318 0.322915 -0.451970 0.560106 0.139057 0.513969
-0.051799 -0.210412 0.209230 0.569481 -0.347429 0.627393
0.110103 -0.124007 0.607684 0.307740 -0.596127 0.034099
-0.263060 -0.143043 0.694228 -0.149595 -0.475497 -0.412737
-0.329006 0.118118 0.204203 0.702895 -0.026271 -0.244321
-0.589112 0.029231 0.622733 0.526400 0.176277 0.004667
-0.273570 0.593342 0.266061 -0.179714 -0.080532 0.006888
-0.518462 -0.003519 0.045603 0.380117 -0.675589 -0.609117
-0.429538 0.672498 -0.326355 0.714816 0.006270 -0.150158
-0.472823 0.160403 0.046710 0.395257 0.038988 -0.125809
-0.081735 0.120255 0.329512 0.787593 -0.732461 -0.048347
-0.272926 -0.151301 -0.049107 0.806894 -0.573277 -0.134109
-0.924201 0.217459 -0.090682 0.514295 0.155393 0.176370
-0.303085 -0.629952 0.115797 0.414066 -0.232446 -0.186981
-0.443243 -0.091017 -0.724949 1.110599 0.124555 -0.561890
-0.882571 0.766583 0.358687 -0.295203 -0.216136 0.163080
-0.836109 0.356856 -0.245245 0.262760 -0.509720 -0.518166
0.004418 -0.292928 0.004568 0.252492 -0.123965 0.642908
-0.698139 0.562750 0.067248 0.528146 -0.275159 0.070543
0.031811 0.000941 0.415729 0.916008 -0.428892 -0.038598
-0.507306 -0.228735 0.278647 0.889515 -0.008221 -0.143574
-0.529911 -0.567259 0.872570 0.123998 -0.277210 -0.156794
-0.301020 -0.919404 0.315680 0.441317 -0.310428 0.169662
-0.104733 -0.326244 0.831873 0.309938 -0.464795 0.200264
-0.593457 0.961054 -0.378170 0.099599 -0.127227 -0.272073
0.316542 -0.843146 0.577826 0.217671 -0.338062 -0.063301
-0.521940 -0.491056 0.518975 0.339705 0.085647 0.521933
-0.232981 0.863409 0.634464 0.242664 0.276512 0.847456
0.018346 0.297594 0.630414 0.294535 -0.015760 0.714160
-0.834114 0.612531 -0.302991 0.741738 -0.306803 -0.499964
-0.658976 0.055322 -0.462023 0.829283 0.248597 0.031479
-0.724042 0.026314 -0.494421 0.773228 -0.070736 -1.113016
-0.430480 0.213969 -0.008059 0.047515 0.109978 -0.069045
-0.488100 0.941781 -0.016919 0.049356 -0.345137 0.102020
-0.228961 0.236955 -0.149968 0.024626 0.116968 -0.449254
-1.451842 0.765051 -0.293281 -0.031847 -0.286983 -0.328514
-0.545004 0.578042 0.190817 0.103322 0.597881 0.666384
0.049000 0.309539 0.408807 -0.678349 0.000971 0.385661
-0.414981 0.047375 0.311609 0.081193 0.489368 0.770187
-1.197004 0.243255 -0.080272 -0.215523 -0.094817 0.263155
-0.000046 0.427700 0.665171 0.399893 -0.287480 -0.182078
-0.027331 -0.755678 0.155269 0.132720 -0.348760 0.146841
-0.715971 0.767716 -0.537558 0.238064 0.316863 -0.407382
-0.633415 0.895370 -0.485740 0.601614 0.254772 0.455120
-0.359889 -0.424860 0.508555 0.813130 0.321847 -0.305330
-0.339864 0.786272 -0.379598 0.479684 0.504640 0.002932
0.107079 0.610222 1.178971 0.192003 -0.383199 0.452421
-0.392726 -0.995415 -0.002479 1.110375 -0.093034 -0.545185
-0.425403 -0.402921 -0.110337 1.279443 0.175345 -0.202680
0.273522 -0.157951 -0.733505 0.384585 -0.051769 -0.091888
0.160549 -0.372215 0.070673 0.597509 -0.384332 0.512571
0.048335 -0.202232 -0.378593 1.063235 0.017441 -0.263968
-0.270401 -0.116861 -0.607867 0.918317 0.072223 -0.258754
0.006544 0.743466 -0.387797 0.567001 -0.040125 0.272474
0.197579 -1.233387 -0.221467 0.561375 0.232355 -0.834365
-0.663339 0.009083 -0.366655 0.564114 -0.217392 -0.502308
-0.338606 0.104149 0.030499 0.502214 -0.226897 -0.265180
-0.599057 0.480419 -0.406595 0.437650 -0.366632 0.583313
-0.424162 1.193771 0.039670 0.120084 -0.247396 0.132723
-0.569906 0.116776 0.026014 0.318960 0.017265 -0.232616
-0.351210 0.579461 -1.030407 0.794673 -0.278755 -0.180469
-1.087522 0.416613 0.088169 -0.160889 -0.046793 -0.447933
-0.239447 0.023220 -0.681031 0.418669 0.107211 -0.232528
-1.051698 0.193448 -0.185040 0.272025 -0.602673 0.666343
-1.336166 0.642800 -0.751956 -0.029401 -0.206189 -0.410697
-0.048582 -0.844490 0.198911 0.322832 -0.547232 -0.114881
-0.439200 0.488118 0.502767 0.338420 0.045749 0.334963
-0.595962 0.299416 -0.584359 0.429165 -0.527952 -0.574618
-0.567600 0.405006 -0.115571 -0.053273 -0.097886 -0.143255
-0.820435 0.709592 -0.298892 -0.381323 -0.421920 -0.473406
-0.430480 0.213969 -0.008059 0.047515 0.109978 -0.069045
-0.448932 -0.048610 0.268159 -0.333847 -0.257433 -0.022607
-0.725542 0.313098 -0.168338 0.430860 0.011925 -0.171200
-0.773631 -0.112626 0.542854 0.658158 -0.529630 0.639344
-0.184303 -0.018289 0.459606 0.848435 -0.158285 -0.268267
0.461233 0.223348 0.123391 0.746296 -0.162301 -0.639842
-0.100600 -1.294356 0.246121 0.552576 -1.517923 0.022983
-0.902337 0.792826 0.584408 0.524367 0.197028 0.095245
-0.341826 -0.091062 0.160701 0.374695 -0.233561 -0.217912
0.270414 -0.267500 0.684328 0.335734 -0.425071 0.288153
-0.784354 -0.082508 0.560952 0.551196 -0.227575 -0.077640
-0.023987 0.265578 -0.107937 0.149900 -0.024663 0.197158
0.093147 -0.169555 0.272531 0.435719 -0.927963 0.115430
0.101757 -0.029047 0.493380 0.739701 -0.212306 0.125698
-0.186519 0.200459 0.088349 1.050785 -0.273863 -0.901956
-0.238063 -0.381946 0.228892 0.367402 -0.515384 0.041580
-0.906506 0.288013 -0.245377 0.088507 -0.262791 -0.225805
0.104791 0.524975 0.316904 0.277126 -0.372053 -0.231436
-0.104400 -0.206893 0.883701 0.969817 -0.458505 -0.092506
-0.021552 0.589180 0.232239 0.624653 0.131780 0.428559
0.022483 0.834752 0.512344 0.366180 0.097569 0.527605
-0.118181 0.657614 0.153276 0.703847 0.231020 0.355809
-0.107273 0.350582 -0.000644 0.859529 -0.119611 0.427107
0.161688 0.878942 0.607774 0.262001 0.271851 0.459582
-0.204885 0.831178 0.515115 0.454314 0.183479 0.310896
-0.003961 0.730659 0.543452 0.440986 0.150195 0.446585
0.226062 0.912481 0.696872 0.346599 0.266666 0.501178
0.084972 0.699705 0.735637 0.360580 0.118291 0.493075
-0.025171 0.733502 0.434082 0.602013 -0.021423 0.425518
-0.212467 0.612715 0.482932 0.592303 0.340146 0.159780
-0.109981 0.754441 0.428561 0.406857 0.381743 0.320187
-0.187362 0.741890 0.650185 0.399180 0.191771 0.161842
0.155347 0.729667 0.147505 0.328802 -0.021129 0.640726
0.097306 0.522001 0.312230 0.484549 -0.161310 0.216929
-0.149221 0.398824 0.120526 0.773695 0.111325 0.318295
-0.026611 0.787290 0.560625 0.479837 -0.003479 0.516900
0.463045 0.921707 0.697029 -0.023772 0.308612 -0.181762
0.331107 0.911158 0.559822 0.309579 0.254987 0.387654
0.053874 0.785292 0.584954 0.540525 0.020711 0.518196
0.139989 0.867010 0.630361 0.378639 0.188085 0.433967
0.209824 0.848053 0.412680 0.358921 0.080204 0.399292
0.146184 0.715697 0.496051 0.553537 0.014755 0.574949
