-0.501432 0.538838 0.314313 0.524422 -0.089238 -0.524752
-0.158501 0.164802 0.177178 0.258103 -0.029456 -0.515974
-0.383705 0.380548 -0.213628 0.338756 0.103624 -0.692771
-0.702027 -0.063495 -0.029464 0.648246 -0.470577 0.015335
1.125820 0.020881 0.651497 0.143200 -0.488855 0.082751
0.284674 0.234647 -0.190757 0.266204 -0.733875 -0.075744
-0.243587 0.592310 -0.585539 0.772011 -0.223684 -0.223857
0.638446 0.211479 -0.111137 0.320340 -0.662075 -0.068885
-0.419455 -0.369576 1.364501 0.599523 0.059405 0.223117
-0.245274 0.312842 -0.320021 1.036368 -0.255533 -0.434287
-0.602101 -0.132579 -0.079822 0.420988 0.144284 -0.012035
-0.433022 -1.355403 0.128857 0.579630 -0.136496 -0.585303
-0.172143 0.671599 0.269770 0.598786 -0.404377 -0.306138
0.124083 0.607623 0.250835 0.645657 0.215224 0.113106
-0.394618 0.601090 0.345500 0.419913 -0.059269 -0.005965
-0.125703 0.311543 0.162842 0.537674 -0.111170 -0.070021
0.046722 -0.397263 -0.001033 0.804317 -0.462015 -0.483915
-0.012705 -0.434213 0.158045 0.432476 -0.098211 -0.719548
0.174481 0.272366 -0.029184 -0.441573 0.235773 -0.400198
0.533457 -0.461130 0.403501 0.051743 -0.863462 -0.333462
0.399481 -0.525344 0.313435 -0.075809 -0.128294 -0.156634
-0.628537 0.106302 0.793073 0.636665 -0.068570 -0.319318
-0.152329 0.203608 -0.472186 1.110129 -0.226733 0.145988
-0.645664 0.269270 -0.296984 0.517028 -0.263413 -0.274041
-0.143178 0.513928 0.387964 1.468070 0.487713 0.118592
-0.802532 -0.183379 -0.203846 1.308090 0.226525 -0.106854
0.051877 -0.050787 0.664362 0.700290 -0.528273 -0.033942
-0.062629 -0.206240 0.224323 0.851213 -1.006238 -0.213776
-0.591248 0.209938 0.903940 0.118521 -0.274203 -0.174616
0.237202 -0.392678 0.404078 0.655940 -0.683778 -0.213840
-0.300823 -0.341636 0.467257 0.736343 -0.377988 -0.372489
-0.317856 -0.302923 0.705365 0.224629 -0.680178 0.194014
0.229927 -0.315239 0.026801 0.718941 0.302574 0.007547
-0.851407 -0.028470 -0.585863 0.724217 -0.402912 -0.241947
-0.239638 0.294848 -0.062798 0.608702 -0.490765 -0.320749
-0.697524 0.374756 0.006460 0.411734 -0.963934 0.413103
0.028468 0.848474 0.289145 0.677912 -0.766935 -0.019977
-0.435153 0.472819 -0.018144 0.132551 -0.267763 -0.579386
-0.592382 -0.141851 0.566794 0.723341 0.077819 -0.687563
-0.686525 0.546428 0.132012 0.324268 -0.447248 0.011442
-0.872114 0.537562 0.055201 1.414278 0.401735 -0.213649
-0.400384 -0.029740 -0.238694 -0.106996 -0.399949 -0.234344
-0.317441 -0.151343 -0.181104 0.606202 -0.450422 -0.471693
-0.923444 -0.219498 -0.255769 0.550981 -1.166304 -0.022495
-0.356730 0.041773 0.232237 0.425667 -0.218016 0.063729
-0.597661 -0.100038 -0.543586 0.854200 0.182378 -0.845052
-0.484754 0.614120 -0.236540 0.481294 0.193838 0.110784
-0.441570 0.624943 -0.352675 0.517855 0.488452 -0.580744
-0.149217 -0.432237 -0.196840 0.602079 -0.206829 0.262277
-0.491819 -0.491190 0.238732 0.633374 -0.338096 -0.549476
-0.087110 -0.273515 0.686254 0.748667 -0.012756 -0.142839
0.393784 -0.443328 0.471781 0.479687 -0.286124 -0.467989
-0.292031 0.169730 0.477510 0.482800 -0.742752 -0.109104
-0.152707 -0.600746 -0.441573 0.581595 -0.369293 -0.572631
-0.688741 -0.070601 -0.518852 0.571524 -0.476995 0.090655
-0.226812 -0.656309 -0.309574 0.150132 0.282291 -0.303760
-0.990451 0.453298 -0.555303 0.383855 -0.060428 -0.014869
-0.100662 0.532227 0.536118 -0.010285 -0.451062 -0.332494
-0.508452 -0.265012 0.464935 0.409898 -0.398419 -0.580518
-0.405938 0.268037 -0.182039 0.473928 0.030458 0.367014
-0.448072 0.637585 0.100174 0.023474 0.097929 -0.003752
-0.159398 -0.596294 -0.056703 0.894719 -0.097202 -0.299193
-0.232167 -0.114405 -0.044013 0.137031 0.174988 0.008656
-0.564711 0.263431 -0.379433 0.365983 -0.607309 -0.601936
-0.565275 0.211247 0.346737 0.465354 -0.438893 -0.140453
-0.733378 0.396914 -0.136019 -0.096473 -0.016209 0.253068
0.081738 0.571504 0.796769 0.605184 0.252227 -0.079933
-0.205389 0.486851 -0.248802 -0.019663 -0.227004 -0.014323
-0.120733 0.139236 0.188361 -0.035513 -0.200938 -0.557150
-0.192591 0.547603 0.776569 0.050169 -0.478054 0.170082
-0.639002 0.195391 0.205958 0.332179 -0.051835 0.249618
-0.514970 -0.045277 0.363939 0.381153 -0.094776 0.109739
-0.547065 0.721593 -0.569488 0.241095 -0.727714 -0.320394
0.123294 -0.196164 0.231642 0.394029 -0.096047 -0.644009
0.368257 -0.079545 0.422182 -0.096496 -0.070987 0.147091
-0.081653 0.599278 -0.072146 0.347442 -0.475948 -0.019371
0.210485 -0.626321 -0.187303 0.139250 -0.669223 0.098825
-0.308159 -0.325752 -0.954551 0.239555 0.007566 -0.336267
-0.232346 -0.725847 -0.212092 1.035696 0.105785 -0.126934
-0.117578 0.563403 -0.203297 0.428605 0.118273 0.079912
-0.339356 0.642517 -0.476198 0.506758 -0.524077 -0.236630
-0.591444 0.344196 -0.350836 0.330425 -0.504167 -0.326790
-0.598952 0.393887 0.159862 0.365374 0.106242 0.471180
-0.749271 0.513265 -0.031802 0.213673 0.212702 0.103743
-0.949676 1.191615 -0.429060 0.002700 -0.216591 -0.356482
-1.109315 0.247133 -0.025735 0.507777 -0.197366 -0.070929
-0.019962 -0.472564 0.071858 0.521308 0.296954 -0.027127
-0.350589 -0.306174 0.351687 0.302423 -0.768752 0.414301
-0.342571 -0.050661 0.307709 0.134062 -0.804036 -0.206520
-0.067405 0.014013 0.274754 0.509226 -0.014236 -0.294538
-0.234868 0.248464 -0.062408 1.047065 -0.780924 -0.107556
-0.258241 0.586698 0.252143 0.372360 0.073660 0.420850
-0.736033 0.508511 0.015208 -0.165974 -0.405231 0.759164
-0.747577 -0.111837 -0.087454 0.088912 0.295884 0.105931
-0.466235 -0.172320 -0.256370 0.568563 -0.096458 -0.380848
-0.306809 -1.142066 -0.282764 0.203345 0.688160 -0.008540
-0.017162 0.033315 0.513143 1.101503 -0.209129 -0.361989
-0.335878 0.359037 0.177644 0.916648 -0.312182 0.416405
-0.636037 1.224138 -0.202703 -0.040039 -0.183877 -0.096164
-0.018173 -0.467984 0.364818 1.024071 -0.646700 0.250883
-0.326016 -0.521703 0.029799 0.013253 0.240606 -0.741522
-0.289541 -0.055854 0.623950 0.765340 0.474354 -0.330752
-0.540574 0.385673 -0.130723 0.235160 0.106713 0.156769
-0.150517 0.877813 0.285625 0.212163 -0.052799 0.265335
0.312565 0.250926 0.419539 0.586519 -0.283779 0.006693
-0.259077 0.406282 -0.010716 0.750301 0.295759 0.180855
-0.098641 0.537739 0.188552 0.540715 0.362252 0.194629
0.022607 0.796738 0.630502 0.388475 0.123074 0.412679
0.039649 0.744852 0.365472 0.677093 -0.054726 0.527231
0.187421 0.834492 0.470018 0.436286 0.167353 0.587406
-0.001652 0.654962 0.310432 0.633876 0.077546 0.495326
-0.021612 0.706440 0.507949 0.512727 0.121504 0.385311
0.230199 0.820709 0.624008 0.281111 0.389420 0.390087
0.043836 0.814968 0.455665 0.528274 0.169078 0.460210
0.009898 0.630563 0.223972 0.557500 0.211405 0.365766
-0.082163 0.716405 0.440714 0.630752 0.002281 0.501114
0.225083 0.792734 0.554437 0.242435 0.303569 0.390965
-0.081301 0.787936 0.414119 0.751225 -0.036775 0.499031
-0.117257 0.828503 0.350904 0.698174 0.143202 0.367255
0.034110 0.757250 0.597869 0.411096 0.179663 0.281953
-0.106525 0.760739 0.424571 0.408365 0.306061 0.244806
0.008729 0.765648 0.297930 0.574035 0.105689 0.417437
0.107589 0.382336 0.099657 0.464628 0.059868 0.256776
-0.224518 0.707082 0.465188 0.546463 -0.217589 0.077691
0.020389 0.787352 0.503794 0.462917 0.184040 0.469676
-0.213193 0.289343 0.193421 0.398983 0.430967 -0.007282
0.312067 0.798514 0.391126 0.284783 0.534173 0.228780
-0.102171 0.565576 0.197939 0.760282 0.135852 0.408383
