0.158010 -1.380958 0.323249 0.435291 -0.492273 -0.049094
-0.219871 -0.026732 0.195571 0.334226 -0.000043 -0.282178
0.063716 -0.289783 0.141816 -0.291808 0.138026 0.518641
-0.114159 -0.760002 -0.004667 0.294593 -0.606730 -0.081280
-0.225151 0.226775 -0.737822 0.424738 -0.167344 0.193723
0.166400 0.375877 0.302140 1.229253 0.537113 0.208757
-0.332489 -0.410878 -0.243104 0.228511 -0.137391 -0.436595
-0.483312 0.103547 0.091038 0.177608 -0.641501 -0.038828
-0.377779 -0.442961 -0.527953 0.015932 -0.728091 0.163163
-0.171637 0.466079 0.873160 0.084542 0.257232 -0.375725
-0.699014 0.645536 0.068917 0.214047 -0.200421 0.442203
-0.567711 0.502446 -0.221212 -0.106660 -0.493720 -0.173853
-0.021245 0.645258 0.103559 0.604519 -0.042355 0.058621
-1.160551 -0.155051 -0.316131 0.065706 0.480935 -0.385525
-0.240501 -0.311171 0.089020 1.073340 -0.386795 0.076564
-0.501032 -0.162793 0.001552 0.992052 -0.637511 -0.134825
-0.698900 -0.387859 0.052251 0.710492 0.371782 -0.195115
-0.712508 -0.329569 -0.553996 0.473041 -0.116306 -0.228996
-0.050982 0.225347 0.672458 0.754245 0.194088 -0.043489
-0.502221 0.287507 -0.217613 0.432575 0.084557 -0.626995
1.008648 0.275542 0.408366 0.209222 -0.317158 0.070285
-0.265762 0.233259 0.292428 0.161806 -0.075372 0.498800
-0.258864 -0.022899 0.542599 0.376562 -0.346658 0.309229
-0.450458 0.263153 0.594685 0.722313 0.372219 0.067193
-0.229778 -0.246415 0.220480 0.270489 0.142596 0.403236
-0.122988 -0.571163 -0.346468 1.110281 -0.182751 -0.336734
-0.597698 0.411947 0.239886 0.266064 0.182500 0.287185
0.086700 -0.003662 0.052438 0.297515 0.130709 0.167237
-0.527534 0.063137 0.006314 0.589879 0.170736 -0.517838
-0.053459 -0.171625 0.250979 -0.416337 0.305789 0.320730
0.050906 0.072895 0.352390 0.667724 0.359141 0.653654
-0.228228 0.322456 0.389459 0.123962 -0.022207 -0.418329
0.083515 -1.226625 -0.229547 0.999348 -0.257913 0.149182
0.550916 -0.510231 0.440374 1.024180 -0.586459 0.277177
-0.967373 -0.156678 -0.142261 0.308820 0.583910 0.178242
-0.461335 -0.373942 0.339771 0.505069 -0.038005 -0.628198
-0.424553 -0.062521 -0.058676 -0.101226 -0.104681 -0.899280
-0.404540 -0.649592 0.159013 0.732552 0.234011 -0.370312
-0.732489 0.017895 -0.697189 0.004281 -0.433483 -0.586262
-0.928145 0.244969 -0.079643 0.173654 -0.206703 -0.361258
-0.299730 -0.393947 0.322023 0.640758 0.165406 -0.867874
-0.212389 -1.300890 0.540260 0.597432 -0.598989 -0.779413
-0.360589 -0.085850 -0.131714 0.002972 -0.548227 -0.051420
-0.391452 0.146473 0.367445 0.729820 0.091926 -0.614907
0.162047 -0.376810 0.459809 0.029175 -0.459597 0.148582
0.090472 0.119606 -0.404134 0.471092 -0.427516 -0.779336
-0.525914 0.306232 -0.943865 1.109048 -0.513763 0.434456
-0.503586 0.543880 0.115911 0.348416 0.144107 0.560459
-0.499405 -0.260803 0.464807 0.122330 -0.420324 -0.277842
-0.542086 0.276769 -0.056596 -0.193114 -0.498357 0.199663
-0.297089 -0.219392 -0.476455 0.760666 -0.388368 -0.630751
-0.624532 0.394809 0.471793 0.720203 0.425911 -0.145349
-0.399571 0.254254 -0.742380 0.972173 -0.165698 0.174574
-0.669857 0.883613 -0.218744 -0.011002 0.139890 -0.060257
-0.438583 0.773970 0.542350 0.418355 0.585452 0.184937
-0.226979 -0.606737 -0.609667 0.875627 -0.544023 0.060964
0.045479 0.885061 0.639193 0.543719 -0.396786 0.416329
-0.945181 -0.021803 0.160858 -0.233727 -0.201686 -0.320207
-0.386634 0.570862 -0.288269 0.232023 -0.560814 -0.099001
-0.429920 0.692195 0.250896 -0.231381 0.111487 0.055611
-0.094552 0.565659 0.146150 0.685096 0.594790 0.179355
-0.140187 0.105109 0.180154 0.482381 0.780688 -0.039890
-0.241401 1.353877 0.403619 0.314139 0.012381 -0.322316
-0.585704 0.605155 0.057669 0.189513 0.368951 0.304966
-0.539443 0.769071 -0.220233 -0.116390 0.234673 0.340143
-0.015280 0.166296 0.374345 0.120503 0.180379 -0.293725
0.206689 0.033543 0.133738 0.504556 0.137690 0.388694
0.044446 -0.502488 0.135114 1.125458 -0.552542 -0.651351
0.162756 -0.490046 -0.119173 1.133974 -0.354928 -0.475561
-0.234461 0.520410 0.081941 0.601328 -0.682953 -0.142098
-0.773293 0.939076 -0.207274 0.381679 -0.426623 0.093679
-0.712282 0.207214 -0.368633 1.324334 -0.126816 -0.460497
-0.376400 -0.126984 0.013603 0.885459 -0.530423 -0.588274
-0.561902 -0.459941 -0.253364 0.943479 0.267668 -0.509173
-0.444442 -0.027042 0.297063 0.016328 -0.109328 0.502440
-0.320609 0.755695 0.410183 0.249614 -0.407269 0.261744
-0.474822 -0.049412 -1.120497 0.373638 0.648890 0.268022
-0.603958 0.007918 0.643027 0.786663 -0.142932 -0.552216
0.489753 -0.036097 -0.643526 0.551707 -0.154143 -0.322488
-0.213376 -0.229229 -0.395839 0.511113 0.250708 -0.642062
-0.419902 -0.411033 -0.316394 0.829204 -0.136588 -0.243181
-0.134936 -0.913883 -0.392673 0.612398 -0.595737 -0.730551
-0.520800 0.583708 0.331704 0.751617 -0.424610 -0.299174
-0.474599 -0.977921 0.036686 0.888762 0.103409 -0.356216
-0.965078 0.360550 -0.175285 0.355029 -0.260781 -0.486169
-0.240130 -0.735118 -0.552111 0.859088 0.170244 -0.177287
-1.021093 -0.432534 -0.668849 0.921178 -0.448694 -0.220912
-0.600208 -0.221440 -0.317306 0.992374 -0.287308 -0.760936
-0.081218 -0.484575 -0.070439 0.639010 0.048139 -0.690577
-0.352170 1.147630 -0.862094 0.314771 0.101336 -0.069987
0.522166 0.689186 -0.303829 0.243568 0.032726 0.032812
-0.654914 0.906992 0.407370 0.139801 -0.150520 -0.092900
-0.588797 0.970215 0.103926 0.237351 0.418159 0.237094
-0.564160 -0.729217 0.071091 0.706823 0.068044 -0.755315
-0.241223 -0.414706 0.312074 0.714116 0.576627 -0.463352
-0.398540 0.677332 0.721258 0.687606 0.260284 -0.447438
-0.294688 0.096244 0.464727 1.120265 -0.047423 -0.142083
-0.696528 0.217388 -0.129625 0.249414 -0.473862 -0.478928
-0.309977 0.343494 -0.424530 0.297403 -0.287533 -0.397161
0.387356 0.140608 0.561681 1.433168 -0.447775 -0.407719
0.226977 0.850973 -0.036405 0.136175 -0.388091 -0.205495
-0.369810 -0.041043 0.402096 -0.262797 -0.137505 0.337649
-0.020849 0.677763 0.180944 -0.016714 -0.117019 0.243013
-0.868118 0.188397 -0.083620 0.358319 -0.153886 -0.381702
-0.014242 0.661670 0.080515 0.455883 -0.147712 0.259875
0.006237 0.559846 -0.111428 0.905189 -0.366650 -0.736040
0.003950 -0.234045 -0.201028 0.161190 -0.106572 0.230312
-0.831377 0.353521 0.038222 0.430496 0.630433 0.480193
-0.551465 0.248396 0.676099 0.398190 0.134813 0.395696
-0.556529 0.200292 0.099317 -0.174809 0.357793 0.848574
-0.672324 -0.235199 0.145008 0.633255 0.378005 0.332350
-0.852472 0.464967 -0.168847 0.200121 0.495763 0.969552
-0.053459 -0.171625 0.250979 -0.416337 0.305789 0.320730
-0.599736 -0.855275 -0.209279 0.313269 0.229927 0.303233
-0.326528 -0.172985 0.498710 0.413275 0.726224 0.557325
-0.749917 0.348920 -0.027992 0.194459 -0.660525 0.101793
-0.436076 0.157784 0.301917 0.409138 -0.362696 0.304490
-1.094738 0.231044 -0.433948 -0.422083 -0.625375 -0.494609
0.321833 -0.291475 0.070030 0.379264 -0.082293 -0.086266
-0.334580 -0.616960 -0.129242 0.943019 -0.330278 0.721286
-1.107412 0.198055 -0.104544 -0.186995 -0.913586 -0.137114
-1.109406 -0.489994 -0.006021 0.387888 0.211312 0.395792
-0.208522 -0.147807 0.489386 0.610195 0.142542 -0.386345
-0.805300 0.999090 -0.654372 -0.200113 -0.246751 -0.619493
0.071332 -0.114676 0.939030 0.288327 -0.043781 -0.055737
-0.708313 0.040893 0.015414 0.636709 -0.380986 -0.232269
-0.330468 -0.694546 0.665062 0.792159 -0.693035 0.026146
0.093558 -0.800991 0.483643 0.148253 -0.750907 0.411231
-0.380651 -1.037268 0.271913 0.508619 -0.559054 -0.892036
-0.077337 0.020199 0.143155 0.344860 -0.169496 -0.570490
-0.686017 0.780897 0.344718 0.130417 0.476885 0.196327
-1.210472 0.096375 0.157704 0.294778 -0.644882 -0.117425
-0.761995 0.652436 -0.366103 -0.312874 -0.027971 0.119198
0.377073 0.045415 -0.191162 0.705576 -0.794500 -0.442099
-0.292089 0.027308 -0.162524 0.263649 0.136720 -0.686351
-0.578333 -0.093581 0.463248 0.079955 0.735279 0.695518
-0.170754 0.963841 0.291815 -0.228527 -0.099199 0.737146
0.260506 -0.256437 0.690859 -0.151904 -0.536965 0.288093
-0.490682 0.670485 -0.261070 0.091503 -0.130330 0.481801
-0.662326 0.298125 -0.331034 0.562645 -0.768011 -0.364721
-0.163261 0.725986 0.302637 0.349262 0.064452 0.198286
-0.490485 0.151833 0.478488 0.227993 -0.212558 0.310440
-0.684088 0.013991 0.454740 0.028603 -0.167824 0.059506
0.360046 -0.493265 0.383240 0.079044 0.117622 -0.228885
-0.125912 0.393392 -0.113398 0.619140 -0.799220 0.057788
-0.108531 0.625022 0.066314 0.446155 -0.745364 0.371846
-0.004438 -0.338590 0.114069 0.761949 -0.841456 0.356247
-0.488899 0.749140 -0.599558 0.659873 -0.399682 0.116435
-0.658241 -0.259694 0.099995 0.445946 -0.098340 -0.058886
-0.152333 0.835951 0.361745 0.192877 -0.189911 -0.317864
-0.594578 0.842982 0.022771 0.687241 -0.143240 -0.244928
0.451927 -0.682380 0.153511 0.549466 0.287583 0.080229
0.092913 -0.844652 0.238921 1.129045 -0.659147 -0.125157
0.083492 -1.154326 -0.124551 0.908156 -0.248983 -0.292793
0.083357 -0.925163 0.139346 0.935298 -0.626051 -0.160451
-0.798019 0.111035 0.101989 0.155493 -0.236349 0.325246
-0.149910 -0.678070 0.358630 0.710365 -0.202384 -0.119904
-0.338767 -0.361568 0.252588 0.280388 -0.316535 0.082856
-0.546108 -0.442583 -0.323473 0.438300 0.129692 0.083965
-0.407024 -0.384382 -0.077950 0.910947 -0.255190 0.025802
-0.111838 -0.481553 0.373877 0.480773 -0.216061 0.179025
-0.579475 -0.264639 0.251793 0.559530 -0.637282 0.349020
0.040474 0.499995 0.061397 0.087475 -0.550064 0.111919
-0.320621 -0.219917 0.233844 0.181156 -0.150220 0.295582
-0.529374 0.029560 0.293829 0.091037 0.344260 0.209922
0.002551 -0.793426 0.604600 0.383434 -0.685168 0.379068
0.094729 -0.114542 0.492856 0.209615 -0.049136 0.062978
-0.232032 0.502888 -0.729322 0.157474 -0.473615 -0.179529
-0.717448 -0.409599 0.362558 0.260954 -0.041344 0.537184
0.022127 0.500753 -0.039580 0.708292 0.008489 1.061620
-0.260722 0.022771 0.468478 0.927652 -0.392010 -0.243295
-0.272794 -0.219597 0.755032 1.271240 -0.295789 -0.708085
-0.254494 0.646498 -0.202048 0.945195 0.233865 0.169678
-0.445053 0.159080 -0.136858 0.187222 0.191019 0.615639
-0.128620 -0.270540 -0.045566 0.111458 0.540311 0.222772
-0.196066 -0.512018 0.155532 0.061986 -0.279543 0.035915
-0.241627 0.218784 0.189679 0.223178 0.331652 0.340031
-0.062361 -0.153046 0.202004 0.528314 -0.370888 -0.164808
-0.444938 0.201364 0.590683 -0.003575 0.404898 0.005992
-0.505127 -0.099477 0.252705 0.176489 -0.355583 0.119774
0.338282 0.010390 0.309519 0.453379 -0.434908 -0.244764
0.068488 0.568849 -0.568064 0.870194 -0.128730 -0.412240
-1.198150 0.648375 -0.417769 -0.124217 -0.786467 0.024674
-0.256744 0.057150 -0.314951 0.283508 -0.462816 0.050826
-0.982929 0.342577 -0.220626 0.516336 -0.337351 -1.280166
-0.786725 -0.216824 0.012404 0.797461 -0.162495 -0.049407
0.000252 0.267461 0.457723 0.653965 0.205935 -0.312456
-0.057368 -0.457417 0.351762 1.108395 -0.303721 0.578219
-0.275048 -0.024530 -0.048126 0.516496 -0.041967 -0.555017
0.077237 0.798958 -0.637490 -0.055122 0.042989 -0.184813
-0.547584 0.814259 -0.256696 0.255418 -0.005674 0.208928
-0.523421 0.363275 -0.251110 0.503288 -0.654598 -0.762139
-0.236717 0.985659 0.388762 0.150997 -0.230897 0.325542
-0.516401 -0.474241 -0.207947 0.730289 -0.298515 -1.194339
-0.458305 -0.108425 -0.066432 0.191357 -0.233015 0.099892
-0.436076 0.157784 0.301917 0.409138 -0.362696 0.304490
-0.724846 0.817549 -0.311794 0.059442 -0.102458 0.142075
-0.588986 -0.143701 0.445642 0.132771 -0.295068 -0.395595
-0.768647 0.723567 -0.085880 0.597065 -0.038356 0.019270
-0.701505 -0.247377 -0.409544 -0.320547 -0.194295 -0.672365
-0.255372 -0.961775 -0.428172 0.431263 -0.256394 -0.724838
-0.384366 0.534435 -0.497095 0.039867 -0.343929 -0.629609
-0.297710 0.744206 -0.101721 -0.020398 -0.576303 -0.657511
-1.043527 0.223814 -0.070842 0.100374 -0.798041 -0.968110
-0.862503 0.481016 0.298840 -0.202279 -0.389081 0.206152
-0.224758 -0.213117 0.161548 0.141897 -0.463508 0.344302
-0.823107 1.076139 -0.348713 -0.176597 0.094402 0.043918
-0.455229 -0.434802 0.616955 -0.065860 -0.175401 0.290621
-0.226064 -0.057614 0.177915 0.354214 -0.380614 -0.056512
-0.711575 -0.014687 0.373788 1.238189 0.336259 -0.019823
-0.521159 0.306189 -0.232714 -0.076918 0.512937 0.208569
-0.647703 -0.241563 0.048552 0.524935 -0.093127 -0.466278
-0.269696 0.495855 0.456526 0.485759 -0.283262 -0.374633
-0.326972 0.057858 0.299183 1.115951 -0.060782 -0.237135
0.083754 -0.007394 0.616473 0.719282 -0.711901 -0.459988
-0.689422 0.502939 -0.386714 0.135696 -0.002921 -0.391967
-0.413046 -0.260551 -0.453394 0.713759 -0.741533 -0.255129
-0.312889 -0.216988 0.570213 1.324955 -0.426049 -0.537509
-0.165501 0.019549 0.212035 0.753520 -0.156276 -0.424242
-0.013904 -0.511473 0.133080 1.593577 -0.033533 -0.359805
0.181604 0.782847 -0.171549 0.372711 -0.709161 -0.492148
-0.095982 -0.405513 -0.172826 0.737170 -0.314138 -0.290909
-0.232344 0.477593 0.254124 0.738201 -0.395593 -0.358167
-0.362576 0.121250 0.185357 1.040129 -0.368842 -0.118492
-0.443957 -0.330843 0.231360 1.017031 0.238496 -0.741745
-0.407641 -0.767413 0.216645 0.819484 -0.105788 -0.784882
-0.458503 -0.586720 -0.051540 0.455289 -0.005904 -0.667725
-0.011150 -0.963971 -0.191512 1.217020 -0.097768 -0.764478
0.237424 0.639768 0.274247 0.095353 0.419973 0.158354
-0.350347 0.647324 0.676538 0.798598 0.220986 -0.505796
0.297167 0.128910 0.382572 0.465070 -0.414952 0.383429
-0.128620 -0.270540 -0.045566 0.111458 0.540311 0.222772
0.372512 -0.669916 0.220450 0.991150 -0.466325 -0.448202
-0.183819 0.244278 -0.328705 0.169776 -0.092235 0.112471
-0.248260 -0.113766 -0.199718 0.929367 0.118973 0.103847
-0.291426 0.301143 0.871981 0.409446 0.087530 0.172885
0.339414 0.548409 0.314787 0.458394 0.015457 0.204867
0.208244 0.862270 0.574445 0.182826 0.066410 0.518670
0.044988 0.697147 0.341007 0.585887 0.151180 0.359999
-0.069056 0.752741 0.636352 0.513576 0.149629 0.455097
0.041424 0.700494 0.477319 0.530455 -0.107929 0.625741
0.142353 0.680540 0.327528 0.553387 -0.032493 0.604314
-0.096344 0.758203 0.199792 0.508806 -0.026769 0.074034
0.308007 0.726018 0.275574 0.531419 -0.038021 0.805393
0.171804 0.791576 0.454175 0.049579 0.273859 0.203651
0.506639 1.004173 0.776606 0.712576 0.190794 0.193000
0.241569 -0.617117 0.748761 0.779655 -0.340659 -0.040956
0.268665 0.791460 0.486302 0.225933 0.025991 0.645423
0.038829 0.726786 0.529347 0.497680 0.214566 0.391532
0.008682 0.747756 0.390736 0.583696 0.155517 0.481959
0.043994 0.502987 0.235413 0.655002 0.201847 0.463773
-0.460308 0.218739 -0.131922 0.416416 -0.353722 -0.058379
0.039133 0.822818 0.544939 0.431680 0.148159 0.447787
