-0.315832 -0.279839 -0.016663 0.611679 0.173411 0.024427
-0.081293 0.908755 0.265029 0.678786 0.074062 -0.157019
-0.342040 0.135954 0.682032 0.024868 -0.108495 0.219383
-0.161008 0.008756 0.059335 0.374427 0.023003 -0.212352
-0.454203 0.773041 0.005064 0.025027 0.020720 0.442412
-0.041680 0.118935 0.207087 0.120561 -0.222688 0.535480
0.187751 0.156551 0.686137 0.176315 -0.145745 0.562086
0.012869 0.412116 -0.133960 0.197134 -0.288462 0.192092
-0.097082 -0.277456 0.397623 -0.158427 -0.384155 0.465238
-0.335151 0.689599 0.674489 -0.206335 0.247986 0.172836
-0.052397 -0.514990 0.580371 0.164199 0.480125 -0.180660
-0.806945 -0.045204 -0.252647 0.145763 -0.284151 0.200826
-0.731724 0.169916 0.262773 0.150508 0.171273 0.022150
-0.675170 0.192279 -0.052219 0.398654 -0.589631 0.013083
-0.218232 -0.565458 0.560021 0.843950 -0.505168 -0.127374
0.176953 -0.083091 -0.132170 0.706689 -0.695793 -0.004434
-0.405963 0.883120 -1.267024 0.988480 -0.038937 -0.266596
-0.354693 0.248716 0.816041 0.359162 0.170025 0.168363
-0.582482 0.561522 0.584471 0.071202 -0.129334 -0.129340
-0.301988 -0.086151 -0.317954 -0.115395 0.281047 0.075489
-0.416786 0.260171 -0.117964 0.202315 -0.174396 -0.571266
-0.719412 -0.069560 0.022170 0.706947 -0.273336 -0.115766
-0.459796 0.955021 0.958367 -0.015291 -0.411434 0.197825
-0.345519 0.628036 -0.833981 0.322766 -0.334525 1.178192
-0.232900 -0.364899 0.591508 -0.415984 -0.168564 -0.200967
0.046402 -0.587691 -0.256343 0.859106 -0.011978 0.166789
-0.343047 -0.370821 0.026757 0.686386 0.321807 -0.251481
-0.149569 -0.338512 0.133618 0.176531 -0.015939 -0.049900
-0.567350 0.841013 -0.790588 0.047737 -0.092653 -0.442774
-0.491735 0.398309 -0.377884 0.645777 -0.511416 -0.409008
-0.886072 0.110262 -0.112106 0.519428 -0.416605 -0.446368
-0.601741 -0.135825 -0.338913 1.058634 0.214113 -0.658999
-0.206883 1.081781 0.131622 -0.407153 0.089779 0.473969
0.141348 0.452815 0.346829 0.562396 -0.472152 0.208432
-0.079083 0.184527 0.074628 0.212647 0.205761 0.208524
-0.160227 0.292383 -0.049729 0.121454 -0.605545 0.367879
-0.565335 0.026568 0.026632 0.640050 0.161861 -0.371047
-0.397941 0.041479 0.187030 0.590228 -0.067908 -0.181813
-0.642495 -0.051369 0.389851 0.527202 -0.530091 0.121939
-0.158598 0.326635 0.326201 0.868938 0.021538 -0.330157
-0.575320 0.344769 -0.117532 0.792052 0.346282 -0.030386
-0.394651 -0.455207 0.048838 0.476534 -0.091871 0.181664
-0.310271 0.822960 -0.045453 -0.093481 -0.266146 -0.370768
-0.492312 -0.287127 -0.197319 1.358150 0.264484 -1.008235
-0.491868 0.392801 -0.740508 0.292271 -0.396624 0.122630
-0.510405 -0.387876 -0.035670 1.222246 -0.291527 -0.758901
-0.525296 0.775135 -0.112407 0.199080 -0.157499 0.020829
-0.124358 0.950926 0.736134 0.133630 0.137149 0.436353
-0.841576 0.908034 0.168163 0.228802 -0.558681 0.256374
-0.505198 0.794694 -0.120049 0.137030 0.522223 0.538815
-0.451781 0.617028 0.037500 0.284136 0.120090 -0.709620
-0.695861 0.252911 -0.592580 1.169725 -0.119841 0.106255
-0.058435 -0.553486 -0.112940 0.614092 0.272099 -0.145623
0.069079 -0.036859 0.649714 1.242045 0.055064 0.312635
-0.314596 -0.505569 0.496053 0.757086 -0.090478 -0.300968
-0.646519 0.547462 -0.745922 0.429136 0.657899 0.044124
0.050905 0.238212 -0.081084 0.628698 0.483718 -0.247022
-0.261580 -0.340960 0.232001 0.296817 -0.157384 -0.270771
-0.669773 -0.830712 -0.091491 1.269409 0.053400 -0.505807
0.272732 -0.870242 -0.370186 1.102051 -0.737162 -0.149816
-0.691161 0.631176 -0.060042 0.398967 0.027902 -0.254798
-0.555334 -0.356565 -0.208975 0.668262 -0.436365 -0.172754
0.003817 -0.306242 0.175721 1.005485 0.170685 -0.737163
-0.242833 -0.211873 0.777519 0.922145 -0.523433 -0.372181
0.212860 -0.180954 -0.248014 0.778741 0.187204 0.030054
-0.542071 0.871618 -0.082314 -0.010463 0.210498 0.081642
-0.716880 -0.533801 0.074364 0.469151 -0.225046 -0.784827
-1.259374 0.086208 -0.170201 0.727814 -0.438654 -0.914197
-0.426989 0.732223 0.180187 0.036907 -0.076830 -0.087894
-0.723180 -0.539277 0.185054 0.596012 -0.171334 -0.961079
-0.586821 -0.822538 -0.478219 1.312829 -0.233280 -0.165170
-0.395446 -0.183958 0.491171 0.585085 -0.458818 -0.152028
-0.228599 0.115766 -0.160160 0.957785 -0.229157 -0.419392
-0.269102 -0.046494 -0.111861 0.526539 -0.313707 -0.507681
-0.429222 -0.398438 -0.311365 0.495289 0.084744 -0.250291
-1.195015 -0.906118 -0.289695 0.657463 -0.501465 0.013416
-0.548847 -0.064628 0.626174 0.135368 -0.316833 -0.695245
-0.800465 -0.232572 0.199417 0.432150 -0.282222 -0.379200
-0.511680 -0.855709 0.347775 0.286773 0.038626 -0.233426
-0.646397 -0.611730 0.161748 0.968327 -0.120203 -1.052889
-0.699743 0.846499 -0.150039 -0.168636 -0.647280 -0.478692
-1.063612 1.054837 0.139744 0.127366 -0.585367 -0.039189
-0.792142 0.841452 0.071387 0.419209 -0.282147 0.471787
-0.622056 0.383191 0.077591 0.166078 -0.344640 0.386146
-0.700597 0.522994 -0.803254 0.067923 -0.390329 0.577195
-0.260692 0.209828 -0.234908 0.546693 0.338510 0.376080
-0.904798 0.744706 0.081759 -0.167258 -0.496583 -0.858396
-1.060990 -0.310647 0.122718 0.242675 0.076242 0.070060
-0.774817 0.192929 -0.036136 0.662462 0.111283 0.046203
-0.715398 0.565060 0.669860 0.155295 -0.341193 -0.299604
-1.132030 -0.137321 -0.402997 0.532505 -0.636264 -0.322813
-0.853262 0.373557 -0.145653 0.040634 -0.049053 -0.336887
-0.663471 -0.176651 0.156892 0.701432 -0.952659 -0.301109
-0.357445 -0.654090 0.295992 0.785685 -0.175063 -0.364169
-0.532985 -0.558142 0.277639 0.287640 0.039718 -0.372247
-1.017076 0.104343 0.217682 0.517454 -0.128396 -0.113623
-0.028924 -0.358066 0.876309 0.130343 0.317287 -0.349179
-0.258160 -0.762551 0.019574 0.700943 -0.570863 0.207309
0.059855 -0.997886 0.193479 1.385748 -0.940611 -0.239106
-0.067473 0.012215 -0.230571 0.839561 -0.599958 -0.362685
-0.011984 0.078994 -0.022607 0.057226 -0.152748 -0.138436
-0.370224 -0.295150 0.349893 0.746538 -0.253532 0.001247
-0.360615 -0.202631 0.217187 0.481316 -0.029718 -0.344412
-0.638081 -0.786609 0.025718 0.917028 -0.200955 -0.181698
-0.356644 0.338349 -0.457103 0.401398 -0.191703 -0.189611
-0.571968 0.527235 0.157074 -0.157967 -0.162596 0.358313
-0.538396 0.695863 -0.054029 0.148686 0.046832 0.255766
-0.235243 0.274333 0.120759 0.503693 -0.562337 0.156811
0.629440 0.103990 0.133836 1.032360 -0.383918 0.107711
-0.155527 -0.158298 0.266140 0.513765 -0.701739 -0.054343
-0.532924 -0.223511 0.018407 0.408018 -0.083989 0.080168
-0.635844 -0.731076 -0.459616 0.969874 -0.032788 -0.108997
-0.738045 -0.282528 0.008614 0.667176 -0.585221 -0.289254
-0.497621 -0.131044 -0.081652 0.877281 -0.658009 0.021993
-0.333247 -0.665699 -1.093741 0.719516 -0.237058 -0.234260
0.035525 -0.430344 0.283670 0.781757 -0.825032 -0.138498
-0.396131 -0.375164 -0.098337 0.673766 -0.162578 -0.186892
-0.485884 0.196589 0.238860 0.510008 -0.264188 0.042943
-0.107005 -0.725764 0.172481 1.089299 -0.160621 -0.220747
-0.226332 0.351673 0.010365 0.142982 0.139206 -0.239279
-0.352316 0.150450 -0.195647 0.109783 0.060166 0.000528
-0.015915 -0.475822 -0.055688 0.481498 -0.157543 -0.580468
-0.237365 -0.127707 0.137252 0.726104 -0.248801 -0.407403
-0.277831 -0.379553 0.454320 0.848678 -0.443022 -0.141835
-1.018719 -0.488146 -0.192372 0.675966 0.396226 0.161843
-0.443519 -0.885551 0.389362 0.830167 -0.239248 -0.035823
-0.228498 0.728156 -0.379536 0.113760 0.292664 0.427768
-0.227063 -0.010327 -0.552647 0.896004 -0.229386 0.182024
0.625557 0.365028 0.240653 0.000879 0.087967 0.339641
-0.035718 0.606520 0.051465 -0.569172 0.142545 0.873384
1.187611 -0.085438 0.835100 -0.317350 -0.291157 -0.530335
0.026058 0.666241 -0.243858 0.611237 -0.015914 0.121642
-0.082764 -0.889950 -0.068714 0.046824 0.063453 -0.469780
-0.319484 -0.388679 0.106093 0.443139 -0.878455 -0.557277
-0.483160 0.189322 0.270566 0.279509 -0.147072 -0.129401
-0.062834 0.646679 0.006746 0.569915 0.437629 0.240277
-0.195171 0.871698 -0.349641 0.027679 0.166439 0.594378
0.002486 0.689831 0.365325 0.548177 0.217214 0.345666
-0.071874 0.763117 0.439325 0.508034 0.292897 0.428918
-0.037928 0.837944 -0.342016 0.577359 0.291318 0.286147
0.233417 0.828789 0.524416 0.181631 -0.099940 0.757436
0.437126 0.577591 0.808073 0.089833 0.194365 0.207522
-0.159423 0.375104 0.418563 0.178420 -0.048131 0.406600
0.101093 0.632396 0.179897 0.593426 0.041635 0.611185
-0.082976 0.686300 0.397114 0.536453 0.265369 0.248421
0.131492 0.512763 -0.099245 0.692506 0.247533 0.550987
0.058902 0.837627 0.309696 0.267540 -0.136257 0.803438
-0.118945 0.658145 0.377101 0.788694 -0.096444 0.565382
0.149303 0.765556 0.197865 0.505887 0.136834 0.552002
0.127799 0.888034 0.275849 0.435957 0.057346 0.619010
0.128540 0.803040 0.592061 0.451955 0.165845 0.593277
0.249069 0.218212 0.254206 0.150234 0.141183 -0.523804
-0.059879 0.701826 0.621239 0.396826 0.118959 0.299658
0.164693 0.744807 0.186976 0.483087 0.059300 0.546598
-0.164663 0.651539 0.070086 0.570354 0.188643 0.379832
0.253728 0.790550 0.830289 0.375168 0.041453 0.413231
0.199108 0.833951 0.513887 0.387309 0.262696 0.438853
0.227815 0.818287 0.185568 -0.345177 0.301689 0.265005
0.316060 0.745641 0.238189 0.278258 -0.136966 0.953140
0.001379 0.838596 0.325344 0.470316 0.203540 0.312246
0.121277 0.568730 0.530794 0.805548 -0.074857 0.362389
-0.442121 0.759705 -0.156600 0.685399 0.196045 0.071777
0.289234 0.786455 0.063480 0.300225 0.387819 0.552483
-0.124079 0.724927 0.129583 0.604550 0.179457 0.305859
0.378923 0.784308 0.421708 0.406476 0.088523 0.686070
0.134604 0.856173 0.546767 0.408724 0.335618 0.355135
