0.206155 -0.839751 -0.324365 0.797039 -0.036329 -0.532666
-0.800079 -0.380858 0.089248 -0.108677 -0.734263 0.185976
-1.108695 0.244016 0.252746 -0.071884 0.014036 -0.116194
-1.014580 -0.432129 -0.455210 0.510944 -0.298168 -0.105710
-0.850305 0.764808 0.104730 0.008255 0.053489 0.823079
-0.575071 0.318939 -0.019937 0.059781 -0.346137 -0.025822
-0.428078 0.833844 -0.147620 0.444959 -0.061124 -0.135242
-0.804348 -0.171110 0.507374 0.290206 0.260444 -0.337159
-0.631907 0.901575 0.108899 0.200450 -0.246316 0.038226
0.341594 -0.586011 0.137058 0.125692 -0.050458 -0.059123
-0.317514 0.385874 -0.401581 0.159478 0.348091 0.103899
-0.497346 0.301563 -0.376160 0.403885 0.036215 0.462526
-0.003326 -0.232215 -0.388273 0.756975 0.406851 -0.331456
-0.114563 0.752902 -0.229081 0.005116 -0.825026 -0.565883
-0.310445 0.268813 -0.420177 1.211434 -0.586662 -0.543137
-0.149719 0.519607 -0.508175 -0.062618 0.542319 -0.547049
-0.689618 0.597631 0.062064 -0.038985 -0.423689 0.393198
-0.278954 0.252959 0.197782 0.052870 -0.178496 0.342064
-0.799041 0.294824 -0.269775 0.243386 0.021710 -0.199958
-0.619710 1.611551 -0.098409 0.189184 -0.099652 0.344803
-0.431826 0.924406 -0.117959 -0.029180 0.145754 0.107614
-0.441560 0.558505 -0.047832 0.502584 0.069516 0.296518
-0.852377 0.429070 -0.050076 0.266426 0.494470 -0.047552
-0.279099 -0.644804 -0.805038 1.271240 0.028442 -0.203110
-0.638652 0.667865 -0.241994 0.290867 -0.130346 0.596469
-1.083302 0.618812 -0.275716 0.161495 -0.089356 -0.484110
-0.755462 0.240241 -0.272202 -0.076604 0.398551 -0.068452
-0.617623 -0.021720 0.361010 0.617354 -0.194811 0.555219
-1.130902 0.382306 -0.300470 -0.006728 -1.002135 -0.394069
-0.408488 0.916788 -0.204392 0.554445 -0.299935 0.283818
-0.388721 -0.215434 0.240161 0.655248 0.004950 -0.354840
-0.108642 -0.623291 0.110804 0.933230 0.016789 -0.513727
-0.297985 -0.046642 0.517902 -0.120207 -0.502497 -0.009623
-0.604585 -0.143825 0.277269 0.537675 -0.266749 -0.188578
0.084842 -0.962755 0.042284 0.940663 -0.622588 -0.615398
-0.835833 -0.075014 -0.410569 -0.194434 -0.247856 -0.228573
-0.096718 -0.649623 0.468909 0.773499 -1.030010 0.099911
-0.982320 0.165948 -0.294582 0.303179 0.295981 -0.699604
-1.052090 0.378263 -0.290861 0.328573 0.027893 -0.475192
-1.423434 0.294301 -0.500926 0.224899 -0.923595 -0.248865
-0.252728 -0.137174 0.078529 -0.298488 0.097264 -0.080083
-0.575200 0.191790 -0.412028 1.045256 -0.365496 -0.438038
-0.003173 -0.030852 -0.339770 0.316712 -0.018811 -0.282566
0.004231 -0.093367 0.384455 -0.049459 -0.550600 -0.371700
-0.355535 -0.030732 -0.541275 0.420930 -0.164666 -0.599786
-1.189285 -0.012349 -0.111980 -0.055736 0.046711 -0.159046
-0.665783 0.133749 0.441342 0.570258 -0.247931 0.626111
-0.441331 -0.174622 0.555636 0.102857 -0.139344 0.556932
0.146481 0.358601 -0.442543 -0.009840 0.249652 -0.409450
-0.489048 0.609818 -0.277386 0.295657 0.294048 -0.249604
-0.449120 -0.700725 0.257828 0.365342 -0.059751 0.264198
-0.780805 0.757614 0.266063 -0.097674 -0.361575 0.326840
0.215628 -0.537835 0.161912 0.088117 -1.219485 -0.425404
0.147501 -0.300207 0.572823 0.399637 0.684605 0.011930
-0.421921 -0.087564 -0.377702 -0.043649 0.865893 0.119149
-0.282007 -0.572738 0.230974 -0.270435 -0.557300 -0.158660
-0.552521 -0.419214 -0.263338 0.518711 -0.671060 -0.111339
-0.662289 0.755124 -0.418278 0.422559 -0.468058 0.138519
-0.760626 0.013013 0.837956 0.465787 -0.728316 0.066870
-1.019037 0.486714 0.012636 0.750159 -0.098147 0.305640
-0.587127 1.111810 -0.233085 0.620745 0.257233 0.318126
-1.326660 0.268520 0.232025 0.134041 -0.469759 0.390066
-0.371036 -0.394049 0.325450 0.013199 0.263558 0.285701
-0.541160 1.176634 0.159854 -0.066707 -0.466486 0.313354
-0.687137 0.429608 0.022191 0.636985 0.042913 0.598332
-0.403461 0.086688 0.764495 0.329795 -0.607958 -0.051917
-0.390855 0.317747 -0.381451 0.804977 -0.190431 -0.630347
-0.739171 0.315480 0.687204 0.754019 -0.353849 -0.358270
-0.222791 -0.198996 0.038014 0.966699 -0.161604 0.198384
-0.519967 -0.406180 -0.600478 0.402128 0.446321 0.520878
-0.078058 0.438288 0.693881 0.247513 -0.506552 0.095211
-0.438628 0.379539 0.352975 0.941632 -0.501884 -0.221133
-1.096334 0.121944 -0.119542 0.365300 -0.367948 0.284439
-0.569368 0.683074 0.574592 -0.156393 -0.510675 -0.191459
-1.026485 -0.070612 -0.007762 0.230999 -0.038648 0.172305
-0.439394 -0.460715 0.580213 0.557838 -0.259185 0.000510
0.508661 0.428625 0.981397 -0.039572 -0.468193 0.502631
0.064857 -0.669091 -0.714501 0.977488 -0.319276 0.162378
-0.317502 0.129600 0.558032 -0.077542 0.089607 0.461847
-0.579080 -0.269967 -0.360305 0.834581 -0.134708 -0.363359
-0.098560 -0.103598 -0.044281 -0.018511 -0.070260 -0.503672
-0.359521 0.077169 0.128054 0.695734 -0.113280 -0.253259
-0.357892 0.431107 -0.424165 0.647744 0.110095 -0.070920
-0.426360 0.482885 -0.459051 0.711480 -0.121326 -0.172027
-0.250100 -0.037324 -0.304554 -0.046103 -0.353167 -0.513504
-0.148630 -0.542710 0.315638 0.019677 -0.670155 0.039374
-0.644521 -0.057495 0.353297 -0.135204 -0.855047 -0.232936
-0.334125 0.056957 -0.059825 -0.171020 -0.190166 -0.075516
0.456851 0.225266 0.565262 0.343295 -0.570404 -0.519775
0.007240 -0.159744 0.263487 0.506028 -0.551315 0.486679
0.098360 1.091474 -0.359789 -0.357540 -0.524012 0.539543
-0.471578 -0.391039 0.285116 -0.049325 0.416172 -0.849547
-0.408608 0.524340 -0.254120 0.415322 -0.804915 0.162513
0.191863 0.087167 0.483652 0.773475 -0.363252 0.056640
-0.538194 -0.682524 0.025639 0.965908 -0.686775 -0.319909
-0.347715 0.610042 0.115507 0.656304 0.062039 0.115689
-0.363352 -0.049123 0.204190 0.379142 0.375899 -0.639106
0.518782 0.227754 0.318907 0.715349 -0.397785 -0.206610
0.216619 -0.226507 -0.053034 0.519151 -0.264745 -0.441121
-0.006911 1.168801 0.074855 0.317305 0.316134 0.278578
-0.248977 -0.111620 0.286775 0.198400 -0.060660 0.435086
0.236310 0.200589 -0.676862 1.175455 0.384849 -0.044820
-0.620074 0.865206 0.153143 0.744441 -0.139915 -0.229481
-0.007610 0.582842 0.420517 0.478407 -0.324390 0.515174
-0.080603 -0.322608 0.684349 0.671335 -0.128022 -0.069592
-0.272156 -0.146882 0.240461 0.788277 0.129819 0.230227
-0.106999 0.123604 0.151562 -0.383725 0.045562 -0.237474
-0.235683 0.531116 -0.212207 0.337908 0.014162 0.184271
0.366911 -0.190946 0.512505 0.526683 -0.041535 -0.408057
-0.191184 -0.523949 -0.366233 0.469668 0.186007 -0.065405
-0.808272 0.498048 0.226704 0.279507 0.329435 0.836615
-0.021419 0.029992 -0.423214 0.473446 0.355198 -0.325001
-0.421794 1.469571 -0.479058 -0.196351 0.114414 0.165089
-0.513228 -0.109190 0.135008 -0.583107 -0.556498 0.156379
-0.101684 -0.351360 -0.136897 1.141589 -0.419796 -0.608802
-0.067025 0.329515 -0.334046 0.271766 -0.100762 -0.274965
-0.582838 0.207659 0.393373 0.058560 -0.334281 0.037741
0.275287 0.321506 -0.059550 0.860542 -0.137934 0.187817
-0.177866 0.040740 -0.087587 0.771297 -0.320862 -0.714018
-0.486760 0.887949 -0.198464 -0.050423 0.199993 0.097440
-1.245275 1.110729 -0.473769 0.050585 -0.458349 -0.356246
-0.538176 0.774999 -0.009493 1.264789 0.437321 -0.402240
-0.557167 0.216575 -0.381216 0.304770 -0.414591 -0.057341
-0.661733 0.541406 -0.169288 0.276752 0.576718 0.244223
0.144194 -1.211072 0.086146 0.636761 0.113440 -0.228546
-0.454921 0.703137 -0.307902 0.272924 0.170650 0.147114
-0.788081 0.826023 0.083788 0.145741 -0.043627 -0.189311
-0.537465 0.115749 0.447220 0.582182 0.354255 0.185270
-0.186972 0.885414 -1.003899 -0.275443 -0.105193 0.107015
-0.489249 0.565393 -0.562878 0.407366 -0.261738 -0.023603
-0.328531 0.736018 -0.061657 0.384126 -0.290293 0.588809
-0.198582 -0.364111 -0.006266 0.326426 -0.004931 0.015934
-1.178926 -0.732423 -0.568071 0.585881 -0.261778 -0.759123
0.066578 -0.028848 0.865502 0.242214 -0.572152 0.268907
-0.020643 0.192885 -0.246812 0.074090 -0.190038 -0.148268
-0.329906 0.344857 -0.540188 0.607695 -0.539916 -0.088695
-0.436644 0.515892 -0.296261 0.623029 -0.300424 0.325847
-1.108593 0.115500 0.225046 0.485669 -0.062355 -0.346284
-0.502890 -0.134263 0.395973 1.038409 -0.254199 -0.170287
-0.313569 0.673590 0.395598 0.486775 -0.328709 0.377318
-0.585360 0.468762 0.427963 0.420824 -0.571430 1.129572
-0.296729 -0.725855 0.725994 0.564046 -0.443958 -0.460804
-0.398869 -0.100403 0.789375 0.145849 -0.480637 0.050167
-0.900276 0.716132 -0.125606 0.269570 0.390731 -0.438971
-0.345423 -0.383959 0.824471 0.542587 -0.831369 -0.403040
-0.471052 0.024297 0.205088 0.609902 -0.242818 0.453209
-0.817299 0.340782 -0.050137 0.038701 -0.751354 0.296995
-0.285549 -0.532173 -0.008155 0.700889 -0.094647 -0.357900
-0.150492 0.004346 -0.784352 0.928890 0.369839 -0.412320
-0.051186 0.337917 0.136085 0.337631 -0.697262 0.097078
0.061143 -0.080529 0.069969 1.044242 -0.194822 -0.124812
-0.307994 -0.474155 0.400053 0.462159 -0.531133 -0.263811
-0.426279 -0.792296 0.224563 0.093652 -0.353666 -0.389135
-0.127408 -0.123810 0.555825 0.438135 -0.304740 -0.203534
-0.620641 -0.011978 -0.272562 0.237046 0.086253 -0.157056
-0.624389 0.504001 -0.329831 0.234855 -0.024553 -0.293564
-0.209673 -1.227955 -0.192883 0.939569 -0.215031 -0.812430
-1.439979 0.583956 -0.689857 0.360865 -0.162308 -0.400648
-0.553359 0.570379 0.259644 0.344664 0.040418 0.394363
-0.534415 -0.860292 -0.741505 1.479972 -0.084178 -0.941793
-0.236679 -0.618735 0.189561 1.098971 -0.375486 -0.286945
0.363945 -0.375777 0.220442 0.664334 -0.663692 -0.528761
-0.845958 0.236660 -0.122616 0.540568 0.107335 0.287614
-0.330094 0.156761 0.007377 0.301238 0.049778 -0.534014
-1.124275 0.644985 -0.355814 0.388856 0.409537 -0.048214
-0.608936 0.168859 -0.052459 0.142813 -0.122697 0.210759
-0.765568 0.047079 0.236574 0.200814 -0.478322 0.014777
-0.890620 0.007460 0.036025 0.593332 -0.132030 0.122696
-0.793073 0.875822 -0.248242 -0.233516 0.055797 -0.067885
0.493740 -0.096912 0.966359 -0.129867 -0.283996 0.135325
0.259099 0.772234 1.092623 -0.102520 -0.156833 0.140066
-0.039344 0.184575 0.019984 0.237903 -0.377998 0.082667
-1.034029 0.792930 0.047496 0.647728 -0.391419 0.328184
-0.643578 0.623499 -0.156726 0.280731 -0.452260 0.431770
-0.258391 -0.838790 0.841305 0.728532 -0.367445 -0.213697
0.754237 0.026236 -0.394366 0.487541 0.744899 -0.074495
-0.777513 0.949781 -0.093690 -0.403212 0.098762 -0.014221
0.166506 -0.339714 0.266958 0.534785 -0.454089 0.333031
-0.298058 -0.214245 0.333688 0.894793 -0.362283 -0.493588
-0.586665 -0.179396 0.231301 0.251536 -0.227327 -0.091512
-0.338734 0.842647 0.472350 0.625987 -0.080281 -0.121356
-0.191955 -0.464272 0.182400 0.622182 -0.429444 -0.393469
-0.082307 -0.064824 0.750374 0.797199 -0.345704 -0.477990
-0.587500 0.101226 0.315970 0.526028 -0.497155 -0.508567
-0.359147 0.044440 0.002719 0.513446 -0.257789 -0.284392
-0.492212 -0.067266 -0.467783 0.293827 -0.252825 -0.394042
-0.423287 0.200739 0.242110 0.303662 -0.560752 -0.228829
-0.415651 -1.094580 -0.316899 0.882914 -0.120382 -0.635270
0.172209 0.074986 0.544910 0.305144 -0.492781 0.097966
0.000061 -0.995721 -0.052112 0.864398 0.058157 -0.530272
-0.442949 0.122954 0.257583 0.458020 -0.266363 -0.190304
-0.181256 -1.115937 -0.366404 0.857111 0.171179 -0.645929
-0.334989 -0.769353 0.289752 0.767540 0.182302 -0.543135
-0.965297 -0.328995 0.148858 0.405992 -0.214706 -0.374846
-0.129482 0.344005 -0.263856 0.239925 -0.442280 -0.679023
-0.532962 0.933663 0.442043 0.958023 0.146048 0.155863
-0.481776 0.137989 -0.197418 0.597550 -0.152746 -0.795946
-0.076348 -0.345675 0.110920 0.216697 -0.085005 -0.320144
0.193293 0.038320 -0.028375 0.723649 -0.084741 -0.417728
-0.392864 -0.359546 0.708031 1.034741 -0.573775 -0.154106
-1.043614 0.700812 0.308381 -0.405057 -0.079051 0.818427
-0.359440 -0.023715 0.305264 0.192114 -0.019996 0.095739
-0.452250 -0.140606 0.729350 1.269709 -0.032351 -0.243494
-0.607301 0.130684 -0.127528 -0.159609 -0.400960 0.008795
-1.120873 0.932416 -0.135444 0.286109 0.000919 0.505366
-0.733410 0.201772 0.110900 0.347715 0.353439 0.144827
-0.225138 -0.391461 0.520331 0.113475 -1.086153 -0.219811
-0.455088 -0.627199 0.264599 0.516254 -0.703318 0.055236
0.067659 -0.061214 0.170276 0.854167 -0.337943 -0.023217
-0.793774 0.985913 -0.342330 0.448497 0.193386 0.831833
-0.389602 0.833043 0.143762 0.065373 0.261544 0.511772
0.025834 1.518020 0.014377 0.930200 -0.626397 0.008282
-0.643713 0.352296 -0.275972 0.396394 0.003574 0.160284
-0.465335 0.604204 0.207640 0.463708 -0.210243 -0.207090
-0.724105 0.918791 -0.208781 0.112736 0.460194 0.530686
-0.219414 0.027610 0.571437 0.774489 0.053783 -0.147258
-0.132406 0.790366 0.026318 -0.347203 0.697005 0.113011
-0.528188 -0.421611 -0.150564 0.487668 -0.067961 -0.198219
-0.753988 0.632102 -0.588614 0.783507 -0.069741 0.881845
-0.097842 -0.591573 0.590344 0.220207 0.395146 -0.066346
-0.690845 0.589375 0.316166 0.835691 -0.469856 -0.143237
-0.208288 -0.083155 -0.135768 1.094667 0.191859 -0.015184
0.301806 0.680579 0.393098 0.229464 0.077289 0.525247
-0.017554 0.482862 0.090708 0.710071 0.332121 0.355345
0.083209 0.624284 0.730201 0.701274 0.095819 0.355730
-0.081106 0.504995 -0.190141 0.845095 0.595437 0.222786
0.161343 1.660306 -0.006658 0.514543 0.095682 0.769512
-0.314264 0.431697 0.205985 0.725054 0.120528 0.297637
-0.043667 0.751072 0.415991 0.488115 0.327127 0.289218
-0.256519 0.573234 0.218300 0.722776 0.043133 0.348513
-0.257747 0.570824 0.296264 0.697864 0.182869 0.229138
0.012310 0.722642 0.373568 0.576131 0.097125 0.446033
-0.046019 0.668445 0.346684 0.543044 0.188964 0.363181
0.266276 0.562617 0.075028 0.343607 0.755121 0.334219
0.004883 0.837838 0.441570 0.632354 -0.091949 0.566137
