-0.566861 0.347144 0.019193 0.330578 -0.141388 -0.268741
-0.283452 -0.323192 -0.136989 0.469906 0.598828 -0.881043
0.057521 -0.053342 0.687452 -0.223996 0.421931 -0.110528
-0.320040 0.812510 -0.212178 -0.049344 0.272577 -0.340245
-0.810128 0.669132 0.159606 -0.037043 -0.191285 0.888428
-0.372694 -0.058116 0.365287 0.078713 -0.293249 0.212248
-0.852274 0.345454 0.367470 0.032237 0.321785 -0.322470
-0.388181 0.019819 0.470579 0.450128 0.404496 -0.253963
0.325022 -0.651821 0.184429 0.238522 -0.244127 -0.620843
-0.351091 0.356933 0.360436 0.333771 -0.454334 0.245989
-0.274580 -0.209952 -0.901826 1.522682 -0.153073 -0.233201
-0.147876 0.585806 -0.154670 0.232587 0.014118 -0.072287
0.095227 -0.062313 -0.337983 0.809028 0.110869 -0.367373
-0.610995 -0.108588 0.417322 -0.223759 0.121862 0.138569
-0.463992 -1.019734 0.208760 0.753602 -0.016418 0.014854
0.000854 -0.607162 -0.200272 1.249710 0.394271 -1.161782
-0.483760 -0.371335 -0.212413 1.190684 0.211642 -0.911917
-0.330707 0.183244 0.145920 0.340995 -0.080411 0.173967
0.660835 0.272013 -0.201078 -0.037379 -0.562217 0.149896
-0.177324 0.789347 -0.436544 0.171879 -0.424871 0.136497
0.425152 -0.966177 -0.026382 1.308681 -0.199874 -0.379320
-0.280951 0.360162 0.545602 0.283344 0.177121 0.585234
-0.375794 0.035636 0.249981 0.894189 -0.183108 -0.075383
-1.060668 0.692206 -0.042509 -0.069643 0.527690 -0.369379
-0.382508 0.659216 0.069657 1.114702 -0.081736 0.700239
-0.335292 -1.117471 -1.145033 1.067857 0.486967 -0.485019
-0.795612 0.808005 0.340510 0.590063 0.080804 0.560504
-0.499951 0.636613 0.334791 0.866367 0.118414 0.237801
-0.469021 0.166037 -0.356558 1.245683 0.559492 -0.423494
-0.723541 0.574305 -0.219793 0.744371 -0.485491 -0.427883
-0.207334 0.932989 -1.006165 0.190424 0.176479 0.307578
-0.504430 0.134496 1.017222 0.296018 0.547590 -0.163003
-0.258999 -0.224260 0.771119 0.834398 0.102260 -0.318094
-0.701539 0.660716 -0.619879 0.251914 -0.147260 -0.180729
-0.112301 1.074971 0.337313 0.591481 0.111086 0.431049
0.226308 -0.451105 0.375176 0.718189 -0.400958 0.201089
-0.882742 0.121824 -0.272852 0.030682 -0.463633 0.744759
-0.904919 0.609071 0.164697 0.221772 0.763598 0.262955
0.025506 -0.298300 0.478803 0.454467 0.380494 0.453315
-0.478889 0.414226 -0.139959 0.114509 0.362591 0.617563
-0.213541 -0.555604 -0.349117 0.698972 0.211391 -0.483788
-0.335961 -0.325179 0.621855 0.495851 -0.444178 0.221558
-0.825073 0.128745 -0.166260 0.298928 0.062207 -0.177271
0.604706 0.354211 -0.215812 0.349028 -0.066370 -0.395613
-0.185632 -0.094005 0.618202 1.154389 -0.573413 0.747637
-0.037015 0.796120 0.147351 0.088966 -0.117158 0.558312
-0.039100 -0.417832 0.025003 0.194890 -0.855154 -0.395120
-0.502736 -0.769051 0.157365 0.625188 -0.590701 -0.029099
-0.255147 -0.578407 0.115727 0.590832 -0.163895 -0.666415
-0.509802 0.284561 0.410808 0.571528 -0.208975 -0.162983
-0.785074 0.969215 -0.525148 0.164808 -0.363360 -0.759691
-0.380348 -0.270575 -0.863838 0.377397 0.089341 -0.274054
0.019123 0.387773 -0.619595 -0.052903 -0.127451 -0.081901
-0.356759 0.559334 0.069372 0.201594 -0.226161 0.414211
-0.086994 0.693134 0.370977 0.447011 0.710180 0.107648
-0.474430 0.299365 0.753847 0.390332 0.201036 0.591837
0.001467 -0.408709 -0.055854 -0.099372 0.228406 0.147059
-0.348655 -0.896341 -0.433609 1.198420 -0.016697 -0.406904
-0.306021 0.195002 0.587173 0.747242 0.460261 0.979228
-0.771362 0.116149 -0.205338 0.490470 0.181513 -0.048584
-0.055720 -0.125337 0.657573 0.857079 0.084353 -0.269674
-0.427246 -0.481751 0.373534 0.788112 -0.132322 0.089704
-0.451268 0.918669 -0.513030 -0.212965 0.258736 0.242210
-0.020024 0.012131 0.146047 0.207510 -0.808913 -0.015137
0.182660 -0.281064 0.509357 0.563919 -0.975831 -0.221803
-0.242895 -0.281398 0.495473 1.094505 0.146873 -0.259955
-0.573751 -0.177812 0.235326 0.834691 0.135455 0.063854
-0.245901 -0.641380 -0.308289 0.552746 -0.764253 -0.403862
-0.021396 0.081974 -0.341569 0.943614 0.031535 -0.484884
-0.738757 0.237423 -0.278406 1.077413 0.026394 -0.030967
-0.596412 0.750002 -0.443757 0.988242 -0.442477 -0.127726
-0.419938 -0.230510 0.376371 1.018219 0.032135 -0.619981
-0.291949 0.067073 0.526967 0.089905 -0.291901 -0.081842
-0.698372 0.173213 0.652413 0.769866 -0.006072 -0.629482
-0.004431 -0.141220 0.259204 0.673422 0.188130 -0.554652
-0.321747 -0.774074 0.566570 0.943673 0.165430 -0.015810
-0.231102 -0.144358 0.232322 0.306243 -0.504530 -0.158209
-0.277268 0.207909 -0.280607 0.235959 -0.142938 -0.010302
-0.101770 -0.500430 -0.018479 0.583208 -0.195273 -0.246724
-0.087640 0.697349 -0.266195 -0.146934 -0.019633 0.130573
-0.229244 -0.278961 0.367656 0.648133 -0.415579 0.601007
-0.032436 0.020660 0.076388 0.161376 -0.337273 -0.101984
-0.582733 -0.331304 0.805681 0.599607 -0.871344 0.704494
-0.577742 0.847143 -0.336518 0.184397 0.261547 0.232923
-0.336115 -0.577010 -0.484988 1.013391 -0.297609 -0.704623
-0.509489 0.600552 0.281401 0.446365 0.159850 -0.126627
-0.944934 0.061664 -0.395682 1.045523 -0.748742 -0.731585
-0.085631 0.713097 -0.291387 0.838772 -0.061464 0.126538
-0.132084 0.211194 0.829581 0.886539 -0.336027 0.652953
-0.483848 -0.272956 -0.727040 1.154368 0.217099 0.218656
-0.586469 0.243371 -0.446385 0.559897 -0.774262 -0.313097
-0.407215 -0.182180 0.354307 0.722624 -0.276634 -0.721398
-0.098599 0.082260 0.202780 0.342914 -0.155143 0.077987
-0.814077 0.580212 0.325460 0.214348 -0.353186 0.175718
-0.025936 -0.397341 0.343627 0.798897 0.113358 -0.501741
-0.946012 0.444826 -0.281724 0.232901 -0.987309 0.016773
0.014419 -0.692117 0.126792 1.288606 0.053786 -0.884014
0.201156 0.998008 0.265461 0.064344 0.029905 0.797247
0.122445 0.493689 0.915164 0.250082 0.094262 0.153096
-0.060357 0.665689 0.511376 0.536669 0.069636 0.289240
-0.456697 1.047400 -0.187229 0.414016 -0.021211 0.203964
-0.196281 0.877418 0.512278 0.567396 0.231696 0.145069
0.172132 0.763495 0.543630 0.285340 -0.192946 0.636216
0.010919 0.495038 0.037404 0.571927 0.135255 0.438969
0.143979 0.810074 0.675820 0.310348 0.056361 0.634677
0.167874 0.791006 0.544893 0.403489 -0.026610 0.713780
0.072365 0.530548 0.142052 0.383679 0.620932 0.169531
0.137565 0.967513 0.589977 0.717530 0.315013 0.359123
0.390478 0.707764 0.332032 0.329359 0.317856 0.367803
0.129626 0.841460 0.321513 0.311068 0.105148 0.449554
-0.076741 0.704233 0.528241 0.551378 0.082017 0.521953
-0.017262 0.580786 0.172749 0.566927 0.115984 0.405936
-0.118885 0.777742 0.591391 0.442485 0.181693 0.191161
0.326266 0.653850 0.227443 0.645413 -0.032330 0.794661
-0.130591 0.681896 0.167996 0.577331 0.173972 0.238028
-0.121027 0.748591 0.109931 0.573336 0.061200 0.201085
0.193501 0.860895 0.530157 0.192283 0.068547 0.629308
-0.128556 1.265707 0.143300 -0.129686 0.542294 0.210974
0.016204 0.628210 0.483728 0.462759 0.204391 0.313792
-0.085427 -0.066234 0.121892 0.743195 -0.248799 0.653623
-0.160067 0.062363 0.216423 1.075316 0.096242 0.054149
-0.257674 0.654075 0.449202 0.607982 0.297756 0.190221
-0.019023 0.744267 0.422318 0.545830 0.095879 0.499944
