-0.951117 -0.278310 0.249976 -0.433896 0.106445 0.382794
-0.477439 -0.588081 0.210066 0.727023 -0.143622 -0.122542
-0.158940 -0.473132 -0.365413 0.560406 -0.784452 -0.201956
-0.445650 0.072103 0.077115 0.707494 -0.152419 0.098651
-0.414962 -0.153491 0.096627 0.154774 -0.097469 -0.269109
-0.193224 -0.077677 0.821008 0.496621 -0.240854 0.092993
-0.596257 0.844216 0.235101 0.246479 -0.053461 0.053120
-0.203844 0.136274 0.477907 0.550649 -0.169237 0.173841
-0.285406 0.003149 -0.301158 0.643002 0.202259 0.319046
-0.406276 1.018257 0.370210 0.061519 -0.192415 -0.078246
-0.412629 -0.775451 -0.056536 0.897230 0.232657 -0.356546
-0.858649 0.576008 0.112273 0.335398 -0.335514 0.160999
-0.632939 0.457554 -0.080452 0.185658 0.413937 0.063582
-0.450638 -0.006042 -0.015290 0.140292 -0.017053 0.357252
-0.649123 -0.542079 -0.128392 0.679589 -0.810177 -0.493063
0.106863 -0.034507 -0.238522 0.865559 -0.333830 -0.107013
-0.262902 0.719467 0.514965 0.523854 -0.453232 0.048137
-0.216167 -0.454796 -0.553943 0.473342 0.315511 -0.231481
-0.468799 0.159575 0.736859 0.683350 -0.548765 1.062542
-0.525233 -0.351067 0.705919 0.387265 -0.465537 0.172018
-0.590761 -0.009368 0.215005 0.222612 -0.226892 0.241019
-0.345801 0.589294 0.042437 0.352275 -0.018089 0.356871
0.459210 -1.351799 0.472879 1.019225 -0.286441 -0.384255
-0.610089 -0.067129 -0.569819 0.082515 -0.472369 -0.178446
-0.215502 0.900846 0.117079 0.306101 -0.473512 0.066367
-0.482208 0.869233 0.345085 0.552242 0.420494 0.226108
-1.001900 0.153813 -0.297529 0.642934 -0.230346 0.037120
-0.262920 -0.653097 0.139990 1.172435 0.208591 0.032636
-0.933533 -0.505057 -0.379814 0.223820 -0.294913 -0.087484
-0.432332 0.953179 -0.401116 -0.132777 0.401002 0.179402
0.432306 0.053112 1.036062 -0.073918 -0.534079 0.084926
-0.345231 -0.511075 -0.170462 1.148006 -0.150667 -0.808931
0.062042 -0.220084 0.484105 0.809405 -0.120629 -0.927342
0.030958 0.362838 0.205124 0.891337 -0.196501 -0.202258
-0.971458 0.433157 -0.061748 0.622199 -0.014990 0.351738
-0.217862 -0.020943 -0.685946 0.466514 0.057541 -0.580162
-0.195131 0.296706 0.065970 0.532099 -0.220927 -0.228338
-0.278462 -0.009549 0.329813 0.182309 0.057221 -0.505169
0.038438 -0.215396 -0.083135 0.867454 0.425600 -0.038857
-0.795542 -0.578893 -0.385216 0.349095 0.005220 -0.883111
0.190690 0.084865 0.426996 0.465160 -0.494525 -0.383424
-0.238074 -0.280583 0.612245 0.682752 -0.103992 -0.432453
-0.680429 0.314164 0.498186 0.393416 -0.645156 -0.031462
-0.907422 -0.506059 -0.040800 -0.014728 -0.153400 0.035362
-0.454458 0.280861 0.034599 0.363272 0.230211 0.550070
-0.423034 -0.392237 -0.640136 0.912151 -0.027223 -0.376136
-0.615557 -0.322535 -0.416000 0.717606 -0.094961 -0.633716
-0.339729 -0.031592 -0.212711 0.216320 -0.244911 -0.091874
-0.687871 -0.377685 0.077824 0.548605 -0.558939 -0.251262
-0.748463 -0.072973 0.013770 0.450250 -0.026396 -0.306094
-0.733954 -0.966859 -0.177105 0.837026 0.268249 0.048401
-0.143899 -0.049334 0.154316 0.340355 -0.208864 -0.467654
-0.533212 0.042129 0.239434 0.033047 0.248186 0.237363
-0.399177 0.252779 -0.455429 0.522759 -0.617893 -0.485237
-0.689637 0.007414 -0.071660 0.571372 -0.621113 0.106849
-0.371291 -1.111420 0.471553 0.332108 -1.244141 -0.413715
-0.899523 0.385878 -0.118975 0.336184 -0.067850 -0.346750
-0.186195 0.189114 -0.211773 0.840517 0.573164 -0.256809
-1.073212 -0.687797 0.386478 0.749324 -0.153954 -0.248086
-0.149223 -0.055840 0.263276 0.422425 -0.301411 0.721759
-0.656573 0.533753 -0.748192 0.443931 -0.368812 0.246597
0.039712 0.064719 0.374202 0.383143 0.314360 0.657240
-0.370028 0.559754 0.026222 0.415888 -0.556919 0.014174
-0.418843 0.164397 0.262710 0.854595 -0.070358 0.717360
-0.467220 0.829530 -0.394700 0.304871 0.277394 0.253567
-0.204613 0.532342 -0.555684 0.286296 0.134214 0.116449
-0.671386 -0.471440 -0.539823 0.432122 -0.078900 -0.343739
-0.535744 -0.279286 0.235170 1.119745 0.057213 -0.447091
-0.590981 -0.627191 -0.067743 0.396332 0.430669 0.079206
0.075255 0.730415 0.068458 1.081326 0.084417 0.346434
-0.961579 0.931600 0.057668 0.078852 -0.205241 -0.233256
-0.632964 0.507080 0.751446 0.539897 -0.239516 -0.262690
-0.210271 0.139362 0.330083 0.831879 -0.392577 -0.530538
-0.783892 -0.755562 0.153830 0.145465 -0.115435 -0.463291
-0.536956 -0.149673 0.115858 1.012302 -0.244112 -0.628745
-0.460610 0.011252 0.404610 0.708399 -0.225567 -0.089981
-0.322244 0.722102 0.434033 0.237213 0.155751 0.147667
-0.881809 -0.217914 -0.335609 1.001461 -0.016988 0.001391
0.254114 -0.333288 0.043985 0.789415 -0.467392 -0.458569
-0.360670 -0.588057 0.348230 1.188011 0.026505 -0.580035
0.491137 0.777621 0.408762 0.425857 0.145778 0.403736
0.161730 0.723614 0.361602 0.541114 0.137682 0.534016
-0.028918 0.644683 0.322480 0.500931 -0.178325 0.094885
0.002704 0.731275 0.207608 0.604103 0.159834 0.494113
0.110427 0.725717 0.504740 0.435775 0.277088 0.381743
0.298549 0.752216 0.520099 0.417232 0.201030 0.475887
0.137947 0.801717 0.321140 0.542479 0.023849 0.539967
0.029745 0.917529 0.615843 0.411465 0.051521 0.663862
0.331188 0.781747 0.436112 0.123340 0.662094 0.254221
0.147221 0.728481 0.269012 0.546656 -0.139681 0.815625
-0.025603 0.852556 0.615979 0.363972 0.246740 0.328549
0.094630 0.660115 0.427965 0.648197 0.208456 0.446039
0.213121 0.967887 0.773644 0.358620 0.169456 0.581137
0.045431 0.968684 0.495942 0.333017 0.023879 0.704926
-0.178709 0.592904 0.085979 0.183123 -0.252199 0.542999
0.130245 0.753359 0.604419 0.449690 0.073942 0.529669
0.271144 0.912528 0.357044 0.443704 0.229104 0.605571
0.061065 0.871143 0.705169 0.590829 -0.084359 0.143600
0.207598 0.850381 0.260230 0.390464 0.124149 0.520958
0.355537 0.717085 0.328919 0.385891 -0.032158 0.782784
-0.315656 0.670713 0.260304 0.408339 -0.092389 0.418858
0.039857 0.739661 0.301908 0.347911 0.070771 0.117095
-0.396822 0.373426 0.034423 0.895680 -0.106931 -0.150191
0.040929 0.436946 0.249162 0.443721 0.223418 0.285277
0.073954 0.696445 0.199066 0.592884 0.227313 0.581507
-0.233672 0.637829 0.291959 0.299370 -0.302928 0.258701
0.179811 0.815124 0.343829 0.515201 0.031204 0.623778
0.343016 0.816480 0.467119 0.409061 0.194695 0.551653
-0.129396 0.531334 -0.212817 0.977572 0.269562 -0.058091
0.151455 0.956567 0.417157 0.425317 0.037720 0.772787
-0.055051 0.859898 -0.021425 0.457947 0.221904 0.391819
0.063624 0.791084 0.206322 0.588228 0.219686 0.486111
0.023291 0.621090 0.442543 0.449032 0.493514 0.215524
0.040633 0.806751 0.548748 0.452673 0.326075 0.315396
0.020740 0.684331 0.439168 0.570731 0.236704 0.366851
0.107341 0.864405 0.320615 0.347354 0.084783 0.709443
0.138521 0.808063 0.469326 0.454395 0.067511 0.568852
0.208221 0.018082 0.581529 0.170624 -0.363254 -0.095183
-0.178709 0.592904 0.085979 0.183123 -0.252199 0.542999
0.245682 0.841079 0.360581 0.205008 0.091220 0.521668
0.140043 0.853171 0.515246 0.478953 0.079541 0.593403
-0.341711 0.423017 -0.061381 0.858564 0.574797 0.214207
-0.148870 0.385951 -0.125435 0.746213 0.339410 0.259704
0.069167 0.496292 -0.157570 0.720748 0.207695 0.434899
-0.230993 -0.341631 -0.083623 1.164264 -0.232003 0.133773
0.389608 0.004875 0.608227 0.402567 0.199533 0.019938
-0.047304 0.861026 0.306944 0.371262 0.463494 0.066787
0.191967 0.709262 0.380999 0.493197 0.452371 0.514388
0.207350 0.825525 0.298975 0.580681 -0.139101 0.790315
-0.301691 0.708510 0.229027 0.516046 0.304759 0.374767
