-0.447938 0.367144 0.390068 0.677590 0.231331 0.189420
-0.796957 0.002866 0.303440 -0.351172 0.501742 -0.365823
0.070085 0.630433 0.342352 0.520680 0.118755 0.764709
0.065202 0.397182 0.400680 0.379169 -0.100694 0.026158
-0.640246 0.093813 -0.818577 0.066353 -0.617226 -0.133686
-0.054685 0.158801 0.449105 -0.253352 -0.037994 0.884178
-0.488297 0.099163 0.864555 0.387475 -0.136492 -0.632727
0.203942 0.311649 0.090092 0.651517 0.272899 0.167493
-0.747241 0.567247 0.045688 0.161232 -0.174289 -0.417442
-0.573751 0.782040 -0.154172 0.287049 -0.348858 -0.288358
-0.069255 -0.116226 -0.210390 0.327538 -0.592152 -0.597295
-0.803924 -0.033840 0.130084 0.622715 -0.307487 0.039028
0.176697 -0.718851 0.557054 0.008473 0.259608 0.191679
-0.187287 0.843965 -0.127513 0.208028 -0.242275 0.012525
0.178762 0.153583 0.071499 0.462857 -0.052554 0.060360
-0.284671 0.034612 0.287027 0.293181 -0.985373 0.405793
-0.253714 -0.359971 -0.062690 0.652454 -0.754924 -0.384383
0.308131 -0.106385 0.569385 0.143091 -0.411469 -0.042316
-0.144592 -0.040911 0.011800 0.693144 -0.497767 -0.557706
-0.147779 0.497712 0.317238 0.638603 -0.584205 0.051676
-0.746715 0.441999 -0.022176 0.809712 0.145322 -0.033255
-0.399303 0.083438 -0.120913 -0.227552 0.249269 0.277477
-0.795720 -0.249930 0.126979 -0.088295 -0.189036 0.647606
-0.583252 -0.303064 -0.417634 0.679636 -0.287469 -0.409812
-0.612791 -0.121371 0.784663 0.126629 -0.552342 -0.754199
-0.609643 0.622462 -0.365647 0.308638 -0.392822 -0.609051
-0.974587 0.394983 -0.307937 0.475227 -0.009781 -0.181374
0.138111 -0.066832 0.616090 -0.240869 0.639240 0.418381
-0.509891 0.429249 0.051058 0.364926 -0.160095 0.126991
-0.327425 -0.247135 0.072056 1.020082 -0.536653 0.461159
-0.887870 0.534668 -0.080407 0.716668 -0.659238 0.101575
-0.737896 0.896784 -0.444753 0.688166 -0.005547 0.855037
-1.012034 0.686934 -0.003127 0.233344 0.299478 -0.186274
-0.065089 0.269530 -0.131151 0.787267 -1.284036 -0.746510
-0.683317 -0.156985 0.416046 0.408223 0.600549 0.159035
-0.239923 0.145216 0.422673 0.362548 0.032130 0.441061
0.248484 0.187482 0.650935 1.051797 -0.661943 0.572688
-0.263350 0.130381 0.572558 0.522139 0.188016 0.105182
-0.433208 0.053078 -0.668955 0.039023 -0.505540 -0.549471
-0.100571 0.581836 0.059406 0.584755 -0.426147 -0.488041
0.000270 0.389495 0.516870 0.183808 -0.193781 0.318954
-0.627504 -0.057701 0.416322 0.609251 -0.262221 0.337184
-0.912963 0.547801 -0.340572 -0.173163 0.195854 0.206597
-0.802053 0.215790 0.610165 0.115610 -0.105126 0.074930
-0.195272 0.086507 0.579758 0.428625 0.175928 -0.072472
-0.134030 -0.339086 -0.055445 0.794173 -0.503101 -0.091412
0.216778 -0.627801 0.284297 0.840911 -0.105005 -0.241170
-0.822493 0.331996 0.178111 0.570182 0.144374 0.699526
-0.501827 0.675554 -0.716150 0.579386 0.008289 -0.035807
-0.088630 0.733107 0.054584 -0.043099 -0.477421 0.117580
-0.010964 -0.422137 0.431607 1.016586 -0.842398 -0.053342
-0.482687 0.025219 0.531422 0.366915 0.259039 -0.473760
-0.705929 0.662379 0.169479 -0.403926 0.727531 0.090799
-0.275561 -0.345608 0.807179 0.616171 -0.292291 0.252274
-0.773316 -0.046974 0.075793 0.502326 -0.409337 -0.406139
-0.229661 -0.028925 0.509388 0.350561 0.277517 -0.074788
-0.390855 -0.359125 0.101501 0.482780 -0.434884 0.102097
-0.349967 0.039099 0.520894 0.218329 -0.226278 -0.113147
-0.767521 0.593633 0.122780 0.148938 -0.354863 0.022462
-0.644428 0.069499 0.225440 0.746592 -0.467095 -0.072506
-0.058277 -0.755393 0.395062 0.553817 -0.739484 0.004867
-0.380408 0.151021 0.081727 0.346213 0.313629 0.305006
0.008254 -0.237332 0.349072 0.745095 0.023710 -0.316268
0.308131 -0.106385 0.569385 0.143091 -0.411469 -0.042316
-0.379936 -0.886764 -0.337143 0.475004 -0.219979 -0.268999
-0.576275 -0.199800 -0.408273 1.137091 -0.102458 -0.635904
-0.721021 -0.015141 -0.026846 0.740788 0.243967 -0.544963
0.037726 -0.285492 -0.200096 -0.374109 0.711898 0.184689
-0.744324 0.129673 0.295922 0.467475 -0.443550 -0.369029
-0.528681 0.484831 -0.068795 0.559941 -0.509150 -0.461422
-0.285954 -1.195521 0.018708 0.322454 -0.153210 -0.052157
-0.116349 0.745033 0.034485 0.694169 -0.172431 0.017848
-1.026628 0.617471 -0.481536 0.121935 0.060104 -0.505437
-1.023407 0.353228 -0.273352 0.307214 -0.014904 -0.323894
-0.688329 0.103060 0.774639 0.474779 -0.077631 0.453560
0.222331 -0.552543 0.249183 0.680208 -0.227276 -0.298572
-1.061552 0.187959 -0.386487 0.475450 -0.577515 -0.191452
-1.434386 0.173955 -0.605895 -0.182264 -0.190327 -0.959216
0.210139 -0.621497 0.803042 0.518567 0.177227 -0.044072
-0.338146 -0.260341 -0.171374 0.767573 -0.075614 -0.546991
-0.475599 0.297465 0.314420 0.345088 -0.260176 -0.565519
-0.296157 -0.905038 0.164564 0.588129 0.012386 -1.049944
-0.049270 0.298393 0.339590 0.359602 -0.296572 0.351677
-0.121275 -0.188054 -0.153665 0.103631 0.012037 -0.205247
-0.160132 -0.178000 0.171425 0.614283 -0.331451 -0.242687
-0.647445 0.229230 0.498445 0.551948 -0.483781 -0.344489
-0.465255 0.040962 -0.355270 0.694673 -0.096832 -0.535408
0.188611 0.474837 -0.251802 0.603009 0.360105 -0.337168
0.184457 -0.528177 0.266620 1.159605 -0.340400 -0.108882
0.077279 0.790971 0.613978 0.554340 -0.013645 0.659504
-0.231770 0.027903 0.493207 0.664684 0.431325 0.407698
-0.016998 0.963573 0.744921 0.360384 0.292795 0.512452
0.125286 0.346121 0.589924 0.947527 0.230847 -0.255813
0.616224 -0.133374 0.697815 0.579222 0.196867 -0.077452
0.342690 0.954128 0.726874 0.437570 0.029938 0.387205
-0.204325 0.419514 -0.146814 0.507379 0.461786 -0.172614
-0.007051 0.684703 0.165476 0.598104 0.240621 0.493042
-0.262333 0.504003 0.018874 0.671058 0.174432 0.224001
0.276815 0.832492 0.476532 0.464862 0.156781 0.555194
0.252723 0.754135 0.610119 0.570188 0.197335 0.264281
0.344356 0.643252 0.680035 0.577730 -0.190817 0.261546
0.037157 0.791823 0.162996 0.590020 0.043006 0.521850
0.105700 0.775169 0.377368 0.566924 0.127240 0.632933
0.185725 0.771160 0.285565 0.481056 0.413891 0.510327
0.187341 0.605859 0.337979 0.659950 -0.053958 0.296011
0.099661 0.215252 0.570758 0.681932 -0.621941 0.622091
-0.001015 0.905046 0.704527 0.418480 0.019773 0.472406
0.172299 0.815500 0.512453 0.496486 0.071822 0.671088
0.087705 0.820778 0.518159 0.503188 0.007625 0.560316
0.288107 0.725168 0.437904 0.540070 0.200939 0.739617
0.132956 0.822530 0.295334 0.275988 -0.225016 0.787175
0.155225 0.756835 0.465256 0.505712 0.085539 0.433486
0.245579 0.663240 0.211453 0.576741 0.121879 0.649271
0.002498 0.753464 0.407346 0.621449 -0.200007 0.319593
