-0.020600 0.456372 0.594056 -0.237576 -0.054402 0.787854
-0.777551 0.510336 0.013527 0.491229 0.183516 -0.161177
0.363043 0.114038 0.213715 0.620945 0.013792 -0.576277
-0.287155 -0.794219 -0.047504 0.441575 0.184280 -0.278301
-0.677981 0.476023 -0.007957 0.567340 -0.154440 -0.020691
-0.684447 1.146761 -0.645510 0.185962 0.006443 0.819869
-0.194770 -0.282387 0.500237 0.958164 -0.427009 0.194895
-0.437095 0.427321 -0.271670 0.108029 -0.350270 0.001118
-0.238778 0.018525 0.093045 0.362799 -0.459071 0.909606
-0.260075 0.145453 -0.616211 0.021236 0.451760 -0.300031
-0.603459 -0.351077 0.285450 0.619265 -0.484890 0.171255
-0.421764 -0.548703 -0.146429 0.396646 0.093352 -0.152282
-0.023112 -0.007608 0.460746 0.307725 0.215948 0.112186
-0.757435 0.030314 -0.408200 0.608398 0.093297 -0.329388
-0.643639 0.179095 0.578572 0.582642 0.254516 -0.400138
-0.234665 0.315977 -0.166911 0.346345 -0.051458 0.282756
-0.488061 0.367885 0.569875 0.200722 -0.263684 0.189495
-0.619153 0.719715 0.002887 0.581828 -0.375408 0.279399
-0.839645 -0.287574 -0.071115 0.650810 -0.301967 -0.090399
-0.921667 0.117952 0.458121 0.892414 0.139638 0.091577
-0.175904 -0.026348 -0.028627 0.017270 -0.406349 -0.217798
-0.260003 0.431723 -0.012337 0.938314 -0.022322 -0.415653
0.045378 -0.344005 0.723291 0.615259 -0.218992 -0.003908
0.132607 0.184611 -0.285306 0.350971 0.724560 0.468332
-0.843633 -0.007102 -0.121356 0.191159 -0.010204 -0.310995
-0.181160 0.132804 -0.059701 0.349983 -0.352443 0.889373
0.185149 -0.784262 -0.123425 0.797040 -0.319196 -0.490012
-0.566884 0.124584 0.133885 0.186033 -0.423527 -0.868915
-0.249954 -0.064352 1.016445 0.210512 -0.529157 0.072783
0.014206 -0.878781 0.168244 0.660796 -0.564210 0.049880
-0.273911 0.382551 -0.055628 1.050451 -0.290973 -0.368818
-0.269158 -0.488609 -0.386751 0.663257 -0.011196 -0.272407
-0.289028 0.223129 -0.409168 0.516150 -0.041067 -0.303759
-0.880813 0.062761 -0.721664 0.630739 -0.091446 -0.430256
-0.366921 0.422757 0.304392 0.239852 -0.317295 0.877063
-0.140228 -0.135084 0.187473 0.560892 -0.125201 0.150034
-0.654616 0.356131 -0.034900 0.858442 -0.024690 0.271697
0.119538 0.578427 0.248964 1.014942 -0.135893 0.462386
-0.567455 -0.082723 -0.119206 0.042436 0.096333 -0.217876
-0.386995 0.368024 -0.289247 0.161367 -0.695077 -0.143121
-0.057538 -0.246718 0.098102 0.441319 -0.298572 -0.210014
-0.589804 -0.416307 -0.254817 0.820456 0.303146 -0.434443
0.016653 0.458134 0.459874 0.500747 -0.322405 -0.656525
0.148067 0.486035 0.564928 0.615461 -0.306098 0.345194
-0.394587 0.769271 0.301378 -0.434338 0.163529 -0.073247
-0.750312 0.889359 0.029981 0.616248 0.034898 0.164708
-0.659204 0.788733 -0.062019 0.770875 -0.069995 -0.393120
-0.808153 -0.364253 0.060720 0.606861 -0.670443 -0.036046
-0.629631 -0.358916 -0.168269 0.873025 -0.794478 0.058391
0.101510 0.422513 -0.026701 0.577885 -0.090190 -0.036036
-0.514326 0.125994 -0.148786 0.544048 0.162903 0.333096
-0.143946 -0.023294 -0.095729 0.176944 -0.437273 -0.696382
-0.498741 0.782924 -0.310143 0.100450 -0.090144 0.259099
-0.297976 0.105885 -0.403789 0.780705 0.087216 0.030800
-1.279257 0.206418 -0.586996 0.410505 -0.276015 -0.316685
-0.440796 0.533455 -0.039427 0.377171 0.206202 0.293671
-0.163619 0.639342 -0.015736 0.019316 0.253094 0.072628
-0.527832 -0.304750 -0.409028 0.286647 -0.236090 0.042161
-0.451842 -0.158833 -0.564779 0.700098 -0.629712 -0.385953
-0.384144 0.767427 -0.051596 -0.015795 0.241169 -0.239510
-0.203034 0.329201 -0.081539 0.303889 0.422659 0.577991
-0.988265 -0.253860 -0.329014 0.889578 -0.167505 -0.792955
-0.205558 -0.083872 0.238560 0.427525 -0.677298 -0.196528
-0.337339 0.056264 0.156493 0.270050 0.032775 -0.147807
-0.703400 -0.004145 0.093398 0.644079 -0.571023 -0.152258
-0.401816 -0.400887 0.156198 0.574823 0.352123 -0.303431
-0.229090 -0.148115 0.801763 0.815447 0.381923 -0.114852
-0.651849 0.660726 0.358841 -0.105927 -0.327233 0.299928
-0.477147 -0.599598 -0.037878 0.957028 -0.750142 -0.621408
-0.484576 -0.504491 0.579086 0.757819 -0.087296 -0.182352
0.299403 -0.204488 0.292561 0.719060 -0.117687 0.040609
-0.332499 1.041665 0.435646 0.234747 -0.460252 0.150186
-0.216857 -0.804773 0.631532 0.699310 -0.486887 0.286649
-0.239386 0.414839 0.332750 0.746231 -0.506655 0.454687
0.010638 0.752902 0.503859 0.434743 0.255196 0.332638
0.120044 0.862999 0.692698 0.309682 0.174329 0.568660
-0.264287 0.224084 0.527778 0.446932 0.183878 -0.154036
0.111735 0.725759 0.466561 0.275548 -0.133521 0.717504
0.040157 0.876036 0.662385 0.276839 -0.066723 0.618006
0.163315 0.344951 -0.011134 0.350354 0.146429 -0.093499
