-0.664778 0.257812 -0.286284 0.111954 0.052752 -0.333480
-0.853659 -0.395030 0.331369 0.402768 -0.359129 -0.599763
-1.175660 1.008123 -0.176815 -0.109629 -0.038218 -0.104170
-0.501685 0.220813 0.514112 0.824186 0.235132 -0.001950
0.552200 0.943215 0.379267 0.742208 -0.737026 0.646122
0.300927 0.492940 -0.306450 0.220436 0.225667 0.473065
-0.467328 0.340506 -0.299576 -0.014904 0.187988 0.737461
-0.131064 0.315691 -0.149214 0.127418 -0.223828 0.161803
-0.842750 0.844621 -0.097284 -0.123119 0.699970 0.294577
-0.554695 -0.577273 -0.226640 0.968147 -0.160219 -0.993469
-0.694659 0.853258 -0.047700 0.413289 0.607363 0.502902
-0.633187 0.548666 -0.193774 0.259575 -0.152697 0.307294
-0.590680 -0.414273 -0.052415 0.900306 -0.134083 -0.659607
-0.383251 0.394836 0.154945 0.672205 0.208537 0.228722
-0.980067 0.452049 -0.092575 -0.224698 -0.045032 0.248529
-0.443397 0.159030 0.055803 -0.116240 0.455658 0.403959
-0.366753 -0.210784 0.130514 0.505067 -0.054436 -0.280235
-0.544109 -0.192918 0.015972 0.753326 -0.149018 -0.248409
-0.607690 -0.248404 -0.006522 0.929341 0.204284 -1.043381
-0.161537 -0.601275 -0.043956 0.878512 -0.051053 -0.190656
-0.331522 0.028826 -0.479706 0.826664 -0.413846 -0.334186
-0.566835 0.287974 0.402795 -0.014257 -0.679250 -0.112627
-0.535231 -0.114720 0.102656 0.340500 -0.148909 0.407567
-0.685321 0.317544 0.315628 0.149912 -1.293715 0.001027
-0.464985 0.302074 0.016785 0.282243 0.193659 -0.313686
0.039560 0.348502 0.096616 0.225516 -0.733465 0.486639
-0.528741 0.028840 -0.800939 0.588345 0.066510 0.068833
0.288154 0.127946 0.647588 0.670791 -0.060577 -0.046688
-0.470184 0.368877 0.231314 0.028103 0.237099 0.128774
-0.131408 0.361616 -0.276589 -0.443661 0.067326 0.000507
-0.206458 0.094651 0.344904 0.486747 0.041256 0.534065
-0.380136 -1.002350 0.251925 0.661412 -0.476234 -0.426020
-0.318598 -0.415390 0.222277 0.488554 0.534428 -0.021545
0.123505 -0.358014 0.207515 0.245633 -0.326782 0.275026
-0.054231 -0.168674 0.295116 0.674368 -0.389873 -0.153517
-0.069830 0.474850 -0.257202 0.550419 -0.196895 0.173626
-0.178949 -0.306599 -0.034252 1.142098 -0.077485 0.201685
0.176257 1.071705 0.434408 0.103847 0.105879 -0.055546
-0.302237 -0.540352 -0.007606 0.089184 0.291361 -0.343048
-0.271021 0.685269 -0.815413 0.294035 -0.200886 0.174000
-0.265847 -0.273001 0.508787 -0.104247 0.476101 -0.043808
-0.141875 -0.215404 0.175262 0.155583 -0.186054 -0.246534
-0.130523 -0.309128 0.259467 0.527176 -0.513752 0.637790
-1.171444 0.489530 0.085301 0.469646 -0.031129 0.513307
-0.545177 0.046851 -0.354347 0.958462 0.331417 0.088621
-0.427681 0.667283 -0.199023 0.439494 -0.388989 -0.080430
-0.184980 -0.166516 -0.075757 0.877221 0.227953 -0.335796
-0.494590 -0.137065 0.156173 0.183963 0.452300 0.237712
-0.769029 -0.045307 0.462196 0.596090 -0.186083 -0.427727
-0.314582 -0.044630 -0.249110 0.292360 -0.675697 -0.067921
-0.182129 -0.582767 0.421000 1.249204 -0.210423 -0.090877
0.003240 -0.079289 -0.190071 0.271170 0.089405 0.417948
-0.503955 0.534477 0.526081 -0.044525 -0.057292 0.392221
-0.557595 0.647050 0.226751 0.442987 -0.068317 0.263844
-0.732289 0.561142 0.093797 0.678018 -0.059380 0.477903
-0.853789 0.813421 0.437003 0.450710 0.180046 0.207998
-0.355829 0.019656 -0.053572 0.417020 -0.029931 -0.030351
-0.752798 0.574698 0.143896 -0.071072 0.138063 0.345958
-0.376588 -0.021737 0.338958 0.319295 -0.647277 0.025730
-0.079450 -0.119430 -0.155312 1.195366 -0.146692 -0.386786
-0.398483 -0.270665 -1.019080 0.402796 -0.160181 -0.376747
-0.190995 -0.030176 -0.174151 0.848698 -0.316797 -1.007353
-0.465851 0.029030 0.235395 -0.280610 -0.344950 0.240554
-0.305277 0.205426 0.126298 -0.095251 0.039993 -0.331394
-0.383572 -0.122654 -0.092857 0.815205 -0.476927 0.372495
-0.047230 0.205210 0.112273 -0.339339 -0.442954 -0.242695
-0.141599 0.266585 0.206051 0.184188 -0.425137 0.237043
0.010805 0.000974 -0.226088 0.351540 0.237921 -0.083378
-0.407472 -0.515314 0.027844 0.852130 -0.300948 -0.567392
0.079987 0.087740 0.219675 0.322251 -0.390027 0.107716
-0.309201 0.368067 0.198272 0.584332 0.355429 0.323821
-0.013531 0.091611 0.644099 0.565976 -0.302396 0.028402
-0.141875 -0.215404 0.175262 0.155583 -0.186054 -0.246534
-0.130497 -0.703001 -0.661534 0.375712 -0.588001 -0.259276
0.220992 0.617098 0.412752 0.794480 -0.199694 0.166173
-0.190594 0.650269 -0.027857 0.673971 -0.196067 -0.119888
0.180565 -1.333675 0.508642 0.707140 -0.412616 0.512053
-0.144378 -0.080763 0.284693 0.617062 -0.512039 -0.232632
-0.913129 -0.218087 0.201372 0.798243 0.037450 -0.735556
-0.050596 -0.588385 0.153241 0.736263 -0.892510 -0.248201
-0.276547 0.085116 0.170709 -0.089322 -0.061185 0.002500
-0.110472 0.162898 -0.436094 0.785104 -0.400356 0.167545
0.014382 -0.712556 0.436890 0.662524 0.090917 -0.465265
-0.092558 -0.125698 0.633045 0.791285 -0.277820 0.068195
-0.565827 -0.085577 -0.327862 1.065705 -0.173388 -0.425876
-0.193441 0.063579 0.348375 0.876283 -0.337599 -0.162969
-0.336105 0.185624 -0.118894 -0.046830 0.201345 -0.180338
-0.621195 0.010965 -0.135328 0.599390 0.555161 -0.012510
-0.845673 -0.027711 -0.486677 0.233705 -0.273672 -0.789149
-0.383955 0.307839 -0.062106 0.636130 -0.232514 0.334058
-0.319273 0.326837 0.168191 -0.121599 -0.598226 0.067836
-0.521321 -0.100309 0.448892 1.356605 -0.263171 -0.474186
-0.196747 0.456700 -0.109807 0.732927 0.472345 -0.174624
-0.780483 0.049188 -0.093774 -0.146362 -0.881427 -0.408009
-0.507910 0.525947 0.214534 0.599354 -0.112638 -0.234829
-0.311985 0.508658 0.029661 0.287707 -0.307251 0.742845
0.223770 0.660276 0.063687 0.676120 -0.089703 0.683310
0.063488 0.795652 0.628623 0.343673 0.004008 0.416057
0.313606 0.637502 0.222619 0.575996 -0.029484 0.728323
0.086109 0.903110 0.477277 0.438101 0.101656 0.530856
0.083949 0.949759 0.211012 0.501225 0.221308 0.516969
-0.075144 0.971314 0.888322 0.603394 0.281591 0.513157
-0.230713 0.948290 0.556092 0.346137 0.227012 0.363903
-0.100382 0.616197 0.344053 0.478415 0.311209 0.133966
0.046438 0.707207 0.405539 0.518697 0.321945 0.329722
0.269791 0.839414 0.485159 0.431908 0.248679 0.654179
