-0.196892 -0.097110 -0.002007 1.102040 -0.518354 0.115458
-0.236494 0.160972 -0.052130 0.499041 0.051093 -1.031121
-0.191502 -0.682214 0.027507 0.980211 -0.993838 -0.441042
0.220640 1.121837 -0.204670 0.555904 -0.215901 0.647223
-0.567208 0.183915 0.390157 0.197876 -0.238371 0.544683
0.006998 -0.801903 -0.512648 0.381042 -0.411421 0.031985
-0.382312 0.585245 0.467741 0.314484 0.357230 -0.178976
-0.424034 -0.886800 0.280367 0.190821 0.093211 -0.007462
-0.206235 -0.305080 0.186776 1.306359 -0.433008 -0.264579
-0.295282 -0.244006 -0.139695 -0.051951 -0.226710 0.378170
0.058333 -0.203513 0.002693 0.183547 0.195391 -0.459077
-0.328091 -0.111718 0.031390 0.521939 -0.080611 -0.040483
-0.311845 -0.289146 0.220709 0.189840 0.006322 0.024155
0.178504 -0.274178 -0.124412 0.727432 -0.711459 -0.206941
-0.328439 -0.585829 -0.405273 0.018815 -0.057563 0.352502
-0.646491 0.300685 -0.047591 0.398106 0.469342 0.129505
-0.096301 -0.487333 0.036107 1.017252 -0.738486 -0.194431
-0.407077 -0.295379 -0.528166 0.143113 0.083683 0.432218
-0.615783 0.115887 -0.510627 0.849496 -0.200028 -0.548310
0.331104 1.199813 -0.082461 0.529179 -0.516562 -0.169073
-0.564981 -0.385283 0.278419 0.809279 -0.386490 -0.183004
0.097760 0.029250 -0.297695 0.847315 -0.232982 -0.484816
-0.281675 -0.396261 0.551937 1.378729 0.205066 -0.187265
-0.482077 0.551039 0.320384 0.376189 -0.243258 0.520648
-0.344335 -0.073083 0.400464 0.622273 -0.254237 0.432796
0.013847 0.105523 -0.218946 -0.192067 0.093937 -0.107458
-0.703767 0.133230 0.053979 0.213323 0.213217 0.241843
0.200038 -0.249116 0.476536 0.914985 -0.314178 -0.920565
0.250753 0.277032 -0.499607 0.214447 0.566979 0.053234
-0.093713 -0.494885 0.362168 -0.264723 0.348347 -0.051505
-0.062414 0.755177 -0.060806 0.580437 0.108659 0.284394
-0.388010 0.243168 -0.116083 0.418125 -0.150257 0.631024
-0.433229 0.151883 0.084837 0.517558 -0.035921 0.404414
-0.456198 -0.273212 0.493318 0.132178 0.030814 0.472609
-0.291251 -0.650732 0.197645 1.374085 -0.007830 -0.511275
-0.729875 0.144098 0.499948 0.168766 -0.370598 0.591498
-0.774147 -0.826938 -0.184178 0.717883 -0.208408 -0.493764
-0.334556 0.759842 -0.303437 0.292045 0.073103 -0.053534
0.148558 1.229825 -0.872786 0.367742 -0.080081 -0.634899
-0.319108 0.734172 0.041244 0.249064 -0.704593 -0.692326
0.178614 1.643753 -0.543603 0.072497 -0.298585 0.087046
-0.454567 0.254962 -0.132946 0.577424 -0.067379 -0.443135
-0.174692 -0.214320 0.304905 0.397320 -0.598422 0.056618
-0.142055 0.058379 0.595354 -0.681876 0.099470 0.901154
0.006776 -0.654660 0.299248 0.875296 -0.217172 -0.373839
-0.744571 0.067775 -0.911760 -0.163294 -0.484359 -0.690700
-0.835950 0.230942 0.088404 0.621342 -0.234490 0.142113
-0.330890 -0.379900 0.228045 0.408165 -0.789524 0.195830
0.017891 -0.118300 -0.026053 0.767899 -0.746045 -0.047964
-0.445251 1.178713 -0.722142 0.627692 -0.481189 -0.150548
-0.234369 -0.257113 0.074630 0.991130 0.541413 -0.440273
-0.271497 0.340107 0.079119 0.481109 -0.512844 -0.414444
-0.230413 0.415242 -0.172928 0.660130 -0.348106 0.596273
-0.461522 -0.430843 -0.588480 0.734353 0.500341 -0.343004
-0.251770 0.653685 0.278754 0.512507 -0.338676 -0.240662
-0.609793 1.161927 -0.434027 0.181408 -0.127412 0.347770
-0.251966 -0.397345 -0.188070 0.172127 -0.155917 -0.601696
-0.357228 0.367596 -0.041357 0.224819 -0.145371 -0.069339
-0.490389 0.603307 0.158476 -0.108270 -0.415211 0.147308
-0.563120 0.095760 -0.363134 0.228472 -0.273992 0.176003
-0.367581 -0.171076 -0.655853 0.979993 0.248760 -0.443411
-0.248339 0.119619 -0.280137 -0.052789 -0.292058 -0.421130
0.564861 -0.325763 0.304206 0.648195 -0.461359 -0.069620
-0.717392 0.568491 -0.095874 0.143346 -0.040867 0.330066
0.190859 0.898535 0.547978 -0.149668 -0.618648 0.122333
-1.120567 -0.075158 -0.345241 0.258009 -0.535984 -0.019277
-0.526565 0.541231 -0.159134 0.628798 0.316602 -0.558624
0.034956 0.254473 0.175124 0.322227 0.073644 -0.554084
-0.456916 0.204501 -0.132062 0.796233 -0.086098 -0.201669
-0.838658 -0.753831 -0.415441 0.786261 0.327821 -0.537040
-0.513226 0.657229 -0.303459 -0.085865 -0.085690 0.087669
0.233251 -0.122068 0.190339 0.110237 -0.038255 -0.131264
-0.307173 0.431467 0.039626 0.529161 -0.544528 0.203283
0.330573 -0.748821 0.308232 0.524750 -0.539045 -0.392015
-0.294725 0.634515 -0.155552 0.139591 -0.056594 0.083552
-0.238371 0.700564 0.062067 -0.060601 0.038296 0.162383
-0.470091 0.856340 -0.120741 0.483796 -0.462193 0.297019
-0.213015 0.821466 -0.497473 0.098878 0.127655 0.210636
-0.793141 0.921048 -0.365206 0.403550 -0.628381 0.429013
-0.071800 -0.369770 -0.194756 0.621543 -0.219587 -0.563502
-0.768819 0.247495 0.024366 0.400193 -0.479414 0.515649
-0.457623 -0.088683 0.250010 0.842921 -0.466647 -0.084866
-0.499178 -0.509232 0.016117 0.290602 0.044783 0.508010
-0.196667 0.131342 -0.929213 0.738118 -0.566303 -0.018926
-0.468939 -0.205790 0.252602 0.300230 -0.833908 0.138239
-0.682914 -0.305644 0.049408 0.051534 -0.358012 -0.318309
-0.054356 0.110154 -0.384129 0.435244 -0.788265 -0.363110
-0.144955 0.166455 -0.408085 1.071865 -0.100544 -0.391280
0.052330 -0.064730 0.415273 0.241310 -0.540853 0.182957
0.019370 0.678521 0.176301 1.047286 -0.505241 -0.117978
-0.136780 -0.026544 0.605455 0.272320 -0.510534 0.068618
0.013055 -0.069224 0.643101 0.183614 -0.578973 0.163708
-0.262383 -0.699050 -0.191800 0.502884 0.120730 -0.701110
-0.523191 -0.449605 -0.202148 0.775484 0.162745 -0.957411
0.309675 0.089338 0.863773 1.298417 0.265131 0.423529
-0.122335 0.405389 0.579987 0.181885 -0.055653 0.217616
0.044922 0.269830 0.539502 0.227077 0.448969 -0.102183
-0.755552 0.959362 -0.374498 -0.253824 -0.760655 0.516232
-0.714525 -0.285700 -0.113976 0.760961 0.027454 0.034386
-0.212122 0.227216 0.361056 0.239337 0.115193 -0.119876
-0.425337 0.255733 0.557766 0.581201 0.373403 0.173958
-0.288522 -0.263462 0.448631 0.211013 -0.176038 0.148405
-0.467252 -0.219451 0.231212 0.544544 -0.159517 0.363537
0.012231 -0.256302 0.197687 0.618584 -0.318072 -0.437549
0.072854 0.350005 0.405751 0.533794 -0.286296 -0.210284
0.033200 -0.034788 -0.835672 1.083353 -0.326872 -0.473348
-0.145128 -0.232411 0.072428 0.060793 0.063436 0.394730
-0.285156 0.221074 0.617873 0.540980 -0.473473 -0.178610
-0.715786 0.119448 0.099708 0.760600 -0.200541 0.184653
0.134776 0.789194 0.398232 0.867933 -0.140050 -0.080147
-0.122650 -1.034137 0.514238 1.589743 -0.639168 -0.252923
-0.044509 -0.600386 0.657136 0.641291 -0.418559 -0.269911
0.275809 -0.048493 0.067129 -0.054363 -0.106735 -0.260414
-0.943940 0.156616 -0.563184 1.060808 0.313402 -0.212785
-0.287256 0.328865 0.133777 0.264965 0.232335 -0.445468
0.093842 0.530497 0.427257 0.980935 -0.166578 0.124645
-0.343995 0.490737 0.566953 0.310440 -0.321082 -0.207863
-0.359494 0.229602 0.288121 0.223980 -0.564529 -0.293639
-0.689308 0.266044 0.267819 0.300675 -0.179390 0.577358
-0.665904 -0.416518 0.124252 0.391411 -0.205155 -0.274601
-0.473337 0.061146 -0.009404 0.348486 -0.232903 0.325578
-0.631818 0.450713 -0.120164 0.163441 -0.099266 -0.355171
-0.352345 0.299807 -0.069031 0.563333 -0.091568 -0.483748
-0.315962 -0.291117 -0.027946 0.671840 -0.272757 0.108455
-0.707968 -0.256691 -0.040189 0.571221 -0.418788 0.370767
-0.285696 -0.235598 0.028030 0.948947 -0.118065 -0.302767
-0.135523 -0.634168 0.201125 0.188816 -0.506163 -0.238971
-0.177153 -0.308132 -0.030789 0.294143 -0.544968 -0.569509
-0.121678 0.109221 -0.893551 1.129664 -0.536865 -0.310307
-0.808127 0.037481 0.146523 0.086596 -0.735113 0.477319
-0.153292 0.635364 0.371979 0.870230 -0.583679 -0.239112
-0.435955 0.588739 -0.084431 0.326761 -0.135943 -0.357059
-0.380914 0.527294 -0.124769 0.248479 0.146302 0.113869
-0.181932 -0.302131 0.201698 0.375719 -0.453998 0.101700
-0.603186 0.412961 -0.220664 0.118291 -0.442759 -0.148344
-0.528713 0.455012 -0.494073 0.283476 0.358069 0.627176
-0.291919 -0.025885 0.101497 0.940543 0.246190 0.417648
-0.023591 0.233836 -0.701480 0.233532 -0.551202 -0.354748
-0.002090 0.858337 0.447518 0.683508 -0.156840 -0.088991
0.248431 -0.325964 0.645150 0.015074 -0.329472 -0.771499
-0.059875 -0.089754 0.785446 1.046342 -0.502821 -0.346902
-0.626784 0.844183 -0.420965 0.652179 -0.281459 -0.922442
-0.686678 0.248569 0.113208 0.893700 0.079893 -0.942469
-0.197530 -0.081387 0.709392 0.978911 -0.661657 -0.175657
0.040861 0.449804 0.626922 0.707047 -0.134056 -0.300800
-0.622393 -0.092604 -0.085171 0.553842 0.262364 -0.214752
-0.022248 0.268626 0.048340 0.710443 0.339377 -0.702526
-0.033566 -0.303992 0.261002 0.443340 0.207399 -0.035276
-0.346649 -0.174949 0.419850 0.145972 -0.095590 -0.624457
-0.495016 -0.288293 0.542725 0.579945 -0.464941 -0.425233
-0.398991 -0.366343 0.279125 0.843684 0.014122 -0.281962
0.031111 0.206562 -0.102930 0.380209 -0.126746 -0.510326
0.090799 -0.613493 0.377159 0.643010 -0.539647 -0.390225
-0.397112 -0.123512 0.058417 0.348758 -0.673655 -0.347356
0.000483 -0.423737 0.568004 0.866155 -0.071769 0.129956
-0.342298 -0.759417 0.306374 0.498777 0.096021 0.053059
-0.241251 -0.454763 0.213334 0.738835 0.027442 -0.286561
-0.286767 -0.055549 -0.457028 0.947118 0.332234 -0.406224
-0.398407 0.599242 0.256689 0.579441 -0.027148 0.613410
-0.108559 -0.461877 -0.360625 0.764935 0.295958 -0.441286
-0.419151 -0.141326 -0.106653 0.727416 0.128343 -0.135168
-1.008344 0.339153 0.002422 0.218296 -0.608385 -0.181524
-0.284331 0.897222 -0.505553 0.689113 0.061178 0.169655
-0.484552 0.304390 0.216891 0.397348 -0.057067 -0.665042
-0.779712 -0.007981 -0.509078 0.189148 -0.498692 -0.042951
-0.439867 -0.052135 -0.246159 0.652680 -0.254345 -0.370278
-0.203766 -0.368479 0.555924 0.263596 0.378979 -0.122202
-0.274718 -0.141424 0.273480 0.266044 -0.247066 -0.353218
-0.778087 0.241175 0.260363 0.030591 -0.040990 0.199854
-0.321611 -0.088332 0.493900 0.866228 0.035161 -0.230741
-0.171857 -0.158363 0.325289 0.929194 -0.108853 -0.303477
-0.386476 -0.205502 0.214024 1.152101 -0.040799 -0.768668
-0.366122 0.236521 0.177723 0.770329 -0.208136 0.025892
0.045929 -0.066062 0.217621 0.809890 -0.396830 -0.692534
-0.324195 0.290975 0.493424 0.477099 -0.446868 0.066101
-0.279216 -0.047231 0.272980 0.852891 -0.458955 -0.031301
-0.774404 0.014316 0.459998 0.880096 -0.014727 0.068834
-0.512490 0.461922 0.257052 0.911882 0.030353 -0.221050
-0.078740 -0.090848 0.634434 0.815833 -0.204235 -0.140034
-0.595791 -0.279763 -0.848083 0.528321 -0.240788 0.333248
-0.494332 0.433417 -0.035190 0.343768 -0.385849 -0.368825
0.059118 -0.479052 0.119058 0.618682 -0.024706 -0.294083
0.314431 0.125630 0.233111 0.806617 -0.165864 -0.294652
-0.506329 0.704522 0.181713 0.789815 -0.129812 -0.320111
-0.876334 1.110098 -0.131165 0.307013 -0.605405 -0.523946
-0.731786 0.900979 -0.297155 0.202070 -0.270479 0.060673
-0.757034 0.417273 0.023913 0.383985 -0.308789 -0.519861
-0.477511 -0.129645 0.064131 0.877776 -0.615690 0.018552
-0.228132 -0.062585 0.738938 0.904438 -0.770376 0.299190
-0.737389 0.391301 0.064426 0.406039 -0.196950 -0.292538
-0.228536 0.101016 0.570374 0.912791 0.232449 -0.487480
-0.645273 0.039357 0.334773 0.342872 0.014994 0.021556
-0.647927 0.624777 0.258591 0.297676 -0.097952 -0.141510
0.223240 -0.560251 0.038176 0.558848 0.105511 -0.157196
-0.467521 0.038679 0.074688 0.190930 0.048231 -0.047230
0.212437 -0.574084 -0.182349 1.350751 -0.417008 -0.082977
-0.454384 -0.087050 0.311196 0.232281 0.019182 0.811359
-0.182338 0.349579 0.565239 0.923245 -0.007915 -0.047507
0.002600 0.365728 0.099492 0.892911 -0.296864 0.020274
0.357214 -0.065768 0.042796 0.922192 -0.398861 -0.359187
-0.059485 0.553096 0.165230 0.611286 0.223864 -0.234380
0.597522 -0.837634 0.836750 0.659015 0.019846 -0.159187
0.513967 0.700830 0.233857 0.159950 -0.530004 0.202978
0.062705 -0.117603 0.484168 0.648879 -0.254598 -0.299478
-0.666775 0.316571 0.086472 0.289120 -0.024460 -0.198688
-0.104749 -0.642132 0.472093 1.012611 -0.355888 -0.249657
-0.718136 0.830206 0.079335 0.250421 -0.273655 0.537426
0.047113 0.464600 0.005309 0.158460 -0.188190 -0.245060
-0.875571 -0.218952 -0.123334 0.645468 -0.406133 0.021356
0.069532 0.323419 -0.334528 0.997787 0.290533 0.089530
0.011692 0.098334 0.119553 0.387965 0.269770 0.337202
0.058480 -0.383235 0.716923 1.041065 -0.454504 -0.392871
-0.229036 -0.117518 -0.397868 0.435072 -0.716606 -0.233615
-0.501740 -0.547745 0.436640 0.354088 0.124332 -0.570836
-0.047294 -0.561467 0.558291 0.647451 -0.929972 -0.292361
-0.560251 0.394837 -0.088658 0.143639 0.239464 0.628567
-0.544893 0.090645 -0.392380 0.551985 0.429044 0.440483
-0.090376 0.144953 0.049390 -0.145068 0.264413 -0.254296
-0.294042 -0.109110 0.344663 0.835539 -0.416519 -0.432191
-0.563201 -0.046577 0.042271 0.387271 0.028147 0.373703
-0.169339 0.605229 0.336928 0.700695 -0.201903 -0.604676
0.545616 -0.546248 0.805051 1.001714 0.015047 -0.475049
-0.048469 0.276341 0.206402 1.119535 -0.310470 -0.119992
0.051338 -0.145561 0.432218 1.488568 -0.466919 -0.317415
-0.195635 -0.821535 0.613193 1.282285 -0.051754 -0.326090
-0.755461 0.050155 -0.855001 0.929165 0.182064 0.515763
0.251807 0.432477 0.112973 0.224210 -0.168709 -0.121628
0.026887 0.135628 0.226006 0.843160 -0.251024 -0.334185
-0.664815 0.058456 -0.052295 0.765871 -0.296236 -0.314887
-0.204066 1.339948 -0.882320 0.317689 -0.144413 0.002883
0.010822 0.472957 -0.187913 0.455636 -0.261895 -0.154475
-0.497368 0.545496 -0.582833 0.237440 -0.296115 0.365193
-0.371447 -0.436680 -0.369000 0.315272 -0.561796 -0.410990
-0.147137 1.103239 0.044973 0.269879 -0.366044 0.204804
-0.259297 0.884153 -0.116853 0.485035 -0.435618 0.075361
-0.185529 0.434085 0.155985 0.272661 -0.213726 -0.061418
-0.241016 -0.160259 -0.311246 0.194373 -0.874356 0.530453
-0.688589 0.168104 -0.071111 1.047277 -0.015278 -0.040073
-0.048841 1.122600 -0.453346 0.633426 -0.721179 0.023567
-0.019801 0.605505 0.406925 0.360471 -0.379651 0.159861
-0.067196 0.725161 -0.102054 0.660792 -0.824109 -0.137016
-0.076445 -0.377985 -0.256367 0.233628 0.181536 0.040076
-0.649070 -0.601122 0.617104 -0.053430 -0.409440 -0.293954
0.130393 -0.186552 0.353091 -0.024221 -0.675145 0.149195
-0.492855 -0.361339 -0.498298 0.431305 0.174745 0.306398
-0.598813 -0.435911 0.239989 0.285367 0.066000 -0.207022
-0.183505 -0.250844 -0.376005 0.713937 -0.330922 -0.026460
-0.657889 -0.245996 -0.227494 0.111484 -0.271951 -0.285124
-0.521214 -0.549352 -0.235255 -0.046206 -0.023805 -0.926828
0.416338 -0.474170 0.653106 0.646499 -0.650979 -0.114719
-0.838658 -0.753831 -0.415441 0.786261 0.327821 -0.537040
-0.611379 0.975686 -0.016833 0.442249 -0.044552 0.418774
-0.129648 0.197219 -0.469003 0.534192 0.356780 0.237731
-0.520402 0.631392 -0.021168 0.118804 -0.217501 0.159385
-0.660824 1.119317 -0.237877 0.258202 -0.113127 0.469720
-0.398370 0.742646 -0.578339 0.349431 0.056613 0.364013
-0.336655 0.898023 -0.694938 0.911486 0.128975 -0.427498
-0.139636 0.814424 -0.357593 0.681388 -0.267659 -0.204347
0.013055 -0.069224 0.643101 0.183614 -0.578973 0.163708
-0.056447 -0.237464 -0.211808 1.100479 -0.029028 -0.754485
-0.683225 0.073252 0.174446 0.819395 0.290932 0.352214
-0.780862 0.276615 0.390741 1.281982 -0.310325 -0.063859
0.094664 -0.548213 0.076889 0.436569 0.213312 -0.597921
-0.300980 0.757547 -0.061409 0.525117 0.200532 0.089311
-0.443676 -0.317373 0.484360 0.403823 -0.529321 -0.123240
-0.530382 0.016561 -0.344986 0.563352 0.459685 -0.361205
-0.122846 0.095422 0.154591 0.473994 0.105540 -0.123367
-0.377808 -0.077856 0.273242 -0.088429 0.053674 0.242253
-0.189843 0.026289 0.008624 0.602002 -0.487795 -0.246086
-0.840161 0.576092 -0.352519 0.264752 -0.017455 0.186771
-0.306117 -0.269689 -0.061431 0.351661 0.307826 -0.222116
-0.533337 -0.436838 -0.415401 0.336249 0.193166 -0.594358
-0.060909 -0.106530 -0.058783 0.124095 -0.274344 0.060967
-0.287457 -0.049047 0.060973 0.484186 -0.000317 -0.430672
-0.292501 -0.325882 -0.005765 1.029113 0.047965 -0.401797
0.210004 0.444782 -0.147428 0.604363 -0.496237 0.134752
-0.553913 0.502573 -0.391151 0.433982 0.178291 -0.127813
-0.638545 0.228810 -0.024761 0.259242 0.434855 0.473199
-0.640530 -0.177067 0.167928 0.356138 0.317135 0.523123
0.423173 -0.841030 0.304022 0.525605 -0.489417 -0.595984
-0.443910 0.025724 0.243800 0.446730 0.021937 0.535755
0.265450 -0.259159 0.157975 0.726889 -1.229970 -0.264195
0.309472 0.415774 -0.430850 -0.227668 0.095655 -0.121928
0.160807 0.961620 0.605339 0.393574 0.047279 0.564770
-0.226549 1.492246 -0.033900 0.671713 0.048975 0.671911
0.551655 0.787364 1.012794 0.701615 -0.093374 0.458768
-0.138600 0.727811 0.025700 0.882582 -0.151455 -0.027891
-0.042815 1.145641 0.201975 0.135249 -0.130900 0.321137
0.022809 0.870431 0.532191 0.413074 0.043075 0.532714
-0.127093 0.618900 0.182036 0.802270 -0.365072 0.575538
0.120459 0.972363 0.278117 0.712551 0.016022 0.286738
0.030225 1.002957 0.498051 0.062462 0.212188 0.414804
0.056190 1.068282 0.363795 -0.027711 0.139400 0.195456
0.331729 0.735355 0.206352 0.401236 0.408859 0.456894
-0.275052 0.760252 0.565218 0.492261 0.144905 0.213189
-0.260196 0.725782 0.653442 0.372828 0.286389 0.094114
-0.239416 0.393217 0.354866 0.817594 0.240764 0.028970
-0.243214 0.684834 0.206650 0.694682 0.201024 0.274713
-0.135792 0.695205 0.424701 0.579448 0.180350 0.324825
-0.208140 0.721405 0.298165 0.648309 0.201869 0.273376
0.145149 0.554789 0.050057 0.650169 -0.145995 0.728124
-0.071059 0.589305 0.037421 0.629338 0.427658 0.253310
0.111436 0.630699 0.397621 0.544970 -0.045545 0.519213
0.032678 0.443169 0.553074 0.609386 0.462261 -0.040111
0.261852 0.706207 0.318322 0.514529 0.159829 0.448151
0.236395 0.726271 0.375701 0.544843 0.019102 0.665423
-0.234704 0.741027 0.375792 0.349681 -0.087084 0.325740
0.115165 0.642490 0.193237 0.770150 0.279047 0.651243
-0.252032 0.308301 -0.058509 0.435410 0.441080 0.173919
