-0.360469 -0.943251 -0.078297 0.207285 -0.000969 -0.294408
-0.433705 -0.949785 0.329694 0.546259 -0.774945 -0.225015
-0.731614 -0.029691 -0.305704 0.323046 -0.022294 -0.552028
-0.561980 0.143031 0.226352 0.221631 -0.355919 -0.420878
-0.603653 -0.102431 -0.150439 1.089260 -0.156577 -0.278494
-0.676042 0.333071 -0.226625 0.345159 -0.363204 0.080142
-0.656990 -0.436191 0.536888 0.141385 0.234142 0.048549
-0.156140 -0.075798 0.117229 0.434142 -0.376437 -0.152351
-0.559035 0.037026 -0.010403 -0.264887 0.389924 0.073710
-0.594166 -0.558066 -0.673669 0.761344 -0.234082 -0.315637
-0.271423 -0.418804 -0.196592 0.936599 -0.633523 -0.798258
-0.544499 -0.054085 -0.506544 0.705912 0.125183 -0.263520
-0.155589 -0.317206 0.447281 0.996270 -0.609564 0.141425
-0.326053 -0.379958 -0.111585 0.512773 0.594266 -0.079149
-0.386705 0.303218 0.137575 0.306490 0.190698 0.120046
-0.542115 0.029789 -0.021062 0.309197 -0.208448 0.477252
-0.263344 0.932572 0.129022 -0.300983 -0.403148 0.581690
-0.813419 0.322726 0.406957 0.660216 0.125163 0.258488
0.254235 0.104026 0.530464 0.540816 -0.272375 -0.337274
-0.708117 0.427126 0.185824 -0.300099 -0.154119 -0.154753
-0.239582 0.041279 0.365035 0.911994 -0.396205 0.289183
0.179224 -0.163767 0.198064 0.057670 -0.146854 -0.400388
-0.300303 -1.074246 -0.244148 0.542281 -0.112506 -0.286776
-0.829417 0.451424 0.388572 0.639578 -0.004106 -0.025534
-0.811224 0.273244 -0.438697 0.550336 0.294366 -0.463578
-0.598023 -0.044551 -0.374572 1.008696 0.057072 -0.574869
-0.056398 -0.309392 -0.197014 0.399229 -0.323856 0.035851
-0.478960 0.022307 0.273514 0.403549 0.272496 0.665890
-0.886532 0.081491 -0.012555 0.828228 0.220882 0.511467
-0.719001 0.055321 -0.157651 0.683917 -0.062753 0.174303
-0.679542 0.329348 -0.018744 0.628818 0.322214 0.260499
-0.408600 0.013972 0.389238 0.366300 -0.287984 0.175533
-0.605316 0.681882 0.004442 0.932588 -0.099441 -0.336885
-0.956792 0.091028 -0.226757 0.429717 -0.116437 0.460590
-0.819828 0.484336 0.511682 0.393641 -0.450765 0.511614
0.010873 -0.232758 0.596934 0.354422 -0.046078 0.329317
-0.298607 -0.260115 0.476532 0.828199 -0.377914 0.557095
-0.695051 0.439698 -0.053032 1.107088 -0.030579 -0.038427
-0.716595 0.393267 0.208857 0.227353 -0.009476 0.356353
-0.011291 0.192298 0.412506 0.228811 -0.271992 0.095700
-0.874016 0.598933 -0.226316 0.498011 0.149922 0.883893
-0.791886 0.741102 0.212786 0.304853 -0.212561 0.122958
-0.807533 0.132153 -0.064232 0.721904 -0.260974 -0.012197
-0.529656 0.070854 -0.040787 0.686792 0.200122 0.210027
-0.611537 0.761997 -0.023997 0.238464 -0.594420 0.188250
-0.051925 -0.215509 -0.108012 0.521496 0.363400 0.566937
-0.202816 -0.173035 -0.034696 0.007400 -0.365053 -0.319876
-0.453724 0.370306 0.118450 0.245497 -0.461173 0.213393
-0.314516 0.506979 0.024766 0.615307 -0.421500 -0.411316
-0.791490 -0.173166 -0.048770 0.588828 -0.370269 -0.140919
-0.390742 0.224709 0.815994 0.533793 -0.349290 -0.340666
-0.356748 -0.226707 0.484516 0.295415 0.013042 0.000015
0.102718 -0.703628 0.334685 1.601070 -0.030799 -0.819218
-0.565543 -0.711482 -0.353786 1.070053 0.243977 0.126013
-0.567064 -0.620204 0.483834 0.337686 -0.110027 -0.670146
0.107746 0.094140 -0.023777 0.947539 -0.510975 -0.032470
-0.681270 0.813238 0.382587 0.242229 -0.168610 0.344411
-0.715942 0.022373 0.021861 0.249919 0.197911 0.119327
0.074209 -0.221471 0.810276 0.198342 -0.349253 -0.263989
-0.460560 -0.229660 0.141995 0.584074 -0.670939 -0.221103
0.385551 -0.457469 0.740270 0.387833 0.430713 -0.235976
0.328382 -0.547319 0.294022 0.630068 0.026229 -0.511069
-0.135548 -0.438676 0.364242 0.522719 -0.204555 -0.114159
-0.425906 0.212671 0.125846 0.328252 -0.420534 0.183497
-0.757290 0.817306 -0.104294 0.033168 0.059933 0.319760
-0.583268 -0.658174 -0.022137 0.798276 0.124752 -0.232872
-0.376155 0.153095 -0.434962 0.508872 0.209487 -0.502880
-0.362822 -0.316647 0.013120 0.487336 -0.418947 0.047749
-1.092998 -0.169390 0.424452 0.838536 0.122409 -0.338789
-0.513267 0.287857 0.022224 0.669918 0.481903 0.001659
-0.069727 0.394995 0.397379 0.244513 -0.358897 0.531450
0.033008 0.392123 0.660015 0.303009 -0.222209 -0.129913
-0.881178 0.054572 0.411138 0.259347 0.406367 0.139988
0.525495 -0.304154 0.405237 0.817661 -0.279805 -0.109102
-0.448219 0.087569 0.180983 0.721236 0.319485 -0.098331
0.045473 0.763801 0.389754 0.572807 0.160524 0.456727
0.149230 0.772042 0.477002 0.547897 0.218577 0.545430
-0.095820 0.500857 0.117076 0.629882 0.285384 0.156810
0.317129 0.991877 0.311801 0.185626 -0.071850 0.719908
0.053452 0.793793 0.436477 0.203753 -0.033159 0.536182
0.122373 0.737765 0.399170 0.528763 0.125888 0.586146
0.066754 0.871278 0.734714 0.348385 0.130504 0.484269
0.100002 0.635759 0.360434 0.557923 -0.000717 0.582663
0.011533 0.827871 0.301352 0.387656 0.142698 0.307693
-0.100669 0.486516 0.124352 0.736363 -0.190203 0.322711
-0.416626 0.122645 0.177405 0.630327 0.157955 0.290898
0.050256 0.635470 0.390124 0.646268 -0.036823 0.387887
0.152182 0.587033 0.462477 0.477973 0.231046 0.408950
0.000688 0.712849 0.528339 0.547116 0.178106 0.464908
-0.045376 0.588727 0.103210 0.508960 0.404352 0.220761
0.224140 0.682923 0.490542 0.277928 0.174347 0.161970
-0.056275 0.664822 0.674683 0.586257 0.366844 0.260489
-0.125320 0.641093 0.386011 0.448416 0.551049 0.065469
0.040780 0.776281 0.419713 0.474197 0.061035 0.448104
0.015204 0.876321 0.501422 0.464125 0.112623 0.285632
0.023811 0.247964 -0.072521 0.432446 0.127722 0.329625
0.178596 0.575509 1.085580 0.459150 -0.556497 0.642915
0.440781 0.604571 0.251885 -0.063353 0.389338 0.015743
0.068831 0.748467 0.127204 0.478166 -0.048724 0.348923
-0.025774 0.640459 0.394990 0.615964 0.147894 0.425676
0.099711 0.704434 0.323102 0.571270 0.276035 0.397001
0.268171 0.671869 0.309557 0.487321 0.097953 0.599340
0.322443 0.758065 0.465213 0.386445 0.065881 0.661875
