-0.839212 -0.039114 0.117705 0.250436 0.672311 0.063254
0.047685 -0.730592 0.753409 0.301069 -0.174401 0.062913
-0.507909 0.082473 -0.248174 -0.029530 0.100299 0.324116
-0.654758 0.407090 0.468457 0.188056 -0.172595 0.175688
-1.107924 -0.125596 0.148600 0.839753 0.261843 0.743966
-0.664174 -0.551612 -0.047470 0.624739 -0.188840 0.064502
-0.505356 1.041628 -0.494868 0.360234 -0.524001 -0.574259
0.006553 -0.164850 -0.747515 0.509595 -0.855622 -0.263668
-0.354217 0.656990 0.276428 0.238605 0.010330 0.095986
0.558337 -0.340014 0.409464 1.427785 -0.550995 0.189405
-0.300214 0.652517 -0.240265 -0.258691 -0.797445 0.753082
-0.506402 0.920969 0.023632 0.409529 -0.136848 0.188484
-0.402208 0.125132 0.225699 0.343931 -0.771579 0.048724
-0.552485 0.106240 0.225561 0.716744 0.350979 -0.113029
-0.558370 0.334951 0.514976 0.764601 0.123963 0.413067
-0.316182 0.294729 0.254040 0.006569 -0.001561 0.372098
-0.698687 0.592548 0.205351 -0.109180 0.422883 0.610243
-0.194249 0.252939 0.578111 0.553397 0.293879 0.112583
-0.642037 -0.249904 0.413513 0.175362 -0.503754 -0.162669
-0.424910 0.586174 -0.065214 0.095794 -0.238331 0.132144
-0.533752 0.429382 -0.174522 0.388391 -0.033541 0.422686
-0.447953 0.351895 0.156843 0.330182 0.275189 0.618525
-0.762997 0.931471 -0.063530 0.539505 0.096413 0.091387
-0.010277 -0.907207 0.484132 -0.057716 -0.556319 0.097194
-0.711899 0.909413 -0.537699 0.366366 -0.103059 -0.919889
-0.580162 0.182915 0.467399 0.317105 -0.361343 0.138307
-0.729310 0.812818 -0.630202 0.074488 -0.369769 0.378220
-0.404108 0.580238 0.367242 0.580064 0.580045 0.607932
-0.140925 -0.395675 -0.163750 0.784702 0.091945 0.082422
-0.260420 0.262175 0.331845 0.580319 -0.206196 0.466165
-0.635834 0.531542 -0.154780 0.245663 0.339119 0.333797
-1.038648 0.232102 -0.162350 0.173895 0.147658 0.197965
0.039725 0.430806 0.089176 -0.188305 0.202324 -0.050129
-0.114219 0.739962 0.540029 -0.185160 0.861630 0.543621
-0.673096 0.712850 -0.574568 0.246351 -0.416507 -0.018252
-0.251836 0.131430 0.089193 0.369289 0.243932 0.174912
-0.094033 -0.306485 0.080185 0.380716 0.688356 0.103054
-0.407680 0.024952 0.469355 0.905546 0.003840 0.521577
-0.748134 0.612342 0.162905 0.766875 -0.245805 0.694128
-0.074738 -0.074645 0.836717 0.574204 0.155717 0.506125
0.033681 -0.037718 0.031163 0.322571 -0.960531 -0.182797
-0.151851 -0.387066 0.291910 0.744229 0.031585 -0.577028
-0.629907 0.829836 -0.635589 0.334082 -0.304787 -0.074773
-0.165264 0.446623 0.647498 0.589890 -0.552758 0.551244
-0.349125 0.233182 -0.465190 1.147570 -0.262543 -0.188156
0.037178 0.001491 0.628456 0.648639 -0.647084 -0.033050
-0.078735 0.094789 0.629950 0.488665 -0.300324 -0.184170
-0.112331 0.800610 0.132255 0.438165 -0.448902 -0.400872
-0.650984 0.342846 0.370975 0.784204 -0.190754 -0.383667
-0.597777 0.551708 0.492714 0.591668 0.009165 -0.004334
-0.905698 0.151707 -0.019976 0.342070 -0.444621 -0.467232
-0.076705 0.552827 -0.000852 0.578159 -0.154236 -0.229000
-0.367281 0.524565 0.484113 0.767934 -0.020501 -0.061393
-0.122996 0.604031 0.596930 0.418570 0.089344 -0.128132
-0.503343 0.511463 0.094313 0.317835 -1.073346 -0.157552
0.075015 -0.089398 0.076764 -0.191310 -0.623361 -0.221853
-0.101231 -0.225924 0.981947 0.640301 -0.757997 0.063918
-0.454143 0.684803 -0.418401 -0.112247 -0.300419 0.482009
-0.551992 -0.350714 0.132249 -0.010809 -0.545864 0.632031
-0.366821 0.532786 -0.468783 0.088320 -0.266501 -0.349411
-0.692702 0.735628 -0.296085 0.688618 -0.558660 -0.312203
-0.836838 0.318639 0.143588 0.272598 -0.678308 0.247381
-0.581589 1.083309 -0.287244 0.048107 -0.244429 0.087916
-0.281096 -0.747229 -0.096320 0.629104 -0.103181 -0.402087
0.177303 -0.568462 0.228681 0.157707 0.093043 -0.620459
-0.547681 0.357079 -0.568592 -0.417363 -0.006719 -0.617117
-0.731206 -0.218756 -0.277782 0.850955 -0.159726 0.241666
-0.691692 0.462782 -0.044599 0.502284 -0.547030 0.872792
-0.765158 0.590702 0.101070 0.692193 -0.079039 0.508175
-0.225326 0.110661 -0.002912 0.734485 0.246343 0.362602
0.263465 -1.076511 0.530792 -0.152490 0.298008 0.201505
-0.373508 0.429214 0.726282 0.305047 0.311058 0.244076
-0.999811 0.456523 0.136669 0.480825 0.149695 0.198722
-0.316415 0.435760 -0.034549 0.586998 0.565816 0.432916
0.096277 0.084634 1.154513 0.473926 -0.771537 -0.032064
-0.146668 -0.322192 0.197321 0.503039 -0.341773 -0.244701
-0.303854 0.164245 -0.049957 0.146978 0.110940 -0.310142
-0.684400 0.573730 0.198141 0.481103 0.081459 -0.018780
-0.063007 0.926420 0.047732 0.157439 -0.292525 -0.171985
0.207106 0.260610 0.257888 0.050373 -0.170640 0.003876
-0.415237 1.180508 -0.504813 -0.020539 -0.093594 0.578117
-0.571636 0.041516 0.112286 0.741400 -0.041737 0.137577
-0.422045 0.547929 -0.236737 0.281315 0.277663 -0.381727
-0.206700 0.154168 0.571383 0.280299 -0.744580 0.164973
-0.075707 -0.370829 0.633849 0.741056 -0.043522 -0.807827
-0.549889 0.708333 -0.615252 0.556542 -0.378884 0.569694
-0.740671 -0.809330 -0.293136 0.410741 0.289093 0.028498
-0.667718 0.400811 -0.336162 0.079128 -0.568194 -0.364708
-0.425598 0.394567 -0.462076 0.290549 -0.128059 0.150361
-0.310106 0.075674 0.235767 0.119866 -0.429931 -0.029153
-0.328313 0.432366 0.048902 0.298207 -0.004041 0.164884
-1.024852 -0.239595 -0.482589 -0.048509 -0.302796 -0.483617
-0.692550 0.212511 -0.220942 -0.116237 0.856199 -0.383410
-0.348095 -0.263239 0.316687 1.290411 -0.296249 -0.530985
-0.598486 0.059764 0.725426 0.643607 0.153077 -0.262373
-0.585972 -0.260517 0.177298 0.865139 -0.481267 -0.725929
0.265736 -0.498007 0.254389 0.523591 -0.356812 -0.120758
-0.479359 0.561534 -0.005727 -0.097576 -0.934424 0.253223
-0.319629 -0.479985 -0.056636 1.289414 -0.580064 -0.306687
-0.356777 -0.043086 -0.591078 0.526161 -0.341731 -0.101463
-0.677773 0.165101 0.233674 0.736879 -0.614645 0.265722
-0.255125 -0.044178 0.696994 0.748365 0.082623 -0.296978
-0.495507 -0.088007 -0.053936 0.386861 -0.200586 0.045741
0.213084 0.005402 0.216564 0.003298 -0.333752 0.162969
-0.430221 0.193974 -0.079698 0.269315 -0.360032 0.176607
-0.015492 0.699878 0.228184 0.510130 0.221424 0.510776
0.115918 0.960209 0.323923 0.244756 0.124564 0.605318
0.050890 0.705741 -0.000193 0.632883 0.078470 0.616329
0.268740 0.566138 0.744769 0.675249 -0.411960 0.079509
-0.131317 0.411387 0.438755 0.551726 0.162986 -0.165318
0.199516 0.785267 0.607531 0.400412 0.228291 0.560318
0.165354 0.731909 0.041363 0.633455 0.019531 0.607056
0.108368 0.863456 0.635323 0.409725 0.177701 0.505719
0.019395 0.572596 0.433619 0.282667 0.697940 -0.069515
0.255256 0.885240 0.522196 0.394873 0.093616 0.530894
0.348060 0.247099 0.324655 0.509527 0.989265 -0.104583
0.086553 0.815951 0.467404 0.533692 0.017965 0.617071
-0.067782 0.500875 0.311331 0.588868 0.177759 0.320899
-0.073403 0.699495 0.580352 0.627116 0.089164 0.508064
0.204205 0.870001 0.659803 0.208826 -0.097355 0.132920
0.009937 0.786430 0.419091 0.427619 -0.081633 0.769014
0.224212 0.312031 0.414035 1.120999 0.137651 0.457076
0.239997 0.756728 0.552034 0.341903 0.463231 0.243488
0.009117 0.691791 0.609989 0.554306 0.158191 0.422720
-0.039707 0.831964 0.536576 0.352624 0.057848 0.400850
0.254878 0.516012 0.455067 0.307321 0.117748 0.413541
-0.124029 0.972757 0.192153 0.342027 -0.073556 0.310875
-0.135500 0.783891 0.238236 0.530806 0.124262 0.523082
0.025764 0.664215 -0.030771 0.524230 0.393760 0.018849
0.015321 0.726997 0.279186 0.545697 0.161051 0.238233
-0.090711 0.543134 0.109208 0.883140 -0.209723 0.616308
0.050541 0.616505 0.419169 0.373655 0.628745 0.097531
0.268740 0.566138 0.744769 0.675249 -0.411960 0.079509
0.233710 0.788806 0.800592 0.379076 0.006200 0.344833
-0.212108 0.790887 0.322823 0.627091 0.350899 0.061915
0.295920 0.831754 0.386156 0.724550 0.295439 0.602404
-0.116530 0.609657 0.269081 0.692254 0.033886 0.458995
0.291274 0.891129 0.378781 0.434063 0.348712 0.522257
0.135049 0.442505 -0.079175 0.629850 0.409833 0.175404
0.228327 0.761174 0.326393 0.484575 -0.027184 0.650344
-0.439150 0.052772 -0.087030 0.515109 -0.190366 0.167695
-0.224048 0.536858 0.205687 0.604150 0.366413 0.137881
-0.177481 0.528671 0.251699 0.539834 0.411927 0.103063
0.045866 0.813128 0.357432 0.522067 -0.107320 0.681347
