-0.409864 0.571796 0.032804 0.832664 -0.151385 0.186527
-0.712593 0.076032 -0.289804 1.024161 0.092225 0.265966
-0.945126 0.629736 0.297953 0.172189 -0.159181 0.044147
-0.657120 0.518166 0.418263 0.245078 0.240508 0.419577
-0.537772 0.952450 0.006723 0.194376 0.142721 0.852424
-1.038938 0.606972 -0.073575 0.701609 -0.199544 0.607136
-0.329093 0.283221 0.187763 0.028731 0.202015 0.021572
-0.168057 -0.382217 -0.313697 0.641663 0.500119 -0.035922
0.047186 -1.140502 0.425712 0.534634 -0.161807 -0.632223
-0.451471 0.208881 -0.432703 0.845712 0.209487 0.054144
-0.271592 0.199588 0.100666 -0.075066 0.277995 0.143724
-0.539677 0.195895 0.316490 0.007743 0.422350 0.632289
-0.789729 -0.331298 -0.662727 0.063733 -0.222545 0.187408
-1.243507 0.467430 -0.056049 0.038579 -0.484270 0.212767
-0.810402 -0.031397 0.458835 -0.112889 -0.838240 0.189857
-0.330794 -0.511956 0.025730 1.216894 0.145916 -0.577400
-0.835617 -0.326141 -0.161686 0.398453 -0.072302 -0.667750
-1.022648 0.282419 -0.082017 0.949802 -0.497638 -0.187832
-0.124205 -0.886099 0.484280 -0.455285 0.382819 0.472672
-0.185828 0.455481 -0.145113 0.103710 -0.256644 0.757432
-0.501109 0.455672 0.577530 0.232903 -0.541196 0.810023
-0.726432 0.318491 -0.322161 0.138875 0.306908 0.048885
-0.417369 -0.199496 -0.291901 0.747213 0.135520 0.432743
-0.257691 -0.600741 0.240739 0.534947 -0.400469 0.699062
-0.238847 -1.112735 -0.045268 0.595595 0.306322 -0.290541
-0.475707 -0.204111 0.211677 -0.196994 0.095960 0.386615
-0.623085 0.477499 0.065736 0.745916 0.168158 -0.009434
-0.797021 1.037363 -0.041455 0.557359 -0.033849 -0.079341
-0.617921 0.006858 -0.436795 0.632745 -0.371940 -0.340737
-0.138555 0.000554 0.128317 -0.286924 -0.146665 -0.109847
-0.591527 -0.064935 -0.577596 0.879703 -0.052829 -0.184665
-0.022479 -0.089988 0.514967 0.339396 -0.233439 0.109561
0.152405 -0.055642 -1.137915 0.417808 0.182854 0.113275
-0.450671 0.326004 -0.591861 -0.685392 -0.103971 0.013470
-0.408249 0.386503 -0.053912 -0.262554 0.371037 0.278696
0.206281 0.254564 0.032107 0.870880 0.001546 -0.100247
-0.575102 -0.091840 -0.122394 0.787163 0.072371 0.444774
-0.161735 0.302792 0.381834 0.152901 0.408311 0.567140
-0.661191 0.514072 0.329380 -0.555804 0.278547 0.287523
0.166739 -0.006252 0.094637 -0.015754 -0.147066 0.070933
-0.591819 -0.649223 0.180909 0.662196 0.734351 -0.277118
-0.776299 0.441916 -0.574214 0.169018 -0.335129 -0.263975
-0.234901 0.187165 0.356300 0.237110 0.002752 0.280655
-0.671223 0.353035 -0.439327 0.423580 0.279501 0.250980
-0.092321 1.269310 0.045430 0.090139 -0.941776 -0.490216
-1.240085 0.333715 -0.144048 0.288787 0.326426 0.425536
-0.345638 -0.239951 -0.287107 0.769166 -0.774087 0.234926
0.024727 -0.443998 0.820103 0.551842 -0.523534 -0.335834
-0.355292 0.474778 0.069278 0.216313 -0.238344 -0.246075
-0.080180 0.031331 0.026290 0.240707 -0.663089 -0.011616
-0.066618 -0.389673 0.042989 0.388324 -0.443921 -0.868354
-0.747751 0.654261 0.224559 0.480426 -0.026162 -0.495010
-0.608517 0.072615 0.328856 -0.108341 -0.465839 -0.121221
-0.353640 0.344457 -0.760492 1.470769 -0.053520 -1.178583
-0.241199 -0.138774 0.511399 0.459692 -0.076925 -0.257556
-0.236927 0.095735 0.197090 1.386862 0.170108 -0.301220
-0.476183 0.664144 0.891658 0.131815 0.097805 0.285325
-0.399489 -0.596316 -0.013796 0.271889 0.119099 -0.067509
-0.449468 0.176720 0.188832 0.315262 -0.041931 -0.001667
-0.449968 0.743676 -0.019820 0.258310 0.032395 0.105696
-0.691544 1.132198 -0.232860 0.392690 0.266784 0.873136
-0.861573 -0.316978 0.300373 0.516506 -1.018388 -0.120782
-0.575102 -0.091840 -0.122394 0.787163 0.072371 0.444774
-0.200645 0.316331 0.265753 0.322566 -0.023189 0.185993
-0.336560 0.508616 0.142422 -0.025806 0.369247 -0.017051
0.350595 -0.101486 0.311987 0.537356 0.188177 0.218628
-0.647723 1.005727 -0.368393 0.904290 0.049659 0.443404
-0.544936 -0.821965 -0.199588 0.488267 -0.466726 0.206885
-0.104796 0.328095 -0.010385 0.633120 -0.306869 0.746864
-0.229550 0.675981 0.438602 0.584983 -0.361208 0.823866
-0.254379 0.375398 0.722297 0.605297 -0.204327 0.884402
-0.559316 -0.395560 -0.840113 0.705764 -0.005081 -0.260892
-0.859806 -0.185697 -0.899054 0.092520 -0.484053 0.228476
-0.268762 -1.194212 0.230376 0.966395 0.328637 -0.632070
-0.724127 0.657304 -0.346808 0.130513 -0.191647 -0.067165
-0.753347 0.538298 0.217177 1.016655 -0.092506 -0.389543
-0.402776 -0.573886 0.286223 0.491466 -0.730405 -0.171779
-0.402985 -1.193782 0.173043 0.792266 -1.196416 -0.319145
-0.578437 -0.403139 -0.368655 0.301221 0.501338 -0.375776
-0.304676 0.419418 0.254140 0.360247 -0.475139 0.511973
-0.154083 0.451695 0.471836 0.288700 0.231881 0.472012
-0.542815 1.068712 0.421390 0.156504 -0.359212 0.367458
-0.200675 0.781372 -0.093278 0.448839 -0.123115 0.200231
-0.096081 -0.536213 0.894828 0.671716 -0.338070 0.072225
-0.775744 0.026660 0.003268 0.534432 -0.130603 0.092213
-0.527528 -0.737519 -0.291289 0.872225 0.000598 -0.667771
-0.064575 -0.348347 -0.007979 1.089295 -0.149161 0.415432
-0.046398 -0.338494 0.041993 0.994891 0.225585 -0.748041
-0.724281 0.683030 0.554109 0.348350 -0.140471 -0.231116
-0.083422 0.733153 0.413346 0.636443 0.003377 0.566101
-0.367673 0.313164 0.429575 0.751946 -0.346469 0.531714
0.021869 1.097715 -0.164230 -0.181180 0.108341 0.572106
-0.124250 0.509799 -0.101475 0.724778 0.289275 0.276826
0.064366 0.933815 0.272888 0.367748 -0.121817 0.669137
-0.137813 0.872621 0.486334 0.244445 0.057428 0.038524
-0.141569 0.412569 0.541742 0.329645 0.098473 0.471522
0.152540 0.440032 0.071483 0.698331 -0.194340 0.554822
0.187617 0.744605 0.695339 0.564015 -0.306122 0.653241
-0.201103 0.674061 0.531789 0.604010 0.149055 0.192461
-0.166632 0.602340 0.481620 0.693444 0.310805 0.141473
-0.399191 0.845644 0.612608 0.327857 -0.027210 0.229733
0.280317 0.603863 0.172215 0.450195 -0.451075 0.747001
-0.060872 0.841292 -0.178756 -0.270278 0.157570 -0.029354
0.208504 0.823485 0.246525 0.462021 0.120609 0.548189
-0.060151 0.540187 0.086517 0.428838 0.536174 0.082982
0.142530 0.404514 -0.055827 0.803534 0.026808 0.560458
-0.104732 0.624338 0.075143 0.709273 -0.042803 0.363745
0.185541 0.805721 0.547439 0.473589 0.214458 0.533431
0.057295 0.814647 0.578559 0.482351 0.086677 0.556353
0.096474 0.772192 0.157126 0.615000 -0.002542 0.565108
0.225690 0.651716 0.102040 0.649731 -0.091507 0.798148
-0.024269 0.527060 -0.173024 0.747504 0.186605 0.405920
-0.480400 0.312445 0.039144 0.609691 -0.060027 -0.409842
-0.267315 0.507392 -0.059521 0.653905 0.267774 0.150386
0.397258 0.665823 0.401185 0.474668 -0.048801 0.739000
0.316811 0.756957 0.280105 0.436715 0.157477 0.540358
-0.422815 0.570482 0.048904 0.366975 0.203737 0.183839
0.179372 0.677777 0.173469 0.592799 0.083381 0.574921
-0.155408 0.657780 0.176835 0.376634 0.222107 0.063099
