-0.656383 -0.310457 -0.483470 -0.190691 0.200125 -0.022027
-0.531286 0.158517 0.389143 0.113614 -0.391411 1.144710
-0.278296 -0.585274 -0.040882 -0.183277 -0.353630 -0.381640
-0.697296 -0.568477 0.773884 0.118725 -0.590764 0.008960
-0.109218 -0.252844 0.531590 0.137810 0.548804 -0.083679
0.206858 -0.301727 0.508595 0.867403 -0.163502 -0.566411
-0.421969 0.815978 0.354696 0.397715 -0.410009 -0.081290
-0.837417 -0.415200 0.062219 0.327695 0.303701 -0.410570
-0.145176 -0.113832 0.660821 0.656676 -0.540411 -0.211572
-0.773214 -0.065198 -0.343595 0.337454 0.240048 -0.544278
-0.358580 0.281978 -0.047967 -0.098361 0.045795 0.121191
-0.361023 -0.315895 0.073731 0.856049 -0.181102 -0.123771
0.273514 -0.731383 0.492400 0.281897 -0.299956 -0.357884
0.271949 -0.056254 -0.257739 0.227772 -0.277242 -0.435365
-0.471700 0.338529 0.372114 0.074301 0.291317 0.020883
-0.263193 0.228266 0.453826 -0.210346 0.077911 0.285184
0.080530 -0.298298 0.022731 0.842204 -0.191400 -0.112608
-0.436846 0.731654 -0.089234 0.381911 -0.501784 0.107732
0.101750 0.147791 0.111102 0.400745 0.054150 -0.360364
-0.702380 0.508528 0.199430 0.443483 -0.475604 0.422681
-0.720322 -0.255049 0.659427 0.136969 -0.636375 -0.694694
-0.831555 0.205357 0.019221 0.307460 -0.783582 -0.093876
-0.337706 -0.315091 0.581715 0.250761 -0.124552 -0.385708
0.591466 -0.351319 -0.005850 0.608133 -0.341250 -0.754237
0.190054 -0.163308 0.371064 0.597696 0.087193 -0.190813
-0.759604 -0.529049 -0.742954 0.530763 -0.336873 -1.124114
-0.173010 0.593865 0.222506 0.764399 -0.513679 -0.057159
-0.473851 0.655710 -0.126489 -0.420416 -0.061011 -0.205688
-0.910684 0.794497 0.342409 0.484434 0.043403 0.198155
0.467869 -0.275942 0.575084 0.800822 -0.323347 0.199280
-0.454976 1.203704 0.064785 0.072941 -0.087599 0.217497
-0.759622 -0.057453 0.117172 0.370050 -0.454709 -0.159233
-0.088898 0.096648 0.012036 0.868253 0.036026 -0.474690
-0.785312 0.246174 0.010248 0.135951 0.072651 0.152033
-0.439242 -0.012568 -0.268262 0.451875 -0.643648 -0.458376
-0.406244 0.340152 0.031270 -0.408533 -0.416832 0.166725
-0.122485 -0.644805 0.446150 0.414797 -0.805601 -0.381441
-0.774549 0.090996 -0.047320 -0.115456 0.351796 0.341036
0.016035 0.289234 -0.147253 0.553341 -0.484333 -0.324078
-0.295670 -0.662050 0.078594 0.405714 -0.845801 -0.248758
-0.790337 0.104671 -0.485110 0.998029 0.036297 0.105919
-0.355129 0.297250 0.535020 0.563761 0.047262 0.071773
-0.239391 0.401976 0.203499 0.501001 0.193715 0.181459
0.197116 0.075055 0.327490 0.688154 -0.504018 -0.751469
0.454197 -0.065033 0.282806 1.003748 -0.435601 -0.382511
-0.958861 0.050863 -0.431106 0.596853 -0.164457 0.268102
0.285132 0.959544 0.151435 0.845515 -0.703635 0.295154
-1.063153 -0.036250 -0.541530 0.854342 -0.389799 0.452649
-0.525138 0.747027 0.364188 0.682143 0.214152 0.247014
-0.402765 -0.269355 0.152164 0.755018 -0.349190 -0.417227
-0.701207 0.668091 -0.099053 0.437041 -0.670305 0.800890
-0.301922 0.687610 0.042181 0.315947 0.146532 0.299129
0.403971 -0.308744 0.392243 0.315064 -0.749689 0.395716
0.536521 -0.634098 0.427056 0.861461 -1.613240 -0.250851
-0.442265 0.509584 -0.371057 0.571116 -0.037372 0.476190
0.160910 -1.155473 0.551620 -0.059416 0.370736 -0.003700
-0.515356 0.108839 0.216180 -0.019494 -0.242240 -0.270914
-1.104090 0.588897 -0.590935 0.951291 0.183390 0.099737
-1.063898 0.183766 -0.023553 0.578352 -0.163828 0.461610
-0.718512 -0.506736 -0.148012 -0.178200 -0.308949 -0.479066
-0.140247 0.183962 -0.082945 -0.056209 -0.128609 0.352691
0.256077 0.151560 0.067703 0.903157 0.505002 -0.455101
-0.488286 -0.070783 -0.148209 0.384389 -0.440242 -0.872591
0.199920 -0.060445 -0.018633 0.592503 -0.295777 0.002328
0.270788 0.884380 0.101227 0.587620 -0.207822 0.209393
-0.145477 0.801396 0.633500 0.417207 0.100123 0.387328
-0.001428 0.923236 0.325688 0.516645 -0.735657 0.911291
0.184319 0.930727 0.222212 0.385326 0.232032 0.718696
-0.028440 0.677946 0.121798 0.794388 -0.028015 0.577364
0.243708 0.739312 0.263637 0.522245 0.046044 0.524633
0.267518 0.679449 0.697582 0.627160 -0.008213 0.414130
-0.004884 0.791417 0.675344 0.435571 0.205403 0.380825
-0.076358 0.701074 0.451100 0.545581 0.114729 0.445995
0.159330 0.845623 0.614441 0.452767 0.127928 0.565689
-0.192167 0.698915 0.608246 0.356338 0.365565 0.010274
0.091733 0.884655 0.661597 0.441350 0.124939 0.548457
0.093630 0.756141 0.711790 0.435429 0.226978 0.489143
0.043168 0.575339 0.112032 0.587767 0.234945 0.309316
-0.253365 0.405096 0.357368 1.022011 0.209898 0.009329
0.030214 0.670181 0.120777 0.514065 0.201190 0.322414
-0.060785 0.732057 0.664434 0.504698 0.305844 0.218957
0.359495 0.651709 0.153518 0.399174 -0.161948 0.882168
0.020197 0.757856 0.394761 0.502332 0.252293 0.415299
0.198716 0.919666 0.266557 0.363657 -0.023563 0.767265
0.273585 0.769779 0.183502 0.346955 -0.057752 0.874858
-0.104835 -0.602923 0.438895 0.908636 -0.039820 0.055944
-0.126411 0.529561 0.308277 0.616696 0.240247 -0.007880
0.065162 0.891573 0.318515 0.475073 -0.048046 0.080499
-0.012105 0.536380 0.131664 0.659678 0.189244 0.468730
0.066467 0.722977 0.329087 0.576558 0.063287 0.487385
0.214572 0.806145 0.429159 0.438940 0.294193 0.546156
0.119430 0.720482 0.168546 0.281877 0.083448 0.177123
0.038851 0.671214 0.392292 0.544928 0.090289 0.353681
-0.119699 -0.198017 0.042962 0.774807 0.325473 -0.252638
0.072933 0.668637 0.240419 0.642101 0.116968 0.453567
0.282231 0.881649 0.639374 0.245361 0.158706 0.335158
