-0.866046 0.425203 0.719429 0.955772 -0.769256 0.988774
-0.866046 0.425203 0.719429 0.955772 -0.769256 0.988774
-0.368367 -0.140636 0.510292 1.114151 -0.973966 -0.238212
-0.252817 0.656797 -0.000064 0.321616 0.250793 0.836759
-0.401693 0.056531 0.024924 0.255634 -0.323998 0.062367
-0.429118 -0.176247 0.536607 0.549032 -0.806320 -0.184666
-0.133283 0.562953 0.277098 0.060251 0.308332 -0.054957
-0.590517 -0.198570 0.458568 0.352826 -0.098445 -0.023032
-0.532378 0.103904 -0.071450 0.270910 -0.247050 -0.188770
-0.104178 0.085934 0.424527 0.700195 -0.707707 -0.071313
-0.766250 -0.282087 -0.505038 0.346048 -0.174013 -0.503203
-0.488317 0.379323 -0.265596 0.141702 0.416379 0.198724
-0.625761 0.223643 -0.013663 0.694378 0.078164 -0.110631
-0.380766 -0.197575 -0.355635 0.758206 -0.248124 -0.460970
-0.419124 0.207600 -0.343923 0.930360 -0.085329 -0.691134
-0.172456 0.454220 -1.035371 0.642320 -0.628930 0.027661
-0.813526 0.686944 -0.541812 0.453933 -0.466521 -0.664415
-0.148934 0.861772 -0.124899 0.726484 -0.246440 0.169252
-0.697329 -0.336631 -0.107992 0.878770 -0.094362 -0.561369
-0.223943 0.302069 -0.531104 0.835304 -0.207915 -0.065971
-0.604358 -0.027773 0.282986 0.542865 0.088145 0.279501
-0.232276 -0.550026 0.574011 0.840049 -0.635765 -0.137464
-0.599001 -0.212570 -0.177076 0.931839 -0.028946 -0.621107
-0.321116 -0.564047 0.452722 0.356644 -0.281748 -0.343221
-0.277746 -0.171680 0.587905 0.609486 -0.499150 -0.298603
-0.887131 -0.103220 0.443284 0.570363 0.271453 -0.289772
0.027488 0.101165 0.404257 0.386529 0.221597 0.018524
-0.662518 0.324802 0.436481 0.570410 0.137284 0.014322
-0.615277 -0.188623 -0.555419 0.074698 -0.355229 -1.148165
-0.607910 -0.350632 -0.217100 0.749139 0.085024 -0.586254
0.184617 0.454455 0.807764 0.123399 -0.125763 -0.512692
-0.455792 -0.523212 0.463318 1.009683 -0.435472 -0.351811
0.366287 -1.194411 -0.052748 0.977728 -0.294304 -0.576929
-0.193413 -0.049511 0.323819 0.596866 -0.200869 0.650165
-0.498731 0.316931 0.017858 0.588042 0.082606 -0.048173
-0.065762 -0.349729 -0.816492 1.009882 -0.223586 0.414643
-0.296049 -0.660969 0.459029 0.423402 -0.349886 0.347577
-0.690926 0.485103 -0.330539 -0.240144 -0.590749 -0.393579
-0.704839 0.097986 0.359988 0.253564 -0.135191 0.325109
0.022029 0.351980 -0.596730 0.003409 -0.183979 -0.565723
-0.295109 0.298754 -0.032822 0.799734 0.431319 0.261044
-0.336714 -0.131061 -0.193136 0.270197 -0.178437 -0.061524
-0.719463 -0.130727 -0.036354 0.279451 0.094750 0.024927
-0.465860 -0.468698 -0.116540 0.870963 -0.275930 -0.012405
-0.333246 -0.278293 -0.048580 0.797666 -0.110308 -0.590927
-0.314422 -0.561824 0.178421 1.241595 0.120667 0.000907
-0.498761 1.651456 0.181958 0.104818 0.113263 -0.027110
-0.559005 0.213893 0.088830 0.481841 -0.506767 0.277017
-0.309510 -0.235670 -0.294648 0.350246 -0.090676 -0.752670
-0.883137 0.164421 -0.518611 0.267213 -0.339661 -0.238022
-0.523412 0.367170 0.246165 0.449798 -0.310838 -0.068837
-1.041552 1.284581 0.015218 0.431658 0.286329 0.509146
-0.172308 0.146220 0.272620 0.347968 0.250481 0.097791
-0.142735 -0.198278 0.443241 0.983908 0.095457 -0.284733
-0.895941 0.591145 -0.087117 0.280013 0.345119 0.998485
0.115228 -0.270689 0.822553 0.200370 -1.204006 0.273246
-0.045613 -0.214418 0.719621 -0.324510 -1.084102 0.777819
-0.724747 0.421326 0.351866 0.416752 -0.325197 0.602858
0.117919 0.238354 0.741754 -0.098334 -0.215409 0.399293
-0.418627 0.495495 0.317819 0.767037 -0.031552 0.396259
-0.451104 0.225520 0.197631 0.324591 0.242958 0.317027
-0.065257 0.462691 0.141148 0.758120 -0.448208 0.317651
-0.039648 -0.340991 0.331287 0.611547 -0.316821 -0.011945
-0.069716 -0.332208 0.398830 0.367682 0.123750 0.437653
-0.496572 -0.298584 0.438254 0.500895 0.087293 0.033849
-0.271912 -0.110989 0.291096 0.490006 0.277326 0.172226
-0.468447 0.117000 -0.027870 0.808757 0.245452 -0.662937
-0.395571 0.042425 0.275424 0.221505 0.402888 0.517820
-0.215360 0.561900 0.733923 1.115746 -0.039229 0.991409
-0.032266 0.212277 0.886702 0.756803 0.319606 0.122859
-0.519593 0.375675 -0.605389 0.602799 -0.552646 -0.206451
-0.604288 -0.232483 -0.708996 -0.054687 0.010223 -1.272931
-0.497215 0.204948 0.366601 0.514935 -0.146551 1.032996
-0.084691 0.214182 0.759928 -0.046878 -0.007814 0.002261
-0.150212 -0.616859 -0.393628 0.712718 -0.769813 -1.090503
-0.882505 -0.218949 -0.293315 0.193147 -0.665657 -0.755695
-0.899707 0.232609 -0.166654 0.368811 -0.705658 0.546176
0.222548 0.253130 0.555168 0.065740 -1.029275 0.258975
-0.676898 0.921339 -0.371229 0.175017 -0.482494 -0.491656
-0.679024 0.527189 0.265727 0.393147 -0.273261 -0.251270
-0.790443 -0.114280 0.282329 0.874150 -0.429889 0.506481
-0.790328 -0.375875 0.047336 0.743371 0.152184 0.648891
-0.712837 -0.058070 0.077258 0.861249 0.054529 0.244977
-0.849847 0.362860 0.208594 0.338568 0.326015 0.014682
0.010617 -0.205139 0.477486 0.884582 -0.294875 -0.135065
-0.161546 0.920865 0.306783 0.816838 -0.120700 0.333034
-0.777953 0.398211 -0.413756 -0.509520 -0.094290 -0.017668
-0.859986 0.668075 -0.271713 -0.063631 -0.269901 0.006028
-0.115943 0.617224 0.508538 0.012520 -0.014362 0.697276
-0.761687 0.706633 0.850960 0.462632 0.002909 0.570535
-0.695620 0.204701 -0.137878 0.394456 0.152842 0.231313
-0.064674 -0.254462 0.230157 0.376763 -0.274418 -0.107267
-0.778627 0.213486 -0.067735 0.188438 0.459204 -0.108444
-0.614998 -0.144508 -0.296650 0.673948 -0.117087 -0.394315
-0.014738 -0.268476 0.599384 1.074533 -0.476129 0.493420
-0.382722 -0.516023 0.072730 0.688915 0.540070 -0.453505
-0.956287 0.408627 -0.024043 0.280588 -0.109315 0.291364
-0.777747 0.335737 0.086803 0.497119 -0.105505 0.019669
-0.347887 0.615092 -0.127374 0.320549 -0.081536 -0.311190
-0.891910 0.430318 -0.060184 0.672130 -0.515874 -0.156037
0.124595 -0.676818 0.791327 0.056671 -0.273472 0.361548
-0.829377 -0.040383 -0.348865 0.324170 0.010292 -0.670958
-1.190294 0.591065 -0.670600 0.428406 -0.178802 -0.660682
-1.125029 0.797025 -0.566037 -0.076112 -0.518236 0.011230
-0.641160 0.179393 -0.362761 0.437071 0.322598 -0.567916
-0.485063 0.281007 -0.097722 0.571412 -0.084295 0.177376
-1.327525 0.040873 -0.721362 0.402985 -0.132452 -0.737332
-0.490911 0.609332 -0.089770 0.521395 -0.360628 0.411187
-0.653242 0.033663 -0.560348 -0.312976 0.544590 -0.028457
-0.629399 0.228521 -0.004264 0.249587 -0.224848 -0.446777
-1.078278 0.360753 -0.549942 -0.315321 -0.500768 -0.581862
-1.541576 0.812067 -0.502476 -0.245412 -0.639535 -1.152835
-0.118630 -0.438723 -0.473117 0.287363 -0.333377 0.063672
-0.350581 -0.183920 0.366898 0.598783 0.406711 0.396579
-0.321465 0.174948 0.436533 0.211101 0.658620 0.409789
0.007500 -0.530013 0.071925 0.531709 -0.224140 0.439845
-0.477733 -0.056648 -0.103698 0.222063 0.261048 0.289134
-0.120857 -0.337185 0.391127 0.173404 -0.042623 0.458715
0.114982 -0.476062 0.176972 0.590577 -0.125596 -0.605516
-0.336931 0.187758 0.408054 0.536750 -0.573805 -0.702411
-0.180220 -0.117791 -0.099717 0.363496 -0.248758 -0.655853
0.852252 -0.375590 -0.011635 0.549624 -0.533548 -0.344255
-0.524853 0.254532 0.013399 -0.126374 0.241411 -0.393524
-0.118119 -0.289162 0.426717 0.397817 -0.624279 -0.316075
-0.158794 0.567477 0.452362 0.264853 0.012057 0.053047
-0.258167 0.659351 0.304351 0.236071 0.286563 -0.208539
-0.279147 0.110964 0.202743 0.769146 -0.832578 0.079431
-0.095872 -0.022238 0.509053 0.866254 -0.320915 0.198099
-0.807100 -0.111730 -0.124377 0.640930 -0.172084 -0.691776
-0.391261 0.485274 0.137212 0.746906 -0.154304 0.585654
-0.473494 -0.177523 0.256277 0.392908 -0.567898 -0.033764
-0.305823 0.566185 -0.130457 0.260632 0.235361 0.330028
-0.393255 -0.366720 -0.009881 0.716700 0.108785 0.648665
-0.522118 0.431050 -0.385956 0.641459 0.172490 0.430272
-0.575345 -0.223272 0.057694 0.426813 -0.128158 0.594639
-0.457036 -0.096725 0.296114 0.010109 -0.357692 -0.515116
-0.338785 0.530561 0.211923 0.089121 -0.349028 -0.150370
-0.679420 0.311126 -0.040235 0.286307 -0.447854 0.102094
-0.675705 0.102556 -0.190624 0.468184 -0.227991 -0.378210
-0.153359 0.889225 -0.271139 0.418012 -0.245844 0.088616
-0.107589 1.283162 0.092833 0.223372 -0.283505 0.494940
-0.355943 0.713580 0.060246 0.494200 0.116098 0.022797
-0.027483 0.638868 0.048488 0.652389 0.004211 0.627182
0.163026 0.816723 0.631961 0.468391 0.202893 0.599074
0.053578 0.555635 0.276395 0.640572 0.081562 0.556931
0.144963 0.748688 0.448769 0.446931 0.304196 0.423337
0.152345 0.905707 0.557247 0.071845 0.141074 0.581996
0.163825 0.851541 0.102101 -0.073822 -0.015965 0.584871
0.599759 0.266329 0.498363 0.593084 0.623897 -0.028100
0.133897 0.601549 0.453048 0.539666 0.097418 0.348132
-0.022899 0.609699 0.721703 0.744723 0.190031 0.294818
0.414929 0.735114 0.659482 0.295251 -0.108681 0.424567
0.339707 0.826926 0.099954 0.193153 -0.069498 0.646844
0.577281 -0.325018 0.274039 -0.478893 -0.253433 -0.359042
-0.024302 0.498241 0.153607 0.485882 0.313913 0.276239
0.817558 0.772354 0.532792 0.043983 -0.491375 0.123598
0.598359 0.662391 1.071376 0.214241 -0.283878 -0.040861
-0.544987 0.176514 0.189654 0.977414 -0.081852 0.024683
-0.034614 0.593586 0.512223 0.496428 0.085315 0.127574
