0.263003 0.067810 0.611624 1.236129 -0.151621 -0.677314
-0.683693 0.051209 0.131124 1.043309 0.285847 -0.148627
0.130427 0.063838 0.469765 -0.686420 0.462868 0.117655
-0.128364 -0.223087 0.563045 0.231770 -0.404896 0.373915
-0.344293 -0.285048 -0.642732 0.698090 0.069393 -0.672392
-1.009227 0.246947 -0.315342 0.394657 0.464389 -0.784187
-0.795848 0.298892 0.132766 -0.112460 0.020490 0.333915
-1.103839 0.813217 0.137679 0.242335 -0.231311 0.105181
-0.745179 0.665511 0.488275 -0.015070 -0.400965 -0.483170
-0.064320 0.241933 0.004216 0.113315 -0.157521 -0.307048
-0.655617 0.485414 -0.309433 0.128014 0.075948 0.319063
-0.484828 -0.423823 -0.179847 0.336412 0.273952 -0.369364
0.111620 -1.084085 0.207197 0.566746 -0.302287 -0.453878
-0.378479 0.341625 0.931692 0.186234 -0.307990 0.427505
-0.376122 0.414366 0.158692 0.336937 0.121614 0.789183
-0.306652 0.402832 0.608368 0.181255 0.663611 0.069426
-0.445180 0.489535 0.221721 -0.764863 -0.170824 0.108689
0.162370 0.289880 0.441808 0.579286 -0.515614 0.326788
-0.378667 0.295651 0.685964 0.914865 0.123402 0.607675
-0.187606 0.854539 -0.073132 0.221238 -0.249763 0.316300
-0.234096 -0.373069 -0.591137 -0.147967 -0.335428 -0.134106
-0.868867 0.201462 0.487990 0.044911 -0.549132 0.316624
-0.206811 0.028984 0.502900 0.772860 0.069810 0.256032
-0.671762 0.493127 0.409200 0.254258 0.420811 0.488901
0.114929 0.369933 -0.030576 1.049372 -0.592621 -0.231521
-0.324847 0.633160 -0.414556 0.119754 0.340246 0.446060
0.297299 1.301437 0.410638 0.791199 0.206998 -0.131898
0.056246 0.705323 -0.039872 0.159577 0.486052 0.583493
-0.418466 0.320958 -0.312163 -0.095137 -0.079606 0.623786
-0.280507 -0.346835 0.390348 -0.402398 -0.021736 0.403383
-0.133940 -0.999379 0.729625 -0.035132 -0.241678 -0.058677
-0.219857 -0.463086 -0.055211 0.949309 0.146065 -0.545145
-0.018354 -0.157638 -0.041130 0.570430 0.086666 -0.129027
-0.920574 0.524366 0.035695 -0.045326 -0.171479 -0.331869
0.414843 -1.029773 1.024794 0.257534 -0.685113 0.695499
-0.162483 -0.240517 -0.074696 0.587462 -0.659067 -0.665733
-0.792412 0.481707 0.185137 0.569326 0.020826 0.717404
-0.750547 -0.288402 0.238857 0.131425 -0.414153 0.256666
-0.644443 0.677258 0.054259 0.574086 -0.034212 0.737326
-0.257826 0.471569 -0.131130 0.674400 -0.070064 0.582256
-0.439912 -0.354222 0.235964 -0.033438 0.535850 0.290533
-0.427252 0.395057 -0.036119 0.008234 0.614312 0.640260
-0.723007 0.621562 0.099276 0.270579 -0.017562 0.636998
-0.498281 0.686847 -0.345831 0.511151 -0.544312 1.099534
-0.795787 0.680088 -0.174158 0.288139 0.086627 0.839862
-0.761729 0.520513 0.013935 0.304931 0.007228 0.375340
-0.478320 0.111198 0.364726 -0.140936 0.410423 0.363850
-0.638449 -0.063609 0.206239 0.590618 -0.070208 0.325775
-0.405525 0.163189 0.709448 -0.135642 0.404227 0.310641
-0.983279 0.372709 -0.329123 0.098614 0.070645 -0.269851
0.514380 -0.735167 0.909431 0.232135 -0.334230 -0.608289
0.131131 -0.005697 0.930640 0.181371 -0.121951 -0.412626
-0.071189 -0.926171 0.505108 0.840348 -0.252986 0.172429
-0.597611 -0.258183 0.414197 0.082405 -0.116903 -0.469703
-0.071196 0.196113 0.177898 0.325230 -0.411795 -0.111649
-0.434785 0.203386 0.500148 -0.017577 0.013924 0.515957
-0.436634 0.109143 0.645767 -0.097787 0.090209 0.302492
-0.283260 -0.054214 -0.812445 1.000306 0.112738 -0.550464
0.294666 -0.847472 0.114602 0.481416 -0.206260 -0.284050
-0.845126 -0.200756 0.284522 0.069358 -0.578646 0.275132
-0.111256 0.639852 0.061444 0.525909 -0.351122 -0.164274
-0.031689 0.486621 -0.058965 0.825493 -0.224949 0.100860
-0.140687 -0.704095 -0.237223 1.177082 -0.269342 -0.783635
0.474107 -0.127548 0.257757 0.820330 -0.396407 -0.383217
0.404078 0.219647 0.718444 0.622974 -0.393910 -0.178586
0.305404 -0.249757 0.119384 0.981923 -0.153773 -0.475664
-0.706348 0.237180 0.152295 0.159073 -0.100704 0.040305
-0.076936 0.616465 0.015296 0.445863 -0.382417 -0.327557
-0.907947 -0.343925 -0.032040 -0.053730 0.305917 -0.460624
-0.159184 0.375612 -0.441625 0.252180 -0.740353 -0.481959
-0.065009 -0.475778 0.443248 0.022218 -0.246613 -0.848736
-0.593951 0.421812 0.132464 0.055014 -0.172264 0.206340
-0.552433 -0.232006 -0.204117 0.318027 -0.474041 0.060369
-0.303612 -0.210912 -0.060363 0.629746 -0.513080 0.178589
-0.445627 -0.306521 0.168953 0.506611 -0.384577 -0.016625
-0.134585 -0.026004 -0.139132 0.651239 -0.700270 0.291679
-0.416159 0.061503 0.164399 0.727748 -0.497256 0.051729
-0.006046 -0.024262 0.629708 0.753535 -0.523404 0.321117
-0.051919 -0.215136 -0.052297 0.247341 -0.918380 0.040768
-0.325151 0.427859 0.121571 -0.187041 -0.064866 -0.011216
-0.121382 -0.567858 -0.353892 -0.026505 0.435699 -0.038913
-0.545812 0.188298 0.134089 0.007978 0.320881 0.509695
-0.618009 0.364622 -0.565849 0.648418 -0.307215 0.043287
-0.350276 0.659427 -0.560067 0.502266 -0.161635 0.252049
-0.458629 0.412739 0.219363 0.755261 -0.708590 0.371232
-0.677094 0.436806 -0.157141 0.646271 -0.714444 0.219682
-0.408924 -0.128696 0.862837 0.518079 0.453606 0.568570
-0.557193 -0.875743 -0.225420 1.005210 0.315521 -0.385397
0.257083 0.214728 0.047198 0.563272 -0.609803 -0.500702
0.268312 0.717009 -0.015828 0.238440 -0.376952 0.194721
0.836572 0.614458 -0.517565 0.175307 -0.026580 0.010288
0.670125 0.565019 0.243330 0.302764 0.439968 0.317173
-0.211332 0.316282 0.840593 0.562754 0.370414 0.189215
-0.961128 -0.709458 0.636101 0.600387 -0.585343 -0.303783
0.074251 -0.191012 0.286866 0.228626 -0.152785 0.225973
-0.182799 -1.363290 0.028698 0.464858 0.633009 -0.255028
-0.480595 0.188695 -0.426148 0.301864 -0.204851 -0.572126
-0.593533 -0.329225 -0.262142 0.838947 0.122251 0.426822
-0.931878 -0.307559 -0.264024 0.817937 0.019631 -0.705993
0.246577 0.577616 -0.428982 0.648665 0.072664 0.167354
0.235455 0.386465 -0.197818 0.687799 0.106949 -0.108684
-0.854179 0.506325 -0.610623 0.729440 -0.221509 0.294320
-0.854408 0.958117 -0.584517 0.724213 -0.598156 0.046470
-0.160968 -0.285859 -0.268201 0.405154 0.082101 -0.223606
-0.244748 1.503043 -0.748078 0.207222 -0.230811 0.097190
-0.250381 0.462681 -0.759986 0.518079 0.163311 -0.005777
-0.500657 0.552479 -0.717730 0.264641 0.263573 -0.062027
-0.204120 0.117170 -0.540464 0.568616 -0.236540 -0.109029
-0.223314 -0.595421 0.010101 0.655186 0.277779 0.186296
-0.639980 0.138984 0.130936 0.463290 0.162928 0.443775
-0.754154 0.231904 0.129943 0.476059 -0.150723 0.583694
-0.529002 -0.435304 -0.055839 0.648896 0.038859 0.312065
-0.133153 -0.377469 0.067604 0.588839 0.221527 0.273008
-0.513841 -0.247186 -0.219885 0.337391 0.230596 0.178273
-0.368286 1.191344 -0.925622 0.650326 -0.132206 0.229369
-0.454394 0.491772 -0.235305 0.791807 0.109995 0.611033
-0.103161 0.223784 -0.412109 1.042583 -0.278530 0.294631
-1.123858 0.666541 0.395413 0.422872 -0.070592 -0.082005
-0.405471 -0.245768 0.273815 0.333872 0.000391 0.198466
-0.548042 -0.678819 0.457590 0.327144 -0.974757 0.718830
0.235441 -0.813553 0.849862 0.943585 -0.489816 -0.041306
-0.374264 0.237625 -0.213655 0.228477 0.169702 0.144839
-0.356817 0.255198 0.543089 0.633171 0.265076 0.225410
-0.537451 0.321581 0.369562 0.548923 0.221826 0.038899
-0.224287 -0.511777 1.028795 0.054386 0.162069 -0.682416
-0.929982 0.864032 -0.289558 0.001838 -0.081951 -0.319459
-0.518155 -0.190444 0.199113 0.782180 -0.113722 -0.399167
-0.483089 0.919818 -0.194234 0.260764 -0.040582 0.175141
0.211740 0.199613 0.081686 0.221956 0.050284 0.199196
-0.272170 0.909693 0.007982 0.275758 -0.038183 0.591102
0.571304 0.583738 0.414895 0.049617 -0.613236 0.042049
-0.217914 -0.367770 0.686280 0.490937 -0.194457 0.298658
-0.573354 -0.118546 0.606175 0.810975 -0.460075 0.041398
-0.751956 0.442889 -0.360209 0.557850 0.343970 0.402517
-0.484152 -0.925502 0.174893 0.447041 -0.877058 -0.515627
-0.764365 0.197237 0.329454 0.171041 -0.234492 0.040587
0.456447 -0.278173 -0.579116 1.179831 -0.501899 0.205090
-0.769591 0.235191 0.177751 0.600325 -0.022027 0.335315
-0.191244 -0.386446 0.452958 0.069103 0.223620 0.072881
0.090043 -0.580163 0.399051 0.663758 -0.253954 0.151508
-0.064268 -0.175951 0.153816 0.497711 -0.260415 -0.142211
-0.596985 -0.208220 -0.008061 0.435336 -0.426158 0.008506
-0.017230 -0.436987 0.386615 0.795371 -0.477351 -0.545567
-0.527925 -0.744362 -0.146776 1.136567 0.124067 -0.293952
-0.881756 -0.223831 0.174542 0.757442 -0.622042 -0.356515
-0.693581 0.210247 0.142903 0.238334 -0.064340 -0.365194
-0.565836 0.554798 0.061804 0.577018 -0.133543 -0.366881
-0.171762 0.346277 0.461299 0.103534 0.289368 -0.014520
-0.140211 0.022371 1.167975 0.308516 -0.238718 0.063167
-0.441524 -0.136279 -0.087700 0.400065 -0.000038 -0.088436
-0.609384 -0.416102 0.012293 0.782056 -0.110829 -0.454528
-0.456266 -0.484192 -0.254257 0.829981 -0.419671 -0.351718
-0.694448 -0.188156 0.287526 0.867859 -0.360782 -0.248011
-0.675219 -0.210483 0.123786 0.663249 -0.347518 -0.340227
-0.637314 -0.089356 0.327883 0.738874 -0.238504 -0.343436
-0.680963 0.072687 0.169172 0.469426 -0.234187 -0.381058
-0.863198 0.326582 0.109587 0.616587 -0.621824 -0.135907
-0.442820 -0.027615 0.217417 0.908163 -0.647540 0.156368
-0.535055 -0.144871 -0.032467 0.928440 -0.925019 0.134304
-0.517236 -0.174587 0.013650 0.852067 -0.689870 0.066298
-0.309826 -0.704614 -0.162539 1.048277 -0.322678 -0.098498
-0.448023 -0.188438 -0.002690 0.871963 -0.706765 0.109485
-0.770400 0.107801 0.045504 0.198954 -0.443570 0.106449
-0.341422 0.035968 0.067409 0.739281 -0.602635 0.179042
-0.301356 0.108443 0.235689 0.723015 -0.495787 0.115211
-0.084605 0.390126 0.146620 0.328713 -0.374580 -0.299247
-0.143332 0.272107 -0.088004 0.502905 -0.620132 -0.223557
0.061630 0.755419 0.461356 0.559874 0.077296 0.489939
0.070855 0.742063 0.443041 0.631510 0.100622 0.664924
0.135719 0.731303 0.419187 0.485206 0.338092 0.470129
-0.016211 -0.046687 0.848166 -0.077003 -0.190922 0.059313
0.401243 0.692721 0.324860 0.680013 0.043699 0.425221
-0.281917 0.292072 0.039032 0.843265 0.154401 0.226756
-0.074431 0.734857 0.454175 0.657857 -0.070644 0.571081
-0.469870 0.076171 0.445483 0.287780 0.058659 0.047136
-0.118973 0.445436 0.643014 0.591543 0.090303 0.374669
0.165875 0.788966 0.367630 0.446291 0.170440 0.507848
-0.075099 0.752295 0.433750 0.570170 0.071858 0.470463
0.150156 0.723147 0.250849 0.412624 0.229913 0.390551
0.121219 0.919369 0.264559 0.250276 0.488671 0.197672
-0.061428 0.658369 0.557344 0.569594 -0.038806 0.489769
0.011209 1.007185 0.475857 -0.001885 -0.056703 0.785361
0.052131 0.935395 0.532141 0.102014 -0.019910 0.732254
0.207743 0.691542 0.243944 0.699340 -0.073374 0.801234
0.114825 0.342083 0.205274 0.440553 0.123117 -0.290466
-0.131521 1.094340 0.256023 0.338392 0.143793 0.462020
0.156971 0.545244 0.127078 0.656471 0.099137 0.215659
0.100244 1.017107 0.265695 0.202345 -0.111390 0.803343
0.076821 0.978346 0.447565 0.085597 -0.079532 0.815709
0.191151 0.401973 0.090969 0.531334 -0.749482 0.847638
-0.161969 0.750092 0.275473 0.661059 0.222214 0.351386
-0.241122 0.522510 0.027480 0.699330 0.571484 0.200882
-0.384456 0.456115 -0.202743 0.761846 0.354499 0.062058
0.086896 0.545397 0.061277 0.312053 0.204517 -0.049664
-0.277575 0.444421 0.116706 0.651775 0.274311 0.253869
0.030297 0.741046 0.521213 0.545341 0.169816 0.410416
0.488930 -0.456837 -0.378564 0.629845 0.137592 -0.695646
0.229309 0.869283 0.175327 0.373608 -0.149789 0.902798
