-0.418744 -0.283431 0.251846 0.412347 -0.472642 -0.345483
-0.406654 -0.269375 -0.060070 0.429062 0.088599 -0.483878
-1.381338 -0.014158 -0.260236 0.905508 0.379949 0.085383
-0.123883 -0.339181 0.588710 -0.760271 0.244262 0.586161
-1.035823 -0.655533 -0.078643 0.493877 0.191107 0.067285
-0.030468 0.211554 0.766090 0.113198 -0.193171 0.414210
-0.358077 0.818408 0.109535 0.023664 -0.445962 0.415264
-0.746939 1.006323 0.763165 0.796767 -0.185344 0.664247
-0.243910 0.136346 0.451610 0.720821 -0.432382 -0.070274
-0.042525 0.020768 0.570395 0.698493 -1.041158 0.236165
-0.583006 -0.158348 0.163305 0.301998 -0.162830 0.506107
-0.619658 0.248533 0.592672 0.530861 0.001725 0.288293
-0.637689 -0.401602 0.205702 0.803060 0.616835 0.011404
-0.390111 0.040835 -0.087219 0.431739 0.172070 -0.172993
-0.016971 0.345310 -0.091120 0.450789 -0.375027 -0.475946
-0.480970 -0.073484 -0.173630 0.266057 0.478695 -0.478782
-0.489060 -0.304207 -0.367515 1.022798 0.294118 0.230438
-0.524591 0.223844 0.317658 0.574711 -0.591927 -0.123600
-0.603810 -0.055298 0.438269 -0.389536 -0.239558 0.533973
-0.394529 -0.106971 0.074215 0.249186 -0.364058 0.127230
-0.146999 0.545769 0.215493 0.133261 0.163859 0.416242
-0.108358 -0.006781 -0.709451 0.546364 0.380271 -0.443123
-0.541506 0.424924 0.320902 -0.021582 -0.177233 0.558041
-0.236758 0.195407 0.345907 0.757864 -0.288989 -0.030880
-0.360529 0.524255 -0.499075 0.859439 0.218035 0.092325
-0.952110 -0.144551 0.499462 0.497932 -0.858284 0.345896
-1.214948 1.449226 -0.669831 -0.208061 0.032578 -0.128233
-0.561575 0.550600 -0.937484 0.798686 -0.906425 -0.515208
0.339516 0.682782 -0.984593 0.767825 0.070938 -0.440689
-0.783572 0.973858 -0.156254 -0.091295 -0.142533 0.667700
0.141899 0.662076 0.000980 0.050748 0.574336 0.071773
-0.334195 -0.339652 -0.157101 0.876968 -0.694024 -0.200899
-0.839112 -0.001747 -0.585668 0.636141 -0.203183 -0.236473
-0.325267 -0.247366 0.506411 0.219693 -0.083936 -0.208236
-0.101347 -0.277796 -0.355023 0.119462 0.310535 0.189184
0.084735 -0.097600 0.103114 0.000703 0.124470 0.193266
-0.243342 0.555511 0.494252 0.775600 -0.262888 0.416647
-1.009998 -0.272142 -0.357436 0.376718 -0.006566 -1.027422
-0.504579 0.150609 0.475630 0.369755 0.446208 0.092037
-0.605088 0.073759 0.248664 -0.104203 0.023458 0.389961
-0.198824 0.386149 -0.012098 -0.059787 0.259716 0.245989
-0.264406 -0.290327 0.349249 0.797615 0.021146 0.368492
-0.097974 0.369402 -0.009368 0.964626 0.158239 0.292482
-0.086628 -0.249537 0.360722 0.723353 0.537678 0.131820
-0.419698 -0.183783 0.158098 0.081267 -0.250059 0.671136
-0.204074 -0.814766 0.248924 0.585649 -0.487577 -0.022287
-0.404327 0.263175 -0.190657 0.415520 0.163901 -0.563229
-0.547827 0.727558 0.127938 0.662867 -0.508403 0.055641
-0.147369 -0.020444 0.181975 0.713363 0.187038 -0.238814
-0.334548 -0.303316 -0.661145 0.645436 0.024624 -0.041718
-0.235959 -0.012195 -0.184017 -0.095458 0.269061 0.311646
-0.134052 -0.282537 0.937815 0.219579 -0.450892 -0.245092
-0.311034 -0.100423 0.227988 -0.360968 -0.163734 0.288415
0.112842 -0.248053 0.211475 0.530076 -0.251213 0.003391
-0.354177 -0.229838 0.334184 0.734614 -0.402706 -0.053786
-0.525554 0.515311 0.214824 -0.043420 0.007609 0.473618
-0.151418 0.205227 0.033012 0.519888 -0.494957 0.859665
0.002753 0.565758 0.179748 0.466284 -0.820399 -0.430223
0.005493 -0.729036 0.867987 0.683769 -0.732609 0.213695
-0.078746 0.599904 0.346180 0.436937 0.066316 0.007892
-0.230750 0.351651 -0.093590 1.093999 -0.108256 -0.255754
-0.795868 0.459090 -0.301007 0.315924 -0.166906 0.322963
-0.066823 0.418827 -0.200308 0.896888 -0.367303 0.156553
-0.721024 -0.560644 0.630885 0.815535 -0.005077 -0.551508
-0.409018 0.135380 -0.226519 0.748029 0.144872 0.496757
-0.811238 0.527149 0.374110 0.096700 -0.134655 -0.134448
-0.373753 0.038962 -0.211080 0.860304 -0.279291 -0.224466
-0.372216 0.791051 0.197000 0.191351 -0.404899 0.124986
-0.593397 -0.029249 -0.219572 -0.503209 -0.351230 -0.280756
-0.310212 0.589020 -0.001425 0.576265 0.231090 0.145369
-0.326790 0.498842 0.082732 -0.136815 -0.630473 -0.077518
0.132197 -1.158120 0.467848 1.077989 -0.075436 -0.351839
-0.627181 0.733045 -0.466454 0.020415 0.038685 0.044599
-0.406654 -0.269375 -0.060070 0.429062 0.088599 -0.483878
-0.037850 -0.765685 0.438243 0.817373 -0.709910 -0.597864
0.072859 0.953384 -0.494497 0.698803 0.109035 0.055694
-0.535240 0.271411 0.008393 0.811328 0.351609 -0.308527
-0.271702 0.176861 0.083456 0.046471 -0.378444 0.019665
-0.524030 -0.033243 0.194617 0.644269 0.349303 0.067516
-0.557603 0.205640 0.211159 0.855769 -0.096652 -0.143529
-0.652957 0.478289 0.084869 0.204503 0.066152 -0.659272
-0.325532 0.110836 -0.292107 0.451062 -0.310283 -0.706098
-0.421598 -0.575023 -0.357516 0.685668 -0.320224 -0.658438
-0.565557 0.635305 0.110818 0.651645 -0.884434 -0.295575
-0.768255 -0.211794 0.756878 0.615892 -0.155327 0.055643
0.472545 0.210770 0.081790 0.563137 -0.622474 0.225265
-0.337801 0.617337 -0.269652 0.160959 0.046473 -0.061392
-0.309611 0.795074 -0.992686 0.265946 -0.081062 0.211054
-0.603365 0.271613 0.205286 0.636779 -0.539130 -0.325597
-0.086150 -0.035503 0.134933 0.373227 -0.341692 -0.118557
-0.631779 0.031277 -0.427681 0.989332 0.422638 0.031943
-0.795797 0.135590 -0.018724 0.366358 -0.656537 0.169598
-0.806788 0.012024 -0.515231 0.361139 0.250305 0.265383
-0.129497 -1.087937 0.008233 0.498546 -0.525467 -0.467911
-0.781411 0.548627 0.177779 0.549526 -0.200358 0.267309
-0.391797 0.160541 0.264491 -0.051928 -0.598932 0.204921
-0.665779 0.560428 0.031739 0.186119 -0.294471 -0.087766
-0.490946 0.560031 0.569987 0.496010 -0.037912 0.488572
-0.122375 0.204742 0.391856 0.198061 -0.531656 -0.018453
0.101455 -0.125536 0.643058 0.941405 -0.862548 -0.193720
-0.376523 -0.542423 -0.030784 0.800695 -1.004471 -0.209779
-0.195367 -0.254192 0.629594 -0.049643 -0.698389 -0.231780
-0.647683 1.192646 -0.500146 0.078084 0.036721 0.414456
0.609087 -0.121500 0.092298 1.117592 -0.283363 -0.228180
-0.520655 0.619431 -0.094829 0.278567 -0.457782 -0.555685
-0.732118 1.304386 0.334285 -0.238747 -0.099551 0.465258
-0.108487 -0.396548 0.576552 0.322081 -0.325158 -0.400013
-0.141909 0.714791 0.429586 0.044641 0.045545 -0.234810
-0.263382 0.336009 0.349523 0.561312 0.310016 -0.263754
-0.248120 0.033221 0.597013 0.673730 -0.383984 -0.256472
-0.458083 0.272184 -0.030414 0.899356 -0.049473 -0.740661
-0.397101 0.484372 0.278691 0.179752 -0.098201 -0.265920
-0.572696 0.635343 0.409251 0.102415 0.270370 0.088154
-0.569292 0.339154 0.433013 0.322813 -0.021234 -0.091813
-0.800712 0.515152 0.581841 0.495167 -0.731474 0.335048
-0.307837 0.171123 -0.330390 1.073293 -0.421312 0.496139
-0.354697 -0.006335 0.396080 0.719825 0.085675 -0.146976
-0.625032 0.090622 0.507567 0.471926 0.001676 0.050904
0.120571 0.035810 0.560694 0.396732 -0.415003 -0.234728
0.082016 0.083665 0.912245 0.529129 0.066656 -0.229881
0.152446 -0.148737 -0.610283 0.739032 -0.210049 0.093041
-0.366146 -0.255771 0.442114 0.580342 0.116180 -0.528960
-0.690419 0.196986 -0.258044 -0.195220 -0.022436 0.146497
-0.704370 0.506336 -0.580772 0.425771 0.318408 -0.076659
-0.907267 0.996176 -0.051713 0.110841 0.169389 -0.263411
-0.352729 -0.313380 -0.367095 0.958200 0.176642 -0.426926
-0.830487 0.778694 0.259700 0.632813 0.078865 0.146958
-0.386202 0.041836 -0.450527 0.190371 -0.203580 -0.074486
-0.852387 0.354780 0.145297 0.324733 -0.109181 -0.048347
-0.944347 0.512313 -0.135959 0.231192 0.022579 0.359765
-0.223324 -0.234852 0.481774 0.607516 -0.299672 -0.131862
-0.678118 0.816640 -0.227397 -0.153755 -0.175556 -0.117807
-0.440789 0.122724 0.520751 1.089463 0.405352 0.043807
-0.222368 -0.535936 -0.032730 0.982996 -0.237251 -0.521713
-0.850987 0.313252 -0.207276 -0.216080 0.341591 -0.382681
-0.326384 -0.194462 0.179524 0.124263 0.325054 -0.274878
-0.268712 -0.427602 -0.011701 -0.098353 -0.372857 0.353353
-0.433128 0.157581 0.168470 0.575873 -0.268097 0.108177
-0.961181 -0.060636 0.018319 0.892053 -0.322479 0.134154
0.136681 -0.711309 -0.766296 0.788822 0.563519 -0.444048
-0.588703 0.047561 -0.159858 0.392509 -0.332607 0.051173
-0.065166 0.231978 -0.504282 0.067473 0.167575 0.027919
-0.283638 -0.224392 0.133603 0.859782 -0.396354 0.251987
-0.751674 0.387693 -0.467623 0.421729 -0.025923 -0.134180
-0.389454 -0.751368 -0.107361 1.332571 -0.223716 -0.103481
-0.476867 0.991465 0.121078 0.233854 0.179982 0.540329
-0.713866 0.881990 0.120577 0.499700 0.240206 0.141118
-0.346112 -0.082779 0.159540 0.659863 -0.209390 0.377720
-0.712885 0.410426 0.540127 0.517620 -0.433152 0.158612
-0.317170 -0.223344 0.065950 1.158920 -0.447724 -0.150871
-0.718163 0.541963 -0.621265 0.225375 -0.122606 0.107782
0.171462 -0.057402 -1.015596 1.261855 0.290762 0.177520
0.103826 -0.624078 -0.397899 1.425984 0.379430 0.000437
-0.339755 0.088011 -0.022537 0.730172 0.182142 0.270167
0.285871 -0.502964 0.187984 0.932775 -0.339146 -0.853435
-0.430406 0.390976 0.168581 0.531820 -0.751296 -0.177630
-0.265065 0.278316 -0.307068 0.600721 -0.534240 -0.274510
-0.670369 0.277194 -0.022053 0.001687 -0.454434 0.195619
0.125455 0.102569 -0.199636 0.898221 -0.355242 -0.474776
-0.770515 -0.351138 -0.167235 -0.031375 0.002444 0.579465
-0.108713 0.300632 0.094407 0.949130 -0.056433 -0.331462
-0.277954 -0.080833 0.777990 1.355826 -0.588977 -0.291052
-0.397032 -0.653656 0.097058 0.448052 -0.102938 0.091240
0.111969 0.707664 0.021678 1.091291 0.244182 0.439773
-0.476800 0.856742 -0.116074 0.199678 0.170401 0.387835
-0.405401 -0.405096 0.060209 0.471336 -0.136335 -0.080849
-0.265667 0.599389 -0.275629 0.971400 0.041823 -0.291518
-0.328675 0.986202 0.167521 0.333441 -0.080513 0.344027
-0.508606 -0.389910 -0.243991 0.152260 0.360266 -0.040863
-0.292935 -0.424572 -0.282901 0.124974 -0.329477 -0.539720
-0.166431 -0.040194 -0.374008 0.522577 -0.139869 -0.533358
-0.537883 0.124319 0.086994 0.718551 0.117298 -0.584786
-0.471162 -0.244562 -0.097365 0.709571 -0.538033 -0.353205
0.046552 -0.408711 -0.574480 0.674649 -0.243001 0.455222
-0.795205 0.090942 0.468713 0.615465 0.633185 -0.381199
-0.523149 -0.378466 -0.168414 1.006902 -0.095931 -0.168528
-0.222013 -0.718133 -0.085809 0.558077 -0.434443 -0.498026
-0.431378 0.436362 0.031408 0.230574 0.522512 -0.113860
0.218614 0.140597 0.113840 0.819419 -0.487992 -0.575936
0.014178 0.027601 0.762000 1.553079 -0.302047 0.004457
-1.115625 -0.411680 0.064721 0.834618 0.454166 -0.241823
-0.203428 0.054238 -0.103238 1.307546 -0.298473 -0.441243
-0.790661 0.374955 0.478188 0.969588 -0.125709 0.398128
0.184119 -0.463031 0.115061 0.451957 -0.069527 0.035387
-0.759301 0.567898 -0.095358 0.415320 0.562375 0.172401
-0.708808 0.220905 -0.308387 0.413908 -0.297168 -0.494055
-0.305772 -0.095370 0.400188 0.439795 -0.480771 -0.558406
-0.647664 0.317404 0.334722 0.667167 0.018610 0.142645
-0.140824 0.115403 0.134720 0.565800 -0.826516 -0.346439
-0.497679 -0.675833 -0.258066 1.053295 -0.204340 -1.652244
-0.252321 0.604501 0.378895 0.789843 0.018219 0.173636
-0.531679 -0.126889 -0.359205 1.242570 -0.154535 -0.749555
-0.618472 -0.485000 0.479900 1.112014 -0.236405 0.436896
-0.197392 0.650245 0.249284 0.591123 -0.192794 0.039681
-0.269402 -0.110530 -0.117570 0.391898 0.296220 -0.526634
-0.274452 1.105254 0.089858 0.407059 -0.120703 -0.137786
-0.349545 0.309046 0.219277 0.847788 -0.141783 -0.076281
-0.580264 0.850044 0.268346 0.749195 -0.315123 -0.344050
0.134328 0.458345 0.561622 0.529462 -0.635964 0.294798
-0.186091 0.303195 0.519841 0.625700 -0.397712 -0.380459
-0.390111 0.040835 -0.087219 0.431739 0.172070 -0.172993
-0.708327 0.289454 -0.056140 1.019660 -0.311806 0.089642
-0.605930 0.235460 0.390394 0.098783 -0.592402 -0.562660
-0.409946 0.450284 0.154573 0.508688 0.227831 -0.022689
-0.508451 0.148561 0.067475 0.298097 0.555853 0.044405
-0.480970 -0.073484 -0.173630 0.266057 0.478695 -0.478782
-0.350675 0.660865 0.521041 0.444750 -0.079076 -0.390846
0.039525 0.527729 0.139424 1.060898 -0.503044 -0.158469
0.095452 0.250723 -0.261511 0.574231 -0.139863 -0.123439
0.184119 -0.463031 0.115061 0.451957 -0.069527 0.035387
0.024529 -0.069497 -0.349581 0.689759 0.208909 -0.483853
0.027523 -0.052555 0.469976 0.882901 -0.880664 -0.367624
0.020489 0.584312 0.424983 0.437237 0.337275 0.275174
-0.195866 0.521412 0.571616 0.147090 -0.555938 -0.282631
0.336199 0.662994 0.235764 0.396983 0.204151 0.360173
0.053785 0.790439 0.685662 0.469859 0.170222 0.513893
-0.039377 0.490896 0.958780 0.168325 0.002345 0.446816
0.303306 0.561519 0.261683 0.164134 -0.126549 0.422671
-0.258609 0.796210 0.579198 0.411019 -0.642108 0.380459
-0.127058 0.592361 0.149100 0.649029 0.277324 0.213383
0.215872 0.915673 0.520257 0.446710 0.031464 0.650225
0.050296 0.669317 0.232074 0.684012 0.051251 0.559683
-0.013574 0.603192 0.203855 0.715139 0.130799 0.505800
0.280456 0.802105 0.368456 0.479606 -0.088715 0.750727
0.010070 0.707499 0.117770 0.666742 0.093684 0.523743
0.003926 0.719807 0.416619 0.677010 0.215784 0.550655
0.213057 0.823337 0.693182 0.377781 0.206433 0.543836
0.099259 0.676866 0.041995 0.527526 0.170252 0.369443
0.289332 0.753504 0.381138 0.485589 0.078258 0.659442
-0.011032 0.565736 0.360499 0.661579 0.336442 0.328216
0.182895 1.088204 0.563709 0.155828 0.531548 0.064969
0.127542 0.770459 0.383291 0.559903 -0.042411 0.636458
0.214225 0.707803 0.266503 0.534710 0.022547 0.614433
0.167257 0.760165 0.390995 0.546383 0.050297 0.629399
0.261902 0.733953 0.229126 0.471153 0.487615 0.373521
0.054984 0.741545 0.517766 0.497858 0.294226 0.270602
-0.177429 0.206932 -0.370217 0.831232 -0.441409 0.010017
0.225055 0.698174 0.128381 0.512400 0.005148 0.643358
-0.184253 1.061353 0.467325 0.403448 0.167601 0.444825
-0.411372 0.300184 0.237249 0.474237 -0.079652 0.237249
0.043829 0.809780 0.508590 0.489879 0.176023 0.437815
0.045210 0.619823 0.317918 0.762992 -0.061206 0.593008
0.062951 0.762197 0.278392 0.571042 -0.009945 0.531471
0.122328 0.705982 0.229520 0.578057 0.105758 0.487139
0.043003 0.735921 0.347629 0.632210 -0.175621 0.675732
0.131427 0.593854 0.273521 0.621010 0.245496 0.422983
-0.007215 0.770355 0.542623 0.453637 0.265265 0.357732
-0.077654 0.741170 0.425810 0.556993 0.189938 0.393160
0.067002 0.828817 0.470375 0.495419 -0.003960 0.510252
-0.084212 0.212171 -0.185482 0.718310 0.435514 0.114848
-0.016259 0.777708 0.704597 0.525525 0.148084 0.411316
0.063563 0.189960 -0.000081 0.356886 -0.095509 0.113094
0.017456 0.361490 0.413555 0.430759 -0.533559 0.704073
-0.299942 0.485986 -0.559676 0.212399 -0.327750 -0.258078
-0.146085 0.550375 0.033129 0.674267 0.346937 0.360524
