-0.729943 -0.387217 0.399369 0.162234 0.210957 -0.788595
-0.097550 -1.390805 0.237100 0.720508 -0.110713 -0.310201
-0.199362 0.355351 -0.528841 0.371270 -0.103291 0.266715
0.618091 -0.669837 0.668250 0.425072 0.152652 -0.179560
-0.583060 0.449230 -0.285931 0.055593 0.189824 0.129548
-0.133573 0.317407 0.205317 0.594068 -0.510121 0.579545
-0.770846 -0.088909 -0.280174 0.358539 -0.204025 0.333143
-0.501744 -0.138608 -0.165205 0.207945 0.141319 -0.649341
-0.515964 -0.407614 0.129581 0.422719 -0.189664 -0.425903
-0.595007 -0.734867 0.077462 0.349844 -0.576379 -0.602369
-0.465669 -0.733699 -0.332021 0.668046 -0.407728 -0.534913
-0.377901 -0.594353 0.455928 -0.122561 -0.441992 -0.128930
-0.086753 -0.252454 -0.280734 0.136247 -0.315213 -0.617038
-0.171449 0.929691 -0.020325 0.733310 -0.014776 0.060714
-0.730261 0.205027 -0.314244 0.624511 0.030158 -0.028389
-0.165669 -0.589195 -0.188923 0.470752 0.207139 -0.115248
-0.179288 -0.589192 0.475277 0.088095 -0.338602 -0.075465
-0.207608 0.468572 0.295827 -0.046589 0.008817 0.119376
-0.441390 0.174843 0.254477 0.413357 -0.633466 -0.174689
-0.114242 0.263501 -0.010437 -0.143434 -0.676651 -0.158260
0.253797 0.167362 0.189052 0.430139 0.053888 -0.095502
-0.769009 -0.080914 0.204029 0.011969 0.158575 -0.117780
-0.025871 0.247912 -0.368927 0.308152 -0.035164 -0.032585
-0.616540 0.022969 0.200694 0.443816 0.057310 -0.526574
-0.680395 0.508743 -0.051883 0.385065 -0.348446 -0.396554
-0.141375 -0.144309 0.158878 0.518431 -1.110066 -0.320633
-0.112762 -0.005421 0.675787 -0.572500 -0.339787 -0.174367
-0.182674 0.245558 0.283166 0.787280 -0.522058 -0.600127
0.031572 -0.009326 0.105606 0.322751 0.106713 -0.715574
0.301296 -0.140926 0.304308 0.300043 -0.424788 -0.377637
-0.965993 0.022425 -0.340127 0.366808 0.161735 0.320912
-0.328516 -0.030438 0.384374 0.345609 -0.257634 -0.439085
-0.118064 -0.257521 1.240049 0.175029 -0.186448 0.137218
-0.116561 0.106463 0.684089 0.604214 -1.099765 -0.260414
-0.808601 0.477298 0.024305 -0.005622 0.514331 -0.238950
-0.455309 -0.175488 0.261470 0.950228 0.094445 0.149473
-0.305881 -0.202753 0.122468 0.918534 -0.054207 0.088465
-0.455267 -0.356718 0.748859 0.530093 -0.188245 -0.042297
0.311441 0.234633 0.024101 0.258228 -0.808930 -0.320731
0.058181 -0.202769 0.118599 0.292202 -0.429950 0.259508
0.473426 0.428948 0.414565 0.293929 0.222840 0.186078
-0.693669 0.839147 0.016493 0.434597 -0.544078 0.536738
-0.653015 0.470152 0.658983 0.441798 -0.427095 0.608645
-0.238739 -0.467757 0.095439 0.039651 0.518620 -0.145544
-0.425396 -0.133754 0.347348 0.698323 -0.206665 0.752954
-0.595918 -0.356533 0.184204 0.311219 0.263441 0.128035
-0.046510 -0.702754 0.590377 0.683912 -0.084511 0.101848
-0.239284 -0.711453 0.255379 0.886865 -0.537673 0.194463
-0.655938 0.182953 0.113880 0.714038 0.227697 -0.126575
-0.221776 0.285405 -0.283932 -0.655939 -0.034361 -0.306524
-0.683389 -0.421869 -0.299704 0.474668 -0.425924 -0.600569
-0.296110 0.256073 -0.000559 0.796439 -0.209278 -0.399915
-0.428814 0.187755 0.310665 0.927946 -0.349794 -0.032044
-0.812187 0.070508 -0.464907 0.393087 0.270807 -0.733588
-0.540294 -0.025661 0.803135 0.622800 -0.759117 0.226904
-0.485474 0.252808 0.220622 -0.429377 0.447833 -0.030211
0.258431 -0.393008 -0.569383 0.886853 -0.330274 -0.335707
-1.084619 0.041074 0.185950 0.295730 0.244381 -0.247978
-0.582306 -0.327214 -0.350476 0.387319 -0.596223 -0.508063
-0.230054 0.713645 0.074964 0.313296 0.093395 -0.065736
-0.311969 -0.177784 0.128463 0.674118 0.002694 0.150572
-0.163979 -0.247601 -0.068388 -0.044765 -0.285302 -0.256953
0.002137 0.837341 0.265778 0.133628 -0.057856 -0.087407
-0.369975 -0.075029 -0.074062 -0.223608 -0.824181 -0.301607
-0.960679 -0.194572 -0.071914 -0.244349 -0.424741 -0.492980
-0.269100 -0.092782 0.318266 0.316524 0.436191 -0.139632
-0.328181 0.055413 0.567749 -0.018450 -0.244682 0.311788
-0.168042 0.616868 -0.015551 0.312607 0.047961 0.151019
-0.774978 0.114613 0.267581 -0.038441 -0.272612 -0.027468
-1.098664 0.349073 -0.389001 0.001365 -0.602165 -0.174750
-0.299365 -0.470458 0.086048 1.016141 0.319661 -0.113728
-0.007586 -0.140958 0.209490 0.115337 -0.468227 0.246639
-0.180139 0.427831 0.022769 0.041229 0.549633 -0.126670
-0.029192 -0.958348 0.260558 0.271910 0.217986 0.060916
-0.662073 0.299073 0.499616 -0.115002 -0.177479 0.040278
-0.967151 -0.529230 -0.068258 0.247962 0.471450 -0.377987
-0.046506 0.550141 -0.448891 -0.114480 -0.207191 0.363180
-0.579743 0.848743 -0.056539 0.417853 -0.222726 -0.514752
-0.638270 0.621413 0.510021 0.584434 -0.234826 0.513943
0.067084 0.135063 0.453640 -0.081768 0.323457 0.017106
-0.186590 -0.483137 0.504882 -0.008775 0.242248 -0.362813
-0.620063 0.686508 0.227604 -0.198319 0.054189 0.368047
-0.531544 0.663811 -0.550500 -0.283968 0.038975 0.499611
-0.693059 0.549846 -0.137819 0.283591 -0.321790 0.814284
-0.468814 -0.098548 -0.506764 -0.006424 0.320069 0.395580
-0.588331 0.293270 0.619637 0.445215 0.322257 0.215931
-0.162001 -0.064130 -0.679354 1.021397 0.196550 -0.486779
0.282248 0.251031 -0.109714 -0.311625 -0.429558 0.231027
-0.883859 1.188335 -0.365425 0.023880 0.647631 0.167047
-0.654942 0.111551 -0.130304 0.163562 -0.127690 -0.485581
-0.681212 0.763469 -0.307914 0.328828 -0.021676 -0.236183
-0.127171 0.376543 0.391412 0.006258 -0.363902 -0.123394
0.394858 -0.827988 -0.558954 1.299803 -0.591707 -0.267072
-0.595675 0.298942 0.440063 -0.089003 -0.560880 -0.304871
-0.832092 -0.366595 -0.327539 0.709248 -0.331395 -0.051493
-0.248864 0.364941 0.456496 0.820559 -0.273164 0.595366
-0.375249 -0.253535 0.391563 0.441878 -0.352357 0.999935
-0.813599 0.370207 0.620714 0.415740 -0.150884 -0.650432
-0.271230 0.198415 -0.010594 0.607593 -0.531167 -0.452718
0.093262 -0.400205 0.400316 0.366207 -0.185703 -0.213309
-0.324585 0.373617 0.174298 0.297913 -0.383534 -0.437846
0.077180 -0.406064 0.261370 0.365781 -0.421006 -0.158700
-0.263241 0.561236 0.027221 0.506059 -1.030594 0.005136
-0.258909 0.667702 0.476409 -0.129875 -0.623121 -0.039696
-0.383906 -0.107263 -0.071230 0.096279 0.137545 -0.164997
-0.664474 0.035633 0.617989 0.210662 -0.299189 0.601204
-0.327602 0.412456 -0.705551 0.717162 0.038489 -0.294498
0.255390 0.078012 0.232722 1.016940 -0.904674 -0.400907
0.040580 -0.127670 0.682724 0.606113 -0.696488 -0.429050
-0.311884 0.250331 0.628042 0.603601 -0.398304 -0.381815
-0.536121 1.491431 -0.294447 0.137117 0.223971 0.257336
-0.654407 0.174294 -0.315651 0.673719 0.188645 -0.107314
0.173668 -0.499115 -0.463846 0.132772 0.098911 -0.295876
-0.264519 0.191549 0.339952 0.784734 -0.425911 -0.497901
0.067084 0.135063 0.453640 -0.081768 0.323457 0.017106
-0.396336 0.175684 -0.228758 0.673213 0.222589 -0.418705
0.025370 0.467766 0.833178 0.541851 -0.088567 0.216833
0.124989 0.615697 0.171257 0.309079 -0.148350 -0.074963
-0.137380 0.820916 0.263503 0.503985 -0.147878 0.222369
0.251391 0.825378 0.549433 0.096865 0.089632 0.550277
0.107292 0.792160 0.346500 0.522742 -0.118238 0.653048
-0.015421 0.812571 0.379100 0.331870 0.266583 0.419633
0.274152 0.699024 0.207723 0.474508 -0.019652 0.696662
0.121796 0.801653 0.418904 0.458944 0.232002 0.320257
0.144782 0.643145 0.389664 0.611469 0.113067 0.567393
0.158022 0.787996 0.310794 0.503278 0.029818 0.592265
0.219965 0.748195 0.294754 0.481487 -0.081539 0.832910
-0.018963 0.633169 0.324680 0.631824 0.104817 0.455743
0.099655 0.791732 0.323425 0.505393 0.348590 0.431220
-0.018886 0.473378 0.445781 0.727311 -0.201223 0.100069
0.309880 0.875530 0.444409 0.462794 -0.004397 0.803117
0.068821 0.831489 0.491009 0.443367 0.233117 0.325647
0.257296 0.775086 0.347251 0.498927 -0.023248 0.699942
0.039530 0.767462 0.530395 0.440459 0.261982 0.283771
0.001359 0.390281 0.430855 0.814279 0.172156 0.212767
-0.258407 0.750855 0.080172 0.581665 0.175988 0.266895
-0.160519 0.558187 0.016753 0.421340 0.211654 0.301532
0.090755 0.764182 0.390385 0.521586 0.029111 0.592317
0.002894 0.342344 0.572032 0.565060 0.393692 0.465865
0.072149 0.632009 0.317327 0.599234 0.363822 0.426909
0.117642 0.752065 0.392696 0.438619 0.397850 0.024381
0.115503 0.621431 0.250381 0.670417 0.440824 0.468507
-0.233393 0.746608 0.313010 0.594565 0.277511 0.207897
-0.453059 0.424622 0.272404 0.689409 -0.029940 0.188439
