-0.511555 0.385374 -0.605471 0.036053 0.129271 1.001846
-0.165232 -0.288619 0.098691 0.519954 -0.094261 -0.025481
-0.503914 -0.104164 -0.085891 -0.061529 0.214730 -0.036446
-0.368693 0.183746 0.204671 0.662727 -0.191352 -0.505472
-1.206106 0.151570 0.532962 0.230458 0.079957 -0.132143
-0.779730 0.554127 -0.497465 0.310103 -0.367647 0.018514
-0.595874 -0.111928 0.781456 0.312883 0.155052 -0.097167
-0.230664 -0.630235 0.217891 0.751749 -0.508116 0.341922
-0.066816 -0.024358 0.885454 0.340971 0.301697 -0.330673
0.172234 0.178593 0.155466 -0.172042 -0.680765 0.106798
0.069151 -0.914909 -0.007913 0.924849 0.168085 -0.603093
0.042578 -0.252314 -0.034012 0.232788 0.239093 -0.689987
-1.125716 -0.344665 -0.240343 0.565878 -0.259008 -0.114421
-0.177594 0.269967 -0.677355 0.059297 -0.164499 0.368253
-0.505719 0.371396 -0.009414 0.462495 -0.404515 0.756851
-0.386115 -0.252700 -0.146079 0.521012 0.063420 0.273739
-0.200471 -0.028816 -0.506194 0.061027 0.745107 0.551834
-1.017085 0.885282 -0.205418 0.523284 -0.008854 0.394214
-0.204688 0.211627 -0.299848 0.477225 0.064482 0.165950
-0.353761 0.131614 -0.136026 0.771760 0.418024 0.118866
-0.205347 -0.649520 0.271098 0.297192 0.591686 0.230115
-0.468961 -0.259765 0.275426 -0.216746 0.030046 0.326387
-0.871695 0.126990 -0.579439 -0.023201 0.390966 -0.635386
-0.648365 0.177254 -0.834203 0.629724 -0.794454 -0.551871
-0.850593 0.021880 -0.473236 0.894385 0.376928 0.108897
-0.795917 0.888171 0.382923 -0.072208 0.125006 -0.322326
-0.300100 1.426599 0.366137 -0.154402 -0.502740 0.051381
-0.408502 0.844382 -0.009395 0.586232 -0.133599 0.008372
-0.483494 0.443086 0.102604 -0.095259 0.398736 0.154544
0.296647 -0.344468 0.070728 0.816926 -0.000452 -0.457792
-0.657811 -0.294653 -0.505665 0.303207 -0.125451 0.250558
-0.660698 0.525706 -0.016156 0.169995 -0.250074 -0.017300
-0.406924 -0.251439 0.331056 -0.380623 0.149413 0.837513
-0.352121 0.184313 0.187294 -0.037031 0.420602 0.417437
0.044551 0.185809 0.162060 0.817756 0.129120 0.459680
0.029319 -0.884171 -0.177122 0.606162 0.065541 -0.425004
0.066859 0.107430 -0.031021 0.040265 -0.127041 -0.343212
-0.252123 0.545040 0.082135 -0.028946 0.013644 -0.250420
-0.961348 0.285524 0.254435 0.553073 0.324448 0.226076
-0.389901 0.117953 -0.429999 0.474388 0.024393 -0.299004
-0.297376 -0.070871 -0.220432 0.725056 -0.311124 0.081791
-0.801878 0.239926 0.052683 0.858582 -0.316499 0.600597
-0.822365 0.591558 0.107106 0.153641 -0.234935 0.503839
-0.043715 -0.124056 0.615202 0.235591 -0.316388 -0.134898
-0.088414 -0.867087 0.111284 0.750934 -0.145710 0.345111
-0.829506 0.154156 -0.427890 0.479321 0.917024 0.100409
0.079511 0.183797 0.293887 0.845115 0.027283 0.068901
-0.585257 0.294310 0.518975 0.192470 0.266765 0.201933
-0.186832 -0.514976 0.038386 0.935007 0.293641 -0.328555
-0.371961 0.007822 0.011254 1.146219 0.475147 0.272730
-0.533267 -0.465795 -0.304476 0.630478 -1.143320 -0.270853
-0.263254 0.454973 -0.159279 0.692361 0.139858 0.622721
-0.489099 0.332480 0.245700 0.426436 0.097459 -0.883246
-0.859469 0.493736 -0.083322 0.376829 -0.238172 0.481000
-0.432726 0.396634 0.203524 0.416490 -0.143651 0.702242
-0.824270 -0.200391 -0.067295 0.072474 -0.120162 -0.284518
-0.667718 0.420562 0.392283 0.250076 -0.133854 0.024061
-0.541234 0.780441 -0.124713 0.563895 -0.021046 0.547605
-0.202129 0.558553 -0.154178 0.811467 0.100305 -0.174956
-0.325669 0.312236 0.139908 0.268203 -0.110658 0.119628
0.043454 0.115113 -0.212396 -0.029788 -0.013130 -0.296029
-0.903877 0.333852 0.397733 0.765186 0.313651 0.351461
-0.707568 0.559657 0.192283 0.749515 -0.062049 0.469304
-0.592774 -0.158159 -0.079154 0.403655 -0.731674 -0.075029
-0.458243 0.211725 0.008318 0.494869 0.047179 0.365692
-0.343224 -0.279740 0.215492 0.364827 -0.607016 -0.391967
-0.125124 -0.330539 -0.009390 0.312617 -0.150440 -0.287717
-0.531592 0.030096 0.625789 0.542010 -0.436025 0.381685
0.021211 0.579895 0.577358 -0.004079 -0.694082 0.100960
-0.765428 0.447567 -1.192034 -0.012298 0.162045 -0.175726
-0.520049 0.172083 0.438874 0.604289 -0.215365 0.839729
-0.031204 0.084661 -0.317068 0.336472 -0.043796 -0.209883
0.187000 -1.636314 0.459648 -0.030399 -0.287549 -0.034604
-0.459924 0.034296 -0.217777 0.930135 0.152600 -0.268703
0.270362 0.149281 0.341868 0.510779 -0.172640 -0.220555
0.134641 0.301826 0.340938 0.093820 -0.435724 0.490510
-0.704446 0.367842 0.136315 0.314047 0.176934 -0.700176
-0.317498 0.130120 0.344787 -0.255810 -0.346401 0.341394
-0.377891 0.715608 0.412580 0.060980 0.924241 0.292530
-1.034984 0.449689 -0.405553 -0.175457 -0.488353 -0.320921
-0.391655 0.095334 0.448149 0.690076 -0.332480 0.694102
-0.485568 0.160520 -0.022517 0.529082 0.385112 -0.016336
-0.753465 0.216009 0.068095 0.077276 0.245061 0.006137
-0.881519 0.317714 -0.111699 0.328694 -0.238279 0.709174
-0.483529 0.108385 0.072812 -0.461816 0.531769 0.350454
0.120149 0.035256 0.029864 -0.294806 0.183122 -0.181871
-0.468849 -1.159692 -0.186180 0.023635 0.302806 -0.306528
-0.726347 0.252194 -0.234752 0.478122 -0.272321 0.155936
-0.308199 0.515647 0.354888 0.846275 0.274213 -0.703489
-0.189713 -1.307235 0.232396 0.442632 -0.601802 -0.455319
-0.035885 -0.476641 0.352543 0.336955 -0.681380 -0.078350
-0.717457 -0.105220 -0.146288 0.417102 -0.126005 -0.030289
-0.512888 -0.443157 0.211774 1.138744 -0.123361 -0.705121
-0.288904 -0.177774 0.110520 0.282814 0.307741 -0.393686
0.018564 -0.341347 0.163076 0.660135 0.248824 -0.250278
-0.056840 0.738632 0.169571 0.084041 -0.025250 -0.440208
-0.800403 0.669395 -0.045847 -0.007009 0.183826 0.027044
-0.191113 -0.024816 -0.775934 0.474651 0.204852 0.575312
-0.908095 1.228968 0.269891 0.115629 -0.070524 -0.090999
-0.419479 1.118976 -1.334305 -0.004673 -0.562528 0.296918
-0.377511 0.477635 0.244009 -0.319550 0.017815 -0.363115
-0.292946 -0.511214 -0.160345 0.435863 -0.018260 -0.265010
-0.434251 0.061436 0.490232 0.333576 -0.773994 0.263676
0.270362 0.149281 0.341868 0.510779 -0.172640 -0.220555
-0.211693 0.146025 0.311250 0.734808 -0.167551 -0.033224
-0.431854 0.286320 0.718919 0.679122 0.193163 -0.295929
-0.243802 -0.004486 0.463054 0.750943 -0.233298 0.253735
-0.341394 0.543447 0.410746 1.308542 -0.264907 0.222599
0.066837 0.686099 0.644017 0.610167 0.268012 0.316962
-0.119063 0.786394 0.575108 0.426062 0.284062 0.241310
-0.053029 0.860043 0.414183 0.470520 0.211512 0.612001
0.004206 0.741286 0.305007 0.571294 0.220013 0.324226
0.148623 1.025918 0.447328 0.027957 0.136321 0.537201
0.014271 1.012557 0.198858 0.078191 -0.014921 0.632206
-0.103456 0.690354 0.387279 0.720575 0.150821 0.464237
-0.118497 0.659441 0.469705 0.501367 0.272946 0.170332
0.023482 0.612040 0.445870 0.545570 0.248784 0.308534
-0.446756 0.698248 0.174470 0.393016 0.429266 0.366588
0.268167 0.940769 0.358165 0.376731 0.079516 0.668916
-0.068467 0.675323 0.498717 0.447697 0.365652 0.043815
0.001250 0.341839 -0.110265 0.830504 0.187462 0.483949
0.232686 0.792546 0.221299 0.483794 0.140192 0.491388
0.195069 0.847788 0.644628 0.446189 0.050381 0.639742
-0.265070 0.758032 0.633100 0.638089 -0.071925 0.044091
0.270971 0.919502 0.454358 0.215490 0.428180 0.396241
0.049973 0.864852 0.615705 0.461641 0.115581 0.470900
-0.091463 0.765437 0.456180 0.504612 0.303872 0.155770
0.154130 0.883935 0.579624 0.343152 0.250762 0.343812
