0.161811 -0.693267 0.434984 0.009611 -0.955509 -0.379535
-0.455681 1.038267 0.188539 0.595696 0.326176 0.133556
-0.355074 -0.726997 0.774820 0.322926 -0.772058 -0.456984
-0.610926 0.487110 0.042933 0.397415 -0.570436 -0.431916
0.272232 -0.537543 -0.165868 0.276134 -0.065026 0.195669
-0.402181 0.266582 0.493401 0.222455 -0.571337 0.618487
-0.245654 0.663306 -0.183334 0.190652 0.137177 0.026698
-0.505503 0.210780 0.000749 0.157363 -0.346689 -0.180382
-0.631646 0.029700 -0.033728 0.226222 0.084900 0.584746
-0.551086 0.059528 0.933139 1.025635 -0.172867 0.304936
-0.334928 -0.445059 0.765926 0.027206 -0.116900 0.110864
-0.368238 0.732867 0.035368 0.231359 0.003918 0.140153
-0.064929 0.339330 0.381296 1.222633 0.066947 0.273529
-0.153433 0.760389 0.860928 0.518987 0.071621 0.026978
-0.362283 0.452188 0.398771 0.529829 0.396986 0.965466
-0.305948 -0.060150 -0.272708 0.709503 -0.408561 -0.158087
-0.117637 0.045688 -0.306836 -0.009346 0.261432 -0.147775
-1.076124 0.409562 0.322193 0.364360 0.292279 0.601174
-0.007261 0.044140 -0.335552 0.938843 -0.275669 -0.071391
0.239925 -0.257721 0.277372 1.265592 -0.438039 0.311207
0.036173 0.287899 -0.169011 0.445449 -0.288042 0.039941
-0.149542 0.358232 -0.651888 1.023784 -0.157838 -0.132990
-0.657445 -0.757000 0.424373 0.053117 -0.404837 -0.380750
-0.448356 0.703150 0.310908 0.485720 -0.026702 -0.220216
-0.316026 0.233249 0.194940 0.659264 -0.184651 -0.353856
0.012801 0.592573 0.002779 0.672031 -0.425003 -0.091139
-0.660367 0.340192 -0.354545 0.226273 -0.122272 0.104836
-0.465863 0.162205 0.193648 0.168404 -0.386041 0.209034
-0.299257 -0.045092 0.066660 0.784213 0.168329 -0.079737
-0.268251 -0.006976 0.291565 0.412268 -0.365939 -0.113005
-0.395153 0.383334 -0.267349 0.915119 0.151651 -0.455223
-0.581855 0.027533 -0.149207 0.073565 -0.471252 -0.282609
-0.103422 -0.656699 0.325078 0.891725 -0.055740 -0.680087
-0.698947 0.396052 0.362713 0.140760 -0.134768 0.086800
-0.648434 0.504266 0.226589 0.588364 -0.106990 -0.189077
-0.616862 0.223944 0.190452 0.831486 -0.102133 0.483262
-0.610309 0.355184 -0.080720 -0.303571 0.387758 -0.002408
-0.646125 0.271253 0.052839 0.967702 -0.947255 0.369718
-0.665680 0.915816 -0.092941 0.216278 -0.131987 -0.371216
-0.217676 0.409690 -0.388634 0.325248 -0.107421 -0.186048
-0.147091 -0.515650 0.252684 0.497418 -0.142161 -0.650622
-0.868590 1.399897 0.182307 0.092486 0.162445 -0.021780
-0.148928 -0.165361 0.373672 0.612077 0.092674 -0.381188
-0.333546 -0.272722 0.154208 0.621274 -0.040261 -0.670317
-0.377613 -0.752060 0.322973 0.345479 -0.001699 -0.092156
-0.484686 -0.421895 -0.267459 0.935184 -0.072991 -0.753968
-0.567951 -0.393573 -0.247782 0.894701 0.078584 -0.686981
-0.187036 -0.668836 0.211381 0.511305 -0.147001 -0.625328
-0.164093 -0.037546 -0.073979 0.797343 -0.060665 -0.458384
0.020126 -0.593891 0.056315 0.844438 0.098793 -0.475592
-0.224672 -0.768697 0.436701 0.768042 0.016286 -0.436738
-0.074743 -0.670576 0.251503 1.026097 -0.046191 -0.625601
-0.824610 0.801418 -0.505440 -0.188358 -0.260587 0.408370
-0.513472 -0.572601 0.183764 0.851359 -0.068541 -0.910274
0.121545 -0.427796 0.323002 0.654689 0.044727 -0.460084
-0.654571 -0.234642 0.104356 -0.073440 -0.320747 -0.319989
-0.188413 0.200898 -0.163435 -0.076381 0.545166 0.206996
-0.661552 0.333026 0.347680 -0.068347 0.234351 0.382984
0.081603 -0.655449 0.582905 0.746703 -0.931550 0.082017
-0.602784 0.164581 -0.080855 0.019883 0.701516 0.763076
-0.435860 0.335638 0.472299 0.793637 0.021477 0.520639
-0.183512 -0.560836 -0.335907 -0.261983 -1.048530 0.030973
-0.752931 0.206610 0.176178 -0.060854 -0.067854 0.291765
-0.960975 -0.965904 0.074441 0.516119 0.549475 -0.400287
-0.375700 0.318779 0.291268 0.832916 0.433252 0.678357
-0.225796 0.765182 -0.345090 0.400965 -0.357438 -0.010434
0.014035 -0.293906 0.546920 0.969120 -0.165298 -0.135763
-1.348545 0.011610 -0.403231 0.026390 -0.018606 0.119258
-0.933148 0.187849 0.146215 -0.061852 -0.134689 0.822421
-0.132494 -0.180238 0.730427 0.554555 0.072700 0.601397
-0.179236 0.515813 -0.298869 0.982946 0.133002 -0.807803
-0.325320 0.357120 -0.150632 0.480517 0.344144 0.478226
0.173574 -0.286917 0.393546 0.508693 0.334857 0.040033
-0.072344 -0.354393 0.345834 0.548745 -0.273062 -0.106922
-0.113858 -0.261620 0.350871 0.228919 -0.362257 0.431885
-0.416632 0.251318 0.457585 0.390115 0.334509 0.165449
-0.277269 -0.186248 0.211912 0.703912 0.187536 0.450948
-0.505810 -0.011976 0.058319 0.779484 -0.257708 0.529078
-0.143398 -0.181634 0.610378 -0.261459 0.139672 -0.388605
0.045433 -0.208641 0.768517 0.214397 -0.656025 0.987046
-0.510074 0.672216 0.051588 0.461594 -0.294540 -0.289836
-0.545421 -0.089254 -0.462834 -0.063465 -0.147017 -0.266367
-0.868001 1.056968 -0.151144 -0.045913 -0.203794 0.391363
-0.493384 0.063139 0.508773 0.157388 0.447819 -0.032762
0.265405 0.988947 0.196714 0.032149 0.092778 0.456757
-0.660387 -0.115201 0.143968 0.196973 0.336539 0.110020
-0.523743 0.511911 -0.563215 0.426469 -0.213058 -0.173406
-0.008696 -0.401636 0.421409 0.499781 0.232848 0.236373
-0.555651 -0.117707 0.104710 0.727547 -0.062691 0.403772
-0.595469 0.110552 -0.183603 0.676480 -0.222410 0.130951
-0.818253 -0.314194 -0.011917 0.097002 -0.339639 0.050324
0.904153 0.041102 0.321443 0.647379 -0.831320 0.095442
-0.665680 0.915816 -0.092941 0.216278 -0.131987 -0.371216
-0.780470 0.119003 -0.369962 0.285694 -0.398503 -0.396867
0.345474 0.424502 0.289335 0.166179 -0.285137 0.031036
-0.894305 0.674777 0.136546 0.295993 0.077382 0.521902
-0.529836 0.871966 -0.801261 0.240947 -0.247513 0.219406
0.031313 0.061315 -0.007309 0.893429 -0.375070 0.041393
0.378208 0.164243 0.141178 0.938012 -0.289643 -0.155500
-0.021270 0.612343 0.104453 0.320368 -0.706709 -0.211631
-0.418769 0.242041 0.022237 0.271756 -0.387130 0.516034
-0.319209 0.135264 0.185209 0.256298 -0.008854 -0.018258
0.143212 -0.884543 0.644624 0.564435 -0.163514 0.000474
-0.329303 -0.294558 0.335558 0.061550 -0.166103 0.371133
-0.142161 -0.457828 0.423571 0.252065 -0.072898 0.158604
0.186642 -1.182518 0.070499 0.019565 0.259028 0.238400
-0.587995 0.060407 0.573773 0.642764 -0.778189 0.341515
-0.032727 0.433460 -0.255441 0.751747 -0.179414 -0.193546
-0.508721 0.349559 0.432508 0.320498 -0.457181 0.308952
-0.232184 0.474519 0.115453 0.936078 -0.288164 0.275403
-0.252805 1.047196 0.489856 0.733734 -0.431506 0.242134
-0.096817 -0.424756 0.161335 -0.109406 0.288951 0.261026
-0.146459 -0.329969 0.703953 0.714846 -0.416471 0.354855
-0.303710 0.849363 -0.610590 -0.125532 -0.908406 0.443620
-0.771959 -0.144866 0.299006 -0.682424 -0.771568 -0.147559
-0.121702 -0.283518 0.404269 0.422038 -0.360341 -0.117061
-0.960975 -0.965904 0.074441 0.516119 0.549475 -0.400287
-1.067881 0.312077 -0.147633 0.259118 -0.245812 0.074770
0.344623 -0.615701 0.471841 -0.219600 -0.972619 -0.044553
0.818378 -0.046945 0.357109 0.514979 0.181467 0.252565
-0.277286 0.769996 0.794923 0.489482 0.087657 0.247669
-0.704280 -0.342416 -0.701565 -0.050579 -0.634610 0.031242
-0.425399 -0.694689 0.152990 -0.425100 -0.401207 -0.375359
0.173574 -0.286917 0.393546 0.508693 0.334857 0.040033
-0.099321 0.027351 -0.238449 0.441175 -0.608584 -0.399603
0.164321 -0.152949 -0.377357 0.006161 0.402109 0.574580
0.075234 -0.696127 1.004505 0.855723 -0.172480 0.077732
-0.463361 -0.146900 0.220605 0.609559 0.128550 0.411109
-0.041503 -0.455747 0.506212 0.839049 0.201534 -0.253445
-0.269324 0.101083 0.346485 0.166011 -0.072174 -0.141156
-0.080821 -0.215485 -0.000665 0.384429 -0.254977 0.864684
-0.327024 -0.312085 -0.452150 0.926231 0.337888 0.101247
-0.416699 0.500655 0.188599 0.493425 -0.173471 0.000540
0.528486 0.438588 0.133237 -0.088196 -0.740205 -0.108631
-0.617682 -0.144269 0.029015 0.358906 -0.081624 -0.128021
-0.207988 -0.428778 0.680752 0.864662 -0.449513 0.290472
-0.763423 -0.464103 0.025867 1.042031 -0.131965 0.296075
-0.186673 0.461307 -0.590315 0.805452 -0.002160 -0.338091
-0.450195 0.118303 0.516885 0.575755 -0.358070 -0.190050
-0.436786 -0.765635 0.008407 0.281489 -1.055791 -0.092990
-0.474142 0.049733 0.037686 0.313908 -0.480275 -0.100706
0.416678 -0.278806 0.181320 0.882284 -0.071571 0.334370
0.009050 -0.440921 0.614092 0.440803 0.493598 0.114857
-0.650930 0.112210 0.174771 0.296721 -0.334422 0.633046
-0.232543 0.118270 -0.189487 0.555009 0.075764 0.537169
-0.369528 0.488766 -0.151435 0.078026 0.104103 0.575487
-0.796097 0.415379 -0.256466 0.033470 -0.326191 -0.269388
-0.513953 -0.828673 -0.123863 0.753426 0.136989 -0.753387
-0.593740 -0.627797 0.135333 0.624233 -0.181432 -0.707820
-0.874493 0.109598 0.109320 1.081203 -0.752424 0.043982
0.016115 0.097792 0.082217 0.375033 -0.164260 -0.285541
-0.310388 -0.666415 0.377438 0.872803 -0.243915 -0.627472
-0.513472 -0.572601 0.183764 0.851359 -0.068541 -0.910274
-0.242996 -0.554620 -0.120339 1.045720 -0.606035 -0.159650
0.459041 -0.849027 0.341476 1.199978 -0.386479 -0.080330
0.088223 0.658573 0.345824 0.402130 -0.198089 0.810681
0.282015 0.865768 0.342908 0.141617 -0.055203 0.848837
-0.043562 0.692689 0.423861 0.366742 0.178339 0.348404
0.089527 0.798594 0.873013 0.392516 0.188350 0.409555
0.056628 0.502917 0.360544 0.738396 -0.465741 0.178756
0.071382 0.894059 0.195196 0.362074 -0.191337 0.576511
0.125203 1.055241 0.308851 0.055860 -0.116538 0.869983
0.125667 -0.071736 0.387616 0.370438 -1.077471 -0.190810
-0.276938 0.558197 0.062224 0.504206 0.423425 0.284809
-0.270450 0.507876 -0.075245 0.616745 0.317690 0.115713
-0.177050 0.740853 0.383974 0.565159 0.133185 0.300143
-0.229384 0.456006 0.015056 0.660424 0.419861 0.170891
-0.133372 0.919563 0.362830 0.430112 -0.330965 0.855455
0.141021 0.625624 0.714030 0.500057 -0.087801 0.520698
0.252184 0.792899 0.360822 0.331527 0.209138 0.481453
0.318979 0.810870 0.151606 0.419023 0.638886 0.598081
-0.032592 0.931323 0.438811 0.674154 -0.211548 0.572163
-0.393800 0.659696 0.390328 0.684423 -0.378361 0.140594
-0.066566 0.711205 0.519585 0.422229 0.298288 0.172256
0.041939 0.871795 0.722295 0.392128 0.188652 0.446736
-0.045927 0.621890 0.188545 0.510484 0.408447 0.163530
0.044317 0.883664 0.691710 0.436197 0.122684 0.505328
0.264221 0.864607 0.693152 0.286131 0.249905 0.368337
0.015773 0.836023 0.702192 0.412739 0.251117 0.344872
-0.050724 0.719603 0.587516 0.428362 0.360479 0.220008
-0.561230 0.191505 -0.185728 0.997146 -0.308932 -0.461912
-0.082570 0.328021 0.031385 1.135962 0.384064 -0.010170
