0.085461 -0.542054 0.261399 0.001251 -0.121323 0.241629
-0.461416 0.284332 0.182059 0.212569 -0.156391 0.284216
0.136189 -0.707326 -0.571630 0.763399 -0.127355 -0.518555
-0.739383 0.364003 0.223789 0.472891 -0.180176 -0.494926
-0.187431 0.257361 0.518840 0.331238 0.604410 -0.090668
-0.393333 0.097871 0.029991 0.419467 0.055720 -0.678435
-0.384709 0.267160 0.300496 0.696855 0.436170 0.306428
-0.253646 0.630655 0.583239 -0.072457 -0.196228 0.231469
-0.332861 -0.126432 0.357872 0.592040 -0.231088 -0.736793
-0.242927 0.453956 -1.181089 0.513288 -0.029339 0.793652
-0.401970 -0.016273 -0.151553 0.922431 -0.020630 -0.734057
-0.172239 0.892840 0.321524 -0.021452 0.642950 -0.320067
-0.435145 0.144138 -0.032549 0.946264 -0.396421 -0.632050
-0.639830 0.860045 0.586296 0.530869 -0.097243 0.232467
-0.435973 -0.344172 -0.226704 0.542109 -0.385226 -0.937909
-0.398809 0.568490 -0.085163 0.248995 0.320030 0.254783
-0.345032 0.969691 -0.113894 0.213957 -0.531795 0.619909
-0.424506 0.501341 0.276012 0.557862 -0.462518 0.216927
-0.148070 -0.052222 -0.353102 0.436769 0.170323 -0.496360
-0.847784 0.023596 -0.324938 1.192064 -0.220531 0.328292
-0.524551 0.282894 0.395151 0.328723 -0.750092 0.232253
-0.362020 -0.026501 0.535161 0.574307 0.075803 -0.375061
-0.161431 0.538848 0.227313 0.271912 -0.464050 0.044879
0.030714 0.005086 -0.102713 0.286480 -0.026355 -0.300524
-0.481419 -0.555093 0.067635 0.865971 -0.011441 -0.766957
-0.539629 -0.114498 -0.017833 0.894781 0.247611 -0.784504
-0.367616 -0.813186 -0.069161 1.035871 -0.302449 -0.482069
-0.193685 -0.356479 0.365884 0.721044 -0.372721 -0.499362
-0.050407 -0.446079 0.420137 0.654426 -0.829839 -0.532203
-0.127253 -0.536889 0.459765 0.689878 -0.812866 -0.260304
-0.303255 0.417519 -0.277237 0.147125 -0.359430 0.631943
-0.404767 -0.007369 0.136406 0.762611 0.034481 -0.030853
-0.385246 0.311987 -0.079794 0.428880 -0.113440 1.027349
-0.024126 -0.039764 0.960895 0.369947 -1.219545 -0.261892
-0.716759 -0.514152 0.644477 0.940408 -0.327614 0.017108
-0.727032 -0.638501 0.268389 0.013566 0.292045 0.411888
-0.860680 0.296467 0.259741 -0.134073 -0.017628 0.580306
-0.485493 0.970625 0.585718 0.554831 -0.058586 0.113401
-0.373404 0.374084 0.713327 0.839970 0.080575 0.314626
-0.660148 0.976461 -0.260481 -0.044590 0.166147 0.113685
-0.183968 -0.437299 0.396253 0.015794 0.719137 0.483486
-0.556863 0.293215 0.166038 0.529280 -0.046499 0.505182
-0.870321 0.632210 0.329581 0.296002 0.104848 -0.024105
-0.211759 0.338466 0.674413 -0.612445 -0.090252 0.246240
-0.488345 0.407958 0.076574 -0.125587 0.022791 0.556120
-0.026513 -0.368087 0.520141 -0.173888 0.237573 0.277889
-0.738259 -0.084625 0.281893 -0.083581 0.461842 0.297808
0.516292 -0.126904 0.535622 0.330076 -0.067525 -0.319059
-0.174376 0.288330 -0.760872 0.957908 0.259264 -0.233277
-0.550946 0.291147 0.343980 0.753976 0.208201 0.170905
-0.288000 0.808967 0.335264 0.095871 -0.128774 -0.196667
-0.780609 -0.033881 0.456102 0.381302 0.130000 0.284462
-0.558634 -0.560491 -0.161069 0.481316 -0.054356 -0.486470
-0.312947 1.326914 -0.594841 0.173187 -0.318226 0.585069
-0.058209 0.900491 -0.079493 0.243912 -0.434989 -0.158706
-0.158511 0.057702 -0.150232 0.497126 -0.469867 0.303472
-0.717795 -0.836291 -0.289608 -0.059726 -0.019661 -0.308782
-0.105785 0.037548 -0.027677 0.908326 -0.200644 0.211618
-0.415356 0.036156 0.182872 1.037104 -0.470330 0.033505
0.137226 0.406520 -0.023575 0.417011 -0.116856 -0.175136
-0.040342 0.698277 0.206089 0.345686 -0.193475 -0.198728
-0.396062 -0.381281 -0.506851 0.348990 -0.176179 -0.869295
-0.259026 0.914967 -0.624204 0.457220 0.236053 -0.054663
0.228425 0.349979 0.236875 -0.011454 -0.564964 0.075428
-0.677475 -0.006131 -0.275838 0.124682 -0.650691 0.610942
-0.485390 -0.231841 0.290273 -0.294101 -0.065076 -0.677552
-0.479394 -0.058878 0.267225 0.547376 -0.306952 0.072603
-0.291980 -0.816448 -0.460482 0.397897 0.551650 0.097865
-0.710631 0.689302 0.310670 0.089976 -0.353391 0.017798
-0.763707 0.761591 -0.027884 0.272612 0.192403 0.360513
-0.342004 0.407578 -0.102909 0.056050 0.345522 0.297917
-0.918319 0.197971 0.286738 0.179318 0.211060 0.460167
-0.680493 -0.424314 -0.153533 0.266904 -0.416865 -0.287228
-0.558838 0.622135 0.376747 0.695324 -0.286485 -0.020355
-0.421111 -0.548094 0.192023 0.360864 0.440623 -0.483987
0.148578 0.098380 0.564783 0.543558 0.082931 -0.173298
-0.847603 -0.690158 0.317425 0.264791 0.077584 -0.871988
-0.458076 -0.055912 -0.448674 0.932734 -0.261170 -0.210363
-0.043566 -0.051400 -0.213093 0.722439 -0.399524 -0.306594
-0.196722 0.106422 0.379017 0.738990 -0.673518 -0.317037
-0.498505 -0.147529 -0.079307 0.696883 -0.717933 -0.797121
-0.301551 0.245210 0.073018 0.223636 -0.347625 0.485002
-0.589520 -0.063399 0.033486 -0.018005 0.049538 0.362567
-0.308414 0.398683 0.629610 0.743340 -0.221828 0.697616
-0.331311 0.338301 -0.145605 0.762003 0.197781 0.043317
-0.199946 0.297324 -0.938600 0.813784 -0.104119 -0.684865
0.307900 0.588340 0.147778 0.376835 -0.551030 -0.213489
-0.012579 1.158183 -0.497721 0.409313 -0.664100 -0.162664
0.205344 0.539682 -0.105531 0.146643 -0.350761 -0.320299
-0.851539 0.200110 0.202098 0.453566 0.120704 -0.317422
-0.322002 0.483544 0.532369 -0.126511 0.030644 -0.692472
-0.338923 -0.500342 0.689911 0.467684 -0.105790 -0.125348
-0.283225 -0.560666 -0.151194 1.333518 -0.521552 0.193433
-0.608059 0.036495 0.537513 0.420009 -0.820106 0.341950
-0.833818 0.041665 0.454746 0.573315 -0.091434 -0.058305
-0.905415 0.698239 0.039275 0.382936 -0.136947 0.339752
-0.895468 0.130919 -0.278746 0.578364 -0.293582 -0.180147
-0.550250 -0.097035 -0.767494 0.310322 0.340471 -0.310821
-0.383999 0.063562 0.197613 0.715579 0.059623 0.294263
-0.692418 0.228010 0.388683 0.135304 -0.378481 0.819226
-0.558026 0.550838 0.221492 0.169506 -0.120971 0.660918
-1.032970 0.505683 -0.527324 -0.031461 -0.437228 -0.522215
-0.241504 -0.042428 -0.003798 0.470997 -0.304437 -0.429740
-0.553338 0.283463 -0.197174 -0.164387 -0.017394 0.398003
-0.052052 -0.218404 0.121446 0.520955 0.066604 -0.015632
0.096102 0.880098 0.595226 0.264350 0.376356 0.345084
0.024644 0.827115 0.608417 0.475769 0.185896 0.438395
-0.123088 0.848841 0.252439 0.148494 -0.151181 0.867987
0.109727 0.833125 0.555921 0.287666 0.498585 0.186860
-0.069583 0.789420 0.474679 0.546501 0.026388 0.382307
-0.211572 0.683541 0.297318 0.558264 -0.009842 0.322313
0.101634 0.677687 0.262147 0.498721 -0.008249 0.641707
0.122421 0.332322 0.405183 0.488376 0.060677 0.137218
-0.069428 0.815387 0.563198 0.475780 0.246156 0.395711
0.028477 0.710544 0.178878 0.534395 0.313837 0.344464
0.249973 -0.044774 0.538761 0.307561 -0.577440 0.268752
0.107815 0.769317 0.188101 0.378103 0.349729 0.326863
-0.010542 0.758124 0.431833 0.605373 0.172047 0.390074
0.022889 0.676292 0.249781 0.624089 0.052465 0.576523
0.002788 0.856288 0.423682 0.586397 0.137703 0.496496
0.035101 0.636600 0.344822 0.570940 0.039268 0.508698
0.100597 0.811908 0.388536 0.549645 0.058203 0.430447
0.275738 0.829706 0.497051 0.412983 0.089901 0.624954
0.247634 0.778207 0.483146 0.460575 -0.048959 0.724930
0.115791 0.664509 0.244138 0.604037 -0.002336 0.598858
-0.059004 0.765637 0.408628 0.585051 0.091288 0.414019
0.064470 0.668093 0.256975 0.463883 0.355110 0.283010
0.207629 1.077585 0.592035 0.453156 -0.012990 0.341243
-0.427170 1.436860 0.326868 0.646154 -0.133885 0.053982
0.386889 0.466496 0.704854 0.363703 0.578120 -0.086398
0.015830 0.761752 0.413621 0.541632 0.101035 0.477718
0.039023 0.770368 0.343306 0.585151 0.042226 0.468186
