-0.558092 -0.059757 -0.439817 0.088129 -0.307844 -0.074608
-0.115327 -0.256245 0.285071 0.953579 -0.054806 -0.131720
-0.234141 -0.267498 0.465013 0.175202 0.088425 0.072788
-0.741268 0.379296 0.435716 0.478624 0.031205 0.347097
-0.340637 -0.397338 -0.596699 0.439723 0.505700 -0.531161
-0.244318 -0.203960 0.680275 0.794677 -0.364238 -0.117665
-0.574693 0.534945 0.220477 0.506095 -0.394287 0.426987
-0.346272 0.930909 0.173570 0.037725 -0.230332 -0.460598
-0.339820 -0.009332 -0.405939 0.949430 0.234987 -0.679367
-0.920684 0.867256 0.017180 0.460227 -0.282269 -0.057575
-0.253284 -0.412520 0.567085 1.040350 -0.408589 -0.542739
-1.059312 0.776484 -0.382416 0.487624 -0.396441 0.064588
0.150060 -0.468256 0.163972 1.271704 -0.096162 -0.427705
-0.241760 0.854140 0.209220 0.933639 -0.100524 0.368695
-0.605533 0.075748 0.274579 0.464659 -0.384703 0.023555
-0.274283 -0.139280 0.315906 0.201377 -0.079306 0.196403
-0.955563 0.539436 -0.016906 0.512825 -0.350644 -0.023316
-0.350116 -0.179471 1.146725 0.711645 0.156820 0.242106
-0.285718 0.112335 0.763925 0.592376 0.088253 0.601611
-0.623874 -0.092459 0.450395 0.489408 0.078505 -0.575959
-1.042019 0.325801 -0.368336 0.452509 0.116406 0.383824
-1.053498 0.612527 -0.147026 0.180679 0.037859 0.123094
0.363078 -0.164918 -0.094998 0.307601 -0.206791 -0.783261
-0.465350 0.372245 0.358273 0.691557 0.062884 0.660993
-0.050593 -0.578477 0.688637 0.399913 0.350956 -0.063138
-0.128958 0.279961 0.575599 -0.235192 0.200361 0.006299
-0.194137 -0.418518 -0.387030 0.370653 -0.451078 0.022567
-0.115981 0.797775 0.108104 -0.402698 0.090616 0.419132
-1.168169 0.848757 -0.282976 0.630634 -0.695793 -0.005743
-0.527131 -0.336107 -0.469067 0.227002 -0.754997 -0.228676
-0.774514 0.934853 -0.821181 -0.206294 -0.091550 -0.075702
-0.505626 0.731538 0.320823 0.513434 -0.288235 0.885003
-0.847126 0.283053 -0.284488 0.233776 -0.609097 0.080779
-0.544669 -0.080708 -0.166301 0.181599 -0.622722 -0.364987
-0.031602 -0.649157 -0.464039 0.546221 -0.530814 -0.373347
-0.494237 0.304479 0.261023 0.807002 -0.137068 -0.100718
-0.505036 1.241115 0.515503 0.644979 0.072328 0.137930
-0.587737 0.052246 -0.141241 0.232047 0.274981 0.150659
-0.151402 1.166035 -0.178730 -0.035355 0.053834 -0.042145
-0.418201 1.144510 0.111850 -0.078119 0.679112 0.420971
-0.513505 -0.685200 -0.089968 0.760409 -0.555336 -0.836889
-0.408397 0.118680 0.236345 0.869244 -0.358395 -0.200369
0.074340 -0.337292 0.503117 0.762161 0.231168 -0.228881
-0.328813 -0.253960 0.563304 1.258263 -0.134191 -0.086377
-0.651262 0.547756 0.326409 0.528158 -0.318226 0.384750
-0.713856 1.404346 0.059091 0.267235 0.149650 -0.068121
-0.073666 0.222613 -0.535445 0.632745 -0.647409 -0.310562
-0.248456 0.219379 0.026518 0.269604 0.084996 -0.361208
-0.136602 0.232181 -0.080408 0.023529 -0.339315 0.160465
0.067021 0.154714 -0.110261 1.084067 0.185359 -0.148190
-0.765361 0.631843 0.108748 0.435314 -0.191808 0.330150
-0.515501 0.556957 -0.137128 -0.036430 -0.113655 0.116774
-0.399844 0.891497 0.443203 1.032700 -0.230512 -0.254215
-0.633294 0.041041 0.056260 0.518015 -0.483984 -0.020868
-0.324588 -0.032385 0.065991 0.728086 0.401647 -0.157149
-0.345107 0.362125 0.201814 0.579639 -0.617759 -0.189137
-0.075124 0.400735 0.453985 0.539634 -0.799144 0.449609
-0.262094 0.100351 -0.333678 1.157868 -0.371446 -0.306537
-0.289069 -0.611510 0.552874 0.122357 -0.662518 -0.442304
-0.200107 -0.309171 -0.468939 0.744397 -0.025248 -0.269399
-0.070176 0.282050 0.348338 1.002383 -0.120034 0.317942
-0.461259 0.178317 0.081376 0.387809 -0.350761 0.283293
-0.032568 -0.115779 0.418665 0.448106 -0.081970 0.238349
-0.544405 0.349848 -0.266779 0.225880 -0.258259 0.014017
-0.301405 -0.014635 -0.279345 0.827526 -0.333231 -0.246220
0.171441 0.102978 0.462110 0.127382 -0.006739 0.434887
-0.794052 -0.104227 -0.100264 0.439527 -0.426008 0.101238
-0.375829 0.111392 0.478656 0.774626 -0.169147 -0.127639
0.137553 0.059269 0.086006 0.730806 0.393059 -0.182082
-0.785086 0.666419 0.092942 0.328650 0.290264 0.332600
-0.540575 0.256951 0.343401 0.455099 -0.169878 0.399079
-0.207403 -0.470879 0.264867 0.723179 -0.799605 -0.058266
-0.368913 -1.005528 0.068764 0.210085 0.668770 -0.600075
-0.217277 0.424892 0.349733 0.457910 -0.143558 -0.185427
-0.461098 0.632049 0.203406 0.338195 -0.133855 0.206932
-0.160252 -0.182645 -0.297385 0.547685 -1.034675 0.116644
0.028178 -0.124588 0.429549 0.883996 -0.009413 0.274003
-0.300819 0.299663 -0.023484 0.349328 -0.183810 -0.239476
-0.114078 0.276711 0.077472 0.062510 -0.559305 -0.057597
0.024032 -0.000375 -0.150697 0.254699 -0.177463 -0.251054
-0.092570 0.421463 0.341587 1.122416 -0.578375 0.260206
0.096614 0.036223 0.095031 0.578977 -0.557845 0.402503
-0.239287 0.353774 0.121581 0.490511 0.159939 0.084328
-0.107281 -0.333949 0.170548 0.379948 0.166895 -0.074258
-0.586929 0.565554 0.094737 0.526945 -0.940346 -0.304635
-0.833010 0.152949 -0.184677 -0.012371 -0.190854 0.046757
-0.388248 -0.179123 0.410522 0.733437 0.453133 -0.315440
-0.409510 0.194052 -0.019832 0.791890 -0.276580 -0.362600
-0.765387 0.284124 -0.213842 0.109710 -0.078544 0.218373
-0.226557 0.250389 0.492833 0.688495 -0.824358 0.030427
-0.319275 0.611727 0.446854 0.192330 -0.343565 -0.109027
-0.589505 0.747086 0.484399 0.255703 0.143604 0.659544
-0.527189 -0.418986 0.389359 0.790232 -0.108564 -0.348705
-0.889158 -0.280152 -0.061783 0.467289 0.108837 -0.335195
-0.522615 0.386533 -0.604205 0.685250 -0.187070 -0.628500
-0.206143 0.434369 0.659517 0.388832 0.357239 0.092740
-0.557039 -0.644072 0.064149 0.540625 -0.266206 0.189232
-0.730426 0.596647 -0.198617 0.800834 -0.263917 -0.089151
-0.075994 -0.402413 1.012207 0.380710 -0.515752 -0.097281
-0.334654 0.540043 0.174146 0.669408 -0.177201 0.566183
-0.402087 0.029724 0.535255 -0.176304 0.042456 -0.296178
-0.029410 0.039272 0.034886 1.034046 0.006344 -0.122269
0.038834 -0.093943 0.148350 0.728106 -0.402717 -0.290557
-0.809661 0.310298 0.129901 -0.140870 0.216902 0.279060
0.412715 -0.408486 0.604571 0.621308 -0.400371 0.391473
-0.546795 0.238620 0.040136 0.352920 -0.598449 -0.052957
-0.351224 0.686257 0.075465 -0.278085 0.184669 -0.352781
-0.246845 0.289539 0.673586 0.282772 -0.924807 -0.222617
-0.166715 0.295798 -0.591120 0.238248 -0.110535 0.250232
-0.049730 1.037615 -0.081131 0.302103 0.510500 -0.168321
0.273228 0.406906 -0.047398 0.845167 -0.821116 0.159478
-0.425590 -0.337433 0.107251 -0.095455 -0.477222 -0.431138
-0.362329 -0.230984 0.429697 0.590437 -0.400382 0.059509
-0.590129 0.612003 -0.487323 0.446498 0.250223 0.712640
-0.778383 1.006997 0.010627 0.123217 0.163648 0.555997
0.213956 -0.487444 0.705352 0.920375 -0.161569 -0.249194
-0.329721 -0.109885 0.171061 0.520471 -0.108350 -0.108903
-0.380513 0.535798 -0.422329 0.213258 -0.372516 0.065592
-1.038813 0.287577 0.084835 0.540067 -0.377388 0.351964
-0.496927 0.217207 -0.218499 0.525863 0.119197 -0.353095
-0.266941 0.129404 -0.296993 0.273225 -0.055181 -0.437069
-0.157758 0.534742 0.023990 -0.246037 -0.349605 -0.505204
-0.275651 -0.282485 -0.377531 0.552650 0.110961 -0.287941
-0.752117 0.081713 0.831302 -0.149356 0.207991 0.066197
-0.449768 -0.455141 0.226444 0.548886 -0.318971 0.194438
-0.494621 0.453533 -0.572701 0.267449 -0.697482 -0.244108
0.075241 -0.424152 0.531368 0.038360 -0.543719 0.236664
-0.580059 -0.075126 0.012977 0.478587 0.030082 -0.126716
-0.842384 0.707003 -0.103822 0.412567 0.219352 0.528544
-1.128943 0.196982 -0.602165 0.382938 -0.166302 0.473274
-0.556443 0.380207 -0.858012 0.785744 -0.243662 -0.172177
-1.001614 0.414014 0.397336 0.727800 -0.010313 0.328832
-0.454365 0.273314 -0.011769 0.529364 -0.098460 0.162086
0.135730 0.614643 0.566380 -0.469001 -0.400235 0.881245
0.000939 -0.693217 0.401539 0.362651 -0.548716 -0.222188
-0.662830 0.411573 -0.224641 -0.286956 0.758741 0.066578
-0.607688 0.520658 0.000851 -0.082074 0.036730 0.005597
-0.575672 0.440391 -0.084579 0.137586 -0.283053 0.094446
-0.690269 0.683138 0.145800 0.154670 0.091720 0.055210
-0.268278 -0.025649 -0.049921 -0.259396 0.274936 -0.132161
-0.901119 0.828608 -0.425026 0.417168 0.006516 0.330678
-0.350079 -0.280258 -0.596246 0.201257 -0.327409 -0.573525
-0.035654 0.418958 -0.091415 0.201577 0.301447 -0.509626
-0.861926 0.512518 0.544345 0.233385 -0.409297 -0.653508
-0.273319 0.458832 0.666933 0.654976 -0.117322 -0.181539
-0.040782 -0.232512 -0.116093 -0.184916 -0.614563 -0.216323
0.039369 -0.343707 0.274863 0.305831 -0.100301 -0.240936
-0.476737 0.267381 0.407889 0.469126 -0.560291 -0.427511
-0.586430 -0.035767 0.516829 0.668388 -0.221359 -0.278697
0.112607 -0.256527 0.379617 0.674834 -0.172120 -0.086408
0.141898 -0.356689 0.481714 0.864632 -0.435061 -0.529049
-0.583835 -0.012658 -0.165799 0.732619 0.078447 0.537555
-0.338411 0.149074 -0.185729 0.132068 -0.216827 -0.371575
-0.356305 1.028633 0.551222 -0.124884 -0.640289 -0.065304
0.318905 0.280739 1.107664 0.347386 0.514861 0.641974
0.010048 -1.207986 0.257892 0.702734 -0.246603 -0.138921
0.037915 -0.006778 0.065876 -0.226381 -0.032526 -0.690187
-0.648477 0.165933 -0.158831 0.307140 0.070566 -0.595359
-0.329647 0.328626 -0.295525 0.230907 0.140504 0.076732
-0.080109 0.167600 -0.178696 0.412613 -0.194903 0.090366
-1.160144 0.718939 -0.018770 0.781840 -0.218189 0.345571
-0.634697 0.679251 -0.296692 0.120924 -0.105792 -0.039536
0.475831 0.872833 0.891369 0.391822 0.031818 0.308885
0.117046 0.773669 0.468691 0.493617 0.135153 0.634324
-0.006738 0.495276 0.307198 0.795288 -0.215695 0.468279
-0.008488 0.664623 0.432466 0.688170 0.142070 0.496900
0.116260 0.665230 0.521166 0.401455 -0.092693 0.503092
-0.176072 0.607847 -0.216716 0.540331 0.157656 0.341227
-0.326411 0.660127 0.328553 0.533841 0.547209 -0.029042
-0.048816 0.644760 0.184583 0.702025 0.049825 0.444522
0.216397 0.820210 0.567113 0.412400 0.051736 0.619276
0.151459 0.870151 0.219601 0.086114 0.159799 0.419783
0.209074 0.705823 0.328718 0.734057 0.243043 0.636114
0.167539 0.868443 0.512090 0.284064 0.071395 0.648234
0.092640 0.670996 0.049354 0.615319 0.007385 0.445012
0.297720 0.762732 0.389743 0.294574 0.240624 0.007820
0.278803 0.921081 0.486446 0.571172 0.147645 0.666694
0.221865 0.826811 0.042406 0.428861 0.181903 0.290146
0.178816 0.821068 0.435150 0.589972 0.436112 0.468236
-0.144488 0.584176 0.240135 0.625080 0.139395 0.299534
0.044597 0.643430 0.349579 0.466703 0.338705 0.104210
0.257925 0.773912 0.360991 0.541100 -0.064124 0.701445
0.179694 0.784769 0.637112 0.468616 0.106130 0.618407
0.043694 0.437094 0.153679 0.138803 0.539470 0.101631
