-0.768554 0.782291 0.001464 0.493083 0.047051 0.286173
-0.621947 -0.581938 -0.509732 -0.142503 -0.045969 -0.112155
-0.648650 0.287141 0.429998 0.332290 -0.264312 -0.090030
-0.320384 0.448559 0.466531 0.706698 0.138228 0.140592
-0.247513 -0.571114 0.319928 0.210423 0.348126 0.166658
-0.462285 -0.162054 0.132471 0.075866 0.280558 0.105760
-0.080402 0.598507 0.102230 1.062153 -0.024152 -0.413091
-0.812611 -0.192702 0.223173 0.894487 0.071873 -0.157186
-0.439415 0.258698 0.456740 0.050583 0.181735 0.170018
-0.629336 0.553162 0.279760 0.582635 -0.012754 0.427748
-1.348817 0.488458 -0.191919 0.463647 -0.019696 -0.243304
-0.723997 -0.306059 0.053092 1.081327 0.058466 -0.147439
-0.681269 0.674417 0.182739 -0.052482 0.252637 0.214502
-0.363942 -0.008212 -0.150683 0.109108 0.074352 0.086581
-0.849756 0.544878 0.372051 0.543343 0.439238 0.345717
-0.764225 -0.458230 -0.231899 0.300310 0.041278 -0.266417
-0.772036 -0.147680 -0.226335 0.848348 -0.391984 -0.548225
-0.322003 -0.350607 -0.354911 0.031664 -0.064374 -1.336119
0.054961 0.011061 0.504877 0.383972 -0.188113 0.270112
-0.429689 -0.218394 -0.253184 0.655398 0.219536 0.020376
-0.692244 0.434626 0.290949 0.195162 0.735826 0.218789
0.001406 -0.696416 0.405938 0.576811 -0.456402 -0.056913
-0.703335 -0.216322 0.330926 0.033600 -0.028692 0.200380
-0.905295 0.494767 -0.566831 -0.217311 -0.569828 -0.523125
-0.845053 0.435550 -0.699873 0.039406 0.554205 0.347219
0.099318 -0.242780 0.961480 -0.514725 0.339899 0.520414
-0.741780 -0.011082 -0.050162 0.038284 0.404913 0.146054
-0.871658 0.129833 -0.188372 -0.098933 -1.070322 -0.038539
-0.771110 0.332580 -0.187316 0.740195 0.023817 0.364795
-0.829806 0.164088 -0.229853 0.273996 -0.124460 0.474997
0.307392 0.574766 0.804205 0.020594 -0.417369 0.298370
-0.390833 0.584866 0.223003 -0.235645 0.147246 0.276394
-0.289370 -0.636028 0.467186 -0.262658 -0.039170 -0.264675
0.005428 0.374563 -0.369749 0.142211 -0.069844 -0.403178
-0.216482 -0.268480 0.140923 0.606476 -0.032398 0.044073
-0.623392 0.621801 0.003275 -0.177432 -0.421856 -0.021263
-0.513516 -0.015989 0.288121 0.257925 -0.135613 0.304069
0.277269 0.027834 0.033496 0.524883 0.133705 -0.075006
-0.540097 -0.208795 0.342709 0.719691 -0.761986 0.202085
-0.451827 0.434068 0.673860 -0.112534 -0.452867 0.595603
-0.718594 -1.010616 -0.109475 0.275650 0.350035 -0.479983
-0.944786 -0.524945 0.202802 0.997517 -0.211733 -0.144609
-0.667509 -0.044082 0.083782 -0.250551 -0.092547 0.475289
-0.168879 -0.134576 0.141491 0.293258 0.088520 0.042656
-0.147601 0.613457 0.265019 0.349482 -0.247030 -0.311018
-0.197760 0.982600 0.359991 0.015932 -1.058611 -0.212242
-0.536762 -0.668587 0.488501 -0.034168 -0.162697 -0.166523
0.233724 0.640616 0.262217 1.364489 0.003584 0.133518
0.320822 0.446610 0.074385 0.209763 -0.628922 -0.082491
-0.867756 0.360377 -0.245450 0.292136 0.133943 0.714138
-0.124051 -0.091610 -0.177538 1.139370 -0.157086 -0.362229
-0.241870 0.898984 0.132246 0.664900 -0.133089 0.111322
0.483293 -0.816234 0.588499 0.409219 -0.537286 0.269406
-0.378126 0.663736 -0.210326 0.527074 -0.276781 -0.112010
-0.129409 -0.356487 0.425642 0.624108 -0.616512 0.354787
-0.933896 -0.146428 -0.106153 0.870049 -0.162621 0.216606
-0.241401 -0.086234 -0.357395 1.050416 -0.156610 -0.332317
0.226401 -1.231443 0.759938 0.450898 -0.719779 0.068603
-0.211112 0.786542 -0.530701 0.440175 -0.605886 0.226187
-0.050409 -1.059695 0.411916 0.774600 -0.837288 0.349263
-0.463137 0.183181 -0.298892 0.309105 -0.137136 0.335986
-0.148538 0.246147 0.264215 0.024423 -0.652159 0.474770
0.202958 0.172785 0.052041 1.465760 -0.367933 0.118475
-0.112686 -1.059904 0.351504 1.115651 -0.041643 -0.263259
0.121632 -0.637635 0.489257 -0.031142 -0.237853 0.228431
-0.580555 0.541476 0.634206 0.643339 0.685895 0.217830
-0.784097 0.569698 0.016315 0.348853 -0.063962 0.276140
-0.113234 0.310481 0.267291 1.051650 -0.232922 0.266426
-0.432702 -0.070763 -0.032327 -0.037539 -0.406226 0.503957
-0.676465 0.378196 0.220454 -0.381607 0.190518 -0.261129
-0.602024 0.283696 0.283663 0.529608 -0.130726 0.099703
-0.295251 -0.403077 0.274000 0.768999 -0.513044 0.245829
-0.478392 1.162320 -0.142655 0.312916 -0.246960 -0.010158
-0.056357 -0.364180 0.478483 0.463723 0.155371 0.357568
-0.368591 0.242775 -0.104431 0.897780 -0.333879 0.244186
-0.556707 -0.291160 0.148706 0.491920 0.430790 -0.132644
-0.239838 0.643542 -0.176343 1.348370 -0.347487 -0.198980
-0.112044 -0.465973 0.100504 0.918306 -0.884243 -0.179875
-0.422791 0.118635 0.448941 0.627165 -0.022949 0.039009
-0.216814 1.245558 0.480882 0.620511 0.273749 0.201589
-0.673892 -0.012361 -0.227298 0.328710 0.280352 0.188231
-0.785080 0.508675 -0.436280 0.166305 -0.519145 -0.151633
-0.752754 -0.302877 -0.344645 0.883047 -0.692661 -0.421737
-0.407811 0.012373 0.062285 -0.277922 0.460294 -0.255765
-0.964443 1.033183 -0.479332 0.112988 -0.463068 -0.279938
-0.200103 0.306040 -0.037350 -0.074331 -0.635220 -0.656143
-0.861515 -0.196517 -0.379041 0.222655 -0.879218 -0.215534
-0.262396 -0.027151 -0.011082 0.363484 -0.494186 0.040010
-0.483124 0.295016 -0.305395 0.455309 -0.117542 0.314309
0.138013 -0.019491 0.404647 -0.284796 -0.374735 0.377587
-0.351541 0.443444 0.232839 0.411594 -0.258885 0.419763
-0.612977 0.399835 0.674179 0.755029 -0.057225 0.475716
-0.356829 1.064282 0.498990 0.177259 0.281269 0.016072
-0.645891 0.721503 0.882447 0.597217 0.567510 0.223277
-0.858808 0.876542 0.373076 0.542265 0.246968 -0.088794
-0.208307 0.679851 0.607528 0.471578 0.520088 0.664801
-0.509103 -0.268795 -0.446201 0.989799 -0.313463 0.610525
-0.629336 0.553162 0.279760 0.582635 -0.012754 0.427748
-0.173574 -0.657640 -0.082454 0.706061 -0.420982 0.153673
-0.588047 0.011806 0.607360 0.372190 -0.192151 0.059205
-0.914427 0.056763 0.246170 0.419812 0.468731 -0.785631
-0.228730 -0.182864 0.638955 0.245269 -0.542537 -0.089450
-0.258216 -0.088239 -0.094564 -0.124724 -0.446606 0.353816
-0.294743 0.695173 -0.065495 0.191563 -0.314192 0.641575
-0.551217 -0.135231 -0.227366 -0.696779 -0.582745 -0.662941
-0.070388 -0.136329 0.287377 0.292287 -0.976063 -0.381787
0.904250 -0.756319 0.301909 0.472445 -0.968093 -0.244902
-0.999024 0.457152 0.307245 0.167448 -1.315800 -0.054318
-0.429689 -0.218394 -0.253184 0.655398 0.219536 0.020376
-0.938727 0.655952 -0.595260 0.395193 -0.421407 0.140478
-0.568306 -0.059435 0.293189 0.348534 0.020655 -0.287540
-0.315421 1.030862 -0.065610 -0.205670 0.357088 -0.386583
-0.633070 -0.407477 -0.557863 0.252962 -0.292275 0.093464
-0.998421 -0.073771 0.302424 -0.151517 0.297598 0.189981
0.292777 -0.097227 0.559163 0.244596 -0.756260 -0.457998
-0.204940 -0.457200 0.005081 0.383349 -0.536002 0.056279
-0.293107 -0.013856 -0.268485 0.558296 0.053171 0.627084
-0.688946 0.604928 0.323312 0.566178 -0.185337 0.370600
-1.078313 0.380419 -0.533461 0.052018 0.238434 0.511314
-0.713663 0.387873 0.078879 0.364363 -0.067987 0.204863
-0.794300 0.255492 -0.080667 -0.303961 -0.291423 0.497238
-0.138419 0.376481 0.084107 -0.031515 -0.489965 -0.087604
-0.284462 -0.406449 -0.158899 0.503726 0.071939 -0.743946
0.028914 -0.297965 -0.283408 0.754975 -0.085505 -0.642084
-0.470410 -0.556691 0.636142 0.347447 -0.261625 0.115332
-0.166963 -0.558799 0.424671 1.254076 -0.193552 -0.569422
-0.720185 -0.444423 0.166958 1.081506 -0.267995 -0.494627
-0.460762 0.008535 -0.404814 0.278585 -0.476415 -0.061193
-0.916533 -0.026353 -0.288489 0.327559 0.163121 0.134296
-0.664181 0.713794 0.333224 0.160868 -0.389646 -0.119472
-0.303469 -0.233957 -0.034600 1.444898 0.116508 -0.400546
-0.395462 0.198242 0.149105 0.162023 -0.042432 0.050833
-0.323667 -0.536180 -0.534794 0.529881 -0.359966 -0.474528
0.134224 -1.060360 -0.476227 1.085623 -0.397267 -0.376869
-0.069415 -0.192406 -0.280307 1.172192 -0.132319 -0.432210
0.089080 -0.149180 0.331983 0.647883 -0.660064 -0.403723
-0.515390 0.011926 -0.033101 -0.037955 -0.360344 -0.125254
-0.397307 -1.201765 -0.423890 1.502033 0.544528 -0.613873
-0.280831 -0.943705 0.118592 0.620062 -0.091132 -0.604232
-0.746702 -0.612107 0.034324 0.277747 -0.187404 -0.625482
-0.415790 -0.775242 0.174554 0.456352 -0.158849 -0.582480
-0.438542 -0.442273 0.397368 0.683569 -0.052879 -0.066213
-0.286388 -0.841844 0.110780 0.892221 -0.003366 -0.935580
-0.606547 -0.068349 0.123180 0.713453 -0.484360 -0.113794
0.242644 0.231581 0.224852 -0.001641 0.024332 -0.288297
0.129609 -0.408876 0.532761 0.283819 0.151026 -0.057493
-0.531639 -0.737181 0.048329 0.401301 -0.119482 -0.758514
-0.318698 -0.061361 0.205848 0.734152 -0.372756 0.851343
-0.088296 -0.747899 -0.037312 0.498553 0.147791 -0.916630
-0.301138 0.044518 0.425771 -0.420763 -0.006738 0.408175
-0.163293 0.325318 0.598223 -0.315527 0.792316 0.028271
-1.033413 0.264726 0.019837 0.779573 -0.378708 0.422997
-0.273131 -0.551596 -0.032079 0.921136 0.030046 -0.712771
-0.621256 0.001466 -0.621027 0.491577 -0.397034 -0.177088
-0.004300 -0.295587 0.342597 -0.100479 -0.890822 -0.217534
-0.156620 -0.633252 -0.022262 0.726657 0.161412 -0.843626
0.053139 -0.073108 0.818678 1.198687 0.101979 0.144586
-0.938406 -0.035874 -0.005346 0.280392 0.140795 -0.109175
-0.003554 1.107888 -0.106654 0.630709 -0.317263 -0.325036
-1.008915 -0.694203 -0.020347 0.722003 -0.573131 0.227056
0.189933 -0.597835 -0.246218 1.011185 -0.577830 -0.414320
-0.008213 0.546600 -0.247802 0.796014 0.566557 0.005823
-0.615024 0.262436 -0.022911 -0.217085 -0.420984 -0.439287
-0.011318 -0.179075 0.727311 0.032417 0.211787 0.517750
-0.094321 -0.036337 -0.775424 0.646759 0.217515 -0.344191
-0.982345 -0.113678 0.228512 0.420225 -0.442815 -0.037691
-0.581372 -0.245305 0.349637 0.277228 0.311057 0.458577
-0.974131 0.617009 0.149030 0.331279 -0.130762 0.311989
-1.039879 0.495522 0.021517 0.240603 0.034705 -0.018917
-0.538618 0.043320 0.079459 0.406338 0.013999 0.343705
-0.470349 -0.179374 -0.097893 0.264612 0.001836 0.437104
-0.207787 0.304202 0.031573 -0.054398 0.013518 -0.131461
-0.673474 0.159708 -0.139892 0.368989 -0.860526 -0.239190
0.087242 0.348053 0.434778 0.191261 0.197344 0.141739
-0.605190 0.141677 -0.237366 0.262358 -0.148062 0.311563
0.042293 0.163147 -0.211365 0.808132 0.302025 -0.377972
-0.424185 -0.128822 -0.490599 1.038554 -0.374652 0.545000
-0.114243 -0.153130 -0.264636 0.679020 0.035231 0.439384
-0.225838 0.846961 -0.499146 0.096302 -0.466772 -0.492903
-0.574568 1.045788 -0.640893 0.320377 -0.534616 -0.446491
-1.372856 1.019634 -0.538132 -0.014643 -0.683487 -0.257751
0.425068 -0.910551 0.101977 1.160298 -0.220200 -0.542312
0.341891 0.212316 -1.268189 0.035689 0.031821 -0.135918
-0.512905 -0.174597 0.363458 0.694597 -0.093595 0.220696
-0.101318 0.462300 0.847787 -0.254782 -0.457738 0.630121
-0.257701 -0.002673 -0.243656 0.573584 -0.142635 0.762751
-0.568783 -0.059177 0.451223 0.229928 -0.385153 0.184600
-0.783927 0.539967 -0.369748 -0.146511 -0.240139 -0.195255
-0.691317 -0.652426 0.195105 1.309996 -0.297311 0.089546
0.122449 -0.099856 0.278971 0.355729 -0.223071 -0.263133
-1.008915 -0.694203 -0.020347 0.722003 -0.573131 0.227056
-0.744294 0.273619 0.498769 0.745259 0.115283 0.202936
0.028164 -0.441780 0.582020 0.150112 0.338529 -0.191827
0.181989 0.707807 0.226620 0.347763 0.437921 0.168169
0.012055 0.457307 0.505825 0.889508 0.391243 0.126363
0.037187 0.998765 0.091589 0.066427 -0.015652 0.681351
-0.725375 0.702453 -0.419523 -0.175573 -0.002284 0.265391
0.054665 0.729117 0.730069 0.648656 0.150044 0.024730
0.016279 0.770774 0.641647 0.405798 0.237452 0.281825
-0.144603 0.569189 0.525846 0.792414 0.400440 0.068880
-0.084341 0.665813 0.372465 0.640499 0.004734 0.479615
-0.018795 0.774926 0.411466 0.612809 0.028337 0.578979
0.122238 0.866499 0.620308 0.164634 0.012168 0.596290
0.203598 0.841264 0.298672 0.223417 -0.205245 0.948495
-0.084949 0.404789 0.059408 0.870586 -0.165221 0.493809
0.282666 0.531200 0.668142 0.593647 0.045950 0.500141
-0.219034 0.693703 -0.063791 0.538765 -0.080760 0.436659
0.451915 -0.885143 0.563254 0.100505 -1.672608 0.329408
-0.367568 0.393416 0.194573 0.599607 -0.456111 0.469363
0.467723 1.161728 0.617862 -0.055449 0.121652 0.935157
-0.140810 0.436081 0.590885 0.736444 -0.125361 0.195504
0.141854 0.831330 0.293828 0.256960 -0.029756 0.755378
0.095933 0.622580 0.332597 0.589038 0.229556 0.507435
0.147056 0.729174 0.238847 0.653110 0.213712 0.578480
0.179453 0.763010 0.156094 0.578238 0.162092 0.674362
0.052595 0.948803 0.316846 0.682641 -0.087704 0.613823
0.315945 0.442414 0.026260 0.653387 -0.277414 0.931241
-0.057609 0.727142 0.445031 0.718478 0.173848 0.545886
0.158667 0.848547 0.522455 0.509916 0.247626 0.469133
0.046063 0.466706 0.447342 0.610653 -0.229419 0.071798
-0.014341 0.821293 0.408927 0.410058 -0.035025 0.290391
0.195590 0.225886 -0.157711 0.318116 0.078496 0.065731
0.008506 0.656010 0.261048 0.353083 0.314760 0.319699
0.019183 0.798917 0.259247 0.518410 0.047840 0.400934
-0.108792 0.476187 0.294745 0.903722 -0.293327 0.449352
0.142801 0.704183 0.345392 0.469961 0.077483 0.513543
-0.036904 0.675380 0.507130 0.461938 0.254730 0.266717
0.125954 0.775464 0.221474 0.484504 0.070926 0.606978
-0.716303 0.475605 0.120051 -0.228946 -0.508854 -0.832863
0.138265 0.754463 0.435481 0.516275 0.141716 0.524449
