0.060287 -1.022387 0.192315 0.371987 0.419807 -0.365011
-0.491397 0.321130 0.363663 0.333673 -0.205374 0.475987
-0.353081 -0.647245 0.302316 0.214568 0.146053 0.294299
-0.977299 0.569514 -0.117216 0.172640 0.254099 0.160277
-0.712776 -0.212592 0.140686 0.007817 -0.040104 0.535967
0.350597 -0.414836 -0.023481 0.758162 -1.020627 -0.103964
-0.173416 0.084381 0.217896 0.370551 -0.054143 0.008704
-0.260948 -0.568955 0.246082 0.466753 0.198993 0.079914
-0.882175 0.234827 -0.034956 0.210534 -0.091038 0.583961
-0.519689 0.252629 0.382488 0.148635 0.125220 0.668711
-0.289560 0.493556 0.386604 0.076782 0.055050 -0.073264
-0.499441 -0.086696 0.574217 0.936038 -0.333147 -0.282764
-0.678369 0.597980 0.188560 -0.051436 -0.568320 -0.046983
0.091099 0.338543 -0.009866 0.383723 -0.315172 0.107739
-0.018843 -0.338291 0.537243 0.916454 -0.634055 -0.229431
-0.197499 0.173516 -0.055175 0.507669 -0.285562 -0.186172
-0.230929 0.425644 -0.387696 0.450960 -0.159492 0.435660
-0.514903 0.165444 0.439027 0.101520 0.147343 0.055789
0.525532 -0.785624 0.253263 0.843694 0.118640 0.026436
-0.904127 0.348433 -0.143812 0.132266 -0.570090 -0.560479
-0.249196 0.451455 0.098386 0.224752 0.203961 -0.369477
-0.606383 1.060527 -0.113239 0.515307 0.360475 -0.172433
-0.390627 -0.218801 -0.110798 0.733532 -0.131442 -0.355205
-0.235768 0.484680 0.276415 -0.130185 0.152599 -0.160953
-1.164396 0.098161 -0.225881 0.407287 0.172919 -0.263530
-0.507199 -0.061345 0.307259 0.047842 0.405249 -0.599014
-0.109987 0.016626 -0.327807 1.384763 0.387761 -0.008003
-0.674241 -0.086683 -0.379515 -0.049760 -0.349942 -0.462743
-0.220145 -0.111636 0.506696 0.348666 -0.054877 -0.432908
-0.308451 1.643036 -0.395520 0.237271 0.030372 -0.336945
-0.352228 0.388098 -0.161881 0.358076 -0.425062 0.770530
-0.273690 -0.280906 0.392329 0.704065 -0.338437 0.232186
-0.400160 -0.074174 0.304067 0.692485 -0.528560 0.177866
-0.323953 -0.991224 0.226677 0.789171 -0.016035 -0.628299
-0.323743 0.398789 0.273323 0.396903 -0.797045 0.334575
-0.448474 -0.372711 -0.311435 0.598153 -0.913650 -0.038880
0.133655 -0.000771 0.938826 0.666828 -0.713363 -0.140920
0.463570 0.966267 -0.672665 0.295655 0.641725 0.212370
-0.638907 0.080358 0.005158 0.129698 -0.598693 0.509552
-0.652092 0.112670 0.163676 0.394871 0.102056 0.378245
-0.301203 0.424376 -0.110243 0.596819 -0.111134 0.344263
-0.141281 -0.232525 0.665627 0.071984 -0.258435 0.251446
-0.807331 0.345238 0.083054 0.224098 -0.102635 0.258799
-0.510560 -0.249143 0.431429 -0.041416 0.191010 0.515103
0.160652 -0.379904 0.442048 0.443722 -0.218672 -0.134191
-0.837896 1.444628 -1.217519 -0.007236 -0.164563 0.142995
-0.475956 0.467800 -0.217893 0.691766 0.244822 0.609317
-0.352738 0.360703 0.024129 1.098300 -0.234057 -0.199465
-0.702808 0.856375 -0.382341 0.338351 0.065502 0.183754
-0.406948 0.117695 0.278527 0.572130 -0.552930 -0.023079
0.077611 -0.959070 1.075720 0.778979 -0.010059 -0.018282
0.037978 -0.575898 0.207989 1.088300 0.117935 -0.403010
-0.428611 -0.940779 0.099526 0.796400 -0.188957 -0.740020
-0.432610 -1.060007 0.138244 1.015009 -0.557981 -0.904123
-0.231738 -0.178488 0.398084 0.849056 -0.225243 -0.611101
-0.255161 -0.548572 0.370663 0.908645 -0.013424 -0.405576
-0.940482 -0.317794 0.161231 1.019573 -0.195595 0.331263
-0.679003 -0.499319 0.260508 0.877758 -0.345106 -0.166829
-0.713185 0.162400 0.634586 0.503836 -0.397709 0.029996
-0.292746 0.468648 0.514768 0.280427 -0.193774 0.471487
-0.507651 -0.567859 0.552484 1.274909 -0.296133 -0.530693
-0.701713 -0.248425 0.553741 0.739666 -0.058575 -0.361172
-0.505649 -0.193098 -0.260779 0.508559 -0.877106 -0.110614
0.029897 0.353676 0.445501 0.510799 -0.000714 0.523624
-0.314929 0.018271 0.372887 0.481141 0.063437 0.337859
-0.836313 0.031905 0.045104 1.367126 -0.269922 -0.260636
-0.298069 -0.419594 0.224613 1.096527 -0.026616 -0.676448
-0.369665 -0.152270 -0.099401 0.550944 0.000588 -0.286379
-0.071459 0.339808 -0.335706 0.515683 -0.041711 0.454328
-0.580624 -0.221813 0.406808 0.264585 -0.404430 -0.535471
-0.168335 0.813648 -0.059152 0.286974 -0.331274 -0.049985
-0.235115 0.281252 0.460914 0.171229 -0.555785 -0.068799
-0.119784 0.557862 -0.078135 -0.211756 -0.281470 -0.386336
-0.538488 -0.077481 0.427786 0.243697 -0.782896 -0.016937
-0.188974 0.518800 0.075825 0.613158 0.102246 -0.096947
-0.077524 0.348231 -0.121364 0.619047 0.515925 0.089548
0.135412 0.678125 0.843237 0.600283 -0.276178 0.349573
0.138214 0.940441 0.031470 0.019946 -0.255846 0.967035
-0.296324 0.477119 -0.200347 0.206456 -0.280365 0.592461
0.225904 1.107053 0.187541 0.264893 0.292188 0.784377
-0.137247 0.688571 0.504799 0.603042 0.066122 0.396628
0.149821 0.859680 0.705664 0.302341 0.329694 0.320189
-0.265588 -0.281868 0.063312 0.894505 -0.123199 0.040335
0.095525 0.941729 0.650792 0.428652 0.164843 0.598154
-0.542186 1.092275 -0.061065 0.051410 0.402637 -0.043705
-0.134099 0.709353 0.328450 0.503571 0.047682 0.485178
0.048695 0.808683 0.330060 0.517880 0.103596 0.480958
0.168392 0.779479 0.434954 0.551376 0.133177 0.603267
-0.048351 0.740754 0.343975 0.547226 0.199648 0.227241
0.152325 0.763531 0.460235 0.403397 0.067265 0.489583
0.019496 0.656633 0.175915 0.654961 0.241019 0.408819
0.088498 0.745419 0.403436 0.577095 0.132952 0.531726
0.377693 0.736649 0.317061 0.435213 -0.067846 0.855135
0.343189 0.715580 0.359492 0.501138 -0.103556 0.869584
0.396857 0.581914 0.221006 0.472501 -0.145189 0.900062
0.004399 0.851554 0.511742 0.366911 0.205272 0.416619
0.456218 0.559958 0.198202 0.495154 -0.018252 0.807287
-0.303995 0.589755 0.016744 0.623436 0.144804 0.170324
0.212768 0.903162 -0.053545 0.793947 0.397843 0.955214
0.065878 0.720626 0.256628 0.587868 0.174167 0.478785
0.024520 0.851170 0.570096 0.450849 0.260632 0.375750
0.189215 0.503422 -0.180598 0.542702 0.431580 0.262520
0.209664 0.737836 0.291938 0.378681 0.239840 0.400431
0.676926 0.112856 0.653526 0.482507 -0.060029 0.371554
0.208998 0.346243 0.089275 0.412319 0.458866 0.321343
-0.048525 0.706268 0.354019 0.550324 0.191665 0.385046
-0.004467 0.685249 0.364786 0.553590 0.087110 0.460809
