-0.411351 0.761932 -0.283709 0.749192 0.163388 0.546951
0.319088 -0.022559 0.397999 0.416393 -0.312730 -0.087647
-0.545930 0.676620 -0.385509 0.717074 -0.340771 0.071459
-0.515818 -0.842726 -0.670975 0.747829 -0.830844 -0.615315
0.096369 0.169468 0.538293 -0.254037 0.243193 -0.022396
-0.564864 1.017654 0.209001 0.199796 -0.081674 0.329544
0.132456 0.212745 1.074737 0.096429 -0.103813 0.261794
-0.504980 -0.226566 0.049447 0.100220 0.060710 0.197349
0.371512 -0.578048 -0.011587 0.663954 0.139062 0.749934
-1.065483 -0.180581 0.536632 0.570618 0.092773 0.119902
-0.283523 0.027547 0.458540 -0.384591 -0.932504 0.314424
-0.841344 -0.262166 0.754213 0.414502 0.119574 0.009729
-0.121438 0.331489 0.256666 0.615071 0.267270 -0.414852
0.533691 -0.190959 0.453863 0.150201 0.306491 -0.346430
0.628610 -0.578652 1.469815 0.236124 -0.087631 0.225939
0.253491 -0.185410 0.736386 0.635437 0.239597 -0.315104
-0.114172 0.437761 0.410081 1.031958 -0.064069 0.333570
-0.102891 -0.092769 0.181380 0.781767 -0.570670 0.826823
-0.360899 0.326186 -0.271385 0.356627 0.505434 -0.884472
-0.668925 -0.448570 -0.001814 -0.316852 -0.311495 -0.052476
0.128351 0.084593 1.021506 0.463549 -0.130994 -0.758375
-0.646312 0.694885 0.228479 0.256111 -0.519890 0.662594
-0.429111 -0.527776 0.066934 0.210527 -0.328956 0.294410
-0.651264 0.083461 0.006345 0.720679 -0.324369 -0.647436
-0.860751 -0.074020 -0.592094 0.643519 0.164362 -0.746830
-0.329484 0.020787 0.644249 -0.166687 -0.287562 0.652433
0.176744 -0.403998 0.220860 0.056572 -0.318062 -0.203598
-0.127476 0.044225 0.116250 1.015760 -0.047119 -0.323770
0.139363 -0.311473 -0.074468 0.721036 -0.220800 0.241505
-0.546576 -0.366767 0.197643 0.680961 -0.185016 0.089916
-0.465190 0.602998 0.127439 0.218998 0.231023 0.492771
-1.170209 0.007986 -0.224432 0.540928 0.412624 -0.046964
-0.024273 -0.155179 0.434929 0.470426 -0.725228 0.571588
-0.195753 -0.345600 0.168185 0.441379 0.047826 0.067385
-0.107181 -0.588190 -0.199990 0.430089 -0.086081 -0.505392
-0.290027 -0.110130 0.270869 -0.089197 -0.308902 -0.229414
-0.070200 -0.225652 0.057839 0.312454 -0.271647 -0.110532
0.084036 0.154267 0.040789 0.681214 -0.429852 -0.187006
-0.096713 0.685011 0.282875 0.087224 -0.466128 0.437893
-0.430159 0.432116 0.138464 0.314614 -0.531882 -0.023267
0.120380 0.274116 0.369798 0.622808 -0.788850 -0.627708
0.028477 -0.448923 0.387407 0.718356 0.062102 -0.150421
-0.472815 -0.003858 0.233669 -0.358917 0.211890 0.463458
-0.462537 0.968048 0.019930 0.215837 -0.341213 -0.201531
-0.372315 0.244526 -0.261443 0.175033 -0.699936 -0.671070
-0.077539 -0.773136 0.413484 1.326649 -0.333860 -0.142449
0.076512 0.384884 0.331098 0.037425 -0.072940 -0.004188
-0.700806 0.082372 -0.034181 0.497955 -0.259531 0.382018
-0.340072 -0.285636 0.255376 0.640808 -0.401389 0.261245
-0.156023 -0.362242 0.350705 0.413562 -0.371730 0.143341
0.039769 -0.542680 0.575167 0.815700 -0.558045 0.326787
-0.223896 -0.013090 -0.075472 0.432097 0.288976 0.122875
-0.289145 -0.186319 0.327774 0.455050 -0.614321 0.297172
-0.430404 0.260096 0.510505 0.380876 -0.551651 0.213349
0.203137 -0.445317 0.477358 0.645728 -0.520708 0.013904
-0.769340 -0.345495 0.019533 0.638412 -0.292375 -0.147322
0.004203 -0.725835 0.457467 0.691899 -0.434905 -0.008556
0.114187 -0.701877 0.493490 0.529927 -0.340586 0.074388
-0.366053 0.023145 -0.056806 0.723237 -0.636640 0.011112
0.377857 0.320282 -0.747054 0.877863 -0.315986 -0.347693
-0.146423 -0.648270 0.841928 0.739787 -0.200439 -0.302583
0.215469 -0.888865 -0.296296 1.479636 -0.520360 -0.334004
-0.287270 0.293055 0.550948 -0.194735 -0.234219 0.788299
-0.274001 0.456807 -0.046240 0.034993 -0.478794 -0.407128
-0.133909 0.824996 -0.588474 0.338056 0.254845 0.678322
0.107679 -0.314514 0.287754 0.345498 0.402446 0.391249
-0.164407 -0.094161 -0.338142 0.966716 -0.128947 -0.271543
-0.121438 0.331489 0.256666 0.615071 0.267270 -0.414852
-0.357547 0.296746 0.321232 0.323058 0.064305 -0.426340
0.091846 -0.430529 0.177182 0.529277 0.124100 -0.416385
-0.573021 0.496228 -0.259316 -0.221077 -0.165381 0.666210
-0.313707 -0.654269 0.280544 0.836538 -0.407706 -1.046622
-0.395995 0.881179 -0.544156 -0.357234 0.189481 0.411439
0.128810 -0.279827 -0.299099 0.513077 -0.705063 -0.667535
-0.498549 0.126024 0.104383 0.103129 -0.288329 -0.034933
-0.377990 0.600205 -0.762224 0.229819 0.078511 -0.638003
-0.118752 0.667598 -0.005230 0.304270 0.078376 0.576469
0.192823 -0.571681 0.523618 0.513278 -0.696884 -0.416030
-0.088169 0.303076 -0.301995 0.385315 -0.315614 0.056121
-0.797679 0.143295 0.676614 -0.268005 -0.172126 -0.395225
-0.693748 0.037633 0.282751 -0.109437 -0.018271 0.489390
-0.277838 -0.853650 -0.343496 1.391548 -0.385090 -0.008430
-0.588392 0.247976 0.286283 0.658239 -0.414515 0.553717
-0.534272 -0.063763 -0.335367 0.014374 -0.046294 -0.342041
0.406234 -0.024244 0.150489 1.039082 -0.047538 -0.291512
-0.194777 -0.872546 0.308161 1.052529 -0.271579 -0.261043
-0.212459 -0.830339 0.176345 0.883618 -0.541162 -0.456795
-0.200989 0.328673 0.430924 1.102220 -0.092647 -0.584418
-0.214951 0.131969 0.224414 0.498158 -0.345478 -0.080880
-0.820662 -0.642423 0.132758 0.623940 -0.531635 0.136962
-0.707508 0.662590 -0.449408 0.291166 -0.082090 -0.416973
-0.508211 0.978632 -0.349507 -0.055368 -0.181875 -0.073208
-0.228878 0.121869 0.554171 0.273147 -0.128135 -0.253569
-0.576636 -0.806791 -0.150786 0.902154 -0.414053 -0.552015
0.528676 0.229065 0.480407 0.384977 0.061956 0.144242
-0.591685 0.494877 0.400373 0.279399 -0.333056 0.158668
-0.573474 0.105646 0.538657 0.501587 0.231786 -0.339100
-0.584398 -0.028403 0.252495 0.538482 -0.444655 0.200099
-0.129598 -0.687181 0.242151 0.753902 -0.554481 -0.740728
-0.136313 0.809257 0.136082 -0.012758 -0.191402 -0.196620
0.148451 0.163980 0.197196 0.395116 -0.250435 0.066225
-0.171819 0.190169 0.092014 0.357005 -0.223076 -0.270762
0.061871 0.733671 0.540488 0.445880 0.270096 0.459060
0.310496 1.358110 0.157393 0.490079 -0.344262 0.676400
0.060663 -0.021752 0.373615 0.856117 0.063271 0.000211
-0.087930 0.562275 -0.275426 1.035998 0.300116 0.503751
0.243099 0.793494 0.446028 0.415146 0.174042 0.529885
0.124541 0.852228 0.452223 0.400480 0.172195 0.483092
-0.135949 0.588185 0.256961 0.574549 0.037438 0.473296
0.126199 1.148570 0.443221 0.431244 -0.262187 0.480727
0.175467 1.032789 0.264959 0.261617 -0.309654 0.811216
0.276516 0.799167 0.377313 0.533731 0.118106 0.540022
0.162185 1.157438 0.283272 0.006002 0.111358 0.569603
0.104231 1.006599 0.185027 0.007079 -0.211924 0.950195
-0.006364 0.212471 0.175168 0.942335 -0.047332 0.145767
0.009628 0.963669 0.201138 -0.023916 -0.221471 0.894665
0.012825 0.842747 0.530158 0.453558 0.375338 0.315765
-0.317861 0.211398 0.221673 0.871764 0.375577 0.280963
-0.063928 0.550935 0.530152 0.581725 -0.171730 0.568179
0.078808 0.518632 0.392613 0.478698 0.197649 0.482898
0.039454 0.723011 0.330654 0.602561 -0.014194 0.628120
-0.249008 0.655947 0.387761 0.382693 -0.043588 0.363681
0.057397 0.835384 0.637723 0.430629 0.265708 0.327172
0.030051 0.020098 0.198789 0.790096 -0.473683 -0.074676
0.024609 0.727411 0.410631 0.568533 0.083576 0.545721
0.158225 0.953025 0.233287 0.186043 -0.138541 0.831411
-0.003995 0.713713 0.334954 0.646223 0.004750 0.574078
-0.225425 0.607816 0.181989 0.687443 0.244951 0.172410
