-0.492065 -1.297687 -0.020789 0.728290 0.125697 -0.748223
-0.447252 0.641812 0.229243 0.678222 -0.298825 0.071172
-0.218291 0.094842 -0.254199 0.810247 -0.162452 0.104497
-0.142369 -0.709037 -0.598893 0.554864 0.168527 -0.248129
-0.467295 0.554493 0.476620 0.398834 -0.137395 0.232713
-0.607897 -0.349224 0.062510 0.800494 -0.195797 -0.735894
0.050590 0.123784 0.272657 0.936418 -0.327735 0.269647
-0.390263 -0.248820 0.656180 1.111949 -0.314672 -0.848672
-0.594107 0.078261 0.096362 0.477457 -0.279207 0.336707
-0.338786 0.609595 -0.047174 0.054661 -0.220148 0.165574
-0.855800 -0.250779 -0.188036 0.391978 -0.388456 -0.454178
0.026242 -0.117172 0.194680 -0.019025 0.257827 0.057046
-0.090405 -0.671155 0.723729 1.282637 -0.257960 0.195318
-0.479102 -0.260938 -0.060978 0.362188 -0.363459 0.026314
-0.019779 0.171630 0.712650 0.738416 0.091012 -0.001864
-0.710375 -0.479231 0.096910 0.732411 -0.702499 0.248467
-0.611797 -0.012210 0.283780 0.985374 0.429585 -0.464018
-0.507902 0.154385 0.451808 1.013263 -0.028655 0.331395
-0.986546 0.536076 -0.036179 0.200897 -0.159218 -0.119215
-0.245751 0.059147 0.354432 0.218677 0.158231 0.233052
-0.642607 0.523163 -0.453922 0.298173 -0.152540 -0.212509
-0.531339 0.013266 0.186863 -0.349926 0.243912 0.212793
-0.563211 0.407865 0.041618 0.349690 0.332639 0.849583
-0.507001 -0.033338 0.482618 0.205972 -0.419555 -0.048483
0.042041 0.824211 -0.081919 0.171544 -0.252175 0.074465
-0.161874 0.094380 0.334086 0.198657 -0.176147 -0.172384
0.356190 -0.374445 0.206156 0.587618 -0.396099 0.120550
-0.468720 -0.163238 0.956561 0.200229 0.568378 -0.178878
-0.403062 0.196284 0.288078 1.210569 -0.071078 -0.429558
-0.947846 0.680818 0.433083 0.398808 -0.791552 0.371355
-0.067151 0.051715 0.139446 0.605508 0.039485 -0.252183
-0.336492 -0.073670 0.195403 0.187760 -0.543308 0.054502
-0.742834 0.270319 0.462419 0.062629 -0.858049 -0.312309
-0.981469 0.447142 -0.151330 1.088630 -0.443578 -0.038425
-0.516688 0.210944 -0.158864 0.917002 -0.009211 0.039164
-0.890352 0.849976 -0.031549 -0.173672 -0.089542 -0.107032
-0.683931 -0.034592 -0.267349 0.038223 0.394821 -0.280963
-0.979057 0.366377 0.091867 0.598554 -0.143891 -0.355049
-0.335257 0.471742 0.777964 0.236445 -0.005110 0.387112
0.210925 -0.831121 0.261581 0.663301 -0.060366 0.103784
-0.468894 0.417374 0.121448 -0.101091 -0.331167 -0.207486
-0.558229 0.407980 0.078684 0.902821 -0.595507 -0.029991
-0.563181 -0.234336 0.042156 0.654433 0.068695 0.466323
-1.090094 0.449541 -1.026102 -0.246092 -0.897677 0.006250
0.123684 0.045989 0.238260 0.657257 -0.411068 -0.043535
-0.301717 -0.180920 0.253114 1.097510 0.091337 0.026981
-0.395438 0.775955 0.193928 0.446054 0.626971 0.684059
-0.830576 -0.374193 -0.167538 0.666299 0.144596 0.218671
-0.604806 0.268255 0.294350 0.483743 -0.138212 0.241201
-0.761925 0.847481 0.103550 0.564076 -0.597980 0.359508
-0.685947 0.522114 0.070481 0.206950 -0.264923 0.197201
-0.749393 0.388043 -0.062280 0.768069 0.194017 -0.006387
0.006762 -0.309019 0.240672 0.140175 -0.214548 -0.230426
-0.812185 1.005767 -0.243251 -0.166620 -0.795333 -0.498545
0.099464 0.094039 -0.064066 -0.069995 -0.117911 0.203728
-0.751410 0.181834 0.174153 0.501905 -0.544934 0.468923
0.018001 0.006913 0.446191 -0.021248 0.107104 -0.108709
0.113548 -0.598337 0.723810 0.885076 -0.605808 -0.242852
-0.752875 0.593134 0.291214 0.341092 -0.133327 0.499711
-0.345879 0.203784 0.673513 0.586791 0.179329 -0.397669
-0.440525 0.112044 0.279825 0.134105 -0.438084 0.572008
-0.121468 0.603283 -0.223334 0.626153 -0.197497 -0.310643
-0.066705 -0.005369 0.309685 0.330670 0.283044 0.308488
-0.011271 0.324421 -0.573218 0.445098 -0.110232 -0.055606
-0.363489 0.330604 0.089305 -0.165228 0.450077 0.645930
-0.803115 0.413073 0.433381 0.838159 -0.540087 0.349186
-0.329574 0.482971 0.474595 0.289641 0.459772 0.814426
-0.944335 0.082732 -0.289216 0.125339 -0.116712 0.032960
-0.452799 0.193961 0.346091 0.195218 -1.076214 0.219457
-0.355910 0.325052 0.590518 0.320533 -0.000819 0.420925
-0.063919 -0.786021 0.234641 0.716410 -0.391695 -0.840412
-0.210569 -0.638829 0.375265 0.879435 -0.579317 -0.141307
-0.088205 -0.336862 -0.015708 0.379324 -0.623114 0.006365
-0.252182 0.188516 0.262408 0.157293 -0.292229 0.259046
-0.810490 -0.037912 -0.132740 0.156838 -0.145790 0.057130
-0.284815 0.535582 -0.205496 -0.140888 0.717723 -0.076282
-0.694878 0.558646 -0.028575 0.161477 0.069207 0.683350
-0.395756 0.997958 0.143840 0.580222 -0.329095 -0.078789
-0.471827 0.702256 0.026132 0.907801 -0.626490 -0.234174
-0.517560 0.294803 -0.312454 1.209450 0.190511 -0.347450
-0.479208 -0.050719 0.019557 0.884822 0.079338 -0.183482
-0.747171 -0.072705 0.202369 0.859358 -0.915132 -0.122902
0.012407 0.133794 0.160594 -0.257208 0.641560 0.643939
0.354898 -0.384837 0.261443 0.763068 -0.077064 -0.091736
-0.339424 0.120756 -0.106475 0.286359 0.226502 0.268591
-0.327742 0.563837 0.265039 0.515316 -0.327903 0.383128
-0.503760 0.687001 0.109336 0.696779 -0.241623 0.024104
-0.593801 1.134401 -0.298801 -0.041425 -0.214079 0.316774
-0.036936 0.174201 0.185328 0.871777 -0.253981 0.853965
0.173910 0.348288 0.410340 0.364301 0.026985 0.329537
-0.558232 0.731136 0.218780 0.262889 0.098539 0.589111
-0.197728 0.080114 0.288250 0.859230 -0.364800 0.488334
-0.185153 -0.093342 0.789174 0.340108 -0.770962 0.274862
-0.074765 -0.995671 -0.008354 0.695552 -0.479049 -0.452760
-0.936817 0.406538 -0.265194 0.175114 -0.564777 -0.031596
-1.058601 0.532389 -0.603145 0.571585 -0.286213 -0.406962
-0.252696 0.091107 0.042870 0.095584 0.960037 0.225812
0.175709 0.510348 0.810008 -0.013966 -0.222440 0.557046
-0.276646 0.006076 0.010557 0.505986 0.436186 -0.172186
-0.530236 0.815258 0.476171 0.429444 0.259980 0.135751
-0.296380 0.616299 -0.176552 0.588732 0.109502 0.183566
0.313787 0.522476 0.628936 0.876431 -0.118705 -0.176503
-0.019860 0.784001 0.789334 0.425529 0.187272 0.411655
0.014723 0.748489 0.136718 0.698400 -0.021843 0.587309
0.012030 0.036458 -0.119887 0.403169 0.601869 -0.207738
-0.101819 0.708521 0.190263 0.612469 0.577847 0.075664
0.067538 0.640045 0.115447 0.146328 0.071662 0.721827
-0.248974 0.668443 0.276967 0.502087 0.177361 0.211833
0.001709 0.762226 0.584062 0.442631 0.327435 0.311955
-0.094760 0.669583 0.260865 0.600041 0.244469 0.324970
-0.082327 0.667847 0.417129 0.729926 -0.111512 0.520309
0.199737 0.793419 0.512924 0.409451 0.214931 0.452621
0.113288 0.934019 0.448867 0.370509 0.015689 0.741307
0.196941 0.746332 0.333078 0.555907 0.187316 0.542367
-0.136868 0.575878 0.331528 0.422554 -0.152460 0.626281
-0.119707 0.605659 0.248273 0.649140 0.114864 0.327907
0.290187 0.793132 0.243775 0.392694 0.400023 0.584845
0.154021 0.769232 0.534658 0.414964 0.020231 0.574163
0.237368 0.807094 0.395573 0.522953 0.006867 0.715598
0.263074 0.785095 0.418121 0.486954 0.049100 0.649469
-0.043655 0.917007 0.606644 0.389131 0.206324 0.407816
-0.059105 0.728035 0.539935 0.529199 0.119437 0.375004
-0.056870 0.745681 0.506602 0.439788 0.373338 0.220110
0.125021 0.775245 0.315196 0.583966 -0.105903 0.460135
0.174181 0.539136 0.284781 0.635610 0.031889 0.340155
-0.547688 0.640415 0.037983 0.490705 0.213516 -0.174304
-0.058449 0.738228 0.394229 0.513771 0.275305 0.314651
0.157272 0.745097 0.422377 0.565061 0.075561 0.568132
