-0.472620 -0.196034 0.185290 0.174834 -0.455735 0.171938
-0.111173 0.842091 0.109579 -0.000046 0.109062 0.280562
0.094586 -0.961469 0.506684 0.166155 0.115811 -0.466381
-0.539091 0.150535 0.051993 0.557856 -0.081874 -0.889671
-0.978321 0.375250 0.062663 0.592816 0.004947 0.146421
-0.020156 -0.203528 0.301537 0.848920 -0.433075 -0.314829
-0.184611 -0.089594 0.233967 -0.236818 0.092771 -0.543965
-0.472337 -0.340211 0.151766 0.644556 -0.169179 -0.290369
-0.344853 -0.281010 0.297021 0.533915 -0.972391 0.552836
-0.265505 -0.788913 0.294861 1.160172 -0.078548 -0.834632
-0.722547 -0.108303 -0.325292 0.492268 -0.024461 -0.692840
-0.545620 0.234005 -0.223760 0.307046 -0.281166 -0.239114
0.012800 0.047597 -0.065824 0.723422 -0.454855 -0.589795
-0.571386 -0.289357 0.183250 0.806405 -0.007477 -0.269121
-0.365351 -0.193499 0.385258 0.853500 -0.405006 -0.370232
0.009434 -0.127388 0.617582 0.506943 -0.481247 -0.199281
-0.711410 0.372533 0.183906 -0.000745 0.372047 0.560525
-0.537708 0.208332 0.587896 0.536881 0.216651 0.356439
-0.426320 0.176223 -0.085665 0.240186 0.061453 -0.717684
-0.781061 -0.476360 0.613065 0.140232 -0.410941 -0.556356
-0.351034 0.147315 0.181170 0.329168 -0.338478 0.136245
0.135587 0.093472 0.085701 -0.060479 0.437090 -0.081896
-0.281872 0.571728 0.068710 -0.152770 -0.072549 0.174020
-0.478335 -0.113630 0.242247 1.217942 0.350655 -0.186935
-0.407783 1.171538 -0.146681 -0.042447 -0.217978 -0.427497
-0.122207 -0.703444 -0.363499 1.044441 -1.034972 -1.040777
-0.553328 0.010361 -0.407532 0.823482 -0.058781 -0.778225
-0.220394 0.018858 0.270679 0.994475 0.074690 -0.676566
-0.104195 -0.218130 0.671329 0.783102 -0.403900 -0.472472
-0.295444 -0.557658 0.412451 0.908642 -0.133354 -0.558371
-0.330743 -0.409831 0.729282 0.754817 -0.342134 -0.125759
-0.132133 0.345539 0.743145 0.532064 -0.036624 -0.361181
-0.941142 -0.396876 0.562361 0.728935 -0.666254 0.190298
-0.123476 -0.307967 0.405944 0.817294 -0.067017 -0.618459
-0.298131 0.355669 0.396549 0.924680 -0.178653 0.643425
-0.112932 0.685601 0.599976 0.586094 0.221126 0.311334
0.086814 -0.139260 0.744805 0.733236 -0.285276 0.315768
-0.888867 -0.246206 -0.255637 0.261279 -0.494532 -0.022498
-0.235952 0.784557 -0.271273 0.537539 -0.692135 0.109231
0.256232 -0.882503 -0.009248 0.838806 0.232121 -0.446911
-0.819800 0.427024 0.521348 0.081161 0.539374 -0.263672
-0.475678 0.524920 0.399147 0.028657 -0.065696 0.506052
-0.576016 0.588481 -0.333516 0.168499 0.045476 -0.770957
-0.326487 0.404905 -0.209502 -0.222273 -0.283809 -0.654229
-0.786579 1.113603 0.115992 0.598256 -0.331056 1.059703
-0.471924 0.674718 0.107677 0.456572 0.084650 0.609928
-1.300938 0.319828 0.026573 0.176233 -0.059057 0.245803
-0.030143 0.542306 0.610451 0.051874 0.354156 0.329861
-0.372794 0.306136 0.132143 0.771940 -0.371297 -0.517867
-1.008309 0.075002 0.048174 -0.026952 -0.352580 0.367184
0.030253 0.325121 0.271286 0.413450 -0.217351 0.471793
-1.071647 -0.211200 0.132265 0.387453 0.050786 0.227427
-0.091136 0.553388 0.342585 0.668771 -0.045463 -0.025420
-0.750472 0.148448 0.180772 0.538335 0.492915 0.175297
-0.437238 -0.212133 0.142334 -0.287578 -0.399569 -0.531314
-0.488262 -0.426507 0.092573 0.513640 0.131199 0.250762
-0.904962 -0.114254 0.246638 0.277145 0.270764 -0.189480
-0.621582 0.394163 -0.253835 0.597228 -0.066420 0.135258
-0.758397 1.024744 -0.575082 0.750006 -0.064184 0.301939
-0.386372 -0.664234 0.050020 0.799278 -0.739950 -0.154142
-1.127991 0.862502 -0.598666 0.015651 -0.023690 0.282097
-0.272507 -0.107048 -0.085109 0.583186 0.800799 0.155618
0.113109 0.995884 0.349511 0.463412 0.444037 0.382263
-0.226703 0.758407 0.236408 0.716947 0.081796 0.354240
-0.151223 0.791177 0.365261 0.550538 0.232132 0.215110
0.210016 0.655505 0.395468 0.446648 -0.231968 0.354112
0.449619 0.291263 0.251135 0.544459 0.545681 0.723382
0.335338 0.882936 0.443053 0.537300 0.049120 0.693055
-0.300238 0.529530 0.547933 0.371733 0.295889 -0.661176
0.449943 -0.322061 0.660743 0.403193 0.592229 -0.230810
0.213166 1.033123 0.008501 -0.786125 0.383406 0.158591
0.148841 0.718177 0.178819 0.547815 0.012033 0.590044
0.036835 0.634417 0.242460 0.473931 -0.131876 0.592236
0.060343 0.807679 0.427445 0.561438 0.078078 0.545985
-0.185286 0.544928 0.196378 0.529475 0.346758 0.146798
-0.144250 0.608362 0.307260 0.430315 0.457811 0.025999
0.345829 0.907237 0.482879 0.361243 -0.086427 0.541995
0.072452 0.882042 0.244750 0.379015 0.001323 0.667855
