0.320081 -0.278596 -0.012077 0.713721 0.219216 -0.345294
-0.176212 0.983208 0.212811 0.365945 -0.043133 0.541369
0.117080 0.133709 0.106884 0.161214 -0.015821 -0.415985
-0.627003 0.945239 -0.069321 0.337972 -0.000149 0.377319
-0.552837 0.253630 -0.110385 0.429849 -0.083217 -0.179839
-0.123319 0.766402 -0.225743 0.591469 -0.160601 0.359906
0.097727 -0.504224 0.267916 0.621308 -0.344350 -0.026395
-0.085728 -1.132050 -0.156375 0.064260 -0.422336 0.050157
-0.662456 -0.032299 -0.275734 0.910779 0.330273 -0.672825
-0.088371 -0.416214 0.852411 0.274984 0.755642 0.345635
-0.373479 -0.052573 0.095155 0.094922 -0.409398 0.080263
-0.147384 0.205151 -0.209911 0.585166 -0.406757 -0.309148
-0.634833 -0.033331 0.437860 0.106709 -0.006811 -0.041409
-0.792313 -0.262725 0.693609 0.748037 0.110194 -0.402975
-0.311477 0.695126 -0.095468 0.009191 -0.476756 -0.631553
-0.075204 -0.775561 0.462562 0.585034 0.454448 -0.641342
-0.163878 0.531082 0.093276 0.620326 -0.078111 -0.359284
-0.456943 -0.041524 0.527017 0.147526 -0.054243 0.472643
-0.211006 0.135877 0.320854 0.170484 0.596242 0.494537
-0.140808 -0.477551 0.466567 0.294731 -0.452728 0.285840
-0.542902 0.384357 0.245974 0.323775 0.636019 -0.031791
-0.374072 0.355316 -0.481711 0.388056 0.345348 -0.702419
-0.034412 0.578750 0.088893 0.536262 -0.155970 0.164033
0.375198 0.061899 0.656635 0.847007 -0.473228 0.030416
-1.385502 0.644857 0.227101 0.504869 -0.415215 -0.205206
-0.079752 0.202906 0.748040 0.818762 0.425421 0.511385
-0.312919 0.879952 0.406018 -0.475940 0.412983 0.569123
0.060949 -0.420442 -0.118722 -0.354300 0.444378 0.249374
-0.085471 0.152167 0.156017 -0.104479 -0.098987 -1.038560
-0.453588 -0.097404 0.142758 0.826704 -0.015154 0.406192
-0.633695 0.001067 0.074870 0.214648 -0.249816 0.060425
-0.185653 0.014797 0.111062 0.112380 -0.712502 0.029755
-1.258839 0.345776 -0.003765 -0.203316 -0.872619 -0.304202
-0.838485 1.278655 0.010189 0.299010 -0.726253 0.441294
-0.936479 0.687838 -0.752374 0.178823 -0.382463 0.299036
-0.154495 -0.472965 0.652651 -0.039752 -0.983786 -0.714695
-1.049997 0.814526 0.028644 0.092935 0.400466 0.232775
-0.347569 0.503918 0.353837 -0.270614 0.451650 0.726505
-0.517359 0.319815 -0.000074 0.579350 -0.352023 0.031789
-0.597690 0.726722 -0.469876 0.045854 -0.402739 -0.340399
-0.825376 0.196126 0.560276 0.365476 -0.702063 0.278945
-1.121355 0.394320 0.448591 0.068600 -0.258714 0.274694
-1.026689 0.195117 -0.053952 0.192110 -0.231349 0.639918
-0.614314 -0.171790 0.184928 0.209705 0.805228 0.387296
-0.288159 0.164569 0.711468 0.361728 -0.587965 0.741744
-0.236375 -0.954553 0.399401 -0.396111 0.743025 -0.138299
-0.013560 -0.597543 0.684594 -0.507011 -0.209676 0.574701
-0.228979 -0.031310 -0.059694 0.824879 0.649718 -0.591399
-0.316766 0.274532 -0.049289 0.039290 0.193396 0.554240
-0.023194 -0.029029 0.085184 0.723724 -0.591549 0.243150
-0.513439 0.533058 0.043564 0.704417 0.097719 0.037824
-0.632247 0.343410 -0.376062 0.384486 -0.023168 0.318173
0.027602 -0.022057 -0.524039 0.468265 -0.724281 -0.794936
0.113756 0.572973 0.337637 0.382488 0.315854 0.226481
-0.481764 -0.572898 -0.157039 0.349064 -0.053164 -0.426826
-0.476305 -0.200886 0.538560 0.481436 0.060146 -0.105430
-0.318858 0.482721 -0.167288 0.148923 -0.235167 0.216016
-0.115889 -0.072896 -0.277015 0.303150 0.379240 -0.422974
-0.261124 -0.638429 -0.450616 0.326612 -0.380240 -0.395314
-0.261723 0.141678 0.403516 0.089284 0.644000 0.360960
-0.633159 -1.110375 -0.096016 0.815423 -0.343490 -0.227312
-0.057509 0.095875 0.034211 0.906638 -0.695852 0.236886
-0.086724 -1.162498 0.002848 0.989157 -0.461883 -0.255368
-0.534895 0.621651 -0.154941 0.035878 -0.180574 0.741287
0.022477 -0.329247 -0.331667 0.708737 -0.370682 0.345106
-0.649367 0.491667 -0.280685 0.694855 0.043443 0.431911
-0.147538 -0.336097 0.415068 0.079511 0.158936 0.173810
-0.174179 0.257740 -0.161655 0.424598 -0.278080 0.658977
-0.298313 -0.550681 0.357358 0.100424 0.057605 0.107185
-0.651273 0.127385 -0.005459 -0.312588 0.522291 -0.019095
0.376256 0.275880 -0.407755 0.195229 -0.659394 -0.326524
-0.451471 0.010285 -0.192758 0.650135 0.201624 0.512221
0.503686 0.409461 -0.753299 -0.072777 0.024045 0.151707
0.017887 0.078704 0.490342 -0.273232 -0.088322 0.499003
0.182288 0.079218 0.840261 -0.270655 -0.330864 -0.125206
0.291757 0.008656 -0.459552 -0.029277 -0.268257 0.073903
-0.542105 -0.613395 0.336168 0.728748 -0.011505 -0.617319
0.209180 0.313361 -0.198695 0.354604 -0.038981 -0.457742
-0.312029 -0.468600 0.255416 0.470436 0.121073 -0.352766
-0.212737 -0.454113 0.096312 0.155518 -0.266850 0.295393
-0.393883 -0.610261 -0.174298 0.217428 -0.444427 -0.859053
-0.893422 0.694727 -0.059229 0.432771 0.315657 0.096063
-0.168255 -0.030652 0.810553 -0.226909 0.378348 0.355438
-0.458771 0.633573 0.629136 0.254222 0.578281 -0.446341
-0.668656 -0.161348 0.188238 1.142554 -0.076593 0.263141
-0.361979 0.364695 0.051652 0.073151 0.609628 -0.236075
-0.231114 1.072700 0.329320 0.351719 0.073072 -0.133780
-0.449183 0.393492 -0.385536 0.456109 -0.119070 -0.289505
-0.195540 0.006509 0.698554 0.101583 -0.167635 -0.442910
-0.706581 -0.289830 -0.005470 0.339750 -0.197844 -0.984635
-0.413896 -0.525568 0.095867 0.490822 -0.417708 -0.264758
-0.278136 -0.119594 0.451914 0.519756 0.479335 -0.471789
-0.601249 0.399005 0.192999 0.409153 0.472856 -0.529755
-0.154495 -0.472965 0.652651 -0.039752 -0.983786 -0.714695
-1.333351 0.651879 0.222435 -0.556685 -0.366244 0.064486
-0.280471 0.727484 -0.004962 0.310050 -0.426534 0.087312
-0.208456 0.272308 -0.118333 1.123820 0.441152 -0.090906
-0.285176 0.018048 -0.157799 0.558242 0.547855 0.364210
-0.152338 0.203017 0.853487 0.762183 -0.095113 0.387971
-0.209740 -0.508233 -0.016078 0.136296 0.010258 -0.203953
-1.108872 0.682207 -0.086964 -0.135168 0.727176 0.297073
-0.513340 0.064587 0.298294 -0.027341 -1.064241 -0.418609
-0.491164 -0.346895 -0.145458 0.635150 -0.960263 -0.420616
-0.422354 0.474129 -0.189836 1.025615 -0.176316 0.090001
-0.282794 0.923997 0.343261 0.368558 -0.092923 -0.185832
-0.690087 0.024584 0.250850 0.411368 0.000395 0.112877
0.299292 -0.007096 0.265181 0.616135 -0.411651 -0.243893
-0.255993 -0.116608 0.242557 0.838968 -0.181543 -0.741498
-0.451925 0.214201 0.740819 0.245171 -0.548908 0.171583
-0.652409 0.324986 -0.642792 0.565308 -0.195591 -0.474113
-0.370669 0.370515 0.642640 0.325142 -0.417464 -0.374008
-0.168508 0.434399 0.318308 0.276848 -0.157056 -0.147568
-0.898392 0.238593 -0.594090 0.221278 -0.099316 -0.622010
-0.218870 0.827828 -0.021538 0.239159 0.460745 -0.239174
-0.315213 0.332555 0.712975 0.794492 -0.535704 0.173252
0.207218 0.776783 0.559515 0.384238 0.266438 0.590794
0.239681 0.756428 0.389583 0.559166 -0.028200 0.767519
-0.187593 0.471228 -0.031244 0.577855 0.294402 0.084590
0.137919 0.728460 0.369013 0.352761 0.495784 0.298954
0.046511 0.813164 0.537801 0.519736 0.024413 0.586890
-0.013933 0.539441 0.453092 0.167614 -0.174862 0.080834
0.446274 0.441713 -0.053630 1.261407 0.693085 0.367450
0.198253 0.273391 -0.078806 0.606948 -0.103151 0.567724
0.050332 0.772965 0.710090 0.410385 0.253402 0.335908
-0.366816 0.446576 0.426626 0.869154 -0.223791 0.314777
-0.048253 0.673653 0.383654 0.646669 -0.061797 0.575687
0.165096 0.783013 0.344477 0.490941 0.117142 0.591617
0.245263 0.919525 0.396266 0.387065 -0.036700 0.701723
-0.017825 0.585837 0.334495 0.753273 0.130073 0.306675
-0.570749 0.486279 -0.125461 0.273622 -0.227383 0.221743
-0.103236 0.538152 0.604541 0.729539 0.295106 0.117635
-0.173073 0.487680 -0.077075 0.737360 -0.291445 0.484740
-0.023382 0.813049 0.613292 0.168746 0.250116 -0.042061
-0.127607 0.104248 -0.074311 0.694945 0.352632 0.003972
0.191651 0.090099 -0.277574 0.958075 0.356592 0.328223
