0.107175 0.627326 -0.262889 0.742857 -0.513489 -0.146819
-0.494516 0.508713 -0.571154 0.560701 -0.147176 -0.161050
-0.409523 0.676820 0.536996 -0.209382 -0.353063 0.316279
-1.096686 0.444445 -0.574434 0.118696 -0.342847 -0.174745
-0.780908 0.879947 -0.091514 0.303419 -0.391650 0.224281
-0.617180 0.149671 -0.055366 -0.381407 -0.058625 -0.572280
-0.991208 -0.127176 -0.675311 0.454960 -0.034660 -0.114830
-0.890253 0.327029 0.140000 0.884219 -0.575688 0.566640
0.238994 -0.149588 0.931992 0.115997 -0.138888 0.241008
0.130874 -0.119727 0.116750 1.004311 -0.353237 -0.678081
-0.759873 0.522276 -1.124791 0.542604 -0.309691 -0.297418
-0.473211 0.445462 -0.365788 0.265970 -0.117500 0.147322
-0.256259 0.937491 0.070687 0.436756 -0.037655 0.234587
-0.839843 0.455950 0.084037 0.213404 -0.281161 -0.168325
-0.625888 0.113214 -0.033412 0.118106 -0.087559 -0.174524
-0.402972 -0.022066 0.335587 1.147830 -0.113263 -0.571310
-0.696883 0.326748 0.004207 0.306973 -0.274811 -0.280411
-0.364050 -0.196315 0.420816 1.034526 -0.135646 -0.464230
-0.065881 -0.591802 0.548980 0.639339 0.016865 0.083556
0.143766 -0.571420 0.677642 0.531037 -0.460939 -0.232524
-0.253658 -1.063913 -0.993780 1.228158 0.171112 -0.250003
-0.197047 0.369927 -0.150204 0.388519 -0.235041 -0.084834
0.277940 0.015006 0.380987 0.565881 -0.374451 -0.344804
-0.334266 0.043141 0.237979 -0.066094 0.089872 -0.253121
-0.273591 0.651849 0.469400 0.004360 -0.183928 0.366661
-0.554797 0.379413 0.165792 0.344219 0.180210 0.383272
-0.254496 -0.389717 -0.114977 -0.128973 -0.546246 -0.047047
0.497362 0.387077 0.177881 -0.233367 -0.035268 0.299985
-0.336977 -0.139569 -0.018462 -0.160671 -0.526288 -0.178081
0.033863 -0.474106 0.568671 0.337340 -0.396528 0.935746
-0.380621 0.751164 -0.334646 0.371084 0.012756 0.222445
-0.285867 0.038638 0.190576 0.868485 -0.042707 0.527355
-0.285882 0.769784 -0.205449 0.857184 0.179502 -0.015257
-0.102010 0.060636 0.746986 0.509451 -0.096792 -0.009507
-0.101133 -0.854359 0.665236 0.996362 -0.384413 0.066637
-0.294360 -0.360403 -0.321323 1.296506 -0.101941 -0.277668
-0.203594 -0.468494 -0.315744 0.876879 -0.921312 0.101547
-0.675159 -0.217539 -0.165952 0.299972 -0.063329 0.029921
0.089968 -0.139382 -0.110404 -0.194745 -0.109742 -0.360630
-0.506313 0.073537 0.283748 -0.226753 -0.844976 0.006202
-0.260902 0.204050 0.434229 -0.130416 0.257540 -0.125708
-0.142570 -0.422520 0.766291 0.447718 0.130008 -0.067797
-0.326130 0.104161 0.150176 0.334803 -0.058041 0.175820
-0.320385 -0.126682 0.386144 1.172516 0.067393 -0.722585
-0.156578 -0.139566 0.404408 1.201394 0.143624 -0.560807
-0.530395 0.331180 0.383009 0.504602 -0.105654 0.502938
-0.306206 0.961204 -0.400832 0.241134 -0.631151 0.130881
-0.418843 -0.256875 0.337396 0.782147 -0.371114 0.304544
-0.296667 0.330339 0.244988 0.545193 0.235828 -0.439489
-0.523837 0.474933 0.149360 0.406350 -0.960865 -0.341982
-0.776262 -0.293915 0.301967 0.380616 -0.156768 0.039782
-0.807219 -0.229981 -0.388089 1.052729 -0.301700 -0.466142
-0.044522 0.385985 -0.142815 0.088476 -0.146893 -0.179750
-0.120459 -0.337810 0.053761 0.627400 0.030828 0.120713
-0.730332 0.349218 0.174737 0.560487 -0.070655 -0.278249
-0.698976 0.319246 0.035888 0.561992 -0.065114 0.476572
0.094803 0.388166 0.073871 -0.326999 -0.359084 -0.062992
0.000856 -0.009079 0.740591 0.323393 -0.743746 0.253741
-0.512201 0.015328 -0.068562 0.898142 -0.078747 -0.385875
-0.627804 -0.452632 0.215871 0.102452 -0.376993 -0.522313
-0.657318 0.213484 0.022075 0.236516 -0.207446 0.178307
-0.087604 -0.882410 0.510847 0.052120 -0.520769 0.243033
-0.688120 -0.655315 0.357454 0.637642 -0.760035 0.030363
-0.147455 0.176664 -0.930683 1.082695 -0.082870 -0.330588
-0.658726 0.571021 -0.283777 0.732124 0.284630 0.500476
-0.160943 -0.315190 0.339721 -0.400772 -0.262159 0.010110
-0.030339 -0.578530 0.289844 0.379079 -0.470449 -1.226215
0.029388 -0.269969 -0.098237 0.703620 -0.627426 -0.172082
0.130874 -0.119727 0.116750 1.004311 -0.353237 -0.678081
-0.683036 0.437003 0.365660 0.303317 -0.316404 -0.040122
-0.532046 0.010068 -0.126700 0.371954 0.097991 0.541133
-0.148977 0.058593 0.228209 0.001181 -0.264818 -0.304017
-0.047641 0.177206 -0.064567 0.628214 -0.390691 0.188980
0.190179 0.211817 0.659948 0.768420 0.078615 0.345262
-0.520778 0.545131 0.488777 0.081038 0.149246 0.357481
-0.661345 0.195258 0.216287 0.298359 0.172899 0.347610
-0.894626 -0.164521 -0.059673 0.868809 -0.014666 -0.643978
-0.284962 0.702401 0.091042 0.217115 0.109401 0.368490
-0.160309 -0.339581 0.565422 0.513467 0.288869 -0.436273
-0.717780 -0.721896 0.434109 0.634527 0.045504 -0.474758
-0.059083 -0.515379 0.004659 0.391723 -0.667176 0.495627
-0.224960 -0.069751 0.357954 0.476149 -0.528940 -0.292001
-0.670719 0.992749 0.348260 0.337498 0.015403 0.532757
0.225257 0.648957 0.112391 0.630608 0.128446 0.640328
0.057528 1.114642 0.204972 -0.062826 -0.191048 1.005921
0.114442 0.784080 0.514615 0.505117 0.070520 0.616261
0.443278 0.897718 0.146356 -0.578332 -0.039325 0.201977
-0.229536 0.600036 0.279642 0.590324 -0.059043 0.431797
0.448727 0.606871 0.684774 0.222539 -0.522210 0.541703
-0.088537 0.582409 0.255583 0.714455 -0.163584 0.465554
-0.071288 0.669254 0.370961 0.662508 0.018180 0.528873
0.071580 0.756306 0.461441 0.544196 0.028051 0.571868
-0.054164 0.727339 0.488633 0.390888 0.057744 0.398775
0.168355 1.036597 0.330696 0.298855 0.058507 0.801805
0.249756 0.824130 0.425649 0.570932 -0.156341 0.577347
-0.100582 0.639158 0.155673 0.544436 0.092580 0.399783
0.096998 0.360053 0.240851 0.703266 -0.446531 0.447220
-0.137161 0.562308 0.042856 0.688301 0.395106 0.243937
-0.053132 0.539270 -0.064518 0.612960 0.336371 0.129561
-0.325244 0.705262 0.344693 0.893856 0.413209 0.239974
0.471887 0.808665 0.751778 0.835631 -0.019223 0.100868
-0.114351 0.886379 -0.103035 0.542951 0.336373 -0.245088
-0.061677 0.182368 0.408108 1.053698 0.398637 0.042186
-0.344381 0.208994 0.308765 0.767238 -0.230835 0.255907
-0.042309 0.612901 0.279823 0.580106 0.225760 0.295251
0.027766 0.489478 0.168126 0.494062 0.431467 0.217197
0.068226 0.993889 0.446049 0.267210 0.147344 0.429213
0.120561 0.207715 0.090870 0.664928 0.013355 0.382799
0.225589 0.849672 0.331231 0.736466 0.180790 0.692254
-0.076900 0.709357 0.172820 0.692415 -0.088694 0.617974
-0.192300 0.555846 0.167695 0.549027 0.342116 0.074215
0.246460 0.736997 0.264371 0.674151 0.033329 0.328197
0.293620 0.563507 0.132120 0.699325 -0.153365 0.824512
0.096997 1.020722 0.251853 0.069820 -0.160214 0.959936
0.160728 0.503543 0.239972 0.507397 -0.259715 0.556867
0.555472 0.285787 0.362227 0.458989 -0.386591 0.047669
-0.215597 0.525442 0.271810 0.411141 0.049877 -0.036852
-0.187634 1.040066 -0.008708 -0.120233 0.009214 0.428828
0.131091 0.744150 0.543436 0.565783 0.065208 0.487688
0.101609 0.623978 0.772843 0.457389 0.259463 0.318009
-0.006262 0.612719 0.495912 0.574116 0.265122 0.460353
0.288958 0.982010 0.385456 0.683101 0.235505 0.758313
-0.054946 0.659477 0.161062 0.582041 -0.217075 0.645541
0.320010 0.784935 0.182202 0.465261 0.130471 0.684609
0.256661 0.701607 0.265074 0.538141 -0.017061 0.616525
0.282818 0.778975 0.316019 0.438912 -0.108876 0.796214
0.127182 0.811819 0.712315 0.426556 0.226182 0.507046
0.334913 0.789458 0.393874 0.502358 -0.023103 0.774700
0.298195 0.707586 0.307349 0.514252 -0.118798 0.790964
-0.079029 0.628195 0.140508 0.645656 0.195677 0.337750
-0.105973 0.310674 0.238001 0.492417 -0.135096 -0.253931
-0.260498 0.335929 0.432118 0.065421 0.008743 -0.149692
-0.049576 0.801573 0.480215 0.528094 0.178718 0.409996
0.158873 0.698934 0.198158 0.752912 -0.132653 0.487523
0.251046 0.827750 0.436392 0.507128 0.114914 0.695543
