-0.713038 0.513564 0.028287 0.301155 -0.419978 -0.041431
-0.709860 0.595406 0.245777 0.299716 0.388096 0.429503
-0.585213 -1.034033 0.221601 0.224283 1.020118 -0.293144
-0.405385 -0.432572 0.328907 -0.628035 0.600857 0.559409
-0.313671 -0.032488 0.373363 0.250962 0.074980 0.623894
-0.484817 -0.363883 -1.188627 0.873437 0.774854 0.537177
-0.168320 -0.770250 0.176870 -0.241638 0.297997 0.185726
-0.010801 -0.283552 0.839119 -0.943154 0.228270 0.628644
-0.464859 0.899729 -0.170102 0.066461 -0.056155 0.523806
-0.559040 -0.118157 0.085523 0.436952 0.972750 0.284690
-0.859320 -0.205219 0.048169 0.141505 0.421769 0.065197
-0.336714 0.343399 -0.509752 0.509404 -0.114097 0.457116
-0.488310 0.113478 0.149110 0.081828 -0.103333 0.117844
-0.505591 -0.139931 -0.501101 0.405439 -0.168770 -0.565380
-0.204017 -0.384556 -0.275737 1.201263 0.091390 -0.522168
-0.239137 0.256214 -0.547200 1.039217 0.318397 0.178608
0.078871 0.067868 -0.082394 0.099433 0.539683 0.068527
-0.065474 0.289235 -0.318748 0.193843 -0.276318 -0.640436
0.096782 0.307527 -0.212828 0.306243 0.014485 0.065665
-0.295822 0.375672 0.152132 0.456239 -0.164412 0.046423
0.239418 -1.405350 0.550939 0.656683 -0.065597 -0.492916
-0.515116 0.065087 -0.365935 -0.137699 0.398417 0.360398
-0.250626 -0.939560 0.477911 0.343045 -0.200195 -0.174246
-0.701781 0.499563 0.049029 0.450338 0.055679 0.374677
-0.553584 0.143307 0.506105 0.112649 -0.265202 0.503978
-0.656387 0.912957 0.157228 0.075979 0.063522 0.350124
-0.021843 0.314044 -0.701059 0.506107 0.373669 0.272333
-0.724285 0.142935 0.255291 -0.093239 -0.053427 0.311890
-0.075272 -0.213514 0.013614 0.338816 0.244456 -0.613107
-0.393927 0.535245 0.282983 0.216253 -0.297114 -0.038534
-0.472300 0.287997 -0.344694 0.751538 0.209621 -0.841060
0.046912 0.217628 0.304494 0.151366 -0.152800 -0.189164
0.097067 0.937169 -0.231398 0.482280 -0.236054 0.382684
-0.192065 0.377750 0.613555 0.665776 -0.295005 0.223364
-0.847471 0.617560 -0.016909 -0.169236 -0.461056 0.310362
-0.633122 0.752491 -0.740438 0.324035 -0.299021 0.239405
-0.740029 0.015320 -0.127593 0.542717 0.555099 0.267260
-0.443686 -0.257047 0.520137 -0.037648 -0.270516 0.066164
-0.104442 -0.493763 0.325416 1.184251 -0.723159 -0.849656
0.151268 -0.963768 0.968256 0.921629 -0.083498 -0.630727
-0.434307 0.283712 0.811097 0.212055 -0.709665 -0.398796
-0.040324 -0.728855 1.217866 0.231150 0.284601 -0.380418
0.240528 0.578149 0.067936 0.496976 -0.368199 0.522615
-1.115248 0.317147 0.016774 0.826970 -0.508601 -0.413240
-0.229146 -0.439233 0.123905 1.226203 -0.022183 -0.652932
-0.185199 0.241668 0.778438 0.647196 -0.177759 0.114341
-0.901915 0.226644 -0.058706 0.134353 -0.583804 -0.012601
-0.143488 -0.264063 0.227928 1.203956 0.115413 -0.560260
-0.767948 0.415140 -0.473958 0.557340 -0.921308 0.238819
-0.423138 -0.232367 0.152918 0.691534 0.353167 -0.111857
-0.401569 1.134698 0.734069 0.627414 -0.169837 0.309098
-0.505469 0.793764 0.797194 0.700052 0.103340 0.096005
0.077472 -1.022866 0.113592 -0.240548 -0.140485 0.563026
-0.415894 0.843769 -0.046467 0.077651 -0.213453 -0.485761
-0.387402 -0.181659 -1.103070 0.731572 0.021431 0.327159
-0.599933 0.575407 0.373837 0.803867 0.080143 0.636537
-0.369655 0.207118 -0.151392 0.462356 0.273221 0.067859
-0.541375 0.318915 0.096291 0.503172 -0.124619 -0.185528
-0.318040 -0.358091 0.119569 0.843080 -0.124971 -0.452757
-0.042502 -0.335873 0.289834 0.581427 0.114285 0.383851
0.237899 -0.168976 0.993045 0.454668 -0.608590 0.423681
-0.586610 0.522636 -0.226408 0.470915 -0.457713 -0.092191
0.255305 -0.106690 0.440987 0.500474 -0.013273 -0.044805
-0.113349 0.117600 0.570491 0.368852 0.478774 0.347549
0.273475 -0.378564 0.282498 0.666143 0.145251 -0.304606
-0.089849 -1.489553 0.201750 1.088393 0.141320 -0.698908
-0.537908 0.303313 0.925153 0.803301 -0.485748 0.240357
-0.344677 -0.067448 0.802130 0.977951 -0.173842 -0.110472
-0.045778 0.465758 -0.514138 -0.470786 0.431174 -0.108573
-0.574059 -0.195226 0.176401 0.542357 -0.041951 -0.633712
-0.239137 0.256214 -0.547200 1.039217 0.318397 0.178608
0.112375 0.488047 -0.234048 -0.283616 -0.347931 -0.589216
-0.298388 0.475192 0.535279 0.322430 0.078832 0.014721
-0.739566 0.473276 -0.934867 -0.052770 0.580522 0.304093
0.020058 0.070829 0.227873 0.717556 0.142052 -0.518668
-0.668284 -0.030739 -0.022405 0.326598 -0.043678 0.092190
-0.482088 -0.657544 -0.181114 0.830937 -0.154369 -0.628381
-1.037624 0.095001 0.395323 0.713476 -0.046828 0.344134
-0.038677 -0.794158 0.566844 0.718882 -0.917891 0.174112
-0.695582 -0.444642 -0.822196 0.790741 -0.735471 -0.651773
-0.448768 0.022816 0.658382 0.198883 0.390840 -0.087686
-0.850578 -0.253518 0.466638 0.881249 0.040494 -0.065014
-0.360638 -0.105657 0.074596 0.294983 -0.272506 0.122244
-0.332658 -0.628101 -0.196513 0.702912 0.362868 -0.319299
-0.758327 0.088131 0.814229 0.357834 -0.199959 0.056886
-0.317556 0.021432 0.143867 0.513174 -0.103866 -0.166162
-0.405094 -0.601463 0.479606 0.820104 -0.544141 -0.335833
-0.243942 0.070597 0.671913 0.549351 0.312562 0.026179
-0.263133 -0.592487 0.507904 -0.098713 -0.264260 -0.280325
-0.082802 -0.034912 0.509171 0.662114 -0.058239 -0.009822
-0.302287 -0.069674 0.267183 0.552194 -0.041437 -0.285303
-0.408868 0.036570 0.172133 1.224710 -0.021942 -0.082074
-0.488691 0.581513 0.080327 -0.221075 -0.207356 0.145373
-0.213431 -0.006751 0.319373 0.948448 -0.142749 -0.271891
0.189919 -0.924460 -0.262166 0.885914 -0.726455 -1.439686
0.250688 -0.934027 -0.050130 1.433320 -0.253761 -0.500162
-0.529249 -0.187521 -0.448921 1.077348 0.303450 0.637118
-0.254208 -0.075962 -0.598398 -0.011068 -0.571183 -0.292459
-0.462681 -0.275581 0.147732 1.313203 -0.090739 -0.426257
-0.917780 0.136632 0.097183 0.808693 -0.308069 -0.159572
-0.038177 0.803078 0.133675 0.508867 0.297514 0.003835
-0.258561 -0.305257 0.285005 -0.207025 -0.881586 -0.561838
-0.240414 0.288921 0.596079 0.142531 -0.140330 0.402197
-0.474288 0.249836 -1.223382 -0.681205 -0.569235 -0.427411
-0.470290 -0.195842 0.222387 0.747535 0.365740 -0.154752
-0.565323 0.401662 0.544705 -0.494903 0.107046 -0.023498
-0.599421 0.147161 0.586296 0.944990 0.000359 -0.521077
-0.651459 0.577466 0.003818 0.440046 -0.592212 0.267407
-0.186211 0.363815 0.374395 0.488245 -0.696633 0.140104
0.071442 -0.430470 0.489378 0.047230 -0.689463 0.383641
-0.423365 -0.139521 -0.109194 0.460617 -0.157588 0.046329
0.070997 -0.459193 -0.075136 0.222874 -0.784722 -0.522382
-0.492364 0.193050 -0.620665 0.635807 -0.173254 0.290158
-0.090601 0.687208 -0.087725 0.247956 -0.258133 -0.343550
-0.388666 -0.644357 -0.045082 1.452498 -0.639633 0.053731
0.284170 0.239556 0.292353 0.894172 -0.170051 -0.238525
-0.459062 -0.255134 -0.421254 0.732435 -0.212590 -0.044522
-0.495065 -0.646183 -0.156055 0.874803 -0.500285 -0.495584
-0.221559 0.534072 0.250753 0.001872 -0.244385 -0.210803
0.141368 -0.352194 0.356026 0.673494 -0.176720 -0.286810
-0.639741 -0.836222 -0.301791 0.540026 -0.003251 -0.227473
-0.128560 0.237418 -0.004072 0.897341 -0.378438 -0.069185
-0.277439 0.805831 0.109486 0.661610 -0.061291 0.486275
0.360375 0.021544 0.053475 0.197523 -0.221542 0.151656
0.096775 1.041215 0.502491 0.149559 0.150281 0.555416
0.164942 0.849138 0.363697 0.510245 0.225481 0.509654
0.148875 0.820139 0.459850 0.148600 -0.062653 0.689726
0.127165 0.736131 0.259998 0.570562 -0.120302 0.695732
0.074778 0.958864 0.193481 0.512803 0.173525 0.805658
0.198019 0.628767 0.229887 0.329997 -0.149878 0.652746
-0.107556 0.590759 0.085511 0.547714 0.365200 0.220886
0.001826 0.797627 0.568160 0.559274 0.056748 0.626592
0.202149 0.599559 0.078446 0.649583 0.085996 0.581735
-0.024615 0.459517 0.162503 0.919464 0.274444 0.349127
0.181145 0.772412 0.247858 0.676838 0.221289 0.831923
-0.093795 0.690159 0.514429 0.404379 0.448240 0.170280
-0.216885 0.484535 0.007455 0.761423 0.265084 0.232050
0.206647 0.938086 0.626424 0.281130 0.011048 0.759737
0.294745 0.809708 0.428516 0.284339 -0.076407 0.835573
0.079993 0.808474 0.523776 0.425801 0.131229 0.434959
0.046330 0.527977 0.125202 0.706769 0.115194 0.494190
0.033954 0.680849 0.235464 0.575813 0.133572 0.455636
0.110395 0.779805 0.529325 0.396253 -0.084956 0.753180
0.131464 0.913718 0.473744 0.382943 0.421634 0.483141
-0.211147 0.699278 0.496764 0.373394 0.359942 -0.017310
-0.114361 0.587297 -0.332833 0.354068 -0.250106 0.611361
-0.049893 0.745098 0.325411 0.650448 0.071505 0.445113
0.040344 0.552809 0.039528 0.743206 0.140981 0.484765
0.117231 0.516206 0.688652 0.700693 0.167262 0.012795
-0.097926 0.644170 0.248741 0.661394 0.095988 -0.027938
-0.359224 0.424818 0.576927 0.653381 0.106522 0.413449
0.185569 0.729630 -0.092034 0.544684 0.228644 0.527332
0.305258 0.736441 0.036264 0.044340 0.170657 0.615056
-0.076559 0.262740 -0.299503 0.993427 0.337965 0.710131
0.181798 0.412541 0.198019 0.921225 -0.156601 0.330517
-0.095970 0.520629 -0.391415 0.664913 0.296359 0.352207
-0.187340 0.657772 0.403330 0.621696 0.100389 0.271773
