-0.542372 0.137411 0.344629 0.259654 -0.280863 0.326818
-0.663901 0.960402 -0.025552 0.444605 0.254812 0.536473
-0.552971 -0.063568 0.377121 0.234850 -0.182004 0.284020
-0.067320 -1.159302 -0.348895 0.638683 -0.580510 -0.794321
-0.637306 -0.040506 0.231718 0.417450 -0.294930 0.380964
-0.475037 -0.188924 0.258086 0.584892 -0.452571 0.376081
-0.820591 -0.040827 -0.135427 0.146913 0.321826 -0.370628
-0.547891 0.144159 0.059784 0.107942 -0.219041 0.246239
-0.278223 0.205657 0.401747 0.145248 0.392365 0.490319
-0.469673 0.063666 0.472918 0.398038 -0.139167 0.507709
-0.093432 -0.170435 -0.839892 0.568381 0.975248 -0.129616
-0.614801 0.968583 0.218776 0.293400 0.146118 0.145186
-0.480517 -0.070848 -0.326616 0.044310 0.292437 0.591176
0.000662 -0.029444 0.295440 0.485512 -0.192450 0.111566
0.665967 0.117262 1.073231 -0.050040 -0.587778 0.095120
-0.094245 0.636777 0.122778 0.423431 0.245511 -0.067086
-0.374584 -0.481699 0.399552 0.578894 -0.381726 0.595377
-0.260927 -0.799121 0.079831 0.466086 -0.009068 -0.232325
0.206175 0.672445 1.118755 0.313052 -0.540025 -0.460828
-0.680751 -0.453149 0.478289 0.341115 -0.059368 0.192569
-0.009263 0.243427 -0.131174 0.799559 -0.167119 0.344638
-0.014395 -0.613045 0.211458 0.721972 0.630895 -0.114525
0.226842 -0.548212 1.208491 0.717304 -0.642110 -0.393484
-0.124516 0.318968 -0.185609 0.376238 -0.310432 -0.118256
-0.173959 -0.699629 0.703606 0.125213 -0.176691 0.253423
-0.220631 -0.487261 0.560427 0.183759 -0.614914 0.554532
-0.735559 0.112517 -0.080687 0.641150 -0.552678 -0.620192
-0.502007 -0.314391 0.679730 0.321856 -0.097719 -0.312077
-0.526222 0.279807 0.113655 0.228276 0.131919 0.450882
-0.327389 -0.237588 0.317283 0.247788 -0.401917 0.354591
-0.163273 0.650533 -0.208183 0.398125 -0.055268 -0.142565
-0.073684 0.238443 0.087973 0.791093 -0.466296 -0.381000
-0.323272 -0.503428 0.312827 0.393115 -0.711915 0.035397
0.027011 0.398908 -0.922051 0.737910 -0.602262 -0.676047
-0.027834 0.684610 0.418840 -0.147155 -0.516444 -0.206118
-0.544226 -0.437498 0.032398 0.238938 -0.011127 0.285599
-0.573993 1.469876 0.093462 0.272629 -0.152593 0.311370
-0.263350 -0.153985 0.364829 -0.133133 -0.359146 0.268884
-0.489085 -0.745538 0.130493 0.021781 0.266979 -0.139005
-0.692752 -0.447222 -0.234159 0.523915 0.550044 -0.359105
-0.171222 -0.162073 0.623435 0.090999 -0.445363 0.125749
-0.126989 0.649139 0.346360 0.291170 -0.280442 -0.334988
-0.484300 0.111812 0.189498 0.916284 -0.155568 0.221507
-0.093245 0.721573 -0.484744 0.129873 -0.266590 -0.423466
-0.632265 0.119127 0.092734 0.839304 -0.700814 -0.202209
-0.501489 -0.190410 -0.021169 -0.188844 0.094078 0.507556
-0.449940 0.158985 0.025950 0.047261 -0.046576 -0.170198
-0.411187 0.213750 -0.163358 0.635114 0.362343 0.200979
-0.588515 0.286495 -0.188381 0.638160 -0.391608 0.365609
-0.338098 -0.202018 -0.072962 0.529071 -0.693656 0.327816
-0.354772 -0.090583 0.089726 0.122410 -0.266825 0.492453
-0.144819 0.011833 0.437518 0.600706 -0.451551 -0.448031
-0.024167 -0.153209 0.675007 -0.482967 -0.359937 0.268420
-0.314105 0.573425 -0.081299 0.286935 -0.195811 -0.029776
-0.256223 -0.136424 0.296392 0.237855 0.238416 -0.417428
0.185015 0.390333 0.451934 0.299896 -0.529350 -0.417773
-0.091611 -0.174822 -0.047677 0.288393 0.301599 -0.277523
-0.538613 0.370237 -0.026953 -0.305737 0.095210 -0.469242
-0.418576 0.309629 0.169377 -0.028073 -0.045279 -0.001177
-0.100934 0.009491 0.561234 0.196482 -0.224100 -0.109228
-0.073080 0.960156 0.036116 0.156431 -0.520661 -0.077436
-0.093422 0.629654 0.118396 0.693407 -0.089777 0.119883
-0.247700 0.511960 0.242726 0.697125 0.198240 0.265012
-0.237605 0.897955 -0.135287 0.765065 0.334987 -0.031203
0.203929 0.668009 0.061699 0.402298 0.358167 -0.025400
0.156999 -0.042814 -0.273665 0.362378 -0.950128 0.037204
0.145870 0.366146 0.326242 0.373866 -0.213095 0.104206
-0.400722 0.371524 -0.446569 0.146616 -0.209087 0.034933
0.711766 0.796251 -0.469691 0.538202 -0.770114 -0.103539
0.331306 0.366739 0.297347 0.525750 0.104753 -0.153784
-0.344509 -0.131134 -0.599895 0.304536 -0.577108 -0.109895
-0.978635 1.010173 -0.036119 -0.120525 -0.178953 -0.414240
-0.922086 0.592797 -1.023729 0.683660 -0.089055 0.382626
-0.309175 -0.309855 -0.348990 0.171027 -0.306049 -0.395052
0.091351 -0.425163 0.179084 0.746634 0.120171 -0.459843
-0.311648 0.639804 -1.143971 0.462613 0.133240 0.151490
-0.316122 0.620283 -0.242243 0.409456 0.156325 -0.335049
-0.183606 -0.565635 -0.270809 1.190107 0.282172 -0.485203
0.030818 0.594267 -0.620014 0.535603 -0.393216 -0.273748
-0.017708 -0.640537 -0.335546 0.939996 -0.232561 -0.628797
0.056969 -0.010984 0.305929 0.227583 -0.184864 -0.774221
-0.402920 0.398047 -0.480903 0.602663 0.272560 1.136197
-0.698013 -0.149496 0.129213 1.132250 0.584271 -0.266167
-0.319712 -0.347311 0.345624 0.170967 0.127301 0.442610
0.027716 -0.076485 -0.188604 0.718567 -0.284948 0.030040
-0.592982 0.754550 -0.136992 0.286182 -0.189829 0.596243
0.315826 -0.933025 0.554765 0.248264 -0.132540 0.047785
-0.009774 0.706565 -0.475599 0.637278 -0.016779 0.168443
-0.533911 0.216918 0.490329 -0.519182 0.455376 0.226921
-0.777911 1.029966 0.153012 0.101342 -0.209226 0.423283
-0.338918 0.201783 -0.368563 0.844412 -0.156451 -0.053459
0.184158 -0.002790 0.081204 0.992931 -0.927412 -0.206082
0.303474 -1.389965 0.424160 0.408306 -0.547072 -0.786539
0.230407 0.206721 1.287484 0.490378 0.115172 0.019337
0.413372 -0.896796 -0.053235 0.249563 -0.789064 -0.557534
-0.768370 0.436235 0.193778 0.130922 0.431786 0.231451
-0.839913 -0.066259 0.333749 0.626691 -0.255205 0.133460
-0.527571 -0.221273 0.300796 1.034282 0.078094 -0.748126
0.100321 0.390289 0.410075 0.074249 -0.184614 -0.001735
-0.677839 -0.085457 -0.009235 0.302538 0.503045 0.088932
-0.181646 0.455356 -0.187342 0.706521 0.469607 0.084166
-0.535316 0.456752 -0.182705 -0.139508 -0.177169 -0.303377
-0.050902 -1.261948 0.401813 1.096220 -0.167390 -0.770568
-0.482152 0.275675 -0.558484 -0.156876 -0.111193 -0.179913
-0.583800 0.648425 0.799849 0.539357 0.122281 -0.218234
-0.389892 0.137855 0.500128 0.393426 -0.468133 -0.043138
-0.716451 -0.574026 -0.142935 0.493597 0.219307 -0.670155
-0.482266 -0.854193 -0.346141 0.546631 -0.325340 -0.718136
-0.422501 0.396094 0.109679 0.175690 -0.416702 -0.176276
-0.283854 0.886272 0.094095 0.351804 0.245325 0.084324
-0.423634 0.277083 0.144614 0.963100 0.218675 -0.144389
-0.240187 -0.412531 -0.638382 0.569677 -0.112538 -0.141088
-0.643615 0.171728 -0.211674 0.627953 0.023302 -0.376560
-0.573514 0.356218 0.077572 0.821048 -0.364233 -0.408240
-0.405695 -0.167187 -0.477116 1.392008 -0.147198 -0.712054
-0.217162 -0.046976 -0.014716 0.534366 -0.035212 -0.143592
-0.437844 0.245891 -0.249506 0.381210 -0.251859 -0.221158
-0.295730 -0.426516 0.582842 0.968583 -0.079528 -0.514876
-0.083177 -0.106723 0.626795 0.694212 -0.186988 -0.226841
-0.058397 -0.764891 0.025496 0.681018 -0.432837 -0.189283
-0.705217 -0.292506 0.056739 0.345925 -0.303056 0.169007
-0.232764 -0.557339 -0.414444 0.461892 0.058321 -0.318494
-0.721902 -0.218120 -0.718550 0.494811 -0.115781 -0.162884
-0.460488 -0.951885 0.264688 0.723407 -0.265048 -0.099556
-0.187912 0.089384 -0.915766 0.283455 0.258915 -0.089661
-0.392506 0.011983 0.295040 0.264396 -0.542498 -0.297772
-0.302578 0.264491 -0.062425 0.847667 0.061464 -0.179991
0.000411 -0.079596 0.440929 0.939481 -0.279348 0.209524
-0.547960 0.549789 -0.148030 0.157756 -0.341810 -0.274198
-0.045719 -0.219167 0.045490 0.834265 0.040723 -0.712036
0.180228 0.510884 0.274176 0.720207 -0.723367 -0.310875
-0.286361 0.702569 -0.331601 0.509479 -0.136992 -0.817425
0.111790 0.128625 -0.359324 0.650615 0.300129 -0.326018
-1.120019 0.948527 -0.795956 -0.389988 -0.103188 0.249828
-0.486317 1.174413 -0.228027 0.402370 0.057243 -0.139923
-0.522107 -0.377590 0.425633 0.580760 -0.456990 -0.003950
-0.488406 -0.047011 0.620762 0.231385 -0.322318 -0.263020
0.326716 -0.955398 0.370619 0.977184 -0.418090 -0.715752
-0.103309 -0.975250 0.140991 1.016248 -0.414421 -0.301589
-0.162088 -0.468953 -0.292578 0.455010 -0.331136 -0.637109
-0.427747 -0.636807 -0.730142 0.466680 0.611704 0.434890
-0.584625 0.055642 -0.573811 1.028379 -0.758234 -0.279867
-0.044792 0.110431 0.161344 0.426700 -0.228412 -0.210369
-0.955250 -0.172391 -0.386174 0.857968 -0.020390 0.171604
0.107409 -0.972582 0.043323 0.218548 -0.795214 -0.954291
-0.435258 -1.407807 -0.010099 0.537322 -1.292893 -0.458939
-0.085934 -0.285870 0.426926 0.245308 -0.295312 0.163315
-0.178705 -0.359797 0.067825 0.252570 -1.123060 -0.796638
-0.425173 0.462357 -0.311291 0.501673 0.113223 -0.205865
-0.135506 -0.176060 0.194926 0.938651 0.140811 -0.515185
-0.700165 -0.081434 -0.053892 0.736131 -0.391826 -0.092872
-0.674136 0.280349 0.123076 0.683408 0.288721 0.193032
-0.225602 0.163198 0.070835 0.658604 -0.317208 -0.259847
-0.612050 0.026575 0.077943 0.243368 0.219263 -0.184014
-0.586557 -0.894649 0.166891 0.696870 0.292707 -0.131614
-0.506838 -0.344575 -0.126438 0.186532 -0.018190 -0.132585
-0.268031 0.404980 0.355813 0.621164 -0.743097 -0.494573
-0.453507 0.193567 0.300045 0.407039 -0.487463 0.057530
0.104564 0.750615 -0.019115 0.118815 -0.178133 0.694561
0.168946 0.842250 0.389001 0.647279 -0.069548 0.557711
0.037325 0.243607 0.578207 0.594759 0.007495 0.467589
-0.397116 0.422844 0.091639 0.541800 -0.102108 0.281266
-0.214435 0.577002 0.383692 0.672147 -0.116190 0.291573
-0.179427 0.319500 0.428030 0.571429 -0.203527 0.122517
-0.093819 0.952019 0.275250 0.439675 -0.016719 0.431367
0.297645 0.702736 0.449568 0.616591 -0.060490 0.544720
0.154372 0.861564 0.331935 0.414311 -0.090722 0.775138
0.034033 0.772098 0.553952 0.544048 0.010467 0.589824
0.192177 0.808770 0.251110 0.227405 -0.024852 0.553313
0.098741 0.823726 0.381325 0.432048 0.068463 0.478562
0.063003 0.900403 0.815951 0.389034 0.126369 0.484894
0.039530 0.862690 0.892743 0.333536 0.208070 0.406919
-0.003436 0.794591 0.716818 0.400035 0.251296 0.334156
0.043075 0.877362 0.836400 0.336909 0.196277 0.415227
0.164450 0.800721 0.229432 0.512401 0.101872 0.510100
0.282415 0.692637 0.279102 0.344162 0.194028 0.452403
-0.038437 0.863165 0.420529 0.589371 0.369389 -0.006372
0.027172 0.722460 0.312225 0.401253 0.121766 0.082459
0.095733 0.673152 0.230793 0.585458 0.234908 0.538042
0.185180 0.644466 -0.088911 0.557493 0.199504 0.394016
0.124919 0.797043 0.503800 0.437969 -0.010596 0.594768
0.053471 0.884348 0.664367 0.362290 0.207629 0.429998
0.318796 0.544126 0.444673 0.315799 0.236913 0.314956
0.210752 0.748419 0.384104 0.371173 0.021504 0.581144
-0.092919 0.683109 0.362004 0.568260 0.138783 0.385354
0.052988 0.735116 0.399008 0.542320 0.092258 0.503850
-0.155025 0.768506 0.617100 0.501144 0.220325 0.212454
0.167486 0.828827 0.381764 0.541386 0.031774 0.652368
0.277954 0.863520 0.434301 0.297415 0.369791 0.391105
-0.046266 1.033283 0.149900 0.602586 0.596668 -0.012559
0.042193 0.833078 0.233760 0.555618 0.048264 0.404748
0.107904 0.869827 0.710697 0.352741 -0.044589 0.556056
