-0.640119 -0.036728 -0.394454 0.550912 0.261254 -0.009078
-0.017852 -0.639988 -0.513502 0.298706 -0.438775 -0.214957
0.007929 0.399730 0.386973 0.011433 -0.882118 -0.191923
-0.181047 -0.290609 0.191898 1.038651 0.002746 -0.507017
0.016030 0.476525 0.602425 0.367624 -0.055892 -0.368252
-0.054897 -0.204938 -0.562393 0.851378 -0.057592 -0.223636
-1.338092 -0.282897 -0.685017 0.776805 0.092927 0.119018
0.031365 -0.226835 -0.348925 0.513534 0.159090 -0.308564
-0.830640 0.457826 -0.015614 0.536513 -0.153590 0.042172
-0.361683 -0.043329 0.212855 0.543377 0.397774 0.065594
0.452248 -0.587652 0.849324 -0.038407 0.003796 0.686028
-0.407942 0.629775 0.242817 -0.045035 0.031554 0.239623
-0.256036 0.290901 0.043226 0.684202 -0.105957 0.010709
0.059119 -0.039920 0.589857 -0.076293 -0.325883 -0.145639
-0.208201 -0.194091 0.279858 0.576665 0.612088 -0.357497
0.389726 0.734394 -0.450067 0.071174 -0.319967 -0.132177
-0.650214 0.094938 -0.526176 0.404139 0.266075 0.092441
0.320953 0.178954 0.223249 0.263366 0.356484 -0.426412
-0.312800 -0.496166 -0.061051 0.760754 -0.441991 -0.329053
0.159775 -0.065459 0.505821 0.289127 -0.041839 -0.040938
-0.554296 -0.215887 -0.673055 0.270772 0.059393 -0.546279
0.193370 0.446865 -0.013545 0.118470 -0.089700 -0.090429
-0.762273 0.044963 -0.543476 0.243749 -0.177242 -0.216257
-0.054926 0.253733 -0.259487 0.315059 -0.034020 -0.525907
-0.224143 -0.420011 -0.198094 0.976628 -0.624378 -0.217227
-0.330385 -0.514728 0.125160 1.029703 -0.216355 -0.548258
0.120654 0.436124 0.299626 -0.064779 -0.372153 -0.032740
-0.813899 -0.010274 0.098893 0.747190 0.119966 0.241554
-0.767382 0.399564 0.227186 0.539696 0.328410 -0.028950
-0.010240 0.225820 0.572784 0.850886 -0.343203 0.578741
-0.725428 0.692326 0.250877 0.171268 -0.231505 0.244674
-0.710377 0.225905 0.204837 0.294680 -0.385414 0.539859
-0.548925 0.417830 0.211277 0.568470 0.170362 0.010039
-0.217076 -0.560953 -0.350217 1.072929 -0.094080 -0.393984
-0.577575 0.090581 -0.382423 -0.043816 0.401887 -0.061731
-0.803504 0.230559 -0.602043 0.152635 0.206936 -0.297728
0.409989 -0.028804 0.363478 0.428420 0.506477 -0.023896
-0.951508 0.307002 0.635306 0.530600 0.026016 0.343655
-0.507081 0.695895 0.407139 -0.179637 -0.126590 -0.137070
-0.780744 -0.393138 -0.167276 0.404964 -0.229756 -0.671251
-0.411389 -0.973865 0.155785 1.323270 -0.450742 -0.270521
-0.404461 -0.476662 -0.097963 0.602548 0.209550 -0.797540
-0.268695 0.134627 0.085827 0.729870 -0.297179 -0.201455
0.118973 -0.993634 0.214833 0.950168 -0.632051 -0.254291
-0.006188 -0.210903 0.865990 0.691562 -0.687008 0.331671
-0.906641 0.271571 -0.271384 0.569118 -0.275106 0.064500
-0.218331 -0.197079 0.312118 0.452826 -0.122279 -0.233449
-0.144657 -0.189800 0.475113 0.320447 -0.281627 -0.529964
-0.274918 -0.318720 0.283137 0.578298 -0.385721 -0.150242
-0.213349 -0.459289 0.706256 0.649462 -0.123597 0.097048
-0.175365 0.974397 -0.136769 0.108868 0.215629 -0.136382
-0.294099 -0.036659 -0.428348 0.720487 -0.632471 -0.474390
-0.586726 0.538448 0.582123 0.306839 -0.007170 -0.201583
-0.567947 -0.071443 -0.156572 0.366291 0.156188 0.206285
-0.009480 0.030374 0.037251 0.453745 -0.231836 -0.363780
-0.279698 -0.090406 0.077743 -0.316396 -0.279293 -0.331681
-0.611290 0.532689 0.224220 -0.117023 -0.053123 -0.291497
-0.564359 0.138771 0.381961 0.454752 -0.422889 0.315089
-0.245362 -0.162470 0.605736 0.313195 -0.376189 0.659757
-0.752254 0.283716 -0.123088 0.085587 -0.332242 -0.483602
-0.313989 0.091322 0.265247 -0.213315 -0.219927 0.023178
-0.130942 0.287237 0.482451 0.761850 -0.303243 0.134964
0.009729 -0.813313 0.505404 0.232252 -0.027969 0.041610
-0.003507 0.790593 0.438938 0.592738 -0.647581 -0.123496
-0.186513 -0.181324 -0.025093 0.500146 -0.491137 -0.153592
0.165668 0.319828 -0.322057 0.583100 0.118356 -0.400821
-0.005244 -0.195751 0.578090 0.552321 -0.367012 -0.329839
-0.410650 -0.133449 -0.142438 0.148526 -0.307754 -0.625184
-0.284188 0.082769 -0.091625 0.075335 -0.874887 0.499525
-0.465707 0.648922 -0.062095 0.294064 -0.581545 -0.330995
-0.066889 0.070649 0.362597 -0.459149 0.353156 0.370274
-0.091444 0.428084 0.357221 0.286476 -0.666111 0.543790
0.222924 -0.374491 1.034830 0.623724 -1.077164 0.341374
-0.232062 -0.237897 0.715875 0.587725 -0.625309 0.342295
-0.286883 0.793467 -0.275576 0.240272 0.055511 0.327791
-0.434267 0.675324 0.222120 0.001334 0.091159 0.604998
-0.031785 0.846395 0.576525 0.585524 -0.048455 0.505168
-0.108709 0.676641 0.457694 0.699071 0.002430 0.620984
-0.228744 -0.102877 0.255563 0.583225 0.279316 0.112759
0.066347 0.523128 0.452536 0.419433 -0.041071 0.273647
0.104777 0.756441 0.579333 0.442637 0.352974 0.183143
0.082723 0.828776 0.641401 0.409117 0.265273 0.459319
0.248272 0.699025 0.304185 0.585239 0.105960 0.361791
0.093409 0.758089 0.622240 0.426387 0.331179 0.305897
0.223413 0.807163 0.619916 0.367526 0.175753 0.525198
0.246938 0.940955 0.544452 0.417752 0.053105 0.556853
0.102885 0.762915 0.137020 0.436135 -0.017362 0.587444
0.323064 0.787401 0.436517 0.518031 -0.070872 0.812744
-0.332767 0.525120 -0.061671 0.458701 0.532306 0.219156
0.030967 0.768843 0.299829 0.499379 0.186669 0.329899
-0.214998 0.157919 0.156911 0.850115 0.146564 -0.287478
0.108409 0.731562 0.255970 0.557869 0.133085 0.454098
-0.152660 -0.205766 0.345278 0.322019 -0.034432 0.777953
0.008737 0.819712 0.445148 0.314266 -0.094178 0.212021
0.224977 0.786161 0.226764 0.649964 0.311985 0.710147
0.107498 0.851042 0.545201 0.418175 0.211957 0.431732
-0.086214 0.808667 0.517194 0.534263 0.156386 0.248805
0.355435 0.800966 0.424698 0.401547 0.222047 0.648384
0.048547 0.683073 0.442768 0.555892 0.219454 0.393525
