-0.234011 0.023035 0.424297 1.129732 0.242703 0.113098
-0.773415 -0.269568 0.387005 0.389994 -0.646879 -0.013527
-0.709208 0.248315 0.487519 0.863694 -0.054442 0.176540
-0.116205 0.773956 0.028419 0.034816 0.188449 0.331407
-0.726368 0.253361 -0.272198 0.321447 0.290280 -0.752752
-0.684478 0.228191 0.136085 -0.028995 0.767950 0.774690
-1.049597 0.314099 -0.211408 0.396065 -0.005305 0.302200
-0.328621 -0.010963 0.197059 0.184431 0.115213 0.323350
-0.673299 -0.055675 0.422388 0.414114 0.107648 -0.247772
-0.555493 -1.008210 -0.666961 1.088443 0.394300 -0.187899
-0.643165 -0.371300 0.419644 -0.236961 0.381535 0.399972
0.420383 -1.114437 0.149143 1.302130 -0.272829 -0.874581
-0.399603 -0.233203 -0.094107 0.647176 -0.499905 0.083690
-0.897384 1.235626 0.532844 0.276073 0.401054 0.561806
-0.875630 0.103241 0.514467 0.037132 0.649541 -0.123576
-0.541795 0.258617 0.171731 0.071763 -0.425307 0.590043
-0.043604 -0.814730 0.197758 0.240356 -0.319139 -0.405997
-0.328247 -0.393776 -0.035205 0.757605 -0.397617 -0.621975
-0.854716 -1.034198 -0.066780 0.533892 0.121790 -0.320559
-1.165139 0.766835 0.041721 0.654091 0.240546 0.609378
-0.347579 -0.510903 0.308031 0.024624 0.273811 -0.375026
-0.672199 -0.809652 -0.055713 0.613615 -0.268067 -0.155008
-0.275603 1.284881 -0.607876 0.232197 -1.091419 -0.290712
-0.324901 -0.160778 0.039876 0.026713 -0.077458 0.101817
-0.105842 0.653973 0.096444 0.370627 -0.222679 -0.202553
-0.427223 0.812079 0.232771 0.738120 -0.516776 0.024041
-0.443378 0.227242 0.188810 0.630000 -0.137167 -0.345620
-0.447492 0.925732 -0.045322 0.606586 -0.213706 -0.212201
-0.116790 -0.498940 0.206892 0.061557 -0.510220 0.280460
0.101123 0.080056 0.156117 1.223465 -0.231008 -0.234891
0.324257 0.040070 0.361333 0.567924 -0.623523 -0.143435
0.254567 -1.235237 -0.211161 0.876505 -0.381169 0.013986
-0.152166 -0.173025 -0.297679 0.532003 0.107044 -0.466817
-0.745785 -0.284489 -0.428494 0.662031 0.005943 -0.165024
-0.508349 0.171811 -0.072195 -0.344242 -0.282136 -0.224874
-0.127946 0.226742 -0.313393 -0.115985 -0.232852 0.629187
-0.441355 -0.021508 0.481781 0.454412 0.122226 -0.542572
0.196146 -0.293964 0.900750 0.507274 0.319814 -0.364948
-0.462482 0.543909 0.336774 0.321702 -0.112384 0.004750
-0.721816 -0.401336 -0.367179 0.474390 0.226420 -0.474350
0.210092 -0.125558 -0.603329 1.246712 0.310824 -0.150253
-0.364488 -0.822662 0.309984 1.017177 -0.487092 0.059996
-0.214570 0.923397 0.226525 0.278542 -0.887070 0.006954
-0.574617 -0.524708 0.075144 0.636697 -0.143110 -0.072944
0.308901 0.556201 0.410945 0.369269 -0.223164 0.094599
-0.095890 0.141065 0.181190 0.886002 -0.784917 0.089259
-0.431519 0.218262 -0.168012 0.355539 0.147191 0.013759
-0.364278 0.287221 0.374273 0.020707 -0.557079 -0.413889
-0.437643 -0.655587 0.256519 0.368690 -0.581909 0.066659
0.211218 -0.259636 0.692172 0.529267 -0.023280 0.029350
-0.068077 0.091545 0.639936 0.538763 0.207050 0.482087
-0.513396 0.696829 0.178855 0.672390 -0.539549 0.014126
-0.587921 0.271125 0.438864 0.692297 0.026448 0.135227
-0.331630 0.297321 0.604613 0.106991 0.037619 -0.427311
-0.058002 0.181360 -0.107925 0.500232 0.021389 -0.145588
-0.614129 0.081314 0.047582 0.010062 0.365287 0.027309
-0.436312 -0.228210 -0.359815 0.475984 -0.310314 -0.614618
0.078211 -0.156848 0.269877 0.070276 -0.493119 -0.255332
-0.419896 -0.076716 -0.021085 0.268270 0.419347 0.267858
-0.334819 0.056979 0.729333 0.707856 0.223100 0.437031
-0.175149 -0.280738 -0.090051 0.822991 -1.012002 -0.246481
-0.614222 0.517968 -0.001660 0.467307 -0.350579 0.307912
-0.497811 -0.140665 0.930177 0.066043 -0.199454 0.106727
-0.933801 0.065776 -0.568927 0.628688 -0.211976 -0.324252
0.304956 0.001585 0.193341 0.129794 0.165969 -0.210313
-0.221024 0.636892 0.304737 0.193476 0.065210 0.206114
-0.635677 -0.420998 0.318364 0.995981 -0.076000 0.164851
-1.071387 0.711108 0.236631 -0.290996 0.145221 -0.100143
-0.234145 -0.918340 0.362738 0.514108 -0.280618 0.321704
-0.073196 0.334624 0.605461 0.297915 0.251678 0.256679
-1.001003 0.305197 -0.255680 0.700185 0.197764 0.460097
-0.576725 0.208743 -0.452142 0.569604 -0.167652 -0.430379
-0.324359 0.180527 -0.027921 0.148615 -0.254516 -0.137281
-0.816600 0.108752 0.248198 0.049961 0.139283 0.130153
-0.312353 0.871726 0.228162 0.564733 -0.078964 -0.226050
-0.290206 -1.225022 -0.628349 0.317408 -0.403479 0.201725
0.132385 0.211208 0.271618 0.195083 -0.216549 0.029228
0.048217 -0.745868 0.590316 0.623855 0.259638 -0.268614
-0.276132 0.032172 -0.410901 0.653724 0.526072 0.236934
-0.288488 0.003618 0.235238 0.472837 -0.007427 0.005219
-0.293671 0.307134 0.363897 0.415302 0.125171 0.360881
-0.363982 0.361833 0.322844 0.485970 -0.314353 0.652517
-0.162019 -0.123513 0.120405 0.174997 0.131010 -0.191234
-0.087531 -0.200800 0.038701 0.282322 0.187753 -0.327797
-0.156532 -0.358807 -0.240900 0.161904 -0.389762 0.068019
-0.398751 0.859256 0.596224 -0.217056 0.502106 -0.389511
-0.603520 0.655719 0.238587 0.325371 0.073620 -0.404650
-0.486082 0.366788 -0.186642 0.170498 0.104338 0.137034
-0.118476 -0.354059 -0.038922 0.604966 -0.742375 0.054955
0.111731 0.007518 0.892153 0.886178 0.218000 -0.373722
-0.183226 0.329525 0.800556 0.470223 0.450533 -0.506845
-0.680884 0.332441 0.041915 -0.329984 0.004803 0.165465
-0.517266 0.315627 -0.337585 0.187332 -0.376058 -0.369793
-0.865559 -0.593877 -0.446050 0.516279 0.037405 -0.536879
-0.227206 -0.219344 0.287248 0.344127 -0.711987 0.627454
-0.601120 0.406056 0.329736 0.243365 -0.013836 -0.529745
-0.575773 0.874981 -0.321247 -0.370461 -0.516804 0.086691
-0.692166 -0.146855 -0.074683 0.344104 0.051181 -0.923663
-0.271773 -0.655781 0.107421 1.336284 -0.384162 -0.033250
0.055554 0.669124 0.344761 0.369796 -0.076774 0.653686
-0.746312 0.124699 -0.449651 1.451787 -0.247593 -0.670636
-0.614347 0.494383 -0.531659 -0.123622 0.305591 0.000105
0.106773 -0.040914 0.086078 0.771387 -0.480515 -0.662557
-0.001824 0.417008 0.023979 0.444863 -0.514316 -0.491666
-0.384838 -0.193128 0.402227 0.810179 -0.002876 0.190281
-0.018211 0.000532 0.658249 0.618299 0.523809 -0.284459
-0.404391 0.338433 0.322024 -0.053269 0.428149 -0.168441
-0.960557 -0.048029 -0.431381 0.143005 -0.308065 0.057425
-0.450050 0.057313 -0.044361 0.910128 0.092393 -0.871779
0.107291 -0.103894 0.604423 0.650661 0.139310 0.351744
-0.636842 0.238099 0.181533 0.860857 -0.051240 -0.423771
-0.143449 -0.081888 -0.437790 0.769450 -0.713125 -0.319248
-0.852863 -0.034082 -0.383078 0.293909 0.006550 -0.243752
-0.410874 -0.209501 0.350819 0.967822 0.087808 -0.098196
-0.562366 -0.385934 0.016774 0.832746 0.377756 -0.528810
-0.576207 -0.140976 0.302421 0.942957 0.007302 -0.406141
-0.294683 -0.065366 0.002465 0.923525 -0.007304 -0.170595
-0.521874 0.592576 0.208495 0.681669 -0.452368 -0.008561
-0.146459 0.574984 0.094844 0.046632 0.166466 0.764720
-0.177472 -0.115154 0.448580 0.057924 -0.035578 -0.509742
-0.215714 0.167599 0.433102 1.051803 -0.302505 -0.187123
-0.485285 0.474496 -0.263588 0.701717 -0.277318 0.401309
-0.238909 -0.032136 -0.037323 -0.301400 0.036874 0.355705
0.250295 -0.365508 0.445085 0.891386 -0.325496 0.010699
-0.723973 0.733323 0.224068 0.199615 -0.913773 -0.193302
-0.559439 -0.089596 0.572200 0.682650 -0.163692 0.309619
-0.302685 0.231610 0.428773 -0.216172 -0.278279 -0.034075
-0.118372 0.348720 0.929545 0.185111 0.282700 0.273554
-0.220043 -0.801361 0.601942 0.195511 -0.559317 -0.188909
-0.276491 -0.006025 0.735687 0.150584 -0.173792 -0.117020
0.118917 -1.255565 0.355467 0.318764 0.117024 -0.374821
-0.942570 -0.140049 -0.351621 0.263100 -0.325165 -0.029544
-0.614176 0.213550 -0.828820 -0.633198 -0.365621 0.368102
-1.001003 0.305197 -0.255680 0.700185 0.197764 0.460097
0.053583 0.520437 0.039573 -0.521908 0.629780 0.483202
-1.126437 0.149506 0.045774 -0.288864 -0.237165 0.048955
0.391285 -0.728276 0.664747 0.395945 -0.111202 0.157271
-0.104956 0.273220 -0.604089 -0.603240 -0.465408 -0.222800
-0.104512 -0.313183 0.615555 0.144032 0.092475 0.541332
0.463226 0.447418 0.302296 -0.352798 0.291842 0.783602
-0.829242 0.693219 0.049311 -0.077681 0.080450 0.785286
0.693705 0.414429 0.773617 0.465335 -0.995894 -0.002227
-0.352279 -0.626331 0.311574 0.449425 -0.718357 -0.157821
0.014143 0.170344 0.494963 0.892562 -1.005853 0.444520
-0.454912 -0.025878 0.321610 0.512551 0.565916 -0.221152
-0.471755 -0.831683 -0.019340 0.369497 0.408494 -0.822388
-0.636997 1.168572 -0.609356 0.441808 0.118705 0.439538
0.004877 -0.165672 0.580530 0.759079 0.411498 0.355904
-0.089246 0.605767 -0.482058 0.536582 -0.043350 0.336049
0.365213 0.969218 0.128369 -0.083398 0.194537 0.029736
0.693215 -0.549252 -0.054532 0.918122 -0.534679 -0.778659
-0.604007 -0.267393 0.116256 0.177117 -0.754787 0.101845
-0.802138 0.081510 0.056221 -0.117906 0.457454 0.751733
-0.748194 0.578820 0.262576 0.189036 0.055933 0.644403
-0.719105 -0.650425 0.066548 0.349027 -0.097504 0.384122
-0.759568 0.380760 -0.172328 0.105936 -0.574778 -0.689703
-0.589579 0.509597 0.867007 -0.337620 0.425507 -0.909751
-0.503976 -0.566086 0.405761 0.372907 0.407009 0.029348
-0.170166 0.749198 0.719984 0.386227 0.133506 0.221716
0.041442 0.756775 0.880460 0.316311 0.222997 0.387004
0.118110 0.573694 0.094589 0.576054 -0.190880 0.681227
-0.002250 0.927984 0.589374 0.284145 0.349820 0.586321
0.289959 0.448622 0.600206 -0.194199 -0.368097 -0.067335
-0.074114 0.722207 0.382472 0.598326 0.234875 0.324707
-0.081651 0.730675 0.885278 0.541983 -0.129396 0.407321
0.098594 0.566318 0.023770 0.732015 -0.007707 0.666765
0.002335 0.680793 0.749160 0.412233 0.291763 0.228593
-0.060091 0.746210 0.530391 0.437560 0.181848 0.279737
0.197784 0.973303 0.400709 0.273030 0.013454 0.685812
0.254240 0.728832 0.291722 0.451812 -0.090878 0.754120
-0.064537 0.393918 0.262501 0.839197 0.457249 0.046320
-0.114845 0.546805 0.155550 0.506065 -0.136017 0.764749
-0.429490 0.584383 0.278836 0.490401 0.427001 0.125854
