-0.336663 0.143628 0.430151 0.352238 -0.044431 0.061865
-0.061155 0.366256 0.347511 1.017315 -0.175119 -0.240014
-0.434893 -0.152732 0.010206 0.612413 -0.138885 -0.241594
0.003499 0.158272 0.154794 0.443395 0.326926 0.061916
-1.145731 0.537627 0.690459 0.205340 0.009186 0.095600
-0.464603 1.496571 -0.177016 0.133939 0.174526 0.439012
-0.203991 -0.307035 -0.082380 0.902561 0.334743 -0.334794
-0.392175 0.619400 0.046991 0.232723 -0.098338 0.509694
-0.710221 0.280304 0.246190 0.061599 -0.083932 0.524669
-1.234449 0.420096 -0.687791 -0.234004 -0.684274 -0.142372
-0.253123 0.851448 0.667864 0.182313 -0.510528 0.167070
-0.731031 0.013699 -0.124484 0.854967 0.080727 -0.120521
-0.082995 -0.221797 0.208059 0.694498 0.011496 -0.261068
-0.623689 -0.440891 -0.035288 0.715082 -0.439778 -0.069210
-0.408136 -0.618479 0.302616 0.097869 -0.115399 0.257121
-0.402604 0.801849 0.123137 0.252186 0.550293 -0.122670
-0.206508 -0.342576 -0.344322 -0.077080 0.065524 -0.290572
0.084741 -0.294814 0.118488 0.868581 -0.329204 -0.227045
-0.245728 0.363530 -0.516765 0.354850 0.131240 0.372640
0.108108 -0.376638 0.419158 0.683821 0.206679 -0.179948
-0.210148 -0.054246 -0.400517 0.731341 0.459882 -0.410816
-0.493229 0.192624 0.071343 0.404883 -0.117255 0.313691
0.132304 0.839847 0.445017 0.469841 -0.372423 -0.100916
-0.631001 -0.680047 0.134130 0.639842 -0.105000 -0.178855
-0.631679 0.871001 0.043153 0.393944 -0.085274 0.145110
-0.767487 0.623282 0.094832 -0.266821 -0.634328 0.141476
-0.083660 -0.268207 0.192843 0.793230 -0.570913 0.184746
-0.164154 0.337956 0.078390 -0.012565 -0.119448 -0.276689
-0.375224 0.076020 0.266478 0.128584 0.099262 0.371686
-0.434783 0.566788 -0.056677 -0.096418 -0.135722 0.133277
-0.361350 0.891284 -0.109826 -0.272325 0.649266 0.372437
-0.406524 0.135865 0.276177 -0.445012 0.538154 0.595307
-0.822934 0.182225 0.299511 0.133340 -0.051440 0.654316
-0.397858 0.498067 0.417205 0.182425 -0.103601 0.391463
-0.524225 0.764724 0.454352 0.750538 -0.522313 0.259548
-0.364052 -0.258874 0.652258 0.510378 -0.615926 -0.136163
-0.492910 0.283601 0.183906 0.180359 -0.108932 -0.060859
-0.444752 0.042226 0.608546 0.219887 -0.211379 0.501171
0.036638 0.465336 0.103505 0.773399 -0.124914 -0.230680
-0.552221 0.164366 -0.021739 0.456962 -0.053338 -0.170188
-0.270530 -0.072521 -0.245976 0.737685 0.049061 -0.165921
-0.807506 0.776277 0.033943 -0.618945 0.563810 -0.438062
-0.473983 0.204658 -0.172078 0.726787 -0.097841 -0.043628
-0.602608 0.165880 0.179435 0.097296 -0.183194 -0.497957
0.069486 -0.086265 0.001848 0.591857 -0.614384 0.088646
-0.470484 1.202204 0.190404 0.201476 0.225843 0.351926
-0.171469 0.256322 0.211715 0.846370 -0.458215 -0.451922
0.604670 0.045672 -0.315622 0.770032 -0.261899 -0.235449
-0.463447 0.022140 -0.432208 0.327965 -0.332440 0.333477
-0.386204 -0.341878 0.027490 0.625133 0.106589 0.194229
-0.459463 0.121467 -0.385507 0.517008 0.019107 -0.691922
-0.398213 -0.192788 0.092063 0.213275 -0.790865 -0.742621
-0.538477 -0.559799 -0.066109 0.834006 -0.259446 -0.330576
-0.086338 -0.428908 0.247082 0.172519 -0.206164 -0.121705
-0.553480 0.313438 0.441427 0.342754 0.310031 -0.058303
-0.627556 0.345991 0.051944 0.559902 -0.149998 0.117090
-0.840108 0.434720 -0.759673 -0.074825 -0.630155 -0.368541
-0.420947 -0.331842 0.396359 0.706996 -0.039649 -0.498829
-0.639403 -0.922409 0.561834 0.648417 -1.125122 -0.522908
-0.575826 0.609734 0.138527 0.746620 -0.062994 -0.675902
-0.858539 -0.106521 -0.448812 0.657798 -0.070240 -0.935290
-0.457931 0.297367 -0.885980 0.461408 0.128424 0.057695
0.167560 -0.326511 -0.408180 0.853759 -0.301855 -0.443537
-0.201733 -0.416449 -0.230319 0.280121 -0.460947 -0.812240
-0.226926 0.770088 0.286629 0.445587 -0.505905 0.477258
-0.369439 -0.269072 0.114783 0.770894 -0.094093 -0.534963
-0.467190 -1.094089 -0.594234 0.487247 -1.389639 -0.693515
-0.175164 -0.091701 0.622513 0.799965 -0.954483 0.312523
-0.120787 0.596357 -0.398066 0.160792 -0.225234 0.158986
0.045978 -0.395111 0.487660 1.338341 -1.017772 -0.172581
-0.238559 0.384012 0.402646 1.002311 -0.340521 0.263186
-0.716192 -0.408816 -0.129672 1.196242 0.149520 -0.367713
-0.116127 -0.358220 0.083687 1.186112 -0.265157 0.242027
-0.422548 0.412938 0.998567 0.784846 0.216106 -0.065488
0.390637 0.393886 -0.127280 0.776908 -0.515540 0.215960
0.031786 -0.527523 0.871866 0.164116 -0.777325 -0.048337
0.218883 0.117778 0.197102 0.251942 -0.144513 0.062348
-0.385442 -0.180711 0.226921 0.049146 -0.627197 -0.487967
-0.184458 0.419415 0.480590 -0.093645 -0.580443 -0.523798
-0.372136 -0.393756 -0.082449 0.780850 -0.089344 -0.338580
0.017981 0.290135 -0.061320 0.878491 0.152083 0.387664
0.653463 0.179936 1.185269 0.518012 -0.809655 -0.308919
-0.784446 0.418522 -0.213560 0.294244 -0.162837 -0.436992
-0.508623 0.073357 -0.353934 0.357638 0.308965 -0.349446
-0.165290 0.843608 0.338092 0.034376 0.276212 -0.253719
-0.019575 0.724096 0.400589 0.523715 0.275922 0.054607
-0.639951 -0.082724 -0.217982 0.290553 -0.070953 -0.870056
-0.974729 0.310168 -0.067734 0.431608 0.380473 -0.119656
-0.446104 -0.672599 -0.244571 0.234010 0.143917 -0.436370
0.011386 0.147829 0.095031 0.615402 -0.393481 -0.281269
-0.476413 -0.070090 -0.211397 0.606124 0.597911 -0.289548
-0.437303 0.053651 0.005681 0.356564 -0.334279 0.168094
0.094256 -0.242178 0.435452 0.744732 -0.425327 0.066260
0.010875 0.030111 -0.066580 0.657497 -0.732276 -0.447733
-0.613766 -0.095950 0.436847 0.648938 -0.405650 -0.298169
-0.845132 -1.181287 -0.807142 0.822268 -0.319427 0.069626
0.078284 0.044833 -0.759253 0.822087 -0.224517 -0.112965
0.039097 -0.358383 0.192690 0.901807 -0.499814 -0.358445
-0.409668 -0.564819 -0.748411 0.741410 -0.173054 -0.205304
-0.134410 -0.222069 -0.031341 0.227868 -0.703613 -0.603184
-0.236661 0.621008 0.632681 0.404411 -0.416324 -0.271397
0.059780 1.088282 -0.543549 0.288366 -0.493705 -0.135749
-0.459505 0.376869 -0.138400 0.457648 0.053902 0.051570
0.007236 0.731108 0.242638 -0.238763 0.147579 0.549573
-0.378911 -0.201695 -0.127320 0.615567 -0.368258 -0.639397
0.126751 -1.121239 -0.056953 0.466284 -0.404442 -0.271795
-0.202169 0.805877 0.013509 -0.051853 -0.457518 0.226932
-0.339500 0.101564 0.036677 1.490949 -0.016536 -0.003678
-0.486526 0.892940 0.016006 0.393087 0.131556 -0.042544
-1.316308 -0.148179 -0.178109 0.924131 -0.381607 -0.276991
-0.289281 0.012373 -0.008894 0.651498 0.342866 -0.285147
-0.648389 -0.142296 -0.110022 0.922913 -0.458062 0.231450
-0.317084 0.426113 -0.015574 0.299755 0.908623 -0.339293
-0.503367 0.174375 0.041240 0.325366 -1.036665 0.059310
-0.501135 -0.515751 0.294538 0.679377 0.057710 0.092054
-0.738055 -0.369899 0.829724 0.802012 -0.508256 0.392198
0.058499 -0.910342 0.633670 1.004452 -0.510200 -0.546586
-0.446104 -0.672599 -0.244571 0.234010 0.143917 -0.436370
-0.419632 0.184306 -0.283225 0.202435 -0.282617 -0.215176
0.065985 0.988314 0.321622 0.520026 0.094282 0.592378
0.038939 0.701541 0.379246 0.529932 0.279267 0.314189
-0.153331 0.656700 0.406413 0.469948 0.429794 0.071462
-0.121559 0.716251 0.170790 0.694546 0.034291 0.406234
-0.001953 0.401978 0.225853 0.224198 -0.231705 0.636785
0.346880 0.744198 0.816021 0.494090 -0.010697 0.343169
0.147424 0.813762 0.594488 0.358653 0.134586 0.481349
0.102796 0.699802 0.418330 0.514656 0.052630 0.644528
0.191718 0.747869 0.375148 0.493705 0.092779 0.572623
-0.026818 1.079012 0.226927 0.197059 0.075015 0.478395
-0.034482 0.924693 0.468405 0.174317 0.105948 0.538039
0.028055 0.582893 0.485450 0.751708 0.094180 0.515549
0.353179 0.718815 0.459296 0.176852 0.173799 0.410047
-0.011402 0.795941 0.432163 0.370833 -0.188470 0.583787
0.377949 0.602209 0.155667 0.179086 0.040283 0.590642
0.232630 0.655958 0.202757 0.253164 0.220922 0.440855
0.103401 0.722684 0.442665 0.539436 0.078538 0.580858
-0.146423 0.598325 0.200110 0.660757 0.211659 0.268143
