-0.169055 0.099084 0.628068 -0.633443 0.224143 0.375208
-0.726199 0.201170 -0.971605 0.346199 -0.554600 -0.215155
0.326421 -0.161147 0.784563 0.118692 -0.793559 -0.765920
-0.506558 -0.936124 0.266264 0.346526 0.207547 -0.481875
-0.768374 0.066219 0.092116 0.530874 -0.331018 -0.254040
-0.427803 0.235350 0.021726 0.611905 -0.526679 0.062363
-0.251045 0.405920 0.627901 0.970774 0.114927 0.061918
0.067827 -0.472857 -0.423249 1.105957 -0.030833 0.073417
0.364868 -1.396245 0.590284 0.268367 -0.726801 0.120148
-0.098343 0.291988 -0.235054 1.085296 -0.393222 0.239664
-0.751531 0.377939 0.559712 0.175797 0.026387 -0.358594
-0.065116 0.466671 0.388161 0.220571 -0.029335 0.126230
-0.191788 -0.056613 0.286257 0.504433 0.329410 -0.296796
0.644742 0.093857 0.939106 -0.150062 -1.085305 -0.250651
-0.984433 1.203337 -0.297184 0.344289 -0.264100 -0.147532
-0.646329 0.547871 0.267227 0.548743 0.077849 -0.125500
-0.789248 0.343703 0.333929 0.030586 0.559482 0.059791
-0.471795 0.128555 0.232957 0.246668 0.448489 0.526981
-0.942115 0.787970 0.105953 0.393554 -0.501251 -0.014932
0.065652 0.489460 -0.023355 0.703493 -0.096561 -0.323530
-0.339953 0.202088 0.490101 0.386116 0.022721 0.290955
-0.126496 0.047918 0.825508 0.626399 0.184670 0.395306
-0.106807 -0.435663 -0.380050 -0.354301 -0.707430 -0.442723
-0.292801 -0.307383 0.299377 0.364415 -0.040331 -0.050549
-0.176878 -1.178195 -0.053825 0.627252 -0.011623 -0.243201
-0.817921 0.370811 0.035655 0.293628 0.165013 -0.091230
-0.227877 -0.710271 -0.212403 1.413910 -0.347198 -0.828537
-0.607609 -0.087606 -0.207842 0.466795 -0.193608 -0.412063
-0.233812 0.453041 -0.085666 0.349960 0.625379 -0.540804
-0.792926 0.237948 0.095887 0.432588 -0.605466 -0.334639
0.055344 0.241768 0.191900 0.036409 0.271407 -0.450270
-0.183442 0.293023 0.979306 0.840719 -0.450790 0.163562
-0.463249 0.610666 -0.016239 0.092405 0.201817 0.064139
-0.263689 0.243933 0.516523 -0.235778 -0.187037 0.093233
-0.034801 0.846815 -0.321613 0.090014 -0.284991 -0.356491
-0.543303 -0.509980 -0.154369 0.713336 -0.302532 -0.399136
-0.889212 1.078579 0.000300 0.076003 -0.353916 0.222867
-0.267823 -1.398047 -0.409684 0.932481 -0.633130 0.154659
-0.348821 -0.788553 0.125719 0.758099 0.222044 -0.820197
-0.803540 0.534965 0.518335 1.094527 0.003501 0.240981
-0.787326 0.114100 0.262161 -0.140442 -0.068476 -0.789690
-0.708612 -0.691919 0.166949 0.437259 -0.100591 -0.248355
-0.307424 0.217086 -0.478560 -0.463289 -0.072014 -0.184568
-0.445822 -0.364141 -0.092715 0.880740 -0.537699 -0.059543
-0.734948 0.177789 -0.339058 0.263417 -0.440982 0.593789
-0.742474 -0.178532 -0.540734 0.528831 -0.271551 0.590315
-0.246685 -0.544115 -0.107953 0.739239 -0.379266 0.116964
-0.181581 0.556993 -0.958726 -0.442548 -0.253904 -0.114604
0.190454 0.261929 -0.268042 -0.027861 -0.939616 0.040880
0.103469 0.202062 0.395095 0.760911 0.036778 -0.450284
-0.149225 -0.721287 0.279296 0.752417 -0.727911 0.347239
-0.647740 0.357472 0.591571 0.297166 0.227154 0.703038
-0.368840 0.504222 -0.009956 0.219875 0.276190 0.974560
-0.459840 0.209113 0.132458 -0.118993 0.418903 0.324319
-0.941749 0.487159 0.046830 0.118990 -0.279922 0.617792
-0.612220 -1.345845 0.542808 0.659844 -0.165951 -1.088568
-0.143076 0.123049 0.100114 0.478016 0.000404 -0.069343
-0.716117 1.106365 -0.212514 0.440815 -0.176178 0.397375
-0.479720 0.343894 0.704681 0.478524 -0.413659 0.777990
-0.620570 0.227109 0.598497 0.127335 0.514489 0.226930
-0.275440 0.813319 0.290312 0.148120 0.207994 0.574045
-0.108344 -0.580589 0.073401 0.453435 -0.145031 0.119300
-0.154964 0.544241 -0.670378 0.809216 -0.330488 -0.240960
0.444016 -0.839462 1.173297 0.164093 0.134561 0.275064
-0.513910 0.539508 -0.056136 -0.200352 0.781756 0.271004
-0.017255 -0.681003 0.318290 0.151840 -0.548744 0.169012
-0.776649 -0.516821 0.099848 0.577622 -0.552872 0.469342
0.043458 -0.221146 -0.186213 0.605696 -0.302366 -0.606764
-0.616754 0.031651 0.002468 -0.025683 -0.635220 0.432950
-0.366316 0.693605 -0.262125 0.185933 -0.547063 -0.389707
0.841397 -0.345101 -0.121359 1.160092 -0.348207 -0.823655
-0.983274 1.068905 -0.297310 -0.283383 -0.864602 -0.154965
0.148270 -1.405031 -0.449997 0.670793 -0.809791 -0.524572
0.434423 -0.075621 -0.513795 0.804437 -0.432635 -0.451347
-0.514257 0.392975 0.354122 -0.082285 -0.344408 0.137373
-0.392130 -0.138730 0.610634 0.098365 -0.080356 0.304121
-0.706216 0.786989 0.326719 0.361273 -0.038293 0.039996
-0.221334 -1.461548 -0.028286 -0.061941 0.456210 -0.850974
-0.499615 -0.201830 -0.193526 0.515379 0.087406 -0.030910
0.165822 0.654548 0.575944 -0.289493 -0.360845 -0.215451
-0.161851 -0.660274 0.239493 0.878688 -0.375606 -0.286945
-0.172034 -0.079683 0.170182 0.228461 -0.272220 0.250526
0.315911 -1.223423 0.391889 0.140239 0.392461 -0.060054
-0.579257 0.376019 -0.612481 0.079950 0.332713 0.267169
-0.802931 0.408464 0.717924 0.375710 -0.173382 0.554709
-0.840857 -0.354586 0.613706 0.867379 -0.122862 -0.011409
-0.421643 -0.418057 0.174953 0.530077 -0.084774 -0.049373
-0.815230 -0.023697 0.174929 0.178538 -0.340983 0.161723
-0.810875 0.047809 0.002314 0.165076 -0.020394 0.166209
-0.672918 0.063779 -0.129721 0.178026 -0.725048 -0.688900
-0.662514 -0.938363 0.285584 0.497600 0.119427 -0.497767
-0.486986 0.389981 0.022565 0.242083 -0.752378 0.004553
-0.419803 -0.391153 -0.128229 0.485225 0.060409 -0.828451
-0.163310 -0.192143 0.205304 -0.006534 -0.554480 0.370973
-0.495397 -0.040435 0.110583 0.176608 0.153396 -0.284941
0.319071 -0.483398 0.040326 1.096525 -0.082929 -0.427825
0.443999 -0.437654 1.068781 0.956015 0.227024 -0.496952
0.138630 -0.973414 0.318925 1.045189 0.118677 0.099786
-0.227301 -0.027048 -0.188532 0.708408 0.153615 0.230909
0.119243 0.477795 0.426703 0.537742 0.350541 0.256294
-0.066557 0.134013 0.083615 -0.173361 0.107921 0.838896
-0.263846 -0.167338 0.739651 0.530675 -0.097177 0.189659
-0.264931 0.809602 -0.318487 0.674872 -0.438946 0.502353
-0.687014 -0.650685 -0.072476 0.863144 -0.258762 -0.428878
-0.129881 0.507497 -0.270865 0.639757 -0.119723 0.105264
-0.790766 0.472125 0.110476 0.325548 -0.359535 0.550540
-0.252019 -1.370395 -0.264223 0.400249 -0.169547 -0.355895
-0.589741 -0.751246 -1.194826 0.638616 0.908564 -0.185582
-0.216459 0.762225 0.642160 0.167267 -0.284544 -0.154026
-0.877153 0.036256 -0.098385 0.766710 0.080721 -1.069355
-0.736343 0.137477 -0.362971 0.722244 0.073811 -0.670010
0.047514 -0.446058 0.439316 0.750171 -0.461134 -0.643658
-0.556033 -0.717728 -0.093081 1.149542 0.090915 -0.815143
-0.523688 -0.277538 0.280218 0.739756 -0.333830 -0.330337
0.468058 -0.020231 -0.069270 0.373543 -0.481937 -0.298120
-0.489069 -0.473036 -0.273217 0.857913 -0.694191 0.210146
-0.017584 1.116255 0.162260 0.154178 0.090766 0.528169
-0.333576 0.625956 0.380666 0.344649 -0.050482 0.243457
0.397386 0.981904 0.221428 0.514371 0.039611 0.631341
-0.048424 0.815386 0.468897 0.526294 -0.007445 0.469903
-0.210238 1.056713 0.462478 0.364370 0.267430 0.443061
0.478595 0.717155 -0.086647 0.614913 0.393029 0.013477
-0.054098 0.755430 0.331196 0.498411 -0.019420 0.416255
-0.294461 0.258160 0.458226 0.599786 -0.006253 0.355921
0.220508 0.160752 0.268535 0.551952 -0.284198 0.075117
-0.047076 0.781990 0.485747 0.593572 0.093553 0.388807
0.260900 0.490301 0.125173 0.489608 0.326171 0.411497
0.285974 0.758589 0.428361 0.426326 0.101961 0.703913
0.254186 0.730963 -0.133870 0.348243 -0.408240 1.062051
-0.161739 0.795618 -0.106782 0.334876 0.068305 0.801534
0.235858 0.650564 0.708523 0.308674 -0.008239 0.228186
-0.290421 0.208849 0.696724 0.807821 -0.371297 0.495923
-0.073921 0.629832 0.220779 0.173898 -0.281340 0.815834
-0.102750 0.397615 -0.458523 0.537233 0.197259 0.083764
-0.126156 0.480958 -0.172799 0.502141 0.216472 0.094891
-0.292005 0.885970 0.492828 0.261507 0.200132 0.208843
0.094872 -0.121302 0.607771 0.328568 -1.277531 0.256699
0.137987 0.720659 0.565956 0.352999 0.484078 0.203898
-0.202793 1.024947 -0.574945 0.213114 0.342477 -0.122245
-0.203297 0.418075 0.063016 0.792623 0.360018 0.071967
-0.588553 0.314076 0.086884 0.703773 0.702988 0.422828
0.017612 -0.162676 0.379229 0.555222 0.063052 0.005886
-0.158604 0.582023 -0.228393 0.487060 0.367860 0.103301
