-0.140544 -0.911346 0.597242 0.944456 -0.129010 -0.044249
-1.419072 -0.084319 -0.594387 0.609120 -0.431180 -0.593731
-0.997253 0.964772 0.284958 -0.214717 -0.785042 -0.045023
-0.242542 -0.457502 -0.429708 0.845562 -0.475598 -0.252642
-0.532448 0.748649 -0.149061 0.211483 -0.265941 -0.253125
0.028903 0.815032 0.197017 0.138754 0.004153 0.063905
-0.625298 -0.139626 -0.074061 0.364818 0.104195 0.098489
-0.434705 -0.384293 -0.429729 0.646505 -0.374111 -0.105535
-0.598711 0.012886 -0.297199 0.625377 -0.012566 -0.267248
-0.326842 -0.662947 0.228967 -0.273735 -0.044510 -0.109683
0.095538 0.369279 0.310767 0.636352 -0.296291 -0.266696
-0.210824 -0.040532 -0.114744 0.695167 0.058047 0.169605
-0.724444 0.510210 0.572072 0.447415 -0.100357 0.327094
0.232430 -0.690672 0.201241 0.806272 -0.460154 -0.724968
-0.622124 -0.301523 -0.230310 0.592326 -0.209018 0.089783
-0.045333 0.727453 0.212695 0.659907 0.498155 -0.110261
-0.904643 0.579618 -0.598778 0.365006 -0.103361 0.123083
-0.027948 0.440275 -0.133614 1.068907 -0.141356 -0.133024
-0.671590 0.930416 -0.584903 0.125007 -0.387375 -0.137528
-0.445959 -0.342026 0.391101 0.494467 -0.160023 0.097613
-0.264053 0.135099 0.103638 0.760386 -0.452910 -0.469125
-0.451396 0.147751 -0.208480 0.137266 -0.190615 -0.185127
-0.534650 0.247959 0.548206 0.695738 -0.027586 0.135346
-0.880783 -0.743785 -0.195734 0.675103 0.854465 -0.435965
-0.997253 0.964772 0.284958 -0.214717 -0.785042 -0.045023
-0.117858 0.164645 0.549933 -0.257100 0.324510 0.140925
-1.057539 0.431117 0.115837 -0.019579 -1.004681 -0.292069
-0.175628 0.071215 0.805124 0.591638 0.302062 0.107491
-0.301951 0.274759 0.025128 0.334016 -0.527020 0.203261
-0.789194 0.513380 0.164239 0.479462 -0.222173 0.656822
-0.128497 0.523447 0.539315 0.089381 0.064048 0.301040
-0.611844 -0.931778 -0.275129 0.417514 0.241308 0.377312
-0.643173 0.060675 -0.596640 0.780472 -0.359108 -0.040105
-0.764642 0.159175 -1.011431 0.660618 -0.225899 -0.328610
-0.232551 -0.149335 0.094386 0.593706 0.215351 0.003579
-0.361172 -0.801708 -0.336439 0.992850 0.286887 0.087037
0.040869 0.304328 -0.031600 0.057823 -0.187494 -0.051375
-0.431855 -0.200497 -0.134070 0.704616 0.004321 -0.389822
0.281232 -0.771312 0.248492 0.185296 0.047547 -0.764560
0.421834 0.068034 0.481122 0.498879 -0.377782 -0.327954
-0.739468 1.015357 -0.371119 -0.639109 -0.856627 0.611290
-0.537532 0.328796 0.067593 0.340246 -0.040184 0.038852
-0.777077 -0.110089 -0.248868 0.881291 -0.197158 -0.318824
-0.383645 -0.416328 -0.498373 -0.374742 0.909906 0.620825
0.080840 -0.457347 0.594780 0.765478 0.097781 -0.351906
0.425673 -0.056131 0.488442 0.761115 -0.256749 -0.019744
-0.014132 0.291485 0.364306 0.382626 0.070041 -0.498846
-0.889806 -0.305771 -0.037673 0.843019 -0.384144 0.124509
-0.147615 0.338087 -0.587416 0.506867 -0.065872 -0.275434
-0.637316 0.905179 -0.665498 0.482708 -0.262312 -0.258676
-0.519619 0.132933 0.423619 0.776178 -0.125288 -0.055844
-0.507675 0.330753 -0.293686 0.323199 -0.001168 -0.103461
-0.716613 0.426810 -0.442428 0.429308 -0.151383 0.051622
-0.726271 0.840069 0.301527 0.174269 -0.594398 0.224148
0.521601 -0.163456 0.561499 0.124491 -0.181179 -0.325185
-0.516009 0.323388 -0.442954 0.076836 -0.492294 -0.496500
-0.973241 0.229123 0.306882 0.119608 -0.347848 -0.200249
-0.162086 0.826163 0.440758 0.495792 -0.200731 0.131200
-0.066690 -0.288040 0.168532 0.573322 -0.218967 -0.486244
-0.353935 0.603051 -0.436543 0.300411 0.422072 0.570989
-0.346166 0.361892 0.202527 -0.353836 0.355779 0.564673
-0.324524 -0.614216 -0.184962 0.456930 0.432121 0.086856
-0.928174 -0.276308 0.261171 0.399643 -0.327341 -0.037829
-0.728430 0.462795 -0.490425 0.885076 0.430125 0.402153
-0.488569 -0.278690 -0.042878 0.235047 -0.122448 0.489773
-0.272998 -0.109113 0.065149 0.449721 -0.001120 -0.191248
-0.057694 0.594909 0.468880 0.319705 0.241257 -0.076509
-0.522256 0.600314 -0.032521 0.433935 -0.503987 -0.329086
-0.189994 0.667744 0.080241 0.444479 -0.262030 -0.136731
-1.014099 -0.686503 -0.242624 1.138780 -0.004177 -0.224911
0.585682 0.244422 0.580388 -0.197856 -0.400223 -0.187134
-0.361943 1.114314 0.356768 0.284702 -0.430536 0.292160
-0.203840 0.245456 0.068348 -0.071600 0.139351 0.749333
-0.762644 0.008020 0.394006 0.961586 -0.001908 -0.281715
-0.081886 -0.348211 -0.293075 0.265889 0.109578 -0.216694
-0.078362 0.708763 -0.616880 0.644818 0.172954 -0.192022
-0.259803 0.028798 0.743708 0.752837 -0.175443 0.432534
-0.441137 -0.558416 0.490949 0.344198 -0.067532 0.098479
-0.290265 0.035343 0.189309 0.276491 0.264260 -0.258696
0.167049 -0.236628 -0.300893 0.428412 -0.648183 -0.859918
-0.237968 -0.431128 0.040340 0.878934 -0.907662 0.032139
-0.877839 0.584191 -0.092471 0.168991 0.045447 0.350780
-0.578803 0.284899 0.067140 0.700763 0.497831 0.487903
-0.184936 0.458506 0.321257 0.577405 0.237427 -0.036501
-0.538686 0.387437 0.128435 0.057004 -0.425012 0.490362
-0.800104 0.660519 0.218474 0.393604 -0.524719 0.136014
-0.455329 -0.556215 0.281911 0.299794 -0.345322 0.095997
-0.255893 -0.523598 0.076746 0.449143 -0.667319 -0.160016
-0.524185 -0.177102 -0.213655 0.122179 0.025259 0.002269
-0.412757 -0.164181 0.011563 0.359220 -0.868663 -0.498068
-0.168623 0.514831 0.546177 0.425351 -0.457177 0.179028
-0.683702 0.026632 -0.208618 1.080582 -0.599877 -0.323405
-0.009984 -1.175834 0.319885 0.226266 -0.812223 -0.146777
-0.672818 -1.065813 -0.144866 0.596510 -0.534312 -0.566282
-0.503981 0.077082 -0.209229 0.944980 -0.532703 0.133604
-0.558455 0.052825 0.569431 0.552778 -0.424671 -0.016930
-0.464572 -0.134518 -0.230031 0.936346 -0.341720 -0.115498
-0.206990 -0.358641 -0.042202 1.347563 -0.314271 -0.574440
-0.136538 -0.949028 0.343308 1.133239 -0.447060 -0.057339
-0.159351 -0.609636 -0.050274 0.789020 -0.440566 -0.810474
-0.483875 0.666830 -0.103145 0.472134 -0.633709 0.348133
-0.439519 -0.238547 -0.080635 1.054343 -0.830103 -0.735129
0.163969 -0.333340 0.146005 0.911206 -0.817858 -0.704400
-0.447099 1.073831 0.300051 0.194191 0.052939 -0.120547
-0.010592 0.629599 0.316615 0.628779 0.110604 0.481064
0.132492 0.765667 0.341223 0.515666 0.242241 0.488284
0.061612 0.771241 0.577645 0.406020 0.242942 0.337861
-0.210555 0.875752 0.590883 0.249968 -0.190753 0.142553
-0.048801 0.702974 0.156943 0.804463 0.134046 -0.045043
0.039834 0.355654 0.301569 0.801456 0.104103 0.176863
0.117237 0.606932 0.272759 0.872264 -0.059679 0.599228
-0.007086 0.703913 0.145176 0.793628 -0.018498 0.120252
-0.147989 -0.104905 -0.700307 0.967076 -0.223543 -0.373585
0.095350 0.636348 0.433148 0.452439 0.362925 0.300426
0.211963 0.650222 0.230297 0.716619 0.197524 0.130210
0.004585 0.718188 0.340006 0.577859 0.025533 0.483654
0.144166 0.867972 0.548714 0.388454 0.226833 0.549653
-0.101873 0.896010 0.556228 0.312349 0.412721 0.138254
0.148325 0.772862 -0.101868 0.550910 -0.083010 0.553146
0.333174 0.665225 0.014655 0.457079 -0.278235 0.514239
0.104382 0.743574 0.448517 0.494724 -0.032622 0.600421
-0.089707 0.042075 0.124006 1.165479 -0.091792 0.232924
0.155680 0.663179 0.412563 0.078253 -0.020344 -0.058164
