0.239188 -1.118184 0.624147 0.647748 -0.159481 -0.336192
-0.384342 0.017039 0.346449 -0.400658 -0.080590 0.297554
-1.003883 0.614460 -0.162087 0.107085 -0.583650 0.206288
-0.511034 -0.015078 0.012196 0.361670 -0.390723 0.386008
-0.131780 -0.014168 -0.918887 0.432934 -0.421138 0.037770
0.041393 0.392313 0.420544 0.137130 -0.207586 -0.145033
-0.111458 0.096296 0.210629 0.126564 0.307330 -0.142566
-0.020955 -0.075463 -0.009702 0.569419 0.043118 -0.388707
-0.669438 0.438839 -0.042639 0.224064 0.005663 0.768998
0.591336 0.265165 -0.121912 -0.100220 -0.286319 0.388021
-1.015714 0.738588 0.118954 0.188507 0.141973 0.009069
-0.413097 1.146522 -0.223163 0.609186 -0.276881 0.230127
-0.180075 0.121110 -0.011002 -0.009762 0.180244 0.141723
0.054427 -0.005831 0.114433 0.387503 0.187523 0.593641
0.307422 -1.028891 -0.072660 0.943679 -0.452341 -0.043457
-0.289668 0.041527 0.450970 0.829221 -0.054789 0.354195
-0.084558 -0.270934 -0.761110 0.514240 0.626064 0.245110
-0.334971 0.258771 0.296115 0.977369 0.306262 0.453685
-0.218932 0.609214 -0.263359 0.394127 -0.290576 -0.422077
0.028720 0.593751 -0.246973 0.457530 -0.398950 -0.121737
-0.801245 0.346612 0.160795 -0.319978 0.692882 -0.208810
-1.173857 0.792120 -0.432043 0.329724 -0.529097 0.391413
-0.557069 0.825597 0.301525 -0.077328 -0.519601 -0.358935
-0.111948 0.735609 -0.222729 0.584250 -0.535631 -0.111877
-0.524751 0.260495 -0.135390 0.692564 -0.472888 -0.265237
-0.516471 -0.474936 -0.277958 0.004014 0.313507 -0.627561
-0.309562 0.353397 0.342844 -0.152816 -0.087342 0.123856
-0.750991 0.199365 -0.246460 0.670085 -0.242321 -0.007461
0.564111 0.027021 0.083229 0.739717 0.387607 0.294231
-0.313778 0.554943 0.147324 -0.028955 -0.023810 0.646636
-0.907366 -0.185348 -0.073683 0.698685 -0.754275 0.378599
-0.368801 0.636549 0.393712 0.790046 -0.461989 0.008425
-0.609199 -0.831961 0.092387 0.136088 0.320304 -0.430370
0.193083 0.607619 0.834701 -0.408323 -0.126464 0.440861
-0.132779 -1.103509 -0.068766 0.682990 -0.740368 -0.497837
-0.259971 -0.285206 0.214998 0.244264 -0.091430 -0.426239
-0.216816 0.210229 0.456017 0.306473 -0.400584 0.097361
-0.295258 0.476055 0.450563 -0.015959 -0.596069 -0.088367
-0.872750 0.242728 0.195568 -0.084499 0.282805 0.855513
-0.134532 -1.376434 0.267282 -0.067650 0.308131 0.083611
0.013705 -0.664719 0.171948 0.873941 -0.867324 -0.783775
-1.014129 0.016825 -0.122818 0.126521 -0.241055 0.193887
-0.354616 0.294954 0.383825 -0.497869 0.075799 0.929278
-0.026228 -0.297841 -0.104658 -0.412949 -0.206023 0.134371
-1.123361 0.266441 -0.463338 -0.052369 -0.176551 -0.203207
-0.363056 0.156207 0.741464 0.297482 -0.509712 0.320885
-1.105397 0.180565 -0.218246 -0.004323 -0.593633 0.268131
-0.625700 0.180101 0.387119 0.536159 -0.511495 0.792562
-0.001852 -0.191450 0.544212 -0.198986 0.337805 0.410936
-0.140260 0.287836 0.833333 0.245518 0.224385 0.404284
-0.465331 0.192277 0.707995 0.544461 -0.761472 0.609413
-0.695792 0.086929 0.131409 -0.057712 0.237411 0.042514
-0.235575 -0.035484 0.763178 0.613766 -0.328324 0.752205
0.021507 0.508184 0.381317 0.021833 -0.377749 0.400951
-0.583503 0.294295 0.482521 0.767068 0.571106 0.316880
-0.239101 0.272895 0.211843 0.068761 -0.514365 0.699645
-1.099254 -0.181085 -0.163878 0.751205 0.030519 0.627708
0.384925 0.406627 -0.282269 0.078276 -0.346009 0.353721
-0.942287 0.918977 -0.182057 0.483378 0.378809 0.269129
-0.231904 0.395857 -0.327433 -0.396196 0.225060 0.517852
-0.712872 0.202882 0.201127 0.260229 -0.519670 0.915899
-0.732693 -0.136866 0.137603 0.616687 -0.463043 -0.405331
-0.450896 0.227348 -0.371082 0.852389 -0.033434 0.303740
-0.907607 0.124299 0.323759 -0.001137 -0.106864 0.042001
-0.012490 -0.624534 1.175250 0.525448 -0.526734 0.090167
-0.270651 -0.360696 0.072845 -0.115482 0.241535 0.257007
-0.195524 0.009625 0.274469 0.684902 -0.303990 0.407490
-0.448683 0.894180 -0.892534 -0.143858 0.503318 0.063193
-0.529982 -0.380297 -0.343759 1.014941 -0.015396 -0.771379
-0.507631 0.567842 -0.251466 -0.165905 -0.167589 0.490926
-1.021237 0.538376 0.425164 0.054885 -0.162291 0.469243
-0.203121 0.578144 -0.489825 0.638650 -0.134310 -0.197139
-0.747898 -0.012303 0.196574 0.065381 0.084581 0.377115
0.483964 0.344017 -0.232689 0.652085 -0.501543 -0.148325
-0.141257 -0.295331 -0.325685 1.373318 -0.357797 -0.202792
-0.519991 -0.410248 0.437249 0.062296 -0.161485 -0.349234
-0.293979 -0.334481 0.158868 0.633925 -0.712164 0.402887
0.406965 0.286076 0.271414 0.411934 0.168581 0.307492
-0.530563 0.257666 0.323478 0.503843 -0.234813 0.661243
-0.576961 0.592865 -0.078602 0.025021 -0.233408 0.562614
-0.315032 -0.279460 -0.141785 1.024227 0.112605 -0.685966
-0.783931 0.423362 -0.447017 0.636666 -0.052280 0.556942
-0.087539 0.346613 0.161283 0.424305 0.202767 0.513622
-0.097948 0.026687 -0.481163 0.687784 -0.697584 -0.646740
-0.633291 -0.138885 -0.068877 1.170421 -0.245331 -0.126780
-0.137899 0.530717 -0.494243 0.429614 -0.080140 -0.455704
-0.106524 0.571377 0.245558 -0.049349 0.445591 0.173053
0.039918 0.524636 0.555662 0.235772 -0.539263 0.282389
-0.273395 0.178503 -0.286093 0.717068 0.529256 -0.205124
-0.427746 0.250702 -1.083157 0.699654 -0.029549 -0.608896
-0.140373 0.117569 -0.701179 0.539740 0.539662 -0.289249
-0.012135 -0.184518 0.371193 0.495491 -0.726567 -0.082252
-0.182512 -0.286941 0.452034 0.216432 -0.330447 0.166946
0.159558 0.500940 -0.523694 0.721710 -0.305497 0.095614
0.276951 -0.126145 0.678512 0.071204 -0.132295 0.135561
-0.331032 0.249415 -0.397399 0.720413 0.112421 0.092175
-0.396168 -0.059945 -0.254080 -0.356167 -0.113115 -0.084041
-0.097071 0.213561 0.311651 0.368912 -0.074623 -0.062071
-0.039151 0.259591 0.306401 0.891591 -0.494041 0.326904
-0.428678 0.052092 0.640841 0.508152 0.020900 0.335650
-0.115787 -0.333707 -0.101956 0.359082 -0.497724 0.072634
-1.325557 0.872379 0.344467 0.368443 -0.395134 0.101312
-0.111458 0.096296 0.210629 0.126564 0.307330 -0.142566
0.003297 0.542250 0.648781 0.802305 -0.162891 -0.004687
-0.393220 0.200582 0.351922 0.585544 -0.097910 0.468178
0.048925 0.796815 0.532453 0.795052 -0.047084 -0.202579
-0.234829 0.222407 0.217519 0.459113 -0.194015 -0.051130
-0.403046 0.753689 -0.107905 0.045555 0.149048 0.368460
-0.626678 0.365692 0.209815 0.723962 0.082806 0.222408
-0.604140 0.522107 -0.109229 0.452590 -0.628274 0.703955
-0.306210 0.178203 0.201935 0.955096 0.258061 0.351320
-0.339460 -1.050715 -0.087378 0.510328 0.669723 -0.355138
-0.478970 0.049909 0.022150 0.675630 0.174673 0.227503
-0.562837 0.599825 0.414160 0.666080 0.050663 0.753034
-0.475832 0.774569 0.360092 -0.260578 0.294634 0.205537
-0.658669 0.422692 0.571764 0.244907 0.328238 0.507803
0.141752 -0.249149 0.505853 0.086288 -0.002938 -0.465028
-0.636598 0.289553 -0.081840 0.101609 -0.034747 0.173387
-0.736200 0.566858 0.745563 0.167587 0.200025 -0.582157
0.057135 0.059346 0.360862 0.276498 -0.295835 -0.063200
-0.365000 0.159319 0.001665 0.401190 -0.091448 -0.041250
-0.478351 -0.862694 -0.167812 0.529345 -0.507522 -0.799770
-0.211877 -0.022650 -0.132111 0.349427 -0.580744 -0.369301
-0.516455 0.255776 0.715169 0.289628 0.344832 0.150092
-0.010364 -0.338689 0.237883 0.477899 -0.107907 -0.447832
-0.524217 -0.485514 0.244127 0.495155 0.011022 -0.380164
-0.291253 0.168251 -0.059670 0.455381 -0.387126 0.053837
-0.474219 -0.094434 -0.503700 0.735675 -0.066769 -0.618053
-0.543907 -0.925657 0.217603 1.065571 -0.271675 -0.161543
-0.539269 -0.460654 0.416945 1.013438 -0.111082 -0.425266
-0.464226 -0.563486 0.246691 0.828517 -0.100838 -0.623278
-0.614132 -0.882262 0.329666 0.534779 -0.121079 -0.436167
-0.545430 0.653543 0.313412 -0.401100 -0.146311 0.116773
-0.668553 0.364265 0.394924 0.980696 -0.210364 0.660671
-0.705490 0.441668 0.442662 0.717472 -0.175431 0.788495
-0.806843 0.405632 -0.195520 0.329144 -0.099977 0.065937
-0.761595 0.606750 -0.180676 0.668414 -0.218996 0.316347
-0.187201 -0.459039 -0.113706 0.119065 -0.227338 -0.732913
-0.386940 0.646807 0.102758 0.305605 -0.044888 -0.029473
0.141406 -0.207737 0.541386 0.094539 -0.271061 0.392948
0.088794 0.576723 0.180255 0.418750 0.049120 -0.306681
-0.600434 0.940288 -0.528529 -0.196994 -0.143572 0.396308
-0.451366 0.188498 -0.087569 -0.018162 0.055390 -0.044015
0.130436 -0.052989 -0.949702 0.896446 0.736101 -0.021601
-0.257748 -0.178187 0.042275 0.708589 -0.273233 -0.741119
-0.310435 -1.000581 0.268571 -0.030522 -0.012700 0.240192
-0.119311 -0.274142 -0.011186 0.838468 -0.893278 -0.359041
-0.621196 0.064520 -0.125454 0.850312 -0.526332 -0.258559
-0.810310 0.256567 -0.143179 -0.504106 -0.553314 -0.096797
-0.211890 -0.251723 0.122275 0.819032 -0.137585 -0.698655
-0.477751 -0.316960 0.481308 0.451717 -0.548286 -0.608925
-0.068351 -0.169933 0.367688 0.541927 -0.585834 -0.641620
-0.722324 -0.247099 -0.231070 -0.053867 -0.441019 0.072069
-0.498670 0.222476 -0.010131 0.005707 0.220379 0.762803
-0.254780 -0.114246 0.486207 0.190647 -0.275469 -0.655732
-0.628255 -0.318584 -0.280248 0.939973 0.555899 -0.340671
-0.050063 0.685286 0.423430 0.603090 0.028305 0.524166
0.345324 0.436493 0.594861 1.041269 -0.249948 0.633828
-0.043884 0.694146 0.594530 0.536288 0.042304 0.517808
0.205230 0.728485 0.248240 0.572685 0.136441 0.664430
0.155755 0.930676 -0.024876 0.494674 0.132053 0.185855
-0.075223 0.800969 0.487154 0.681059 -0.033369 0.609133
0.244443 0.748343 0.275447 0.538049 -0.182247 0.825903
0.180698 1.038159 0.289536 0.173243 -0.071769 0.900131
0.227581 0.667808 0.153390 0.606055 0.171894 0.625370
0.314980 0.780806 0.330629 0.269878 -0.171182 0.912236
0.525583 0.345518 0.801114 0.492675 -0.442976 0.284544
0.104439 0.659860 0.263243 0.632414 0.068455 0.581218
0.159436 0.756268 0.507196 0.430215 0.083529 0.562413
0.289414 0.753750 0.426649 0.461757 0.100262 0.609605
0.026541 0.724351 0.452381 0.532358 -0.010046 0.533476
