-0.082210 1.238905 0.450983 0.094019 -0.659152 0.177155
-0.338305 -0.453279 0.244695 0.313483 0.186670 0.119276
-0.304026 -0.681558 0.172394 0.469104 0.131053 0.179720
-0.299536 -0.481369 0.269557 0.389659 0.019586 0.137313
-0.253950 -0.498086 0.283780 0.292816 0.028115 0.045370
-0.874477 0.879307 0.150682 0.211873 -0.231387 -0.184811
-0.636752 -0.264738 0.128901 -0.108980 0.323586 0.327285
-0.497840 0.295229 0.351518 -0.284548 0.007511 -0.286295
-0.725527 0.193509 0.179615 0.096653 -0.092219 0.467854
-0.782132 0.354728 0.346687 -0.002485 0.023175 0.565496
-0.729515 0.378509 0.422159 -0.000234 -0.150494 0.552255
-0.472272 0.000726 0.335311 0.254140 0.513368 0.569292
-0.244081 -0.512892 0.527896 0.423086 -0.117058 0.357594
-0.605537 0.296147 -0.112481 0.742134 -0.365412 -0.534168
0.050564 0.151677 0.518756 0.890742 -0.390847 -0.213576
0.030621 -0.092878 0.098974 0.220173 -0.063311 -0.379948
-0.503123 0.546914 0.491781 0.538513 -0.080614 0.163681
-0.583694 0.486909 0.252898 0.520160 0.135552 0.524510
-0.372278 -0.597024 0.730589 0.207439 -0.664126 -0.304214
-0.551006 -0.060710 0.028995 0.876777 -0.598914 -0.330970
0.183796 -0.332610 0.453633 0.208854 -0.481121 -0.494630
-0.177895 -0.550124 0.133489 1.032916 -0.114812 -0.687337
-0.396176 0.892056 -0.327333 0.261049 0.488844 -0.096450
0.536297 0.645607 0.111293 0.895302 0.381987 0.378299
-0.562870 0.090877 0.547190 0.432954 -0.135632 0.180073
-0.462699 0.753809 0.279755 0.084984 -0.391974 0.040460
-0.629782 0.429110 0.026829 0.470844 -0.506520 0.038094
-0.407521 -0.483573 -0.023827 0.698816 -0.035532 -0.267849
-0.370457 -0.485269 0.115295 0.774051 0.148030 -0.113127
-0.416699 0.430134 -0.083436 0.321267 -0.510881 0.365114
0.085332 -0.749584 0.230339 0.236179 0.155643 -0.216074
-0.044929 -0.133137 -0.872092 0.598759 0.453929 -0.094393
-0.475216 0.186913 0.667065 0.750020 -0.488752 0.323498
-0.088211 -0.783204 0.048709 0.160070 -0.037811 0.068119
-0.083706 0.741546 0.379060 0.290762 -0.558538 -0.074399
-0.102601 0.432377 0.230897 0.566052 0.063342 0.069030
-0.507040 0.853926 0.410540 -0.277525 0.171482 0.205871
-0.809491 0.749310 -0.472999 0.302087 -0.399205 -0.128241
0.114172 0.129751 0.437386 0.855040 -0.238523 0.250645
-0.489229 0.098895 0.237534 0.778027 0.953211 -0.005037
-0.463377 -0.074604 -0.808135 0.391165 -0.405321 0.432289
-0.911559 0.338824 0.034483 -0.192607 -0.625819 -0.513244
-0.964301 0.946211 0.240658 -0.339837 0.074299 0.407911
-0.695445 0.250385 0.334844 -0.161175 0.726092 -0.012963
-0.212858 -0.527020 -0.249965 0.160375 -0.674713 -0.352775
-0.265204 0.834298 0.173193 0.697760 -0.542409 0.609752
-0.764229 0.238013 0.040968 0.669885 -0.365315 0.474412
-0.381709 -0.192387 -0.529048 0.956416 -0.242124 -0.562147
-0.116217 -1.019590 0.441123 0.199859 -0.263709 -0.323013
-0.574956 0.148575 0.229051 0.329694 0.292238 -0.129593
-0.769076 0.843548 -1.202302 0.254258 -0.215541 -0.503987
-0.314090 0.196019 0.102724 0.134560 -0.069763 0.128092
-0.445587 -0.718900 0.329631 0.874025 -0.491553 -0.125924
-0.677977 -0.015926 -0.374171 0.419624 -0.294888 -0.037654
-0.363932 -1.331663 -0.177449 0.722794 -0.040132 -0.489958
-0.989706 0.572115 -0.145393 0.568040 0.607027 0.149516
-1.038654 -0.088951 -0.885404 0.456118 -0.359915 -0.441837
-0.958148 0.629961 0.042410 -0.103370 0.109205 0.374995
-0.757624 1.330127 -0.604128 -0.012721 -0.145447 -0.062502
-0.489521 0.543506 -0.130415 0.099352 -0.740584 0.175715
-0.682708 0.449319 -0.328859 0.724603 -0.081116 -0.533577
-0.749223 0.062250 0.209210 0.849874 -0.410787 0.103894
-0.067051 -0.239778 0.705296 0.561801 0.026307 0.030332
-0.246351 0.426940 0.291377 -0.216156 -0.120650 0.450481
-0.726048 0.208319 -0.659536 0.477439 0.102901 -0.096485
-0.629924 0.637844 -0.885558 -0.577351 -0.098118 0.214102
-0.057276 0.096522 -0.777854 0.271867 -0.266885 -0.129176
-0.482469 0.093792 0.305073 0.793195 -0.501386 0.250850
-0.260935 0.442919 -0.419221 0.154362 -0.352660 -0.075862
0.011152 0.101616 -0.793506 1.241390 -0.364160 -0.329399
-0.629800 -0.023057 -0.324949 0.843149 -0.102980 0.690317
0.252165 0.100325 0.145186 0.854696 -0.150342 -0.280557
-0.183460 0.524701 -0.119090 0.276172 -0.406239 0.239322
-0.257051 -0.000092 -0.205581 0.527957 0.318168 -0.288384
-0.216275 0.313267 -0.245219 0.471566 0.276094 0.466046
-0.705096 0.933812 -0.160220 0.192675 0.362302 0.151656
0.008866 -0.457329 0.130888 0.321972 0.266742 0.434858
-0.657085 -0.444148 -0.529551 -0.172243 0.512694 -0.690414
-1.211672 0.675537 0.127718 0.163267 -0.036792 0.580656
-0.173235 -0.289594 0.206025 0.331639 -0.732279 0.104200
-0.985833 -0.294407 0.124563 0.508642 -0.663232 -0.542389
-0.364236 -0.504150 0.689483 -0.102568 0.411391 -0.157517
-0.255525 0.776953 0.289128 0.184396 -0.255785 0.311924
-0.456701 0.605356 0.215427 0.025354 0.224973 -0.518660
-0.680797 -0.051166 0.185852 0.617766 -0.049084 -0.969935
-0.462419 0.162786 -0.171384 0.313497 0.794376 0.164424
0.080716 -0.440248 -0.628801 0.830466 -0.717767 -0.278468
-0.228114 0.287385 -0.096898 0.332986 -0.334156 -0.146931
0.261479 -0.139598 0.653454 0.604054 -0.508917 0.238456
-0.611743 0.228055 0.124353 -0.076948 -0.764025 0.079432
-0.277619 -0.269244 0.200928 0.719288 -0.707312 0.474858
-0.456326 -0.517325 0.063132 1.030837 -0.239796 0.211835
-0.268032 -0.716817 0.236596 0.440639 0.185246 -0.017633
-0.493256 -0.337248 0.146328 0.807153 -0.320480 -0.103619
0.170050 -0.994373 0.307005 0.544622 -0.378777 -0.322720
-0.793261 0.864323 0.006013 0.299945 -0.201357 -0.276524
-0.591950 0.226905 0.121767 0.726391 -0.520292 -0.467209
-0.521623 0.003455 0.153317 0.156925 -1.055555 0.330190
-0.015136 0.349375 0.570180 1.015531 -0.328308 -0.301206
-0.091122 0.055686 0.254591 0.094799 -0.767404 -0.256977
-0.628618 0.252306 0.376382 0.401192 -0.439421 -0.029490
-0.611841 -0.270235 -0.015354 0.049047 -0.442567 0.329010
-0.730117 0.949776 0.080859 0.207503 0.422769 0.311345
-0.312223 -0.465994 0.461257 0.536699 0.129866 -0.241006
-0.380270 0.004309 0.204535 0.238114 -0.574599 -0.456001
-0.524290 -0.308283 0.295032 0.779063 -0.241970 -0.583687
-0.714812 0.302380 -0.374923 1.023972 -0.680950 -0.329043
-0.279179 -0.714087 0.368524 0.589468 -0.503891 -0.742955
-0.067049 -0.301172 0.475093 0.580204 0.008967 0.340125
-0.228915 0.309549 0.874797 0.687745 0.045909 0.046814
0.246487 -0.408872 0.974826 -0.305300 -1.240485 -0.296017
-0.756508 -0.191166 0.254422 0.537517 0.369009 0.578203
-0.228114 0.287385 -0.096898 0.332986 -0.334156 -0.146931
-0.568221 0.595505 0.328474 0.270471 -0.611568 -0.032712
-0.725648 1.152405 -0.222720 0.144842 0.041886 -0.642907
-0.707424 1.336609 -0.211429 -0.152647 0.106747 -0.255049
-0.444296 0.557460 0.193129 0.193712 -0.672642 -0.148536
-0.453508 -0.164003 -0.243073 0.891997 -0.086128 -0.889395
-0.319041 -0.388800 0.181313 0.817959 -0.148971 -0.598114
0.142129 -0.420888 0.193785 1.279901 0.145792 -0.683583
-0.298482 0.684147 0.248947 0.729172 -0.629535 0.023979
0.269755 0.853929 0.304912 0.452744 0.266220 0.744437
0.117362 1.034406 0.184140 0.045865 -0.213564 1.018240
-0.148440 0.672187 0.433094 0.591621 0.194360 0.337817
-0.210941 0.981136 0.356843 0.566848 -0.240575 0.498648
-0.197560 0.682749 0.292625 0.789658 0.201341 0.469787
0.004323 0.626717 0.350345 0.573995 0.137205 0.359389
0.117546 0.498471 0.410208 0.507538 0.013234 0.315051
-0.174786 0.914090 0.261445 0.251076 -0.219825 0.690621
-0.115688 0.632119 0.237520 0.599055 -0.180131 0.464806
0.106617 0.679778 0.380470 0.427301 -0.051276 0.609656
-0.010018 0.738611 0.509437 0.423412 0.263104 0.313227
0.040988 0.693218 0.485151 0.498990 0.224810 0.374894
0.024459 0.768917 0.420879 0.560257 0.171508 0.483077
0.644587 0.161802 1.039012 -0.704806 -0.617426 0.165478
-0.515990 1.234313 0.459182 0.677249 -0.001942 0.754808
-0.143714 0.515799 -0.047256 1.079384 -0.305494 0.092344
-0.191681 0.321126 -0.006120 0.733099 0.384220 0.195823
-0.143789 0.670743 0.194182 0.632927 0.255989 0.340386
-0.026493 0.599574 0.014534 0.550062 0.076305 0.327888
-0.157969 0.679974 0.557371 0.503865 -0.193949 0.556571
0.251321 0.762570 0.126510 0.596894 0.231960 0.665391
0.030021 0.736536 0.365500 0.578755 0.214021 0.493718
0.175179 0.747850 0.356904 0.427929 0.401880 0.374009
0.013185 0.675882 0.436119 0.535222 0.157969 0.426989
0.100331 0.637197 0.297164 0.631205 0.203086 0.439022
-0.205694 0.528240 -0.092181 0.584028 0.334725 0.113133
-0.115300 0.683779 0.464411 0.481685 0.228905 0.210625
-0.025909 0.537826 0.133211 0.645694 0.228026 0.381416
-0.136294 0.408749 -0.022824 0.853173 0.098595 0.293724
0.076376 0.772637 0.551666 0.506450 0.007502 0.555967
-0.058152 0.999126 0.506918 0.399143 -0.256980 0.427090
-0.129184 0.486490 0.098567 0.611333 0.368068 0.212023
-0.199487 0.752030 0.650682 0.388841 -0.146121 0.386513
-0.040148 0.682416 0.314921 0.555717 0.075490 0.246664
