-0.384937 0.501955 -0.128835 0.366098 0.409485 0.599580
0.183751 0.716717 0.388756 0.253092 -0.224600 0.217025
-0.485701 0.157390 0.108490 0.545008 0.198222 0.293734
-0.492429 -0.056261 0.512193 0.515810 0.055699 0.309927
0.389549 -0.343717 0.720414 0.915551 -0.909366 0.884965
-0.353762 0.397469 0.793543 0.555812 -0.124317 0.231122
0.062421 0.200301 0.428940 -0.055631 -0.397496 0.426652
-0.537837 -0.184077 0.377170 0.061487 -0.209585 0.147652
-1.001534 0.655974 0.033141 -0.178475 -0.016971 0.061042
-0.649295 -0.074264 0.325087 0.536992 -0.415324 0.979947
-1.056615 0.666437 -0.270408 0.394382 0.131305 0.411529
0.182852 0.219890 0.381006 1.005947 0.446590 0.331718
-0.479858 0.619017 0.317765 0.596790 -0.318878 0.153128
-0.452292 0.201078 -0.036318 0.752845 -0.781206 -0.027794
-0.064938 0.532037 -0.228229 0.101898 -0.592723 -0.630192
0.412373 0.701877 1.109773 0.008521 -0.175744 0.592999
-0.629387 0.107502 0.021487 -0.378080 0.396729 0.312377
-0.430083 0.299039 0.231996 0.291805 0.893628 0.379337
-0.542197 0.687732 0.464831 0.425396 0.147273 0.337797
-0.337147 -0.017790 -0.194925 0.846699 0.719039 0.372304
-0.640453 0.261562 -0.560229 0.391422 -0.158602 0.294701
-0.938363 0.909326 -0.200244 0.261324 0.097754 0.178386
-0.271099 0.162385 -0.857936 0.817767 0.040365 -0.289017
-0.309099 0.126290 0.685952 0.782676 0.329054 0.118765
-0.118186 -0.034338 0.251253 -0.224339 0.203604 0.431148
0.254797 -0.309987 -0.241893 0.466950 -0.352273 0.069927
-0.500524 0.019309 0.273498 0.431545 -0.127443 -0.088761
-0.891676 0.204796 -0.080214 0.442227 0.188721 -0.157200
0.136542 0.493036 0.673995 0.547924 -0.316863 0.143376
-0.675742 0.351409 0.043342 0.554359 -0.034230 -0.121370
-0.123020 0.070658 0.304990 0.152328 0.171773 0.099885
-0.075766 0.458906 0.237030 0.427629 0.253229 -0.608933
-0.111505 -0.477904 0.082361 0.703538 -0.326898 -0.484574
-0.924133 0.741190 0.385987 0.661861 -0.452483 0.098084
-0.449479 -0.622292 0.471894 0.822011 -0.183092 -0.593347
-0.391110 0.459158 0.220463 0.066725 0.254897 -0.574849
-0.592549 0.223435 -0.515653 0.886366 -0.077471 0.597523
-0.396716 -0.196747 -0.110761 0.884272 0.651335 -0.003763
-0.581446 0.663662 -0.122563 0.933524 -0.134477 -0.252849
-0.421773 0.172239 0.122019 -0.290732 0.146715 -0.405357
-0.475306 -0.438320 0.016591 0.249685 -0.427767 -0.194433
-0.536841 0.420470 0.579869 0.709503 0.072838 0.188221
-0.281555 -0.652518 0.273115 0.999656 -0.137470 -0.533218
-0.738348 -0.324137 0.005480 0.122761 -0.624329 0.052429
-0.855378 0.589094 0.196962 0.147664 0.392329 0.260013
-0.856762 0.675958 0.163370 -0.031042 -0.252471 0.444871
-0.673510 0.491318 0.132916 0.179881 -0.147307 0.317239
-0.578604 -0.242610 0.371639 0.482534 -0.906647 0.147340
-0.166314 0.605971 -0.567878 0.281662 -0.463898 0.158586
-0.948514 0.040966 0.276576 0.185378 -0.299119 0.026567
0.638236 -0.802904 0.804512 0.362147 -0.624058 -0.102118
-1.250953 0.796072 -0.077366 -0.212860 -0.610691 -0.204929
-0.234543 -0.488092 1.097716 -0.283817 0.401349 0.816247
0.073879 -0.819482 -0.179859 0.635594 -0.517143 0.319103
-0.460552 -0.710130 -0.396281 0.289287 0.708784 0.117212
0.223334 0.497435 0.345188 -0.179382 0.060790 0.323539
-0.366819 0.725486 0.796562 -0.116887 0.008497 0.052212
-0.583760 0.821292 0.377471 0.270828 -0.308406 0.279422
0.211151 -1.065525 0.352842 0.376479 -0.355837 0.185750
-0.209446 -0.218090 0.280296 0.224613 0.493047 0.230003
-0.236848 0.103885 0.629786 0.381602 0.312862 0.076670
-0.608789 0.707354 -0.482268 0.506882 0.174041 -0.152914
0.321365 0.241987 -1.250253 0.444847 0.008966 0.098518
0.673355 0.664804 -1.288629 0.315385 0.094888 0.002777
0.020015 -0.756449 -0.081198 0.489559 -0.261083 0.012285
0.346721 -1.340973 0.488617 0.430972 -0.652147 -0.034578
-0.488055 0.077270 0.450118 0.707084 0.415450 0.122236
-0.178964 0.586793 0.423074 -0.079892 -0.230938 0.200811
-0.615009 -0.293761 0.016350 0.861043 0.018406 0.307803
-0.929519 0.103379 -0.089392 0.677310 0.379129 0.500896
0.220436 -1.244836 0.430724 0.505084 -0.389519 0.104679
0.255162 -0.807625 0.466853 0.405308 -0.510859 0.071830
-0.498777 0.029027 0.178489 0.883798 0.266102 0.289017
-0.249329 -0.324520 -0.219675 0.258397 0.113518 0.367797
-0.942575 0.515318 -0.482622 0.286434 -0.027042 0.589830
-0.378743 0.398349 0.055990 0.321431 -0.002271 0.638969
0.196519 -0.721466 0.321856 0.479251 -0.383978 0.090670
-0.582582 -0.063022 0.348851 0.567891 0.173613 0.164754
-0.867154 0.183573 -0.384840 -0.000447 0.142053 0.615013
-0.340028 -0.744432 -0.371135 0.601364 -0.514543 -0.981122
-1.007198 0.163876 0.151747 0.425166 0.108547 -0.366761
-0.535930 0.236173 -0.012219 0.109136 -0.330856 0.330128
-0.576341 -0.304107 -0.099544 0.574878 0.061791 0.709940
-0.248569 -0.120465 -0.080837 -0.481007 -0.047602 0.134638
0.151199 0.330610 -0.005072 0.461459 0.191331 -0.745165
0.246002 -0.238527 -0.201198 0.191837 0.557874 0.086311
-0.993460 0.420206 0.080893 0.506620 -0.015453 0.030292
-0.234607 -0.789073 0.664244 0.439693 -0.309420 -0.010496
-0.253202 0.571552 -0.034688 -0.318773 0.863296 -0.005583
-0.156775 -1.551336 0.485945 0.561877 -0.226915 -0.326318
-0.383942 0.016121 0.027526 0.200722 -0.242158 0.261694
-0.161935 0.204392 0.419341 0.147966 0.758697 -0.311422
-0.421298 -0.158461 0.318701 0.978655 0.006700 0.106427
0.017785 0.670182 0.109670 0.989558 -0.281474 -0.347177
-0.487063 0.244402 -0.044195 0.432657 0.757399 -0.291201
-0.198168 -0.481829 0.204549 0.264810 -0.363309 -0.366618
-0.995161 -0.277647 0.114602 1.058661 -0.445018 0.169325
-0.524971 0.340747 0.673086 0.365783 0.098149 0.068721
-0.257259 0.039878 0.393824 0.045783 0.385809 0.746837
0.040356 -1.181183 0.052626 0.288130 -0.186138 -0.374416
-0.243299 -0.020227 0.501311 0.292485 -0.553282 -0.274608
-0.610910 0.311722 -0.291409 0.293959 0.101138 -0.649664
-0.109003 -0.996872 0.402487 0.688696 -0.317520 -0.058706
-0.448390 -0.091163 0.452494 0.531085 -0.194423 0.410768
-0.748445 0.106225 0.086936 0.719716 -0.068480 0.448717
-0.115393 0.113063 0.223894 0.168798 0.511832 0.641529
-0.732112 -0.776653 -0.030534 0.057326 -0.009574 -0.807657
-0.613270 -0.431355 0.047890 0.812858 -0.614773 -0.152741
-0.156988 0.177252 -0.324564 0.398556 0.285308 -0.121462
-0.703925 -0.018648 -0.004090 0.432512 -0.257141 -0.405349
-0.308610 0.394299 -0.915742 0.261764 0.212497 0.068458
0.127639 0.149387 -0.142722 -0.336051 -0.250650 -0.410948
-0.741356 -0.292890 0.443497 0.804205 -0.664972 -0.095745
-0.710865 0.141909 0.167864 0.092204 -0.053775 -0.167525
-0.430012 0.509485 0.363742 0.158485 0.007234 0.103532
-0.596665 0.120278 -0.862566 0.480209 0.408081 0.465330
-0.166130 0.521832 -0.368712 0.716370 -0.177010 -0.454289
-0.559924 -0.104441 0.060324 0.136991 0.104319 -0.099501
-0.166778 0.695575 0.278072 0.962398 -0.565070 0.115599
-0.346738 -0.363915 0.355501 0.156986 -0.358006 -0.016397
-0.655342 -0.136149 0.193636 0.641005 -0.250067 -0.842210
-0.680095 0.448182 0.426697 0.279703 -0.386588 -0.084727
-0.129376 -0.032730 0.812328 0.033370 -0.482313 -0.128000
-0.571306 0.477215 -0.021682 0.194915 -0.352376 0.437464
0.186135 -0.482026 0.181456 1.215391 -0.387098 -0.490839
-0.685506 0.399710 -0.619832 0.126404 -0.605797 0.029454
-0.541917 -0.099194 -0.657579 -0.271311 -0.099847 -0.206275
-0.886116 0.058138 -0.381421 0.173546 -0.967470 0.243400
-0.856254 1.017682 -0.067894 -0.127594 0.128321 -0.325741
-0.316642 -0.478793 0.791815 0.585371 -0.129883 0.534282
-0.335746 -0.133334 -0.607589 0.793914 -0.144776 -0.849881
-0.351956 -0.334456 -0.088682 0.063275 -0.670811 -0.097594
0.201933 -0.829031 0.688522 0.565419 -0.431065 -0.192795
-0.738154 -0.070721 0.250739 0.818809 -0.504658 0.140293
-0.842943 -0.628261 -0.191373 0.788516 0.353585 -0.238003
0.029755 0.814240 -0.088558 0.127900 0.349392 -0.234617
-0.329373 1.086940 -0.147036 0.661355 0.119846 0.221298
-0.527438 0.670177 -0.507936 0.674105 0.143322 0.112790
0.012380 -0.120606 -0.216401 1.064342 0.489819 -0.369183
-0.020291 0.185748 -0.628199 0.439104 -0.985872 -0.099556
0.159569 -0.329799 -0.097229 0.578818 -0.282547 -0.608800
-0.544445 0.195511 0.068684 0.182282 -0.036809 0.183122
0.373948 -0.480406 -0.048042 0.752079 0.047526 -0.417957
-0.397223 0.523889 0.099251 0.290617 -0.277609 0.166973
-0.393837 -0.585578 -0.855226 0.807345 1.124219 0.031634
-0.128873 0.035274 -0.634518 0.853880 -0.232889 -0.639419
-0.825064 0.641752 -0.234542 0.052425 -0.055550 0.132826
-0.033387 0.401611 0.042639 -0.284816 -0.074860 0.467956
-0.308470 0.078565 0.484298 1.231334 -0.136478 -0.273603
-0.412615 0.478259 0.332564 0.641487 -0.320432 -0.362801
-0.470664 0.680911 0.475929 0.745411 -0.197190 -0.347603
-0.509509 0.152686 0.310790 0.326968 -0.163660 0.304157
0.360426 -1.150367 0.424514 0.861856 -0.944135 -0.275410
0.115036 -0.139412 0.272998 0.206190 -0.759250 -0.778076
0.265398 -0.484395 0.868762 0.784380 -0.424333 -0.078335
-0.456472 0.685947 0.135814 0.357128 -0.078634 0.243206
-0.071747 -0.031441 0.145934 0.734561 -0.469854 -0.621501
-0.385747 -0.386493 0.609748 0.940817 -0.367147 -0.216260
-0.494942 -0.481736 0.057882 0.754826 -0.113871 -0.729993
-0.693475 0.567827 -0.482580 0.159539 -0.037250 0.001027
-0.210243 -0.290878 0.085609 1.203889 -0.204842 -0.246544
0.041521 0.165229 0.659746 0.220477 -0.136155 0.553462
-0.443979 -0.010036 -0.208339 0.253286 0.381926 -0.158348
-0.166974 -0.670426 -0.101350 1.224449 0.160107 -0.433547
-0.673260 -0.442107 0.033395 0.631003 0.679701 -0.333552
-0.286087 0.558391 0.040618 0.462959 -0.527718 -0.033460
-0.457676 -0.875780 -0.307368 0.882573 -0.163561 -0.373625
-0.542616 -0.738265 -0.241881 0.686301 0.431791 -0.566178
-0.145682 -0.572417 0.025867 0.693682 -0.448000 -1.052964
0.233365 -1.001824 0.397983 0.709310 -0.709556 -0.261539
-1.000684 -0.483161 0.193102 0.671714 0.294725 0.155791
-0.373586 0.127609 0.245407 0.287373 -0.290918 0.090771
-0.429831 -0.183921 1.038633 0.509739 0.007318 0.041688
-0.149581 -0.042124 -0.195534 0.518705 -0.569639 -0.399744
-0.091637 -0.675921 0.263201 0.582433 -0.014838 -0.413943
0.094207 0.110170 0.554542 0.606583 -0.446048 -0.027140
-0.329063 -0.161962 -0.612738 0.793895 0.292100 -0.402136
-0.578170 -0.506025 0.389169 0.990977 -0.181362 -0.604830
0.165372 0.892323 0.864530 0.152720 0.496078 0.115629
0.140491 0.761677 0.330346 0.456365 0.329043 0.368740
-0.043884 0.517323 0.357189 0.491275 -0.372694 0.458072
-0.257832 0.688000 0.621337 0.483998 -0.100873 0.243467
-0.183773 0.729421 -0.133313 0.526796 -0.168126 0.359503
-0.071709 0.555780 0.291591 0.602090 0.125520 0.359454
0.236782 0.860526 0.516299 0.363434 0.313910 0.520443
0.147032 0.741176 0.263196 0.345271 0.197100 0.392516
0.177673 0.621053 0.893456 0.343950 0.453212 0.317806
0.272521 0.080886 1.190463 0.298437 -0.638952 -0.117875
-0.161430 0.424974 0.469044 0.381649 -0.135806 0.168258
-0.289972 0.361484 0.023460 0.608658 0.330152 0.324220
-0.029620 0.032574 0.322888 0.751896 -0.355236 0.133805
0.278918 0.567242 -0.028616 0.600497 0.145504 0.643495
-0.071518 0.616533 0.307953 0.563419 0.050677 0.449919
0.228544 0.902337 0.694507 0.140622 0.051524 0.637186
