-0.006459 -0.609672 0.278777 0.033444 0.403683 -0.091185
-0.775454 0.078875 0.187996 0.267733 0.277107 0.610366
0.169217 0.533906 -0.182337 -0.216201 0.158783 0.265769
-1.071825 1.331456 -0.652723 0.211443 0.087122 -0.631909
-0.307919 -0.093181 0.070097 -0.084093 0.645990 0.372145
-0.136759 -1.209520 -0.161125 0.971696 0.010337 -0.666419
-0.459068 -0.080902 0.469033 0.238224 -0.135702 -0.142317
-0.448457 1.111812 -0.333035 0.433348 -0.470308 0.211045
-0.573675 0.525369 0.454428 0.406102 0.484269 0.478508
-1.103717 0.557718 0.491603 -0.320092 -0.042906 0.227134
-0.257436 0.060940 0.228956 0.242764 -0.723041 0.050074
-0.743184 0.246155 -0.978201 0.450017 -0.520541 -0.233676
-0.374707 0.915667 0.152583 0.093450 0.144822 -0.249600
0.156152 -0.691976 0.660780 1.040789 -1.246970 0.023961
-0.508132 0.319884 -0.260728 0.449669 -0.373522 -0.022878
-0.220722 -0.192863 0.510719 0.321219 -0.722839 0.662948
-1.036794 0.222420 -0.075161 0.963154 -0.287896 -0.010680
-0.265210 0.019602 0.600767 -0.185239 0.451038 0.751129
-0.489634 -0.455474 0.301642 0.410088 -0.126492 -0.304917
-0.813280 0.296432 -0.205823 0.444326 -0.025776 -0.311913
0.343565 -0.343949 0.356141 0.438327 -0.775852 -0.928272
-0.685964 0.087048 0.822511 0.784338 -0.714805 0.515810
-0.222194 -0.278479 0.456429 0.777873 -0.866558 0.422076
-0.696805 0.117242 -0.334923 0.711202 0.253313 -0.013970
0.081119 0.191076 0.281712 -0.028972 0.125289 0.460658
-0.789522 0.117265 -0.007900 -0.186550 -0.234520 0.131802
-0.466440 0.099143 0.039393 0.805246 -0.381874 -0.218909
-0.169433 0.442502 0.022281 0.421286 -0.061764 -0.317428
0.102834 0.203241 0.220432 0.840613 -0.315358 -0.268020
-0.286636 0.013341 0.619983 0.581795 -0.165824 0.284855
0.424580 -0.059819 0.276341 0.173142 0.515014 0.217687
-0.619580 0.202967 0.366292 -0.005805 0.196772 0.018131
0.053831 -0.140543 -0.315077 0.676293 -0.211860 0.503089
-0.848176 -0.360537 -1.099723 0.850675 0.111489 -0.581478
-0.869508 0.420535 -1.159430 0.163122 -0.169599 -0.087827
-0.540210 0.156763 0.047615 0.751656 0.325567 -0.014976
-0.292245 0.135059 0.809041 0.828451 -0.137865 0.032140
-0.395255 0.530782 0.115266 0.669270 0.234341 0.053013
-0.941792 -0.305016 -0.053518 0.214820 0.426157 -0.313464
-0.148893 -0.217238 -0.632593 0.901678 -0.233621 -0.874041
-0.702715 0.291264 0.140420 0.296149 0.009797 0.606331
-0.415989 -0.207121 0.770625 0.777594 -0.833923 -0.018470
-0.151671 0.075924 0.482152 0.124628 -0.103816 -0.025122
0.075297 0.774163 -0.029442 0.430074 0.610183 0.331817
-0.296656 0.284448 -0.174512 0.608693 0.113196 -0.285804
-0.589916 0.344695 0.043885 0.347204 0.122887 0.318236
0.097386 -0.496453 0.564526 0.276866 -0.789157 0.226390
0.053331 -0.096674 0.504936 0.675736 -0.285080 -0.353881
-0.809216 1.036186 -0.262280 0.425409 0.052068 0.187354
-0.010303 -0.147496 0.354369 0.456440 -0.937362 0.890283
-0.572293 -0.472936 -0.423938 0.189523 -0.475693 0.348408
-0.161819 -0.577381 0.141736 1.183900 0.141771 -0.580145
0.075397 -0.396195 0.571148 0.300621 -0.047954 -0.188246
-0.293380 0.189990 -0.553816 0.392055 -0.128848 -0.149390
-0.696353 0.009478 0.210914 1.019171 -0.627312 -0.158298
-0.308926 0.318757 0.297923 0.385212 -0.744052 -0.422531
0.193566 -0.062749 0.386109 0.892540 0.165083 0.159424
-0.251008 0.309808 0.174353 0.909923 -0.232289 0.380907
-0.276935 0.558110 0.003375 -0.035293 -0.179000 0.297522
-0.477645 0.106922 -0.844030 0.639285 -0.241898 -0.276546
-0.421311 0.483352 0.150481 0.246654 -0.225757 -0.366810
-0.749920 0.509756 0.517116 0.803150 0.029183 0.499257
-0.407495 0.215049 0.046929 0.789175 -0.363044 -0.124323
-0.221520 -0.216158 0.559189 0.482860 -0.544364 -0.365278
0.043840 0.084890 1.051340 0.979923 -0.057026 0.204460
-0.132188 0.694372 -0.218857 0.808655 -0.044285 -0.412478
-0.433808 0.229509 -0.432223 0.904773 -0.552998 -0.534014
-0.287911 -0.468092 0.629800 1.150100 -0.603011 -0.135667
-0.376942 0.809386 0.098467 0.558476 0.071441 -0.251693
-0.246775 -0.171693 -0.160361 0.852337 0.300063 -0.021255
-0.210400 0.020868 0.296173 0.133396 0.261077 0.174926
-0.759535 0.055051 0.192861 0.055966 -0.517474 0.000819
0.117880 0.118546 0.257388 0.685738 -0.113500 -0.286731
-0.602488 0.404714 -0.798542 0.578437 -0.303285 0.352818
-0.714169 0.746526 -0.023705 0.515759 -0.014902 -0.000807
-0.722956 0.038676 0.199275 -0.157268 -0.573951 -0.477957
-0.071571 -0.981271 0.474788 0.914641 -0.001973 -0.968637
-0.160190 0.703320 -0.058019 -0.568126 0.308859 0.337868
-0.384828 0.612946 0.162655 0.023230 0.285173 -0.170664
0.289670 -0.126455 0.133485 0.163821 -0.114581 -0.298335
-0.814581 0.210043 0.005584 0.202344 0.188780 -0.344913
0.168048 -0.022274 0.502319 -0.597504 0.188453 0.115202
-0.189680 0.227284 0.054845 0.960760 -0.040758 0.796237
0.045177 -0.481949 -0.434510 1.084546 0.086569 -0.347444
-0.407617 0.086256 0.746255 0.427350 -0.467119 0.185762
-0.640749 -0.250114 -0.477680 0.479045 0.133161 -0.439396
-0.087033 0.154505 -0.197489 0.092984 -0.030031 0.451801
-0.615841 0.035275 -0.300192 0.434063 -0.538914 0.037106
-0.690437 -0.417208 0.321232 0.706593 -0.510257 0.234398
-0.272735 -0.277626 0.433419 0.769570 0.096207 -0.533457
-0.891467 0.264895 -0.135933 0.814346 -0.359139 -0.370336
-0.385525 0.851018 0.062264 -0.057092 -0.672487 0.239071
-0.834000 0.661438 0.056702 0.293305 0.033383 0.389793
-0.820865 0.216316 0.103015 0.655359 -0.229039 0.028391
0.187947 -0.103580 -0.178813 0.268729 -0.654729 -0.384003
-0.276502 -0.219404 0.352398 1.019383 -0.455854 -0.263736
-0.036132 0.390861 -0.210286 0.191815 -0.156999 -0.634246
0.250304 0.695730 0.796844 0.426521 -0.181830 -0.157135
-0.376426 -0.099288 0.748663 0.193544 -0.699106 -0.308375
-0.808926 0.046314 0.103400 0.818477 -0.809800 0.385839
-0.620775 0.217321 -0.272622 -0.458858 0.435991 -0.365089
-0.303646 -0.097317 -0.179835 0.384041 0.016177 -0.276101
-0.821082 -0.040920 -0.027171 0.630175 -0.528780 -0.133049
-0.142623 -0.337004 -0.484952 0.691695 -0.529341 0.027461
-0.073043 0.394577 0.825586 0.523208 -0.240433 0.332401
0.005377 -0.091127 0.830295 -0.251140 -0.145985 0.019544
1.231146 0.626346 0.828525 -0.448289 -0.431886 0.541047
-0.522281 0.453689 -0.126238 0.276792 -0.298163 0.793065
-0.253499 0.886390 -0.416239 0.074483 -0.117613 0.151799
0.096265 0.456130 -0.650731 -0.459610 -0.032068 0.388332
-0.553428 -0.167532 -0.200051 -0.476092 0.407824 0.226343
-0.434303 0.659421 -0.287100 0.485189 0.037848 0.051682
-0.841693 -0.267407 -0.211008 -0.171200 -0.659319 -0.259916
-0.524739 0.642296 -0.042913 0.058154 -0.443415 0.339070
-0.858889 0.374062 -0.026876 0.551423 -0.515126 -0.650696
-0.711181 -0.190158 -0.109781 0.555619 -0.479819 -0.140990
0.060368 0.257230 0.606452 0.041327 -0.255783 0.060036
-0.394924 -0.059022 0.418122 0.392457 -0.421590 0.035672
-0.612262 -0.106147 0.357119 0.121432 -0.312077 -0.220615
-0.041872 0.518810 0.058285 -0.110532 -0.241974 0.611959
-0.387944 0.547997 0.201880 0.484219 -0.646970 -0.229825
-0.362932 0.042794 0.349243 0.506759 -0.022117 0.252136
-0.067590 -0.230017 -0.526559 0.861392 -0.547053 -0.593783
-0.623651 0.588132 -0.238574 0.186745 -0.453659 -0.009752
-0.410462 -0.776328 0.095784 0.607928 0.059850 -0.171241
0.064676 0.413296 0.109278 0.415161 -0.617843 -0.280480
-0.410834 0.268837 -0.557206 -0.020582 0.231662 -0.501502
-0.149273 0.143492 -0.345627 0.521978 0.062904 -0.142006
-0.416567 1.274452 0.033184 0.698495 0.858360 0.914611
0.095972 0.595783 -0.044664 0.438817 -0.005807 0.285418
-0.354399 -0.100060 -0.263251 0.830271 -0.773118 -0.639092
-0.287575 0.087942 0.461272 0.425935 -0.827344 0.485902
-0.593165 0.300236 0.467798 0.192953 -0.668398 0.178792
0.397032 -0.784845 0.777510 1.059067 -0.488087 -0.809421
-0.795194 0.727130 0.518877 -0.072486 0.105378 -0.196343
0.164477 0.730840 0.641701 0.068056 -0.239525 -0.129170
-0.040882 0.621867 0.367807 0.497597 0.037856 0.242626
-0.028538 0.456273 -0.120420 0.669143 0.225729 0.192519
-0.228674 0.458066 0.544732 0.721753 -0.127385 0.342849
0.136590 0.867671 0.411390 0.358195 0.265370 0.300625
-0.001929 0.339444 -0.077095 0.891212 0.559776 0.212622
0.044344 0.648542 0.427624 0.428617 0.297950 0.183289
-0.078232 0.911109 0.676105 0.345472 0.143879 0.319871
0.324949 0.703087 0.305754 0.374599 0.238092 0.470547
0.344392 0.765807 -0.059859 0.529787 0.248408 0.830448
0.148212 0.763835 0.473533 0.510358 0.157730 0.562593
0.210900 0.860771 0.617874 0.432352 0.033912 0.641072
0.188818 0.836996 0.409182 0.265470 0.359095 0.297883
0.371759 0.351495 0.693839 0.009506 -0.466451 -0.061641
0.019690 0.705866 0.261784 0.606723 0.224495 0.472115
