0.002226 0.435913 0.852052 0.664076 0.243658 -0.450963
-0.449269 -0.505804 0.165368 0.871871 -0.365225 -0.669593
-0.243398 -0.258816 0.720588 0.351784 0.469270 0.305471
-0.531173 0.488668 0.586209 0.572879 0.671077 -0.156870
-0.427650 -0.168809 0.209611 0.567541 -0.351966 -0.176638
0.316823 0.596649 0.626739 0.292802 -0.315385 -0.199900
-0.638365 0.892159 0.369175 0.785107 0.355096 0.546735
-0.787814 0.891118 -0.471247 0.213515 -0.602755 -0.077535
-0.410494 0.587811 -0.244202 -0.040035 -0.065605 -0.361191
-0.404421 0.950504 -0.267126 0.412222 -0.556178 0.381483
-0.413217 0.340308 0.002943 0.416684 -0.041294 0.186089
-0.632387 0.247817 0.043949 0.171067 -0.176495 -0.360471
-0.676636 0.566559 0.152801 0.833277 -0.098785 0.373934
-0.588351 1.317714 -0.235825 0.176711 0.437546 0.062166
-0.618348 0.932919 0.174804 0.242227 -0.054329 -0.199629
-0.345706 0.143728 0.642652 0.335971 0.426588 0.270892
-0.186986 -0.479120 -0.484948 1.180517 -0.113650 -0.409238
-0.334400 0.509980 -0.129575 0.287543 -0.347051 -0.417970
-0.078405 0.164420 -0.157533 -0.135354 0.734543 0.207170
-0.344889 0.182752 -0.091506 0.394580 -0.072936 0.309880
-0.455191 -0.351438 0.156723 0.335231 -0.303954 -0.004002
0.071103 -0.183469 1.160377 0.121617 -0.199622 0.555512
-0.294789 0.574203 -0.562966 -0.099737 0.314601 -0.195328
-0.504996 -0.447614 0.331767 0.738380 -0.491986 -0.104885
-0.468650 0.600148 -0.092737 0.122872 -0.111797 -0.557438
-0.418690 0.921780 0.935878 0.454889 0.550606 0.212003
-0.611970 0.280808 -0.039756 -0.013576 -0.453678 -0.341666
-0.631235 0.605702 0.136854 0.342112 -0.266709 -0.364925
-0.482229 1.118480 0.189029 0.113329 0.055507 -0.589110
-0.831562 1.081444 0.615447 0.440637 -0.041943 -0.206644
-0.329315 0.739201 0.577854 0.777302 -0.087855 0.574042
-0.534051 -1.021516 -0.027910 0.443571 0.364483 -0.476207
-1.204855 -0.310116 -0.733206 0.231019 -0.449891 -0.410885
-0.533815 0.662716 0.012264 0.251091 -0.566945 0.314845
-0.321768 0.458909 -0.161550 0.953637 -0.173775 0.449569
-0.252316 0.506673 -0.097590 0.544748 -0.341366 -0.539949
-0.077113 0.671988 0.509244 0.865598 0.038680 0.548189
0.043956 0.434132 0.518562 0.733978 0.006477 0.343744
-0.826848 0.257315 0.433817 0.345145 -0.455389 0.428952
-0.434460 0.752596 0.259244 0.211485 -0.039432 0.316662
-0.718171 -0.684039 0.377675 1.105498 -0.241411 -0.657670
-0.503339 0.971795 0.544803 0.961419 -0.146162 0.418517
0.184036 0.420587 0.567849 0.720766 0.079789 0.508873
-1.237998 0.678744 -0.555213 0.447819 -0.034974 -0.352089
-0.238296 0.575708 -0.124943 0.019583 0.033678 0.263258
-0.288028 -0.258061 0.250638 0.800078 0.314878 -0.680374
-0.233283 -0.303576 -0.763628 0.624900 0.099350 -0.193084
-0.413253 0.058908 0.635279 -0.240230 0.291124 0.005960
-0.291317 -0.090375 -0.715485 0.356603 0.392603 -0.157901
-0.955640 -0.366934 -0.543385 0.385189 -0.240794 0.323624
0.188827 0.165558 -0.404665 0.048253 -0.146186 -0.527116
0.302935 0.518744 -0.306246 0.625888 -0.229086 -0.085538
-0.645808 0.935599 0.335260 0.262631 0.005671 0.746718
-0.311258 -0.306646 -0.426755 0.998506 -0.113694 -0.577402
0.494350 -0.120402 0.590728 0.445888 -0.761658 -0.150915
0.046691 -0.840291 0.095736 0.483235 -0.836928 -0.412442
-0.356394 0.259480 0.381362 0.379692 -0.267416 0.096631
0.173797 -0.513645 0.125418 1.192177 -0.107226 -0.163948
-0.765146 0.174301 0.059807 0.088151 0.587377 -0.324626
0.074324 0.103184 -0.056612 0.267430 -0.938850 0.040706
-0.444875 -0.175849 -0.083846 0.685162 -0.385892 -0.583046
0.145286 -0.835568 -0.879202 0.861124 0.019298 -0.297723
-0.465808 0.158755 0.592656 -0.292548 0.208111 0.390370
-0.465759 0.264589 0.455616 0.178133 -0.091532 -0.240819
0.011107 -0.588991 0.179430 0.659696 -0.572282 -0.708990
-0.093403 -0.385380 0.191674 1.024493 -0.287519 -0.994535
-1.064607 0.824283 -0.566257 0.274040 -0.136675 0.214297
0.009117 -0.540608 -0.905472 1.301859 0.080258 -0.247314
-0.803460 -0.028446 0.523103 0.302484 0.178168 0.177440
-0.177713 0.036931 0.429425 0.403097 -0.633730 -0.024992
-0.390499 0.468750 0.153743 0.142395 -0.739219 -0.473294
-0.351575 0.274064 -0.274288 0.432884 0.050055 0.306582
0.039197 0.786358 -0.051242 0.324428 0.791093 -0.072064
0.199239 -0.221382 0.024643 0.130552 -0.803882 -0.185470
-0.067673 0.877183 -0.766289 1.411066 -0.060686 -0.189003
-0.300797 -0.304887 0.230543 0.541292 0.032684 -0.250443
-0.208793 0.494919 -0.816636 0.342723 -0.173950 -0.329902
-0.734324 1.118567 -0.158665 -0.261732 0.418552 0.089606
-0.609266 0.099553 0.551162 -0.371936 0.110250 0.362388
-0.662679 -0.080980 -0.218474 0.700790 0.358317 -0.294543
0.017075 0.381572 0.025886 0.163942 -0.082575 0.075985
-0.316424 -0.398461 0.603210 0.817839 -0.190227 -0.262875
-1.149557 -0.332083 0.194666 0.515916 0.055089 -0.361661
-0.558823 0.924563 0.052063 0.223214 0.097726 -0.656262
0.042108 -0.921925 0.203841 1.307245 -0.370692 -0.730152
-0.239515 -0.487189 -0.008499 1.157689 -0.251065 -0.888641
-0.474839 -0.446235 0.511936 0.837394 -0.068516 -0.165741
0.184697 -0.651405 0.055755 0.533985 -0.697441 -0.506413
0.140030 -0.214846 0.521182 0.249014 0.611956 0.112197
-0.260466 0.311670 0.140243 0.172310 -0.092384 0.088110
-0.515352 0.871136 -0.405219 0.401912 -0.221294 0.306193
-0.502645 0.257280 -0.715819 -0.026012 1.189082 -0.208419
-0.151582 0.190587 0.138677 1.271904 -0.215670 0.495473
-0.067294 0.346510 -0.400170 -0.085148 1.116188 -0.064856
-1.088336 -0.230852 -0.129137 0.468680 -0.339279 -0.581800
-0.446624 -0.579796 0.234361 1.175497 0.325192 -0.469957
-0.564524 0.275342 0.151111 0.165669 -0.035037 -1.305529
-0.428495 0.764573 -0.331250 0.393106 -0.231823 0.298930
-0.775010 -0.537937 0.387178 1.146614 -0.068568 -0.338391
-0.864522 -0.177766 -0.340988 1.294252 -0.492834 -0.522329
-0.246746 -0.005761 0.403826 1.165451 -0.190718 -0.255507
-0.783441 0.350030 -0.678616 0.590776 -0.134955 0.373388
-0.359143 -0.269584 0.123813 0.767699 -0.094140 0.025617
-0.172224 -0.403185 0.082665 1.051664 -0.610913 0.070248
-0.215113 -0.203960 0.258552 0.617905 -0.156635 -0.195076
-0.592070 0.048421 0.400304 0.943063 -0.221231 -0.135441
-0.253492 -0.596338 0.393220 0.974088 0.254772 -0.336739
-0.412101 -0.258043 0.349982 1.037131 -0.274225 -0.278700
-0.345549 0.499697 -0.167965 0.094095 -0.098397 0.621956
-0.449410 0.329422 0.151828 0.445892 -0.089426 0.991453
-0.445253 1.013281 -0.440743 0.379797 0.219037 0.624036
-0.589663 -0.294506 0.337386 1.136529 0.033582 -0.319096
-0.071940 0.141285 0.103076 0.734979 -0.294012 -0.642228
-0.619486 -0.031485 0.185088 0.930805 0.051270 -0.453547
-0.086976 -0.063353 0.011042 0.825754 0.048124 -0.684361
-0.165099 0.014647 -0.097471 0.096939 0.320998 -0.043374
-0.810017 -0.243313 0.192259 0.940376 0.093031 -0.197229
-0.339067 -0.109044 -0.221982 0.514502 -0.675589 -0.110313
-0.444481 -0.513059 0.203129 1.021194 -0.100805 -0.205632
-0.641106 0.072458 -0.002445 0.909676 -0.055895 0.012428
-0.024633 -0.421672 0.603171 1.471507 -0.405896 0.069172
-0.650939 0.442130 -0.477071 0.622237 -0.327630 0.058817
-0.560852 0.313561 0.196598 0.295271 -0.115786 0.040481
-0.252774 -0.677696 -0.002638 1.312063 0.004011 -0.659491
-0.620317 0.215920 0.566574 0.155621 0.213112 -0.016007
-0.675756 0.245012 0.498462 0.419819 -0.141352 0.479901
-0.520808 1.069577 0.422098 0.645521 0.481357 0.701810
-0.528722 -0.396462 -0.192327 0.345474 0.342505 -0.092878
-0.460687 0.069693 -0.582186 0.310214 -0.159877 0.322972
-0.514641 1.408025 -0.394845 0.551680 0.517928 0.494282
-0.033337 0.348222 -0.307611 0.316841 -0.347038 0.483311
-0.588276 -0.890122 -0.716486 0.812156 0.327311 0.132609
0.197798 -0.014383 0.649378 0.427139 -0.010760 -0.199080
-0.315943 -0.288475 0.238231 -0.431094 0.540082 0.236315
-0.733892 0.383832 -0.094393 -0.179802 -0.787945 -0.000466
-0.110297 -0.374207 0.050741 -0.184225 0.136983 -0.504102
0.401734 0.195796 0.029659 0.803152 -1.168877 0.040426
0.348861 -0.000846 0.124252 0.226850 0.003205 0.288018
-0.201241 0.598584 -0.371190 -0.020335 -0.626167 0.367577
0.008702 -0.349318 0.308082 0.848898 0.153990 -0.463097
0.148661 -0.243764 0.419576 0.498386 0.077677 -0.413487
-0.858754 0.002551 -0.239471 0.251779 -0.614291 0.340137
-0.653737 -0.350933 -0.177362 0.512359 -0.558364 0.716037
0.018465 -0.639412 0.237456 -0.519968 -0.254819 0.128992
-0.393300 0.006248 0.502423 0.124213 -0.340691 0.837404
-0.525909 0.068427 0.396279 -0.442891 0.045734 0.276823
-0.970956 0.206031 -0.136186 0.633715 0.161486 0.598254
-0.257811 -0.078914 -0.650702 0.618389 -0.118376 -0.626746
-0.143499 -0.017659 0.595726 -0.065071 -0.079255 0.238861
0.035515 -0.120976 0.802606 0.025898 0.106882 -0.014977
-0.183219 0.302795 0.280630 0.808011 -0.170054 0.537093
-0.044299 0.333064 0.539870 0.612792 -0.262990 0.321863
-0.790168 0.366337 -0.347952 0.462742 -0.005785 0.655829
-1.040010 0.935768 -0.124560 0.116874 -0.210821 0.262454
-0.018447 -0.149151 -0.122196 0.521140 0.004313 -0.339938
-0.466578 -0.129081 0.177744 0.956828 -0.330806 0.367958
-0.175954 -0.336070 0.253413 -0.083684 0.254538 0.322491
-0.276756 0.458614 0.096718 0.434234 -0.062946 -0.076464
-0.881716 0.294911 0.136285 0.133897 0.277320 0.070501
-0.272428 1.005270 -0.180631 0.319768 -0.364627 0.396347
-0.121605 1.084112 0.116607 0.371326 -0.254056 0.481380
-0.281370 0.583928 -0.136935 0.565147 -0.718402 0.576467
-0.449921 0.176962 0.225800 -0.210191 -0.429147 0.108064
-0.598601 -0.088079 -0.100443 0.346542 1.243711 -0.758579
-0.510827 -0.955187 0.291294 0.126337 -0.039550 -0.325192
-0.437715 0.129437 0.121369 0.797189 -0.527663 0.082831
-0.825046 0.228387 0.107965 0.084776 -0.457936 -0.073475
-0.391715 0.909419 -0.227289 0.180547 -0.547077 0.122826
-0.149706 -0.280247 0.189274 0.376748 -0.462617 0.005643
-0.289711 0.360107 -0.324242 0.093106 -0.265001 -0.504510
0.021877 -0.286687 0.304147 0.502748 -0.300173 -0.244443
-0.523266 -0.757874 -0.472183 0.872302 0.096579 -0.628821
-0.621443 0.414303 -0.560342 -0.086328 0.309039 0.609747
-0.412608 0.792298 0.149319 0.916103 0.087944 0.090058
-0.179380 -1.232704 0.119629 0.822121 -0.413409 -0.936566
-0.730279 0.507004 -0.652299 -0.269930 -0.081643 -0.472084
-0.000112 0.394796 0.033785 -0.001791 -0.379467 0.539548
-0.695364 0.246723 -0.238923 -0.129295 0.040706 0.029082
-0.397078 0.233681 0.394513 0.666772 -0.129862 0.602488
-0.441140 0.211810 0.113328 0.314410 -0.656384 0.493381
0.042108 -0.921925 0.203841 1.307245 -0.370692 -0.730152
-0.057382 0.239121 0.272277 0.248880 -0.210800 -0.439917
-0.555023 -0.050299 0.408516 0.853821 0.272632 0.085693
-0.736496 0.329277 0.158044 0.130200 0.351660 0.628120
0.193595 -0.451198 0.228089 0.765214 -0.906745 -1.002866
-0.023392 -0.265689 0.323418 0.842711 -0.747776 -0.606141
-0.701498 0.371360 -0.105759 0.596051 -0.235378 0.042173
-0.249855 -0.336912 0.130980 1.270395 -0.292982 0.049058
-0.132298 0.151645 0.624910 1.041575 -1.006088 -0.013654
-0.336044 -0.125637 -0.780837 0.835330 -0.633529 0.137217
-0.503266 -0.502011 0.202166 0.879209 -0.328000 0.012266
0.059509 -0.185775 0.295461 0.613828 -0.314239 -0.354374
0.019845 0.801502 0.593856 0.490908 0.122018 0.451898
0.019867 0.775454 0.568800 0.470696 0.211582 0.417683
0.069168 0.766983 0.133376 0.700698 -0.036059 0.549946
0.096473 0.798906 0.497900 0.531836 0.165093 0.539657
0.002718 0.836947 0.548886 0.497146 0.130928 0.434782
0.111963 0.713178 0.352907 0.656000 0.233233 0.221069
0.104129 0.681432 0.187110 0.475992 0.034331 0.527628
-0.166943 0.614246 0.403836 0.601109 0.083073 0.326848
0.148252 0.731879 0.398290 0.591436 0.062812 0.569332
-0.091966 0.670344 0.485895 0.574484 -0.178209 0.480987
0.184088 1.027767 0.389731 0.208302 -0.119322 0.926786
0.058198 0.744643 0.447257 0.632066 -0.005102 0.577358
0.159013 0.753182 0.384294 0.603852 0.142437 0.440984
0.003275 0.755078 0.436980 0.605583 0.029885 0.559946
0.123412 0.494116 0.204166 0.647020 0.173036 0.434483
-0.205616 0.722310 0.641950 0.474591 0.088059 0.251921
0.027024 0.669578 -1.053994 -0.101754 -0.240966 -0.059209
0.024432 0.598887 0.030205 0.438987 0.524099 0.080111
0.442900 0.305346 -0.235094 0.019894 0.141891 0.035754
0.393285 0.569398 0.197626 0.585303 0.042984 0.818792
0.145084 0.747804 0.389594 0.541956 0.044690 0.597056
0.321887 0.733264 0.377085 0.522689 -0.040425 0.757047
