-0.444659 -0.647057 0.475675 0.614018 -0.050587 -0.506738
-0.156901 -0.091232 -1.217602 0.868766 0.185607 -0.457010
-0.265915 0.027976 0.518383 0.318970 0.511246 0.400002
-0.275676 0.290327 0.201615 0.482854 0.082142 0.488417
-0.511397 0.680224 -0.241522 -0.233739 -0.034420 -0.609687
0.228271 -0.711036 0.827207 0.141935 -0.251434 0.088454
-0.645988 0.402483 -0.117970 0.233489 -0.085140 -0.136402
-0.943570 0.129105 -0.249636 0.600998 -0.297056 -1.046813
-0.097575 0.186207 0.657816 -0.493128 0.786997 0.278372
-0.371731 -0.697081 0.190097 0.893792 -0.461657 -0.332870
-0.051836 0.774729 0.609820 0.748915 0.103641 0.159132
0.024278 0.423787 0.645825 0.636900 -0.409028 0.144479
-0.652348 -0.039954 -0.448848 0.340609 0.211949 -0.085407
-0.692558 0.452576 0.473338 -0.400066 -0.446302 0.363592
-0.476397 0.405876 0.549528 0.100746 -0.283393 0.840874
-0.892908 0.252737 -0.608560 0.434144 -0.042211 0.313264
0.123910 0.586616 0.389426 0.442081 0.016824 0.058520
-0.019501 0.578265 -0.152433 0.260608 -0.349445 0.147363
-0.838405 0.873161 -0.118908 0.183362 0.107514 0.290717
-0.251466 0.126153 -0.528165 0.031457 0.050950 -0.060537
-0.164839 0.486202 -0.379766 0.386533 -0.328530 0.251800
-0.804945 0.176949 -0.228984 0.349609 -0.052565 0.121950
-0.146904 0.143460 0.394056 0.055423 -0.871317 -0.324227
-0.348668 0.105654 0.545382 0.063178 -0.378570 0.092292
-0.351784 0.695424 0.327751 0.307513 0.227288 0.435389
-0.576899 0.578491 0.757608 0.374930 0.128353 0.172649
-0.076630 -0.521262 0.283709 0.489425 -0.202013 -0.001278
-1.097723 0.299314 -0.784857 0.449613 -0.079737 -0.176786
-0.129270 0.569995 0.703546 -0.044115 -0.258842 0.309633
-0.702659 -0.540478 -0.212995 1.092209 -0.071315 -0.431298
-0.261708 -0.102297 -0.010321 0.534639 -0.572437 -0.662736
-0.240325 0.272133 0.177194 0.869918 -0.052780 -0.707202
-0.190322 -0.160583 -0.236137 0.184996 0.094969 -0.159819
-0.470634 0.205623 0.254557 0.414487 -0.040287 -0.282477
0.037904 -0.072743 0.262320 0.856831 -0.132307 -0.383927
-0.143502 -1.303919 -0.459263 0.551543 -0.975509 -0.445784
-0.629754 -0.004973 -0.451878 0.528967 -0.086974 0.121629
-0.498774 -0.085256 0.079726 1.204606 -0.034496 -0.566093
-0.226765 0.952506 -0.196917 0.121354 0.704764 0.383881
-0.107320 1.018289 -0.161848 0.598572 -0.650783 -0.420809
-0.318486 -0.117003 -0.619284 0.746571 -0.010317 -0.554781
-0.998482 -0.033511 0.381161 0.370088 -0.437952 -0.211636
-0.575747 -0.547713 -0.281053 0.721622 0.381351 -0.531287
-0.845371 0.400346 -0.533732 1.097995 0.192494 0.118663
-0.431033 -0.437968 -0.151120 0.782748 -0.043272 0.035094
-0.416369 0.546316 -0.226689 0.433967 -0.140857 -0.108767
0.010793 0.285294 0.288712 0.559636 -0.236098 -0.000097
-0.110233 0.999935 0.361142 -0.444896 -0.232700 -0.010478
-0.441263 -0.027751 -0.025950 0.333359 -0.236101 0.500159
-0.427327 0.391738 0.401687 0.775126 -0.074540 0.000704
-0.807830 -0.076348 0.253872 0.293874 -0.222199 -0.079073
-0.065429 -0.286893 0.402867 0.652261 -0.194864 -0.220953
-1.175945 0.121955 -0.291112 0.358789 -0.479362 -0.366386
-0.367857 0.788005 -0.070711 0.267456 0.198656 0.013172
-1.298088 0.811931 -0.323272 0.174861 -0.581917 0.070483
-0.335366 -0.547124 -0.173339 1.101015 -0.528080 -0.710360
-1.012292 0.751252 -0.142342 0.150396 -0.143831 -0.118679
-0.690726 -0.331413 -0.363554 1.128981 -0.358192 0.212904
-0.900086 0.523348 -0.031094 -0.305155 -0.575437 -0.011982
-1.148641 0.155355 -0.357567 0.122827 -0.725928 -0.272657
0.409766 -0.388919 0.778225 1.333592 -0.255072 -0.199247
-0.807026 0.170499 -0.177974 0.324487 -0.597663 -0.616380
-0.437877 -0.207284 0.615543 -0.054734 0.257640 -0.406384
-0.721625 -0.711226 0.627320 0.338644 -0.953210 -0.328933
-1.513436 -0.098507 0.111991 0.251857 -0.684622 -0.112304
0.175282 0.963741 -0.445888 0.726340 -0.028335 0.378992
0.101582 0.341185 -0.108816 0.326276 -0.463863 -0.507249
-0.024598 -0.224355 1.034470 0.501215 -0.735304 -0.019202
-0.776118 0.876181 -0.310898 0.526380 -0.724497 -0.189896
-0.956906 -0.274989 0.219490 0.255539 0.089045 -0.354732
0.459453 -0.445804 0.983410 0.143457 -0.688622 -0.164067
0.204455 -0.414977 0.255982 0.767425 -0.798103 -0.634013
0.039311 0.428799 0.228978 0.398040 0.144766 0.145119
0.010639 0.220593 0.625641 0.471667 -0.767121 -0.424272
0.053631 -0.474700 -0.431346 0.541529 0.127367 -0.281746
0.555880 -0.792471 0.336531 0.330269 -0.090727 -0.054574
0.898615 -0.563702 -0.308523 0.341240 -0.199542 -0.645522
-0.273140 -0.189947 -0.083993 0.856977 -0.560705 -0.449436
-0.016130 0.052370 -0.359789 0.846301 0.106231 -0.250900
-0.437150 0.383369 0.378974 0.045835 0.183597 -0.120878
-0.712755 0.384477 0.454878 0.518788 0.234213 -0.227333
-0.156831 0.659075 0.131502 0.342006 -0.336332 -0.033101
-0.235349 0.317145 -0.658644 0.924049 0.433227 -0.324512
-0.236445 -0.487812 0.432138 0.721441 -0.263008 -0.633914
0.068450 1.129004 -0.765343 0.582199 -0.519120 -0.294042
-0.358360 0.259131 -0.307422 0.230055 0.269199 -0.396441
-0.122421 -0.751886 0.174519 0.786206 -0.135817 -0.063064
-0.607686 0.334048 0.439278 0.633449 -0.222404 -0.077898
-0.334331 -0.018345 0.213803 0.924744 0.237985 -0.191819
-0.366860 -0.718354 0.237412 0.735805 0.053421 -0.179871
-0.184049 -0.660531 0.626007 0.728015 -0.136375 -0.341233
-0.319298 -0.302830 -0.431708 0.780645 -0.425565 0.017012
-0.773525 -0.108049 -0.331912 -0.247940 -0.114872 0.302338
-0.445198 -0.711157 0.473608 0.520452 0.000322 -0.170768
-0.559520 0.694671 -0.512475 0.367538 0.425765 -0.006784
-1.295605 1.003009 -0.660174 -0.024220 -0.085518 -0.441757
-1.092825 0.271466 -0.804615 0.129870 -0.423585 -0.633379
-0.177376 -0.620812 -0.531209 0.570061 -0.770040 0.388977
-0.535026 -0.314150 0.019567 -0.171689 -0.044652 -0.211004
-0.367265 1.339130 -0.565905 0.038130 -0.002023 0.354448
-0.270173 0.653063 0.082256 0.104643 -1.000821 -0.245892
-0.987718 -0.286028 0.092058 0.560296 -1.163916 0.174433
-1.216539 0.374222 -0.597553 0.494380 -0.845091 -0.236218
-0.730928 0.961174 -0.083227 0.260649 0.011090 -0.409284
-0.598518 0.138558 -0.473443 0.514418 -0.712314 -0.507485
0.313708 -0.756142 0.258699 0.456629 -0.039884 -0.662159
0.024587 0.413994 -0.176072 0.709807 0.449906 0.020780
-0.352063 -0.428588 0.340081 -0.754294 -0.774066 -0.172897
-0.747398 0.630590 -0.205024 0.072737 -0.164097 0.106171
0.080863 -0.323186 0.085344 0.170568 -0.547164 0.683204
-0.661348 -0.270539 -0.501342 0.010600 -0.326951 -0.267069
-1.109158 0.391947 0.153284 0.346408 -0.552082 0.146892
-0.587324 -0.343982 -0.264538 -0.286673 -0.711497 -0.144468
0.278519 0.687695 0.817963 -0.461237 -0.598572 0.151671
-0.433885 0.243731 0.443241 0.505480 0.146165 -0.330053
-0.740764 0.078484 -0.527668 0.407807 0.242279 -0.280292
-0.757374 0.351102 -0.205954 0.299083 -0.524742 0.047736
-0.268247 0.231005 0.552014 0.053218 0.692327 0.458181
-0.313959 0.009281 -0.572278 0.718371 -0.522247 -0.069313
0.054656 1.832476 -0.095147 0.622726 0.084969 0.670020
0.041273 0.686037 -0.800438 1.139925 0.194370 0.034295
-0.670322 -0.120190 -0.195115 0.502445 0.470093 0.116141
-0.434404 -0.215458 -0.074753 0.381781 -0.135271 0.554523
-0.108065 0.143072 -0.149220 0.644538 -0.329132 -0.130143
-0.692734 0.235978 -0.415960 -0.114161 0.323224 0.315478
-0.257886 -0.727259 0.279893 0.186023 -0.422214 0.504207
-0.667054 -0.412835 -0.176624 -0.590801 0.054354 0.176070
-0.248678 0.556311 -0.075155 0.463698 -0.000497 -0.128769
-0.866867 0.425577 0.133865 0.643027 -0.268862 0.426444
0.023055 -0.156557 0.338922 0.033855 0.326327 -0.301323
-0.463963 -0.010301 -0.207748 0.235542 0.171220 -0.331496
-0.580761 0.510676 -0.184557 0.706309 0.063094 0.503873
0.047153 0.509066 -0.148470 0.290668 -0.307114 -0.018418
0.213298 0.099793 0.068508 0.546800 -0.390738 -0.222094
-0.823438 1.161627 0.180608 0.055684 -0.493456 -0.745387
-1.073330 0.679907 -0.267708 0.741447 -0.544785 -0.437234
-0.681195 0.466571 -0.111772 0.587941 -0.353959 -0.419065
-0.503840 0.482509 -0.141822 0.705960 -0.410508 -0.383127
-0.439726 -0.498808 -0.213872 0.279398 0.400780 -0.199479
-0.676085 -1.265305 -0.379487 1.087341 -0.345143 -0.255428
-0.184049 -0.660531 0.626007 0.728015 -0.136375 -0.341233
-0.463184 0.308568 0.356071 0.875385 0.373846 -0.194365
0.002671 0.692413 0.156990 0.527672 0.181640 0.437506
-0.183039 0.714180 0.235516 0.823544 -0.309035 0.666983
-0.002935 0.712160 0.533718 0.549018 0.169492 0.482769
-0.096039 0.642506 0.722235 0.617146 0.346584 0.202729
0.000032 0.663191 0.516973 0.504799 0.289483 0.293752
-0.133248 0.621508 0.442086 0.677894 0.034424 0.484179
-0.521764 0.790812 -0.072374 0.751585 -0.273611 0.119052
-0.029759 0.630198 0.843131 0.737492 0.371588 0.300355
0.289067 0.875701 0.616405 0.606354 0.072690 0.446995
0.169575 0.928085 0.414722 0.346490 0.088409 0.570138
0.055405 0.810701 0.494843 0.568112 -0.066514 0.619056
-0.170620 0.790382 0.585184 0.467443 0.177972 0.294640
-0.244359 0.551479 0.125095 0.715638 0.028553 0.419814
-0.123006 0.750063 0.786233 0.418564 0.166608 0.301505
0.067694 0.862302 0.361761 0.605052 0.109828 0.654222
0.231638 0.815029 0.409605 0.472393 -0.073034 0.656111
-0.059036 0.714383 0.360718 0.532651 0.073431 0.403924
-0.009300 0.689691 0.557178 0.401138 -0.012047 0.520489
0.260179 0.887420 0.324583 0.301275 0.448029 0.389857
0.268852 0.816980 0.626712 0.223976 0.562180 0.307048
-0.145400 0.780431 0.826276 0.541226 -0.247163 0.467806
-0.193975 -0.010417 0.109064 0.376657 0.359440 0.152473
0.008258 1.050171 0.298434 0.049203 -0.109492 0.847220
0.926298 0.414938 0.737736 -0.236958 -0.124721 -0.119693
0.175675 1.093020 0.371429 0.063539 0.076897 0.736538
0.209244 -0.049893 0.597006 -0.379428 -0.398895 0.277276
0.169278 0.412020 0.101704 0.600168 0.175971 0.454232
0.259037 0.599800 0.467655 0.520257 -0.115234 0.452890
0.241555 0.793069 0.707230 0.354804 0.125900 0.645072
0.085113 0.676490 0.116341 0.619702 0.247906 0.329364
