-0.413182 -0.497204 0.066049 0.003923 -1.097923 -0.446351
-0.051937 0.336576 0.049105 0.812299 -0.536565 0.736995
-0.644146 0.019073 0.603590 0.121680 0.025736 -0.378286
-0.807584 0.694958 0.100518 0.012121 -0.382219 0.140406
-0.439779 -0.896738 0.020825 0.372479 0.340519 0.093955
-0.802378 0.126737 0.092515 0.884375 0.124651 -0.352897
-0.405816 -0.192210 0.040179 0.127148 0.189534 -0.380341
-0.476580 0.163623 -0.292128 -0.261914 0.475778 0.593728
-0.520981 -0.001544 -0.178708 -0.047885 0.072850 0.137557
-0.071010 0.803877 -0.646330 0.244185 -0.077901 -0.336895
-0.590525 -0.231801 -1.468742 0.384672 -0.212936 0.101914
0.697825 -1.425686 0.426394 0.094062 -0.284137 -0.423148
-0.041880 -0.303759 0.640277 0.240341 -0.904087 0.098165
-0.157615 -0.002103 0.579149 -0.361629 -0.031623 1.077412
-0.406918 0.905201 -0.277763 0.245568 -0.516100 -0.025436
-1.134632 0.172663 0.049852 0.066017 0.259813 0.348515
-0.104866 0.743598 0.351544 0.397205 0.032572 0.450818
-0.429545 0.495371 0.448011 -0.087377 0.103387 -0.110841
0.089437 -0.055523 0.654166 -0.382877 0.025107 0.410446
-0.712747 0.097711 -0.230069 0.011560 0.583350 0.682006
-0.414389 0.054365 -1.080915 0.341633 -0.431947 -0.248591
-0.287098 0.346076 -0.446297 0.379002 -0.867725 -0.127643
-0.746137 0.502327 0.048069 -0.079453 -0.016925 -0.291359
-0.527667 -0.640176 -0.294485 -0.382327 0.071380 0.413825
-0.706185 0.071824 0.261429 0.078591 0.186807 0.388864
-0.065651 0.667303 0.540266 0.525094 0.056652 0.696163
-0.657783 0.027342 0.006973 0.759139 -0.537280 -0.619607
-0.188454 -0.875425 0.187670 0.548037 0.039700 0.167548
0.026766 -0.740137 0.061655 0.190342 0.171051 -0.075273
-0.515101 0.300759 0.543097 0.464066 -0.288311 -0.213264
-0.279396 -0.123541 0.305998 1.156211 -0.579520 0.132492
0.003552 0.421277 -0.759058 0.806711 0.541442 -0.330047
-0.611436 0.435856 -0.056271 0.552095 0.021291 0.118867
-0.785368 0.393636 -0.078171 0.296888 -0.198052 -0.131018
-0.261065 0.189123 0.631169 0.144942 0.128639 0.476415
-1.099934 0.506958 -0.914087 0.240909 -0.737974 -0.031260
-0.253803 -0.105315 0.121297 0.657919 -0.144854 -0.081148
-0.799601 0.882999 -0.188199 0.683564 -0.421401 -0.003103
-0.378091 0.550039 0.944539 0.114604 0.085939 0.181255
-0.207455 0.371254 -0.010069 0.297997 -0.110139 0.587578
-1.183426 -0.145271 -0.035751 0.328444 0.355026 -0.029692
-0.817949 0.417838 -0.161700 0.186732 -0.704208 -0.003449
-0.436429 0.125849 -0.360609 -0.111291 -0.148763 0.305048
-0.512410 0.498106 0.365924 0.125849 0.484851 0.381130
-1.250077 0.982997 -0.099947 -0.324393 -0.019711 -0.360121
-0.574351 0.401913 0.156937 0.025252 0.460086 -0.295049
-0.593354 0.367783 -0.066773 0.116603 -0.158982 0.242017
-1.099423 1.399658 -0.125831 0.090213 0.070711 0.022292
-0.476550 0.356672 -0.685431 0.283896 -0.196215 0.345255
-0.637825 0.831708 -0.200923 -0.300872 0.278041 0.223779
0.137959 -0.065529 0.433776 0.450714 -0.454906 -0.307185
-0.576531 0.740705 -0.093404 -0.130680 -0.139209 0.112572
-0.487052 0.537354 0.356034 0.791996 -0.685317 0.563782
-0.771283 0.197135 0.170066 -0.166540 0.161727 0.506446
-0.625746 -0.029745 0.439015 0.490369 -0.088750 0.538843
-0.374775 0.130918 -0.765299 0.792413 0.155657 -0.302984
-0.097475 0.505763 0.161573 0.292912 0.259481 0.120253
-0.501586 0.524146 -0.249159 -0.122352 -0.052516 0.435822
-0.403683 -0.397390 0.136219 0.023793 -0.174323 0.809935
-0.392600 0.271215 0.544856 0.533354 -0.506771 -0.383611
-0.028511 -0.222852 0.481922 0.298055 0.481590 -0.175355
-0.586937 0.888921 -0.342658 0.255556 -0.018754 0.536132
0.408391 -0.337146 0.773510 -0.334158 1.131972 0.626434
-0.555540 0.186402 -0.421828 1.008051 -0.048002 0.010482
-0.723660 0.242451 -0.408072 0.096563 0.401788 -0.002233
-0.585855 0.623284 0.122333 0.113567 -0.712128 0.606495
0.374357 0.080005 0.791418 0.153934 -0.491207 0.257566
-0.910562 0.534841 0.152865 0.062359 -0.112814 0.704523
-0.725243 1.282506 -0.094271 -0.055638 -0.161306 0.415026
-0.269107 -0.536269 0.370084 0.285716 0.011856 0.165600
0.103373 0.299896 0.454056 0.059226 -0.719430 -0.082985
-0.428852 -0.014204 0.068637 0.257164 -0.177537 0.398747
-0.352791 -0.249224 0.644207 0.255814 -0.109445 0.309625
0.232267 -0.601221 0.425924 0.091267 0.154131 -0.566406
0.193305 0.401288 -0.088301 -0.194119 -0.830705 -0.091113
0.106717 0.964820 0.212805 0.066203 -0.833673 0.506835
-0.365803 0.189202 0.145306 0.360121 0.372458 -0.459379
-0.967770 0.331210 -0.301752 0.670241 -0.372532 0.068398
-0.885110 -0.143835 -0.188025 0.551197 0.111542 -0.209581
-0.111746 0.443504 0.193692 0.250657 -0.409368 0.365907
-0.620993 0.629256 -0.400370 0.419700 -0.618822 -0.202021
-0.869700 0.251537 -0.256272 0.705876 -0.223080 -0.036801
0.031660 0.188275 -0.839209 0.628693 -0.249201 -0.508811
-1.113039 0.744594 0.079471 0.306434 -0.660559 -0.162945
-0.305020 0.123980 0.602981 0.222376 -0.680174 -0.316997
-0.768145 0.153075 -0.015119 0.394373 0.419662 -0.399609
0.095603 0.667709 -0.177306 0.767376 -0.208466 0.242667
0.098286 0.289047 -0.032963 -0.458776 0.035719 -0.109522
-0.414276 -0.137380 -0.052093 -0.270091 -0.509953 0.477929
-0.174162 -0.335781 -0.843358 1.172700 0.206674 -0.281764
-0.677650 -0.367190 -0.288593 1.041493 -0.114171 -0.275337
-0.192451 -0.029176 0.111549 0.225490 -0.388047 -0.859313
-0.553603 0.126801 -0.072384 0.245645 -0.298127 0.347945
-0.930221 0.455688 -0.855175 0.739670 0.541536 0.215274
-0.107846 -0.656054 -0.547668 0.774844 -0.171447 -0.844659
-0.706566 0.139505 0.601880 -0.300953 0.070132 -0.046466
-0.325260 0.734876 -0.089662 0.129408 -0.209712 -0.097896
-0.497661 0.775370 -0.100685 -0.101080 0.501302 0.372809
-0.287182 0.410801 0.414145 0.331564 -0.037641 -0.094607
-0.216905 0.136732 0.029570 0.621472 -0.154618 -0.023811
-0.797343 1.069816 -0.357895 0.443158 -0.258541 0.332355
-0.283824 -0.457264 -0.319744 0.806467 -0.120482 -0.367575
-0.187443 0.144014 -0.264198 0.835203 -0.188794 -0.082544
-0.567674 -0.534010 -0.614590 1.170573 0.055653 -0.395069
0.249908 0.141761 0.528979 0.102155 -0.045464 -0.313400
-0.625556 0.243189 -0.172822 0.642061 -0.329224 -0.062539
-0.150251 -0.461728 -0.156977 0.948942 0.070442 -0.574096
-0.132303 1.094967 0.556568 0.533193 0.328064 0.823871
0.320764 0.521923 0.987304 1.068511 -0.005009 0.039266
0.036412 0.743745 0.466363 0.764460 -0.367918 0.662882
-0.180832 0.880674 0.512017 0.732909 0.693653 1.050177
0.025701 0.601535 0.382475 0.576837 -0.007284 0.647011
-0.059135 0.844128 0.533093 0.514398 -0.073327 0.601982
-0.090050 0.312304 0.747669 1.217563 -0.051833 -0.108997
-0.089910 0.716195 0.431144 0.598656 -0.137797 0.722957
-0.137839 0.689106 0.410246 0.652169 -0.000723 0.399323
0.098551 0.901121 0.735842 0.439905 0.085977 0.599352
-0.060905 0.876482 0.332633 0.358857 -0.008826 0.178554
-0.063880 0.599296 0.218412 0.501713 0.292693 0.255997
-0.220688 0.538590 0.394674 0.695214 -0.142545 0.265260
-0.569995 0.610044 0.320342 0.483363 0.069108 0.146728
-0.266172 0.717304 0.437592 0.545837 0.268055 0.179877
0.223243 0.353746 -0.241119 0.728834 0.128092 0.582889
-0.054481 0.836869 0.405825 0.475985 0.151061 0.187312
-0.031432 0.822635 -0.092456 0.386906 -0.151151 0.845800
0.153581 0.552173 0.362018 0.189103 0.726205 -0.259396
-0.143977 1.094962 0.235617 0.409425 0.076177 0.475111
-0.037854 0.724007 0.729100 0.416784 0.228276 0.227225
0.176184 0.903041 0.759722 0.422675 0.087883 0.664990
-0.259752 0.741536 0.369488 0.371725 -0.384169 0.600960
-0.221815 0.378406 0.472290 0.348582 -0.019726 -0.101128
0.304293 0.845138 0.439761 0.511841 -0.117830 0.762097
0.019061 0.794679 0.660191 0.286867 0.457434 0.192526
-0.011205 0.741727 0.115951 0.509923 0.211418 0.263959
0.296932 0.934260 0.764556 0.298430 0.243589 0.364852
-0.130387 0.420241 -0.094777 0.807571 0.265214 0.203334
-0.257242 0.618043 -0.018771 0.198166 -0.373966 0.292884
0.306433 0.538196 0.313614 0.277116 -0.229411 0.107265
0.001555 0.739874 0.299832 0.513304 0.345749 0.369497
0.392701 1.044306 0.601283 0.460071 0.151322 0.492855
0.040297 0.843657 0.547130 0.466842 0.286375 0.359374
0.038076 0.682762 0.235530 0.618344 -0.022284 0.629229
0.179471 0.784551 0.256028 0.230760 -0.096843 0.736818
