-0.024464 -0.757125 0.124047 0.855172 -0.750501 0.156454
-0.455756 0.390835 0.535214 0.079410 -0.011847 -0.024116
-0.371602 0.659913 0.697690 0.578471 0.058174 0.945183
0.193318 -0.497961 0.609764 0.307212 -0.281392 0.822813
-0.059249 0.427828 0.596175 0.454738 0.316122 -0.165630
-0.570144 0.596161 0.088399 0.252169 -0.700772 0.627955
-0.466773 0.569365 0.111015 0.535916 0.219524 0.707897
0.107379 -0.242755 0.323775 0.532563 0.233588 0.326061
-0.733418 1.005358 0.307095 0.756174 0.053591 0.472267
-0.173790 0.564487 0.292415 0.950800 0.055897 0.319527
-0.661921 0.109630 0.346095 1.168158 -0.273528 0.082622
-0.021525 0.733840 0.456035 0.158471 0.090768 0.313043
-0.561885 0.797977 0.860659 -0.795704 -0.523222 0.057295
-0.441696 -0.388533 -0.103544 0.456491 0.041890 0.537987
-0.122040 -0.326619 -0.067739 0.603632 -0.054951 -0.489454
-0.377395 0.039522 0.186216 0.423470 -0.014669 -0.270812
0.476503 -0.426892 -0.134933 1.196452 0.062680 -0.074164
-0.512063 -0.421338 -0.226270 0.922759 -0.160413 -0.512764
-0.429264 -0.261553 -0.019340 0.717468 -0.551328 -0.330238
-0.293989 0.782201 0.840104 0.838442 0.508006 0.121838
-0.200750 0.283651 0.489812 0.609565 -0.058137 -0.603210
-0.293666 0.078024 0.403968 -0.035770 -0.523421 -0.539207
-0.262577 0.384103 0.114277 0.867897 -0.346831 -0.596500
-0.209614 0.204539 -0.006274 0.889501 0.503410 -0.083877
0.253415 -0.221049 0.737552 0.108666 0.071030 -0.428017
-0.202584 0.952024 0.200675 0.027148 0.341108 -0.031844
-0.554406 -0.215144 0.085420 0.511478 -0.643497 -0.758234
-0.223411 -0.344872 0.169095 0.573489 0.309616 0.718608
-0.327141 0.624888 0.099153 0.527351 0.298797 -0.146416
-0.212049 -0.809678 0.074738 0.262020 -0.378337 -0.086133
-0.969403 -0.359535 -0.560635 0.325801 -0.239632 -0.230218
0.080449 0.449588 -0.014040 0.180673 -0.436175 0.190175
-0.204470 0.860920 0.012065 0.211487 0.155786 -0.220432
-0.842420 1.200156 0.338250 -0.351147 0.019382 0.040881
-0.019042 0.732904 -0.279717 0.411896 0.049764 -0.178806
-0.257962 0.004789 -0.158021 0.390442 -0.356004 -0.055605
-0.580260 0.358068 -0.048341 -0.224822 -0.486002 -0.332898
-0.463499 -0.510075 -0.953874 1.046794 0.057301 -0.591657
-0.426983 0.387030 0.174449 -0.087901 0.001764 0.752183
-0.439188 -0.679801 -0.571691 0.794879 -0.365151 -0.653753
-0.371860 0.541721 0.508081 -0.034557 -0.056831 0.169938
-0.409348 0.548173 -0.268227 0.600554 0.047268 -0.078326
0.211217 -1.054906 0.580540 -0.380884 -0.184804 0.417503
-0.249259 -0.566231 -0.152183 0.085687 -1.150495 -0.468265
-0.498470 0.667793 0.344084 0.402208 0.062937 0.946637
0.661778 1.193912 0.412497 0.287004 -0.013652 -0.010741
-0.354801 0.326382 0.412393 -0.698042 -0.296511 0.868919
-0.492853 -0.076571 -0.564704 0.029105 -0.550324 -0.529776
-0.840874 0.279498 0.267893 0.699524 0.312244 0.654122
-0.481740 0.325840 0.376310 0.523333 0.288952 -0.119200
-0.354174 -0.336577 0.027411 0.847048 -0.119016 -0.714086
-0.210676 -0.251522 0.063736 1.017621 0.218907 -0.556440
-0.444742 0.092464 0.310574 0.714004 -0.824582 -0.728041
0.187059 0.301358 0.067079 0.460370 0.041569 -0.233359
-0.060143 0.154148 0.342827 0.469849 -0.136074 0.101699
-0.193623 0.809832 0.339716 0.397162 -0.218857 0.145902
-0.020700 -0.145354 -0.608926 0.850576 -0.227964 -0.001931
0.248213 -0.063295 0.459037 0.074441 0.182163 0.060415
-0.247074 -0.528441 -0.202282 0.530268 0.720622 -0.078007
-0.348955 0.875725 -0.195713 0.160794 0.073123 0.413928
-0.792181 -0.203193 -0.267338 -0.315046 -0.038363 -0.499457
-0.292831 -0.062220 -0.710574 -0.047596 -0.357997 0.013342
-0.445474 -0.141719 0.426871 0.671426 -1.140029 0.011066
-1.419121 0.735929 -0.781006 0.199027 -0.342757 -0.637925
-1.178878 0.344600 -0.858865 0.527483 -0.957033 -0.817900
-0.772812 0.821356 -0.337518 -0.827528 -0.332108 -0.423253
-0.008122 -0.007915 0.134524 -0.151921 0.146865 0.887007
-0.945742 0.534817 -0.230617 -0.173357 -0.039758 -0.634004
-0.281934 -0.171846 0.262378 0.440741 0.974808 0.320356
-0.372212 -0.652781 0.156643 0.480122 -0.783027 -0.883296
-0.286622 0.512152 -0.113055 0.658838 -0.220277 0.065940
-0.153629 0.514334 -0.587401 0.529012 -0.890810 -0.557262
0.033383 -0.522262 -0.136457 1.088559 -0.214127 -0.082807
-0.193921 0.316589 0.015792 0.568912 -0.036614 -0.331124
-0.360369 1.174500 -0.432612 0.239885 -0.224976 0.301127
-0.568580 0.617438 -0.790060 0.227965 0.097041 0.405446
-0.823641 0.313359 -0.122724 -0.051934 0.128398 0.632413
-0.497658 0.811570 -0.508234 0.209873 -0.093957 0.131098
-0.566621 -0.387186 -0.508539 1.029513 -0.074328 0.541001
0.076412 0.141623 -0.128953 0.791981 0.075817 -0.243783
-0.780100 0.430803 -0.478133 0.158811 0.122991 -0.423238
-0.080513 -0.484645 0.397119 0.227300 -0.693972 -0.350817
-0.256380 0.068389 0.345195 0.376455 -0.184567 -0.242823
-0.434150 -0.714043 0.117224 0.949904 -0.456185 -0.793353
-0.609849 0.312575 0.509458 0.362965 -0.090778 -0.199751
-0.633882 0.875307 0.480668 0.463374 0.230616 -0.420746
-0.669888 0.365607 -0.095074 -0.306734 -0.148040 0.743430
0.627831 0.869493 0.819995 -0.149004 0.379669 0.383589
-0.157957 0.185288 0.697629 0.690955 -0.445076 0.289541
-0.523166 0.154863 0.595450 0.861481 0.397593 0.584784
-0.600300 0.815400 -0.045716 -0.216527 0.284592 0.921869
-0.181690 0.731892 -0.124639 0.472838 0.470964 0.052130
0.174793 0.686456 0.169272 0.423263 0.369009 0.217381
-0.150046 0.401998 -0.019221 0.847680 0.306541 0.292960
0.197721 0.999555 0.813213 0.104563 0.090490 0.493184
0.021221 0.900809 0.613160 0.381183 0.190288 0.299106
0.085085 0.689965 0.167692 0.506930 0.177088 0.476694
0.071542 0.759467 0.304167 0.560831 0.166821 0.452839
0.234900 0.796609 -0.007281 0.413965 0.134678 0.624486
0.058908 0.658568 0.513356 0.312912 0.020265 0.733457
0.380562 0.465655 0.815050 -0.150656 -0.500283 0.394242
-0.050725 0.744155 -0.078935 0.375019 0.400922 0.378910
0.074393 0.723538 0.408496 0.626572 0.079525 0.624499
0.101665 0.922734 0.571669 0.445514 0.239598 0.454726
0.038086 0.779217 0.421971 0.521710 0.175949 0.506592
0.043513 0.883113 0.798468 0.251904 0.129572 0.406129
-0.125479 0.382361 0.012987 0.415286 0.650207 0.037259
0.002617 0.813004 0.482216 0.570084 0.208540 0.365037
0.283328 0.842726 0.531042 0.408503 0.071547 0.630632
-0.308686 0.213631 0.012062 0.819741 -0.322218 -0.148580
0.084196 0.814898 0.540915 0.488092 0.149669 0.497700
0.125383 0.836198 0.508011 0.471377 0.185301 0.487285
