-1.229512 1.094204 -0.541614 -0.319578 -0.325191 -0.281487
-0.128956 0.342543 0.519595 -0.135433 0.069611 0.316058
-0.116742 0.822037 0.210514 0.688470 -0.822961 -0.414412
-0.204468 -0.218954 0.560205 0.099772 -0.026046 0.315346
-0.522800 0.244978 0.845473 0.447767 -0.682309 0.467921
-0.806514 -0.022566 -0.170913 1.140510 -0.066265 -0.303783
-0.334853 0.781679 0.280177 0.562621 0.033989 0.415896
-0.596388 0.882826 0.276895 0.848245 0.208327 -0.057331
-1.140159 0.799287 -0.326385 0.090781 -0.031666 -0.465375
-0.177494 0.326018 0.298801 0.447477 0.439726 0.211925
-0.356365 0.122281 0.236341 0.680019 -0.191734 -0.213712
-0.353101 -0.220076 0.002519 0.256581 -0.145045 -0.136408
-0.653294 -0.913507 0.301323 -0.064714 0.979748 -0.340747
-0.374030 0.325289 -0.084860 0.386500 -0.351138 0.403066
-0.643463 -0.393710 0.343152 0.485253 -0.234907 -0.654082
-0.419133 0.719380 0.684367 0.687608 0.044288 0.892307
-0.727405 -0.570817 0.093551 0.583120 -1.055058 -0.398287
-0.633866 0.442050 0.432973 0.634598 0.198891 0.229582
-0.600323 -0.069979 0.095794 0.534369 0.611627 -0.321350
-0.646274 0.414696 -0.610492 0.290608 -0.080079 0.262566
-0.764044 -0.288902 -0.129755 0.427690 -0.676833 0.134370
-0.708730 0.441183 0.498135 0.239892 -0.225413 0.455322
-0.363357 0.470462 0.503684 0.513242 -0.189849 0.347552
-0.096328 0.008880 0.096132 0.356244 -0.769802 0.223455
-0.675699 -0.000353 -0.345585 0.426064 -0.621856 -0.078433
0.077048 0.404861 0.035877 0.863788 -0.272277 -0.354982
-0.426180 -0.294416 0.279853 0.526042 -0.073344 0.236568
-0.831322 0.901949 0.340746 -0.098974 0.255662 -0.123274
-0.689520 0.535659 -0.068566 0.084027 0.243063 0.235350
-1.072050 0.476412 -0.427526 0.453345 0.317063 -0.035505
-0.812464 0.262914 0.166276 0.651368 -0.141125 -0.267933
-0.583281 0.086295 -0.229383 -0.021347 0.187215 0.065371
-0.729877 0.516342 -0.216364 0.222129 0.379597 0.344273
-0.857324 0.221605 -0.085466 0.458907 -0.280023 0.008957
-0.353391 0.539187 -0.281479 -0.017188 0.292458 0.584595
-0.591931 0.349214 0.325256 0.639862 -0.130003 -0.044871
-0.155536 -0.402034 0.839142 0.174727 -0.126864 -0.108195
-0.071003 0.475715 0.396944 0.800475 0.628907 0.696301
-0.680698 -0.611673 -0.165504 0.812829 -0.085314 -0.883132
-0.463910 0.523600 -0.199689 0.059191 -0.180242 -0.703424
-0.293756 -0.329586 -0.612640 0.950803 -0.179605 -0.266775
-0.543238 0.545296 0.345252 0.212715 0.174069 0.682367
-0.001120 0.617069 -0.447752 0.555166 -0.223471 0.434472
-0.256827 0.516611 0.510206 1.117129 -0.077095 -1.017882
-0.925071 0.497166 -0.045100 0.866727 -0.306571 0.036499
0.196324 0.718162 0.431106 0.889699 -0.788441 0.090655
-0.044500 -0.630395 -0.145689 0.812883 -0.070487 -0.767777
-0.552781 0.530474 0.040856 0.203481 0.110178 0.087196
-1.182011 -0.150201 -1.025422 0.070958 -0.065113 -0.561483
-0.036069 -1.084952 0.559142 0.438052 -0.564592 -0.474367
-0.728115 0.233901 0.325577 0.210185 0.220437 -0.118263
-0.743187 -0.560282 -0.284544 0.722718 -0.777066 -0.676191
0.503908 0.284309 0.803439 -0.216553 -0.751084 0.423165
-0.344979 0.039846 0.259264 0.530166 -0.468416 0.492968
0.073512 0.967503 -0.590384 0.622443 0.439364 0.428436
-0.797906 0.574888 -0.381014 0.175976 -0.118053 -0.057030
0.344193 -0.220401 1.069630 0.280395 -0.470787 -0.056961
-0.434467 -0.076688 0.603343 0.428284 0.515488 0.171037
-0.474948 0.583251 0.287647 0.002399 -0.086424 0.187899
-0.473102 -0.260296 -0.005870 0.763187 -0.042039 0.382792
-0.391753 -0.050256 0.357970 -0.604704 -0.274016 -0.148517
-0.782276 -0.392633 -0.089344 0.719562 -0.290625 -0.355509
-0.984143 0.690340 -0.516686 1.085919 -0.062187 0.118097
-0.000233 0.474946 0.166601 1.376939 -0.525343 -0.717844
-0.288410 -0.802723 0.029019 0.295462 -0.033632 -0.337304
0.013569 -0.049859 -0.267703 0.218907 -0.105932 0.171836
-1.511544 0.303883 -0.692504 0.288086 -0.297272 -0.133428
-0.609978 -0.143792 -0.029435 0.550790 -0.777271 -0.504541
-0.206074 0.144702 0.098311 0.744025 0.141805 0.389652
-0.885990 0.322612 -0.066475 0.319027 -0.668675 0.422132
-0.922596 0.381243 -0.203256 0.487001 -0.434738 0.518593
-0.492106 0.406382 -0.068232 0.614466 -0.233181 -0.003209
-0.478384 0.481534 0.452020 0.033719 0.276094 0.341990
-0.300183 0.422348 0.380177 0.168748 -0.021622 -0.243135
-0.448530 0.908524 -0.229469 0.067911 -0.363697 0.823604
0.148047 0.330122 0.144005 0.294123 -0.482337 -0.605021
-0.316091 0.196396 0.811084 0.632305 -0.431996 0.113628
-0.351488 -0.423648 0.226084 0.800009 -0.417098 -0.367133
0.058346 0.112162 -0.444448 0.296595 0.096796 -0.415894
-0.692440 0.137439 -0.361099 0.816414 -0.289565 -0.314643
-0.570468 0.298000 -0.496345 0.793005 0.230052 -0.297276
-0.395654 -0.185507 -0.222742 1.239499 -0.044469 -0.392383
-0.175125 -0.050348 -0.140521 0.567164 0.016380 -0.615992
-0.025363 0.481730 -0.537780 0.873471 -0.080287 -0.486340
-0.203923 -0.212989 0.538169 0.988613 -0.354271 -0.202307
-0.425708 -0.180162 0.163541 0.617539 0.108590 0.060077
0.539402 -0.261893 -0.546459 0.828344 0.074082 -0.141128
0.363001 0.668843 -0.265805 0.765796 0.140971 0.294469
-0.578493 -0.192759 0.128888 0.909303 0.517809 -0.119538
-0.261149 -0.263257 -0.164825 1.048592 0.082950 0.072807
-0.351035 -0.425085 0.169422 0.953264 0.298107 -0.550087
-0.504933 -0.057509 -0.141824 0.088448 -0.055915 -0.011683
0.034984 -0.327131 0.406144 0.696681 0.815106 -0.084946
-0.477276 -0.419247 0.280025 0.145228 0.649333 -0.222544
-0.780532 0.380029 -0.140232 0.267600 -0.144016 -0.266739
-0.435128 -0.296219 -0.227203 1.532804 -0.131539 -0.351125
-0.271199 -0.114569 0.055726 0.734940 0.590961 0.806225
-0.463406 0.508075 -0.471144 0.232748 0.811118 0.388154
-0.041044 -0.276383 0.925838 0.164111 0.302985 0.152351
-0.135214 -0.390878 0.758141 0.074069 -0.087409 -0.031735
-0.556181 0.241095 0.661120 0.678581 -0.338664 -0.349049
-0.654381 0.348510 0.597183 0.779393 -0.114275 -0.381320
-0.217067 0.099700 0.624879 0.734049 0.385798 -0.018467
-0.844203 0.544436 0.126460 0.135377 -0.270004 -0.123300
-0.625093 0.189950 -0.375353 0.342282 0.406039 -0.171219
-0.378265 0.805195 0.042915 0.780093 -0.098686 0.107466
-0.638878 0.161429 0.163277 0.205539 0.081653 0.029767
-0.812710 0.240662 0.300146 0.100416 0.293055 -0.576807
-0.593253 0.946084 0.179438 0.025243 0.203334 -0.389185
-0.345222 1.306581 -0.956467 0.639878 0.092791 0.283605
0.194208 0.299675 -0.089517 0.826421 -0.557302 0.543840
-0.104225 0.478822 0.401633 0.773053 -0.090819 0.217209
0.017725 0.189271 0.133699 0.381764 -0.229591 0.775007
-0.245922 0.438989 -0.232622 -0.052459 -0.242859 -0.133209
-0.738114 0.301361 0.824315 0.773191 -0.611321 -0.006316
-1.006599 0.354190 0.082502 0.113179 0.123264 0.258478
-0.362829 -0.138342 -0.202886 0.745372 -0.272202 0.493282
-0.862978 0.620301 0.064733 0.502961 0.031629 0.017617
-1.151019 0.268803 0.769504 0.531535 -0.321200 0.331841
0.131747 0.809639 -0.076362 0.770240 -0.225251 0.587926
-0.516179 0.126821 -0.475882 0.948356 0.108477 0.042544
-0.018673 0.822374 -0.014927 0.313564 0.373514 0.492647
-0.384954 -0.384710 0.195344 0.646942 -0.602398 0.657677
-0.478785 0.167950 -0.184589 0.251041 -0.032720 -0.005966
-0.565164 -0.054730 -0.320612 0.759450 -0.172124 -0.637879
-0.145082 -0.579338 -0.719988 1.006974 0.053757 -0.486732
-0.312281 0.794153 0.528888 0.127213 0.548470 -0.197905
-0.478627 0.104260 0.434570 0.428511 -0.464652 0.508810
-0.220328 0.332433 0.567301 0.386430 -0.183062 0.074290
-0.345108 -0.217227 0.328007 0.339508 0.116022 -0.053068
-0.158691 -0.532164 0.183910 0.461015 -0.171014 -0.550366
-0.065146 -0.311083 -0.408358 0.014936 -0.221346 -0.320689
0.042741 0.585561 0.491403 0.498945 -0.128029 -0.123064
-0.223877 -0.051406 0.606975 0.402567 -0.496640 -0.130316
-0.137201 0.268729 0.704241 0.763259 -0.501548 0.146129
0.682807 -0.232713 0.262649 -0.076836 -0.979686 -0.324776
-0.015880 0.084418 -0.417288 0.120305 -0.166287 -0.426719
0.080722 0.626905 -0.260067 0.730726 0.429685 0.502428
-0.060983 0.030997 -0.635835 1.057866 0.213371 -0.299175
0.314860 0.066512 0.502694 0.265626 -0.171649 -0.420251
0.339207 0.167623 0.852921 -0.086879 -0.574889 -0.352585
-0.797675 0.179930 0.003698 0.890586 0.133487 0.228255
-0.135549 0.257896 0.302936 0.723493 0.116766 -0.487237
-0.148609 0.066252 0.103530 0.298886 -0.052740 -0.316532
-0.474275 -0.139258 -0.004998 -0.256061 0.324239 0.219062
-0.302289 -0.522124 0.101808 0.356782 0.352578 0.313844
-0.034400 0.740728 0.456025 0.448856 0.300753 0.293950
0.104064 0.694131 0.472422 0.522712 0.244482 0.455964
0.030247 0.334069 0.374220 0.972042 -0.139334 0.481188
0.045522 0.700200 0.094482 0.632211 0.052023 0.518182
0.071428 0.526024 0.214197 0.355598 -0.139065 0.290581
0.167555 0.276075 0.144575 0.891025 0.200790 0.426603
-0.369862 0.396727 0.128266 0.450589 0.295651 0.190415
0.024042 0.778439 0.522064 0.534428 0.133884 0.465538
0.100690 0.825553 0.552113 0.444592 0.197527 0.441807
-0.244688 0.174348 -0.115331 0.828886 0.314362 -0.119539
0.069715 0.541244 0.198412 0.350261 -0.002556 -0.178550
-0.054391 0.791744 0.688767 0.365834 -0.063365 0.183611
-0.001276 0.360451 0.399487 0.684864 0.607304 0.432511
-0.213197 0.386399 0.011329 0.198876 0.570581 -0.115231
-0.289000 0.761633 0.692486 0.410097 0.154818 0.205288
-0.187463 0.745133 0.675129 0.384473 0.211688 0.160876
-0.023952 0.802334 0.898246 0.301045 0.256542 0.328975
-0.087616 0.580775 0.373297 0.673199 -0.027570 0.540860
0.279983 0.838492 0.464214 0.499636 0.223775 0.563154
-0.147660 0.664334 0.411012 0.509393 0.271186 0.018628
-0.059851 0.701630 0.366342 0.585213 0.226420 0.384388
0.064988 0.738963 0.434623 0.568275 0.123636 0.563760
-0.005527 0.766704 0.326188 0.495339 0.240009 0.365823
0.212059 0.742604 0.160987 0.003506 -0.309904 -0.365066
0.139178 0.565355 -0.079075 0.669540 -0.071528 0.525051
