-0.068363 -0.802304 0.180763 -0.614120 0.458889 -0.254303 -0.539043 -0.881444
0.086444 -1.041299 -0.034354 -0.661226 0.677332 0.052166 -0.027151 0.111751
0.035119 -0.915124 -0.123426 -0.316888 -0.098151 -0.607751 -0.539805 -0.393668
0.217042 0.019359 -0.211795 -0.922403 0.177011 -0.017570 -0.054574 -0.362704
-0.006957 -0.740392 0.270692 -0.527744 0.728792 0.509076 -0.652293 -0.175078
-0.703174 -1.011590 0.324774 -0.142216 -0.222843 -0.902095 -0.444958 -0.382520
0.619456 -0.566744 0.024348 -0.683370 0.659178 -0.291772 -0.543164 -0.685372
-0.060464 -0.535584 0.754656 -0.492296 -0.119618 -0.282095 -0.477803 -0.515902
0.209214 -1.074878 -0.364159 -0.547104 0.861795 -0.211989 0.274689 -0.181550
-0.393244 -0.162553 -0.045610 -0.309333 -0.159463 -0.526211 -0.137465 -0.773634
-0.545794 -0.160817 1.399646 -0.199548 0.593894 -0.153254 -0.090072 0.497369
0.433563 -0.383318 -0.165505 0.196500 1.094724 -0.430029 -0.273431 0.261423
-0.346272 -0.597531 0.442243 -1.070581 0.565653 -0.214065 -0.302464 -0.589550
-0.315006 -0.905997 0.618164 -0.619106 0.375423 -0.353406 -0.504124 -0.484768
-0.348551 -0.522249 0.537961 0.487659 0.110534 -0.184709 -0.779838 -0.545773
0.203080 0.202676 -0.203013 -0.604529 -0.484688 -0.871810 -0.082532 -0.592643
0.428574 -0.678863 -0.229648 -0.247205 1.165822 -0.799437 -0.421673 -0.856379
-0.229592 -0.288406 0.969729 -0.446938 0.331609 -0.377645 -0.753841 -0.539684
-0.759608 -0.963896 -0.349387 -0.457747 0.443283 -0.645010 -0.444988 -0.679620
0.215782 -0.843317 0.227979 -0.693868 -0.219620 -0.587977 -0.212457 -0.484049
0.425075 -0.408774 0.139734 -0.146961 1.149324 -0.543192 -0.760373 -0.368450
0.006588 -0.672564 0.482526 -0.131269 -0.112186 -0.248907 0.145523 0.187344
0.077932 -0.020425 0.388593 0.068526 0.197044 -0.344300 -0.109972 -0.795210
0.073735 -0.340135 -0.165375 -0.344996 0.646561 -0.759124 -0.570263 -0.126456
0.189502 -0.092353 0.155980 -0.278707 0.289385 -0.375210 -0.454661 -0.571294
0.111685 -0.214391 0.649255 -0.397018 0.105411 0.175642 -0.360012 -0.624018
0.379578 0.068739 0.254173 -0.230642 0.426866 -0.081601 -0.364327 -0.469810
-0.883200 0.093931 -0.328545 0.065446 -0.006782 -1.176145 -0.048225 -0.549194
0.226420 0.154256 -0.020972 0.545692 -0.030580 -0.403699 -0.024446 -0.290736
-0.291782 -0.404410 0.101026 -0.400042 0.201590 -0.298193 -0.001871 -0.422953
-0.150102 -0.385096 0.134871 -0.146941 0.149158 -0.775099 -0.000560 -0.658955
0.410796 -0.071915 0.458908 -0.475344 0.107046 -0.457515 -0.668964 -0.216182
-0.730185 -0.419348 -0.622224 -0.149891 0.037629 -0.723575 0.036540 -0.038443
-0.277280 -0.993379 -0.181192 -0.617467 -0.563315 -0.418224 -0.178513 -1.284973
-0.382795 -0.631616 0.586545 -0.166974 0.830287 -0.548343 -0.551235 -0.587560
-0.305046 -1.007429 -0.472720 -0.955865 1.005442 -1.126215 -0.212916 -0.471551
0.245261 0.396605 -0.515482 -0.356540 -0.488857 -0.866867 -0.285463 -0.455103
-0.238359 -0.643860 0.077997 -0.221083 0.404593 -0.768105 -0.452932 -1.288813
-0.491381 -0.025868 -0.132228 -0.209396 -0.350213 -0.311535 -0.283117 -1.000780
0.100372 -0.667251 0.498732 -0.392032 -0.979725 0.296200 0.276071 -0.316102
-0.077972 -0.309342 0.064033 -1.088484 0.391028 -0.390473 -0.298741 -0.639803
0.020943 -0.511921 0.289013 -0.502771 0.383601 -0.329533 -0.332376 -0.355080
0.392483 -0.645654 0.232544 -0.336892 0.348036 -0.491815 -1.122771 -0.259388
0.822235 -1.202402 0.359353 -0.695714 0.624848 -0.397336 -0.758767 -0.366576
-0.142386 -0.096113 -0.056301 -0.365806 -0.033276 -0.267321 -0.331072 -0.201041
-0.491358 -0.439628 -0.119942 0.530511 0.265340 -1.191001 0.121835 -0.138922
0.216789 -0.580689 0.249828 -0.237315 0.025135 -0.677025 -0.431987 -0.506740
-0.946083 -0.568848 0.627100 0.239281 0.346515 -0.661263 0.030516 0.010551
-0.144946 0.100905 -0.278053 0.433056 0.010428 -0.903996 -0.099459 0.368927
-0.838640 -0.202138 -0.089942 0.004563 0.008124 -0.972656 -0.326229 -0.091864
-0.677115 -0.625128 -0.038658 -0.461275 0.113759 -0.612461 0.235925 -0.438619
-0.396128 -0.946396 -0.303648 -0.332418 -0.092567 -0.604022 0.050238 -0.415816
-0.425442 -0.216578 -0.028225 -0.264388 -0.763104 -0.910109 -0.023579 -0.838668
-0.447592 -0.475391 -0.031704 -0.584725 0.708595 -0.598754 -0.286472 -0.365435
-0.453877 -0.870525 0.495631 -0.228776 -0.456319 -0.660545 -0.238906 -0.273507
-0.972355 0.393390 -0.204193 0.819390 -0.760951 -1.435846 -0.120606 0.478269
-0.265096 -0.605066 0.524966 -0.763152 0.798592 -0.173559 -0.258111 -0.422672
-0.675602 -0.026175 -0.038175 -0.374734 -0.018195 -0.015127 0.487103 -0.619552
-0.687168 -0.089656 -0.406055 0.971177 -0.056831 -1.365334 -0.099847 -0.267353
0.523773 -0.802267 0.263137 -1.394275 1.120436 0.348074 -0.747252 -0.883135
-0.055080 -0.280328 -0.186510 -0.591337 0.662953 0.203238 0.076578 -0.027335
0.167245 -0.678912 0.584620 -0.296656 0.244303 -0.611561 -0.700903 -0.627350
1.070228 0.779065 -0.376848 -0.316834 -0.053869 -0.761550 -0.523910 -0.816891
0.086115 0.158118 0.270510 -0.806363 -0.284715 -0.100850 -0.384591 -0.901725
-0.407800 0.294110 -0.120542 -0.455061 0.570026 0.190701 -0.235122 -0.417068
0.511990 -0.917664 -0.148606 -0.586334 0.629777 -0.896066 -0.148147 -0.346551
0.445446 -0.527320 0.762536 -0.648317 0.457530 -0.174964 -0.146231 -0.515039
0.141537 -1.106591 -0.257300 -0.906619 0.023743 0.394078 0.884805 -0.237261
-0.138915 -0.137953 0.688662 -0.552561 0.699507 -0.329199 -0.800264 0.594698
-0.064664 -0.533900 -0.070208 -1.144072 1.026778 -0.392862 -0.360131 0.465802
-0.186570 -0.807922 0.112831 -0.168839 -0.183393 -0.591098 -0.566789 -0.828831
0.210557 -1.427219 -0.463049 -0.416570 0.386134 -0.573754 0.098419 -0.468509
0.143613 -0.417913 0.572534 -0.774867 0.242311 -0.520686 -0.842346 -0.628641
0.299991 -0.293556 0.259892 -0.709297 -1.134517 0.381610 0.457791 0.184631
0.179001 -0.827203 0.193959 -0.727732 -0.529697 -0.129372 0.047831 -0.034190
-0.361339 -0.352268 -0.270826 -0.627825 -0.723660 -0.567424 0.328881 0.139800
1.164549 -0.834132 0.867019 -0.445575 -1.606667 0.291596 0.314479 -0.155632
-0.112643 -0.870298 0.462625 -0.447954 -0.180094 0.400496 0.110054 0.248886
1.230806 0.109686 0.042591 -0.148127 -0.248796 -0.530552 -0.513490 -0.496630
0.588578 -0.271706 0.295988 -0.043777 -0.367524 -0.666052 -0.628971 0.148907
0.268781 -1.230724 -1.047533 -0.506870 0.122000 0.235311 0.062182 0.412873
0.145262 -0.075883 0.188838 -0.363772 0.318355 -0.319992 -0.375269 0.509886
-0.086018 0.055347 -0.107159 0.450533 0.373223 -0.181356 0.276219 0.492956
-0.387223 -0.046055 -0.685152 -0.360166 0.006918 -1.026009 0.108945 -0.769396
-0.145202 -0.224536 -0.118951 -0.302141 0.829629 0.748333 0.300455 -0.082365
-0.169548 0.050377 0.012348 -0.319724 -0.108744 -0.157585 0.882325 0.800163
-0.856334 -1.090539 0.465860 -0.172294 0.568793 -0.802901 -0.383141 -0.452669
0.622004 -0.653458 0.539603 -0.688393 0.213770 -0.512046 -0.246791 -0.270427
0.093258 -0.277257 0.049559 0.553435 0.352740 -0.316053 0.262096 0.117823
-0.357995 -0.805057 0.475594 -0.385143 0.037994 -0.610142 -0.404315 0.037890
-0.531521 -0.595830 0.384263 -0.493435 -0.181944 -0.459183 -0.130645 -0.484409
0.073371 -0.119743 -0.667667 0.141836 0.680700 -0.290990 0.441456 0.456481
-0.061775 -0.379368 -0.279148 -0.351431 0.145269 -0.954331 0.458860 -0.262476
-0.236491 -0.590106 0.216032 -1.222201 0.525765 -0.371621 -0.174147 -0.561386
0.528482 -0.748418 0.046641 -0.124333 0.968117 -0.410365 -0.735195 -0.413319
0.236246 -1.412248 -0.119780 -0.596089 0.667190 -0.044769 0.067108 -0.259869
0.443163 -0.765119 -0.015044 -0.206952 0.183100 0.389001 0.283467 0.162141
0.001581 -0.350754 -0.437237 -0.261203 0.459662 -0.681934 0.405200 0.557576
0.168644 -0.659293 -0.110844 -0.607093 -0.347483 -0.740422 -0.076444 -0.211556
-0.180631 -0.598506 -0.003045 -0.676081 0.531248 0.078341 0.191271 0.253504
-0.054379 -1.209781 -0.141251 -0.074117 0.284585 0.709906 0.743032 0.139680
0.532764 -1.142027 0.008153 -0.605543 0.318641 -0.352081 -0.633337 -0.624251
-0.651820 -0.729669 -0.031601 -0.919433 0.489386 -0.271952 -0.080578 -0.231409
-0.392903 -0.825123 -0.024146 -1.608539 0.900269 0.140003 -0.277853 0.230957
-0.882153 0.277382 0.101884 -0.230263 0.290127 -0.361516 0.610340 0.722304
0.993971 -1.413267 0.278965 -0.362935 0.747864 -0.300686 -0.596170 -0.100884
-0.563707 -0.592557 -0.283120 0.574782 0.531987 -0.450013 0.644851 0.229632
0.354368 -0.527939 0.154653 0.350933 0.601517 -0.513922 -0.633813 -0.452672
-0.182826 -0.667038 0.222606 -0.041646 0.414401 -0.301369 -0.368978 -0.082141
-0.287197 -0.562015 -0.042216 0.083359 1.184999 -0.146387 -0.093940 -0.012210
-0.020795 -1.089551 0.576548 -0.356793 0.381891 -0.095595 -0.215637 -0.230680
-0.294685 -0.755319 -0.237127 -0.786045 1.127000 -0.360447 -0.014779 0.159812
0.375689 -0.375623 -0.347389 -0.316465 0.065570 0.031402 0.018517 -0.247588
0.073521 -0.692401 0.373297 0.205614 0.071912 -0.530472 -0.184333 -0.050756
-0.780399 -0.853966 -0.077939 -0.852851 0.448901 -0.428929 0.067285 0.488776
0.367601 0.167158 -0.215828 0.246500 0.151898 0.210195 -0.234390 0.281094
-0.809370 0.226263 -0.223839 0.807292 -0.066667 -0.614115 0.925361 0.121762
-0.015934 -0.941052 -0.210952 -0.516025 0.358455 -0.043078 0.361485 0.797939
0.642906 -1.536342 -0.057032 -1.053962 0.589201 -0.023921 -0.486199 -0.433367
-1.011913 -0.405034 -0.058546 -0.199193 0.264403 -0.137924 -0.349486 -0.304078
-0.073053 -0.260800 -0.236222 -0.036732 -0.150789 -0.077878 0.112229 0.095302
-0.630631 -0.604462 -0.255069 0.226121 0.253788 -0.441570 0.073270 -0.229404
-1.053853 -0.273068 -0.134269 -0.048038 0.736862 -0.257829 -0.416783 -0.487942
-0.836862 0.104909 0.006199 0.003368 0.419063 -0.218849 -0.685946 -0.541680
-0.928317 0.005435 -0.304144 0.075913 0.530679 0.025612 -0.293881 -0.752384
-0.817118 -0.409271 0.161540 -0.191199 0.967623 -0.310170 -0.266363 -0.483281
-1.174685 -0.295819 -0.210104 -0.321054 0.607796 -0.114182 -0.391195 -0.264464
-0.579808 0.455316 0.044758 0.328174 0.394864 -0.311358 -0.442731 -0.858461
-0.932240 0.079267 -0.184574 -0.179123 0.889122 -0.358317 -0.187761 -0.796804
-1.044746 0.095731 -0.182651 0.078454 0.791542 -0.302125 -0.329364 -0.775360
-0.959946 -0.011759 -0.058933 -0.110998 0.757604 -0.255343 -0.167187 -0.656408
-0.860049 -0.083119 -0.060417 -0.025328 0.979223 -0.350227 -0.154498 -0.752031
-0.773644 -0.148569 0.193427 -0.120131 0.626573 0.198067 0.106698 -0.637661
-0.713168 -0.142628 0.017481 0.085066 0.945512 -0.589294 0.064104 -0.260940
-0.838008 -0.288720 0.104510 -0.227393 1.039734 -0.378952 -0.135658 -0.435952
-1.046416 -0.101406 -0.224811 -0.074254 0.900954 -0.357576 -0.230289 -0.605455
-1.136481 -0.182641 -0.295041 -0.206854 0.790744 -0.316770 -0.316651 -0.501086
-0.825387 -0.252221 -0.355076 -0.135123 0.091304 -0.208413 -0.202759 -0.294462
-0.900863 0.232732 0.123375 -0.070859 0.663383 -0.021116 -0.535760 -0.962077
-0.965452 -0.093626 -0.145814 -0.084077 0.688927 -0.179500 -0.429227 -0.645873
-0.901280 -0.016998 0.038995 -0.286353 0.673384 -0.195002 -0.116500 -0.587482
-0.936131 -0.171916 -0.041029 -0.102823 0.940054 -0.272216 -0.191249 -0.690831
-0.915323 -0.247319 0.092925 -0.077640 0.972417 -0.292160 -0.269082 -0.654813
-1.004647 0.106461 -0.455372 -0.239055 0.457627 -0.613054 -0.366811 -0.890338
