0.243942 -0.984776 -0.017353 -0.329651 0.923460 0.339829 -0.386851 -0.515688
-0.160295 -0.878535 -0.108676 0.105259 0.036133 0.175462 -0.053947 -0.348948
-0.254085 -0.583563 -0.027368 -0.355744 -0.470983 -0.496071 0.406629 0.481810
0.096407 -0.511136 -0.225113 -1.151732 0.575240 -0.661353 0.052621 -0.497617
0.437094 -0.270537 0.798063 -0.640039 -0.240134 0.210459 -0.393072 0.035928
0.114278 -1.267413 -0.012876 -1.068397 0.682355 -0.288540 -0.906933 -0.232695
-0.009487 -1.154495 0.179796 -0.842500 1.102765 -0.567107 -0.106160 -0.724596
0.458075 -1.146854 -0.482616 -0.328615 -0.085665 0.085364 0.343444 0.311718
-0.418342 -0.263267 0.292061 -0.595744 1.135293 -0.169221 -0.463689 -0.223954
0.407896 -0.842485 0.303796 -1.358297 0.757880 -0.262905 -0.466569 -1.167006
0.301904 -0.662779 0.430947 -0.673683 0.788954 -0.351853 -0.389731 -0.764987
-0.073555 -0.589695 0.472526 -0.600222 0.314002 0.142227 -0.649095 -0.671939
-0.527785 -0.916034 0.462516 -0.800461 0.970158 0.233840 -0.275427 -0.188793
0.387605 0.043394 0.699136 0.400002 0.271680 -0.328347 -0.464341 -0.269912
0.301614 0.149526 -0.165901 -0.360078 0.809623 -0.166055 -0.679860 -0.064732
0.763020 -0.795557 -0.555639 -1.105998 1.099409 0.157623 -0.279669 -0.603203
0.335187 -0.569117 -0.049891 -0.420432 1.138329 -0.991085 -0.654391 -0.555738
0.564761 0.305659 0.039421 -0.939218 0.651841 -0.215029 -0.069968 -0.074159
-0.236802 -0.607836 0.643865 -1.113958 1.171480 -0.200729 -0.627464 -0.080142
-0.082991 -0.782550 0.136895 -1.413599 0.514160 0.251334 -0.651684 -0.682283
-0.648469 -0.220257 -0.431985 -0.743621 0.140332 0.464597 0.067293 -0.058730
0.011392 -1.117889 0.324091 -1.048714 1.368715 -0.702387 -0.186828 -0.361852
-0.052569 -0.771392 0.247101 -1.111840 0.850959 -0.050257 -0.331479 -0.288043
-0.043908 -0.569075 0.078304 -0.810182 1.113393 -0.669165 0.205786 -0.333194
-0.085463 -0.916943 -0.130027 -1.048909 1.049642 0.069903 -0.090501 -0.375937
-0.075071 -0.442981 0.453189 -0.494244 0.881466 -0.453032 -0.523513 -0.667185
-0.190757 -0.735246 0.514558 -0.741986 1.563926 -0.145972 -0.540935 -0.404848
0.482302 -0.118651 0.021712 -0.154346 0.543115 -0.834050 0.021600 -0.068964
0.295759 -0.692252 -0.441753 -0.301362 0.647353 -0.433043 -0.429221 -0.126201
0.066040 -1.123183 -0.719820 -0.138662 0.816143 -0.231315 0.203252 -0.208762
0.357213 -0.918179 -0.189241 -0.401420 1.210639 -0.329108 -0.690132 -0.003509
0.279237 -1.075372 0.229875 -0.307813 0.655384 -0.391203 0.187646 -0.134847
0.280562 -0.747873 -0.562873 -0.462058 0.659874 0.124290 -0.031746 -0.231175
0.228008 -0.834990 -0.586782 -0.711757 1.356580 -0.299320 -0.061143 -0.162976
0.317151 -0.522442 -0.187469 0.051747 0.933461 -0.328892 -0.171307 -0.136323
0.079733 -0.616429 0.064997 -0.628311 0.410073 0.288072 0.434729 0.609634
0.183232 -0.570746 0.643041 -1.366071 1.148522 0.104050 -0.271840 0.102364
0.695062 -0.983593 -0.208033 -1.420992 1.523153 0.115934 -0.347454 -0.751296
-0.208394 -0.505885 0.410266 -0.712914 0.494778 -0.524743 -0.370174 0.351506
0.569026 -0.027127 1.242538 -0.061548 0.435664 -0.500492 -0.860804 -0.127821
-0.059548 -0.704644 0.174573 -0.161432 0.420002 -1.057741 -0.159633 -0.828686
-0.203976 -1.088607 0.504497 -0.738559 1.004366 -0.743406 -0.739119 -0.328090
-0.553551 -0.167592 -0.058681 -0.300855 0.509786 -0.250622 -0.222237 -0.054201
-0.021247 0.012198 1.124115 -0.543058 0.716317 -0.379122 -0.764117 0.272589
0.351692 -0.225043 -0.095457 -0.521946 0.478492 -0.634408 -0.267400 -0.545832
-0.853388 -0.577995 0.152848 -0.396483 -0.096698 -0.577119 -0.309112 -0.632334
0.210091 -0.319602 0.126424 -0.337178 -0.800384 -0.978954 -0.465148 -0.402349
0.134754 0.431177 -0.175646 -0.060926 0.089634 0.060699 -0.229562 0.099488
-0.071451 -0.332393 0.532131 -0.005901 0.688676 -0.497247 0.074023 -0.336344
-0.207270 -0.425415 0.301847 0.284086 0.119867 -0.699747 -0.287541 -0.444749
-0.002471 -0.740666 -0.266407 -0.679651 0.750092 -0.599322 -0.488634 -0.619759
-0.234292 -0.661304 0.085358 -0.306033 0.272284 -0.905418 -0.615169 -0.287837
0.149550 -0.026915 0.328858 -0.278383 0.274953 -0.652595 -0.850769 -0.020954
-0.101448 -1.039987 0.398788 -0.319191 0.900833 -0.468133 -0.164701 -0.219697
-0.145187 -1.149776 0.342918 -0.412192 0.442577 -0.751200 -0.410269 -0.296322
-0.036329 0.208364 0.677007 0.348613 0.344258 -0.355371 -0.138008 -0.316092
-0.250990 -0.245311 0.513647 -0.312975 0.863359 -0.484484 -0.363039 -0.215670
0.595495 -0.256380 -0.003970 -0.646329 0.697675 -0.408075 -1.104513 -0.188048
0.038064 -1.030190 0.744497 0.504271 -0.297954 -0.130393 -0.602334 -0.211142
0.531790 -1.358568 -0.103070 -1.088118 0.731807 -0.295532 -0.037533 -0.674418
-0.239601 -0.231840 -0.791521 0.128846 0.683424 -1.107691 0.618022 1.128920
-0.026726 0.365762 0.063713 -0.425024 -0.533759 -0.739642 -0.446111 -0.811170
-0.323702 -0.415095 -0.216778 0.073380 0.052221 -0.559344 -0.211531 -1.007057
-0.466414 -0.184053 0.027189 -0.550554 -0.723804 -0.568080 -0.588001 -0.873398
-0.478356 -0.528955 0.222033 -0.495730 0.155947 -0.617273 -0.266300 -0.761167
0.084420 -0.564560 -0.120169 -0.500646 0.008332 0.505576 0.039827 -0.442061
0.328029 -1.360812 0.314379 -1.267844 -0.216449 -0.432496 -0.051425 -0.156160
0.420774 -0.908631 -0.063386 -0.906209 1.237187 -1.000396 -0.068893 -0.108457
-0.224488 -0.430010 -0.032241 -0.404601 -0.011300 -0.496138 -0.134937 -0.099937
0.060284 -0.639778 -0.052673 -0.980474 1.105904 -0.927538 -0.163477 -0.020541
0.261223 -0.420411 -0.085419 -0.350455 1.086271 -0.554429 -0.471140 -0.225478
0.491388 -0.853760 -0.892900 -0.737980 0.999346 -0.734261 -0.459671 -0.172151
0.197405 -0.455865 -0.124287 -0.091355 1.002742 -0.530239 0.192689 -0.163093
0.392687 -0.902163 0.460217 -1.243304 1.018230 -0.416755 -0.362596 0.044454
-0.070133 -0.333331 0.361011 -0.112612 -0.822284 -0.863941 -0.292504 -0.254770
1.006764 -0.564703 0.109281 -0.923883 0.818330 -0.380205 -0.103739 -0.227514
0.795071 -0.304542 -0.168965 -0.286788 0.524832 -0.851287 0.171266 -0.466649
0.114541 -0.901929 0.615154 -0.218366 0.803438 -0.699337 -0.804478 -0.488883
0.336068 0.077144 -0.207495 -0.255561 -0.031451 -0.371451 -0.389637 -0.041128
-0.127128 -0.928260 -0.126310 -0.240197 0.302718 -0.583243 -0.050860 -0.732284
-0.298527 -1.470188 0.294482 -0.239151 0.130317 -0.482788 0.480724 -0.149199
-0.098664 0.032463 -0.399072 -0.719219 0.395569 -0.610948 -0.256975 -0.656930
0.769021 -0.614556 -0.084469 0.099263 0.664475 -0.600776 -0.658810 0.365375
-0.455766 -0.176828 0.215548 -0.597886 0.354358 0.400805 0.327142 -0.246161
0.806291 -0.009274 0.238411 -0.151739 0.364827 -0.218049 -0.231388 -0.148689
0.164742 0.603371 -0.177485 0.308126 0.730017 -0.678873 0.799835 0.055727
1.147772 -0.707409 -0.512346 -0.391489 -0.172051 -0.567385 -0.301842 0.012895
-0.822775 0.028287 0.336569 0.141497 1.001507 -0.725394 0.085502 -0.094698
0.130092 -0.084977 0.456200 -0.094593 0.579994 -0.610227 0.556571 -0.422634
-0.319818 -0.761666 0.506408 -0.950373 0.474958 -0.265362 -0.355701 0.170556
-0.457354 0.270408 -0.550925 0.376437 -0.002039 -0.276172 0.669090 -0.031406
-0.560889 -0.621972 -0.214338 -0.658654 0.079058 -0.798770 0.040666 -0.547075
-0.114287 0.247217 -0.012196 -0.093705 0.308251 -0.223512 0.415272 0.435492
-0.157189 0.611696 0.405967 -0.410346 0.012509 -0.267609 -0.377472 -0.623642
0.209461 -0.333712 0.291541 -0.589667 -0.551156 -0.373980 0.007553 -1.011399
0.563604 0.304084 -0.547841 -0.189083 0.929177 -0.186856 -0.038989 -0.315060
0.535149 -0.832216 -0.528880 -0.822998 0.976238 0.353206 -0.498226 -0.402086
-0.387975 -0.532099 -0.036732 0.404914 0.455602 -0.485695 0.404573 0.264909
-0.113481 -0.822016 -0.293333 0.322522 0.729378 -0.100236 0.296092 -0.333474
0.096646 -1.237294 -0.355551 -0.205739 0.903208 0.430877 0.055364 -0.560890
-0.382664 -0.598982 0.612668 -0.647701 1.315181 -0.212128 -0.674235 -0.486302
0.434712 0.690977 -0.626319 0.607281 0.181107 -0.836090 -0.442574 -0.343073
0.083772 -0.023311 0.105175 -0.679048 1.556061 -0.022063 -0.251377 -0.273975
0.192460 -1.045825 -0.387558 -0.317419 0.536523 -0.698932 0.196121 0.642797
0.412221 -1.208870 0.127345 -1.281058 1.815601 -0.526873 -0.529338 -0.208775
-0.173914 -0.156829 -0.922843 -1.010564 0.299518 0.023908 -0.323728 0.761636
-0.054122 -1.004348 -0.440688 -0.041843 1.388039 -0.566747 -0.032074 0.206855
-0.218576 -0.341035 0.340679 0.443999 1.161271 -0.513369 -0.401921 0.280061
0.185935 -0.603603 -0.191617 -0.325380 1.014071 -0.415749 0.116450 -0.788145
0.022098 -0.987600 -0.136478 -0.539639 1.449520 -0.655105 -0.574084 -0.201317
0.009787 -1.046246 0.094741 -0.424988 1.614962 -0.484662 -1.058382 -0.211381
0.025268 0.163878 -0.767153 0.162952 0.348793 -1.045640 0.158495 -0.501172
-0.695107 -0.503737 -0.755900 -0.036365 0.979123 -0.487017 0.088985 -0.037904
-0.016469 -0.655800 0.454603 -0.650200 0.320255 0.391652 0.105422 0.082176
-0.075543 0.126914 -0.173219 0.321183 0.554950 -0.292748 -0.436983 -0.167835
0.723878 -0.554489 0.361010 -0.916879 -0.301715 -0.299589 -0.415527 -0.233545
-0.286186 -0.482485 -0.445182 -0.209025 0.777925 0.279204 -0.041904 0.146249
0.144970 -0.578627 -0.105221 -0.045273 0.140477 -0.571213 -0.411499 0.281648
-0.166218 -1.419880 0.343144 -0.883440 1.139289 0.168206 -0.667303 -0.062277
0.417020 -0.646567 -0.455287 -0.273282 1.053612 -0.151679 -0.150639 -0.175450
0.217538 -0.032426 -0.133436 -0.049982 1.023729 -0.273384 -0.103198 -0.199639
-0.405399 -0.443746 0.034283 -0.857240 1.256844 -0.167569 0.434268 0.422775
-0.526686 -0.606130 0.248262 -0.717899 0.526499 -0.281275 0.340119 -0.441654
0.339069 -0.831150 -0.049514 -0.398962 1.355471 0.039209 -0.657229 0.011343
0.306152 0.296350 -0.110508 -0.568957 0.225924 0.580946 -0.216065 -0.152929
0.029678 -1.205964 -0.108589 -0.335657 1.372658 -0.570518 -0.450054 0.170602
0.539070 -0.582451 0.354981 -0.611981 -0.232353 -0.456352 -0.521986 -0.788855
0.118650 -0.872720 0.018704 -0.944648 1.326024 0.212233 -0.522805 -0.334901
-0.523864 -0.563774 -0.169033 -0.493364 0.440124 0.088472 0.647002 -0.073492
0.688827 -1.055427 0.256940 -0.561598 0.074537 0.462518 0.135704 0.281399
-0.387516 -0.559550 0.468031 0.267016 0.779095 0.125141 0.342565 -0.571393
-0.497940 -0.820752 -0.711185 -0.338389 1.012730 -0.572373 0.610077 0.322166
0.559720 -0.758469 0.134042 -0.146153 0.585222 -0.634554 -0.558622 0.708158
-0.031526 -0.439106 -0.311325 -0.379880 0.726129 -0.810811 -0.665081 -0.375884
-0.537331 -0.258395 -0.772331 0.347857 0.712851 -0.420704 0.424759 -0.055618
-0.049362 -0.810304 0.260743 -0.574324 1.096295 -0.495512 -0.377061 -0.021619
-0.369139 -0.721439 0.308373 -0.871182 0.913873 -0.526533 0.223982 0.339342
0.061856 0.389062 -0.011995 0.297990 -1.114211 -0.354875 0.153545 -0.020763
-0.359457 0.144154 -1.094821 0.133853 -0.414204 -0.859330 1.004233 0.151708
-0.303363 0.253911 -0.181734 -0.689413 -0.562516 -0.303497 0.458732 0.267438
-0.541052 -0.344362 0.319271 -0.124092 -0.455236 0.123331 0.233355 0.488839
-0.007417 -0.489352 -0.303187 -0.082211 0.432466 -0.264446 0.100235 -0.266749
0.335475 -0.614893 -0.784273 -0.334788 0.617860 -0.759184 0.340757 -0.407302
-0.086623 -0.938729 0.519790 -0.960169 0.837740 0.203293 -0.117693 -0.363268
-0.013358 -1.342225 0.117380 -1.163475 0.941431 -0.025829 0.208445 -0.253407
0.174694 0.560685 -0.064368 -0.361008 0.153475 0.095947 -0.461334 0.541904
0.082603 -1.186699 -0.218058 -0.635780 0.419288 0.554730 0.592377 -0.122100
-0.269314 -0.251778 -0.280922 -1.032494 0.452024 -0.508399 0.098717 -0.188731
0.284568 -0.431618 0.372099 -0.204105 0.494659 -0.130802 -0.123842 0.256198
-0.331385 0.094742 -0.863196 0.131494 -0.203714 -0.817196 0.281799 0.375923
-0.500787 -0.668603 0.508442 -1.028264 0.704174 0.747893 -0.271842 -0.283037
0.217679 -0.461532 0.487702 0.291284 0.310335 -0.291878 -0.187563 -0.405649
-0.923979 0.004179 0.018154 -0.173049 0.734452 0.151036 -0.365036 -0.968821
-0.966319 -0.159644 -0.117828 -0.228264 0.967084 -0.590473 -0.151812 -0.406175
-1.150332 -0.628769 -0.283963 -0.040342 0.817039 -0.477060 -0.021593 -0.177864
-1.085880 0.025751 -0.197550 0.030286 0.679382 -0.017376 -0.178571 -0.655666
-0.994995 -0.160739 -0.114312 -0.183969 0.951123 -0.308654 -0.234282 -0.550853
-0.997646 -0.128666 -0.108904 -0.053637 0.895596 -0.225969 -0.190527 -0.705816
-0.984063 -0.083357 -0.122207 -0.058519 0.920510 -0.212671 -0.104386 -0.760636
-0.949689 0.089572 -0.229627 -0.084685 0.411349 0.031444 -0.496208 -0.704612
-0.933620 -0.153841 -0.081496 -0.172361 0.873939 0.105629 -0.028771 -0.708211
-0.556677 0.014585 0.223738 -0.462195 0.197474 -0.054184 -0.126661 -0.674337
-0.572698 -0.626716 -0.829272 0.008661 0.045765 -0.377936 1.077271 0.282455
-0.986813 -0.133008 -0.144543 -0.288647 0.736264 0.083916 -0.277486 -0.666184
-1.023035 -0.277767 -0.167725 -0.143467 0.673282 -0.181570 -0.434348 -0.484982
-1.261912 -0.096826 -0.204269 0.155338 0.681010 -0.495915 -0.422088 0.132526
-0.977021 0.035174 -0.243093 0.056231 0.754134 -0.300133 -0.196384 -0.759286
-0.810810 0.163728 -0.396313 0.223352 0.623528 -0.333077 0.046211 -0.726464
-0.983051 -0.056158 -0.260047 0.012094 1.004482 -0.347380 -0.000164 -0.775740
-0.212047 0.440870 -0.622139 0.277125 -0.170105 -0.495686 -0.664302 0.044574
-0.303006 -0.217592 -0.119814 -0.263759 -0.133901 -0.337381 -0.209149 -0.689661
-0.944797 0.027382 -0.193352 0.021467 0.859362 -0.345565 -0.163806 -0.817330
