-0.471548 -0.124857 -0.813637 -1.050620 0.125458 -0.947937 0.432272 -0.623206
-0.498954 -1.426841 0.237997 -1.159001 1.251018 -0.408541 -0.728854 -0.488238
0.198829 -0.339096 0.472847 -0.203790 0.828409 -0.275242 0.182077 -0.027762
0.096893 0.026525 0.305155 -0.711586 1.017097 -0.271712 -0.445685 -0.166482
0.297987 -0.091673 -0.139385 -0.324074 0.123583 -0.525568 -0.219134 0.016515
0.181528 -0.673487 -0.066861 -0.189427 0.129842 -0.868904 -0.022833 -0.345757
0.911472 -0.246209 0.296037 -0.151127 0.099718 -0.808520 -0.616144 -1.096636
-0.312598 -0.541872 0.314041 -0.427065 0.825902 -0.107453 -0.130156 -0.757959
0.410824 -0.802279 0.189536 -1.082670 0.648850 -0.160898 0.209251 -0.770213
0.375521 -0.504481 0.367022 -0.314693 -0.172721 -0.434163 -0.366402 -0.442823
-0.199173 0.030167 0.082931 -0.508911 -0.397616 -0.566621 -0.347390 -0.726933
-0.343856 -0.542221 -0.117014 -0.347236 0.327438 -0.658786 -0.399781 -0.521663
0.129954 0.569650 0.304175 -0.434136 0.117727 0.097313 -0.599942 -0.615453
-0.422483 -0.248748 -0.754041 -0.114036 0.976299 -0.046747 0.826286 0.206602
0.573915 0.037222 0.337546 -0.824923 0.130915 -0.069332 -0.513507 -0.754126
-0.332804 0.351899 -0.436964 -0.649979 -0.250022 -0.591833 -0.022633 0.274282
0.555563 0.357402 -0.170997 0.442365 0.438147 -1.347621 -0.442405 -0.824265
-0.364443 0.810881 -0.526354 0.669237 0.386326 -1.043238 -0.616230 -0.415794
-0.808612 -0.492040 0.088871 0.228098 -0.858409 -1.370137 0.050231 0.090706
-0.342732 0.147246 0.729143 -0.326616 -0.685166 0.474368 0.173694 0.255676
-0.086014 -0.327280 0.320196 -1.241439 0.124260 -0.366512 -0.520879 -0.763695
-0.322707 -0.016717 -0.651468 -0.987582 0.025691 -0.292909 -0.102807 -0.269909
0.181803 0.123493 -0.249331 -0.307181 -0.236185 -0.603262 -0.102756 -0.293378
0.130016 -0.851414 0.547811 -0.751688 0.783187 -0.138340 -0.468791 -0.878890
0.500202 -1.239784 0.367346 -0.841487 0.963592 -0.574248 -0.215363 -0.164290
0.286015 -0.680348 0.134153 0.010826 1.059389 0.102498 -0.305365 -0.180722
0.349162 -0.663478 -0.595063 -0.368660 0.705376 -0.323899 0.088437 -0.952746
0.540027 -0.089469 0.287116 -0.790837 0.489391 -0.695533 -0.528462 -0.250698
0.159027 -0.008525 0.621606 -0.615260 0.726088 -0.408502 -0.386382 0.006337
-0.188583 -0.680919 0.826492 -0.891317 0.560083 -0.213153 -0.426246 -0.407783
-0.037964 -0.780214 -0.243922 -0.160277 0.154616 -0.046051 -0.372567 0.592073
-0.844343 -0.194876 0.587159 -0.305902 0.043994 0.014834 -0.181210 -0.183803
-0.982219 -0.390774 0.267011 -0.163826 -0.572935 -0.355870 -0.195021 0.364286
-0.902609 0.096328 -0.426769 -0.617237 -0.468826 -0.073840 -0.166746 -0.153689
0.191619 0.063652 0.143209 -0.543531 0.159642 0.261776 -0.368201 0.139380
-0.195382 0.010868 0.132104 -0.266506 0.712269 -0.705060 -0.289395 -0.332078
-0.162087 0.336941 -0.113593 -0.469426 -0.414530 -0.573479 -0.492173 -0.450290
0.047107 -0.116460 0.375659 -0.285606 0.914636 -0.250831 -0.574946 -0.030844
0.666492 -0.743883 -0.090771 -0.916459 0.241457 0.238074 -0.203139 -0.304020
-0.651709 -0.722941 -0.108940 -0.326670 -0.002178 0.479314 -0.108711 -0.328278
-0.391563 0.076682 0.540825 -0.009981 -0.116038 0.065126 0.038554 -0.770751
-0.811569 -0.268119 0.005361 -0.063260 -0.333329 -0.348228 -0.024230 -0.155826
0.778720 -0.857387 -0.018197 -0.726688 0.836021 -0.170802 -0.429146 -0.700887
-0.673090 -0.819273 0.351083 -0.544703 0.171741 -0.321482 -0.381030 -0.807416
0.787415 -1.423673 0.357775 -0.745689 1.115338 -0.957067 -0.759812 -0.311201
0.880936 -0.743084 0.231252 -0.705113 -0.754200 0.172758 -0.041864 -0.361161
0.627060 -0.486146 -0.013254 -0.280756 0.755689 -0.087094 -0.419229 -0.660149
-0.353409 0.321901 -0.586201 0.555421 0.196898 -1.027831 0.370753 0.405832
-0.007104 -0.472029 -0.463357 -0.380711 0.397232 0.043159 0.263056 0.875180
0.728958 -0.754692 -0.343547 -0.312099 0.449498 -0.236305 -0.601089 0.454448
0.018764 -0.725616 0.061681 -0.617438 0.518968 -0.158386 0.193262 0.421307
0.012242 0.177845 0.013276 0.497604 0.763547 0.025491 0.183887 0.771580
-0.321388 -1.027368 0.635481 -1.350509 0.200150 -0.314703 0.006140 -0.274318
0.207188 -1.005182 -0.141059 -0.731281 0.535402 -0.588068 -0.329021 -0.550750
-0.330609 0.201877 0.696239 -0.556781 0.025181 -0.245512 -0.289916 -0.617860
-0.199151 0.085289 -0.837873 0.132127 0.898336 -0.512797 0.181525 0.613220
-0.030401 -0.129022 -0.038170 -0.170186 -0.151995 0.155159 -0.154411 -0.521940
0.059496 0.201521 -0.627736 -0.413794 0.383090 -0.136995 -0.122060 -0.029911
-0.010965 -1.083273 0.226824 -1.117658 0.498535 -0.232453 0.164555 0.079927
0.344104 -0.387483 -0.771550 0.617480 -0.341001 -0.401121 0.908704 1.246249
-0.265134 -0.705505 0.346044 -0.617508 1.073573 -0.519528 -0.606413 0.516899
0.059020 -0.628295 -0.122954 -0.984237 1.028272 -0.482207 0.618413 0.455594
-0.667937 -0.730627 0.282647 -0.276065 0.338972 -0.479930 -0.330459 -0.576595
-0.202237 -0.608439 0.635066 -0.890079 0.055089 -0.402615 -0.243650 -0.337498
0.703818 -1.051556 0.160888 -0.389989 1.396693 -0.238732 -0.499525 -0.370593
-0.412696 -0.486640 -0.659751 -0.233532 0.186728 -0.962811 0.928099 0.329747
1.064209 -0.617351 -0.133775 -0.345782 0.120809 -0.018045 -0.160523 -0.127740
0.063300 -0.648647 0.162526 -0.343609 0.751413 0.216418 -0.696574 -0.313234
-0.030108 -0.301908 0.407456 -0.645545 0.931136 0.135302 -0.333225 -0.460391
-0.079892 0.397140 -0.189371 -0.657678 0.886941 0.453951 -0.382192 0.357973
0.439678 -0.359313 -0.053963 -0.530928 -0.706049 0.018026 0.709191 0.104285
0.134295 -0.557778 -0.330411 -0.471414 0.082400 0.094196 0.009941 0.427181
-0.381405 0.399850 -0.470717 0.419179 0.931209 -0.909447 -0.036337 0.158372
0.693036 0.389712 -0.732704 -0.177028 0.552049 -1.070150 -0.086399 -0.382184
0.240191 -1.138241 0.286188 -1.169281 0.861046 -0.004097 0.042243 0.014163
-0.017866 0.289737 0.032080 -0.424583 -0.269813 -0.621629 -0.282140 -0.580704
0.410900 -1.191148 -0.334795 -0.701482 0.927282 0.581069 0.250652 0.583215
0.057446 0.073382 0.597969 -0.215090 0.071352 -0.153327 -0.538677 -0.415360
-0.411785 0.343270 -0.104608 -0.585143 -0.189490 -0.603404 -0.027718 -0.366270
0.344942 -0.525166 0.213414 0.379160 0.440021 -0.219124 -0.289837 -0.164173
0.462715 -0.928880 -0.057754 -0.883120 0.617641 -0.403866 -0.535900 -0.531401
0.496578 -1.021825 -0.011890 -0.698897 0.315587 -0.658365 0.105977 -0.490986
0.441358 -0.344451 -0.389930 0.147453 0.572137 -0.402574 -0.108128 0.025037
-0.378145 0.350344 0.075672 0.039386 -0.341931 -0.210300 0.235780 0.090874
0.333211 -0.162656 0.761303 0.279036 0.173605 -0.331624 -0.304978 -0.367438
0.223155 -0.165595 -0.365939 -0.444206 0.618468 -0.933135 -0.367302 -0.358412
-0.539938 0.069139 0.166903 -0.060749 -0.239515 -0.093558 -0.225512 -0.493955
0.431868 0.189358 -0.305893 -0.680735 -0.996623 -0.810947 -0.477665 -0.677500
0.615608 -0.606974 0.038184 -0.750440 -0.465723 -0.189804 0.008187 -0.209442
0.783151 -0.459383 0.732690 -0.312029 -0.848042 -0.241718 -0.130804 -0.288197
0.171415 -0.075880 0.640944 -0.389978 -0.987653 0.168224 -0.179712 -0.873965
-0.351309 -0.726355 0.219395 -0.606791 0.644821 -0.463171 -0.271594 -0.675061
-0.066547 -0.213485 -0.287321 0.418884 -0.044743 -0.296364 0.528691 -0.306287
-0.487970 -0.252606 -0.150952 -0.260551 0.269353 0.181580 0.646257 0.453323
0.674004 0.503661 0.763393 -0.300642 0.203189 0.580886 -1.133353 -0.243378
-0.855569 -0.829303 0.318678 -0.189310 0.339571 -0.565733 -0.508264 -0.846237
0.130428 0.012865 -0.330871 0.525947 -0.186814 -0.745897 0.137131 0.103693
-0.116305 0.076465 -0.422065 -0.438228 0.582259 -0.273059 0.447749 0.231925
-0.377630 0.005862 -0.440062 -0.526803 0.876048 -0.396097 0.170358 -0.458203
-1.178921 -0.142800 -0.272893 -0.368989 0.911564 -0.264699 -0.144213 -0.374571
-1.014112 -0.723020 0.070088 -0.110840 0.060264 -0.651415 -0.406841 0.051499
-1.009094 -0.268831 -0.198481 -0.119556 0.831467 -0.071745 -0.213562 -0.587383
-0.945083 0.028929 -0.092093 0.220904 0.747808 -0.239433 -0.393876 -0.683143
-1.036561 -0.105945 -0.339178 -0.017281 0.705139 -0.111990 -0.232784 -0.696094
-0.783242 -0.010573 -0.051864 -0.042169 0.663230 0.137455 -0.234336 -0.961505
-0.911681 0.198595 -0.011858 0.057515 0.861665 0.076336 -0.133635 -0.750309
-0.451634 0.463956 0.050637 -0.155704 0.279253 -0.194577 -0.118764 -0.167385
-1.123660 -0.488222 -0.208398 0.016162 0.747346 -0.097660 -0.217738 -0.509488
-0.918500 0.011083 0.012809 -0.115284 0.784206 -0.508292 -0.287915 -0.684288
-1.025714 0.004689 -0.218844 -0.079226 0.710551 -0.111372 -0.229405 -0.756786
-0.851110 -0.203119 -0.006981 -0.240903 1.025804 -0.431272 -0.359487 -0.704654
-0.754729 -0.291257 -0.191237 -0.108766 0.814487 0.105253 -0.493440 -0.821527
-0.803159 -0.089942 -0.180278 0.059040 0.810729 -0.315614 -0.176772 -0.831968
-0.827400 -0.284326 0.117444 -0.227716 1.075687 -0.333790 -0.227510 -0.519515
-0.939230 -0.379140 0.005722 -0.172452 0.946786 -0.508450 -0.366140 -0.606594
-1.008291 -0.196502 -0.325733 0.060218 0.790703 -0.380290 -0.156757 -0.602971
-1.114223 -0.162013 -0.214215 -0.241231 0.858480 -0.270689 -0.259225 -0.358509
-0.837544 -0.292270 -0.245058 -0.193064 0.691370 -0.176975 -0.273488 -0.591557
-0.432705 -0.170647 -0.099238 -0.116467 0.566645 -0.273125 -0.557153 -0.885747
-0.911067 -0.531008 -0.260892 0.389555 0.621659 -0.226008 0.353688 -0.449848
-1.180178 -0.137715 -0.289206 -0.109816 0.769290 -0.403957 -0.333501 -0.452948
-0.873571 0.107613 -0.207861 -0.152567 0.703678 -0.346535 -0.395793 -0.482870
-1.056661 -0.105862 -0.199316 -0.177876 0.731113 -0.268965 -0.400853 -0.554183
-0.990838 -0.042025 0.021667 0.043635 0.782540 -0.313453 -0.395954 -0.704241
-0.928668 0.057337 -0.126015 0.059325 0.759934 -0.132933 -0.252728 -0.851184
