0.416322 -0.428448 0.001780 0.047365 -0.408318 0.058448 0.434658 -0.175564
0.258197 -0.956008 0.157758 -0.560063 -0.215854 -0.473143 -0.245714 -0.758328
0.079295 -0.662838 -0.771301 0.405353 0.195791 -0.219932 0.015792 -0.006461
0.320193 0.090053 0.591227 -0.118621 0.056289 -0.701393 -0.739202 -0.324663
-0.144500 0.163772 0.630170 -0.756612 0.650594 0.046507 -0.655331 0.018931
-0.073590 -0.463096 0.055527 -0.773785 0.851339 -0.237024 -0.108220 -0.700448
-0.052560 -0.748230 0.967644 -0.649408 0.731479 0.369205 -0.124086 -0.677654
0.192624 -0.586791 0.340288 -1.033124 1.354606 -0.585877 0.142070 0.488345
0.023102 -0.757652 0.011163 -0.812778 1.175272 -0.637277 0.283970 0.052827
0.014277 -0.574834 0.610421 -0.294983 0.874765 0.014929 -0.571422 -0.325732
-0.352650 -0.105919 0.227204 -0.341491 1.192398 0.071536 -0.504158 0.014813
0.249089 -0.678105 0.205853 -1.415897 1.433438 0.120794 -0.196587 -0.242975
0.229719 -0.952242 0.129513 -0.922797 1.170412 -0.640196 0.111076 -0.235849
0.478294 -0.970994 -0.209871 -0.243856 0.932021 -0.094618 -0.320013 -0.173241
0.229332 -0.400846 -0.347213 0.313289 1.023915 -0.061804 -0.242575 -0.136239
0.528123 -1.059564 -0.024059 -0.786944 -0.015835 0.033505 0.394224 0.526405
0.072760 -0.821099 -0.135718 -0.411362 0.901076 -0.015856 0.091932 0.213909
0.212022 -1.379460 -0.345932 -0.651329 0.595467 0.239350 0.241163 0.776690
0.028468 -1.034433 0.094864 -1.161684 0.877964 -0.431787 0.150705 -0.086941
0.350034 -1.045571 0.367657 -0.937854 1.274588 -0.397693 -0.331083 -0.567018
-0.020421 -0.782254 0.448549 -0.826806 1.095675 0.069848 -0.106671 -0.341562
0.368009 -1.408123 0.012841 -0.726435 0.859008 -0.197574 -0.182051 -0.405355
-0.045994 -0.795655 0.828047 -1.070181 1.120676 0.080785 -0.610285 -0.542546
0.186154 -0.862470 0.272387 -1.043208 0.955175 -0.632166 -0.183218 -0.278355
0.311169 -0.445773 -0.069442 -0.819464 -0.039076 0.069600 0.495323 -0.134253
-0.383475 -0.873996 -0.158188 -1.482787 0.488093 -0.272776 -0.282850 -0.134689
0.245137 -0.274279 -0.105247 -0.871807 0.637259 -0.988662 -0.374082 -0.181196
0.428072 0.053676 -0.329438 -0.680495 0.749966 -1.006959 -0.079882 -0.145069
0.759499 -0.500120 0.427913 -0.723504 0.341398 -0.139451 -0.522051 -0.091030
0.621609 -1.356572 -0.268448 -0.860427 1.525613 -0.574229 -0.208661 0.125119
-0.436365 -0.767346 0.592915 -0.261642 -0.865963 -0.465731 -0.390909 -0.586407
-0.256967 -0.258169 0.290991 -0.460285 -0.336253 -0.425421 -0.611443 -0.907601
-0.140973 -0.295497 1.137371 -0.327445 0.010277 -0.028354 -0.311162 -0.105154
-0.204121 -0.772417 -0.707361 -0.373589 0.923643 -0.331786 0.152212 -0.281829
0.614799 0.218186 0.439449 -0.428957 0.147101 0.093314 0.096990 0.490122
0.224781 0.385297 -0.575435 0.273252 0.183973 -1.322472 0.292562 -0.214287
-0.472592 -0.505150 -0.082919 -1.174860 1.346296 -0.052879 0.151800 0.018178
-0.161198 -0.480085 0.499405 -0.672545 1.232157 -0.664555 -0.456509 0.216623
0.355726 -1.114008 -0.287024 -0.749538 1.107390 -0.041833 -0.070853 -0.403494
-0.089829 -0.327385 -0.321018 -0.600432 1.098975 -0.086371 0.369317 0.608662
-0.013667 -0.531508 -0.252498 0.167613 0.525634 -0.418407 0.233831 0.436945
-0.699503 -0.585851 -0.056771 -0.897838 1.018177 -0.456507 -0.107726 0.422670
-0.568486 -1.026829 -0.299738 -1.027011 1.146506 -0.401112 0.124486 0.303196
0.255204 -0.509951 -0.038243 -1.293134 0.454141 -0.531487 0.225739 -0.578633
0.054617 0.113431 0.268496 -0.309994 0.596262 -0.230799 0.027604 -0.056805
-0.554128 -0.059132 0.190109 0.232967 -0.633991 -0.535192 -0.492699 -0.666536
-0.321333 -0.393868 -0.478641 -0.775210 0.613363 -0.591067 0.040006 -0.388894
-0.342092 -0.067420 0.023376 -0.475222 -0.035450 -0.872655 -0.089054 -0.190189
0.519106 -0.110286 0.207685 -0.458603 -0.304087 -0.066719 -0.306255 -0.353357
-0.103355 -0.716525 0.073813 -0.938461 0.917737 -0.837311 -0.009209 -0.318106
-0.759587 0.421490 -0.505925 0.776359 0.595859 -1.432939 0.812330 0.089095
-0.436866 -0.668898 0.704308 -0.669432 0.186845 -0.267573 -0.086960 0.012465
-0.152786 -0.916192 0.304959 -0.340794 -0.026727 0.015592 0.315473 0.520318
0.815939 -1.063500 -0.267195 0.185513 0.478953 0.208874 -0.102215 0.027413
0.781277 -0.232389 -0.287565 -0.435027 0.787000 -0.036725 -0.154563 0.237279
0.034528 -0.971957 0.104272 -0.708832 0.846496 -0.859255 -0.179616 -0.026536
-0.408908 0.544751 0.087840 0.203285 -0.378394 -0.393828 -0.072927 0.536833
-0.283927 -0.457052 -0.537723 -0.094541 0.470495 -1.402704 -0.169684 0.080987
0.129774 0.483841 -0.093210 -0.592692 0.374606 -0.576524 -0.381541 0.257464
0.171648 -1.042110 -0.809214 -0.518425 0.397415 0.104170 0.169632 0.644969
-0.093750 -0.776146 0.147219 -0.965836 0.827552 -0.802657 0.045538 0.253850
0.294032 -0.719852 0.089846 -0.860551 0.930809 -0.384201 0.172913 -0.164924
0.062266 -0.459340 0.097333 -0.408562 1.309728 -0.131318 -0.468010 0.135052
0.720356 -0.683671 0.130504 -0.407795 0.942532 -0.261028 -0.478589 -0.173080
-0.213839 -0.440166 -0.087682 -1.379131 0.837088 -0.443699 -0.493449 -0.385935
-0.151016 -0.297574 0.787506 -1.044144 0.662321 -0.144770 -0.322612 0.151884
-0.196187 -0.479183 0.410143 -0.819222 0.716319 -0.350226 -0.603259 -0.216244
-0.015773 -0.256006 -0.499965 -0.899966 0.558124 -0.015053 -0.027709 -0.232113
-0.010004 -1.068666 0.481568 -1.309878 1.287657 0.275495 -0.579310 -0.250638
0.444223 0.768667 -0.172916 -0.528964 0.809415 -0.783712 -0.360910 -0.259420
-0.286244 -0.727197 -0.255682 -0.913047 1.295756 -0.064787 0.229607 -0.103499
0.653986 -0.417991 -0.265962 -0.596524 0.644712 0.319888 -0.376462 -0.209385
-0.291354 -1.179439 0.530603 -0.511043 0.866496 -0.347162 -0.335227 -1.043112
0.159137 0.177024 -0.770484 0.512956 0.310087 -0.939732 0.192651 0.113999
1.001457 -0.212801 0.058398 -0.816912 0.525622 -0.719965 -0.934898 -0.464166
0.288369 -0.433669 -0.459828 -1.031637 1.026533 -0.798473 -0.312197 -0.370198
0.000655 -0.556681 0.391999 -1.115207 0.134643 -0.318493 -0.774283 -0.039648
-0.156580 -0.717483 0.346708 -0.972467 0.838143 0.035816 -0.100889 -0.485928
-0.603505 -1.090893 1.106662 -0.176827 0.619338 -0.554524 -0.523876 0.094551
-0.305300 -0.825220 0.084822 -1.054442 1.204993 -0.618045 -0.359302 -0.188794
-0.212368 -0.672338 0.423690 -0.946631 0.736256 -0.673561 -0.554693 -0.116770
-0.051202 -0.843102 0.107997 -0.656592 0.871600 -0.478575 -0.389833 -0.317366
0.068737 -0.553487 -0.125809 -0.566933 0.779891 -0.214870 0.121993 -0.632246
-0.339681 -0.410434 0.700604 -0.644682 -0.214160 -0.277956 -0.320038 -0.415240
-0.022327 0.045616 -0.106542 -0.028952 -0.296587 -0.708667 0.022864 -0.001383
0.098896 0.068778 -0.261776 -0.432194 0.112560 -0.737873 -0.184630 0.285441
-0.594390 0.138082 0.312741 0.438600 0.160595 -1.059415 -0.260483 -0.411267
-0.107767 -1.292144 0.533819 -0.900198 -0.429180 0.008126 0.144565 -0.490521
-0.284487 -0.955615 0.953598 -0.657829 -0.100266 -0.082016 -0.072735 -0.750005
-0.603014 -1.099883 0.320526 -0.761899 0.837961 -0.455101 -0.599926 -0.331659
-0.251636 0.105645 0.655205 0.048714 -0.084468 -0.322600 -0.138310 -0.691230
-0.625355 -1.057990 0.248547 -0.550987 0.709441 -0.618676 -0.619369 -0.267790
-0.569502 -0.978276 0.251833 -0.707609 0.493848 -0.337605 -0.077440 -0.131926
-0.181756 -0.163398 -0.186080 -0.279007 0.198964 -0.011622 0.213760 0.436182
-0.439824 -0.835212 0.557464 -0.153614 0.522731 -0.355377 0.239469 -0.268475
0.051354 -0.778299 0.855589 -0.774581 -0.352367 -0.456902 -0.257537 0.150209
-0.540391 -1.047898 0.512933 -0.580302 0.670155 -0.405019 -0.459896 -0.388578
-0.497290 -1.009708 0.353836 -0.791767 0.093315 -0.685671 -0.174004 -0.338495
-0.284795 -0.918761 0.286549 -0.868014 -0.117501 -0.684178 -0.398089 0.112878
0.493224 0.018320 0.181957 -0.405990 0.296206 -0.807178 -0.340210 -0.796219
-0.071094 -0.614257 0.164017 -0.677631 -0.642095 -0.629627 -0.100471 -0.213758
0.240391 -0.816700 0.583586 -0.896562 1.150099 -0.487615 -0.396169 -0.119601
-0.513011 -0.385578 0.477149 -0.637711 -0.564792 -0.311488 -0.610720 -0.007562
-0.180681 -0.414258 0.420098 -0.684124 -0.436296 -0.241263 -0.330343 -0.263355
-0.041898 -1.108440 -0.114700 -0.520015 0.299035 -0.378746 0.266326 0.296720
-0.508731 -0.982720 0.558454 -0.431932 0.330092 -0.757936 -0.518498 -0.623360
-0.351459 -0.190664 -0.021692 0.039686 -0.172701 -0.603585 -0.125260 0.035585
-0.706936 -0.453843 0.379494 -0.325225 0.022897 -0.575436 -0.459289 -0.231071
-0.457867 -0.848568 0.600466 -0.371288 0.490241 -0.648993 -0.810274 -0.531257
0.271757 -0.200813 0.081566 0.686136 0.541673 -0.841729 -0.061769 0.433460
0.081790 -0.509321 0.749527 -1.066915 0.971763 -0.537076 -0.484354 0.074696
0.384845 -0.642478 0.491744 -0.863310 1.016526 -0.569097 -0.504851 0.093965
0.022867 -0.977811 0.104557 -0.906905 1.224300 -0.390269 0.082631 -0.210672
-0.421704 -0.820199 0.689876 -0.415470 0.223101 -0.256790 -0.496374 -0.433542
0.308330 -0.462468 0.487278 -1.380207 0.709805 -0.420982 -0.402797 -0.327539
-0.376986 -0.707053 0.231909 -0.484232 -0.396795 -0.856382 -0.149437 -0.143335
-0.333352 -0.332074 0.153144 0.185446 -0.132778 -0.398269 0.242831 0.129322
-0.437035 -0.810658 0.198746 -0.248575 0.122748 -0.075626 -0.443762 -0.479232
0.521011 -0.879449 0.269462 -0.829220 0.347990 -0.276573 -0.452543 -0.571169
-0.199559 -0.877139 0.438404 -0.632354 0.304908 -0.183922 -0.230138 -0.592056
0.064035 -0.506568 0.430360 -0.772030 0.988223 -0.306292 -0.768228 -0.394250
-0.270762 -0.671702 0.378198 -0.527924 -0.286651 -0.742707 -0.263109 -0.370586
-0.288744 -0.993816 -0.310344 -1.049533 1.202912 -0.439488 -0.308958 0.168138
-0.340597 -0.729743 0.319493 -0.363463 0.436834 -0.525923 -0.335733 -0.322385
-0.323028 -0.486513 0.157299 -0.136330 -0.010751 -0.724630 -0.384461 -0.843054
-0.357115 0.175607 0.548907 -0.337319 0.343557 0.235647 -0.050384 -0.219500
0.222655 -0.678202 -0.870701 -0.303180 0.675221 -0.661848 0.069002 0.173403
-0.201432 -0.668018 -0.059798 -1.118861 0.755139 -0.118656 -0.462013 -0.084910
-0.419471 -1.128092 0.341077 -0.807183 0.679665 -0.589913 -0.440715 -0.469246
0.111289 -0.518800 -0.061064 -0.584028 0.319763 -0.832673 -0.128969 -0.062597
-0.118788 -1.067900 -0.016379 -1.075000 0.688764 -0.463229 -0.478243 -0.055386
-0.016380 -0.468558 -0.567313 -0.134014 0.268329 -0.233266 0.293180 -0.184558
-0.389268 -0.332185 0.131847 -0.142897 0.233389 -0.936951 -0.162039 -0.719779
0.307278 -1.618846 -0.360323 -1.029014 0.987209 0.019594 -0.296449 -0.125479
-0.832332 -0.104177 -0.143198 -0.266992 0.638358 -0.110784 -0.376697 -0.972709
-0.909818 -0.116932 -0.101468 -0.105210 0.641690 0.140358 -0.251001 -0.758191
-0.923301 -0.158609 -0.118570 -0.178127 0.801358 -0.199753 -0.288831 -0.726180
-0.786884 -0.159629 -0.113740 0.033065 0.656425 -0.132225 -0.353086 -0.708174
-0.736398 -0.081999 -0.161092 0.148725 0.603521 -0.013818 -0.243879 -0.847213
-1.026722 -0.084487 -0.197219 -0.090253 0.795721 -0.221966 -0.272764 -0.695914
-1.036708 -0.358800 -0.083457 -0.201297 0.951023 -0.340021 -0.225369 -0.480820
-1.028280 -0.182245 -0.178988 -0.021346 0.852504 -0.121109 -0.120413 -0.690745
-0.973506 -0.252837 -0.101457 -0.018394 0.853760 -0.216366 -0.251710 -0.626397
-0.892031 -0.235265 -0.024192 -0.024039 0.876345 -0.174830 -0.197861 -0.712183
-0.956791 -0.201570 -0.047315 -0.045704 0.905045 -0.378495 -0.291184 -0.584537
-0.999076 -0.237283 -0.013977 -0.089376 0.951319 -0.399926 -0.246486 -0.491404
-0.884226 -0.146774 0.004181 -0.082929 0.928045 -0.282094 -0.245801 -0.670666
-0.907358 0.003377 0.061815 -0.102929 0.429587 0.206180 -0.046360 -0.946362
-1.080568 0.244815 -0.122389 -0.042386 0.508479 -0.111242 -0.522619 -0.861101
-0.967694 -0.176023 0.098584 -0.022269 0.845629 -0.343262 -0.040612 -0.704576
-0.999838 -0.144526 0.213111 0.471233 1.036860 -0.518712 -0.215062 -0.464042
-0.947451 -0.145664 -0.040825 -0.097287 0.971814 -0.294433 -0.166461 -0.700902
-1.002412 0.190053 -0.275300 -0.106036 0.659689 -0.210151 -0.393790 -0.735859
-0.842315 -0.001874 -0.106505 -0.149859 0.777019 -0.223947 -0.312548 -0.783804
-0.988342 -0.000734 -0.204791 -0.188504 0.549690 0.103397 -0.361083 -0.714881
-0.972654 -0.060601 -0.122382 -0.194586 0.842428 -0.189904 -0.220876 -0.694908
-0.281585 0.410828 -0.526456 0.416267 0.245513 -0.581843 -0.243391 -0.122839
-0.728173 -0.014956 -0.092218 -0.076450 0.931059 -0.357701 -0.217094 -0.786655
-0.698988 0.653075 -0.788295 -0.041704 -0.058075 -0.406639 -0.243381 -0.645023
-0.866144 -0.042232 -0.081114 -0.015247 0.901355 -0.360891 -0.231359 -0.754947
