-0.033725 -0.291778 0.094065 -0.649502 0.268224 -0.543800 0.198495 -0.461041
0.188345 -0.527437 0.332943 -1.326209 1.419987 -0.359824 -0.538664 -0.182505
0.493217 -1.011514 -0.206650 -1.022230 1.088608 -0.514112 -0.443279 -0.896743
0.516875 -1.202400 0.206557 -0.773113 1.437482 -0.208834 -0.871385 0.387241
0.009877 0.119749 -0.102817 0.053591 -0.196404 -0.421669 0.079863 -0.407467
0.698134 -0.592488 -0.138399 -0.801983 1.162334 -0.817094 -0.201422 -0.294595
0.786173 -0.389339 -0.090328 -1.088323 0.609444 -0.678607 -0.605438 0.237126
0.259414 -0.131768 0.352636 -0.048040 0.915120 0.050679 -0.498991 0.133212
0.488367 -0.846600 -0.071177 -1.261987 1.325042 -0.133106 0.034270 -0.215705
0.349105 -0.547976 -0.019458 -0.944959 0.857346 0.141370 -0.511830 -0.789466
0.300476 -0.286820 0.116218 -0.536987 0.830440 -0.196061 -0.327491 -0.024352
-0.076551 -0.863685 0.879617 -1.130883 0.601880 -0.504947 -0.253268 -0.060572
0.183324 -0.920537 0.614816 -1.333359 1.138764 -0.648189 -0.347420 -0.095249
-0.048436 -0.181784 -0.726997 -0.296048 0.934314 -0.098729 0.326047 0.521200
-0.340797 -0.439717 -0.025595 -0.523842 -0.178295 -0.005116 -1.023027 -0.437199
-0.162570 -0.445506 0.563701 0.133311 -0.873442 0.066919 0.411460 0.514376
0.227249 -0.698127 0.169666 -1.067144 1.074027 -0.020552 -0.167607 -0.203426
0.130531 -0.721420 0.419503 -0.715110 1.148076 -0.605588 -0.234897 0.155316
-0.556862 -0.636922 -0.045289 -0.018045 0.193691 -0.410380 -0.133891 -0.253282
-0.464394 -0.468478 0.240646 0.160419 0.058254 -0.643505 0.145613 0.042670
-0.612011 -0.746231 0.263139 -1.280015 0.333309 -0.529032 -0.402001 -0.377755
-0.112327 -0.096466 0.611049 0.197334 -0.121085 -0.743999 -0.814299 -0.812110
0.222847 -0.309664 0.863595 -0.630861 0.663521 0.198993 -1.174480 -0.511314
-0.099544 -0.257390 -0.234746 -0.495428 0.523232 -0.313167 -0.624198 -0.554050
0.228834 -0.969272 -0.394248 -0.333311 0.669369 -0.609652 0.442716 0.282537
0.110847 -1.302436 -0.513050 -0.746017 0.597148 -0.944137 -0.113423 -0.349479
0.164463 -0.319194 0.543213 -1.184975 0.778854 -0.853599 -0.230277 -0.211325
-0.319086 -0.411476 -0.082869 -0.248203 0.670391 -0.122096 -0.233550 -0.250854
0.045563 -0.222034 0.518657 -0.245796 0.232797 -0.618075 -0.559465 -0.577790
0.424262 -0.708436 0.406657 -0.538072 0.996051 -0.369332 0.201225 0.264443
-0.260099 -0.975119 0.904865 -0.679245 0.122947 0.004853 -0.156363 -0.481566
0.606232 -0.417995 0.394214 -0.397008 0.143210 -0.410047 -0.061193 -0.620652
0.652221 -0.783165 0.042795 -0.967694 1.428820 -0.414428 -0.463834 -0.119221
1.013275 -0.286893 0.522398 0.178087 0.652420 -0.442631 -0.261996 0.228389
-0.254988 -0.547885 1.017834 -0.884425 0.920662 -0.335991 -0.590523 -0.353923
-0.519419 -0.705933 0.542265 -0.191106 -0.586988 -0.328138 -0.389172 -0.337965
0.301773 -0.598596 -0.594897 -0.163848 1.048379 -0.538713 -0.412463 0.251378
-0.146356 -0.522541 1.026153 -0.587744 0.593640 -0.117467 -0.352824 -0.721995
-0.643904 -0.399489 0.411184 0.044391 -0.061798 -0.651656 -0.057127 -0.704332
-0.739320 0.067069 0.004205 -0.396239 -0.041377 -0.420221 0.041445 -0.469391
0.304908 -0.155873 -0.248335 -0.775634 0.281615 -0.798312 -0.048040 -0.605981
-0.363753 -0.227532 0.092401 -0.283341 0.170708 -0.459360 -0.246995 -0.643964
-0.353666 -0.541476 0.179464 -0.794557 0.117447 -0.614879 -0.256197 -0.532053
-0.584325 -0.902183 0.325707 -0.350470 0.422444 -0.513187 -0.213148 -0.437613
0.025114 -0.621384 0.756039 -1.317713 0.054150 -0.457597 -0.351289 0.075171
0.348862 -0.784296 0.692030 -1.268701 0.596006 -0.685529 -0.359842 -0.035241
0.291831 -0.438076 1.241470 -0.751742 0.509030 -0.009715 -0.518925 -0.369447
0.208050 -0.663993 0.654242 -1.116324 0.507402 -0.591098 -0.282534 -0.102186
0.343309 -0.620001 0.576130 -1.261063 0.478358 -0.691386 -0.387566 0.059509
-0.357891 -0.539314 0.576453 -1.126229 0.228296 -0.546435 -0.425644 -0.290542
0.400909 -0.641142 0.435288 -1.298024 0.574884 -0.759507 -0.370761 0.019601
0.354144 -0.659280 0.457061 -1.286493 0.602004 -0.663623 -0.309168 0.018487
-0.318687 -0.837085 0.754367 -0.869372 0.319647 -0.289799 -0.310135 -0.767413
-0.370955 -0.909815 0.312548 -0.560915 0.595236 -0.953697 -0.300484 -0.314141
-0.308873 -0.738153 0.485349 -0.956017 0.935184 -0.317802 -0.362276 -0.410660
0.184040 -0.386959 0.353457 -0.658278 0.345722 -0.082349 0.158373 -0.639778
0.047385 -0.292876 -0.345524 -0.200648 0.684403 0.050667 0.427717 0.620101
0.299373 0.044170 0.066179 0.590999 0.207649 -1.220386 -0.303844 -0.310668
-0.793146 -1.100473 0.257124 -0.838497 0.502514 -0.203467 -0.295939 -0.178500
-0.578346 -0.652089 0.019437 -0.323143 -0.105096 -0.154112 -0.533587 -0.041362
-0.085481 -0.462972 0.721966 -0.952430 0.003785 -0.415607 -0.641875 -0.258349
-0.263116 -0.816923 0.410869 -0.824196 1.000161 -0.620250 -0.309081 -0.561909
-0.197582 0.071796 -0.704486 -0.206720 0.984861 -0.055730 0.704663 0.125384
-0.741445 -0.809536 0.273851 -0.275565 0.168403 -0.402573 -0.321441 -0.483013
0.498276 -0.376097 0.315889 -0.128742 1.035865 -0.751702 -0.115260 0.231134
-0.255910 -0.773404 0.607041 -0.882433 0.052890 -0.270995 -0.573991 -0.279472
-0.253745 -0.409120 0.421690 -0.800015 -0.129838 -0.742844 -0.718739 -0.345483
-0.024338 -1.129404 1.014451 -0.128523 1.147283 -0.049609 -0.735961 -0.406651
-0.484578 -0.387181 0.456963 -0.709831 0.111798 -0.250100 -0.536195 -0.390088
-0.005596 -0.345213 0.164248 -1.176201 0.079709 0.789733 0.243956 -1.040397
0.813998 -0.490663 -0.888324 -0.298734 0.164308 -0.164215 -0.155960 0.218835
0.050643 -0.594810 0.793231 -1.212227 0.315345 -0.386378 -0.356008 0.023424
0.203668 -0.401591 -0.598621 -0.363597 0.657986 -0.486757 0.009414 -0.648316
-0.236742 -0.541468 -0.007558 -0.982199 0.973011 -0.097767 -0.347317 -0.481950
0.798876 0.431048 -0.360076 -0.549039 0.376499 0.304729 -0.528545 -0.364388
0.118396 -0.800890 0.723360 -1.370876 0.990603 -0.289376 -0.691137 -0.437332
0.751724 -0.766335 -0.028564 -0.608563 1.187010 -0.045201 -0.006288 -0.547719
0.591378 -0.978383 0.139877 -0.574286 0.342230 -0.068373 -0.023449 -0.321491
0.533912 -1.383551 -0.243531 -0.264384 0.025476 -0.396456 0.143448 -0.022231
-0.037295 0.510937 -0.219608 0.566018 -0.759707 -0.683665 -0.337486 -0.014880
0.028488 -0.962750 -0.071603 -0.890071 0.564274 0.234497 -0.110359 -0.312381
-0.439414 -0.017577 -0.477981 0.244844 0.297466 -0.407245 0.909725 0.068480
-0.179355 -0.277535 -0.079424 -0.100556 0.528217 0.066100 0.526125 0.342444
-0.474320 -0.619343 0.365717 -0.139061 0.016220 -0.868247 -0.187663 -0.657325
-0.985731 0.080163 -0.059537 -0.795797 0.414275 0.253359 0.185651 -0.067118
0.344493 -0.358747 -0.372360 -0.793263 1.019093 -0.168624 -0.514548 0.149468
0.309629 0.394220 -0.148904 -0.325443 0.473692 -0.479506 -0.399166 -0.437625
-0.208009 -0.097739 -0.279438 -0.947541 1.110928 -0.360653 0.157144 0.061497
0.022221 0.221745 -0.552263 0.334423 0.504673 -0.405100 0.114721 -0.114628
0.169748 -0.002294 0.170628 -0.456641 1.163390 0.122294 0.034802 0.104407
0.393837 -0.608437 -0.138799 -1.006176 0.323714 -0.905346 -0.258229 -0.341034
-0.194163 0.201356 -0.156671 -0.134437 0.300100 -0.922308 -0.066949 -0.971472
0.189011 -0.621336 0.478415 -0.759355 0.518884 -0.578768 -0.774918 -0.376617
-0.300656 -0.501556 0.435484 -0.857446 -0.350157 -0.606392 -0.488877 -0.344742
-0.950921 -0.074074 -0.045214 -0.422728 0.705146 -0.176593 0.363028 -0.030434
-0.936820 -0.167562 -0.061580 -0.222514 0.757884 -0.179946 -0.198245 -0.587404
-1.110491 -0.247723 -0.140775 -0.188081 0.897620 -0.240853 -0.171306 -0.581044
-1.062378 -0.415421 -0.248840 0.025956 0.812120 -0.413629 -0.238638 -0.540110
-0.737643 0.296502 0.033217 0.263217 0.667723 -0.107004 -0.465942 -1.045559
-0.906657 0.217248 -0.194952 -0.450228 0.477492 -0.451301 -0.639274 -0.475231
-0.997665 0.086697 -0.088190 0.003863 0.907349 -0.317569 -0.183318 -0.809287
-0.103131 -0.630410 -0.065809 0.099944 0.293262 -0.230850 -0.093961 -0.344396
-0.232670 -0.991386 0.200108 -0.235428 0.465087 -0.061824 -0.250601 -0.435698
-0.537124 -0.537130 0.170588 -0.262544 0.923631 -0.193044 -0.204878 -0.668502
-0.640182 -0.475834 0.278785 -0.310063 0.743344 0.024587 -0.301591 -0.542690
-0.563331 0.062582 0.119566 -0.280685 0.853870 -0.244963 -0.302188 -1.015185
-0.682594 -0.145531 -0.002698 -0.086935 0.742313 -0.464282 -0.111162 -0.791739
-1.058623 -0.165340 -0.185092 -0.049225 1.032170 -0.377093 -0.040444 -0.655710
-0.910670 -0.214811 0.005508 -0.061461 0.930816 -0.295054 -0.245354 -0.661661
-0.580812 -0.674942 0.350463 -0.435713 1.003978 -0.400142 -0.323670 -0.481553
-1.135162 -0.305405 -0.105794 -0.277516 1.018016 -0.440556 -0.174811 -0.460910
-0.640853 -0.267242 0.053730 0.320524 0.756244 -0.419602 -0.322788 -1.004854
-0.814539 0.130346 -0.227820 -0.095318 0.564647 -0.323230 -0.139786 -0.514410
-0.977194 0.443120 0.133761 0.316231 -0.098452 0.284792 -0.580716 -1.216883
-0.451697 0.378010 -0.060659 0.016954 -0.183531 0.510034 -0.474876 -1.006948
-0.904346 -0.174578 -0.104274 -0.164718 0.691459 -0.039796 -0.375427 -0.671112
-1.061011 -0.085382 -0.222216 -0.120670 0.855600 -0.189578 -0.158938 -0.693785
-0.954305 0.578637 -0.124111 0.330529 0.996007 -0.059630 -0.286168 0.222520
-0.887983 0.185214 -0.159707 -0.025535 0.792558 -0.236050 -0.162148 -0.840552
-0.946436 0.047113 -0.340356 0.112481 0.733617 0.132184 -0.220852 -0.747293
-0.731566 0.029891 0.151257 -0.413871 0.320659 0.087093 -0.682132 -0.595303
-0.547108 -0.033620 -0.184305 -0.211615 0.120760 0.256819 -0.347547 -0.738044
-0.876932 0.422298 -0.237151 0.363006 0.393785 0.369772 0.041992 -0.987955
-0.758332 -0.030376 -0.023289 -0.062481 0.948931 -0.305775 -0.111875 -0.831638
-0.631660 -0.384009 -0.051772 0.405830 0.436402 -0.591737 0.331097 0.135911
-0.288394 0.139048 0.216187 0.231625 0.553667 -0.580221 -0.339818 -0.487944
