0.097579 -0.793669 -0.257160 -0.587917 0.574000 -0.251679 -0.354990 -0.347696
-0.354511 -0.547572 0.120767 -0.525156 1.463715 -0.334129 -0.464018 0.509146
0.515819 -0.293264 -0.153257 -0.054458 0.349238 -0.097615 0.142867 -0.127293
0.143978 -0.920823 0.215092 -0.623094 1.323981 -0.313133 -0.307066 -0.200939
0.125727 -1.007478 -0.028725 0.044820 0.957720 -0.031710 0.080962 0.448701
0.289945 -0.800568 0.469353 0.046803 1.268306 -0.168066 -0.464882 -0.532091
0.482768 -0.614396 0.119707 -0.947365 0.720775 -0.357698 -0.678721 -0.414481
0.448233 -1.020966 0.075219 0.249332 0.089926 -0.276594 0.679878 -0.166817
0.431200 -0.795701 -0.160638 -1.069956 0.494630 0.002875 0.103104 0.385074
0.755864 -0.607936 0.153645 -0.145664 0.024520 0.003103 0.304303 -0.166923
0.238639 -0.597533 0.338385 -0.197783 1.357468 -0.141730 -0.387501 0.049094
0.513420 -0.842629 0.384704 -0.268692 1.090512 0.072855 -0.289949 0.099585
0.705741 -1.123303 -0.124214 -0.526300 0.964772 0.022455 0.139982 0.640098
0.285004 -1.263980 0.014182 -0.769624 1.302434 -0.007329 -0.145769 0.103109
-0.329240 -0.156112 0.383829 -0.635285 0.174261 0.683689 0.145714 0.003560
0.215689 -0.340694 0.376249 -0.139157 0.632179 -0.182312 -0.179190 -0.089215
-0.523063 -0.016424 -0.133551 -0.366173 0.908841 -0.397474 0.687819 0.172403
0.493384 -0.056940 0.035971 -0.476531 0.432084 0.099796 -0.779007 -0.441914
0.806874 -0.154196 0.299668 -0.205452 0.533103 -0.684083 -0.452418 0.311855
0.086017 -0.199365 0.321343 0.203454 0.232856 -0.215548 0.429858 0.449225
-0.845962 -0.507231 0.091345 -0.394127 0.715793 0.501580 0.104942 0.115629
0.845701 -1.098459 -0.080312 0.124773 0.929863 -0.391751 -0.211872 -0.012531
-0.309103 -0.687281 0.082280 -0.758760 0.857191 0.141452 0.192995 -0.006111
-0.265517 -0.346133 0.133340 -0.710187 1.011703 -0.069615 0.260687 0.120297
-0.388064 0.009436 -0.501792 -0.096415 0.174834 0.282848 0.421673 -0.171591
0.590712 -0.012721 0.177498 -0.396241 -0.369588 0.560780 0.383836 0.274454
0.398561 -0.475040 0.071814 -0.159032 1.365474 -0.002016 -0.015658 0.088392
0.234329 -0.763212 0.179281 -0.173594 1.292896 -0.008482 -0.068046 -0.099181
-0.185496 -0.241912 -0.657000 -0.175494 0.787992 -0.322065 1.003121 0.320667
-0.145015 0.137494 -0.056943 0.036233 0.281414 -0.784758 0.394469 0.199714
-0.419214 0.683089 -0.528464 0.233963 0.536362 -0.268696 0.300150 0.726274
0.280256 0.330090 0.355115 0.461256 -0.389776 -0.340127 0.181852 0.378259
-0.231167 -0.280448 -0.116498 -1.227179 0.398286 -0.259498 0.470319 0.013435
-0.634143 -0.718931 -0.020679 -0.910671 1.187200 -0.140621 0.705964 -0.010251
-0.533767 -0.171282 -0.392568 -0.394839 1.290476 0.436308 0.829315 -0.006590
-0.297521 -0.388879 -0.077459 -0.884949 0.927114 -0.115955 0.127489 0.210554
-0.270914 0.270725 -0.324832 0.251199 0.465613 -0.231887 0.681772 0.401441
-0.126851 -0.570530 -0.515849 -0.544057 0.725549 0.467180 0.771825 0.004270
-0.803938 -0.167875 -0.619494 -0.040189 0.570961 0.037312 0.553858 0.562362
-0.646313 0.040599 -0.180393 -0.982858 0.439947 0.471783 0.407111 -0.188925
-0.157880 -0.518135 0.006318 -0.465121 0.057469 0.382519 -0.096974 -0.473372
0.054759 -0.672442 0.250276 -0.573770 0.637042 -0.613148 -0.260090 -0.908224
0.402284 -0.409601 1.087206 -0.433481 -0.289288 0.137679 0.167595 0.879731
0.854805 -0.310848 -0.137712 -0.861421 0.159305 0.383621 -0.350013 0.236249
0.236769 -0.183336 0.655571 -1.273139 0.705812 0.019071 -0.569652 0.018877
0.152839 -0.461596 -0.397026 0.284122 1.115383 -0.688228 -0.045696 -0.351370
-0.298344 -0.428306 -0.644848 -0.074226 0.411118 -0.337287 0.596871 -0.362180
0.303893 -1.151523 0.286515 -0.856132 1.278274 -0.133017 0.324049 0.037313
-0.240371 0.461457 0.371147 0.517299 0.374652 -0.328613 0.506115 0.695875
-0.013366 -0.434300 -0.498724 -0.218683 0.688009 -0.484960 0.685680 0.487047
0.132876 -0.488654 -0.273992 -0.607301 0.173677 -0.461056 0.131933 -0.302459
0.179720 -0.562725 0.481455 -0.080520 -0.029318 0.217222 0.135101 0.775737
0.355290 -1.064633 -0.393114 -0.297161 1.227682 0.116940 -0.375898 -0.471991
-0.027885 -0.055641 -0.255443 0.291057 0.099030 -0.452612 0.640288 0.694683
0.009002 -0.856507 -0.629943 -0.273917 0.004486 0.121884 0.505973 0.731431
-0.151724 -0.401044 0.324453 -0.254993 0.800866 -0.528084 -1.137672 -0.151607
-0.287366 -0.565570 0.034015 -0.818013 0.702127 -0.095025 0.264504 -1.050410
0.129011 -0.645174 -0.084709 -0.339557 0.684897 0.153783 0.653029 0.635881
-0.027449 -0.173645 -0.370839 -0.449619 0.899085 -0.110382 0.456502 0.400226
-0.022703 0.031854 -0.358676 0.106509 -0.508927 -0.958837 -0.160637 -0.176996
0.457160 -0.521546 0.248734 0.110845 1.243431 0.365868 -0.433287 -0.187626
0.047189 -0.584873 0.057952 -0.204253 1.291483 0.154485 0.053697 0.208909
-0.103913 -0.156942 0.487655 -0.566579 0.758971 -0.229823 -0.761103 -0.530158
-0.041484 -0.573140 -0.100845 -0.084390 0.461722 -0.956868 -0.378061 -0.889302
-0.199237 -0.758799 0.461851 0.060641 -0.878939 -0.552551 -0.407838 -0.329194
-0.438423 0.161008 0.055342 -0.005365 0.623554 0.045060 0.121428 0.665153
0.254142 -0.573545 0.346883 -0.811275 -0.917174 -0.297885 -0.392489 -0.506927
0.011065 -0.639272 0.063629 -0.638221 -0.338081 0.335231 0.138197 0.068677
0.202480 -0.842268 0.184276 -1.005944 0.182686 -0.472796 0.068927 -0.434939
-0.003278 -1.044258 -0.150394 -1.109411 0.859886 0.247115 0.162393 0.369082
0.428376 0.322856 0.774050 0.079343 0.245536 0.021385 -0.716104 -0.714631
-0.381278 -0.733902 0.521895 -0.331933 0.350519 -0.577758 0.678061 0.243782
0.049522 -0.604161 0.231024 -1.196158 0.396505 -1.006401 0.121960 -0.164139
0.265517 -0.238853 0.485119 -0.581037 0.816062 -0.452164 -0.377494 -0.615776
0.669168 -0.512227 0.545613 -0.416460 1.390712 -0.374793 -0.487904 -0.302433
0.599720 -0.853888 -0.222187 -0.488230 -0.274182 -0.815339 0.414620 0.217551
0.294531 -0.343486 0.761861 -0.294970 1.019676 -0.568839 -0.310477 -0.260245
-0.096757 0.444146 -0.887900 0.494299 -0.480011 -1.067135 0.179849 0.192947
0.370926 -0.074326 0.479896 0.121340 -0.018799 -0.078491 -0.169029 -0.080641
0.115777 -0.692960 0.331563 -1.231814 0.905167 -0.769942 -0.147944 -0.129361
0.798653 -0.404641 0.164631 -0.517074 0.031794 -0.675923 -0.750403 0.311172
0.429979 -0.407469 -0.051287 0.216848 -0.424605 -0.234269 -0.064468 -0.155428
0.638205 -1.354671 0.503339 -0.413656 -0.610789 0.513373 0.135739 -0.073983
-0.273306 -0.500665 0.742497 -0.756282 -0.092925 0.158610 -0.266699 -0.136012
-0.272510 -0.538823 -0.104861 -0.555277 -0.484123 -1.149867 -0.296671 -0.407365
0.222352 -1.071041 0.228878 -0.545339 0.223597 -0.034301 0.137678 -0.551404
0.147021 -0.028259 0.892240 -0.010701 -0.562642 -0.254404 -0.650199 -0.450996
0.120829 -0.836546 0.268395 -0.684550 0.174565 -0.786623 -0.263168 -0.102282
-0.051506 0.265975 -0.307447 -0.229911 0.051055 0.101655 -1.003418 -1.047762
-0.387881 -0.594413 0.197935 -0.532681 -0.120269 -0.475809 -0.301314 -0.558511
-0.081702 -0.126216 -0.132668 -0.749319 -0.593132 0.851987 0.551841 0.226976
-0.849093 -0.697230 -0.172377 0.111221 -0.111570 -0.072637 0.302807 -0.813780
-0.064520 -1.405907 0.338440 -1.026806 0.891654 -0.841800 -0.172679 0.050291
0.047400 0.304094 0.027252 0.164719 0.188693 -0.291327 0.342483 0.310472
-0.761776 -0.542515 0.288571 -0.329279 0.280586 -0.334473 -0.137816 -0.224181
-0.132822 0.078701 0.646551 0.592877 -0.631724 -0.667988 -0.246963 -0.214263
0.080513 -0.683382 0.549936 -0.720114 -0.147131 -0.388479 -0.231601 -0.183491
-0.785824 -0.649839 0.393994 -0.631120 0.334611 -0.479067 -0.352321 -0.446858
-0.644828 -0.489671 0.762237 -0.115383 -0.049273 0.154774 -0.325357 -0.500768
0.819738 -0.199305 -0.197230 -0.113111 -0.914509 -0.138161 0.068575 -0.172450
0.369920 -0.287879 0.149150 -0.379030 0.942934 -0.660248 -0.573583 -0.096499
0.701326 -0.837055 0.223504 -0.631942 -0.802828 -0.340117 -0.018804 -0.129289
-0.617204 -0.476068 -0.276197 -0.597634 -0.012055 -0.894311 -0.321945 -0.283250
0.320055 -0.531879 0.543811 -0.760080 -0.592890 -0.583260 -0.283316 0.215713
-0.672692 0.008867 -0.665695 -0.520436 0.155728 -1.085618 -0.172202 -0.684337
-0.261011 0.359256 0.385856 0.020270 -0.125454 -0.376781 -0.413719 -0.285631
-0.394171 -0.189431 0.424361 0.453740 -0.470978 -0.400941 -0.369693 -0.164099
0.483320 -0.307054 -0.122645 -0.342063 -0.051697 -0.973384 -0.038377 0.013095
-0.481011 -1.010997 0.535883 -0.805214 0.920938 -0.314622 -0.325867 -0.400284
-0.116795 -0.969572 0.047557 -0.463867 0.474933 -0.851379 -0.201026 -0.687409
-0.273028 -1.105858 0.711495 -0.593891 0.800039 -0.139208 -0.547654 0.219863
0.329100 -1.145724 0.426518 0.300546 -0.199078 -0.401260 -0.342085 0.049760
0.045758 -0.570648 0.188444 0.042952 -0.555133 -0.135703 -0.033489 0.284553
-0.281726 -1.033750 0.409153 -0.501267 -0.510919 -0.486285 -0.231069 0.106873
-0.443292 -0.440744 -0.358631 0.130183 0.121635 -1.125474 0.044170 -0.043368
-0.053476 -0.113276 -0.254550 -0.789037 0.406413 -0.768457 -0.670424 -0.607119
0.086144 0.015309 -0.181038 0.006495 0.040302 -0.985739 -0.262281 -0.292844
0.298603 -0.347782 0.469147 -1.096981 0.179558 -0.194952 -0.157472 -0.298997
-0.056414 -0.772929 0.373877 0.086244 0.322020 -0.272417 0.041730 -0.719832
-0.892355 0.384889 -0.198865 0.559797 0.372294 -0.738111 -0.598773 -0.386301
-0.516287 -0.099913 -0.123177 -0.281459 0.595021 0.535188 -0.625495 -1.175545
-1.107176 -0.275718 -0.147900 -0.012510 0.899286 -0.462168 -0.303458 -0.453751
-0.916886 0.008285 -0.219340 -0.029467 0.793344 -0.204983 -0.237705 -0.701651
-0.789220 0.141282 -0.182774 -0.198339 0.799804 -0.022725 -0.398007 -0.763407
-1.013516 -0.148541 -0.145724 -0.211536 0.848922 -0.129028 -0.213191 -0.627926
-1.045752 0.093589 -0.292774 0.161616 0.830443 -0.347133 -0.057489 -0.668022
-0.307447 0.214604 -0.404789 -0.068490 0.235927 -0.021927 -0.837908 -0.323254
-1.003336 -0.231342 -0.100503 -0.271171 0.788639 -0.312311 -0.301531 -0.471634
-0.859023 -0.015550 -0.117718 -0.257216 0.997150 -0.289141 -0.067942 -0.696856
-0.905027 0.014066 -0.080500 0.198894 0.735791 -0.518890 -0.501403 -0.667207
-1.211173 0.060788 -0.504454 -0.022909 0.738445 -0.290269 -0.208567 -0.602166
-1.167806 0.284096 -0.811450 0.183038 0.430819 -0.779233 -0.380509 -0.264375
-0.866648 0.029435 -0.153317 0.163156 0.816751 -0.454235 -0.203916 -0.920632
-1.135415 -0.341972 -0.115746 -0.149538 0.934100 -0.308615 -0.270667 -0.409112
-1.079193 -0.149821 -0.244402 -0.134737 0.569748 -0.071217 -0.430517 -0.657481
-1.118047 0.107826 -0.270011 -0.323733 0.560711 -0.039193 -0.291066 -0.484192
-1.054805 -0.141377 -0.298338 -0.245136 0.435326 -0.047889 -0.534213 -0.479521
-1.002929 0.034887 -0.439843 -0.250064 0.257502 0.002405 -0.291528 -0.625924
-0.904887 0.004788 -0.202524 -0.345166 0.657118 -0.097143 -0.180695 -0.520249
-0.714462 0.098797 -0.058678 0.091296 0.713421 -0.239521 -0.559139 -0.924539
-0.975357 0.019294 -0.093287 0.009943 0.677858 -0.134424 -0.212700 -0.539599
