0.259863 -0.432581 0.095124 -0.540876 -0.528293 -0.127607 -0.179550 -0.048974
0.080851 -1.075838 0.172993 -0.511166 -0.645942 0.038620 0.520987 0.588657
-0.155092 0.034771 -0.602513 -0.734543 0.297571 -0.334574 0.097549 0.022733
-0.417296 -0.219733 -0.504093 -0.760107 0.174217 -0.710918 -0.024615 -0.331829
0.197019 -0.346196 -0.365792 -0.129191 0.492670 -0.211812 -0.129966 0.080760
0.060698 -0.750818 -0.251439 -0.192354 0.395437 -0.338283 -0.154105 -0.755113
0.590832 -0.356281 0.334463 -0.542597 0.206905 0.610996 0.224584 0.317315
-0.083097 -0.906737 -0.535393 -0.448367 0.336715 0.172744 0.537327 0.051953
-0.271902 -1.075651 -0.072495 -1.580348 1.264815 -0.290509 -0.713743 0.094724
0.147628 -1.513064 -0.588273 -0.561189 0.176637 0.105034 0.484163 -0.065534
0.328642 -1.026385 0.301534 -0.172182 1.385987 -0.003571 -0.482482 -0.027083
-0.177795 -0.355534 -0.620831 -0.261474 0.774910 -0.389414 0.079455 -0.043266
-0.195615 -0.744129 0.182311 -0.711700 0.947140 0.287952 -0.451165 -0.357807
-0.109518 -1.185803 0.054539 -0.901711 1.467533 0.060527 -0.509447 -0.503956
0.064752 -0.777270 0.378944 -0.599610 1.194941 -0.215607 -0.038398 0.319759
0.157004 -1.245700 -0.101205 -1.155469 1.334232 -0.626935 -0.016449 -0.589371
0.275361 -1.269381 -0.132651 -0.606271 0.923990 -0.522084 -0.161193 -0.219002
0.289626 -0.760726 -0.199048 -0.582899 0.523091 0.014432 0.059182 0.008774
-0.177982 -0.661321 0.145850 -0.616633 0.243356 0.020042 -0.894979 -1.075740
0.611901 -0.695913 0.115402 -0.591111 1.495227 -0.228939 -0.331956 -0.512898
-0.475244 -0.539231 0.113695 0.150200 -0.093393 -1.234283 0.474179 -0.361879
0.243117 -0.698394 0.084239 -0.250597 0.491561 -0.603162 -0.207293 -0.441213
0.912912 -0.644865 -0.269489 -0.217887 0.885094 -0.523471 -0.665829 -0.331424
0.031024 0.054985 -0.061679 -0.826079 0.621795 0.301741 -0.478218 -0.519918
0.234307 0.196968 0.142573 -1.341413 0.443297 0.259024 -0.795851 0.869496
-0.394872 -0.272328 0.166339 -0.341402 0.091736 0.036941 0.072276 -0.091322
0.227342 -0.905749 0.000011 -0.770016 0.963177 0.031294 -0.483030 -0.074584
0.070416 -0.020929 0.846937 0.045682 1.409161 -0.485214 -0.316990 -0.590372
0.367440 0.263403 0.351359 -1.070835 1.004028 -0.026270 -0.064214 -0.355410
-0.235500 -0.612455 0.161907 -0.960708 0.859467 0.361081 0.388668 -0.146799
0.245841 -0.518731 0.246593 -0.466993 0.731316 -0.275135 -0.221507 0.064252
-0.132633 -1.049397 0.032379 -0.898952 0.707395 -0.247292 0.040792 -0.520833
0.024266 -0.272036 0.144686 -0.553945 0.507214 0.305395 -0.272176 -0.693949
0.179831 0.270380 -0.696256 -0.197707 0.259647 0.048886 -0.077449 0.207582
0.562201 -1.287740 -0.358306 -0.347119 0.756097 -0.085186 -0.433664 0.330871
0.547418 -0.272045 0.184279 -0.336755 0.676913 0.081836 -0.677812 -0.242484
0.212345 -0.712842 0.184244 -0.321785 1.517892 -0.525777 -0.508013 -0.729792
-0.228277 -0.323172 -1.079939 -0.533737 0.088512 -0.572882 0.452078 0.184016
0.002707 -0.600893 0.447434 -0.833336 1.274659 0.000109 0.238360 0.223876
-0.330354 -0.595593 0.165192 -0.719578 0.998835 -0.178905 -0.395687 -0.043456
-0.065096 -0.430791 0.764224 0.271866 -0.600675 -0.280802 0.430823 0.343038
0.107413 -0.243538 0.094307 0.003924 -0.164207 -0.182676 0.043011 0.796336
-0.693900 -0.468433 0.002867 0.059083 -0.586980 -0.591400 0.044871 0.264471
0.343105 -0.480658 0.106890 -0.472448 0.872116 0.638418 -0.268434 0.185895
-0.645435 0.729750 -0.660135 -0.368121 -0.103919 -0.086279 0.373183 0.384862
0.215649 -0.374488 0.042034 -0.170020 1.225924 0.063522 -0.307089 -0.005610
0.210655 -0.309232 -0.018948 -0.230299 1.387075 0.081430 -0.287795 0.244978
0.423405 -0.876577 0.004339 -0.286634 1.066060 -0.045011 -0.562820 0.107364
0.146788 -1.101731 -0.170876 -1.142612 0.642403 0.181979 0.343664 0.015251
0.776763 -0.859568 0.068978 -1.019687 1.351796 0.523432 -0.710298 -0.441316
0.255803 -1.079009 0.009611 -0.351031 0.490764 -0.206314 0.469312 0.479593
0.424060 -0.711333 0.045427 -0.279705 0.984219 0.393184 -0.371847 0.279643
0.352314 -0.870154 0.032521 -0.428445 1.394071 0.219448 -0.533296 0.161753
0.778234 -0.647035 0.057458 0.128162 0.929704 0.266198 -0.807609 -0.770198
-0.289785 -0.540197 -0.631601 -0.308017 0.960075 -0.362807 0.367911 0.503657
0.457915 -0.692139 0.237036 -0.321824 1.092490 0.052559 -0.705802 -0.612416
0.432289 -0.867772 -0.359700 -0.590083 0.896848 -0.416700 0.080918 -0.396951
-0.049102 -1.003146 -0.166637 -0.516425 1.220251 0.021159 -0.480554 -0.224837
0.449105 -1.006629 -0.546318 -0.493346 1.281566 -0.314302 -0.458700 0.101597
0.267509 -0.673800 0.489060 -0.450576 0.348180 0.054816 0.344183 -0.362246
-0.105688 -0.330190 -0.323354 -0.006534 0.994548 -0.679998 -0.253798 -0.720461
0.214732 -1.069878 0.161091 -0.814355 1.343110 -0.234704 0.089175 0.241883
-0.236075 -0.051948 -0.097344 -0.147869 1.123952 0.215921 0.321743 0.165902
-0.392159 -0.135554 -0.699499 -0.196645 0.320511 0.420873 -0.204645 0.335324
-0.176606 -0.206154 -0.476617 -0.055422 0.510242 -0.626976 0.161450 -0.150760
0.393437 -0.704424 -0.051832 -0.380547 -0.285062 0.042085 0.239299 0.232393
0.506375 -0.817693 0.090350 0.197341 0.305159 -0.274528 -0.395035 -0.213401
-0.023183 -0.907539 0.167113 -0.914581 0.987737 0.158677 -0.501376 -0.304710
0.105517 -0.603979 0.465586 -0.471313 0.945982 0.244589 -0.063408 -0.151678
0.906467 -1.120547 0.064648 -0.553354 0.468195 -0.502160 -0.899002 0.047770
0.935504 -0.231162 -0.063948 0.083845 0.192611 -0.897178 -0.380648 0.002432
0.124860 -0.773678 -0.173327 -0.391789 0.840842 -0.073302 0.010260 0.258047
-0.058753 -0.273505 -0.073889 -0.355729 -0.047021 -0.239467 -0.016424 0.608292
0.645211 -0.819421 -0.074193 -0.349297 0.337416 0.015473 0.208237 0.777880
0.090716 -0.617413 -0.618384 -0.295606 0.279248 -0.980272 0.001785 -0.311095
-0.571083 -0.250790 -0.312341 -0.177330 0.653036 -0.019651 -0.078464 0.023654
0.140266 -0.288227 -0.596751 -0.623756 -0.003531 -0.718060 -0.015872 0.341685
0.862905 -0.690692 0.089800 -0.447735 -0.362615 -0.504587 -0.056828 -0.304803
0.383328 -0.704908 -0.199084 -0.463387 1.063203 -0.428503 -0.323068 -0.108947
0.389619 -0.882947 0.261109 -1.006200 0.083927 -0.015478 -0.599070 -0.993093
0.859656 -0.921596 -0.446583 -0.354095 0.858366 -0.648507 -0.103832 -0.079582
0.540102 -0.454828 0.402568 0.018903 0.457976 -0.064824 -0.671931 0.016872
0.055315 -0.617809 0.182366 -0.557862 1.257108 0.143972 0.069768 -0.254250
0.453368 -0.937439 -0.220619 -0.456870 1.169970 -0.312810 0.392477 0.074247
0.305472 -0.749406 0.369663 -0.314675 1.297059 0.042516 -0.115763 0.305506
-0.560095 -0.448602 0.180696 -0.830661 0.126602 -0.309206 -0.094682 -0.662645
-0.282948 -0.120357 0.014429 -0.230125 0.616630 -0.868976 -0.122109 0.469015
-0.462861 -0.828605 0.318080 -0.784398 0.720144 -0.857892 -0.288657 -0.265346
0.306343 0.129840 -0.848685 -0.569434 0.089276 -0.120449 -0.179371 -0.112376
-0.428855 0.089305 0.054895 -0.386595 -0.014021 -0.378635 -0.631480 -0.177759
-0.950528 -0.697492 0.745831 -0.268577 0.583063 -0.167989 -0.213127 -0.247346
-0.496588 0.026622 -0.097869 -0.012359 0.712519 -0.716107 -0.311109 -0.653558
-0.096588 -0.553231 -0.068252 -0.285538 1.325140 -0.300461 -0.594193 -0.272249
-0.014951 -0.796944 -0.125324 0.206126 0.650306 0.105779 -0.113956 0.358039
0.894295 -0.665810 -0.443732 -0.618830 1.130544 -0.327445 -0.437803 -0.438424
-0.118602 -0.310546 -0.360232 -0.230030 0.214468 0.153294 0.152998 -0.443389
0.240418 -0.111257 -0.014172 -0.732095 0.680712 -0.403787 -0.096176 -0.233945
-0.213900 -0.526537 0.896967 -0.341548 0.950262 0.094099 -0.682202 -0.030771
-0.138403 -0.465755 0.199308 -0.675413 1.173416 -0.204967 0.278235 0.139923
-0.476178 0.360814 -0.144892 0.500287 -0.892667 0.033900 0.372299 0.551694
0.536963 -0.881809 -0.273254 -0.648046 1.217553 -0.173438 -0.336112 -0.400874
-0.539184 -0.857630 0.276628 -0.543502 1.226843 -0.391454 -0.520097 -0.582392
0.085835 -0.333909 -0.030938 -0.743996 0.533303 -0.232306 -1.061689 -0.472520
0.383325 -0.346276 -0.006630 -0.935448 0.961089 -0.439596 0.119243 -0.176856
-0.046238 -0.077953 0.160827 -0.434016 0.596604 -0.195279 -0.786702 0.113955
-0.078892 -1.321259 0.035843 -0.169170 0.217747 -0.483040 -0.032054 0.408765
-0.353582 -0.823609 0.389676 -0.949740 0.776331 0.027884 -0.355788 -0.765439
0.451801 -0.648161 -0.055489 -0.610603 0.440425 -0.023320 0.347165 -0.010635
0.632423 -0.921560 0.133973 -1.121487 0.525609 -0.068880 -0.791688 -0.850377
-0.230718 -0.729609 0.262636 -0.771983 1.140829 -0.541564 -0.300782 -0.002871
0.453221 -0.904759 -0.302998 -0.876113 0.841850 -0.447545 -0.011412 -0.219305
-0.499811 -0.962289 0.246545 -0.904157 1.053399 -0.155237 -0.302187 -0.592402
-0.207855 -0.604403 -0.379355 -0.432691 0.902116 -0.606587 -0.018888 -0.332170
0.503517 0.148550 0.196523 -0.628586 1.142804 0.131636 -0.727463 0.133498
0.283547 -0.919303 -0.457250 -0.359474 0.411361 -0.049446 0.588588 0.159625
0.121234 -0.833514 -0.238673 -0.286188 -0.054023 -0.794032 -0.323976 -0.271545
0.700182 -0.113091 0.432964 -0.171067 -0.140038 0.142915 0.087466 -0.590077
0.391320 -0.145515 -0.094744 -0.955491 -0.015561 -0.527587 -0.154453 -0.529066
0.447911 0.033563 -0.453371 -0.806424 0.751008 -0.546936 -0.770576 -0.064567
-0.264767 -0.289791 0.953981 -0.291649 0.294302 -0.033651 -0.294511 0.094237
0.773079 0.471930 -0.498995 -0.367406 0.087141 -0.084664 -0.443646 -0.310160
0.206724 -0.222756 -0.474894 0.013123 0.196169 -0.315669 -0.599168 -0.139906
0.504908 -0.107102 -0.172959 -0.372579 0.884097 -0.042846 -0.271491 -0.121640
-0.267475 -0.357522 0.222767 -0.780792 1.566976 -0.205371 -0.258773 -0.031972
-0.223874 -0.631983 0.685439 -0.464985 0.451537 0.178568 -0.814482 -0.482340
0.064018 -0.233586 0.504786 -0.021944 0.770428 -0.127100 -0.609055 -0.481277
0.077043 -0.344727 0.131146 -0.544591 1.406210 0.045713 -0.525882 -0.020925
0.269395 -0.980450 -0.201447 -1.078150 -0.531572 -0.048161 -0.096892 -0.224566
-0.331640 0.417836 -0.978751 0.937085 -0.864005 -0.934082 0.145950 -0.356240
-0.041743 -0.665007 -0.032220 -0.422970 -0.121250 -0.075255 -0.645816 -0.646791
-0.265673 -0.741261 -0.044245 -0.961867 1.254881 -0.373364 -0.304903 -0.252538
-0.069198 -0.896130 -0.055464 -0.056503 0.526625 0.145645 -0.558127 0.105193
0.000062 0.018583 -0.123002 -0.730685 0.427936 -0.568995 -0.558669 -0.903688
-0.304960 -0.298572 0.709593 -0.353953 0.409533 -0.285734 -0.524835 -0.573155
-0.508725 -0.134070 -0.381184 -0.321126 -0.394122 -0.797834 -0.301395 0.508435
0.135875 -0.056169 -0.155931 -0.299587 -1.003101 -0.958314 0.072479 -0.232856
0.323423 -0.225711 0.891349 -0.679701 -0.606267 -0.179248 -0.231383 -0.552917
-0.246068 -0.426798 0.295406 -0.622577 -0.215306 -0.244042 -0.073436 0.592909
-0.693900 -0.468433 0.002867 0.059083 -0.586980 -0.591400 0.044871 0.264471
-0.824972 -0.414038 -0.461123 0.007346 -0.131846 -0.197107 -0.229467 0.068962
0.005018 -0.400768 0.124398 -0.051687 0.456601 -0.159707 0.441955 -0.284048
0.004973 -0.723241 0.280866 0.307204 -0.092296 0.001172 0.077353 0.397607
-0.342390 -0.162176 0.042810 -0.344766 0.380083 -0.288868 -0.222167 0.030709
0.712644 0.511500 0.033715 0.050348 0.258631 -0.321972 -1.068718 -0.121774
0.655562 -0.368144 0.355813 -1.182910 0.365858 -0.336239 -0.583174 -0.587012
0.224473 -0.543736 0.567777 -0.842758 -0.322346 -0.167571 -0.114955 -0.261065
0.101573 -0.673315 0.280884 -0.779475 0.851808 -0.264970 -0.401519 0.140254
-0.315369 -0.864163 0.389539 -1.002000 0.713510 -0.526834 -0.210351 -0.723342
-0.250409 -0.382193 0.275052 -0.513778 0.233529 -0.727779 -0.163512 -0.264044
-0.554685 -0.200585 -0.013412 -0.313132 0.226069 -0.381222 0.262746 -0.414139
-0.325920 -1.013616 0.366297 0.340759 1.293129 -0.307235 -1.240641 -0.631257
0.170196 -0.291341 0.763521 -1.189810 0.935398 -0.178311 -0.081149 -0.171158
-0.221493 0.033942 0.173299 -0.857479 0.268184 -0.410193 -0.315090 -0.818774
-0.345988 -0.996172 0.154775 -0.870766 0.942177 0.041535 -0.131063 0.187971
-0.117074 -0.457309 0.395927 -0.468597 0.311447 -0.206390 -0.411029 0.044580
0.104427 -0.103916 0.456419 -0.948000 -0.145620 0.069819 -0.288629 -0.182766
-0.343239 -1.242934 0.689240 0.010765 1.058021 0.258836 -0.683171 -0.233929
-0.641435 -0.840824 -0.021730 -0.368589 -0.162821 -0.671384 -0.732118 -0.092922
-0.022304 -0.731338 0.149380 -0.019290 -0.034813 -0.351656 -0.324212 -0.281850
0.535636 -0.485711 0.410326 -0.191921 0.337759 -0.808732 -0.317211 -0.892603
-0.324977 -0.008726 0.020949 -0.412839 0.457841 -0.867217 -0.464484 -0.721788
0.305107 -0.053893 -0.274362 -0.159913 -0.292960 -0.537619 -0.161822 -0.706047
-0.104536 -1.156132 0.540092 -1.325418 0.635297 -0.465097 -0.521826 0.064723
-0.616705 -0.677551 -0.192901 -0.122875 -0.083584 -0.792348 0.222232 -0.336330
0.424370 0.247238 0.482873 -0.349326 -0.102153 -0.536694 -0.784424 -0.487724
-0.125894 -0.262572 -0.172891 -0.453367 0.824684 -0.528172 -0.133040 -0.078830
-0.159023 -0.356228 0.950959 -0.874745 0.499721 -0.473330 -0.210085 0.091887
-0.499390 -0.263540 -0.442298 -0.048504 -0.315294 -0.822476 -0.427711 -0.226356
0.543526 -1.132305 -0.005013 -1.329990 1.131654 0.043232 0.258455 -0.271374
-0.427540 -0.359458 0.943310 -0.046343 0.421304 -0.097538 -0.628084 -0.226551
-0.643074 -0.495779 0.042083 0.568485 -0.468018 -0.710975 0.117524 0.051427
0.552330 -0.761939 0.265579 -0.614597 0.416343 -0.851295 -0.819049 -0.777534
-0.179258 0.022203 -0.264633 0.557736 -0.043892 -1.312710 -0.419419 -0.834039
0.391931 -0.213162 -0.067044 -0.706890 -0.276921 -0.599958 0.426352 0.096460
0.282237 -0.588069 0.523375 -0.729111 0.414922 -0.350972 -0.195109 0.087048
0.509569 -0.361439 0.870916 -0.311385 0.695092 -0.162201 -0.378827 -0.603629
0.370646 -0.067688 0.093133 -0.234994 0.830903 -0.678274 0.475106 -0.020125
-0.370448 -0.366054 0.272108 0.327840 0.478936 0.898058 0.010413 -0.130152
-0.182189 -0.942417 0.237566 -0.845821 1.281934 0.620666 -1.079106 0.439263
0.056875 -0.949716 0.095072 -0.424237 0.412023 0.218226 -0.334631 -0.454330
-0.202903 -0.150541 -1.027744 -0.220614 -0.197082 -0.493358 -0.058939 -0.129724
0.379076 -0.949292 0.065135 -0.564635 0.406696 -0.560692 0.220408 0.137934
0.806451 -0.035483 0.002797 -0.801922 0.447021 -0.369355 -0.421735 0.038504
-0.130236 -0.363419 0.466671 -0.083910 0.858258 -0.265153 -0.670703 -0.303315
0.319424 -0.624275 -0.113998 -0.609845 -0.818489 0.166973 0.181643 0.218588
-0.210952 -0.714701 0.028631 -0.698808 1.360853 -0.414526 -0.186324 0.493189
0.440649 -1.159439 -0.152335 -0.489398 0.745169 -0.044275 0.361382 -0.431689
0.203774 -0.471363 -0.001596 0.304972 0.486748 -0.202959 -0.283914 -0.267112
-0.598377 -0.014400 0.405780 0.425644 -0.503137 -0.212488 0.453643 0.431117
-0.135544 0.087892 0.064534 -0.164431 -0.522217 -0.383394 0.094331 0.181968
0.512719 -0.882630 -0.191465 -1.011564 1.201741 0.226198 -1.355494 -0.029551
-0.232996 -0.642714 0.294699 -1.062398 1.239714 -0.052250 -0.277149 -0.516897
-0.360902 -0.612742 0.429661 -0.773930 1.222618 -0.318136 -0.106052 -0.560161
0.067758 -0.809943 0.209374 -1.595236 0.996169 -0.095693 -0.507383 -0.179824
0.219593 0.266442 -0.518573 -1.021786 1.159764 -0.565128 -0.543024 0.921840
0.030308 -0.028759 0.085384 -0.131044 0.747988 0.328506 -0.547088 0.108439
-0.063644 -0.670444 -0.131952 -0.380857 0.769451 0.017628 -0.086952 0.219621
0.663136 -0.719220 -0.074920 -0.514378 1.351695 0.048493 -0.011578 -0.279023
-0.163329 -0.952968 0.535495 -0.924154 0.527193 -0.320572 -0.572172 -0.117689
0.000118 -0.314631 0.135130 -0.699128 0.490248 0.617204 -0.199006 0.004516
1.319927 -0.361344 -0.164124 -0.834496 1.234723 -0.135146 -0.846700 -0.174780
0.441886 -1.372659 0.185507 -0.960128 1.416438 0.197897 -0.610807 0.251810
-0.425896 -0.542809 0.294746 -0.127629 0.656125 0.328318 0.263221 0.582925
0.366267 -0.645914 0.038541 -0.535144 1.340477 -0.178231 0.022589 -0.065848
0.245654 -1.389328 0.355410 -0.751244 1.499706 -0.342961 -0.968380 -0.432454
-0.620745 -0.013302 -0.327411 1.030277 0.228894 -0.001196 -0.129581 -0.267290
0.006098 -0.108995 -0.025570 0.073991 -0.325994 -0.389352 -0.466930 -0.526045
-0.267429 -0.034752 0.336866 0.254606 0.704797 -0.478823 -0.103732 -0.591515
0.299938 -1.022460 -0.472041 -0.155421 1.308546 -0.033500 -0.424855 -0.081431
0.361813 -0.831876 -0.621582 -0.905808 0.610783 -0.389158 0.173481 -0.103230
-0.073702 -1.111135 0.455873 -0.043912 0.670924 -0.261420 -0.207835 -0.074752
0.308391 -0.492072 0.272242 -0.695731 1.103789 0.172559 -0.936204 -0.320286
0.620226 -0.115710 -0.809681 -0.241361 0.409061 -0.560252 0.553956 0.172815
0.530552 -0.505563 0.758669 -0.123378 0.812879 -1.024584 -0.094639 0.239155
-0.447774 -0.219103 -0.250943 0.111218 -0.118604 0.149182 0.761220 0.410102
-0.320586 0.106050 -0.224470 -0.111914 0.026308 -0.453469 0.503355 -0.261051
-0.066053 -0.361959 0.129322 0.028153 0.415349 -0.226452 0.603460 0.813487
0.055560 -0.477518 0.336043 -0.959473 0.490909 0.682740 -0.061836 0.413076
0.291218 -1.094923 -0.107096 -0.397930 0.612228 -0.274960 -0.630830 0.073649
0.487780 -1.014374 -0.206667 -0.611504 1.383535 -0.328723 -0.903816 0.113060
0.084693 -1.240736 0.392097 -0.768450 0.551290 0.144895 0.531634 0.160064
0.290112 -0.579247 -0.337561 -0.573439 0.286451 0.389023 0.447859 0.663451
-0.221355 -0.428445 -0.742255 -0.247882 0.207422 0.139775 0.415472 0.127128
0.439106 -0.640919 0.270664 -0.371068 -0.116179 -0.100912 -0.313169 -0.355862
0.357464 -1.033018 0.114114 0.151868 0.690945 -0.163385 -0.819457 -0.173943
0.013411 -0.412909 0.090139 -0.181734 0.889140 -0.218221 -0.200353 -0.238632
-0.490137 -1.243982 0.000976 -0.991018 0.748554 -0.490084 -0.695080 -0.807294
0.308141 -0.564418 0.247262 -0.094691 0.185984 0.342471 -0.276913 0.337449
0.826600 -0.457222 -0.283038 0.105152 -0.610360 -0.228311 0.386262 0.192866
-0.340017 -0.681961 0.610636 -1.211179 1.344398 0.336813 -0.014967 0.072714
0.543526 -1.132305 -0.005013 -1.329990 1.131654 0.043232 0.258455 -0.271374
0.305482 -1.246798 0.596158 -0.727350 0.183883 0.337312 -0.076776 -0.174301
0.100865 -0.240745 0.348213 -0.488603 0.159322 -0.010474 0.351287 0.131561
0.586606 -0.902433 0.054163 -0.601047 0.051865 0.097767 -0.579381 0.055551
-0.199670 -0.526811 -0.425257 0.167062 0.409033 -0.857545 -0.730592 -0.165280
-0.226848 -0.438317 0.296522 -0.082755 -0.580211 -0.368184 0.166476 -0.314816
0.393434 -0.850949 -0.305934 0.080022 -0.444792 0.189469 0.603870 0.729132
0.202536 0.418021 -0.031844 0.622692 -0.574764 -1.008055 0.136321 -0.612047
0.235683 -0.077232 0.088150 -0.941752 1.168962 -0.061465 -0.185025 0.135818
-0.010756 0.223149 -0.302380 -0.047448 0.934562 0.137968 0.496567 0.974326
-0.474494 0.182974 0.405402 -0.136667 -0.001424 0.036194 -0.626998 -0.565424
-0.112654 -0.444005 -0.520732 0.041279 1.149901 -0.323240 -0.077187 0.472000
0.099535 -1.006336 -0.182787 -0.963541 0.643226 -0.289153 -0.482222 0.258941
-1.059133 -0.068861 -0.198060 0.259379 0.813310 -0.299113 -0.071699 -0.638197
-0.911865 0.115411 -0.493269 -0.025888 0.283730 0.189475 -0.387678 -0.735234
-0.690690 0.270699 -0.012125 0.214906 0.531673 0.048488 -0.335985 -1.109456
-0.547073 -0.466417 -0.375839 -0.569531 0.133231 0.270596 -0.264192 -0.112695
-0.839821 -0.416861 -0.437724 -0.301049 0.813210 -0.054917 0.349656 -0.407700
-1.044254 0.149077 -0.359793 -0.015235 0.418619 0.147799 -0.435170 -0.688595
-0.945513 -0.079217 -0.161335 -0.022001 0.579902 0.140451 -0.298223 -0.744495
-0.828101 0.047290 -0.015886 0.026760 0.934363 -0.311207 0.019097 -0.859053
-1.045795 -0.136135 -0.108422 -0.130881 0.994808 -0.316895 -0.022965 -0.588345
-0.330081 -0.552542 -0.312708 0.331341 0.680017 -0.548993 0.076848 0.416887
-0.885681 -0.134528 0.074848 -0.152503 0.429107 -0.124332 0.242764 -0.300969
-0.502258 -0.133812 -0.427569 -0.006205 0.318854 -1.080333 0.027286 -0.137640
-0.940840 0.146216 -0.181916 -0.368032 0.611190 -0.023222 -0.719407 -0.260536
-1.062632 -0.166088 -0.375540 -0.116135 0.432417 -0.095041 -0.519098 -0.394993
-0.950724 0.043573 -0.163733 0.070204 0.564086 0.121654 -0.338395 -0.703594
-1.027021 0.004053 -0.241506 -0.174128 0.640052 0.010156 -0.197762 -0.761239
-0.512067 0.414963 0.419144 0.053878 -0.665857 -0.734113 -0.396296 -0.211565
-0.781526 0.429814 -0.359356 0.152660 0.323559 -0.209987 -0.438420 -0.716443
-0.789142 -0.036592 -0.191995 0.042619 0.560060 0.499483 0.170606 -0.195426
-1.024966 0.372290 -0.387456 -0.077765 0.463079 -0.033890 -0.448386 -0.571490
-0.917209 -0.208350 -0.108641 -0.024752 0.985002 -0.492794 -0.233825 -0.594247
-0.467964 0.286715 -0.560288 -0.250945 -0.021134 -0.593239 -0.591108 0.201799
-0.928222 -0.128682 -0.223410 -0.197011 0.911996 -0.260854 -0.021003 -0.727943
-1.006197 -0.175277 -0.120564 -0.278383 0.838196 -0.186765 -0.294343 -0.586456
