0.433260 -0.357765 0.413159 -0.676582 0.974680 -0.515090 -0.458744 -0.780796
-0.466446 -0.848434 0.205816 -0.361071 0.374332 -0.502800 -0.199989 -0.157734
-0.205334 -0.955690 0.230833 -0.537332 -0.128092 -0.077828 0.344476 -0.057824
0.394223 -0.249384 -0.493166 -0.340157 0.865940 -0.066826 -0.794620 -0.527728
0.337158 -0.998095 0.422420 -0.325165 0.863139 -0.212741 -0.070245 -0.096287
-0.297723 -0.760202 -0.584351 -0.303960 0.257618 -0.808532 0.532128 0.099012
-0.123211 -0.228456 0.266498 -0.608680 0.760749 0.254573 -0.093499 0.076194
0.586204 -0.559203 -0.205200 -0.234397 1.311309 -0.071477 -0.154178 0.305975
0.075143 -0.831333 0.268300 -0.765576 1.308234 -0.502066 -0.308657 0.228565
-0.748310 -0.464633 0.591061 -0.442124 0.117217 -0.487582 -0.687278 -0.645769
-0.595483 0.435863 -0.303080 -0.681683 0.692044 -0.137230 0.272463 0.349776
-0.492610 -0.027429 -0.649452 -0.752127 0.658087 0.016586 0.710811 0.151424
0.075500 0.677158 -0.810476 0.579763 0.251465 -0.500453 0.619126 0.599064
0.042887 0.033310 0.892477 -0.388187 0.410420 -0.547430 -0.493931 -0.214054
-0.130228 0.368918 -0.235351 -0.344915 0.175764 -0.238819 0.566656 0.385363
-0.294388 -0.083589 -0.764200 0.369095 0.580545 -0.634268 0.718757 0.166788
0.155576 -0.173611 -0.237250 -0.456192 0.715703 -0.198891 -0.095376 -0.103584
0.096735 -0.246075 -0.266733 -0.400644 0.814174 -0.547705 0.649845 0.015883
-0.216189 -0.307601 0.580803 -0.218474 1.172399 0.098961 0.154985 0.551566
0.492026 -0.605177 -0.276712 -1.059428 -0.345102 -0.448076 0.243320 0.132077
0.419767 -0.339787 0.772334 -0.473728 0.509197 -0.552499 -0.886658 -0.410423
0.070897 -0.653229 0.284807 -0.426187 -0.282187 -0.050142 0.582898 -0.325504
-0.019288 -0.990606 -0.096246 -0.184062 1.593740 -0.411877 0.187279 0.041620
0.191091 -0.934836 0.339248 -0.677527 1.656421 0.059132 -0.211144 -0.173340
-0.332769 0.228102 -0.417052 -0.486604 0.023531 -0.448010 0.581519 0.812048
0.301634 0.311575 -0.133212 0.107308 -0.116608 -0.574591 0.292955 -0.165438
-0.810937 -0.322689 -0.134281 -0.008909 0.372075 -0.812515 -0.099290 -0.460494
-0.704230 0.060600 -0.980629 0.366528 -0.308595 -1.377598 0.445914 0.277708
-0.585527 -0.264264 -0.106946 0.436344 -1.038287 -0.462136 0.865087 0.086740
-0.485596 -0.457271 0.322412 -0.531296 0.427205 0.341748 -0.462180 -0.337246
0.590627 0.097068 0.957063 -0.043412 1.041490 -0.163834 -0.116348 0.731555
0.552580 -1.007617 -0.183613 -0.570549 0.625894 -0.279517 -0.202434 0.752971
0.708851 -0.831692 0.408566 -1.246625 1.225736 0.213209 -0.893970 -0.225098
-0.102225 0.038995 -0.435852 -0.300799 0.091746 -0.566200 -0.414560 -0.431651
0.823523 -0.521788 0.179745 -0.978414 0.935391 -0.028156 -0.308174 -0.379996
0.753018 -0.335781 -0.015396 -1.468047 0.973058 -0.074906 -0.471705 -0.235467
0.415964 -0.136300 0.509919 -0.673618 0.449646 -0.168189 -0.422881 0.230194
-0.149057 -0.321147 0.357088 0.249477 -0.823559 -0.390331 -0.261276 -0.702262
0.128672 -0.074072 0.161864 -0.295966 0.695646 0.103254 -0.492806 -0.159511
0.187991 0.135829 0.309374 -0.504243 -0.817007 -0.330516 0.007374 0.141212
-0.398392 -1.289269 -0.575024 -0.843574 0.930777 -0.095323 0.494428 0.182077
-0.210373 -0.559415 0.685503 0.129998 -0.222558 -0.393015 0.199779 0.063721
0.812452 -0.208806 0.165690 -0.297833 -0.017067 -0.130003 0.137536 -0.383019
-0.733077 0.042050 0.236300 0.754880 0.124618 -0.231652 0.362591 0.136214
-0.437234 0.576873 -0.333681 0.301262 0.446467 -0.296066 -0.104863 -0.531319
-0.457959 -0.695806 -0.173177 -0.678865 0.669615 -0.373898 -0.120266 -0.700309
0.433319 -1.502289 -0.093270 -0.495109 0.733390 0.210971 -0.089572 -0.113266
-0.669520 -0.100239 -0.655465 -0.104685 -0.527482 -0.200140 -0.390029 -0.330287
0.325121 0.198766 -0.492892 0.095970 0.543832 -0.325096 -0.213385 0.249502
-0.181575 -0.118335 0.107892 -0.102203 -0.505870 -0.478860 -0.536608 -0.637245
-0.859804 0.178820 0.042416 0.143633 -0.365028 -0.728131 -0.177278 0.482369
0.295479 -0.127773 0.133087 -0.304891 0.476222 -0.526795 -0.371262 -0.238673
-0.603107 -0.526049 0.315958 -0.836603 0.301678 -0.425287 -0.270553 -0.524156
-0.237913 -0.519529 0.146444 -0.917212 0.713187 -0.865214 -0.297613 -0.111569
-0.271786 -0.419503 -0.209223 -0.024808 0.845451 -0.110295 0.509081 0.168496
-0.350499 -0.687911 0.695651 -0.409590 0.581576 -0.568607 -0.901059 -0.825455
-0.069106 -0.793609 0.345238 -0.430499 -0.242929 -0.487733 -0.649248 -0.852659
-0.289933 0.197426 -0.094512 0.858707 0.324476 -0.506516 0.214324 -0.135095
0.823523 -0.521788 0.179745 -0.978414 0.935391 -0.028156 -0.308174 -0.379996
-0.254800 -1.174516 0.301564 -0.855230 1.014954 -0.698051 -0.673719 0.165431
0.344772 -0.110184 -0.062516 -0.598099 0.604894 0.472438 -0.799984 0.032836
0.622151 -0.469389 0.022051 -0.605152 0.687875 0.064503 -0.345159 -0.192348
0.472645 -0.178233 -0.311114 -0.712370 0.192524 0.040375 -0.289495 0.193203
1.104992 -0.243608 0.257967 -1.068879 1.344102 -0.110651 -0.514477 -0.288403
0.270866 -0.718700 -0.129997 -0.429244 0.768172 -0.216898 0.114586 0.010685
0.077297 -0.566356 -0.159581 -0.182911 1.054761 -0.338991 0.198215 -0.383608
0.337225 -1.328329 -0.222734 -0.678974 0.878544 0.259723 0.006463 0.574555
-1.237977 -0.357186 -0.361186 0.134798 1.139735 -0.453209 0.317538 0.275697
-0.198097 -0.011179 -0.456845 -0.395196 0.632319 -0.131549 0.640598 0.764176
0.174413 -1.157283 -0.347471 -0.702696 1.364538 -0.111772 -0.061543 0.333038
-0.002433 -1.241990 0.324986 -0.988067 1.696764 0.003620 -0.023702 0.127707
0.087674 -0.324815 -0.544836 -0.237238 0.908765 -0.309854 -0.056389 0.680685
-0.384437 -1.247026 0.314746 -1.370593 1.072331 -0.044460 -0.015814 -0.127743
-0.446707 -0.875706 0.044588 -0.941376 1.269812 -0.135660 -0.244277 0.400666
0.405788 0.081010 0.437570 0.648422 0.703901 0.073132 -0.510308 -0.499550
0.042456 -0.166424 -1.026218 -0.178365 0.511585 -0.656940 0.173249 0.518484
-0.568707 -0.691211 -0.125894 -0.886432 1.021034 0.183732 0.827337 0.299262
-0.094597 -0.923299 -0.006580 -0.181658 1.272392 -0.251140 0.104334 0.126597
0.793395 -0.017417 -0.106034 -0.154654 0.527883 -0.647222 -0.479876 -0.149730
-0.206321 -0.797957 0.124545 -0.930734 0.878644 0.225613 0.213055 -0.022105
0.161130 -0.384039 -0.382706 0.245887 0.158103 -0.337681 0.420663 0.722179
-0.217700 0.120667 -0.193473 0.058191 0.194206 -0.775869 0.165145 -0.447503
0.036208 -0.135912 -0.476818 -0.015923 0.312595 -0.845454 0.019377 -0.511305
0.168561 -1.038371 -0.316265 -0.775385 0.353941 -0.142800 -0.068071 -0.001390
0.536268 0.542002 -0.373060 -0.341906 0.196448 -0.811263 -0.472973 -0.550630
0.797930 -1.672007 0.505444 -0.472374 0.986926 -0.067844 -0.629487 -0.372186
-0.135984 -0.532470 0.822484 -0.271352 0.872021 0.070695 -0.304521 0.285583
0.099262 -0.915221 0.122872 -0.844361 1.453548 0.095661 -1.096536 -0.220543
0.374790 -1.224600 -0.534317 -0.695815 1.200673 -0.445603 -0.823784 -0.039271
0.689392 -1.065224 0.290453 -0.665189 0.408749 -0.683949 -0.210799 -0.756854
0.133702 -1.174168 -0.127510 -0.851704 1.234508 -0.272136 -0.430940 -0.150595
0.002981 -0.730650 -0.490950 -0.142677 1.014385 -0.340097 -0.776248 0.425976
0.034254 -0.443576 -0.702974 -0.493236 1.268670 -0.017276 0.385773 -0.408091
0.443942 -0.949402 0.105219 -0.927185 1.498515 -0.122954 -0.732840 0.021599
-0.457216 0.000613 -0.218612 0.124303 0.352813 -0.368679 0.020288 -0.156938
0.548115 0.309754 -0.249964 0.079041 0.276575 -0.068672 -0.376559 -0.246390
-0.823830 -0.063733 -0.085201 -0.302372 0.732537 -0.034559 -0.380730 -0.779614
-0.993532 -0.309989 -0.096965 -0.044941 0.645504 -0.224587 -0.426891 -0.494937
-1.014014 -0.171955 -0.094688 -0.019989 0.949594 -0.473077 -0.314618 -0.551716
-0.768974 -0.288867 -0.275820 -0.213976 0.663559 -0.042427 -0.424898 -0.835372
-0.916096 0.084723 -0.163696 0.132059 0.841800 -0.283155 -0.212834 -0.660756
-0.988674 -0.386098 -0.461413 -0.319789 0.699174 -0.369055 -0.222738 -0.415034
-0.742525 -0.119241 0.014883 -0.094909 0.903375 -0.135055 -0.156926 -0.839966
-0.957435 -0.176989 -0.227854 -0.467400 0.931275 -0.315268 0.018445 -0.696177
-1.018033 -0.108411 -0.184859 0.024411 0.754569 -0.144802 -0.285060 -0.620438
-1.035275 0.154510 -0.470536 -0.338187 0.369250 -0.271838 -0.206667 -0.396228
-1.111319 -0.057265 -0.272562 0.012875 0.839651 -0.511945 -0.314510 -0.514222
-0.654581 0.131638 -0.073569 -0.020582 0.483532 0.035975 -0.357780 -0.956939
-0.587062 0.153801 -0.532880 -0.269610 0.199785 -0.057031 -0.461599 -0.529868
-0.887737 0.173318 -0.088387 -0.318389 0.723813 -0.193282 -0.381501 -0.754382
-0.913844 -0.106119 -0.076976 0.059486 0.920810 -0.401830 -0.278437 -0.685389
-0.939032 -0.050562 -0.124078 0.005216 0.911522 -0.427459 -0.272123 -0.702412
-1.024175 -0.148648 -0.220369 -0.039403 0.954702 -0.362359 -0.164324 -0.629568
-1.016378 0.081883 -0.103115 0.012344 0.732913 -0.299442 -0.216374 -0.729187
-0.977946 0.071423 -0.223299 -0.055711 0.580013 -0.160505 -0.119013 -0.827890
-0.657600 -0.246143 0.102915 -0.215958 0.991314 -0.249336 -0.271352 -0.676573
-1.024606 0.335002 -0.502841 0.069151 0.459785 -0.202044 -0.203485 -0.910373
-0.581925 -0.372767 -0.412403 -0.210884 0.601894 0.041047 0.144211 -0.633537
-0.650964 -0.098269 -0.668633 -0.189295 0.569710 -0.600436 -0.279649 -0.044953
-0.733208 -0.203563 0.023013 -0.288814 1.091797 -0.338043 -0.021684 -0.700699
