-0.241340 -0.216138 0.103530 -0.172458 0.591926 0.219299 0.040975 -0.801556
0.262227 -0.975882 0.302445 -0.552780 -0.174606 0.013051 -0.034377 -0.210730
-0.492670 -0.044857 -0.050530 -0.540397 -0.745946 -0.080125 1.033351 -0.119611
-0.694573 -0.579548 0.296399 -0.318715 0.163193 -0.283447 -0.126946 -0.580469
-0.051872 -0.656829 -0.141589 -0.269470 0.180427 -0.171650 -0.310049 -0.929963
0.248145 -0.654511 -0.090493 -0.199640 1.357668 0.078008 -0.110956 -0.219105
-0.064706 -0.944759 0.529740 -0.442281 0.387424 -0.984292 -0.837702 -0.617292
0.214290 -0.769963 -0.498579 -0.345973 0.839412 -0.680877 0.562081 -0.002133
-0.149868 0.138452 -0.602235 0.382183 0.394021 -0.733951 0.434004 -0.043761
0.034718 0.203190 0.018111 -0.844273 -0.022575 -0.546147 -0.728369 -0.712579
0.063873 -0.300134 0.274800 -0.608064 0.194106 0.165156 0.161399 0.432500
-0.238476 -0.738002 -0.213572 -0.707740 0.635752 0.083679 0.576130 0.091208
0.099066 -0.243395 0.286677 0.190315 0.137922 -0.088552 0.501343 0.443859
0.166531 0.100078 -0.119296 -0.903804 0.599935 -0.512071 -0.578275 0.179669
0.059225 -0.398032 -0.499417 0.284938 0.675241 -0.455729 0.588220 0.325118
0.099651 0.047053 -0.193939 -0.638343 0.318459 -0.196196 -0.525150 0.024200
-0.220063 -0.401313 0.560408 -0.123783 0.270947 -0.355874 -0.537630 -0.431131
-0.448593 -0.743478 0.286981 -0.418291 0.155856 -0.761677 -0.466790 -0.483677
0.386091 -1.099659 -0.157304 -0.252278 -0.040839 0.647620 0.265401 0.407601
-0.723959 -0.590205 0.845407 -0.616438 0.244515 -0.747871 -0.397873 0.071813
0.215841 0.039924 0.058394 0.318665 0.309452 -0.376418 0.355919 -0.007795
0.092788 0.044281 0.138143 0.230293 -0.320967 0.493256 0.807018 0.633606
-0.284474 -0.580509 0.878087 -0.503229 -0.648922 -0.431228 -0.179618 -0.573601
0.127158 -0.948350 -0.617654 -0.199084 0.675677 -0.428645 0.188407 0.113250
0.291530 -0.607770 -0.513169 0.029205 0.595760 -0.529419 0.169793 -0.122839
-0.023567 0.017675 0.634739 -0.204180 1.222644 -0.500951 -0.311418 0.032902
-0.299772 -0.567140 0.043144 -0.480477 0.910972 -0.158256 -0.128747 0.293094
0.233715 -1.236335 -0.341784 -0.066016 1.451873 -0.489837 -0.249639 -0.079046
0.173248 -1.238263 -0.060974 0.095017 1.494681 0.160831 -0.781993 -0.295961
0.364833 0.037327 0.401277 0.214251 0.453632 -0.592820 -0.291307 -0.347783
-0.025478 -0.324360 -0.355018 -0.144875 0.100408 -0.030650 0.120033 0.333844
0.841130 -1.898153 -0.037903 -0.789943 0.461874 0.309244 0.348728 0.493093
0.320790 -0.333149 0.450316 -0.324217 -0.833088 0.149413 -0.465567 -0.272180
0.061058 -0.820023 -0.613411 -0.115563 -0.394509 -0.648392 1.200671 0.499633
0.303727 -0.586229 0.164279 -0.529132 -0.243639 0.182101 0.341296 0.186776
-0.287886 -0.342175 -0.010934 -0.314743 0.036790 0.249869 0.542915 0.294392
0.196393 -0.159742 -0.025329 -0.171989 0.246578 0.136742 0.515855 0.283315
-0.206689 -0.363845 0.207526 -0.467261 1.420884 -0.399885 -0.198302 0.322462
0.084157 0.322711 -0.066464 0.391772 0.210795 -0.656679 0.216256 0.478191
-0.014645 -0.274358 -0.391362 -0.215648 0.272888 -0.404513 0.127690 -0.444077
0.003733 -0.594241 0.315330 -0.303890 -0.056922 -0.933762 -0.152773 -0.149009
0.128169 0.249236 0.154411 0.367028 0.666420 0.477183 -0.013481 -0.045300
0.075587 -1.431592 0.018794 -0.587142 1.551060 0.065812 -0.204720 -0.080923
0.091984 -0.033108 0.050808 -0.321019 0.160729 0.024802 0.242774 0.261102
0.522279 -1.526534 0.414242 -0.667577 0.494747 0.280779 -0.029549 0.091653
-0.093261 -0.425374 0.819529 -0.419097 0.473494 0.163810 -0.785803 -0.471236
-0.772531 -0.243968 0.122861 -0.739844 0.353605 0.543229 0.519179 0.205516
0.501873 -0.765401 0.164519 -0.668283 0.198336 0.387346 0.178719 -0.362716
0.471937 -0.483428 -0.359873 -0.448392 0.301450 0.165221 0.366827 0.254233
-0.244144 -0.760570 0.357245 -0.520291 0.415246 0.096980 0.525543 0.476522
-0.602137 -0.381665 -0.338267 -0.137122 0.829247 -0.082670 0.498993 0.780214
0.202614 -0.126289 0.417845 0.126282 -0.267632 0.219306 0.108078 0.675312
-0.374845 -0.459403 -0.654625 -0.355013 0.730467 -0.463530 0.377820 0.528515
0.098998 -0.057823 -0.296873 0.359218 0.434676 -0.242034 0.755658 0.159652
0.214243 -0.181594 0.665594 -0.657071 0.543387 0.090579 -0.258366 0.789947
0.162832 -0.421362 0.232840 -0.927607 0.341479 0.529911 0.031292 0.823181
-0.158874 -0.413875 0.049956 -0.100955 0.592493 0.541305 -0.083251 0.128609
0.417711 0.385576 -0.641554 -0.564984 0.596367 -0.193251 0.392945 0.570518
0.476617 -0.547732 -0.211218 -0.362342 0.245341 0.040356 0.530021 0.593960
0.108784 -1.048937 -0.135979 0.029890 0.571526 0.251523 -0.160430 0.559421
-0.082309 -0.088240 -0.419386 -0.220754 0.319944 -0.252140 0.633425 0.154889
-0.421635 0.457054 -0.823239 0.526046 0.579243 -0.296058 0.197195 0.252591
-0.257916 -0.131568 0.065265 -0.070497 0.655687 0.230059 0.967063 0.652452
0.416139 0.018063 -0.332152 0.354536 0.101928 -0.605330 0.684982 0.036981
-0.542269 -0.257040 -0.124108 -0.386631 -0.330346 0.295929 0.970777 -0.136061
0.342009 -1.242812 0.143045 0.494485 0.275511 0.638548 0.368160 0.226503
0.320174 -0.052699 -0.170977 -0.543908 0.089136 -0.037577 0.002907 0.127793
0.459202 -1.258080 -0.286680 -0.319893 0.069367 0.340623 0.297905 0.546137
-0.134835 -0.249273 -0.420898 -0.235687 0.847250 -0.821741 0.523041 0.176336
0.258878 -1.029417 -0.217647 -0.701711 0.372502 -0.197578 0.457080 0.226098
-0.236509 0.433731 0.153793 -0.555382 0.316136 -0.539429 -0.168893 -0.390944
0.127740 -0.867752 -0.316566 0.030524 1.237459 0.159378 -0.311487 -0.493937
-0.310979 -0.625967 -0.008083 -1.329763 0.866527 0.061506 0.408822 0.337378
0.307051 -0.667857 0.121367 -0.324025 1.363008 -0.370450 -1.116320 -0.710450
-0.185235 -0.589163 -0.573812 0.549080 0.847302 -0.445492 0.041928 0.117186
0.266232 -0.897582 -0.906084 0.011561 0.448535 -0.153160 0.204715 0.113745
-0.000464 -0.551336 -0.117175 -0.030305 0.940310 -0.120137 0.478666 0.297065
0.458803 -0.604604 0.107943 -0.127378 1.131724 0.440114 -0.719930 -0.709505
0.326099 -0.990279 0.120684 -0.516202 0.470081 0.161513 -0.273275 0.551788
-0.014054 -1.029376 0.181424 -0.397410 0.883728 -0.202219 0.284665 0.161524
0.174030 -0.241217 -0.342029 0.200897 0.799329 -0.420125 -0.104700 0.369130
-0.276834 -0.806853 -0.337625 -1.066211 0.817977 -0.015372 -0.192111 0.307206
-0.119846 -0.037556 -0.544350 0.500255 0.281198 -0.219368 0.892022 0.721596
0.450281 -0.722873 -0.377444 -0.335742 1.290905 0.019020 -0.209583 -0.201952
0.095399 -1.255815 -0.057873 -0.570876 1.617003 -0.273511 -0.945238 -0.401714
-0.338142 0.046803 -0.129134 0.567214 0.810993 -0.138987 0.209942 -0.009703
-0.991910 -0.177672 -0.288042 -0.066470 0.764399 -0.128561 -0.315329 -0.577205
-0.395428 -0.771196 0.052450 0.272978 -0.104759 -0.451205 0.140588 -0.416229
-0.932392 -0.223940 -0.044195 0.054080 0.810409 -0.163450 -0.279711 -0.657777
-1.084230 -0.080013 -0.012264 -0.213793 0.930240 -0.468309 -0.254255 -0.635122
-0.764576 -0.202357 -0.426676 -0.040537 0.060465 -0.428084 0.153730 -0.362592
-0.918653 -0.213300 0.066066 -0.286399 0.679528 -0.206523 -0.430913 -0.471593
-1.021306 0.313705 -0.468725 -0.247308 0.248969 0.118415 -0.416977 -0.628578
-0.924114 -0.337657 -0.028684 -0.236065 0.829457 -0.025444 -0.093447 -0.679029
-1.134099 -0.152349 -0.266091 0.027076 0.841593 -0.399313 -0.275305 -0.545151
-0.805692 -0.107748 -0.183476 -0.329699 0.946907 -0.261078 -0.100015 -0.783421
-1.066794 0.050512 -0.258884 -0.051124 0.763903 -0.387853 -0.083564 -0.608831
-0.994020 -0.234693 -0.310165 0.036964 0.809853 -0.287862 -0.157438 -0.467469
-0.545875 -0.350485 -0.232208 -0.607893 0.585400 0.187151 -0.287579 0.069929
-1.066933 -0.217195 -0.190434 -0.115581 0.899555 -0.382748 -0.273092 -0.527535
-1.028574 -0.098613 -0.125889 -0.184378 0.732890 -0.104532 -0.323092 -0.623331
-0.384640 -0.655696 -0.415748 0.099370 0.301240 -0.238833 -0.074656 -0.012737
-1.134568 0.207638 -0.120782 -0.283182 0.613387 -0.496835 -0.096251 -0.401253
-1.018562 -0.076477 -0.159568 -0.043320 0.574198 0.052908 -0.276380 -0.779536
-1.097067 -0.228346 -0.185108 -0.037329 0.734305 -0.222349 -0.349991 -0.620616
-0.862982 -0.224309 -0.171948 -0.335821 0.668593 0.078468 -0.211571 -0.575943
-0.898781 -0.146306 0.026918 -0.146259 0.973370 -0.289098 -0.174898 -0.658660
-0.977592 -0.021119 -0.117397 -0.096143 0.896464 -0.263168 -0.171504 -0.749907
-1.024837 -0.140367 -0.194613 -0.202185 0.785271 -0.040781 -0.170239 -0.719018
-0.795507 -0.078339 -0.277740 0.163710 0.852498 -0.264300 0.073346 -0.420230
-0.777881 0.074228 -0.026866 -0.042219 0.763952 -0.051939 -0.256505 -0.970727
-0.722175 0.115861 -0.496131 0.260585 0.528355 -0.607555 0.097248 -0.552778
-0.632177 -0.027261 -0.105152 0.192668 0.797279 -0.133982 -0.279923 -0.169490
-0.994389 -0.130981 0.186634 0.599813 0.701973 -0.065027 -0.605135 -0.781836
-0.933254 -0.082500 -0.098809 -0.063843 0.842556 -0.091820 -0.113923 -0.741442
-1.052219 0.071112 -0.085345 -0.473454 0.424157 0.184405 -0.520410 -0.260754
-0.911117 -0.214544 -0.180910 0.044627 0.816898 -0.404356 -0.522827 -0.562714
-0.873796 -0.107433 -0.010957 0.246701 0.456829 0.032552 0.024995 -0.375999
-0.967719 0.102021 -0.359998 -0.219349 0.673631 -0.366643 -0.495306 -0.432946
-1.058890 -0.010452 -0.213738 -0.113393 0.877696 -0.272746 -0.169400 -0.633553
-0.864232 -0.223548 -0.059619 -0.182772 0.821783 -0.106220 -0.291160 -0.734720
-0.818941 0.170804 0.185703 -0.173007 0.344453 -0.212925 -0.626663 -0.709843
-0.898321 0.156206 -0.294418 0.108665 0.836400 -0.393778 -0.101644 -0.689179
-0.829522 -0.111219 -0.060438 -0.006197 0.929005 -0.405474 -0.250666 -0.715708
-0.973191 0.054946 -0.257889 -0.183403 0.647095 -0.105327 -0.368943 -0.697905
-0.999457 0.066856 -0.146673 -0.051946 0.723456 -0.095152 -0.292092 -0.729055
-1.179961 0.080466 -0.493467 0.127576 0.472770 -0.495306 -0.308878 -0.568584
