-0.459555 0.437449 -0.818148 0.888321 -0.955188 -0.270818 0.116723 -0.252207
-0.205634 -0.682817 -0.447898 0.192393 1.080816 -1.059583 0.232173 -0.373386
0.139462 -0.633276 -0.273526 -1.390259 1.372721 0.193505 -1.021747 -0.178507
-0.188666 -0.301007 0.757656 0.142166 0.674812 -0.411945 -0.611719 -0.672381
-0.381934 -0.240123 -0.739604 -0.387415 0.523136 -0.734472 -0.156619 -0.025003
0.173488 0.379115 0.537251 0.067193 -0.649422 -0.818787 -0.842365 -0.946667
-0.519634 -0.895826 0.140376 0.185682 -0.029056 -0.548090 -0.232429 -0.291941
0.471678 -0.222370 0.097365 -0.534129 -0.202384 -0.361348 -0.038493 -0.195327
0.241408 -1.076514 -0.495239 -0.244077 0.440144 -0.042162 0.257730 0.118432
0.542552 0.364382 -0.065071 0.341479 -0.268101 -1.005133 -0.681631 -0.794081
-0.156090 -0.270734 0.088056 -0.491260 0.188727 -0.941987 -0.449865 -1.050217
-0.252924 0.112722 -0.445146 -0.657740 -0.374778 0.060489 0.359036 0.167820
0.297152 -0.779179 0.563028 -1.033636 0.084447 -0.688731 -0.849520 -0.308085
0.271059 -0.523148 -0.554284 0.765890 0.094141 -0.499210 0.017329 0.040210
-0.257607 -0.561622 0.064324 -0.609111 -0.262336 -1.072788 -0.829236 -1.196737
0.756517 -0.376930 -0.415497 0.160283 0.450266 -0.492526 -0.137456 0.260816
0.276351 -1.080732 0.691316 -0.795780 0.634947 -0.624939 -0.143263 0.127946
0.921389 0.834344 -0.018341 -0.381409 0.052586 -0.575886 -0.475649 0.112381
-0.066628 -0.678113 -0.339068 0.168759 0.034279 -0.862533 -0.370152 -0.749602
0.129909 0.326613 0.264481 0.279858 -0.236821 -0.464469 -0.361801 -1.103141
0.061655 0.121216 0.167200 0.023840 0.212550 -1.094792 -0.709121 0.023264
-0.084782 -0.420540 -0.150608 0.046724 -0.241403 -0.382332 -0.533123 -1.121817
0.204804 -0.670346 0.305054 -0.280041 -0.051371 -0.197550 -0.600851 -0.261290
0.005060 -0.278143 0.315184 0.091764 0.000471 -0.429737 0.484674 -0.434213
-0.202548 -0.817111 0.027313 0.230277 0.676045 -0.791308 0.127413 -0.095965
0.031800 -0.428961 0.731650 -1.006339 -0.469872 -0.248526 -0.445064 -0.430190
-0.258533 -0.316974 -0.038393 -0.880670 -0.472735 -0.522958 -0.259807 -0.850329
0.448468 -1.183437 -0.118850 -1.115353 0.760662 -0.229713 0.864921 0.433769
0.189317 0.704073 -0.501750 0.165994 -0.521746 -1.164435 -0.441629 -0.267320
-0.528256 0.155755 0.145867 0.236247 0.441798 -0.065488 0.753468 0.370079
0.145284 -0.240168 0.011149 -0.614093 0.785540 -0.649815 0.049399 -0.286469
-0.271888 -0.700966 0.960438 -0.720887 0.768790 0.038089 -0.242538 -0.297364
-0.034320 -0.483964 0.456034 -0.672104 -0.061120 -0.565321 -0.243532 -0.190366
0.018472 -0.018254 -0.386718 -0.440251 -0.483078 -0.914252 0.428921 -1.054179
0.718892 -0.047992 0.384566 -0.410208 -0.271944 -0.610608 -0.118157 -0.273009
-0.640564 -0.205807 0.274452 -0.490377 0.140897 -0.306968 -0.050251 -0.351801
-0.503697 -0.325063 -0.160251 -0.244703 -0.734641 -0.144523 0.107729 0.546207
-0.522655 -0.978517 0.341581 -0.842051 0.377165 0.034048 -0.006539 -0.518732
-0.364990 -0.803450 0.157393 -0.497600 -0.125651 -0.438814 -0.290141 -1.104923
-0.279913 0.011028 -0.000125 -1.336498 0.417514 0.084957 -0.622957 -0.306477
-0.081702 -0.488348 0.499875 -0.795872 1.118834 -0.068300 -0.509968 -0.556547
-0.226582 -0.626213 0.007848 -1.122369 1.027223 -0.659564 -0.392676 -0.468013
0.124356 -1.031951 0.172288 -0.743270 1.099704 -0.802126 -0.106423 -0.135098
0.161923 -0.946028 0.478084 -0.787405 1.259911 -0.221826 -0.370239 -0.331914
-0.186932 -0.263203 0.053566 -0.839089 0.511250 -0.447332 -0.202479 -0.727087
-0.091810 -0.704090 0.404722 -1.149071 1.000026 -0.343458 -0.386783 -0.055181
-0.186159 -0.629825 0.755526 -0.538972 -0.032911 -0.664040 -0.635880 -0.228288
-0.345265 -0.709068 -0.451262 -0.935062 0.856792 -0.781902 -0.259809 -0.530406
0.047537 -0.907924 0.291706 -0.817505 0.669185 -0.342028 -0.170882 -0.371459
-0.186730 -1.255235 0.340494 -0.622717 1.083955 -0.573295 -0.566781 -0.185463
-0.639175 -0.421257 0.121817 -0.160487 -0.249760 -0.049582 0.184954 -0.289504
0.316271 -0.035292 -0.357751 -0.103908 0.267423 -0.198710 -0.428627 0.346202
-0.700438 -0.320318 0.619615 -0.410757 -0.444018 -0.548813 -0.139595 -0.370179
-0.301105 -0.335028 0.428831 0.100931 -0.169204 -0.851186 -0.552390 -0.850145
-0.023615 -0.592954 -0.093805 -0.753681 0.410514 0.171044 -0.145230 0.394254
0.761494 -0.662668 -0.010734 -1.171522 0.232004 -0.173215 -0.613384 0.295862
-0.569836 -0.199349 -0.250410 0.648273 -0.067685 -0.692455 -0.014703 0.032652
-0.494264 -0.448992 0.107820 -0.724939 0.132441 -0.615771 -0.081773 -0.589936
-0.784701 -0.128149 0.211356 0.000026 -0.308266 -0.420502 -0.219840 -0.676161
0.764920 -0.160915 0.392423 0.000834 0.345324 0.138876 -0.108107 -0.168396
-0.251966 -0.660950 0.874720 -0.485293 -0.459001 -0.408713 -0.365030 -0.109963
0.183913 -0.696148 0.332661 -0.889892 -0.352416 -0.396352 -0.189042 -0.328218
-0.136081 -0.147858 -0.216475 -0.014256 -0.108378 -1.189044 -0.252589 -0.279105
0.294735 -1.339412 0.043158 -0.923238 1.261517 0.193706 -0.353036 -0.239054
0.024505 -0.515943 0.346897 -0.367986 -0.056634 0.079482 0.539491 0.435459
0.593990 -1.005244 -0.095449 -0.305909 -0.022354 -0.866304 -0.489013 0.732981
0.001556 -0.793346 -0.299841 -1.055653 1.071555 -0.456852 -0.264429 0.371256
0.359531 -0.935155 0.296972 -0.668634 0.441683 0.977208 0.071188 0.416966
-0.655288 -0.509716 0.268653 -0.046049 0.737462 0.079805 0.657862 0.340526
-0.242758 -0.636611 -0.166524 -0.777035 0.812352 -0.275335 0.378364 0.103347
0.204409 -0.497115 -0.048287 -0.762955 -0.007083 0.569660 0.554941 0.366650
0.395702 -0.703245 -0.475165 -0.471319 1.065749 0.327476 0.410813 0.482905
0.233948 -0.954455 0.042262 -0.917117 1.531735 0.236467 -0.370982 -0.583423
-0.082755 -1.059396 -0.861113 -0.165274 0.793485 -0.143472 -0.494142 -0.114848
-0.207638 -0.101750 -0.000192 -0.214437 -0.615904 0.057145 -0.140790 -0.089383
0.165975 -1.026743 -0.172146 -0.138453 1.320094 0.233226 -0.074053 0.580728
0.124377 -0.896441 -0.005848 -0.224821 1.332021 0.152278 -0.132779 0.065925
0.358802 -1.155080 -0.349812 -0.046723 1.573187 -0.203019 -0.709214 -0.070577
-0.668993 -0.610171 -0.012435 0.106633 0.505860 -0.475148 -0.115768 -1.106563
0.086408 -0.764480 0.281896 -0.530639 0.558563 0.046353 0.921626 0.309338
-0.367206 -0.723126 -0.056735 -0.138378 0.696950 -0.171294 -0.257784 -0.090204
-0.221741 -0.463005 0.124797 0.127511 -0.000359 -0.402229 -0.374416 -0.774903
0.168388 0.050083 -0.076003 -0.119438 0.571173 0.117625 -0.183634 0.070667
-0.080336 -1.232037 -0.354757 -0.661187 0.420253 -0.103101 0.648950 0.377689
-0.772188 -0.736819 0.116035 -0.292312 -0.267098 -0.726897 -0.367663 -0.375383
-0.792168 -0.286266 0.247663 0.116664 0.653388 -0.111352 -0.280580 -0.278241
-0.819758 0.144994 -0.083055 -0.180651 0.601988 0.149518 -0.466837 -0.862716
-0.820890 -0.071912 -0.169855 -0.105962 0.794267 -0.473567 -0.374130 -0.552641
-1.059900 0.249285 -0.250795 0.011992 0.698189 -0.217457 -0.259129 -0.796640
-0.872723 0.059050 -0.252890 -0.038080 0.640798 -0.132361 -0.242108 -0.862265
-0.817863 -0.053792 -0.069208 -0.449698 0.694792 -0.351940 -0.306498 -0.824285
-1.127256 -0.097787 -0.214381 -0.009456 0.976915 -0.488463 -0.123532 -0.588581
-0.954095 -0.336208 0.111159 -0.212103 0.990252 -0.321027 -0.143675 -0.402210
-0.696893 0.091502 -0.224449 0.083256 0.210598 -0.381226 0.156322 -0.088690
-0.997292 -0.235620 -0.115833 -0.124231 0.766432 0.060004 -0.135114 -0.609967
-0.826482 -0.210001 -0.302103 0.176900 0.780746 -0.593029 -0.099221 -0.761780
-0.671438 0.179619 0.001606 0.285347 0.492788 -0.443800 -0.441760 -0.139666
-0.866892 -0.040057 -0.205182 0.117633 0.935762 -0.399746 -0.170761 -0.780476
-1.081002 0.281114 -0.152838 0.172651 0.715821 -0.286652 -0.121740 -1.045496
-0.950814 0.037154 -0.205969 -0.113375 0.383424 0.366438 -0.382623 -0.729769
-0.830410 -0.041620 -0.093832 -0.039888 0.873228 -0.303702 -0.147139 -0.781304
-0.621964 -0.377395 -0.102660 -0.154464 0.407524 0.060558 0.470488 -0.098222
-0.592773 -0.301995 0.169162 -0.435439 0.188004 -0.307658 -0.115652 0.038299
-0.673699 -0.837434 -0.473143 0.047922 -0.049133 -0.572588 -0.086287 -0.009255
-0.804904 0.088266 0.070404 -0.065699 0.655988 -0.247927 -0.472492 -0.819559
-0.883287 0.206310 -0.299119 -0.134919 0.630091 -0.059404 -0.535186 -0.591546
-0.959864 -0.194045 -0.051769 -0.035585 0.867951 -0.212747 -0.257385 -0.674638
-0.359705 -0.521180 0.024979 -0.383892 1.102848 -0.224129 -0.423487 -0.731461
-0.847879 -0.220232 -0.513766 -0.067573 0.285862 -0.730670 -0.573974 -0.071063
-0.912436 -0.187333 -0.057211 -0.097889 0.923727 -0.364918 -0.262922 -0.627385
-0.905561 -0.051512 -0.029397 -0.042741 0.964118 -0.336213 -0.157720 -0.724452
-0.957940 -0.147171 -0.225844 -0.014718 0.910155 -0.499452 -0.295007 -0.591267
-0.323485 -0.479122 -0.482839 0.224182 0.124443 -0.455540 0.527405 0.369943
0.166582 0.375731 -0.812154 -0.172732 0.233939 -0.426704 -0.320785 -0.239616
-0.844256 0.004630 -0.065230 -0.152476 0.830950 -0.203047 -0.269450 -0.791956
