0.001832 0.295442 -0.523625 -0.165391 0.091835 0.413264 -0.010599 -0.395841
0.119855 -0.759735 0.114262 -0.132849 0.741310 -0.754281 -0.010198 -0.222639
0.778365 -0.860213 0.744939 -0.952082 0.534205 0.269927 -1.110926 0.194919
-0.383152 -0.764242 -0.084493 -0.667175 0.366893 -0.144520 0.067835 -0.252978
0.659437 -0.773320 -0.299274 -0.602988 0.166455 -0.372634 -0.398478 0.358413
-0.615394 -0.090412 0.498032 -0.209205 -0.524851 -0.692910 -0.341487 -0.104861
0.033542 -0.066685 0.030689 -0.252728 0.038528 -0.123469 0.380794 0.245710
0.203908 -0.114212 0.989296 -0.677605 0.800370 -0.229392 -0.963821 -0.180348
0.056356 -0.298038 0.868345 -0.280211 0.776377 -0.018737 -0.253346 -0.126716
0.206153 -0.495237 -0.168997 -0.690284 1.259448 -0.506835 -0.282928 -0.079774
0.709882 -0.323583 -0.525307 -0.071540 0.435075 0.578081 -0.114345 -0.098311
0.537994 -1.001841 0.090844 -0.421425 0.917301 -0.260333 0.470735 0.077154
0.065074 -1.124840 0.249484 -0.852604 1.396161 -0.086974 -0.379057 -0.852257
-0.585488 0.058890 -0.728239 -0.070310 0.286432 -0.883790 0.125446 -0.408794
-0.689214 -0.159217 0.212547 0.086304 -0.354466 -0.341546 0.149743 -0.316383
-0.273853 -0.648577 0.190741 -0.442653 0.056613 -0.071429 -0.196390 -0.701698
0.309953 -0.713841 0.022196 -0.649575 0.221390 -0.044565 0.017924 -0.115635
-0.524355 -0.169072 -0.130906 0.621425 -0.089533 0.033445 -0.301679 0.448587
0.750227 -1.121176 0.057687 -0.548647 1.023475 -0.122458 -0.671651 -0.517089
0.074834 -0.279566 0.024197 0.123060 0.936467 -0.888697 -0.903638 -1.125036
0.000758 -0.839525 0.478582 -0.947719 1.202377 0.372008 -0.767100 -0.064077
0.206645 -0.790307 0.309135 -0.090561 0.326750 -0.581047 -0.043107 -0.346918
0.037841 -0.737815 0.341599 -0.636519 0.919198 -0.332408 -0.379820 -0.373757
0.102113 -1.220546 -0.351312 -0.616197 0.370639 -0.234962 0.278781 -0.086878
-0.206016 -0.909425 0.177949 -0.261649 0.964444 -0.256287 -0.086639 -0.761907
0.684540 0.282612 0.300970 0.210250 0.051033 -0.758889 -0.327461 -0.183486
0.492147 -0.262887 -0.271505 -0.549899 0.722343 -1.032819 -0.205643 0.190907
-0.107977 -0.633560 0.897702 -0.548793 0.616436 -0.499881 -0.465760 -0.447953
0.279572 0.471920 -0.061073 -0.365028 0.394848 -0.842538 0.106545 0.157023
0.867937 -0.532260 0.076053 -0.289374 0.369331 0.430396 -0.035676 -0.247267
-0.121538 -0.552550 0.144668 -0.618273 1.038791 -0.735447 -0.359553 -0.337191
0.528888 -0.717796 -0.304705 -0.378574 0.652815 0.403697 0.819498 0.421414
-0.099567 -0.757267 0.328315 -0.078059 -0.313886 -0.607972 -0.268979 -0.950214
0.284305 -0.175450 0.034136 -0.634101 0.781702 0.313628 -0.594909 0.238664
0.590145 -0.349204 0.173238 -0.742749 0.572196 -0.006704 -0.571556 0.091626
-0.394318 -0.831027 0.352757 -0.394428 0.838466 -0.716162 -0.437409 -0.072276
0.665630 -1.152629 -0.275229 -0.021471 0.587492 0.056323 -0.202776 -0.127955
-0.141037 -0.668160 0.814945 -0.485718 -0.375001 -0.324060 -0.601756 -0.055144
-0.627100 -1.020327 0.363736 -0.410575 0.057047 -0.880068 -0.492948 -0.331258
-0.356281 -1.050279 1.400852 -1.099428 0.604561 0.189454 -0.366700 -0.565274
-0.402048 -0.397672 -0.128701 -0.861437 -0.045002 -0.586532 0.071166 -0.260842
-0.209864 -0.336956 0.384109 -1.195613 0.390509 -0.448072 -0.334974 -0.333651
-0.274152 -0.347590 -0.242406 -0.236144 0.975490 -0.481455 0.142009 0.208190
0.234534 -0.247878 0.192381 -1.465971 0.528011 -0.120930 -0.235103 -0.622132
0.152328 -0.303299 0.291629 -0.962855 0.270865 -0.008819 -0.375008 -0.533926
0.238821 0.245409 0.518457 -0.481422 -0.279243 -0.007752 -0.746871 -0.801501
-0.454460 -0.083659 -0.087168 -0.581516 -0.222728 -0.458690 0.481515 -0.258577
-0.197870 -0.642229 0.334684 -1.059023 1.007161 -0.529112 -0.160896 0.124637
-0.150285 -0.674474 -0.252001 -0.834942 0.977483 -1.048537 0.045437 0.361983
0.602931 -0.966830 0.524166 -0.475530 -0.439028 -0.064300 0.182622 0.232782
0.819894 -0.704157 0.238483 -0.273160 1.195735 -0.389380 -0.371920 0.047875
0.224331 -0.708132 0.096423 -0.671968 1.127292 -0.537946 -0.429063 -0.173721
0.343955 -0.663336 -0.462101 -0.292002 0.002318 -0.366201 -0.049789 -0.032988
-0.371016 -0.380416 0.528906 -0.120515 0.163244 -0.086430 -0.221857 -0.409109
0.033854 0.548486 -0.702528 -0.209585 -0.145019 -0.761418 0.464379 0.195741
0.454544 -0.620272 -0.126305 -0.278079 0.229426 -0.501114 -0.061731 -0.861393
0.741817 -0.428181 0.239754 -0.964041 0.419425 -1.026319 -0.290555 -0.554926
0.257188 -0.404236 -0.023550 -0.426937 1.298211 -0.165285 -0.074780 -0.521988
0.871423 0.081197 -0.239354 -0.921440 0.207907 -1.104639 -0.827687 -0.886915
0.036081 -0.047951 -0.324805 -1.120426 0.332371 -0.108034 0.279829 0.051351
0.846965 0.088809 0.073706 -0.732555 -0.238189 -0.684384 -0.717930 -0.317520
0.719493 0.369322 -0.058996 -0.376474 -0.692002 -0.240554 -0.193207 -0.118571
0.188355 -1.054148 -0.983561 0.088848 -0.304168 -0.790724 -0.576371 0.091047
0.742115 -0.663058 -0.462314 -0.086907 0.386121 -0.125439 -0.233131 0.379411
-0.686112 0.107659 0.531300 0.328483 -0.247945 -0.760685 -0.182294 0.046126
0.079036 -0.412641 -0.450396 -1.428720 0.929104 -0.187287 -0.283521 0.369292
-0.000453 0.024481 -0.099908 -0.291834 0.435600 0.028179 -0.403104 0.039824
-0.515654 0.492374 -0.348280 0.905250 -0.457338 -0.747638 0.489521 0.332996
0.774287 -0.604783 0.878847 -1.139216 0.735638 -0.161083 -0.971169 -0.317552
0.712812 -1.172060 -0.260790 -0.526637 0.699008 -0.331598 -0.231651 -0.445032
0.469276 -0.960647 0.560085 -1.157364 0.704996 -0.150791 -0.504544 -0.334625
-0.140109 -0.615476 -0.144405 -0.773050 0.353008 -0.440288 -0.678497 -0.429867
-0.183033 -0.481490 0.303275 0.487595 0.329103 -0.291322 -0.010925 -0.072548
-0.126297 -0.447736 -0.658254 -0.353129 -0.409907 -0.416007 0.659754 0.387171
0.291264 -0.579719 0.470379 -0.631208 0.578413 0.730029 -0.228128 -0.308817
0.454151 -0.697484 0.049801 -0.629396 0.989708 -0.647684 -0.446124 -0.245080
-0.264768 -0.658763 0.421113 -0.032741 -0.425858 0.100877 -0.589413 -0.225942
0.326243 -0.514810 -0.501439 0.259342 0.861520 -0.268017 -0.382844 0.032936
0.354324 -0.927752 -0.209253 -0.114286 0.659382 -0.390051 -0.230626 -0.088137
0.370477 0.111631 -0.381091 -0.249336 -0.762317 -0.584813 -0.040177 0.300095
-0.068521 -0.934137 0.156828 -0.415469 0.471154 -0.875206 -0.576276 -0.155977
0.235692 -1.018964 -0.169344 -0.312138 1.487037 -0.251773 -0.533367 0.363709
-0.049634 -0.378109 0.165204 -0.226924 0.730215 0.164548 0.082826 -0.375864
-0.259983 -0.664625 -0.180721 -1.089256 0.633636 -0.673358 -0.358044 -0.463396
0.732269 -0.601745 -0.192557 -0.174179 0.960233 -0.152386 -0.073700 -0.063050
-0.206434 -0.544202 0.172999 -0.708688 0.262982 -0.767177 0.440706 0.056711
-0.121463 -0.726583 0.127359 -0.078246 -0.427097 0.042462 0.117339 -0.079938
-0.331845 -0.460780 0.039019 -1.138661 1.086110 -0.718847 -0.378182 0.132630
-0.126717 -0.628291 -0.166065 -1.028974 1.289510 -0.652465 0.009536 -0.335206
-0.183275 -0.432516 0.390839 -0.387233 1.148012 0.028147 0.079788 -0.261598
0.359233 0.544500 -0.244763 -0.085631 -0.553237 -0.386719 0.161571 0.306602
0.027239 -1.035773 0.409758 -0.709333 1.426210 -0.654636 -0.635862 -0.158626
0.136102 -1.006265 -0.208801 -0.444458 0.954340 -0.054242 0.498605 0.382623
-0.240875 -0.201957 -0.629015 0.211743 0.556096 -0.690626 0.258580 0.391161
-0.111733 -0.754942 0.012004 -0.175402 1.100958 -0.931087 -0.087413 -0.507495
-0.427061 -0.828069 0.235127 -0.842653 0.429486 -0.101080 0.448296 -0.003096
-0.082631 -1.217226 -0.071521 -0.833407 1.119488 0.159725 -0.963904 0.265238
0.330258 -0.322138 -0.704593 -0.155269 1.115363 -0.736627 0.359713 -0.410160
0.412010 -0.962037 -0.479530 -0.246783 -0.144715 0.016055 1.012870 0.597277
0.449777 -1.062245 -0.485199 -0.814229 0.077729 -0.531295 -0.273331 0.034585
0.026574 -0.794862 0.060756 -0.784294 0.006259 -0.638308 0.353066 0.433838
0.215735 -0.809752 -0.492603 -0.208831 1.170813 0.166229 -0.491548 0.051707
0.121460 -0.490448 0.025089 -0.972756 1.326138 0.412493 -0.643842 0.400674
0.052622 0.212111 -0.083175 -1.098053 0.746514 -0.290390 -0.230070 -0.416743
-0.950344 0.014341 0.050742 0.226371 -0.205824 0.055984 0.294210 0.985384
-0.192853 0.044486 0.385970 -0.181789 0.315365 -0.082241 -0.718883 0.337838
0.407827 -0.591434 0.462345 -0.884648 0.976396 -0.300506 -0.986952 -0.171665
0.095354 -1.033281 -0.274478 -0.323185 -0.015333 -0.605162 0.184978 0.146438
0.637827 -0.942594 -0.004355 -0.218847 0.905295 -0.095560 -0.750576 0.186401
-0.685231 -0.115876 0.080911 -0.912847 -0.057301 0.770343 0.078582 0.537081
-0.183948 -0.450408 -0.241685 -0.442755 1.363449 -0.344636 0.067309 0.139840
-0.348566 -0.854213 -0.073819 -1.118182 1.056538 0.575026 -0.483077 0.211232
0.017947 -0.422649 -0.023898 -0.191470 0.640511 -0.192504 0.065618 -0.275332
0.153549 -0.966583 -0.712323 -0.306185 1.012629 -0.248948 -0.497656 0.212380
0.727843 -1.479070 0.485803 -0.788885 0.423357 0.327574 -0.115549 -0.078289
0.797971 -0.497936 -0.327187 -0.044802 1.098532 -0.182928 -0.350912 -0.286972
0.091702 -0.294463 -0.543845 0.048806 0.020325 -1.217264 -0.302658 0.044243
0.233082 -0.597096 0.862089 0.096989 -0.099805 -0.295670 -0.939523 -0.481022
0.777491 -1.195250 0.121886 -0.494422 0.881938 0.114864 -0.257778 0.320660
0.341467 -0.624901 -0.965607 -0.025965 0.288404 -0.049401 -0.020145 1.064322
0.749616 -0.886987 -0.109722 -0.672955 0.791344 -0.382238 -0.047970 0.041052
0.055141 -0.686269 -0.655616 0.003512 1.183929 -0.467521 0.183662 0.413663
-0.469509 -0.332525 -0.583984 0.019637 0.768249 -0.336846 0.312866 0.069572
-0.772119 -0.553550 -0.176525 -0.766848 0.914594 0.234545 0.496086 -0.003926
-0.522380 -0.314165 0.013805 -0.759877 1.086938 -0.521300 0.411982 0.351867
0.321515 -1.269056 0.415120 -0.821048 0.102249 -0.146029 -0.319013 0.315567
0.158047 -0.890703 0.664421 -1.059730 0.381567 -0.639523 -0.259824 0.106133
0.180027 -0.019329 -0.456864 -0.204873 0.902796 0.044297 0.229394 0.213693
0.596985 -0.911414 -0.175636 -0.320101 0.572533 -0.288650 -0.557809 0.267710
0.267483 -0.988613 -0.195525 -0.475159 0.354077 -0.332865 -0.066730 0.295466
-0.414310 -0.806699 -0.324338 -0.565982 1.035855 -0.188231 -0.627997 -0.885545
-0.438768 -0.999622 -0.139671 0.625406 0.926030 -0.464969 -0.114003 -0.187172
0.082508 -0.800224 0.081163 -0.156862 0.309296 -0.289322 -0.406487 0.332081
-0.087024 -1.103332 0.108139 -0.158516 1.148306 0.055475 -0.343523 -0.539249
-0.908708 -0.354388 -0.180883 -0.327856 0.773403 -0.200463 -0.340255 -0.488011
-0.959554 -0.090849 -0.073392 -0.089069 0.791407 -0.044608 -0.270786 -0.726327
-0.891656 -0.274750 -0.088374 -0.061806 0.843068 -0.015930 -0.079526 -0.699808
-0.818341 -0.263863 0.202644 0.036547 0.588227 -0.060693 -0.382522 -0.253202
-1.004675 -0.127045 -0.120568 -0.056800 0.800511 -0.195521 -0.293671 -0.677882
-1.090323 -0.422945 -0.329418 -0.073691 0.649139 -0.302797 -0.210053 -0.409579
-1.324197 0.028585 -0.497150 -0.032421 0.546686 -0.212529 -0.151442 -0.519294
-0.908201 -0.133767 -0.038333 0.459130 0.574878 -0.075779 0.074130 -0.855919
-1.277206 -0.634309 -0.186214 0.411270 0.115065 -0.571398 0.147076 0.227474
-0.062536 -0.866522 -0.499961 -0.404266 0.205699 -0.180296 0.373350 -0.314027
-1.086274 -0.212428 -0.196101 -0.230989 0.654259 -0.191548 -0.427463 -0.468605
-0.795999 -0.046144 -0.371161 -0.177541 0.279665 0.213687 -0.352389 -0.787342
-0.845086 0.198967 -0.095561 0.030014 0.493701 0.145331 -0.417273 -0.961823
-1.156564 -0.093970 -0.333968 0.084906 0.762647 -0.162885 -0.178786 -0.605028
-0.974086 0.043353 -0.117688 0.160097 0.709788 -0.312595 -0.430039 -0.767318
-0.994867 -0.111300 0.067379 -0.121977 0.792809 -0.253074 -0.441659 -0.527116
-0.742607 0.361860 0.078502 0.102940 0.612043 0.219455 -0.164894 -1.043383
-0.159116 -0.352482 0.085958 0.497216 0.385854 -0.021114 -0.747658 -0.730725
-0.984777 0.051929 -0.184392 -0.041590 0.924285 -0.308905 -0.118023 -0.783700
-1.066874 0.019118 -0.245793 -0.144823 0.792946 -0.193725 -0.200603 -0.689858
-1.227645 -0.114357 -0.141101 -0.230111 0.704987 -0.399611 0.022754 -0.356212
-0.956662 -0.296617 -0.126145 -0.153616 0.720425 -0.288859 -0.253320 -0.492877
-0.291769 -0.364242 -0.199305 -0.611538 0.604440 0.527691 0.112707 -0.918566
-0.515423 0.050737 0.015935 -0.341277 0.089847 0.474172 -0.342672 -0.952281
-0.775247 0.361833 0.259975 0.291552 0.785148 -0.530369 -0.629562 -0.678779
-1.054377 0.126181 -0.482231 0.153897 0.384203 -0.448620 -0.292006 -0.142126
-1.102656 -0.154077 -0.257010 -0.166882 0.858581 -0.376671 -0.293089 -0.506010
0.400813 0.286697 -0.475245 -0.187157 -0.094844 -0.782523 -0.234127 -0.200810
-0.910762 -0.149969 -0.229155 -0.083013 0.410655 -0.129652 -0.616951 -0.442009
-0.220800 0.018062 -0.065880 -0.125167 -0.199028 0.252025 -0.436494 -1.107354
-0.906753 -0.009668 -0.174520 0.369518 1.005917 -0.099554 -0.238471 -0.914751
-0.660796 0.311689 0.204480 0.283712 0.139799 -0.403391 -0.741731 -0.347386
