0.049222 -0.575421 0.432835 -1.003307 -0.333354 -0.032742 0.319917 0.300763
0.558821 -0.973448 -0.518279 -0.167977 0.886269 0.041887 -0.422775 -0.679013
0.524232 -0.302280 -0.056697 -0.404278 0.984370 0.038393 -0.828720 0.023937
0.206720 0.017545 0.257275 -0.002104 -0.236176 -0.154851 0.060150 0.657684
0.176443 -1.163279 0.133946 -0.312048 0.595012 -0.367171 0.196854 -0.047659
-0.200804 -0.345714 0.291466 -0.566697 1.054684 0.377675 -0.666303 -0.895115
-0.239708 -0.731744 -0.438250 -1.281420 1.077290 -0.830312 -0.302484 -0.235913
-0.072281 -0.669472 0.122322 -0.258751 0.912833 -0.218920 -0.544399 -0.403831
0.008120 0.301922 0.423059 -0.506208 0.291024 -0.459099 -0.398583 -0.108562
0.405511 -0.283554 -0.119166 0.564672 0.682123 -0.723735 -0.343157 -0.527099
-0.372901 -1.160377 0.380555 -0.432472 -0.163682 -0.072626 -0.817219 -0.030489
-0.440211 -1.016371 0.836352 -0.028866 0.631705 -0.521631 0.001787 -0.200792
0.572606 -1.115168 0.347781 -1.028248 1.602821 0.091408 -0.774433 -0.493962
-0.358489 -0.415741 -0.834513 0.048736 0.792685 -0.490176 0.454855 0.554115
0.077669 -0.672132 -0.108471 -0.332072 1.155584 -0.792466 -0.947369 -0.082344
-0.048509 0.334628 -0.154049 0.353722 0.651439 -0.670138 -0.710875 0.296792
-0.672118 -0.554605 -0.270925 -0.526109 0.518240 0.080955 0.250989 0.280447
-0.266320 0.269126 0.045583 -0.473053 1.112682 -0.112222 0.008535 0.381368
0.461241 -0.393732 -0.002966 -0.798919 1.295786 -0.043611 0.174355 -0.594414
0.991337 -0.490350 0.269024 -0.224001 -0.012649 0.063812 -0.329644 0.423037
0.260560 -0.311995 0.686687 -0.346739 -0.204005 -0.684566 -0.410562 -0.460932
-0.044837 -0.142190 0.718873 -0.483026 0.364903 -0.039765 -0.425825 -0.901091
0.053306 -0.360515 0.314490 -0.369234 0.345768 -0.298115 -0.405092 -0.309612
0.430229 -1.360756 0.212183 -0.994162 1.259895 -0.404768 -0.625600 -0.522144
-0.071595 -0.514154 -0.196273 0.241196 0.731604 -0.480280 -0.619853 0.236985
0.108730 -0.400161 0.013244 -0.217933 1.057856 -0.310590 0.018666 -0.362663
-0.435232 0.675892 0.066037 0.170522 -0.530587 -0.250278 -0.125970 -0.157183
-0.263070 -0.517847 0.728136 -0.904088 0.793268 0.282921 -0.254667 0.040334
0.323908 -1.318030 -0.251805 -0.456289 1.007013 0.028205 -0.424100 -0.740560
-0.382063 -0.259690 -0.059436 -0.080132 0.799777 -0.222422 -0.470302 0.148096
0.569010 -1.048005 -0.132107 -1.203102 1.072501 -0.395950 -0.201129 -0.689424
-0.425638 -1.001928 -0.059786 -0.594720 0.791116 -0.032070 -0.013344 -0.540252
-0.389517 -0.181293 -0.282764 -0.955548 0.334439 -0.323720 0.087011 -0.370649
0.031241 -0.611596 0.521411 -0.711026 0.783343 -0.034036 -0.321094 -0.191535
0.481234 -0.853626 0.266231 -0.159167 0.324473 -0.216301 -0.128619 -0.395719
0.299064 0.071930 0.494436 0.356458 0.446696 -0.378330 -0.425504 -0.633811
0.423142 -0.433814 -0.237942 -0.318926 1.270677 -0.389346 -0.083884 0.036822
-0.576266 -0.644382 0.069447 0.219777 0.130214 -0.511657 0.092252 -0.313025
0.142151 -0.324096 0.064317 -0.202784 1.063107 -0.298635 -0.317855 -0.334839
-0.662460 -0.174601 -0.336534 -0.506883 0.040115 -1.012851 -0.896530 -0.507103
-0.193811 0.657644 -0.637444 0.233069 -0.302897 -0.404385 -0.367318 -0.667027
0.321282 0.296949 0.032222 0.541240 0.677045 0.012701 -0.411875 -0.118858
0.913005 -0.049354 -0.360109 -0.282414 0.008239 -1.500048 -0.286051 -0.631125
-0.270089 -0.130058 0.578523 0.885532 -0.158053 -0.938390 -0.260652 -0.740878
-0.500275 -0.001804 -0.437006 -0.109968 -0.939246 -0.916200 0.281769 -0.135681
-0.008228 -0.790862 -0.896286 0.500034 0.528443 -0.676434 -0.447930 -0.125831
0.284883 -0.879826 0.218425 -0.127072 0.411100 -0.225162 -0.377864 0.454325
-0.495244 -0.891527 0.518275 -0.551081 -0.251533 -0.631516 -0.412990 -0.623324
-0.235155 -0.407427 0.323930 -1.162018 0.594036 -0.283372 -0.193681 -0.205314
-0.841618 -1.006115 0.026085 -0.534611 0.310749 -0.785691 -0.432318 -0.860785
0.090992 -0.223519 0.211398 -0.546739 -0.225712 -0.232294 -0.536083 -1.314954
-0.536051 -0.637760 0.613838 -0.569275 -0.404288 -0.304153 -0.265425 -0.231809
0.559061 -0.207459 0.013017 -0.296988 0.131031 -0.074063 -0.627120 -0.796176
-0.434729 -0.605896 0.719622 -0.345979 -0.093559 -0.766754 -0.372389 -0.138813
-0.365289 -0.342881 0.672414 -0.311729 0.291895 -0.403584 -0.637508 -0.882817
-0.190643 -0.146945 0.432428 -0.409428 0.997671 -0.425129 -0.639036 -0.347612
-0.517298 -0.691261 0.420880 -0.588719 0.251300 -0.324037 -0.426407 -0.250395
0.009025 0.179533 0.582502 -0.534162 -0.046912 -0.757118 0.048752 -0.152848
-0.401818 -0.304555 0.066629 -0.799444 0.627556 -0.641556 -0.301519 -0.200367
0.336342 -0.142894 0.301533 -0.507355 0.039072 -0.529416 -0.221996 -0.134297
-0.504592 -0.259024 0.407671 0.025728 0.208690 -0.364486 -0.496992 -0.437521
0.372313 -0.102908 0.054051 -0.609377 0.568767 -0.347335 -1.111033 -0.498219
0.223678 -0.519276 -0.028018 -1.037615 0.986078 -0.220353 -0.441068 0.171809
0.579372 -0.296306 0.140915 -0.265359 0.412603 -0.072115 0.057598 -0.389405
0.700730 -0.296985 -0.271309 0.617374 0.310319 -0.542931 -0.266399 -0.925498
0.017624 -0.807186 -0.153106 -0.499100 0.397830 -0.566096 -0.227437 -0.275951
-0.402739 -0.106607 -0.597518 -0.304458 0.516484 -0.308814 -0.142039 -0.038828
0.270088 -0.909549 -0.014639 -0.592905 0.111503 -0.996602 -0.308452 -0.361429
0.147468 -0.545888 0.047233 -0.210584 0.819875 -0.428750 -0.078873 -0.664862
0.127575 -0.157892 -0.495209 0.169440 0.441929 -1.405802 -0.489163 -0.604113
0.455488 -1.304478 0.385988 -1.111331 1.006788 -0.066841 -0.186820 -0.137191
-0.395796 -0.691077 0.153811 -1.033063 1.231681 -0.789554 -0.698429 -0.356479
-0.289723 -0.166268 -0.383140 -0.569391 0.331297 -0.662403 0.026379 0.032630
-0.121994 -0.764800 -0.076949 -0.834092 0.548563 -0.112440 0.411002 -1.085364
-0.065859 -1.161872 -0.047218 -0.929851 1.497277 -0.155411 -0.614943 -0.477907
-0.640266 -0.899618 0.093409 -0.730055 0.270764 -0.322399 -0.502442 -0.520087
0.129114 -1.429100 -0.007385 -1.022424 1.368280 -0.309845 -0.243736 0.029139
0.013513 -0.182901 0.554064 -0.163238 -0.621927 0.103852 0.793662 0.171473
-0.105130 -0.113415 0.501117 -0.885589 0.115412 -0.742368 0.050071 -0.255535
-0.610526 -1.168842 0.245050 -0.616517 -0.130789 -0.500389 -0.552666 -0.333461
-0.092313 -0.427304 0.322135 -1.010240 0.885746 -0.350027 -0.266600 -0.556455
0.616986 -0.940064 -0.287797 0.212995 0.064383 -0.247524 0.213437 0.614109
0.254537 -0.467372 0.304429 0.102879 0.220575 -0.855555 -0.854898 -1.135653
0.598250 -0.434404 -0.095513 -0.513398 0.549640 0.017883 -0.709262 -0.476293
-0.091078 -1.082855 0.013621 -1.037633 1.342114 -0.531062 0.038283 -0.311307
-0.720884 -0.051448 -0.124610 -0.604147 0.147286 -0.942530 0.236547 0.308146
0.210052 -0.280191 -0.029299 -1.036906 1.116220 -0.193662 -0.658907 -0.481049
-0.701614 -0.936543 0.206370 -0.895006 0.730211 0.273918 -0.455491 -0.877215
-0.220927 -0.811829 -0.443046 -0.354142 0.737020 -0.856632 -0.075722 -0.370592
0.023482 0.292674 -0.392677 -0.005773 0.176844 -1.000572 0.168161 -0.775794
-0.385653 0.146388 -0.246310 1.104123 -0.573601 -0.834576 -0.526075 -0.632432
-0.259705 -0.756714 -0.122217 -0.181027 1.476116 -0.316795 -0.268382 -0.491496
-0.241529 -0.650444 -0.235803 0.171204 -0.119915 -0.779311 -0.297037 -0.767771
0.022092 -0.486368 0.321129 -0.998166 -0.026974 -0.414528 -0.349252 0.362725
-0.763619 -0.419657 0.022133 -0.208263 0.237149 -0.432986 -0.109858 -0.172675
-0.273703 -0.842145 -0.484387 0.073975 -0.393011 -0.699751 0.460049 -0.181261
0.217286 -0.726801 0.589734 -0.527036 -0.457570 -0.010586 -0.680191 -0.374891
-0.551506 -1.105831 0.380718 -0.425682 -0.527393 -0.598482 -0.008998 0.147181
0.585269 -0.405649 0.665313 -0.206888 0.041083 -0.591096 -0.775214 -0.042095
-0.347956 -1.112779 0.659126 -0.270510 0.230872 -0.178681 -1.005945 0.086155
0.118196 -0.919535 0.172158 -0.679451 1.443560 -1.001319 -0.872856 -0.037493
-0.135927 -0.673608 0.135564 -0.873285 1.546609 -0.132045 -0.995610 0.105227
0.531098 -0.675207 -0.292373 -1.050708 0.917714 -0.679058 -0.421837 -0.031629
0.272530 -0.869238 0.115629 -0.071385 0.428618 -0.654210 -0.103133 -0.092542
-0.368509 -0.483355 -0.383202 -0.501924 0.969210 -0.034191 0.043086 0.756731
0.288511 -0.743301 0.107415 -0.227565 0.329784 -0.219405 0.188915 -0.120898
0.321069 -0.882681 -0.217186 -1.252873 0.070001 -1.088165 -0.308386 -0.794393
-0.157126 -0.880980 0.283790 -0.888259 -0.172756 0.212270 0.226252 -0.083992
-0.624331 -0.525305 0.005908 0.200061 -0.010644 -0.632431 0.524406 -0.231458
0.342489 0.122565 -0.152458 0.648832 0.615411 -0.571227 0.110375 -0.510391
0.481610 -1.115047 -0.292363 -1.052877 0.727258 0.349408 0.031563 -0.105649
-0.498768 -0.264244 0.532686 0.343914 0.589505 -0.442368 -0.594605 0.076350
0.069518 -0.701975 -0.109295 -0.309141 -0.274970 0.566417 0.395746 0.200857
0.457603 -0.289644 -0.175367 -0.076290 0.300391 -0.621647 -0.058700 -0.166849
0.388049 -0.109671 0.398885 -0.383351 0.895445 0.498143 -0.127376 0.203183
0.400758 -1.193923 -0.164752 -0.563874 0.782632 -0.512122 -0.341279 -0.050019
0.029820 -0.781750 -0.001048 -0.255900 1.209151 0.037520 -0.643112 0.052695
0.548716 -0.937493 -0.034521 -0.517933 0.434877 -0.402549 0.069245 -0.099353
0.742557 -0.786635 -0.556487 -0.200622 1.305070 -0.287702 -0.426652 0.220512
0.722703 -0.803651 -0.117594 -0.696001 0.630187 0.205201 -0.715354 -0.288307
-0.271791 0.284838 0.084133 -0.131735 1.045026 -0.281537 0.405536 -0.049977
0.354621 -0.456439 0.690632 -0.941497 0.778629 0.809058 -0.662058 -0.169450
0.093198 0.048825 -0.555167 -0.803281 1.209708 -0.462950 0.181209 0.174707
-0.118964 -0.390811 0.248077 -0.188161 1.135196 -0.034655 -0.455260 -0.208218
0.680639 -0.733454 -0.500330 -0.111777 1.240248 -0.325005 -0.429712 0.238859
0.428373 -0.256785 -0.409583 -0.093101 0.894089 -0.704948 -0.373669 0.073399
0.057365 -0.026156 0.201029 -0.381563 1.080395 0.175093 -0.108979 0.293182
0.740286 -1.101922 -0.411618 -0.613166 0.353048 -0.163202 -0.290395 -0.005864
-0.357662 -0.625673 -0.380356 -0.561257 1.028652 0.449954 0.731197 0.216053
0.055053 -0.593549 -0.167298 -0.334749 0.972537 0.067029 -0.197857 -0.040188
0.346286 -0.121575 -0.619471 0.110324 0.309924 0.078839 -0.105277 0.260867
-0.362653 -0.552473 -0.052129 -0.108469 0.868579 -0.321238 0.195557 0.623729
-0.265189 -0.777949 -0.317844 -0.591502 0.136829 0.742155 0.633531 0.144832
0.267400 -0.256013 0.003675 -0.520615 1.214660 -0.150206 -0.131894 -0.293121
0.090828 -0.894079 -0.073101 -1.033555 1.078911 0.375677 0.116837 0.046284
0.011475 -0.658116 -0.160830 -1.118550 0.342927 0.702871 0.198018 0.212175
0.141755 -0.013917 0.137425 -0.324922 -0.185475 -0.606142 -0.551897 0.068580
0.377579 -0.692590 -0.230131 -1.027428 1.042352 0.630231 -0.480383 -0.540289
0.497904 0.144893 -0.438829 0.120841 0.225613 -0.106262 0.078779 0.425952
0.373275 -0.175252 -0.654212 0.006268 0.349080 -0.446873 0.725937 0.074401
0.579864 -0.161449 0.322016 -0.639630 0.644707 0.548858 -0.052276 -0.195781
0.523947 -1.280742 -0.273246 -0.755168 1.349157 -0.651570 -0.856069 -0.058197
-0.364010 -0.566702 -0.248993 0.089150 0.537737 -0.095344 0.424959 0.322083
0.185259 -1.502198 0.263673 -0.915668 1.796632 -0.191496 -0.524524 -0.448048
-0.380491 -0.798737 -0.547866 0.177119 0.837614 -0.123891 0.503433 0.273298
0.165924 0.526129 -0.085514 -0.237249 0.529322 -0.173784 0.050294 0.424378
-0.087410 -0.457395 -0.585208 0.202526 0.519945 -0.429600 0.454468 0.629977
0.390059 -0.872661 0.609339 -0.883117 0.899103 0.489377 -1.035305 -0.224609
-0.370701 -0.517616 -0.389852 -0.510213 -0.438134 -0.409793 0.170075 0.300037
-0.454615 -0.328687 0.003044 0.114571 0.688969 -0.751286 -0.046845 -0.280164
-0.176726 -0.060123 -0.054418 0.157903 0.326052 -0.372025 -0.255697 -0.123139
-0.061978 -0.677318 -0.206830 -0.065052 -0.059302 -0.815761 0.079396 -0.126444
-0.130503 -0.742465 -0.036887 0.359147 0.663001 -0.323806 -0.159347 -0.276534
-0.025544 -1.211339 -0.220671 -0.951905 0.239663 0.107459 0.271481 0.838672
0.403345 -0.511611 0.293037 -1.220621 0.569044 0.150263 -0.683997 -0.375715
-0.342834 -0.552814 0.084344 0.026765 0.461722 -0.384040 -0.310843 -0.684660
0.144279 0.341901 0.430223 -0.572657 0.781781 -0.260451 -0.459239 0.141916
0.220224 -0.963025 -0.011694 -1.285822 1.527456 -0.443289 -0.451935 -0.544171
-0.116544 -0.444347 0.245065 -0.754570 0.638963 0.437913 -0.579301 -0.469082
-0.571673 -0.494081 -0.560049 -0.865069 1.086801 -1.252460 0.006234 -0.281838
-0.432178 0.116224 -0.276702 -0.393916 0.266621 -0.845112 0.277015 0.168073
-0.007470 -1.478729 -0.062403 -0.794657 0.962546 0.064299 -0.222783 -0.200917
-0.407751 -0.057736 -0.165665 -0.684923 0.207257 -0.632038 -0.028397 -0.036898
0.612343 -0.564829 -0.672205 -0.760393 0.515538 -0.193998 -0.286924 -0.153764
0.324191 -0.971699 -0.768282 -0.386220 0.319960 -0.479404 0.287756 0.041279
-0.455576 0.749039 -0.208533 0.001544 0.252272 -0.596049 -0.325156 -0.931477
0.169501 -0.615386 0.130410 -0.316462 0.808196 0.056216 -0.549255 0.184515
0.105969 -0.302800 0.170687 -0.288446 -0.172743 -0.926873 -0.434715 -0.626679
0.180211 -0.757934 -0.012850 0.081876 0.925901 0.317995 -0.095729 -0.651843
0.907096 -1.321320 -0.457313 -0.558415 0.859660 0.070762 -0.013431 -0.912906
-0.160192 -0.395098 0.415557 -0.293680 1.021724 -0.512295 -0.429718 0.287369
0.405023 -0.393839 -1.275792 -0.104689 0.478405 -0.741811 0.561600 0.367169
0.561681 0.000219 -0.397966 -0.591479 1.021985 -0.620300 -0.352702 0.323026
0.055053 -0.593549 -0.167298 -0.334749 0.972537 0.067029 -0.197857 -0.040188
-0.257715 -0.207487 0.003794 -0.333161 1.253577 -0.257017 0.248657 0.221442
-0.199851 0.363658 -0.293764 -0.432954 0.389341 0.056032 -0.183232 0.190600
0.620680 0.669659 -0.215964 -0.370629 0.391600 -0.887802 -0.480506 -0.618343
-0.109823 -0.532384 0.390380 -0.417901 1.088956 -0.267003 -0.307065 0.014180
-0.760072 -0.207861 0.545975 0.388049 -0.048662 -0.592672 0.452963 -0.348880
-1.039662 -0.357934 -0.331332 -0.100231 0.302490 -0.679871 -0.298981 -0.432151
-0.299656 -0.412835 0.398691 0.493959 -0.558554 -0.174082 0.417499 -0.265521
-0.313366 -0.392482 -0.198126 0.785003 -0.489807 -0.798608 0.217269 -0.078894
-0.210648 0.260017 0.248426 0.009583 -1.045530 0.032984 0.082048 -0.291792
0.155041 -0.143992 0.653788 -0.472352 -0.283221 0.343641 0.006796 0.097062
0.441095 0.336548 0.096746 -0.861883 0.548630 -0.876413 -0.349701 -0.830542
-0.123727 -0.543486 0.293927 -0.486439 1.001354 -0.335019 -0.380165 -1.108390
0.553940 -0.877304 -0.150619 -0.456047 0.876095 0.025962 -0.058863 0.168635
0.301978 0.756587 -0.551957 0.074032 0.137785 -0.248251 -0.117532 0.481080
0.071853 -0.778474 0.833309 -1.139484 1.019840 -0.200603 -0.017544 -0.281029
0.225058 -0.189307 -0.700613 -0.246663 0.852673 -0.813508 0.116019 -0.085060
0.227774 0.407010 0.488766 -0.746233 -0.012367 0.035796 -0.619179 -0.275229
0.013436 -0.920332 -0.013529 -0.873750 0.764800 0.013388 -0.235807 0.025268
-0.234483 0.054738 0.200459 0.086707 -0.103108 -0.785257 -0.525733 -0.298016
0.619565 -0.346833 0.846101 -0.016375 -0.268596 -0.258694 -0.788443 -0.761508
-0.089850 -0.272681 -0.210945 -0.324384 0.592917 -0.381897 0.551814 0.577043
-1.067070 -0.704895 0.817759 -0.434174 0.401602 -0.165272 -0.670750 -1.339193
-0.025544 -1.211339 -0.220671 -0.951905 0.239663 0.107459 0.271481 0.838672
0.634499 0.188331 -0.002336 -0.511258 0.971735 -0.569644 -0.357112 -0.317504
-0.449350 0.442170 -0.178371 -0.020321 0.353138 -0.554067 -0.172521 0.642251
-0.651760 -0.217332 0.217663 -0.042087 0.911787 -0.439238 -0.273452 -0.464557
-1.125900 -0.115083 -0.202905 -0.046185 0.708871 -0.245780 -0.380167 -0.555541
-1.028631 -0.268508 0.023895 -0.073305 0.963464 -0.195747 -0.199622 -0.518104
-0.722362 -0.362489 -0.117764 0.217478 0.634276 -0.518440 -0.181369 -0.279639
-1.028818 -0.251054 -0.038579 -0.207030 0.899270 -0.257389 -0.246077 -0.535564
-0.891323 0.095899 -0.110750 -0.091775 0.945396 -0.216005 -0.006555 -0.889404
-1.129139 -0.222554 0.236530 -0.103910 1.086027 -0.285919 -0.484167 -0.604698
-0.238528 0.060127 -0.066364 -0.287542 -0.093723 -0.003439 -0.088101 -0.275120
-1.016409 0.017354 -0.313611 0.174812 0.599605 -0.184708 -0.258223 -0.741478
-1.025139 -0.147875 -0.281038 0.029991 0.871121 -0.110869 -0.058584 -0.799397
-1.015593 -0.132709 -0.291501 -0.012515 0.780210 -0.196807 -0.040342 -0.692600
-1.054762 0.072688 -0.724429 -0.081986 0.295391 -0.089393 -0.404751 -0.423909
-0.836919 -0.130546 0.044045 -0.054272 0.982784 -0.415432 -0.204007 -0.622266
-0.939594 -0.227288 -0.073947 -0.140785 0.977608 -0.405028 -0.227955 -0.561559
-0.893966 -0.183601 0.022626 -0.150389 0.847919 -0.197127 -0.295374 -0.695450
-0.729014 -0.051511 -0.164943 -0.123727 0.864013 -0.163325 -0.194484 -0.801306
-0.918640 -0.175114 -0.052507 -0.113419 0.894504 -0.326904 -0.263664 -0.615184
-0.892899 -0.109809 -0.030580 -0.056532 0.853483 -0.372496 -0.327097 -0.636259
-0.979162 0.026940 -0.028780 0.033213 0.586788 -0.209432 -0.120192 -0.835810
-0.580346 -0.043429 0.083674 0.190126 0.437668 0.343724 0.046188 -0.743249
-0.854953 -0.349455 -0.162522 -0.331374 0.242082 0.103011 -0.158159 -0.357083
-0.930381 -0.048751 -0.230459 -0.219234 0.364761 0.236601 -0.418556 -0.609059
-0.946021 -0.156470 -0.219202 -0.068988 0.492159 -0.116126 -0.441487 -0.729700
-0.891821 -0.164506 -0.119453 -0.259383 0.772341 0.004423 -0.106639 -0.729158
-1.072405 -0.100879 -0.350122 -0.169607 0.746876 -0.453769 -0.349088 -0.482678
-0.834178 0.102547 0.015600 -0.010689 0.687587 0.004851 -0.331640 -0.903470
-0.690502 0.052224 -0.200818 0.268366 0.880301 -0.374177 0.084374 -0.791787
-0.981652 -0.135415 -0.153628 -0.102917 0.814052 -0.234847 -0.358483 -0.632816
-0.943481 0.027835 -0.217259 0.013328 0.818612 -0.347600 -0.280484 -0.761930
-0.870176 0.021630 -0.169103 -0.064172 0.812174 -0.284492 -0.264874 -0.808833
-0.792323 -0.049758 -0.082198 -0.136157 0.978512 -0.393505 -0.153325 -0.772595
-0.892965 0.075291 -0.203669 0.013859 0.776054 -0.273087 -0.267651 -0.838622
-0.870580 -0.237764 -0.076508 -0.128572 1.001251 -0.414301 -0.236809 -0.599244
-0.889793 0.056999 -0.148168 0.098932 0.829464 -0.353118 -0.267969 -0.824551
-1.041644 -0.052985 -0.267464 -0.059077 0.916959 -0.450575 -0.061208 -0.655782
