-0.029037 -0.284076 -0.668776 0.150866 -0.242959 -1.007062 0.234155 0.091472
-0.418958 -0.066474 0.465480 -0.482893 0.395023 -0.545051 -0.478093 -0.857193
0.570108 0.163636 -0.276319 -0.169067 -0.354002 -0.423800 -0.149467 -0.585128
-0.189049 -0.920386 -0.058144 -0.825209 1.239061 -0.358541 -0.192646 -0.172517
-0.231745 -0.771544 -0.019196 -0.660381 0.059496 -0.546532 -0.073080 -0.466325
0.467053 -0.225620 0.061337 0.060319 -0.009216 -0.129553 -0.909885 -1.003748
0.202229 -0.689926 -0.500173 -0.988193 0.593996 -0.276526 -0.133407 0.333850
-0.042080 -0.268447 -0.180035 -0.931237 0.166037 -0.517449 -0.306584 0.311219
-0.091650 -0.113793 0.297656 1.216913 -0.466960 -0.263189 0.443229 0.237451
-0.140219 0.177614 -0.404722 0.024172 0.231086 -0.388578 0.386504 0.284730
0.237715 -0.509600 -0.190401 -1.164260 0.257996 -0.666812 -0.593253 -1.099359
-0.266175 -0.668759 -0.223002 -0.159617 0.371350 -0.289314 0.331945 0.493303
1.209757 -0.550673 0.734070 -1.425008 0.123954 -0.321668 -0.273089 -0.467359
-0.097055 0.220484 0.157737 -0.682526 -0.193998 -0.883054 -0.100958 -0.118029
-0.274431 -0.106897 -0.201436 -0.194964 0.428548 0.270262 -0.156512 -0.285595
-0.114707 -0.305034 0.572653 -0.602020 0.962737 -0.154022 -0.517675 -0.340991
-0.094975 -0.608979 0.370926 -1.269090 0.933898 -0.359488 0.080605 -0.313855
0.343517 -0.085460 -0.288357 -0.849438 0.138541 -0.250479 -0.232994 0.216278
-0.786013 -0.683736 0.700026 -0.038414 -0.060930 -0.718900 -0.304989 -0.643872
-0.214063 -0.713399 -0.334613 -0.821104 -0.157724 0.253757 0.089184 0.747702
-0.533757 0.217372 0.692817 0.463268 -0.071587 -0.420900 0.129112 0.658430
0.252835 -0.817511 0.219501 -0.295659 0.605157 -0.574030 -0.034908 -0.203686
-0.677077 0.294866 -0.299474 0.339669 -0.717025 -1.028350 -0.391879 -0.865669
-0.190559 -1.544933 0.138510 -0.553306 0.502328 0.342372 -0.472208 -0.403519
0.397006 -0.571516 0.081526 -0.834904 0.958630 -0.201453 -0.735270 -0.842862
-0.020661 -0.380283 0.012719 -0.738818 0.949406 -0.653868 -0.077381 -0.182007
-0.652978 -0.430200 -0.067426 -0.680312 1.185633 -0.274172 -0.148979 -0.162409
0.544515 -1.029381 0.267883 -0.738267 1.107910 -0.277851 -0.678612 -0.390380
-0.300769 -0.396777 -0.876794 -0.822113 0.098010 -0.447756 0.078115 0.071314
-0.244683 -0.182508 0.121838 -0.625048 0.106460 -0.668362 -0.096994 -0.367327
-0.994200 -0.131007 -0.099827 -0.454044 0.404155 -0.197682 -0.145638 -0.407788
0.382264 -0.235822 0.254425 -0.347794 0.742140 -0.662159 -0.411856 -0.084589
0.127359 0.014491 -0.016770 0.075321 -0.470397 -0.692489 0.073066 0.258546
-0.428683 -0.893335 0.726505 -0.330362 0.778925 -0.128447 -0.636965 -0.524798
-0.033137 0.244499 -0.172335 -0.207092 -0.166427 -0.866275 -0.459224 -0.019378
0.155854 -0.560632 0.199019 0.491462 -0.285150 -0.970733 0.117887 0.022211
-0.122647 -0.347494 0.047328 -0.266674 0.073660 -0.832951 0.251256 -0.318760
-0.083174 -0.720476 0.069131 -1.018704 1.152956 -0.646938 -0.408123 -0.280676
-0.251020 0.466169 -0.398138 -0.192733 -0.361427 -0.685293 0.187858 -0.215528
0.522866 -0.755513 -0.176718 -1.058732 0.626123 -0.603185 -0.435127 -0.962010
0.241716 -0.628138 0.300903 -0.100639 0.405612 -0.530073 -0.849745 -0.463739
0.037067 -0.761753 0.667615 0.010623 0.432611 -0.530718 0.053715 -0.319620
0.363434 0.075863 0.316340 -0.296525 0.412822 -0.789056 -0.601974 -0.072969
0.444498 0.358751 0.223538 -0.281409 0.293729 -0.583443 -0.241707 -0.286477
0.470606 -0.418303 -0.868953 -0.097189 -0.250640 -0.370373 -0.201967 -0.709313
0.433297 -1.203242 -0.159618 -0.602694 -0.157381 0.122694 -0.290188 -0.088784
-0.316170 -0.470702 0.272178 -0.296777 0.104642 0.130764 -0.135590 -0.483343
0.019517 -0.425864 0.073650 -0.518623 0.768371 -0.158661 -0.359645 -0.267232
0.087948 -0.226359 0.351393 -0.607583 0.573245 -0.527133 -0.441859 -0.228892
0.394447 -0.646083 -0.325402 -0.603432 0.831508 -0.523047 -0.642045 -0.367685
-0.420082 -0.334257 0.157447 -0.562128 0.733850 -0.638658 -0.007644 -0.493483
-0.638749 -0.282417 0.287521 -0.723134 0.681785 -0.234445 0.172269 -0.471042
0.066247 -0.360996 -0.121293 -0.666269 0.646602 0.423971 0.167884 -0.168043
-0.161249 -0.780821 0.482693 -0.528826 0.649816 -0.617398 -0.407703 -0.187555
-0.349343 -0.622096 0.339371 -0.979866 -0.272749 -0.600494 -0.186016 -0.327164
-0.119937 -0.658082 -0.350187 -0.618495 0.928619 -0.129350 -0.252824 -0.493951
-0.287207 -0.675239 0.221403 -0.904412 -0.065009 -0.254611 -0.212363 -0.874991
-0.362156 -0.525524 0.665065 -0.253373 0.400109 -0.586914 0.215590 -0.051615
-0.318205 -1.333099 0.083745 -0.667650 1.332844 -0.634621 -0.298888 -0.227760
-0.180219 -0.303748 0.219933 -0.934100 -0.119889 -1.035461 -0.306052 -0.408907
-0.440970 -0.693134 -0.091648 -0.220182 0.366368 -0.561051 -0.320171 -0.035732
-0.923628 -0.686663 0.234565 -0.741308 0.875487 -0.337321 -0.143210 -0.232814
0.868690 -0.439739 -0.538734 -0.342138 0.379999 -0.857802 -0.021424 0.022673
-0.773937 -0.676761 -0.089449 -0.255211 1.328277 -0.185047 -0.123258 0.225206
-0.099681 -0.603740 0.120514 -0.476663 0.360196 -0.462631 -0.614034 -0.589875
0.149155 -1.154222 0.199161 -0.348318 -0.414293 -0.772609 -0.369625 -0.779185
-0.203254 -0.444284 -0.206219 -0.361766 0.273331 -0.137475 -0.083386 -0.545081
0.097514 -0.845117 0.667242 -0.965848 0.327590 -0.085701 -0.516949 0.084275
-0.373546 -0.370743 -0.007506 -1.162737 -0.245629 -0.204444 -0.057576 0.474679
-0.115224 -0.031889 -0.072927 -0.775964 -0.570123 -0.071340 -0.234888 0.532436
-0.787144 0.206891 -0.168001 0.007706 -0.100165 -0.346499 -0.436336 -0.073108
-0.031916 -0.731451 0.329059 -1.142720 0.638193 -0.636470 -0.448490 -0.285791
-1.038526 -0.424114 -0.165446 0.312085 0.362820 -0.521112 -0.010683 0.297671
-0.160085 -0.805590 0.720223 -0.998993 0.710760 -0.344472 -0.240909 0.090836
-0.753116 -0.186730 0.007650 -0.052054 -0.353815 -0.432846 -0.068248 0.279234
0.522033 -0.719231 0.419243 -0.962517 0.034854 -0.461572 -0.468801 -0.380980
0.230308 -0.705606 0.637601 -0.966802 -0.063067 -0.589720 -0.001713 -0.330981
0.463225 -0.650073 0.504108 -1.153391 0.240320 -0.616208 -0.662505 -0.622710
-0.783353 -0.250894 -0.199599 0.596416 -0.086764 -0.551099 0.222065 0.670066
-0.652900 -0.248152 0.709554 -0.726591 0.597029 0.105531 -0.192146 0.098466
0.414847 0.085456 0.474643 -1.034140 0.667101 -0.215912 -0.550186 -0.165913
-0.150968 -0.663054 0.052790 -0.778761 1.076662 -0.128201 -0.076501 -0.852794
-0.358570 -0.252861 -0.562505 -0.416799 0.674633 -1.060732 -0.193126 -0.453961
-0.172703 -0.313016 0.287867 -0.783883 0.792907 -0.282322 -0.121136 -0.484200
0.274524 -0.205716 0.032165 -0.423190 1.295230 -0.239153 0.008069 -0.168295
-0.234006 -0.323710 0.392127 -0.833368 0.588413 -0.561623 -0.470638 -0.514288
0.021629 -0.545731 0.513334 -0.934285 0.657257 -0.555463 -0.275362 -0.201085
-0.148933 -0.637768 0.012917 -0.786592 1.277627 -0.186803 -0.408387 -0.707260
0.009910 -0.343154 0.439307 -0.351941 0.328088 0.220110 -0.606105 -0.437437
-0.512268 -0.766184 0.533444 -0.926554 0.982192 -0.532745 -0.282977 -0.283311
0.485346 -0.067332 0.511068 -0.694738 0.176818 -0.122271 -0.824076 -0.317676
-0.540291 -0.896813 0.067961 -0.958393 0.840547 -0.732211 -0.249975 -0.179754
0.194511 -0.427561 -0.165779 -0.642611 -0.261030 -0.202456 -0.122050 0.252995
0.015332 -0.625141 0.003430 -0.591872 0.596533 -0.438691 -0.376559 -0.121155
-0.022873 -0.885702 0.163448 -0.149721 -0.066849 -0.275484 -0.291467 0.125536
0.075994 -0.525946 0.369053 0.551604 -0.221249 -0.349903 0.143393 0.063552
-0.191814 -0.768936 0.313115 -0.944693 -0.574206 -0.043191 -0.345870 -0.302947
0.260758 -0.599925 -0.154075 -0.568659 1.107442 0.201063 0.182067 -0.283416
-0.063231 -0.327557 0.035264 -0.923374 0.767289 -0.263562 -0.221795 -0.068597
0.073711 -0.729912 0.117112 -0.045027 0.492285 -0.261369 -0.052281 -0.130981
-0.354625 -0.658230 0.770020 -1.099630 0.377292 -0.666354 -0.882734 -0.238564
-0.169442 -0.318387 -0.147230 0.142692 0.564454 -0.463572 -0.633397 -0.153906
-0.201890 -0.784379 0.242895 -0.822171 0.584912 -0.590741 -0.403865 -0.845486
0.087811 -0.418509 0.589373 -1.156976 0.716155 0.095844 -0.381110 -0.438684
-0.421066 -1.047216 0.485346 -1.157406 0.883998 -0.379875 -0.257050 -0.430114
-0.292199 -0.649113 0.337761 -1.210259 0.793737 -0.478502 -0.308696 -0.237933
-0.357622 -0.551259 -0.257170 -0.638243 0.307707 -0.443364 0.249973 -0.207616
-0.162516 -0.541243 0.094244 -0.154931 -0.094567 -1.006414 -0.403332 -0.344445
-0.209257 -0.068138 -0.224626 0.051761 0.289782 -0.735935 0.339080 0.510975
-0.664211 -0.827844 0.383596 -0.873912 0.659989 -0.447667 -0.646128 -0.406329
-0.331111 -0.866187 0.485846 -0.948088 0.933055 -1.132259 -0.335253 -0.381909
0.404750 0.066977 -0.171007 -0.057399 0.294649 -0.326635 -0.855525 -0.011869
-0.063164 -0.019427 0.734686 0.278579 0.088465 -0.528706 -0.464561 -0.682393
0.093349 -0.707020 0.071399 -0.656311 -0.084280 -0.283664 -0.022026 -0.236643
-0.391225 -0.174336 0.077438 -0.406975 -0.030474 0.123488 -0.399228 -0.718637
0.234001 -0.310969 0.047826 -0.568979 0.342905 -0.196535 0.207933 -0.021845
-0.063538 -0.087964 0.371663 -0.408834 -0.085921 -0.480528 -0.391715 0.011194
0.065638 -0.523236 -0.244947 -0.071177 0.221643 -0.661536 -0.371409 -0.503323
0.121839 -0.553451 -0.209020 -0.100939 0.467962 -0.300381 -0.117734 -0.379754
-0.253004 -0.989185 0.360369 -0.009516 0.109442 -0.177782 0.003044 -0.594128
0.561686 -1.358569 -0.053179 -0.516664 0.956030 -0.160494 -0.329784 -0.603316
0.500530 -1.026956 -0.546823 0.021379 0.570469 -0.194103 -0.106045 0.461824
0.338688 -0.390507 -0.197159 0.419412 0.202426 -0.473535 0.571581 0.351964
0.153069 -0.474995 0.110274 -0.713957 0.262855 0.336436 0.324626 0.449996
-0.194776 -0.810376 0.132783 -0.397834 -0.285704 -0.193844 0.312424 -0.273459
-0.081503 -0.774884 -0.572433 -0.512492 0.446164 0.111984 0.056709 0.020841
0.046597 -0.875570 0.209703 -0.295149 0.457687 0.466424 -0.342666 -0.296422
0.853389 -0.590089 -0.601665 -0.347390 0.871325 -0.460032 -0.605199 -0.235141
0.272551 -1.062808 0.097890 -1.134185 1.599995 0.044554 -1.380404 0.134142
-0.092779 -0.242821 0.468448 -0.123261 -0.299490 -0.058595 -0.361186 0.123984
-0.418157 -0.557139 -0.376372 -0.088690 0.978145 -0.392095 0.347796 0.349041
0.024441 -0.334470 -0.000480 -0.097271 1.119237 -0.203661 -0.948977 0.288750
-0.311332 -0.693216 0.259331 -0.471302 1.205018 -0.236769 -0.128945 0.087382
0.146657 -1.071775 0.274402 -0.963991 1.075249 0.053339 -0.311247 -0.739580
-0.210212 -0.529268 0.238193 -0.897170 0.623343 -0.144229 -0.382217 -0.549187
0.431233 -0.543173 0.527838 0.494451 -0.310246 -0.329765 -0.089406 -0.056869
0.416998 -0.938930 -0.401502 -0.701249 0.423903 -0.462732 0.142189 0.425036
-0.514192 -0.519164 -0.287402 -0.012638 0.807726 0.176199 0.193523 0.355908
-0.443133 -0.674253 -0.269373 -0.113240 1.223367 -0.305986 0.121837 -0.337256
0.361030 -0.471383 -0.942711 0.172281 -0.808767 -0.162993 1.001479 0.421873
0.007705 -1.115010 -0.108395 -0.819113 0.158774 0.292466 -0.253147 -0.156310
-0.732862 -0.441251 0.506370 0.302404 0.190136 -0.610041 -0.266113 -0.230310
-0.682896 -0.740457 0.431046 -0.925812 0.365380 -0.592276 -0.412517 -0.897704
0.229277 -0.709861 -0.460075 -0.528908 0.195115 -0.374610 -0.529161 0.488845
-0.367998 -0.891529 -0.226471 -0.750466 1.026612 -0.559433 0.029895 0.224961
-0.537099 -1.303807 0.292596 -0.903380 1.096331 -0.459425 -0.340107 -0.024713
-0.217588 -1.021091 0.115112 -0.797695 0.943340 -0.398436 -0.747422 -0.147848
-0.367011 -0.891207 0.326984 -0.776099 0.816242 -0.744211 -0.653383 -0.353527
-0.447548 -0.323962 -0.765780 -0.446265 0.779198 -0.526912 -0.049971 0.343366
-0.922534 -0.708548 0.280545 -0.502779 1.053825 -0.604603 -0.142753 -0.379946
-0.731278 -0.909412 -0.189455 -0.340975 1.019615 -0.811407 -0.439978 0.084095
-0.130058 -0.876084 0.418753 -0.072445 0.967564 -0.039204 -0.488450 -0.269158
0.067416 -0.809497 -0.200980 -0.004234 1.232846 -0.596876 -0.101566 -0.221111
0.555638 -0.467853 -0.447696 -0.145489 1.157446 -0.180010 -0.062344 0.189904
0.493616 -0.574914 -0.598204 -0.405811 0.699526 -0.293559 -0.300378 0.464123
-0.147954 -0.803681 0.179649 -0.433918 0.659601 0.078025 0.160420 0.386437
0.065339 -0.554274 -0.721426 -0.219582 0.802130 -1.008864 -0.231652 -0.299798
-0.367973 -0.806395 -0.112813 -0.719282 1.136978 -0.484834 0.063063 0.249487
-0.024432 -1.187634 0.035644 -0.724013 1.384892 -0.615115 0.165690 -0.095045
0.394738 -0.535291 0.138760 -1.085451 1.316723 -0.182859 -0.156754 -0.216205
-0.255353 -0.562759 0.075698 -0.066774 1.293886 -0.079805 0.220519 0.219061
-0.363604 -0.733012 -0.681012 0.012587 1.062976 -0.483562 0.455666 0.297938
0.167793 -0.347861 -0.027109 -0.532741 0.099446 0.061547 0.039901 0.050455
0.256828 -0.872616 -0.173211 0.115068 0.430457 -0.568280 -0.279622 -0.020613
-0.405909 -0.694706 0.726905 -0.892806 0.528029 -0.223946 -0.151677 -0.148007
-0.262652 -0.348183 -0.331305 0.063738 0.837304 -0.746684 0.178705 0.574262
-0.372015 -0.374156 0.066737 -0.636274 1.004714 -0.180453 0.175383 0.170575
-0.143960 -0.603290 0.014817 -0.417665 1.127586 0.411915 0.216083 0.069271
0.187615 -0.775001 -0.080853 -0.395112 1.470624 0.096744 -0.040988 -0.115434
0.149341 -0.513337 -0.490627 -0.085285 0.641236 -0.278960 0.284959 -0.039762
0.123929 -0.324736 -0.070210 -0.968770 1.041605 0.030012 -0.004716 0.131771
0.220759 -0.607474 0.326375 -0.272158 0.159264 -0.408818 -0.030768 0.224701
-0.392666 -0.428666 0.687722 0.197556 -0.287159 -0.660448 -0.766477 -0.490584
-0.554995 -0.896289 -0.213379 -0.305635 1.235018 -0.636156 0.336962 0.414916
-0.182250 -0.156208 -0.358276 0.103603 0.583547 -0.781569 0.415556 0.342358
-0.202650 -0.646411 -0.618188 0.400609 0.655549 -0.208202 0.095964 0.427495
-0.699209 -0.563160 0.041486 0.160882 1.197891 -0.158231 0.263282 0.105125
0.456147 -0.661061 0.251557 -0.828615 0.425550 0.272079 -0.281141 -0.147734
-0.057279 -0.832284 -0.462274 -0.065139 0.960569 0.019504 -0.325885 -0.048587
0.044273 -0.639968 0.242463 -0.883196 0.080924 0.155236 0.016521 0.360262
-0.315740 -0.407864 -0.145012 -0.244302 0.766620 0.109007 -0.241272 -1.127532
-0.979715 -0.089269 -0.234634 0.055244 0.745418 -0.056950 -0.191334 -0.753280
-1.018560 -0.020374 -0.269410 -0.061156 0.797751 -0.310079 -0.308693 -0.681535
-0.494961 -0.540172 -0.303635 0.435972 0.062178 -0.066575 0.371731 -0.599543
-0.701559 0.206372 -0.226587 -0.238601 0.705073 -0.842179 -0.119003 -0.612118
-0.292621 -0.417659 -0.404288 1.002533 0.105566 -0.667880 0.308593 -0.384991
-1.134647 -0.270928 -0.221163 -0.206484 0.634866 -0.105566 -0.430192 -0.315622
-0.831580 0.516160 0.071670 -0.269604 -0.008853 0.006338 -0.248816 -0.479077
-0.918145 0.121138 -0.130804 -0.068301 0.774175 -0.165810 -0.100766 -0.890839
-0.986329 -0.237798 -0.147252 -0.048658 0.867735 -0.237326 -0.258243 -0.603757
-1.031690 -0.115005 -0.420225 -0.360678 0.709362 -0.776185 -0.114487 -0.324618
-0.774427 -0.200973 0.049169 -0.081971 0.949260 -0.405912 -0.253225 -0.604218
-0.597603 -0.178922 0.105827 -0.136965 1.004753 -0.295977 -0.234606 -0.753548
