-0.130686 -0.659560 0.391635 -0.505933 1.248321 -0.533013 0.082791 -0.064761
-0.220115 -0.138712 -0.114139 -0.138194 -0.653832 0.176152 0.028833 0.444836
0.205397 0.006394 0.093670 0.498214 -0.396465 -0.215612 -0.339875 -0.105147
-1.035087 -0.201947 -0.050556 -0.446471 0.361215 -0.091503 -0.292196 -0.031104
0.072231 -1.153093 0.652169 -0.149351 -0.306072 -0.241195 0.128268 -0.110291
-0.167766 -0.764495 0.295001 -0.588897 1.230202 -0.566741 -0.079828 -0.065746
0.294571 -0.627799 0.788822 -1.303045 0.742353 0.061882 -0.684405 0.194028
-1.012784 -0.134952 -0.329821 0.464205 -0.568716 -0.311926 0.445544 0.443799
0.579583 -0.793590 -0.601606 -0.304500 1.230587 -0.244040 -0.464255 -0.237901
-0.247098 -0.460005 0.216167 0.936350 -0.565183 -0.722680 -0.088056 0.054507
0.329738 -0.699368 0.727891 -0.172155 0.677794 -0.276092 -0.183988 0.609444
0.296098 -0.603318 0.028858 -1.150467 0.736887 -0.427454 -0.613558 -0.710614
0.197913 0.537862 -0.580738 -0.178303 0.841338 -0.053112 -0.631824 -0.277187
-0.369245 -0.654674 -0.465983 -0.825794 1.366899 -0.361127 -0.275468 -0.145993
-0.280241 -0.496453 -0.052791 -0.228826 1.100217 -0.517664 -0.407963 -0.301097
-0.111082 -1.143819 0.205528 -0.869142 -0.223059 0.050512 -0.523581 -0.131881
0.137938 -0.451627 -0.208946 -0.647005 0.574745 -0.010004 0.410931 -0.446616
0.271566 -1.464417 -0.040410 -1.100371 0.389609 0.238666 0.394781 0.563799
0.327403 0.043883 -0.570310 -0.064768 0.164597 -0.286426 0.105413 0.003287
0.363276 -0.380807 0.256647 -0.707056 0.150366 -0.328328 0.186408 -0.333726
-0.338090 -0.265915 -0.640257 -0.341741 0.458022 -0.000685 0.528961 -0.202306
0.115465 -0.425036 -0.322608 -0.582701 0.155554 -0.138959 0.628974 0.753819
-0.406375 -0.449392 -0.419075 0.072936 0.547256 -0.542662 0.615025 0.805134
-0.115607 -0.536640 0.021561 -0.331639 0.631424 -0.375573 0.220192 0.353199
-0.830923 -0.496381 -0.491846 -0.165747 0.733106 0.220082 0.001005 0.642130
-0.011007 -0.504320 -0.118527 -0.153022 0.943194 0.266697 -0.087115 -0.204453
0.277104 -0.753622 0.200344 -0.687899 0.147248 -0.258875 0.134253 0.035636
-0.313813 -0.336206 -0.323580 0.318406 0.640406 -0.742502 0.441641 0.258353
0.886949 -0.904991 0.589802 -0.573330 -0.024187 -0.203800 0.411272 0.122232
0.079605 -0.068348 0.017983 -0.569861 0.294631 -0.013962 -0.310614 -0.115854
0.129357 -0.914187 0.623910 0.264332 -0.583891 -0.120426 -0.066895 0.170522
0.048899 0.224450 -0.319890 -0.571408 0.038017 -0.303097 0.554755 -0.138885
-0.303725 -0.635461 0.398418 -0.876963 0.586801 -0.535066 -0.282066 -0.544988
0.746487 -0.740955 -0.217819 -0.537834 1.112943 -0.317635 -0.383785 -0.136586
-0.469386 0.068106 0.127800 0.005180 -1.071869 -0.114740 -0.084995 -0.094062
-0.172005 -0.814771 0.293160 -1.038309 1.330190 -0.512220 -0.093681 -0.396280
-0.106052 0.662601 0.012602 -0.519400 -0.023026 -0.078914 -0.963097 -0.138685
-0.411348 -0.019539 -0.657936 0.202927 -0.399627 -0.391579 0.725846 -0.253625
-0.867971 -0.122232 -0.405643 -0.188783 0.493260 -0.339789 -0.175990 -0.176750
0.519145 -0.512132 0.281092 0.398617 -0.761758 -0.754889 -0.044765 0.077985
0.566130 0.152585 -0.784001 -0.606125 1.165206 -0.528280 -0.556143 -0.247994
0.148515 -0.524476 -0.588933 -0.196802 -0.101136 0.108046 0.280290 0.785688
0.674280 -0.372616 0.106421 -0.636556 0.389181 0.016168 -0.626719 0.014451
1.338529 -0.036559 -0.012295 -0.003294 -0.062534 -0.370288 -0.166120 0.146314
0.228182 -0.201366 -0.055626 0.253683 0.441620 -0.055594 -0.287241 0.295044
0.412499 -0.311474 -0.958993 -0.738103 0.464789 -0.385680 0.554000 0.296491
-0.309898 0.066980 0.174171 -0.397221 0.801374 -0.137663 -0.048246 0.202464
-0.071956 0.028165 -0.260829 0.456032 -0.644636 0.075343 1.150896 0.949125
-1.032873 -0.224012 0.105442 -0.095851 1.057779 -0.543227 -0.150386 -0.355738
-0.883218 -0.305158 0.233706 -0.162141 1.043426 -0.377523 -0.104987 -0.405353
-0.697037 0.318344 -0.705872 -0.175938 0.101340 -0.931793 0.027830 -0.213436
-0.934033 -0.285639 0.213065 -0.154563 1.012769 -0.439897 -0.168273 -0.306064
-1.053851 -0.028467 -0.350173 0.090272 0.710094 -0.124544 -0.234565 -0.748658
-1.029123 -0.134198 -0.205645 -0.062144 0.816155 -0.265440 -0.261515 -0.624904
-0.975052 -0.131698 -0.298450 -0.160416 0.853853 -0.046800 0.064173 -0.760037
-0.705251 0.135204 0.533058 0.681324 0.938248 -0.241903 -0.260572 -0.534464
-0.966966 -0.244929 0.028464 0.101969 0.784316 -0.261808 -0.459952 -0.609997
-1.074027 -0.084631 -0.364789 -0.104229 0.799059 -0.212944 -0.160561 -0.700710
-1.039344 -0.132593 -0.228825 -0.075354 0.560656 -0.045809 -0.389907 -0.649635
-0.923210 -0.017659 -0.079038 -0.200952 0.783414 -0.076769 -0.285098 -0.744212
-1.065235 -0.166660 -0.204480 -0.103740 0.864797 -0.287020 -0.202135 -0.568434
-1.028471 -0.174047 -0.183068 -0.118148 0.855832 -0.161509 -0.199218 -0.669593
-0.903465 -0.283024 -0.055492 -0.213313 0.828400 -0.052533 -0.259538 -0.638709
-1.106293 -0.279789 -0.223248 -0.073023 0.876799 -0.411337 -0.305221 -0.436092
-0.909159 -0.256532 -0.038135 -0.152058 0.787203 -0.155718 -0.393557 -0.576380
-0.981400 0.018006 -0.183081 0.026801 0.800604 -0.356783 -0.348991 -0.704862
-0.908279 -0.125417 -0.053343 -0.080817 0.816410 -0.106537 -0.256471 -0.764255
-1.072347 -0.103042 -0.276619 -0.207124 0.693482 -0.254539 -0.349046 -0.562368
-1.135659 -0.391004 -0.309109 -0.181595 0.806895 -0.487639 -0.406833 -0.568783
-0.950529 -0.125869 -0.191108 -0.163430 0.631468 0.117496 -0.270549 -0.734237
-0.844654 -0.045647 -0.254705 -0.047076 0.379154 -0.103479 -0.109170 -0.095401
-1.080127 -0.063982 -0.274499 -0.061493 0.760231 -0.336735 -0.288747 -0.561806
-1.088441 -0.260397 -0.345077 -0.056300 0.760175 -0.324581 -0.205464 -0.544374
-0.947034 -0.052358 -0.157373 -0.033316 0.802371 -0.092156 -0.178466 -0.819954
-1.202957 -0.141893 -0.361209 -0.166778 0.784781 -0.413531 -0.288851 -0.423647
