0.428982 -0.045818 -0.043939 -0.298899 0.771076 -0.486761 -0.499505 -0.201631
0.478100 -0.727767 -0.330592 0.005266 0.894445 -0.207073 0.400961 -0.247032
-0.162936 -0.696880 0.196511 0.134701 -0.407801 -0.424314 0.119312 -0.407618
-0.317150 0.380629 -0.060993 0.544973 -0.320688 -0.470740 -0.188325 -0.367177
-0.001124 -1.128566 -0.306755 -0.687436 1.091750 0.119492 0.184910 0.266338
-0.036320 -0.972043 0.181851 -1.334023 1.165899 -0.430349 0.037221 -0.345232
0.487901 -0.661693 0.210194 -0.568356 1.234198 -0.247007 -0.285987 0.030004
-0.028888 -0.448399 -0.342034 0.527701 0.745962 -0.468011 -0.093774 0.464072
0.219726 -0.410871 0.037945 -0.388522 0.456369 -0.953788 -0.439035 -0.653701
0.198808 -0.296730 0.171882 0.207934 -0.385121 0.160018 -0.452319 -0.555166
0.152794 -0.499763 0.150306 0.378399 0.410523 -0.467834 0.115101 -0.394259
-0.189131 -0.375000 0.093810 -0.167877 0.349973 0.046406 0.780830 0.202943
-0.197442 -0.577335 0.017270 0.026831 1.027488 -0.340804 0.244065 0.309609
0.213202 0.169014 0.670476 -0.801562 0.153165 0.195295 -0.466624 -0.458161
0.525970 -1.256854 0.138658 -0.710396 0.319978 -0.256971 0.128842 -0.265864
-0.017984 0.215223 -0.851475 -0.474862 0.388687 -0.423818 0.832835 0.200708
-0.487967 -0.169919 0.306586 -0.245723 0.256960 -0.514049 -0.248799 0.122992
0.167182 -1.098801 0.845243 -0.401251 1.416997 0.049791 -0.498952 0.270921
-0.191139 -0.704793 0.571204 -0.925043 1.251815 0.411222 0.174494 -0.376591
-0.119256 -0.679401 -0.231007 -0.768601 1.201524 -0.313165 -0.183576 0.037721
-0.057809 -0.248778 -0.080011 -0.162839 0.780078 -0.261144 -0.177520 -0.369894
-0.085567 0.320808 0.425179 0.197125 0.487417 -0.026435 -0.360014 -0.530912
-0.036320 -0.972043 0.181851 -1.334023 1.165899 -0.430349 0.037221 -0.345232
0.371717 -1.153022 -0.146396 -1.300339 1.249031 -0.294155 0.060143 -0.317915
-0.603792 0.088466 0.271441 1.213906 -0.054962 -0.199600 0.626716 0.595594
-0.074710 -0.542636 0.441923 0.016997 1.193809 -0.003010 -0.142865 0.328999
0.070379 -0.764881 0.280294 -0.419954 1.337186 -0.085405 -0.186327 -0.683493
0.395697 -1.516772 0.050668 -0.794318 1.314180 -0.003078 -0.649350 -0.322274
-0.179272 -0.907824 -0.011345 -0.661648 1.023465 -0.336458 -0.339719 -0.713368
0.436472 -1.130931 -0.125111 -0.816795 0.553626 -0.043635 -0.059173 -0.150302
0.051253 -0.634105 0.548984 -1.000118 0.933624 -0.359567 -0.263143 -0.128438
-0.719525 -0.089656 -0.177417 0.369363 -0.635315 -0.884210 0.403011 -0.069820
0.075135 -0.035182 -0.210216 -0.120173 0.868968 -0.382438 -0.266429 -0.691647
0.112111 -0.978728 -0.407560 -0.473025 1.356636 0.073855 -0.191017 0.615247
-0.242781 -0.228547 -0.090182 0.091363 1.060593 0.364477 0.364457 0.445298
0.141320 -0.158283 0.238847 -0.545263 1.169930 0.488816 -0.987407 -0.297118
-0.002227 -0.721220 -0.542732 0.238883 -0.759491 -0.347763 0.517038 0.197517
0.375208 -0.877238 0.310444 -1.149725 0.391424 0.497314 -0.178862 -0.030831
0.587497 -0.919363 0.892871 -0.353923 0.001360 0.520995 0.002573 0.062988
-0.378092 -0.090411 0.058731 -0.658650 0.293134 -0.246078 0.686229 0.715610
-0.867223 -0.619651 0.527826 0.365254 0.208195 -0.654314 -0.271111 -0.444216
-0.001965 -0.661348 0.441976 -0.097742 1.562431 -0.169768 -0.498554 -0.077410
-0.056832 -0.735879 0.121936 -1.309203 0.721551 -0.405042 -0.444467 0.129701
-0.054982 -1.138791 0.373200 -1.037956 1.492666 -0.233515 -0.166384 -0.107502
-0.009912 -1.173405 0.230097 -1.138290 1.409798 -0.454821 -0.177933 -0.351228
-0.267168 0.231220 -0.990709 -0.125015 0.213645 -0.400928 0.839758 0.614880
-0.260793 0.122328 0.900237 0.525037 0.154129 0.202892 -0.256752 -0.489112
0.189874 -0.550566 -0.285572 -0.623369 1.254245 -0.127378 -0.193680 -0.344893
0.020293 -0.992733 0.154030 -1.172196 1.477536 -0.235926 -0.494014 -0.420797
0.177976 -1.085613 0.017181 -0.351653 1.300723 0.098697 -0.516982 -0.328144
-0.114995 -1.114298 0.558627 -0.610858 1.251960 0.106797 -0.934345 -0.456482
0.342146 -1.341310 0.323694 -1.410755 1.354641 0.000347 -0.919598 -0.117967
-0.213222 -0.425551 -0.848907 -0.268807 1.213572 -0.569535 -0.197197 -0.158816
0.365741 -0.231678 0.058617 -0.494046 0.586376 -0.318967 -0.849818 -0.393108
0.119376 -1.065863 -0.195699 0.066979 1.217900 -0.340202 -0.365324 0.092430
-0.341382 -0.835899 0.370725 -1.261289 1.252312 0.547543 -0.348381 0.146780
0.361714 -0.505137 0.104154 -0.027401 1.494935 -0.155018 -0.376302 -0.247672
0.922868 -0.621856 0.173055 -1.015656 0.981271 0.259343 -0.751184 -0.665823
-0.819875 -0.294126 -0.068027 0.218513 0.532987 -0.571825 0.797271 0.417637
0.100682 -0.838381 -0.134335 -0.465432 1.087029 -0.323780 -0.232727 -0.303191
0.741613 -0.286561 -0.508624 -0.004565 -0.365346 -0.299873 0.364962 0.039158
0.414025 -0.654151 0.143527 -0.795980 -0.094343 0.339469 0.333926 0.098657
0.096011 -0.282249 0.290321 -0.537684 0.367381 -0.078522 -0.054656 0.252772
1.020254 -0.527036 -0.278789 -0.779919 0.501815 0.200640 -0.481487 -0.321695
0.639008 -0.540190 -0.080853 -0.550274 -0.291369 0.411380 0.141092 -0.222962
0.465285 0.145729 -0.440435 -0.222052 0.404485 -0.357859 -0.791583 -0.245722
0.043617 0.433979 0.112641 -0.187586 0.488154 0.022889 0.003687 0.515780
0.015040 0.757720 -0.698458 -0.187643 0.586362 -0.379159 -0.466395 0.231354
0.341809 -0.133488 -0.621472 0.268727 0.319111 -0.418948 -0.143153 0.615258
0.167671 -0.973784 0.538264 0.338033 -0.085218 -0.294608 -0.204638 -0.241844
-0.849284 0.003043 -0.121022 -0.165483 0.517287 0.156021 -0.465062 -0.657107
-0.983789 -0.098129 -0.088585 0.016283 0.799341 -0.075146 -0.265963 -0.688749
-0.972711 -0.301713 -0.057939 -0.103601 0.730834 -0.136287 -0.384005 -0.548813
-0.862857 -0.217133 -0.135860 -0.098724 0.839886 -0.080818 -0.199798 -0.710460
-0.726855 -0.174521 0.028794 0.652812 0.554799 -0.917789 -0.039823 -0.446387
-1.085681 -0.070374 -0.197963 -0.073546 0.837462 -0.217814 -0.209079 -0.692457
-0.958980 -0.169211 -0.016163 -0.226898 0.812491 -0.170681 -0.329013 -0.635695
-0.973766 0.103160 -0.235694 -0.032186 0.684808 -0.134649 -0.295058 -0.820738
-1.081355 -0.081104 -0.249156 -0.085063 0.632432 0.114640 -0.193886 -0.651393
-0.930375 -0.202421 -0.001738 -0.060449 0.991722 -0.372980 -0.199809 -0.634534
-0.755785 -0.184755 0.152835 -0.052432 0.893529 -0.445814 -0.256700 -0.433606
-1.012134 -0.077038 -0.096358 -0.482143 0.559123 -0.050754 -0.281382 -0.454098
-0.938218 0.320287 -0.514757 -0.298290 0.306669 0.132454 -0.209081 -0.697597
-0.429888 -0.714905 -0.353811 -0.552529 0.297307 -0.120039 -0.108265 -0.604072
-1.054488 0.000735 -0.209505 -0.002995 0.607074 -0.066328 -0.341032 -0.760448
-0.833608 -0.186152 0.153941 -0.047187 0.961010 -0.488737 -0.245816 -0.527280
-0.890916 -0.127856 0.042790 -0.061167 0.972895 -0.422730 -0.233072 -0.576714
-0.644399 0.003433 -0.120675 -0.046235 0.839914 -0.096222 -0.106681 -0.973665
-0.792871 -0.029444 -0.034047 0.028159 0.794661 -0.196870 -0.247599 -0.877602
-1.003657 -0.181214 -0.123083 -0.135168 0.798234 -0.115334 -0.276868 -0.645232
-0.733975 0.004727 0.233683 0.301370 0.390637 -0.725743 -0.410575 -0.545899
-0.910173 0.004475 -0.161732 0.101809 0.826259 -0.329387 -0.272314 -0.776454
-1.007064 -0.234092 -0.374812 -0.220940 0.751511 -0.092609 -0.168928 -0.459631
-1.038916 0.064232 -0.319875 -0.222776 0.457056 -0.022711 -0.455956 -0.564505
-0.943669 0.025266 -0.140013 -0.084032 0.728060 -0.003766 -0.227690 -0.843179
