0.012396 0.004161 -0.154382 -0.039540 0.262179 -0.349569 0.382291 0.470751
0.841971 -1.662168 -0.292991 -0.720109 -0.307102 0.147094 0.197435 0.074476
-0.140251 -0.049031 0.029617 -0.418066 -0.249805 -0.587069 -0.346162 -0.959718
0.544088 -0.989123 0.148305 -0.545346 0.936768 0.052595 -0.427654 -0.421659
-0.538937 -1.216773 -0.072383 -0.737003 1.284174 -0.319756 -0.576083 -0.449392
0.567779 -0.736675 -0.419826 -0.289381 1.090886 0.056189 -0.451972 0.186048
0.147243 -0.253014 -0.082716 -0.110542 0.953531 -0.113814 -0.268439 -0.388508
-0.117204 -0.484055 -0.393861 -0.713417 -0.182221 -0.229018 -0.018003 -0.195608
0.853096 -0.687955 -0.285728 -0.657174 0.333155 0.373306 0.466264 -0.005034
0.335723 -0.523631 0.090357 -1.207328 0.560711 -0.620879 -0.816040 -0.629431
0.116170 -1.157404 -0.288132 -1.102565 0.979436 -0.268082 -0.434438 0.605531
0.340224 -0.836187 -0.071821 -0.359877 1.191663 0.042287 0.043220 -0.596866
0.123342 -1.096053 0.019352 -1.342756 0.670949 0.465292 0.644880 0.154627
-0.239791 -0.064320 0.244973 -0.700319 -0.837501 -0.829078 -0.398288 -0.704503
0.022185 -0.231296 0.515703 -0.741936 0.536147 -0.452444 -0.101771 -0.442429
0.518710 -0.690915 0.069419 -0.549876 0.140841 -0.198657 0.280415 -0.101811
0.274422 -0.871613 0.055370 -0.513633 0.139610 -0.361350 -0.189463 0.325780
0.170180 0.414189 0.262763 -0.472833 0.547382 -0.538914 -0.279049 -0.500812
0.119085 -1.084579 0.053948 0.354699 0.661043 -1.106080 -0.271325 -0.444522
0.137414 0.225729 0.216264 -0.552575 -0.084300 -0.193076 0.228521 -0.425912
-0.142476 -0.645853 0.107684 -1.200248 -0.274945 -0.421236 -0.303335 -0.781970
0.046299 -0.274856 0.460131 0.178774 -0.704752 0.233163 -0.394615 -0.617017
0.218797 -0.138642 0.649592 -0.692630 0.790873 -0.326971 -0.327070 -0.153634
0.795125 -0.417812 -0.095271 -0.398572 0.340972 0.029592 -0.664253 -0.042268
-0.168983 0.199900 0.277269 -0.458378 -0.194735 -0.358143 -0.283855 -0.297324
-0.693232 -0.482496 0.490266 -1.058230 0.205169 -0.339715 -0.138735 -0.656695
0.387957 -0.857448 -0.061180 -0.679161 0.879177 -0.516501 0.145985 -0.218179
-0.166084 -0.127235 -0.961407 0.298347 -0.028999 -0.816385 0.219721 -0.113697
-0.299881 -0.789824 0.377096 -1.176968 0.167412 -0.177479 -0.225324 -0.700431
-0.337927 -0.841567 0.527120 -0.363761 0.416067 0.058411 0.237143 0.312775
0.440471 -0.466234 0.171458 -0.678937 0.066501 -0.567336 -0.704989 -0.469940
-0.001460 -0.054614 -0.938325 -0.746410 0.107035 -0.604492 0.488914 -0.443941
0.325949 -0.478705 0.428176 -0.380888 0.113793 -0.542461 -0.007337 0.500122
0.034496 -0.468276 -0.514653 0.470568 0.490608 -0.572771 0.485573 0.115107
0.549146 0.158189 -0.184503 -0.431247 0.286170 0.050078 -0.194348 0.156701
0.245717 -0.525354 0.477445 -0.918932 0.932376 -0.600706 -0.458093 -0.195736
-0.282572 -0.188073 0.076976 0.136939 0.341361 -0.491054 -0.130566 0.158180
-0.421123 -0.155213 0.373112 0.378205 0.020979 -0.449823 -0.512084 -1.170073
0.063060 -0.937323 0.572739 -1.000439 0.679405 -0.483576 -0.582519 -0.099434
-0.288609 -0.326666 -0.968778 -0.343638 0.648988 -0.364435 0.039144 0.443675
-0.057361 -0.635187 0.637629 -1.390600 0.604171 -0.111334 -0.396558 -0.513622
-0.302973 -0.854159 0.068943 0.084151 -0.134126 -1.079877 0.286356 0.025557
-0.695254 -0.034598 0.087284 -0.412719 0.231088 -0.465910 -0.177904 -0.934323
-0.297476 0.122366 0.366996 0.287060 -0.070406 -0.428623 -0.002886 -0.727786
0.016184 -0.515550 -0.355391 -0.251039 -0.032040 -0.368587 -0.996757 -0.494984
0.344500 -0.045900 -0.057740 0.397196 -0.274041 -0.387862 0.341095 0.373168
0.464610 0.274205 0.101095 -0.255984 0.523564 -0.314575 -1.151474 -0.989651
0.164568 -0.486458 0.500425 -0.344123 0.633404 -0.311541 -0.030469 -0.192516
-0.257385 -0.767484 0.631210 -0.653778 1.103193 -0.280878 -0.231925 -0.289484
0.308186 -0.461400 0.069088 -0.089000 0.953721 0.189207 0.105994 -0.061466
0.327230 -0.252038 -0.057669 -0.121974 0.484260 -0.755254 -0.412118 -0.508635
0.104410 -0.369084 -0.408180 -0.414641 -0.347527 -0.524368 0.617332 0.925361
0.069695 -0.692557 0.682362 -0.501661 1.134387 -0.352850 -0.578484 -0.341051
-0.707336 -0.392357 0.490042 -0.664500 0.248098 -0.199385 -0.494309 -0.318952
-0.634676 0.340732 -0.329950 -0.303401 -0.585197 -0.529253 0.616796 0.151552
-0.202807 -0.419782 -0.790538 -0.565753 0.891563 -1.090032 0.024055 0.137308
-0.121395 -0.289495 0.797420 -0.746756 0.295260 -0.172022 -0.190314 -0.075542
-0.228198 0.482309 -0.496198 0.154409 -0.400315 -1.176960 0.623597 0.291247
-0.239966 -0.666765 0.349382 -0.772778 1.298847 -0.848307 -0.052547 -0.520508
0.452918 -0.991599 0.294709 -1.405589 1.153050 0.245612 -0.549815 0.264553
0.540374 -0.992670 -0.464508 -0.520801 1.025436 -0.015251 -0.479736 0.116474
0.176855 -0.112957 0.468998 -0.490398 -0.542404 -0.554237 -0.497497 -0.985302
0.007345 -0.559086 -0.097497 -0.191562 0.899464 -0.158664 -0.466529 -0.284312
0.344700 -0.998833 0.158893 -1.150210 1.105450 -0.040943 -0.045182 -0.554749
0.071865 -0.167418 0.023852 -0.130763 0.659522 -0.000052 -0.264850 -0.101100
-0.007575 -0.660065 -0.137560 -0.737328 0.194426 -0.819005 -0.287463 -0.192384
-1.092574 -0.322382 -0.037352 -0.152832 0.181340 -0.445704 -0.492142 0.035652
-0.570458 -0.221159 0.265816 -0.137738 -0.089043 -0.201109 -0.314586 -0.257012
0.171571 -0.021234 0.848826 -0.170774 0.529602 -0.478801 -0.056090 -0.238695
-0.673482 -0.079238 -0.256457 -0.671935 -0.043504 -0.040942 0.199558 0.773255
0.459771 -0.726580 0.547571 0.288236 -0.907870 -0.596411 -0.694144 -0.493521
-0.937023 -1.011961 0.618589 -0.060908 0.378574 -0.856383 0.154796 0.399463
0.675256 -0.620203 0.092415 -0.310765 0.083930 -0.825421 -0.101365 -0.040378
-0.202843 -0.440395 -0.412578 -0.284956 0.828195 -1.078278 -0.410107 -0.936445
0.403114 0.473227 -0.457040 0.462334 -0.206839 -1.170229 -0.094873 -0.287653
0.098638 -0.581221 0.156169 -0.140545 0.964044 -0.011760 -0.839875 -0.405381
-0.458367 0.406673 -0.703526 0.694887 -0.354814 -0.642583 -0.215330 -0.421395
0.246266 -0.006709 0.192463 0.677475 -0.077001 -0.746893 -0.784612 -0.989674
0.005303 0.149951 -0.011402 0.981674 0.008122 -0.940661 -0.489201 -0.165818
-0.014865 -0.645273 0.634643 -0.463181 1.331150 -0.513117 -0.515132 -0.081885
-0.082429 -1.098156 0.205175 -0.374044 1.158419 0.214579 -0.527787 0.186313
-0.181329 -0.635395 1.127920 -0.708801 -0.012771 -0.453046 -0.760500 -0.218548
0.251116 -0.242666 -0.050073 -0.343858 -0.957317 -1.182597 -0.378804 -0.790798
0.306884 -1.396884 -0.091809 -0.615478 0.635569 -0.014148 -0.079931 0.497554
-0.080276 -0.863148 -0.248140 -0.642023 1.054899 -0.336054 -0.527029 0.280754
0.448284 -0.753756 -0.169073 -0.777031 1.063294 0.033047 -0.545725 -0.014895
0.382041 -0.146741 -0.157051 -0.739158 0.567936 0.008446 -0.459642 -0.532116
0.007532 -0.195732 0.332574 -0.408092 0.369011 -1.155905 -0.553256 0.020118
0.133903 -0.248541 -0.188382 -0.132862 0.668796 -0.227164 0.399869 0.251262
0.252275 -0.447052 0.803362 -1.147247 -0.656489 -0.011927 -0.391358 -0.436003
0.221522 -0.456223 0.050580 -1.117356 -0.260725 -0.444570 -0.587584 -0.179243
0.042190 0.430817 -0.094949 -0.526845 -0.578771 -0.410160 -0.047538 -0.430467
0.064981 -0.531840 0.290708 -0.386661 0.360946 -0.687084 -0.500671 0.131162
-0.018815 -0.551153 0.194824 -0.465599 -0.414054 -0.333279 -0.294891 0.071281
-0.216750 0.122467 -0.186682 -0.194946 -0.223606 -0.463989 -0.116226 -0.057593
-0.037673 0.638515 -0.629610 0.494288 0.562906 -0.629641 0.655855 0.235698
0.594581 -0.891243 -0.553388 -0.372634 1.001964 -0.145341 -0.030108 0.041708
0.206074 -0.173001 -0.367024 -0.836054 0.392103 0.357926 -0.620203 -0.137304
0.513389 -0.482789 0.373957 -0.855582 0.846474 0.513123 -0.718806 0.525659
0.255114 -0.685704 0.232148 -0.228806 0.985580 -0.197991 -0.737542 -0.394743
-0.103388 -0.671497 -0.188904 -0.919213 1.295039 -0.538140 -0.064791 0.396404
-0.282005 -0.146248 -0.344241 -0.189001 0.962769 -0.071378 -0.048635 -0.095266
0.278577 -0.965142 0.630236 0.009834 0.855262 -0.159783 -0.407272 -0.167116
-0.418312 -0.564400 0.317641 -0.143147 0.667675 -0.090460 -0.370049 0.202354
-0.066069 -0.628384 -0.370228 0.092770 0.333962 -0.166377 0.326747 -0.178922
0.642929 -0.719532 -0.139399 -0.278197 1.121338 -0.306557 -0.580674 0.135080
-0.308714 -0.428895 -0.312090 -0.196075 1.237553 -0.232060 0.188492 0.209515
0.257693 -0.700571 -0.144710 -0.210751 1.230509 -0.364399 -0.152686 -0.095214
0.280422 -0.178388 1.091329 0.138399 0.292987 -0.469283 -0.413617 0.064529
0.249762 -0.907578 0.275085 -0.953894 0.040707 -0.200897 -0.525380 -0.675672
0.016024 -0.564422 -0.083404 0.157964 1.205797 -0.124843 -0.213874 0.452938
-0.224217 -0.108437 0.231777 -0.273743 -0.173064 -0.899190 -0.357034 -0.368182
-0.370024 -0.691279 -0.189054 -0.651518 1.482016 -0.596624 -0.399527 -0.065273
-0.057064 -0.502619 -0.577383 0.314672 0.513245 -0.847348 0.062478 0.193467
-0.127855 -0.520287 -0.420244 0.124788 0.269212 -0.343087 -0.475470 -0.636578
-0.811131 -0.177774 0.621978 -0.397067 0.306220 0.046092 -0.668661 -0.047508
0.333777 -0.258246 -0.704917 -0.346453 -0.292153 -0.035440 0.046552 -0.760302
-0.430230 -0.944341 0.077868 -0.368083 0.659444 -0.612373 -0.190618 -0.409111
-0.325314 -0.346556 0.183767 -0.752561 0.839721 -0.332906 -0.054514 -0.435342
-0.102550 0.045382 -0.404987 0.094381 0.446620 -1.156344 0.175553 -0.420140
-0.151334 -0.767557 -0.180414 -0.579540 0.251022 -0.660210 -0.582649 -0.706607
-0.405853 0.151142 -0.794976 0.093459 0.146761 -1.158725 0.406950 -0.183753
-0.434584 -0.574966 0.210597 -0.652837 0.121348 -0.761106 -0.632048 -0.800137
0.045448 -0.493958 0.465252 0.006027 -0.251050 -0.322165 -0.164619 -0.124256
0.279594 -0.812618 -0.683556 0.091181 0.084904 -0.621762 -0.284336 -0.353292
-0.800502 -0.066661 -0.017068 -0.108750 0.926247 -0.260154 -0.146132 -0.797908
-0.911632 -0.463477 -0.239815 -0.394441 0.857108 -0.482245 -0.258619 -0.406096
-1.034980 0.012287 -0.232118 0.050320 0.836232 -0.357307 -0.306888 -0.677175
-1.125919 -0.269812 -0.258463 0.064972 0.669244 -0.415467 -0.045033 -0.313858
-1.085960 0.199383 -0.091220 0.308607 0.702393 -0.184895 -0.465528 -0.511268
-0.313250 -0.582768 -0.060716 -0.422417 0.712744 -0.098172 -0.612661 0.134454
-0.831026 -0.143817 0.104072 0.144724 0.892061 -0.354311 -0.272452 -0.570733
-0.885059 -0.343554 -0.091735 -0.070203 0.494021 0.057468 -0.373904 -0.600943
-0.983899 -0.001537 -0.176102 -0.115479 0.916405 -0.341738 -0.062922 -0.706071
-1.059149 -0.011723 -0.055884 0.050699 0.837577 -0.360446 -0.219456 -0.769962
-1.042191 -0.247121 -0.278082 -0.118708 0.265431 -0.082897 -0.164074 -0.505334
-1.065014 -0.038545 -0.236292 -0.051250 0.808128 -0.202716 -0.243831 -0.683244
-0.865624 -0.011858 -0.213884 -0.389470 0.348152 0.303019 -0.424102 -0.671787
-0.891851 -0.218802 0.065432 -0.096423 1.028527 -0.489012 -0.234161 -0.458243
-0.931190 -0.060631 -0.009622 0.030748 0.930756 -0.340788 -0.195520 -0.707504
-1.008906 -0.246698 -0.121749 -0.154695 0.822026 -0.273764 -0.345966 -0.519159
