0.007230 -0.255114 -0.717704 0.763254 -0.877096 -0.757181 0.592235 0.197272
-0.423037 -0.086017 0.227980 0.381104 0.534307 -0.348237 -0.340507 -0.464191
-0.282422 -0.734449 0.067486 0.401885 -0.530760 -0.660614 0.176498 -0.264613
0.343614 -0.206017 -0.243037 -0.470777 0.761808 0.063266 -0.743335 0.419349
0.628382 -1.217220 -0.017956 -0.393967 1.244913 0.063017 -0.573002 0.200930
0.179155 -0.638733 -0.533759 -0.212441 0.136390 -0.107403 0.506276 0.877134
0.430838 -1.283255 0.239613 -0.835079 0.400092 0.648681 -0.211481 -0.089797
-0.043457 -0.584927 -0.303182 -0.949297 -0.010584 0.232822 0.013412 0.284466
0.393369 -0.650150 -0.333619 -0.326784 0.037963 -0.296210 0.260905 0.429240
0.478834 -0.852842 -0.126052 -0.336407 0.601957 0.596741 -0.557738 -0.451246
0.778318 -0.364175 -0.001093 -0.118459 -0.489471 -0.261510 -0.479979 0.523629
-0.225182 -0.211408 -0.350530 -0.434390 -0.024537 0.518227 0.560906 0.404579
0.520949 -0.873101 -0.068286 -0.149447 -0.302568 0.184600 0.589921 0.482978
-0.483873 -0.642461 0.267848 -0.400733 1.260667 -0.517757 -0.703075 0.028406
-0.289578 -0.648348 -0.130938 -0.409744 0.911967 -0.416990 0.031015 -0.228454
0.444180 -0.358003 -0.248592 0.095242 0.313727 -0.401098 0.091648 0.325980
0.498796 -0.499209 -0.004464 -0.797700 0.777530 0.313298 -0.125705 0.170998
-0.099060 -0.011317 -0.347279 -0.001079 0.109692 -0.524569 -0.063304 -1.048061
0.233550 -0.736085 -0.190005 -0.104260 0.649891 -0.533084 0.241126 -0.076260
0.644739 -1.506727 -0.301178 -0.603327 0.287263 0.121284 -0.173096 0.713829
-0.397601 -0.556583 0.310826 -0.931062 0.293630 0.146943 0.411595 0.362425
0.382068 -0.349189 0.218565 0.121002 0.413845 -0.162749 -0.551224 -0.258135
0.296810 -0.248174 -0.135894 -0.639990 0.580441 0.490638 -0.234545 0.698403
0.122521 -0.524162 0.357763 -0.684278 0.083792 -0.598926 -0.737510 -0.407164
-0.379118 -0.090236 -0.418498 0.195753 0.330013 -0.306849 0.056091 -0.147556
0.090623 -0.227219 -0.624015 0.209541 0.727299 -0.308536 0.140299 0.263906
-0.133375 0.011150 0.019134 -0.019008 0.375233 0.450082 0.531922 -0.061613
0.578540 -0.634264 -0.006415 -0.340368 0.484945 0.147241 0.501609 0.420534
0.112810 -0.320239 -0.707888 -0.817747 -0.124087 0.140553 0.321972 0.541369
0.220653 -0.518313 0.312782 -0.808535 0.669957 0.343406 0.035504 -0.482295
-0.206434 0.128436 -0.805873 0.132507 0.287494 -0.325072 0.348426 0.185735
0.229626 -0.288677 -0.592473 -0.761676 0.635740 0.164545 0.453615 0.526056
0.150318 -1.308613 0.193248 -0.519602 -0.466089 0.051160 0.086468 0.244470
-0.266450 -0.427624 -0.521018 -0.652339 0.415314 0.367767 -0.268111 0.315094
0.169469 0.021446 0.410392 0.223895 0.677452 -0.554759 -0.352448 -0.256082
-0.121131 -0.224872 0.019507 -0.138964 1.000564 -0.370752 0.188642 0.589128
-0.013470 -0.553741 0.358968 -1.216448 0.843693 -0.196662 -0.233646 -0.258952
-0.333734 -0.060950 -0.757380 -0.135781 0.148570 -0.216426 0.051710 -0.186371
-0.027236 -1.050431 0.837300 -0.613155 0.361960 -0.171814 -0.815839 -0.053512
0.229782 -0.390568 -0.191052 0.068104 -0.160071 -0.440137 0.722399 0.437632
0.193225 -0.687839 0.711195 -0.255111 0.680469 -0.349158 -0.002705 -0.010894
-0.160449 -0.425390 0.077417 -1.170347 0.328497 -0.043328 -0.240741 0.003043
0.721714 -0.699013 0.380471 -0.170460 1.086180 0.361168 -0.825203 -0.442747
0.001353 -0.634818 0.082889 -0.767018 1.335003 0.232092 -0.185487 -0.137143
0.307589 0.452620 -0.426382 -0.409003 0.034001 -0.429022 -0.303415 -0.299382
0.236981 -0.783160 -0.326483 -0.287850 1.262992 -0.451292 0.185643 -0.228423
-0.091802 0.240532 0.004982 -0.007526 -0.492777 -0.053076 0.740663 0.942000
0.177933 -0.661016 -0.370129 -0.327996 -0.469053 -0.268352 0.367589 0.595670
0.842232 -0.549737 -0.140782 -0.878569 0.546189 -0.338935 -0.610490 -0.402697
-0.778677 -0.062032 -0.112066 -0.788682 -0.251171 -0.585366 0.145397 -0.089086
0.360723 -1.130022 -0.279568 -0.669474 0.470661 -0.305537 -0.533898 0.103189
0.136104 0.336534 -0.276897 -0.441750 0.092812 -0.540956 0.025475 -0.291378
-0.774427 0.042972 -0.011789 -0.343602 -0.413804 -0.936587 -0.188980 -0.517051
-0.441744 -0.421724 0.354768 -0.223168 0.130967 -0.552027 0.145849 -0.392249
-0.147951 -0.510253 0.191222 -0.833450 0.328213 -0.638672 -0.316918 -0.848537
0.159073 1.115918 -0.042044 0.304030 -0.402986 0.073213 -0.108426 -0.531569
0.168898 -0.885361 -0.008210 0.140603 0.531447 -0.641337 -0.134026 -0.228071
0.246417 0.596657 0.361438 0.689237 -0.217353 -0.038644 0.064545 0.358489
-0.021868 -1.387791 -0.039416 -0.429589 0.830588 -0.526059 -0.180559 -0.188585
-0.528545 0.089152 -0.809491 0.796684 0.209572 -1.203323 -0.141419 0.315030
-0.285418 -1.140028 -0.004538 -0.642579 0.680712 -0.257506 -0.159279 0.393724
0.008915 -0.389177 -0.290088 -0.021373 0.003925 -0.488343 -0.391157 -0.938182
-0.303561 0.913187 -0.254165 -0.602887 0.766667 -0.665381 -0.023385 -0.829966
0.522338 -0.524815 0.275188 0.159482 0.599728 -0.271611 -0.345834 -0.403576
0.004360 -0.840194 -0.053196 -0.018501 0.323047 -0.569170 -0.085532 0.290865
0.643626 -1.066466 0.288719 -0.753813 0.189172 -0.560214 -0.146385 -0.017680
0.473905 0.061206 0.647538 0.073856 -0.301987 -0.442270 -0.233433 0.216271
-0.376402 -1.033311 0.541238 -0.382879 0.420471 -0.417666 -0.818038 -1.106076
0.067983 0.245365 0.361592 0.044059 0.667029 -0.186709 -0.374439 -0.077156
0.025059 -0.339017 -0.459352 0.165772 0.197274 -0.700410 -0.906255 -0.262376
0.414454 -0.210675 0.319061 0.178105 -0.311563 -0.101816 -0.243934 -0.336022
0.265771 0.441129 -0.155904 -0.376367 0.112666 -1.309003 -0.264418 -0.542696
-0.296621 0.469775 0.145121 -0.568746 0.369875 -0.567499 -0.442645 0.011218
0.031568 -0.313173 0.209257 -0.257147 -0.146574 -0.150482 0.032078 -0.363993
0.489853 -0.791042 0.030603 -0.519708 0.841223 -0.570745 -0.522889 -1.198415
0.139583 -0.673189 0.450239 -0.697278 -0.023993 -0.128088 -0.086259 0.118908
0.614434 -0.441160 0.211146 -0.645326 0.344680 -0.527791 -0.180090 -0.370769
0.378122 -0.070866 0.109406 -1.199875 1.168047 -0.075112 -0.508075 0.634429
0.916728 -0.628091 -0.148271 -0.357134 0.562928 -0.725469 -0.234497 -0.015393
-0.108009 0.588066 0.175974 -0.261626 0.375783 -0.664332 -0.129616 -0.572022
0.586203 -0.614202 0.330363 -0.430753 -0.294785 0.315323 0.275487 -0.632526
0.438865 -0.394572 -0.051650 -0.859930 0.192520 -0.280140 -0.419211 -0.178430
-0.413115 -0.102141 -0.643049 -0.044800 -0.058772 -1.288430 -0.088880 -0.571990
0.670671 0.138311 0.302430 -0.638025 -0.367707 -0.216607 -0.605615 -1.157599
-0.473962 -0.310156 -0.420242 -0.539752 0.185693 -1.187521 -0.307482 -0.408827
0.424406 -0.416971 0.226887 -0.537140 0.031015 -0.827401 -0.257584 -0.767728
-0.109169 -0.095510 0.469828 -0.588396 0.472554 -0.598507 -0.495873 -0.455803
-0.218799 -0.525977 0.347760 -0.501269 0.083244 -1.282993 -0.232872 0.061042
-0.718801 -0.204727 -0.103627 -0.519257 -0.386426 -1.054328 -0.054929 -0.139511
-0.458458 -0.702260 0.077188 -0.754658 -0.003051 -0.736626 -0.683002 -0.831991
-0.296689 -0.346782 -0.015602 -0.878865 0.007945 -0.668072 0.056857 -0.367491
-0.592580 -0.291888 0.259507 -0.526325 0.053236 -0.348967 -0.188320 -0.341281
-0.061265 -0.622582 0.327246 -0.513845 0.529591 -0.136258 -0.583785 -0.341891
0.040361 0.079156 0.212641 -0.058732 -0.034022 -0.489284 0.067929 -0.327875
0.590260 -0.140581 0.189994 0.113695 -0.532656 -0.240608 -0.245202 -0.291342
0.147419 0.233951 0.251135 -1.059683 0.077051 -0.177163 -0.167302 -0.028073
-0.450194 0.486205 -0.314309 -0.852686 0.016462 -0.132759 -0.291858 0.134267
0.446700 0.243401 -0.537302 0.219512 0.228514 0.379804 0.040708 -0.297734
-0.659187 0.038261 -0.459017 -0.470786 0.312788 -0.540577 0.901702 -0.221082
-0.295642 -0.544180 0.024469 -0.923640 0.373438 -0.234806 0.061146 0.068888
-0.333734 -0.060950 -0.757380 -0.135781 0.148570 -0.216426 0.051710 -0.186371
0.346001 -0.547427 -0.584046 -0.702917 0.806101 -0.495335 -0.036076 -0.416195
-0.533076 -0.224342 0.224324 -0.322174 0.344270 0.382835 -0.211440 0.067862
0.134293 -0.176376 0.504535 0.105436 0.749012 0.177314 -0.525782 -0.112383
0.466920 0.427528 0.066699 0.288045 0.832172 0.371601 -0.602271 -0.222834
-0.154576 0.263641 0.515926 -0.017818 0.395303 -0.356106 -0.504759 -0.120713
-0.738180 -0.867097 0.008546 -0.333820 0.707586 0.022955 -0.126335 -0.095046
0.725355 0.314193 -0.120060 -0.151162 -0.189604 -0.567166 -0.248669 -0.424130
0.639701 -1.067638 0.130745 -1.255459 0.652541 -0.745853 -0.403701 0.451225
0.410753 -0.861606 0.489823 -0.647503 0.768298 -0.403569 -0.459463 -0.144702
-0.006270 -0.759279 0.437318 -0.979129 0.950675 -0.784343 -0.507808 -0.248043
0.610230 -0.270112 -0.217937 -0.446844 0.395227 -0.480146 -0.734452 -0.411690
-0.225263 -0.753090 -0.233287 -0.289322 0.510043 0.226497 0.950520 0.070953
0.119766 -0.467044 0.637922 0.022237 -0.327366 0.492972 0.484829 -0.116743
-0.221367 -0.656008 -0.153626 -0.078011 0.922468 -0.102565 -0.048009 0.599847
0.603419 -0.971821 0.055492 0.097150 0.159359 0.161476 0.165209 0.429520
-0.343796 -0.882029 0.721861 -0.113486 -0.260620 0.643230 0.277906 0.182243
0.451230 -0.239739 0.370733 -0.726992 0.395700 0.484434 -0.636298 0.302810
-0.629539 -0.044562 0.449816 -0.956495 0.065388 0.128681 0.380753 -0.335039
0.641664 0.424461 -0.247136 -0.059641 0.756618 -0.567936 0.115762 0.008217
0.093498 -0.069575 0.166765 -0.404448 -0.074332 0.047056 -0.136950 0.610722
0.077846 -0.809841 -0.185581 -0.480557 0.496688 0.366915 -0.351809 -0.366193
-0.031224 -0.496968 0.127100 -0.004562 0.458449 -0.025228 0.824816 0.101172
0.113640 -0.967045 -0.183349 -0.943466 1.231108 0.823192 -0.131191 -0.013798
0.066596 -0.433538 -0.366925 -0.477253 0.859735 -0.614084 -0.174934 0.097306
0.577606 -0.413879 0.492631 -0.147782 -0.353954 0.216545 -0.299005 -0.252028
0.161092 -0.048004 -0.489343 0.179713 0.741183 -0.551090 0.118497 0.390191
-0.002039 -1.563116 -0.352983 -0.378992 0.537947 -0.441107 0.254433 0.725359
0.520949 -0.873101 -0.068286 -0.149447 -0.302568 0.184600 0.589921 0.482978
0.909263 -0.811390 -0.074174 -0.315357 0.614660 -0.057713 0.159889 0.213087
-0.494634 -0.049269 0.327413 0.053594 -0.061510 -0.188828 0.515327 0.125127
-0.009482 -0.134806 0.144907 -0.629000 0.574990 0.038811 -0.219974 0.638511
0.012519 -0.885001 -0.591202 -0.428502 0.148924 0.202196 0.334761 0.365636
-0.074498 -0.470967 -0.774707 -0.609047 0.488678 -0.475136 0.546433 0.343127
0.208036 -0.752744 0.368920 -0.683113 -0.553348 -0.404061 -0.058083 -0.413576
0.198965 0.038911 0.293887 -0.480386 0.375573 -1.024716 -0.812977 -0.711735
0.437909 -0.816666 0.711203 -0.360554 0.771648 0.029176 -0.488237 0.169887
0.397345 -0.942935 0.140746 -0.308939 0.785127 -0.427554 0.145012 -0.114990
0.662597 -0.453426 0.201822 -0.172385 -0.545392 0.468952 0.146785 0.355633
0.578540 -0.634264 -0.006415 -0.340368 0.484945 0.147241 0.501609 0.420534
0.060923 -0.256470 0.482282 -0.151192 0.476830 0.389762 0.412712 0.232485
-0.098870 -0.256515 -0.636090 -0.383350 0.333942 0.092208 -0.228860 0.362910
0.012505 -0.971972 -0.587534 -0.573033 0.734295 -0.782353 0.147806 0.302215
0.429192 -0.630584 0.219283 -1.482355 0.323675 0.115508 -0.310462 -0.664929
-0.972775 -0.070652 -0.172468 -0.138294 0.726539 -0.004256 -0.228653 -0.793968
-0.933746 -0.113564 -0.064640 0.169336 0.596514 0.055872 -0.415501 -0.874978
-0.793862 -0.500671 -0.043610 -0.137114 1.010368 -0.167126 0.163350 -0.576918
-0.829684 0.074034 -0.500818 0.008877 0.696774 0.392067 -0.221280 -0.851586
-1.035817 0.056652 -0.227795 0.353682 0.632572 -0.771790 -0.426262 -0.542844
-0.899970 -0.217876 -0.178145 0.023832 0.575222 -0.360299 -0.377558 -0.504013
-0.514445 -0.525305 0.308933 -0.333509 0.676353 -0.257968 -0.172366 -0.383262
