0.120536 -0.803752 -0.138147 -0.605806 0.590339 -0.477486 -0.067598 -0.216074
0.699045 0.188628 0.512892 -1.588168 1.354568 0.215784 -0.633016 -0.363931
-0.213688 -1.047118 -0.261649 -0.891287 1.058171 -0.560356 -0.693234 -0.381889
-0.667877 0.092017 -0.489935 -0.332114 -0.561740 -0.668515 -0.317915 -0.304645
-0.016783 -0.586349 -0.217050 -0.691162 -0.538057 -0.806942 -0.443259 -0.688499
0.077598 -0.553289 -0.142606 -0.644329 -0.006312 0.337216 -0.085004 -0.782876
0.147982 -1.169375 -0.136692 -0.521781 1.448535 -0.146113 -0.895315 -0.513886
-0.283482 -0.994212 -0.740956 -0.153068 0.157541 -0.144522 0.436546 0.268702
-0.821172 -0.439160 0.133712 -0.625801 -0.826168 -0.558541 -0.089102 -0.623050
0.383920 -1.873770 0.064634 -1.150959 0.032046 0.403543 0.438370 0.413827
-0.141693 -0.953043 -0.328183 -0.416358 1.542883 -0.432148 -0.652382 -0.417830
-0.263995 -0.579468 0.303177 -0.553405 1.152097 -0.336226 -0.615759 -0.417000
-0.365388 -1.283539 0.019553 -0.846160 1.294261 -0.397904 -0.664063 -0.047393
-0.323304 -0.573505 -0.184520 -0.566327 0.792390 0.245342 0.337724 0.357821
0.685640 -1.165513 0.109453 -0.813316 -1.254919 -0.152802 -0.353695 -0.457300
0.257335 -1.166064 0.227942 -0.743501 -0.106038 0.108056 0.232879 -0.186688
0.222991 -1.144212 0.146068 -0.662968 1.170344 -0.374578 -0.305039 0.830937
-0.280882 -0.196543 -0.696570 0.098751 0.005932 -0.748875 0.235743 -0.293818
-0.017714 -0.859969 0.450834 -0.825498 1.193976 -0.393661 -0.774628 0.057934
-0.571180 -1.109602 0.563192 -0.792423 0.029090 -0.310458 -0.572939 -0.213299
-0.376034 -0.717097 0.437864 -0.436917 -0.290566 -0.624938 -0.487460 -0.487946
0.190488 -0.488219 0.735441 -0.862454 -0.335158 -0.419075 -0.466044 0.222416
0.007535 -0.808503 -0.240766 -0.297740 0.705396 -0.007981 0.500510 0.329769
-0.462740 -1.107936 0.665484 -0.795032 0.364021 -0.052929 -0.321103 0.344876
-0.522585 -0.643008 0.574661 -0.802444 0.007734 -0.357233 -0.627612 -0.324957
0.403614 -0.799812 -0.185139 -0.444991 0.793184 -0.463584 -0.339382 -0.208313
-0.265097 0.022206 -0.214617 -0.735851 1.088253 -0.440569 -0.498571 0.118923
0.024690 -0.863549 0.371644 -0.484381 0.999111 -0.276977 0.475018 0.253805
0.349777 -1.123825 -1.033645 -1.030390 -0.035264 0.275183 1.217149 0.129764
0.205924 -0.932456 -0.086014 -0.716345 0.566800 -0.376013 0.138309 0.557735
0.279297 0.057073 -0.217786 0.339366 0.372375 -0.246637 0.376583 -0.274737
0.252383 -0.725079 0.419301 -0.375548 0.954128 0.334101 -0.398887 -0.580995
0.553540 -0.105685 0.297697 -0.353364 0.734756 0.069783 -0.966560 -0.594985
0.745313 -1.493841 -0.013519 -0.723219 1.135707 0.206821 -0.596439 -0.612753
-0.330606 -0.720685 -0.453474 -0.283462 0.992988 -0.627029 0.092852 0.126296
-0.003238 -0.774254 -0.211463 -0.701516 0.856607 0.067929 -0.323264 0.571047
-0.379969 0.138924 -0.609515 -0.415835 -0.314721 -0.556748 -0.199487 0.945528
0.277970 -1.559561 0.166787 -1.058008 1.525028 -0.324911 -0.634903 -0.499712
0.534402 -0.137786 -0.052150 -0.204971 0.690925 -0.703156 -0.526746 -0.271058
-0.753403 -0.927543 0.417866 -0.102816 0.913514 -0.462575 -0.578885 -0.436098
0.370720 -0.836210 0.305106 -0.235659 0.876947 0.050955 -0.100899 0.077692
0.140138 -1.443698 -0.773972 0.254467 0.554207 -0.154955 0.200246 0.408966
0.857037 -0.402399 0.030388 -0.782320 0.319398 -0.821048 -0.732537 -0.447818
-0.582289 -0.506615 -0.254170 -0.346222 0.505764 0.448034 0.920953 0.456217
-0.214453 -0.168544 -0.144465 -0.952553 -0.407395 -0.831726 -0.415686 -1.025771
-0.667470 -0.539206 0.178762 -0.701973 -0.176943 -0.108401 -0.188079 -0.742456
-0.331159 0.044662 -0.166735 -0.486745 1.324469 -0.043276 0.279973 0.265061
-0.315321 0.018892 -0.350022 -0.929138 1.253412 0.080973 0.111468 -0.031700
-0.399852 -0.029747 -0.077763 -0.290784 1.502691 -0.008955 0.195338 0.003308
-0.176869 0.221598 -0.074446 0.728628 0.759984 -0.425816 0.344527 0.119713
-0.546370 -0.989533 0.457482 -0.709673 0.193870 -0.593538 -0.615425 -0.635764
-0.070265 -0.310869 -0.181974 -0.180133 -0.229654 -0.388088 0.067193 0.224678
0.465210 -0.710225 0.470415 -0.653332 1.056099 -0.158516 -0.840913 -0.320430
-0.328315 0.344965 -0.479544 0.035672 -0.333055 -0.558387 0.106684 -1.080771
0.641797 -0.644282 0.459254 -0.986389 0.469880 0.026749 -0.413139 -0.211251
-0.730715 -0.775108 -0.482277 0.106719 0.235684 -0.914247 0.410267 -0.090942
-0.553578 -1.155982 -0.455473 -0.681690 0.972687 -0.083557 -0.418129 0.040442
-0.939657 -0.364069 0.419522 1.190294 -0.301849 0.028659 -0.138078 0.121965
-0.934158 -1.046221 -0.034230 -0.333723 0.836793 -0.573479 -0.262991 -0.566030
0.106362 -0.264372 0.692189 -0.446216 0.747583 0.125734 -0.574771 -0.130543
0.177811 0.108815 -0.314251 0.642044 -0.523345 -0.466702 0.039300 0.372081
0.546081 -0.096142 -0.254549 -0.538100 0.485331 -0.539891 -0.614279 -0.173304
0.103848 -0.427269 0.449921 -0.922377 -0.281214 -0.588301 -0.463080 0.529602
-0.287978 -0.897839 0.456822 -0.201068 0.673076 -0.507072 -0.893932 -0.195433
-0.554966 -0.299586 -0.722337 0.025648 0.264101 -0.904788 0.204631 -0.525314
0.107572 -0.451974 0.268893 -0.304346 -0.258123 0.141092 -0.303401 -0.495481
-0.621093 -0.423300 0.376614 0.517181 -0.118411 -0.557748 0.227666 -0.111473
-0.339606 -0.978926 0.708587 -0.529696 -0.238007 -0.615291 -0.603770 -0.124285
-0.947030 0.358387 -0.170293 0.024872 0.305459 -0.126788 -0.703259 -0.972385
-0.826581 0.088740 0.005618 -0.000760 0.883399 -0.259928 -0.110366 -0.898272
-0.719329 0.151896 0.148216 -0.047247 0.720537 -0.149468 -0.381704 -0.838185
-0.975213 -0.251080 -0.233157 -0.206961 0.902007 -0.580890 -0.152506 -0.503554
-1.064223 -0.178710 -0.149627 -0.045295 0.731954 -0.272451 -0.340292 -0.608395
-1.069384 -0.245644 -0.267341 -0.015451 0.778084 -0.259260 -0.301452 -0.476589
-0.928894 0.039578 -0.264039 -0.082456 0.547204 0.089779 -0.345027 -0.778680
-0.961324 0.027332 -0.144469 0.128260 0.504334 -0.399634 -0.306434 -0.529744
-1.116701 -0.128021 -0.433068 0.006704 0.776171 -0.241003 0.129886 -0.698913
-1.021257 -0.400724 -0.181248 -0.401869 0.868648 -0.135166 -0.231456 -0.411395
-0.622280 -0.721032 0.116899 -0.145982 -0.609591 -0.513310 -0.103984 0.081654
-1.151542 -0.279602 -0.361951 -0.211468 0.790221 -0.306349 -0.282688 -0.373516
-0.901560 0.183377 -0.196098 0.067257 0.780627 -0.254011 -0.172891 -0.925136
-0.789930 0.073563 -0.007525 0.131321 0.934039 -0.445473 -0.099873 -0.679226
-0.823507 -0.272674 -0.168436 -0.299172 0.780626 -0.039874 -0.044960 -0.504345
-0.874509 -0.021824 0.077049 -0.056533 0.746029 -0.141885 -0.318702 -0.863999
-0.981924 -0.075622 -0.336967 -0.047499 0.782978 -0.101488 -0.198850 -0.690440
-1.046164 -0.045551 -0.332428 0.098970 0.783856 -0.505422 -0.352207 -0.485346
-0.990006 -0.170295 -0.186345 -0.130179 0.770045 -0.212870 -0.350552 -0.618574
