-0.472716 -0.746393 -0.257955 -0.301584 1.027090 -0.843859 -0.101876 -0.417100
-0.859837 0.052028 0.063624 0.149235 0.130485 -1.331287 -0.318066 -0.398645
0.715385 -1.282656 -0.281340 -1.002984 0.001690 -0.683145 0.589232 -0.006219
0.129613 -1.070620 0.149323 -0.855646 0.313770 -0.360424 0.098991 -0.241106
0.130020 -0.310875 0.236512 -0.636624 0.162919 -0.684433 -0.367772 -0.654944
0.022729 -0.764607 0.630551 -1.146036 0.767111 -0.805198 -0.333081 -0.274939
-0.152403 -1.264431 0.929208 -0.620751 0.789210 -0.409172 -0.376084 -0.195002
-0.138610 0.921280 0.009196 -0.079155 0.267645 -0.468619 -0.553488 -0.562379
-0.249028 -1.132138 0.536121 -0.504447 -0.092800 0.150281 -0.059004 -0.102578
-0.030336 -0.697977 0.489929 -0.165883 0.407137 -0.445335 -0.029388 -0.290009
-0.217772 0.258598 -0.319163 -0.318734 0.405225 -0.289323 -0.455720 -0.212442
-0.288426 -0.300781 -0.127304 -0.312652 0.301547 0.276741 0.055482 0.235540
-0.159201 -0.995713 -0.399584 -1.036474 0.498821 -0.406606 -0.327352 -1.333347
-0.067883 -0.482292 -0.179947 -0.688945 0.269155 0.379708 0.589248 0.698657
0.741805 -0.719861 1.075879 0.100641 0.475456 -0.008980 -0.475806 -0.521077
-0.063990 -0.294876 0.521422 -0.209830 -0.893319 0.138325 0.218261 0.309830
-0.645103 -0.572094 0.637031 -0.540127 0.804041 -0.225522 -0.418859 -0.824115
-0.154954 -0.428548 0.496071 -0.175966 0.550112 -0.050823 0.009603 -0.117617
-0.294815 -0.438509 0.245861 -0.916157 0.148720 -0.480220 -0.405278 -0.127513
0.434860 -0.442554 0.235826 -0.302806 -0.239808 -0.204094 -0.377792 -0.269448
-0.053843 -0.883084 0.114899 -0.892724 0.977688 -0.365237 0.044853 -0.105251
-0.244139 -0.548629 0.475645 -0.381940 0.875166 -0.366280 -0.601049 -0.783829
-0.443102 -0.351529 -0.069174 -0.201971 -0.047578 -0.272899 -0.435805 -0.112110
-0.485778 -0.426650 0.109245 -0.115458 -0.110678 -0.143351 -0.173319 -0.426774
0.759952 -0.663056 -0.176921 -0.239719 0.771672 -0.785021 -0.227952 -0.128597
-0.117971 -0.861584 -0.577932 -0.074960 0.798061 -1.192345 0.047313 -0.667549
-0.046544 -0.559290 0.409966 -0.861981 -0.243631 -0.394716 -0.227080 -0.299504
0.262144 -0.465468 0.425648 -0.982105 -0.181847 -0.358445 -0.387147 -0.322913
0.405299 -0.822542 -0.194244 -0.652338 1.033109 -0.170795 -0.284177 0.094949
0.047222 -1.022165 0.487830 -0.060510 0.269456 -0.716647 -0.419640 -0.771543
-0.040799 0.003509 -0.579258 -0.080708 0.515053 -0.750925 0.574213 0.535247
0.021883 -0.660091 0.551283 0.341871 0.325607 -0.509823 -0.791127 -0.799990
0.421725 -0.266096 -0.141793 -0.704395 -0.552286 -0.789672 -0.389032 -0.061526
0.510414 -0.629130 0.451557 -0.486112 0.846937 0.000006 -0.623896 -0.722649
-0.082244 -0.451261 0.095507 -0.121650 0.165072 -0.854692 0.235744 -0.462228
0.359335 -0.200320 0.591693 0.075175 -0.201948 -0.648712 -0.379768 -0.291137
0.263023 -1.476438 0.347769 -0.586517 -0.226709 -0.085601 -0.155958 -0.529654
-0.566141 -0.634302 0.398650 -0.658899 -0.013299 -0.586715 -0.639422 -0.515094
-0.114875 -0.653360 0.403606 -0.551213 0.367770 -0.279272 -0.502240 -0.631611
0.175040 -0.406877 -0.413652 -0.597538 0.124404 -0.322109 0.644593 -0.558396
-0.042792 -1.124914 0.370234 -0.976500 -0.051235 -0.463449 -0.490560 -1.113266
0.479502 -0.528144 -0.151885 -0.638579 0.191210 -0.528769 -0.610299 -0.694917
-0.106192 -0.540054 0.015994 -0.351657 -0.259210 -0.414227 -0.235219 -0.520261
0.312195 -0.846796 -0.762085 -0.549778 -0.091916 -0.625431 -0.170544 -1.175295
-0.073117 -0.187419 -0.181887 -0.608348 -0.050829 -0.122190 -0.516551 -0.974993
0.249758 -0.819023 0.013643 -0.542932 0.250954 0.496337 -0.250989 0.069838
-0.364990 -0.067394 -0.718272 -0.762302 0.241609 0.447307 -0.807321 1.016467
0.627207 -0.500842 0.049268 -0.056654 0.320521 -0.620948 -0.191799 -0.229960
-0.194086 -0.264091 0.159281 -0.540242 0.757449 0.709213 0.663469 0.346353
0.658330 -0.637515 0.035901 -0.255339 1.525402 0.247815 -0.941012 -0.116268
0.676956 0.166317 0.204673 0.218409 0.798437 0.751685 -0.856220 -0.564163
0.069975 -0.858486 -0.170984 -0.697687 0.164602 0.160248 0.512683 0.379391
-0.002788 -0.534702 0.025016 -0.433473 1.407088 -0.421605 -0.220154 0.384094
0.523184 0.161351 0.228899 0.787448 0.053053 -0.117122 -0.438049 -0.426510
0.221524 -0.503477 -0.363051 -0.043056 0.685064 -0.286054 -0.098332 -0.118801
-0.003500 -0.782223 -0.302864 -0.410618 1.360105 -0.142591 -0.013241 0.004922
-0.019981 0.358792 -0.037490 0.382836 0.260309 -0.450672 0.571695 1.117084
0.564050 -0.939956 0.760241 -0.207763 -0.871988 0.571574 0.550656 0.337011
-0.222837 -0.309495 -0.410562 -0.341499 1.291625 -0.043321 0.531228 0.070434
0.013640 -1.248020 0.067739 -0.476090 -0.150075 -0.014762 0.040960 0.094589
-0.070799 -0.301769 0.160958 -0.727612 0.786570 -0.012882 0.438723 -0.000523
0.284540 0.087860 0.362904 0.282115 -0.544451 0.020393 0.011946 0.025154
-0.191453 -0.391459 0.173737 -0.117605 0.801668 -0.224453 -0.192600 -0.250709
-0.198579 -0.997086 0.515115 -0.744123 1.585145 -0.502931 -0.648725 0.062116
0.173546 -1.272248 -0.078463 -0.741677 1.508852 -0.231350 -0.404689 -0.007621
0.058528 -0.971917 0.017834 -0.443160 0.316058 0.203833 0.323872 -0.033485
-0.276678 -0.708173 -0.276093 -0.837464 1.421335 -0.128533 -0.040952 0.226141
-0.221630 -0.715172 0.118746 -0.466863 1.418455 -0.598890 -0.101132 -0.081103
-0.282855 -0.366190 -0.389862 0.356893 -0.453150 0.235933 0.138899 0.034271
-0.372202 -0.681823 -0.286478 -1.055213 0.715548 -0.611072 -0.306948 -0.253867
-0.245797 -0.382515 -0.223712 0.412950 0.944613 -0.644617 0.272332 -0.077372
1.217867 -1.221303 0.606417 -0.286194 0.344006 -0.379533 -0.703768 -0.263514
0.760976 -0.826642 -0.278684 -0.941193 1.256189 -0.403446 -0.806187 -0.802813
-0.056799 -0.475912 0.210456 -0.374013 1.186156 -0.417294 -0.452284 -0.222568
-0.071734 -0.199754 -0.147097 -0.691970 0.682944 -0.080136 0.076241 -0.075438
0.356251 -0.143399 -0.853259 -0.174320 0.395342 -0.234529 -0.388085 -0.216168
-0.655228 -0.221172 -0.045068 -0.551059 0.381116 0.373783 0.234308 0.565208
0.131412 -0.648107 0.475496 0.266843 -0.431849 -0.037954 0.200934 -0.530223
0.116185 -1.311914 -0.120920 -0.794355 1.346705 -0.429483 -0.078547 -0.300359
0.752541 -0.548728 -0.793604 -0.264521 0.817096 -0.150289 -0.526828 -0.106269
-0.423939 -0.833457 -0.222820 -0.778461 1.354921 -0.256151 -0.265002 -0.527208
0.583452 -0.670600 0.004443 -0.664193 0.760302 -0.691807 -0.199477 -0.264668
0.116425 -0.401678 -0.278194 0.156588 0.601809 -0.208198 0.039142 0.111223
-0.041905 -0.492511 -0.050236 -0.442313 -0.094828 -0.076887 -0.226542 0.248902
0.154587 -0.521532 0.229751 -0.546301 -0.022372 0.171914 -0.006402 0.234510
-0.159040 -0.540749 -0.119403 0.283392 0.471294 -0.683931 -0.077580 0.167579
0.305804 -0.720419 -0.146041 -0.257128 0.753971 -0.075827 -0.158454 0.422044
0.742200 -0.096471 0.192533 0.051496 0.216471 -1.078881 0.064026 -0.556477
-0.643204 -0.086297 -0.240063 -0.529309 0.310529 -1.179176 0.049540 0.263296
-0.149567 -0.901710 -0.180754 -0.864083 0.317182 -0.347875 0.137955 -0.422758
-0.449008 -0.330859 -0.543592 -0.831899 0.556679 -0.205092 0.467746 0.078478
0.444801 -0.661311 -0.231356 -0.921196 0.664517 -0.218287 -0.011421 -0.190992
0.017098 -0.098059 -0.447274 0.096786 -0.012184 -0.772298 0.341749 -0.083644
0.151550 -1.148412 -0.156771 -0.096314 0.300941 -0.718196 -0.150191 0.348343
0.066123 -0.109637 -0.072137 -0.307077 -0.021912 0.235233 0.482451 0.666517
0.330613 -0.991053 0.058338 -0.627406 0.182208 -0.686830 0.099216 -0.220492
0.479290 -0.804675 0.009456 -0.553899 0.453066 0.008661 -0.366902 -0.165682
0.511341 -0.776568 -0.418542 -0.521847 -0.071144 -0.299020 0.450511 -0.214667
-0.000841 -0.271412 -0.271608 -0.369469 -0.046044 -0.514841 0.152004 0.008154
0.159110 -0.627992 0.122912 0.053833 -0.230643 -0.730294 0.010838 0.174472
0.450950 -0.870388 -0.333311 -0.577951 -0.285916 -0.090457 0.134652 0.111353
0.499437 -1.027003 0.197606 -0.233512 0.086686 -0.190219 0.095680 -0.330315
0.407658 -0.889948 -0.062719 -0.720364 0.043640 -0.458920 0.051979 -0.219120
0.301385 -0.174257 0.611301 -0.413418 0.683820 0.266855 -0.634056 -0.311131
0.294418 -0.293456 0.867727 -0.680772 0.806770 -0.753937 -0.263949 0.480450
-0.386277 -0.992108 0.424867 0.071036 0.125770 -0.251183 -0.262084 1.152334
0.359112 -1.460743 -0.330220 -0.985734 0.769545 -0.110779 -0.102849 0.233907
-0.053780 -0.458590 0.509144 -1.224492 -0.217572 -0.318350 -0.275284 -0.203063
0.408892 -0.618783 0.562657 -1.185532 1.155695 -0.053224 -0.309234 -0.463900
0.426636 -0.863177 -0.359385 -0.631080 0.938830 -0.275461 0.099763 -0.285328
-0.096016 -0.284454 0.294524 -0.148635 0.370589 0.047589 -0.237417 -0.104612
-0.047866 -0.439813 0.921567 -0.005133 -0.106276 0.142431 -0.259678 -0.468996
-0.626352 -1.420820 0.479937 -0.893418 0.506443 0.454686 0.070078 -0.727395
-0.235656 -0.583708 0.930392 -0.267899 0.739080 -0.613148 -0.556467 0.237856
-0.011199 -0.213046 -0.424981 -0.020389 -0.761837 -0.522280 0.172093 0.003099
0.581853 0.830274 -0.487039 -0.273490 -0.454903 -0.911606 -0.231807 -0.244576
-0.049645 -0.481393 0.415056 -0.126069 1.329685 -0.224084 -0.893669 -0.090059
-0.166266 -0.879491 -0.242829 -0.931430 0.457158 0.080716 0.300208 -0.467213
0.386877 -1.372387 0.298101 -1.221566 0.704473 -0.643745 -0.593484 -0.541705
0.756450 0.098594 0.435431 -0.778900 0.255893 -0.588990 -0.325210 -0.471329
0.028464 -0.831517 0.052533 -0.771154 1.075093 -0.761577 -0.333008 -0.583359
0.394861 -0.204161 0.089412 -0.029512 0.538799 -0.253476 -0.442881 -0.275767
0.014077 -0.221472 0.656118 -1.360366 0.756510 -0.147777 -0.755383 -0.339306
-0.282937 -1.223358 0.903287 -0.485564 0.713990 -0.480447 -0.080107 0.465403
-0.292278 -0.873461 0.655739 -0.524146 0.411993 -0.686085 -0.522125 -0.296956
0.306012 -0.282023 -0.146187 -0.774117 1.093263 -0.137607 0.150303 -0.456363
-0.038120 -0.489203 0.143474 -0.490130 0.614531 -0.124379 0.091572 -0.309408
0.188430 -0.268505 0.691499 -0.834483 -0.363834 -0.506732 -0.318153 -0.325502
0.073709 0.008894 -0.297079 0.045848 0.643950 -0.014790 0.110496 0.292949
-0.350908 0.125786 0.205612 -0.654763 -0.498116 -0.271416 -0.815875 -0.743331
0.380258 -0.324726 0.229059 -0.506442 -0.234543 -0.140668 -0.501220 -0.582146
-0.114469 -0.252815 0.262333 0.181143 -0.267833 -0.735933 0.109772 0.135187
-0.233041 -0.729672 0.481122 -0.661123 -0.146780 -0.203411 0.619766 0.699013
0.595190 0.211450 0.507484 0.089183 -0.676076 -0.233671 0.471257 0.160119
-0.555896 -0.346351 -0.433286 -0.445729 0.639211 -0.934677 -0.096170 -0.361122
0.129935 -0.494971 0.209068 -0.620985 0.219218 -0.195914 -0.119782 -0.062945
0.135234 0.180187 -0.324007 0.532026 -0.857584 -0.444924 -0.111924 0.006851
0.596078 0.127446 -0.150061 -0.647866 0.363886 -0.435475 -1.059998 -0.933683
-0.304176 0.361124 -0.025859 -0.248907 0.054871 -0.807292 -0.037443 -0.324399
0.760775 -0.588375 -0.260083 -0.160179 -0.181822 -0.755986 -0.027974 -0.620236
-0.255892 -0.588164 0.456769 -0.724623 -0.005200 -0.695333 -0.248519 -0.154173
0.607583 -0.777302 0.202135 -0.116358 0.922125 -0.541933 -0.690981 -0.207769
-0.026376 -0.549636 0.063223 0.391223 0.186825 -0.714864 -0.226409 -0.838893
0.078299 -0.743560 -0.411480 -0.764979 1.319478 -0.590684 -0.378875 0.135571
0.137974 -0.228707 0.134401 0.113497 -0.410138 -0.907744 -0.024203 -0.782350
-0.225043 -0.533245 0.147943 0.115259 -0.320390 0.041811 0.281039 -0.328794
-0.332398 -0.179927 -0.120814 0.216632 0.341657 0.128386 0.160061 0.297498
-0.315738 -0.248009 -0.473643 0.014676 0.412996 -0.074787 0.493322 0.480857
0.126370 -0.080460 0.195967 -0.744689 1.148354 -0.406898 -1.035071 -0.420886
-0.163173 -0.710097 -0.408311 -0.583344 0.062304 -0.163957 0.291780 0.638745
0.849174 -0.913770 -0.055935 -0.263820 -0.163866 -0.662501 -0.196994 0.395068
-0.182677 -0.709108 0.418420 -0.615337 -0.164789 -0.049612 -0.172086 -0.009217
-0.253245 -0.584038 0.869500 -0.596886 -0.327150 -0.583867 -0.506920 0.075650
-0.443933 0.135665 0.144409 -0.243221 0.686726 -0.054390 -0.060910 -0.246964
0.328052 0.471451 -0.231027 -0.065965 0.064094 0.062443 -0.193012 -0.692684
0.133364 -0.451172 -0.120380 -0.907315 0.642268 -0.535526 0.225786 -0.395691
-0.086265 -0.213589 -0.489789 -0.142977 0.888382 0.123113 -0.686118 -0.042346
0.053328 0.006932 0.229299 -0.155373 0.840321 -0.335197 -0.480915 -0.249076
0.143779 -0.702902 -0.238531 -0.531189 0.198869 0.086380 0.460165 -0.324688
0.395405 -0.999132 -0.220976 -0.611046 0.173872 -0.497746 0.054647 -0.286485
-0.041409 -0.578313 0.184511 -0.625476 -0.300683 -0.241985 -0.300541 -0.403988
-0.091686 -0.546555 -0.304678 -0.468573 0.738836 -0.690861 -0.238341 -0.764255
0.108260 0.310497 0.063263 -0.016755 -0.139132 -0.344224 -0.513978 -0.110894
0.041276 -1.004456 0.141899 -0.282512 0.600334 0.202032 0.494721 0.412444
0.471729 -0.645578 -0.214796 -0.158648 -0.175645 0.103405 -0.224339 -0.231580
0.355544 0.138913 0.024559 -0.387513 -0.452308 -0.564194 -0.059709 -0.055542
0.032037 -0.515843 -0.190803 -0.975331 0.513542 -0.043950 -0.166217 -0.914051
-0.225240 -0.773362 0.044042 -0.867475 0.295896 -0.704109 -0.337236 -0.315186
-0.221050 -0.784393 -0.246638 -1.255208 1.062975 -0.210501 -0.671334 0.059390
0.165664 -0.572168 0.242191 -1.037837 0.984182 -0.369427 -0.066660 -0.591534
1.006699 -0.100799 0.035853 -0.299808 0.299969 -0.841638 -0.234103 -0.998992
0.069302 -0.248029 0.601449 -0.931365 0.374805 -0.878345 -0.101041 -0.106291
0.543110 -0.361909 0.178816 -0.811443 0.040589 -0.632300 -0.335148 -0.755498
-0.097979 -0.407282 -0.345638 0.134441 0.109983 -0.468886 0.175259 -0.079508
0.176675 -0.488157 -0.109108 -0.061032 0.435041 -0.812765 -0.875919 -0.678310
-0.148803 -0.840871 0.690099 -0.169445 0.361013 0.264797 -0.308110 0.076917
0.197243 -0.045605 -0.184726 0.092660 -0.080751 0.081334 0.207598 0.307965
-0.013802 0.370633 0.060686 -0.421218 -0.449758 -0.500872 -0.604540 -0.392888
0.023079 -0.088882 0.494653 0.322005 -0.370332 -0.438148 -0.316739 -0.049496
0.274557 -0.371777 0.001901 -0.828006 0.137223 -0.144736 -0.401067 -0.291324
0.375885 -0.446928 0.166896 0.183486 -0.090008 -0.734121 -0.271934 0.142324
0.153401 -0.951243 0.322464 0.161724 -0.357297 0.109833 0.229314 0.449788
-0.990403 0.171861 -0.229809 -0.187708 0.665676 -0.187565 -0.338475 -0.750002
-1.062503 -0.238834 -0.113632 -0.056706 0.951248 -0.451025 -0.251626 -0.498960
-0.810915 -0.585747 0.082604 -0.393501 0.918300 -0.300927 -0.137657 -0.452557
-1.103638 -0.076513 -0.028685 -0.028652 0.777285 -0.361163 -0.242509 -0.474760
-0.376594 -0.134465 0.064003 -0.162281 0.956423 -0.432959 -0.123915 -0.559474
-1.021043 -0.375190 -0.181773 -0.192269 0.707826 -0.158676 -0.377685 -0.440953
-0.388756 -0.403951 -0.373633 -0.115976 0.546475 -0.201990 0.021437 -0.063317
-0.893889 -0.176848 -0.014560 -0.187299 0.962734 -0.277666 -0.110857 -0.470721
-0.851014 -0.267258 -0.188038 -0.130966 0.777130 -0.138786 -0.223540 -0.621099
-0.914077 0.021627 -0.102223 -0.109227 0.784906 -0.161583 -0.277520 -0.818897
-0.604060 -0.199229 -0.329229 -0.200878 0.862353 -0.085472 -0.668885 -0.123963
-1.091563 -0.256965 -0.326395 -0.340802 0.700654 -0.094772 -0.233007 -0.506559
-0.967263 -0.173778 -0.180192 -0.110557 0.710329 -0.213537 -0.382317 -0.655968
-0.791600 -0.095599 -0.031678 -0.097974 0.886592 -0.263512 -0.264891 -0.754385
-0.976816 -0.031925 -0.284127 0.152057 0.886612 -0.442595 -0.278489 -0.727240
-0.785948 -0.222512 -0.258888 -0.354600 0.944720 -0.010357 -0.089446 -0.503262
-1.074234 -0.099976 -0.052532 -0.197772 0.893158 -0.312198 -0.355148 -0.465815
-0.964865 -0.220893 -0.047372 -0.118113 0.793443 -0.299711 -0.176778 -0.611536
-0.633841 0.335672 -0.664439 -0.254890 -0.174971 0.197082 -0.561829 -0.533484
-1.067390 0.045437 -0.175161 -0.110865 0.531097 0.259816 -0.316543 -0.611333
-0.860577 -0.229525 -0.207036 0.046583 0.547142 0.217081 -0.202573 -0.759225
-0.800497 -0.149646 -0.116005 0.166582 0.850143 -0.078048 -0.032352 -0.475209
-0.908080 -0.284600 -0.028203 -0.147148 0.935695 -0.152940 -0.177499 -0.661874
-0.918666 -0.284413 -0.065256 -0.201295 0.872083 -0.128679 -0.265692 -0.605576
-0.935263 -0.028700 0.019200 0.077881 0.862536 -0.306028 -0.251675 -0.694487
-0.941682 0.027458 -0.549140 0.072937 0.297738 -0.116836 -0.301064 -0.463381
-1.005372 -0.095882 -0.075378 -0.186925 0.824179 -0.115966 -0.302394 -0.683768
-0.965971 -0.442750 0.024911 -0.158860 0.438723 -0.396842 -0.099337 -0.466001
-0.543410 -0.243208 -0.310120 0.076598 0.693722 -0.260237 -0.198249 -0.798732
-0.388756 -0.403951 -0.373633 -0.115976 0.546475 -0.201990 0.021437 -0.063317
-1.000392 -0.225197 -0.197831 -0.015226 0.630753 -0.217818 -0.416740 -0.448032
-0.925011 -0.114219 -0.134105 -0.100211 0.651935 0.044964 -0.310837 -0.790003
-0.657984 -0.528396 -0.096803 0.172410 0.525203 -0.574883 -0.228752 -0.770018
-1.120320 0.061811 -0.360508 -0.027250 0.733111 -0.264186 -0.265408 -0.699905
-0.773315 0.055075 -0.088512 -0.054392 0.706536 0.119785 -0.125244 -0.850657
-0.852215 -0.239586 0.032813 -0.145123 1.054196 -0.443317 -0.235748 -0.614743
-1.035115 -0.171248 -0.071338 -0.032495 0.994062 -0.317516 -0.175850 -0.716577
-1.174151 -0.180869 -0.345144 -0.047564 0.812769 -0.401712 -0.249581 -0.485855
-0.934761 -0.201852 0.020577 0.071108 0.823367 -0.226729 -0.276239 -0.731384
-0.847094 0.048988 -0.113392 -0.005456 0.690901 -0.011434 -0.324508 -0.855837
