0.171360 -1.021207 -0.009958 0.311908 0.881869 -0.503989 -0.404430 0.041317
0.207665 -0.895543 0.135550 -0.356316 0.909052 -0.211620 -0.272821 -0.377038
-0.170614 0.010470 0.191382 0.062086 1.084829 -0.413613 -0.266816 -0.105014
1.034712 -0.916578 -0.050282 -0.979157 0.856310 -0.839747 -0.249994 -0.515614
-0.912395 -0.391525 -0.065580 -0.043978 -0.353748 -0.873909 -0.035474 -0.228426
0.129753 -1.043928 1.047140 -1.244220 0.747875 -0.498218 -0.271694 -0.201755
0.139571 -0.493723 0.163484 -1.410112 0.978633 -1.121961 -0.639104 -0.787186
0.394439 -0.939202 0.119545 -0.519728 -0.285515 -0.920718 -0.202624 -0.015541
-0.078320 -0.204500 0.462611 -0.200803 0.576675 -0.068645 -0.165916 -0.417587
-0.743383 -0.905846 -0.106467 0.135341 0.146531 -0.614482 -0.049520 -0.788890
-0.350645 0.054248 0.271252 0.145973 0.113141 -0.058681 -0.081842 -0.344313
0.064113 -1.370422 -0.140627 -0.459723 0.835396 -0.091492 -0.081872 -1.037685
0.154389 -0.283472 -1.000508 -0.336475 0.507270 -0.388061 -0.459056 -0.072489
-0.046740 -0.355624 0.240695 -0.559937 0.705635 -0.396064 -0.501411 -0.904098
-0.617526 -1.210045 0.313792 -0.342742 0.305487 -0.983291 -0.095584 -0.603071
0.413318 -1.272865 -0.259261 -0.653664 0.377339 -0.325491 0.223240 -0.735140
-0.139054 -0.417615 0.097327 -0.988313 0.129291 -0.654435 -0.058278 -0.411581
0.334839 -0.904366 0.174054 -1.525840 1.035251 -0.137110 -0.117720 -0.468383
-0.336558 0.487740 -1.165037 0.086262 0.205326 -1.027220 0.380512 -0.305279
-0.067320 -0.858966 0.256636 -0.438598 0.137180 -0.372236 -0.344953 -0.430845
0.342871 -0.035821 -0.080818 0.269631 0.874845 -0.742862 -0.244383 -0.097305
-0.377852 -0.560462 0.200577 0.862539 -0.136357 -1.456666 0.211745 0.378362
0.221836 -0.015258 -0.002498 -0.344852 -0.340185 -0.155625 -0.577836 -0.059777
-0.090385 -0.541050 0.660223 -0.722786 -0.272253 -0.728947 -0.316200 -0.380905
-0.680515 -0.224179 0.366277 -0.833461 -0.761306 -0.081060 -0.012088 -0.422103
-0.409848 -0.273329 -0.004528 -0.440831 -0.049809 -1.193059 -0.312302 -0.886148
-0.049893 -0.501357 0.652213 -0.883237 0.783283 -0.883183 -0.028333 0.134662
-0.005880 -0.994215 0.229358 -0.707911 0.737504 -0.543882 -0.058898 -0.633354
-0.242924 -0.367470 0.382758 -0.056872 0.283805 -0.677463 -0.896876 -0.425014
-0.423554 -0.765502 0.829983 0.083883 0.026146 -0.256794 -0.134447 -0.412466
-0.785723 -0.249729 -0.065127 0.051940 0.610185 -0.761559 -0.053794 -0.452148
0.361598 -0.070790 -0.318003 -0.130904 0.379951 -1.086099 0.088918 0.399335
-0.531090 -0.410214 0.192534 -0.526526 0.648425 -0.765122 -0.011422 0.214394
-0.111069 -0.355235 -0.170487 0.480159 -0.719917 -0.508779 0.093437 -0.467144
0.318536 -0.282386 -0.120556 0.073771 -0.170162 -0.810144 -0.102064 -0.388893
-0.527421 -0.193566 -0.050734 -0.300057 -0.162159 -0.938658 -0.281811 -0.727531
0.055102 -1.129464 -0.154306 -0.605818 1.071900 -0.629734 -0.538321 -0.421510
-0.345735 -0.817767 0.438461 -0.002153 -0.283991 -0.561380 -0.164883 -0.681401
-0.569468 -0.676863 -0.421178 -0.313699 0.334293 -0.774043 0.328520 -0.277167
-0.237133 -0.005833 0.490167 -0.448073 0.062361 -0.097112 -0.318004 -0.653466
0.314863 -0.305872 -0.363123 -0.183377 -0.225081 -0.910687 -0.450732 -0.065354
-0.219059 -0.177043 0.793547 -0.386258 -0.289138 0.304446 -0.106521 0.158662
0.222582 -0.159155 0.647736 -0.248334 0.313784 -0.453297 -0.336613 -0.376161
-0.719600 -0.521268 0.402238 -0.186909 0.073305 -0.433662 -0.684307 -0.873956
0.503557 -0.469675 0.484358 -0.134812 0.562430 0.434689 -0.100997 0.228863
-0.340015 -0.138911 -0.055836 -0.762301 0.605956 -1.190919 -0.286503 -0.738283
-0.269459 -0.907753 0.211508 -0.202926 0.356421 -0.288937 -0.231335 0.023625
0.381753 -0.567870 0.000193 -0.402106 0.439465 -0.425141 -0.127170 -0.138408
0.088480 -0.642383 0.224994 0.061306 0.558778 -0.063643 0.361027 -0.009005
-0.222572 -0.208860 -0.009052 0.506025 -0.388826 -0.442796 0.545658 -0.067557
-0.370892 -0.692325 -0.233909 -0.147296 0.784192 -0.995801 0.462401 -0.166061
-0.007184 0.008112 0.154781 -0.235934 1.342220 0.020234 0.408224 0.050624
0.191472 -0.140343 -0.728604 -0.093356 1.126126 0.080454 0.466827 0.221731
0.939737 -0.630328 -0.338605 0.349954 -0.119648 -0.044632 0.050165 0.125958
0.011642 -0.739026 -0.037781 -0.923481 0.883135 0.798519 -0.039100 0.439211
-0.124060 -0.680436 -0.389963 0.640526 0.057218 -0.395511 0.729877 0.008988
-0.215342 -0.339354 -0.163340 -0.559748 1.309445 -0.003932 0.235669 0.700504
0.149274 -0.192940 -0.579796 -0.047659 1.189189 0.030361 0.225260 -0.170505
0.221053 -0.208555 0.229565 0.211417 0.855949 -0.917418 0.213280 -0.551622
-0.158826 -1.299776 0.040609 -0.483542 -0.099359 0.193905 0.475081 0.384887
-0.139624 -0.599795 -0.825624 -0.793115 1.123302 0.026659 0.100128 0.457171
-0.108696 -0.205872 -0.385480 -0.209055 1.260714 -0.017867 0.499597 0.002894
-0.285005 -0.793247 0.053288 -0.059370 0.401533 0.012341 0.412280 0.383357
0.283326 -0.359590 -0.939588 0.198496 0.654979 -0.672504 0.400736 -0.020757
0.275209 -0.685372 0.289276 0.070333 0.871113 -0.655898 -0.283997 -0.179258
-0.652973 0.093950 0.297752 0.109198 0.169243 -1.077316 -0.885626 -0.657756
0.501410 -1.318692 0.047663 -1.276265 0.835019 0.284873 0.196570 0.379750
0.117639 -0.120648 -0.254043 0.059852 -0.273889 -0.603061 0.230510 0.480232
-0.285018 -0.560475 -0.561820 -0.076174 0.465354 -0.084262 0.119275 -0.202351
-0.368219 0.008752 -0.571163 -0.088538 0.779714 -0.519296 0.618275 0.726476
0.009513 -0.381783 0.023315 -0.267080 -1.311105 -0.980597 -0.229514 -0.519946
-0.186728 -0.344180 -0.849329 0.191417 0.719805 -0.478638 0.775193 0.279128
0.260224 -0.365130 -0.418259 -0.649201 0.602199 -0.380252 0.663356 0.042884
-0.511303 0.133358 -0.062469 -0.332956 -0.023810 -0.767297 -0.530723 -0.553243
-0.371505 -0.555053 -0.400209 0.081448 1.161288 -0.639297 -0.413011 0.410965
-0.337770 -0.553008 0.118596 -1.179256 0.768282 -0.182443 -0.059080 -0.014681
-0.171291 -0.919751 0.578346 -0.034882 -0.042304 -0.241495 0.039650 0.212737
-0.233623 -0.154736 0.330702 0.235328 1.170142 -0.725879 0.124609 -0.008653
0.704311 -0.200118 0.130915 -0.145190 -0.106670 -0.090987 -0.080003 -0.003402
-0.286890 -0.629080 0.188849 0.270783 0.748619 -0.662992 0.054769 -0.164660
-0.319558 -0.302953 -0.072642 -0.196530 0.759161 -0.701224 -0.518227 -0.863914
-0.532933 -1.040005 -0.442622 -0.305313 1.265447 -0.672530 0.044856 0.203678
-0.104239 -1.314229 0.806604 -0.743831 1.385944 -0.630996 -0.592885 -0.189082
0.003838 0.294491 -0.646757 0.640787 -0.094132 -0.745404 -0.306676 0.189645
-0.059391 -0.756081 0.169698 -0.575357 1.350379 0.103954 -0.444658 -0.290682
-0.002197 -0.188825 -0.133548 -0.197483 0.920565 -0.440552 0.707090 0.203320
0.790814 -1.030246 -0.664124 -0.638348 0.279546 -0.709084 -0.514066 -0.537205
0.454045 -0.930482 -0.344256 -0.442955 0.063456 0.377757 0.634368 -0.006109
-0.845823 -0.111773 -0.602584 0.452397 -0.357808 -0.511499 0.422948 0.117196
0.482721 0.015383 -0.142377 -0.822799 0.203220 0.118132 -0.056689 0.671001
-0.217493 -1.426625 -0.068804 -0.551353 0.162061 0.130180 0.055276 0.027647
-0.227684 -0.005518 -0.667293 -0.733880 -0.098628 -1.003031 0.173168 -0.251395
0.016212 -0.645246 0.899524 -1.116812 1.133076 0.085447 -0.748971 -0.189827
0.566759 -0.095375 0.162963 -0.457121 1.047075 -0.350367 -0.433576 -0.507110
-0.336239 -0.564006 -0.177656 -0.194205 1.242193 -0.802682 0.177674 -0.407137
-0.142566 -0.334196 -0.114333 -0.661451 1.031137 -0.557300 -0.130848 0.040240
-0.107744 -0.707506 0.346569 -0.606057 0.898680 -0.148766 0.244049 -0.002366
0.728273 -0.808178 -0.085028 0.144907 -0.104762 -0.376074 0.056924 0.293181
0.228623 -0.759591 -0.207496 -0.919980 0.266882 -0.297611 0.389744 0.525542
-0.287936 -1.059011 -0.162701 -0.473824 1.495115 -0.483356 -0.124601 0.123465
0.119113 -0.539942 -0.560231 -0.709291 0.408839 -0.655902 -0.443836 -0.567755
0.682950 -1.295226 0.004002 -0.270167 0.352630 -0.328276 0.284495 0.464350
0.169604 -0.112197 -0.040907 -0.900701 0.428967 -0.032942 0.084723 -0.467636
0.444103 -0.487953 -0.210935 -0.191853 -0.237992 -0.947281 0.199537 0.015490
-0.197137 -0.710715 -0.064219 -0.250074 0.560997 -0.448099 0.050958 0.030974
-0.156928 -0.574963 -0.590156 0.184596 0.366740 -1.171800 0.034938 -0.066706
-0.210287 -1.305829 -0.157153 -0.671339 0.241232 -0.144425 -0.012377 -0.150722
0.272004 -1.083127 -0.052661 -0.644465 1.525219 -0.239483 -0.965481 -0.416285
0.626036 -0.728262 -0.701132 -0.032933 0.768199 0.030671 -0.418809 -0.612289
0.557722 -0.073919 -0.933546 -0.048819 -0.111272 -0.595172 0.364732 -0.927543
0.749472 0.281492 0.213104 -0.621031 -0.058415 -0.586318 -0.986666 -0.654421
-0.239498 -0.829252 -0.569480 1.033427 -0.040925 -0.981953 0.127690 -0.328755
-0.400940 -0.752620 0.189956 -0.743502 0.481743 -0.219361 -0.263364 -0.193879
0.321660 0.371299 -0.400390 -0.382392 -0.707665 -0.867196 -0.751541 -0.668308
0.471453 -0.570281 0.051805 -0.418379 0.313348 -0.315909 -0.002332 -0.670619
1.113663 0.023664 0.596807 -0.658562 0.425357 -0.082757 -1.377864 -0.886140
-0.525540 -0.427928 -0.321218 -0.043224 0.306869 -1.093258 0.097001 -0.593040
0.502341 -0.025569 -0.293576 -0.614466 0.426668 -0.286224 0.142583 -0.153568
-0.042333 -0.494553 0.706810 -0.034592 -0.159437 -0.325005 -0.894239 -1.250821
-0.433499 0.165694 -0.130543 -0.544977 0.011262 -0.234408 -0.365283 -0.283491
-0.215842 0.347009 -0.920466 -0.948423 0.191480 -0.120977 0.831289 -0.909179
-0.130732 0.382371 0.051072 -0.898484 0.330845 0.254859 0.026701 -0.509338
-0.055576 -0.566212 -0.022817 -1.139970 1.037846 0.021448 0.241305 -0.732117
-0.330682 0.333672 -1.078072 0.789366 -0.384913 -0.349851 0.252352 -0.377560
-0.246253 -0.873569 0.312834 -0.716003 -0.004459 -0.023816 -0.267163 -0.971417
0.520229 -0.341218 0.218090 -0.687381 -0.136224 -0.686302 -0.490231 -0.801224
0.111212 -0.313405 0.367878 -0.353063 -0.452352 -0.467320 -0.095994 -0.783487
0.236438 -0.916537 -0.334758 -0.425736 0.081487 -0.308372 -0.382322 -0.599253
0.739284 -0.215953 -0.897157 -0.485906 0.158685 -1.305362 0.278214 -0.399807
0.346501 0.004203 -0.056867 -0.521186 -0.278337 -0.344135 -0.299773 -0.538829
-0.171775 -0.909931 0.251041 -1.039111 1.302654 -0.476703 -0.225394 0.021175
-0.518369 -0.398889 -0.004054 -0.947718 0.986774 -0.296076 0.338856 -0.147124
0.341439 -0.612569 -0.532450 -0.193732 0.286330 -0.510481 0.499883 0.106098
-0.428305 -0.336560 -0.052128 -0.855028 -0.410575 -0.658486 -0.223761 -0.554470
0.864053 -0.177804 0.054944 0.012992 -0.658402 -0.128203 -0.427700 -0.163233
-0.083885 -1.040236 0.194260 -1.138746 0.140204 -0.435196 -0.045890 0.186614
0.111514 0.281266 -1.046348 -0.268874 -0.646171 -0.887820 0.418222 -0.034678
-0.646503 -0.785155 0.203981 -0.472388 0.179872 -0.403010 0.016501 -0.370337
-0.769700 -0.644884 0.621066 0.194926 0.031281 -0.054769 0.110624 -0.689842
-0.789417 -1.230227 0.784588 -0.249398 0.961331 -0.314243 -0.817677 -0.093603
-0.373262 -1.191497 0.250951 -0.625505 0.610027 -0.524619 -0.699165 -0.346286
-0.392461 -0.723896 0.936512 -0.777742 0.488247 -0.301840 -0.442354 -0.197896
0.657421 -0.377109 0.318479 -0.597210 0.118676 -0.080529 -0.007929 -0.389769
0.593572 -0.084615 0.081044 -0.353713 0.024537 -0.281161 -0.275900 0.123296
0.215269 -0.416971 -0.071651 -0.342692 1.022971 -0.704421 -0.235229 -0.396133
0.494640 -0.566831 0.508265 -0.446482 0.301428 -0.176342 -0.869859 0.129207
0.494324 -0.077991 -0.006390 0.355861 0.435355 -0.381578 -0.693659 -0.077068
-0.075649 -0.223447 0.010006 0.275145 0.305072 -0.233906 -0.334989 -0.621364
0.266160 -0.828038 0.471555 -1.176078 1.143570 -0.591524 -0.293918 0.013003
0.503267 -0.938899 -0.278787 -0.498844 -0.110290 -0.353799 -0.531325 -1.247230
-0.305156 -0.371796 0.294300 -0.285959 -0.264929 -0.236869 -0.531401 -0.902947
0.603858 -0.220636 -0.086166 -0.760504 0.414516 -0.216066 -0.562270 -0.209807
-0.318035 -0.472762 0.380400 -0.779326 0.340569 -0.277813 0.164947 -0.256759
-0.009050 -1.015383 0.187431 -0.870742 1.206647 -0.333211 0.064369 -0.669902
0.474290 0.990979 -0.371845 0.595647 -0.167436 -1.241431 -0.213477 0.042169
0.320056 -1.010424 0.460954 -0.421150 -0.184951 -0.307839 0.024839 -0.765761
-0.252126 -0.458588 -0.307759 -0.799753 1.326619 0.006362 -0.689817 0.026769
0.165333 -0.414894 0.104552 -0.710182 0.278941 0.002323 0.260904 0.149120
0.088988 -0.467805 0.049085 -0.076122 1.023540 -0.781063 -0.859453 -0.657251
0.001402 -1.010428 0.402378 -1.208225 1.539301 -0.526297 -0.385024 -0.453735
-0.322242 -0.777966 1.025925 0.063437 0.008726 -0.386258 -0.291595 -0.193368
-0.548896 -0.922153 -0.057831 -0.530562 0.019060 -0.801393 -0.251959 -0.200370
-0.227684 -0.005518 -0.667293 -0.733880 -0.098628 -1.003031 0.173168 -0.251395
-0.029474 -0.570505 -0.231492 -0.964256 0.502013 -0.805865 0.090915 -0.367160
0.219521 -0.712270 0.245753 0.023287 -0.689083 -0.461533 -0.332497 -0.440273
-0.989695 -0.117262 -0.264105 -0.063546 -0.255744 -0.345392 0.115351 -0.389633
0.581859 -0.704359 0.954146 -0.521879 0.220722 -0.521438 0.436135 0.746766
0.203767 -0.339099 -0.017581 -0.864728 0.100157 0.468384 0.219549 0.331502
-0.299934 -0.445022 0.439850 -0.028960 0.001827 -0.639622 -0.142870 -0.721317
0.070554 -0.547751 0.494613 -0.422033 1.014269 -0.059010 -0.330524 -0.142942
-0.189099 0.041549 -0.409523 0.088497 0.448099 -0.870359 -0.212408 -0.094909
0.418039 -0.159579 0.006630 -0.826989 0.455242 0.252863 -0.014921 0.118924
-0.683769 -0.659018 0.336887 -0.379364 0.248220 0.064135 -0.117675 0.484889
-0.210287 -1.305829 -0.157153 -0.671339 0.241232 -0.144425 -0.012377 -0.150722
-0.039188 -0.780338 0.096454 -0.266981 0.646773 -1.407637 -0.596252 -0.708222
0.257678 0.176555 -0.327324 0.030586 0.601988 -1.055785 -0.465162 -0.499052
-0.058478 -0.615736 -0.040737 -0.428627 1.144820 -0.811802 -0.081064 -0.115172
0.691643 -0.488439 -0.168074 -0.716181 0.981139 -0.202623 -0.376890 -0.277114
-0.909816 -0.139030 -0.063111 -0.045277 0.820761 -0.332781 -0.335011 -0.625435
-0.994059 -0.134010 -0.067500 -0.156840 0.738792 -0.110461 -0.385863 -0.596000
-0.983804 -0.235007 0.119543 0.063802 0.617975 -0.287449 -0.409270 -0.471870
-0.939530 0.096687 -0.106771 -0.084906 0.801958 -0.197937 -0.217952 -0.792462
-0.502349 -0.540035 -0.279148 -0.094559 0.457021 -0.478655 0.054434 -0.417666
-0.975310 -0.156713 -0.114527 -0.208914 0.932364 -0.147944 -0.075536 -0.719323
-0.894309 -0.102171 -0.086663 0.121012 0.762005 -0.242080 -0.186261 -0.774393
-0.943129 -0.256457 0.034264 -0.067198 0.947061 -0.375676 -0.313296 -0.527222
-1.135500 -0.134320 -0.271347 -0.119901 0.867343 -0.336761 -0.237016 -0.535909
-0.641616 -0.225717 0.079257 -0.152113 0.446837 -0.144349 -0.035030 -0.726983
-0.921042 -0.258841 0.006526 -0.138177 0.915214 -0.326559 -0.325281 -0.562604
-1.152278 -0.282792 -0.268667 -0.103156 0.842297 -0.396616 -0.291482 -0.428871
-0.931334 -0.064100 -0.124833 -0.028143 0.829627 -0.287131 -0.287573 -0.757311
-0.870230 -0.105659 0.042111 -0.061037 0.912528 -0.416877 -0.267990 -0.600281
-1.079138 -0.162914 -0.083246 -0.078315 0.860818 -0.204140 -0.288955 -0.546959
-0.949420 -0.138130 0.011603 -0.119308 0.932065 -0.312171 -0.246042 -0.601162
-1.191699 -0.062010 -0.114719 -0.274717 1.007564 -0.453665 -0.011749 -0.501215
-1.010942 0.094781 -0.067652 -0.127694 0.776060 -0.168814 -0.180716 -0.757572
-0.936971 -0.119037 -0.170409 -0.095446 0.862659 -0.269166 -0.256602 -0.688043
-1.015235 -0.794911 -0.061886 -0.581839 1.190717 -0.130182 -0.605321 -0.671370
-0.875803 -0.273211 0.026938 -0.223444 0.882527 -0.123358 -0.301766 -0.676658
-0.731472 -0.442284 -0.004202 -0.221658 0.355041 -0.326679 0.539432 0.017824
-1.045311 -0.122011 -0.281321 -0.028725 0.801285 -0.358879 -0.351397 -0.572040
-0.860117 -0.265048 -0.012646 -0.218592 0.687250 0.060741 -0.349192 -0.669484
-1.139618 -0.254087 -0.255117 -0.075301 0.868328 -0.430832 -0.302454 -0.439107
-0.944027 0.001951 -0.121981 -0.209088 0.681043 -0.245267 -0.446868 -0.645906
-1.050066 -0.123521 -0.253451 -0.063908 0.698301 -0.093025 -0.313992 -0.643564
-0.619186 -0.473027 0.191327 -0.080128 0.468154 0.019120 -0.222240 -0.757791
-0.815219 -0.242269 0.013584 -0.193219 0.769962 -0.077307 -0.375255 -0.638732
-0.765986 -0.204820 0.005839 -0.175657 0.759372 0.201288 -0.329612 -0.653835
-0.763722 -0.236908 -0.060756 0.089099 0.817314 -0.236931 -0.291010 -0.684301
-0.851848 -0.451993 -0.352627 -0.082940 0.751001 -0.428151 -0.366092 -0.266903
-0.726777 0.082054 -0.191230 0.059018 0.599710 -0.376543 -0.403659 -0.902765
-0.895779 -0.029440 -0.070557 -0.174376 0.696305 -0.038234 -0.360986 -0.758575
-0.882424 -0.015952 -0.102175 -0.099834 0.778841 0.017341 -0.155833 -0.902451
-1.052365 -0.142712 -0.304095 -0.193000 0.883866 -0.179618 -0.088690 -0.677646
-0.987353 0.006303 -0.267908 0.025855 0.669129 -0.064442 -0.216554 -0.774824
