0.216646 -0.031485 0.295543 -0.050584 -0.239890 -0.344666 0.408181 0.364123
-0.073468 -0.956403 -0.022295 0.033212 0.382266 0.327078 0.034953 -0.003559
0.144796 -0.674079 0.689783 0.039513 1.165639 -0.249631 -0.234003 0.025020
0.354376 -0.161794 -0.916956 -0.142639 0.244763 -0.633127 0.751131 0.563970
0.487082 0.292585 0.227694 -0.538629 0.621286 -0.314963 -0.701583 -0.708927
-0.559170 0.559759 0.039682 0.096566 0.444940 -0.361246 -0.292231 0.262610
-0.042450 -0.751276 0.399930 -1.074164 0.915201 -0.113072 -0.207267 -0.935263
-0.419280 -0.145770 -0.701068 -0.286559 -0.125921 -0.590261 -0.300890 -0.229273
0.079108 -0.590909 -0.313768 -0.058470 0.849900 0.077005 -0.285278 -0.167501
-0.161301 -0.838306 -0.123262 -0.271087 0.007221 -0.235952 -0.061259 0.456203
0.299183 -0.196864 0.165636 -0.720088 0.913447 -0.658574 -0.052981 -0.013600
0.254832 -0.164289 -0.449557 -0.436294 0.925175 -0.503129 0.580412 -0.073934
-0.633843 -0.034796 0.648449 -0.692876 -0.632883 0.173208 -0.265486 -0.561336
-0.034293 -0.964532 0.384942 -0.655066 0.599605 0.392614 0.830209 -0.035411
0.197774 0.676983 -0.852054 -0.263955 0.354982 -1.327833 -0.384837 0.230871
0.221129 -1.436159 0.303976 -0.717208 -0.177050 0.312903 0.470426 -0.345826
0.256093 -0.510955 -0.769904 0.242248 0.115550 -0.529830 -0.520114 0.411835
-0.762364 -0.756572 0.053620 0.295655 0.176026 -0.794386 -0.105626 -0.729193
0.495187 -0.959737 -0.449801 -0.966080 0.383352 -0.755631 -0.497941 -0.957066
-0.262420 -0.863566 0.431439 -0.777000 0.518886 -0.369949 -0.552309 -0.717176
-0.323831 -0.279705 0.210234 -0.507534 0.009918 -0.733423 -0.637461 -0.605852
0.014407 -1.004082 0.371930 -1.485428 1.174458 -0.214343 -0.294812 -0.194038
-0.954618 -0.693427 -0.127009 -0.829771 0.028020 -0.689520 -0.630118 -0.398264
0.176078 -0.150543 0.489286 0.056166 0.659664 -0.433703 -0.697911 0.186681
-0.331773 -0.688851 0.167316 -0.196150 -0.073324 -0.015673 -0.158796 -0.336868
-0.578473 -0.717298 0.511624 -0.700419 -0.177368 -0.612507 -0.543386 -0.433426
0.089309 -0.609992 0.407131 -1.242838 0.738981 -0.330620 -0.351821 -0.313466
-0.346885 -0.171299 0.399883 -0.767679 0.407180 -0.325009 -0.303500 -0.422315
-0.186143 0.101181 -0.167139 -0.466861 -0.490175 -0.675296 -0.190135 -0.311124
0.255541 -0.413642 -0.791579 -0.408799 0.791217 -0.871853 -0.403952 -0.353134
-0.230043 -0.733258 0.697901 -1.150996 0.212412 0.252271 -0.232272 0.494347
-0.203770 -0.300796 0.265021 -0.414926 0.203705 -0.257004 -0.121816 -0.481716
-0.237314 -0.618203 -0.194611 -0.721128 0.642407 -0.320943 -0.164962 -0.904001
0.263850 -0.012412 -0.160171 -0.759188 0.006108 -0.635080 -0.436569 -0.650457
-0.592898 -0.568396 0.216172 -0.436738 -0.481287 -0.736737 -0.357653 -0.820342
-0.088826 -0.202341 0.076841 -0.355518 0.703723 -0.954155 -0.880201 -0.457299
0.017331 -0.497106 0.290291 -1.127531 -0.011916 -0.641990 -0.515665 -0.451252
-0.519009 -0.920026 -0.374446 0.091587 0.521570 -0.315682 0.042905 0.881132
0.157721 -0.024000 -0.364811 -0.146959 0.525468 -0.666865 0.210300 -0.412345
0.205022 -0.144755 0.043638 -0.573752 -0.685170 0.485177 0.298941 0.410324
-0.064267 -0.932733 -0.309616 -0.476535 0.563578 -0.013813 -0.137569 -0.010891
0.281668 -0.970704 -0.114763 -1.106406 0.419373 -0.316224 0.212799 0.385037
-0.171209 -0.086713 -0.543728 -0.575685 0.539206 0.061118 0.308446 0.313828
0.959077 -1.135097 -0.198555 -0.480158 -0.008897 -0.707899 0.390237 0.017729
-0.198092 -0.513501 -0.279471 0.169464 -0.161064 -0.618085 -0.367996 -0.549174
0.705323 -0.419746 0.405410 -0.750620 0.070846 0.216785 0.307611 0.158066
-0.047318 -0.686303 0.084270 0.150726 0.023820 -0.126456 -0.321688 -0.382267
0.033601 -0.615258 0.302567 -0.554237 0.404473 -0.233434 -0.482740 -0.021146
0.174149 -0.931525 -0.285664 -0.118565 0.806836 0.071709 -0.287282 -0.094317
-0.266593 -0.176135 0.388022 -0.648993 0.703938 -0.272344 0.565243 -0.193817
-0.075969 -0.634774 -0.779236 -0.067874 0.556830 -0.251729 0.790758 0.413272
-0.436949 -0.780890 -0.197120 -0.359249 0.629339 -0.180045 0.710634 0.691779
0.459373 0.377956 0.287652 -0.578707 0.842155 -0.520608 -0.435677 0.040559
0.181618 -0.344876 -0.275985 -0.772202 -0.703586 0.058132 0.382920 0.655031
-0.046882 0.054667 0.043690 0.052353 -0.163955 -0.339401 0.354547 0.209184
0.157924 -0.003788 0.025391 -0.330749 0.128180 -0.347392 0.721515 0.460657
0.133904 0.161781 0.819072 -0.079274 -0.509692 -0.112871 0.251161 -0.264086
-0.022449 -0.966932 -0.169552 0.039385 -0.009450 -0.213570 0.241334 0.025142
0.005219 -0.185254 -0.194436 -0.207253 0.234197 -0.428241 0.235769 -0.121474
0.162643 0.229894 -0.755112 -0.117709 0.695918 -0.510488 0.543859 -0.303265
-0.597470 -0.492791 -0.050272 -0.048650 -0.280638 -1.004090 0.738711 0.137896
-0.488284 -0.321167 -0.479574 -0.214833 -0.620756 -0.404803 0.556060 0.540782
-0.092830 -0.672707 -0.572384 -0.028754 0.267782 0.228673 0.415674 0.417062
-0.640583 -0.251589 -0.512228 -0.387665 0.022507 -0.134453 0.427528 0.423093
-0.339746 -0.032330 0.856184 0.163051 0.093280 0.211489 -0.752203 -0.054361
-0.296421 0.343815 -0.110324 -0.166129 -0.039375 -0.654215 -0.499741 -1.341211
0.181275 -0.485580 0.175973 0.045670 1.325921 -0.009041 0.291712 0.250573
0.364392 -0.689218 -0.696442 -0.061239 1.104719 -0.347211 0.007608 0.074087
-0.354385 -0.306004 -0.065053 -0.396739 1.215806 -0.178232 0.019876 0.505357
0.095109 -0.923946 0.273680 -0.511653 1.513829 0.044883 -0.263893 -0.086974
0.213922 -0.698379 0.222090 -0.671859 0.565811 -0.439418 0.136791 -1.218450
0.145223 -0.844878 -0.385973 0.048502 1.050899 -0.461878 0.279660 0.141677
0.623002 -0.509883 0.533938 -0.900672 -0.781755 0.213905 0.405436 0.050056
0.444939 -0.264149 0.204616 -0.637167 0.293388 -0.323107 0.140309 -0.374893
0.221776 -0.210214 0.583652 0.514451 -1.038695 -0.308985 -0.341102 -0.054259
0.478231 -0.267759 0.447977 -0.143488 0.888649 -0.003043 -0.314114 -0.235855
0.166162 -0.268772 -0.108255 -0.132917 -0.003035 -0.322212 0.224780 -0.474163
0.134576 -0.720742 -0.631310 -0.532620 0.097668 -0.070282 0.259099 -0.040724
-1.086654 -0.028598 -0.290232 -0.001255 0.664819 -0.094849 -0.301939 -0.681467
-1.064041 -0.141968 -0.176047 0.071105 0.727502 -0.173386 -0.375409 -0.664057
-1.028763 -0.036209 -0.141868 0.254764 0.680550 0.141786 -0.389912 -0.810525
-1.030861 -0.071756 -0.233514 -0.216946 0.847196 -0.133438 -0.188136 -0.849479
-0.760246 0.226435 -0.236517 0.224426 0.459522 -0.126968 -0.189771 -0.274692
-0.976845 0.004894 -0.088674 -0.137025 0.573730 0.135292 -0.340553 -0.939377
-0.781662 0.049643 -0.122995 0.163267 0.643077 -0.289106 -0.545895 -0.564799
-0.768153 -0.137390 0.175660 0.092094 0.822334 -0.518447 -0.351772 -0.407286
-0.306210 -0.047857 -0.179804 -0.040241 0.150440 -0.087206 0.529479 -0.309669
-0.928847 -0.118326 -0.130628 -0.058844 0.700217 -0.112610 -0.391074 -0.657823
-0.765053 0.300206 -0.322267 -0.403565 0.558083 -0.847456 -0.180032 -0.345916
-1.057082 -0.332504 -0.006902 -0.248068 0.851440 -0.142309 -0.201661 -0.625112
-1.038551 -0.174612 -0.144940 -0.257848 0.876303 -0.348267 -0.340227 -0.522116
-0.939243 -0.282734 -0.118222 -0.017944 0.937180 -0.435385 -0.284992 -0.422187
-1.097386 -0.199295 -0.383632 -0.069634 0.834724 -0.399630 -0.245485 -0.477268
-0.697797 0.135494 0.032484 0.065496 0.659950 -0.007107 -0.386005 -0.976949
-0.927260 0.068140 -0.103618 0.127318 0.681797 -0.142314 -0.383847 -0.841286
-1.243513 -0.128353 -0.317140 -0.097052 0.934400 -0.580184 -0.190569 -0.370753
-0.690116 0.576674 -0.053267 0.093253 0.287046 0.072797 -0.375356 -0.780465
-0.931784 -0.160299 0.001074 -0.091572 0.733708 -0.186753 -0.312102 -0.564716
-0.990619 -0.153991 -0.288386 -0.106736 0.393811 0.291754 -0.334938 -0.666598
-0.643568 0.637665 -0.111460 0.239743 0.591063 -0.456658 -0.291552 -0.250940
-0.953602 0.057336 -0.112379 0.159010 0.713326 0.001315 0.050646 -1.048779
-0.926919 -0.265417 -0.016817 -0.281154 0.696538 -0.094831 -0.447352 -0.549735
-1.132737 -0.294721 -0.317616 0.161835 1.008249 -0.215893 0.148905 -0.098139
-0.207917 0.083269 -0.184412 0.173672 -0.183881 -0.305924 -0.237087 0.260399
-1.059272 -0.025818 -0.478879 -0.345773 0.733303 -0.152808 0.138520 -0.464559
-1.177995 -0.265746 -0.297197 -0.114414 0.789796 -0.396834 -0.233407 -0.403915
-0.604135 0.124915 0.060232 0.258316 0.563767 -0.302513 -0.186304 -0.756226
-1.092607 -0.167941 -0.167454 -0.105437 0.844842 -0.241914 -0.269550 -0.582901
-0.747126 -0.147399 0.023242 -0.132756 0.989010 -0.317838 -0.189298 -0.740476
-0.933127 -0.062531 0.011158 -0.110987 0.839764 -0.264870 -0.306371 -0.687925
-0.918151 -0.052477 -0.095571 -0.031531 0.843115 -0.070409 -0.093230 -0.875332
