0.279936 -0.088241 -0.290198 -0.342772 0.242327 -0.177827 -0.374968 0.043011
0.226977 0.051382 0.008207 -0.013539 0.517727 -0.588020 -0.044251 -0.249594
-0.226226 -0.085837 -1.053541 0.075550 0.454970 -1.165780 0.135191 -0.194761
-0.032531 -0.595766 0.033331 -0.531758 1.063113 -0.459029 -0.071823 -0.555055
0.145065 -1.037045 -0.144061 -0.697597 1.517535 0.058154 -0.296764 -0.321726
0.283177 -1.278800 -0.095467 -0.808465 1.053052 -0.518496 -0.050574 -0.046725
-0.765374 0.225886 -0.822183 0.255434 -0.149614 -0.895406 -0.136023 -0.470047
0.817411 -0.102322 0.304546 -0.354254 1.112675 0.171734 -1.013650 -0.651300
0.059169 -0.545703 -0.230714 -0.338179 0.445527 0.043644 0.339910 0.529285
0.068280 -0.787470 -0.199957 -0.417453 1.394428 -0.189456 -0.412478 -0.303378
0.543242 -1.347863 0.197483 -0.485595 0.458701 -0.234727 -0.050319 -0.294979
0.484045 0.042304 -0.086804 -0.787515 0.836844 -0.103324 -0.663832 -0.132896
0.555816 -0.746326 0.031958 -1.016423 1.288272 -0.324561 -0.947665 -0.769382
0.322876 -0.906327 -0.100251 -0.177295 0.749958 -0.161870 -0.291793 -0.345561
0.613129 -1.503282 -0.648532 -0.089564 0.636208 0.067240 -0.103384 -0.065482
0.305549 -1.028577 0.118401 -0.741662 0.896932 -0.460384 -0.357169 0.439570
0.322289 -0.488138 0.085910 -0.226727 -0.058546 0.040792 0.299378 0.522447
0.236250 -0.927002 -0.101174 -1.101660 0.334678 0.995475 0.212134 0.428989
-0.042357 -0.623463 0.039796 -0.528445 -0.051006 -0.398855 -0.068639 -0.124961
0.137394 -0.090751 0.691328 -0.241718 0.629907 -0.103490 -0.794303 -0.098330
-0.026166 0.379268 0.616436 -0.845783 0.737856 -0.334882 -0.225698 -0.276183
-0.899311 0.359636 -0.374042 -0.340420 -0.598929 -0.204702 0.770394 0.170935
0.070855 -0.406477 -0.585820 -0.452190 0.391218 -0.659547 0.065560 -0.490645
0.283281 -0.854262 0.665284 -0.636708 0.812015 0.195458 0.129578 -0.104716
0.545889 -0.721243 0.390858 -0.451742 0.526672 -0.562237 -0.990769 -1.093044
-0.722286 -0.839812 0.068618 -0.244726 -0.325439 0.076039 0.041551 0.175112
-0.909558 -0.485088 0.235271 -0.807104 -0.641468 -0.259148 -0.591625 0.022239
0.632040 -1.189505 -0.325892 -0.470974 0.801766 0.615098 0.324966 -0.118836
-0.092885 -0.660978 -0.170230 0.224336 0.956789 -0.115600 0.220579 -0.180377
0.394838 -1.544288 0.253595 -1.424996 0.375156 0.570029 -0.287669 -0.003506
0.441548 -0.472928 -0.270838 -0.290825 1.243598 0.029399 0.038526 -0.151084
-0.337569 -0.662556 -0.440991 -0.439625 0.904703 -0.261435 0.141874 0.525490
0.264935 -0.531957 -0.026247 -0.081923 1.174311 -0.536991 0.158400 -0.166815
0.558848 -0.692522 0.014108 -0.929812 0.772376 0.515426 -0.715546 -0.163872
-0.403845 -0.381637 -0.472242 -0.243105 0.676528 0.656081 1.092913 0.379741
0.750454 -0.906653 -0.170148 -0.621474 0.533135 0.245013 0.035426 0.404256
0.134029 -0.561587 -0.428761 0.158233 0.968453 0.040962 0.177260 0.064883
0.335502 -0.567231 -0.254771 -0.464843 0.828541 -0.474286 0.168188 -0.543232
0.009016 -0.157599 0.883771 0.260042 0.581956 0.544229 -0.894718 -0.113151
-0.416140 -0.621060 0.292622 -1.327197 1.118185 0.028661 -0.481525 0.246953
0.363234 -0.741930 0.080093 -0.158136 1.406578 -0.016112 -0.547752 -0.128362
-0.169331 -0.832144 0.645429 -0.995716 1.007259 -0.561392 -0.161849 -0.485426
0.242422 -0.856038 0.098975 -0.697371 0.961946 -0.196446 -0.089683 -0.481009
0.137285 -1.013934 0.619244 -0.836158 1.363391 -0.178642 -0.305316 -0.459945
0.138640 -0.940330 0.435335 -1.002007 1.113817 -0.104201 -0.076350 -0.425940
-0.018389 -1.138587 0.123100 -0.925048 1.396201 -0.104462 -0.522122 -0.402878
-0.649480 -0.457793 -0.302169 -0.453650 1.032887 -0.258796 0.402322 0.357838
-0.165557 -0.834341 0.799839 -0.079788 -0.112567 -0.079168 -0.464730 -0.399938
0.061127 -0.819548 -0.026585 -0.743292 1.337569 -0.092833 -0.133688 0.140412
-0.015750 -0.725955 -0.117635 -0.758443 1.411580 -0.539596 0.086401 -0.144324
0.085787 -0.398106 0.295970 -0.563052 0.736169 0.111234 -0.602021 -0.279314
0.282850 -0.457798 0.193483 -0.373557 1.233239 -0.169435 -0.341214 -0.252956
0.056902 0.185416 -0.227989 0.521829 -0.543617 -0.813230 0.429193 0.337239
0.149865 -0.622721 0.044121 -0.792564 1.271950 -0.226334 0.030083 -0.051497
-0.150439 -0.223533 -0.386759 -0.011281 -0.156991 -0.239701 -0.062043 0.087778
0.373865 -0.628883 0.085404 -0.722870 1.180480 0.067260 -0.245165 -0.112315
0.377099 -0.238247 0.257460 0.055408 0.738946 -0.497483 0.411465 0.137727
0.675871 -1.580401 -0.289791 -0.581833 0.712440 -0.467728 -0.418351 0.015901
-0.105313 -0.934990 0.953457 -0.644082 -0.362834 -0.498660 -0.958277 -0.201409
0.871655 0.830781 0.042855 0.060586 0.688538 -0.239795 -0.967784 -0.589768
0.176287 0.064393 0.859619 0.201644 0.758821 -0.232681 0.346210 0.386050
-0.477158 -0.632686 0.436917 -0.507837 -0.335352 -0.606929 -0.643790 -0.877954
-0.689020 -0.014787 0.242755 -0.537422 -0.581724 -0.817390 -0.438591 -0.726071
0.177358 -0.382324 -0.377784 -0.171564 0.649733 -0.414227 -0.408747 -0.265920
0.463069 0.390699 0.355622 -0.539201 0.259469 -0.930359 -0.769995 0.320594
0.353048 -0.246416 -0.192185 -0.603300 0.487792 0.033853 -0.178039 0.207463
0.007073 -0.584115 0.231150 -0.501642 1.419541 -0.798617 -0.490753 -0.573253
-0.016375 -0.535388 -0.247049 -0.053193 0.120190 -1.076669 -0.490688 0.097735
-0.361493 -0.391229 -0.353707 -0.759335 1.114006 -0.060211 -0.888158 0.022893
0.031762 -0.421105 -0.642197 -0.515867 1.098539 0.021210 -0.883545 -0.038695
0.423466 0.411352 -0.342517 0.348597 0.338113 -0.290068 -0.167697 -0.525007
0.155774 -0.990809 0.886701 0.117166 -0.914633 -0.031457 -0.472342 -0.200133
-0.147721 -0.000280 -0.571894 -0.074673 0.220399 -0.677505 0.049913 -0.495761
0.319673 -0.731086 0.131778 -0.552343 0.903638 -0.895045 -0.494929 0.018322
0.303004 -1.018888 0.775492 -0.997912 0.373263 0.121423 -0.691676 -0.257437
0.469716 -1.123036 0.066040 -1.095154 0.840445 -0.170682 -1.020648 0.140823
0.314875 -1.559879 -0.056437 -0.858202 0.509325 -0.126660 -0.122871 -0.502570
-0.308094 -1.169546 -0.115485 -0.782266 1.520626 -0.359390 -0.412068 -0.437067
0.048880 -0.586563 0.181178 -0.701755 1.253954 -0.111397 -0.726712 0.241282
0.600161 -0.691717 0.059698 -0.511097 0.911494 -0.264221 -0.131578 0.124352
0.640771 -0.816193 -0.055567 -0.591300 0.081430 0.610509 -0.481589 0.176078
0.755956 -0.240220 -0.312557 -0.431743 0.348729 0.003197 -0.260672 0.203001
1.202042 -0.607620 0.030396 -0.413381 -0.498094 -0.503018 0.073597 -0.596767
-0.130486 0.078068 0.107728 -0.013789 -0.308610 -0.012101 0.540723 0.534421
-0.003272 -0.294927 0.040688 0.046984 0.214225 0.014915 0.086215 0.062427
0.036392 -0.369534 -0.194376 -0.357932 -0.062032 0.521729 0.709211 0.767181
0.001816 -1.067484 0.290794 -0.696314 0.180124 0.329039 -0.241858 0.329310
-0.237872 -0.799120 0.242437 -0.153408 0.904317 0.053508 -0.393554 0.492829
0.634729 -0.654316 0.066567 -0.248404 -0.599004 0.025406 -0.020235 0.058538
0.516283 -1.336091 -0.027049 -0.143500 0.278822 0.315263 0.418481 0.122136
-0.239626 -0.771270 -0.069870 -0.892506 0.848096 -0.362917 -0.051945 -0.744823
0.228786 0.347551 -0.025072 -0.109148 0.328908 -0.238356 -0.145950 -0.397489
0.009820 -0.824705 -0.018860 -0.362160 0.272114 -0.056236 0.538730 0.236040
-0.088342 -0.833255 0.740936 -0.293032 0.140219 -0.307928 -0.220433 -0.051689
0.081686 0.094956 -0.392574 -0.747143 0.101542 0.040115 0.597820 0.527860
-0.418797 -0.898221 0.701583 -0.451889 0.328509 0.113338 -0.538272 0.092320
-0.930227 -0.216285 -0.061669 -0.011660 0.961192 -0.423040 -0.124572 -0.524493
-0.929991 -0.351730 -0.369284 -0.198922 0.396453 -0.106158 -0.389946 -0.452194
-0.862065 0.247683 -0.008926 0.262915 0.564490 -0.282982 -0.065762 -1.014108
-0.860739 -0.138067 -0.173749 0.181505 0.866275 -0.233700 -0.325927 -0.639768
-0.537722 -0.018801 0.086409 -0.259879 0.672121 -0.383955 -0.385982 -0.723192
-0.943996 -0.129262 -0.170804 -0.119624 0.745578 -0.042339 -0.278290 -0.710045
-0.509904 -0.369156 -0.114019 0.261262 0.957216 -0.322334 -0.471517 -1.043369
-0.972868 -0.112659 -0.211038 -0.054494 0.717183 -0.050385 -0.253577 -0.705841
-1.008873 -0.079753 -0.148194 -0.081390 0.855777 -0.271895 -0.233578 -0.684379
-1.016078 0.226655 -0.015431 0.274227 0.591274 -0.385956 -0.075969 -0.977587
-0.492491 -0.237267 0.011509 0.229720 0.816620 -0.216177 -0.011455 -0.335988
-0.712695 0.088002 -0.266982 -0.015163 0.732668 -0.124491 -0.113552 -0.594863
-1.066127 -0.004024 -0.247447 -0.085692 0.831686 -0.285378 -0.220942 -0.685878
-1.102416 -0.086962 -0.267358 -0.170676 0.858821 -0.288206 -0.209942 -0.606188
-1.031723 -0.045099 -0.198283 -0.143842 0.877602 -0.286075 -0.200017 -0.677874
-0.871202 -0.058101 -0.204547 -0.000583 0.724333 -0.261864 -0.218911 -0.818276
-1.138348 -0.147843 -0.252588 -0.041760 0.803693 -0.375723 -0.296956 -0.472778
-0.988169 0.206204 -0.152154 -0.031738 0.629899 -0.187400 0.192525 -1.012643
-1.060954 -0.292300 -0.125070 -0.169200 0.813155 -0.139077 -0.257852 -0.535824
-1.250758 0.139921 -0.398232 0.046581 0.895169 -0.396056 0.024403 -0.712869
-0.961305 -0.222417 -0.065192 -0.218403 0.779518 -0.040241 -0.265999 -0.653704
-1.112314 0.045025 -0.332983 0.009640 0.799684 -0.297080 -0.238028 -0.678352
-0.924160 0.140320 -0.252525 0.256630 0.638814 -0.144550 -0.236095 -0.909771
-1.019376 -0.289223 -0.155693 -0.151086 0.699121 -0.136586 -0.401756 -0.455130
-0.744966 -0.226622 -0.107091 -0.102630 0.850626 -0.436622 -0.240885 -0.345108
-0.483798 0.598537 0.275397 0.287812 -0.072318 -0.056041 -0.414701 -1.165425
-1.046207 0.041582 -0.282208 -0.176950 0.514907 -0.016851 -0.420746 -0.656044
-1.077446 -0.087856 -0.004708 -0.163739 0.671693 -0.076006 -0.292457 -0.741423
