-0.546637 -0.246610 0.584748 0.251721 0.099706 -0.384575 -0.869613 -0.268833
-0.194425 -0.705515 0.283197 -0.574824 -0.097246 -0.395675 -0.244563 -0.772172
0.512275 -0.389134 -0.155303 -0.100209 0.400237 -0.099321 0.079654 -0.392317
0.830534 -0.888945 0.418836 -0.734122 0.111262 -0.121623 -0.458970 0.322592
0.280094 -0.985952 0.040867 -0.771581 0.230449 -0.518376 -0.124919 -0.203124
-0.186188 -0.848283 0.578887 -0.463425 0.852427 -0.056821 -0.609982 -0.333048
-0.369350 -0.725890 0.102919 -0.535202 0.093459 -0.374344 -0.029497 -0.825040
0.388502 0.268891 -0.272129 0.538073 0.077542 -0.410806 -0.324519 0.488779
-0.168906 -1.081227 0.017174 -0.808474 0.183079 0.503505 0.091725 0.235317
0.368747 0.055174 0.730942 -0.469982 0.580217 -0.206928 -0.278950 -0.395514
0.103868 0.075894 0.653981 -0.208473 0.990804 -0.377027 -1.089457 -0.386019
-0.710049 -0.420668 -0.045109 -0.357239 -0.305621 -1.029387 -0.232173 -0.909655
-0.066522 -1.308175 -0.396976 -1.003651 0.224819 -0.317171 0.054917 0.798283
0.436600 -0.793933 -0.363161 -0.435559 0.297348 0.312048 -0.005778 -0.884581
0.056798 -0.055332 -0.784596 0.036618 0.083689 -0.931145 -0.260790 0.607668
-0.343051 -0.630893 0.661065 0.241136 -0.451243 -0.349311 -0.394994 0.213253
-0.405431 -0.453699 -0.177468 -0.559185 0.131309 -1.026159 -0.526671 -0.351629
0.192637 -0.359169 0.743247 -0.525206 -0.430241 -0.579191 -0.455843 -0.147346
0.077453 -0.167899 0.246184 0.030724 0.819566 0.221796 -0.626901 -0.607220
-0.247456 -0.781176 0.332943 -0.348940 -0.358427 -0.580922 -0.326806 -0.041116
-0.073795 -0.624094 -0.149271 -0.822367 0.210968 -0.769670 -0.112055 -0.665650
-1.044817 -0.517566 0.166861 0.031107 0.504467 -0.653148 -0.268752 -0.536213
0.061155 -0.170752 0.781432 -0.222897 0.536799 -0.914757 -0.571084 -0.485756
-0.303348 0.208424 0.646240 0.058922 -0.315588 -0.605961 -0.519996 -0.477438
-0.431362 -0.416600 -0.324412 -0.358980 0.177996 0.080526 0.582755 -0.458658
-0.208365 -0.725733 0.404849 -1.056980 0.940427 -0.836485 -0.354751 -0.117124
-0.118396 -0.443727 0.244345 -0.836509 0.667992 -0.582515 -0.478543 -0.078598
-0.136449 -0.853288 0.296115 -0.949691 -0.622020 -0.432403 0.075916 -0.338413
-0.235668 -1.206022 0.575039 -0.993311 0.955768 -0.310387 -0.843944 -0.073150
0.323197 -1.580782 0.427922 -0.712113 0.528089 0.321389 0.025524 0.279287
-0.993660 -0.631294 0.274062 -0.312002 -0.141727 -0.465290 -0.605431 -0.534402
0.058449 -0.933125 0.523075 -0.477488 0.047007 -0.460539 -0.463733 -0.180586
0.636714 -0.598903 -0.067734 -0.941305 -0.311522 0.057055 0.136794 0.328973
0.312732 -0.275427 -1.000351 0.248575 0.070361 -1.828422 -0.014178 0.070124
0.053413 -0.379479 0.511286 -0.449310 1.296444 -0.280236 -0.885229 -0.510169
-0.261769 -0.707450 -0.343788 -0.929359 -0.181737 1.229764 0.666580 0.669941
0.021582 -0.562089 0.286050 -0.498523 0.735637 0.167919 -0.423863 -0.020224
0.593706 -0.229655 0.458166 -0.265876 0.897176 -0.364783 -0.334360 -0.120557
-0.056255 -0.629648 -0.097773 -0.031271 0.710971 -0.261529 0.142779 0.476818
0.322693 -0.815767 0.331248 -0.426726 0.668770 0.394311 -0.242224 -0.007520
0.616721 -0.867043 -0.478725 0.071927 0.864342 -0.056143 0.067393 -0.010918
0.612763 -0.620108 -0.345719 -0.886387 0.703186 -0.206092 -0.431397 -0.345039
0.825037 -0.960121 -0.202638 -0.453422 1.151405 -0.085253 -0.867352 -0.766024
0.097539 -0.975435 -0.025436 -1.108052 1.004522 -0.459365 -0.082941 -0.975434
0.317391 -0.996922 -0.219886 -0.882074 0.806075 0.498114 -0.034438 -0.039668
0.313692 -0.864775 -0.329112 -0.319440 0.079257 0.203735 0.158833 -0.177090
0.769181 -0.753686 -0.000224 -0.928220 1.622893 -0.155902 -0.703696 -0.240541
-0.193719 -0.491212 0.138514 -0.777839 1.346087 -0.499127 -0.536908 -0.137922
0.077642 -1.254179 0.297363 -1.159203 1.400569 -0.505067 -0.400640 -0.086230
-0.303126 -0.713268 0.421257 -0.293948 1.635781 -0.196623 -0.622227 -0.290156
-0.466742 -0.684841 0.623434 -0.232169 0.679773 0.313242 -0.490203 -0.438009
0.037681 -1.075631 0.159986 -1.154585 1.418648 -0.106730 -0.449245 -0.443678
-0.081030 -0.478897 0.498103 -1.027713 -0.246512 -0.473498 -0.372601 0.048274
0.165056 -0.386523 -0.522356 0.520203 0.648731 -0.570881 0.035927 -0.077557
0.715165 -0.847803 0.812167 -0.183441 0.552421 0.122508 -0.025797 0.046462
0.908733 -1.263824 -0.446452 -0.223205 0.595779 0.212428 -0.255679 0.422763
-0.058513 -0.435018 -0.091974 -0.273273 1.466971 0.208284 -0.071980 -0.211658
-0.268368 0.004874 -0.162059 -0.447751 0.848003 0.050149 0.471365 0.288631
-0.016822 -1.100382 0.223567 -0.800251 1.542233 -0.363348 -0.189075 -0.130469
0.196517 -1.147917 -0.086519 -0.711936 1.330096 0.048141 0.040336 0.298311
0.306504 -1.112400 -0.361183 -1.065309 0.989197 -0.527393 -0.088075 -0.179907
-0.159262 -0.155845 -0.657424 0.129874 0.539009 -0.035279 0.489930 0.075050
0.037674 -0.434274 0.254211 -0.123290 0.106648 -0.434355 0.187311 -0.282816
0.275055 -0.218114 -0.071394 -0.356384 0.548948 -0.450858 -0.369604 -0.061921
-0.748787 0.150044 0.471390 -0.587750 0.449677 0.239031 -0.101156 -0.261057
-0.072967 -0.404576 -0.216400 -0.025533 -0.195930 -0.129508 -0.233608 -0.308416
0.392300 -0.152261 0.860067 -0.741885 1.160719 0.147551 -0.983210 -0.396502
0.243451 0.043441 -0.379564 -0.631280 -0.025879 -1.105387 -0.339811 -0.688772
0.819010 -0.456269 0.598590 -1.241707 1.055640 -0.624027 -0.569759 0.085745
-0.015138 -0.128015 0.191917 -0.835047 1.243517 -0.046554 -0.482002 -0.204338
0.855082 0.472463 -0.373211 -0.536254 1.016177 -0.324426 -0.736047 -0.098370
0.463775 -0.628652 0.450162 -0.104782 1.156820 -0.491750 -0.605052 -0.088313
-0.144482 -1.074490 -0.544265 -0.949908 0.697568 -0.896478 0.047437 -0.132953
-0.781472 -0.872092 -0.203204 -0.847445 0.431047 -0.569747 -0.202611 0.257358
0.954644 -0.615891 0.792842 -0.240666 -0.977580 0.446809 0.286017 0.351530
-0.779031 -0.355081 0.280194 0.136185 -0.403180 -0.690290 -0.259734 -0.603920
-0.496473 -0.219227 -0.046347 -0.924819 0.085254 -0.136052 -0.126039 -0.585662
0.590361 0.369285 -0.455351 -0.482532 0.244935 -0.917459 -0.342753 -0.986209
-0.341727 -0.576069 0.765548 -0.696124 -0.408460 -0.406971 -0.421954 0.080668
-0.287980 -0.764407 0.246492 -0.468330 0.426142 0.269472 0.724868 0.166707
0.043329 -0.716141 -0.321807 0.056765 0.138021 -0.148354 -0.440292 0.165090
-0.177218 0.085457 0.146083 -0.816396 -0.510694 -0.633905 -0.530263 -0.686064
-0.795088 -0.652394 0.249311 -0.052100 -0.266562 -0.352262 0.538415 -0.372264
-0.426787 0.149057 -0.486562 -0.312141 -0.154071 -0.122018 0.728678 -0.460540
-0.267663 -0.275387 0.289194 -0.495929 0.010610 -0.770714 -0.247170 -0.839428
-0.135888 -0.671070 0.592300 -0.165713 -0.017503 -0.713267 -0.473144 -0.428539
-0.234827 -0.403139 -0.168513 -0.424490 -0.232041 -0.253027 0.124198 -0.744248
0.686919 -0.277169 -0.309551 -0.157050 0.317171 -0.445991 0.493490 0.431132
-0.692909 -0.377553 0.223286 -0.611173 -0.317854 -0.197140 0.056318 0.277059
-0.232322 -0.352052 0.274502 -0.211878 -0.220863 -0.198021 0.108431 0.066131
-0.063441 0.045814 -0.013442 0.478918 0.016849 -0.406662 0.238949 -0.085473
0.348080 -0.920016 0.328511 -0.580820 0.307306 -0.367824 -0.171518 0.203708
-0.666151 -0.300038 -0.180621 -0.292002 0.251685 -0.260547 0.130787 -0.266518
-0.313756 -0.968305 0.679970 -0.396055 -0.244033 -0.467067 -0.547415 -0.205100
-0.890020 -0.127430 0.006023 -0.258871 0.765965 -0.181822 -0.377413 -0.666107
-0.912697 0.135828 -0.559465 0.249044 0.420994 -0.468989 -0.229435 -0.680641
-0.432107 -0.241284 0.164721 -0.318124 1.116976 -0.575295 -0.343269 -0.553037
-0.966415 0.092320 -0.346357 -0.048598 0.628786 -0.711661 -0.153572 -0.352981
-1.156073 -0.414932 -0.245420 -0.025636 0.648648 -0.369327 -0.360577 -0.355010
-1.038227 -0.031436 -0.188920 -0.068446 0.837258 -0.289315 -0.296938 -0.775764
-0.417223 -0.229437 -0.254497 -0.070489 0.461189 -0.295048 -0.177276 -0.876428
-0.467234 -0.206479 -0.527252 -0.139121 0.837043 -0.186315 -0.189915 -0.302115
-0.560118 -0.372935 0.112644 -0.032947 0.530836 -0.022285 0.169379 -0.922442
-1.055690 -0.173820 -0.143497 -0.182990 0.776859 -0.340811 -0.285127 -0.428769
-1.109986 -0.143353 -0.162208 -0.197720 0.960129 -0.405512 -0.160000 -0.527216
-0.921894 0.128248 -0.272278 -0.227422 0.379520 0.162381 -0.409825 -0.808864
-1.003891 0.004175 -0.174852 -0.026897 0.674952 -0.086390 -0.305179 -0.780784
-0.933380 -0.047502 -0.095597 0.077055 0.788907 -0.244368 -0.325914 -0.767205
