0.097742 -0.787632 -0.394990 0.046643 0.416598 -0.694323 -0.162329 -0.277947
0.557777 0.271361 0.907861 0.122509 0.102518 -0.640601 -0.325238 -0.027745
-0.210461 0.209216 0.162105 -0.232354 -0.387083 0.236088 -0.109237 -0.633388
-0.007711 -0.547595 -0.355650 -0.207713 -0.147786 -0.620808 -0.685506 -0.912756
0.660316 -1.047510 -0.636621 -0.285331 0.525694 -0.599448 0.227992 -0.182539
-0.421522 -0.877111 0.251605 -0.236723 0.536093 -0.197037 0.135550 -0.209063
-0.127790 -0.111385 0.218423 -0.150098 0.537031 0.125312 0.120561 0.023488
0.570357 -0.509020 -0.061033 -0.960991 0.687291 -1.155044 -0.266230 -0.468062
-0.101902 -0.347266 -0.053337 -0.869245 0.754944 0.156230 0.556412 0.148856
0.056065 -0.174496 0.610124 -0.156311 0.349472 0.019729 0.159984 0.236067
-0.400105 -0.225381 0.314912 -0.561899 -0.826649 -0.915488 -0.534038 -0.936329
0.124861 -0.547926 0.268132 -0.224907 1.174208 0.133112 -0.238475 0.081630
0.628973 -1.346729 0.126819 -0.687629 1.269508 0.026361 -0.218712 -0.622367
0.559681 -1.370352 0.055524 -0.740398 1.700251 0.187230 -0.134655 -0.346416
0.512359 -0.872253 -0.112348 -0.467893 1.329891 0.044212 -0.015735 -0.219144
0.239109 -0.603540 0.122122 0.732009 0.821098 -0.463450 -0.679866 -0.508850
0.132443 -1.232341 0.160020 -0.440268 -0.209449 0.292188 0.382021 -0.523975
0.479841 0.270518 0.356925 -0.717865 -0.088195 -0.637347 -0.543798 -0.511385
-0.316970 -0.145389 0.047483 -0.308908 0.229473 -1.037594 0.376975 -0.227598
-0.243296 -0.450656 0.480672 0.219904 0.129791 -0.466465 -0.458898 0.278266
-0.931297 -0.181602 -0.341778 0.049472 0.000113 -0.854726 -0.306223 0.222109
0.156373 -1.070064 -0.084284 -0.787956 0.915903 -0.324432 -0.201342 -0.201460
-0.089721 -0.207820 0.551195 -0.800676 1.135859 -0.242932 -0.373667 -0.333937
-0.657241 0.343328 0.345323 1.015233 0.096438 -1.434341 -0.187441 -0.506063
-0.152878 -0.416399 0.266193 -0.285628 -0.229261 -0.317281 -0.865066 -0.708310
0.376538 -0.245038 -0.278105 -0.590874 0.533624 -0.819863 -0.765075 0.468782
0.289345 -0.311291 0.160726 -0.350073 0.028315 -1.090625 -0.938299 0.134652
-0.362904 -0.858779 -0.597245 -0.265161 0.285565 -0.928540 0.157173 -0.148647
-0.294516 0.373272 0.511119 0.457726 -0.153359 -0.403323 -0.451902 -0.551827
-1.336664 -0.563174 -0.265252 -0.063445 0.282088 -0.614136 -0.180509 -0.556105
-0.104203 -0.772503 0.362421 -1.348203 0.588172 -0.196086 -0.539883 0.061288
-0.245523 0.188720 -0.156977 -0.419380 -0.349776 -0.502263 -0.118724 -0.163760
0.208713 -0.335858 0.304048 -0.386653 0.431997 -0.493025 0.513368 0.196333
0.042292 -0.343744 -0.340425 -0.389144 0.040780 -0.985057 -0.485895 -0.763904
0.201828 -0.611092 0.488892 0.244048 -0.729397 0.005291 0.633787 0.654508
0.309826 -0.584635 0.203051 -1.170198 0.901736 0.462949 -0.907181 0.169790
0.369892 -0.518158 -0.103282 -0.955361 1.204771 -0.639229 -0.262967 -0.597491
-0.685627 -0.358946 0.065943 -0.034526 0.691144 -0.758279 -0.022704 -0.045087
0.195288 -0.757667 0.254643 -0.827438 0.712148 -0.987592 -0.192943 -0.260640
-0.136118 -0.552085 0.614744 -0.574902 0.767387 0.118226 -0.373131 -0.543691
0.051215 -0.405076 -0.196459 0.336493 -0.102799 -0.694460 -0.431511 -1.176708
-0.836424 -0.248029 -0.020849 -0.061233 0.719600 -0.022334 -0.325973 -0.610256
-0.654087 -0.023918 -0.009130 0.037779 0.979482 -0.396922 0.187006 -0.597064
-0.774252 -0.001513 0.040338 0.069682 0.874045 -0.245016 -0.103700 -0.739777
-1.057140 -0.270113 -0.180773 -0.118216 0.754321 -0.279783 -0.303980 -0.496472
-0.930895 -0.385540 0.075815 -0.223343 0.992739 -0.299967 -0.170071 -0.476637
-1.096368 0.403638 -0.265812 -0.242314 0.296682 -0.248542 -0.475798 -0.359174
-0.898624 0.000502 -0.166150 -0.013332 0.648899 -0.158983 -0.366635 -0.817239
-0.985101 -0.009568 -0.073735 -0.174677 0.790773 -0.085286 -0.012221 -0.401239
-0.737757 -0.122968 0.176371 -0.077079 0.871738 -0.358710 -0.266011 -0.561372
-0.860322 -0.036765 -0.163506 -0.138645 0.526317 0.257382 -0.243678 -0.897563
-1.020882 0.182359 -0.284208 0.145039 0.605302 -0.100244 -0.437016 -0.776403
-0.761129 0.228083 -0.261335 -0.362460 0.510224 -0.054683 -0.339972 -0.875310
-0.778231 0.172472 -0.255396 0.031620 0.551585 -0.039437 -0.186910 -0.662765
-0.975462 -0.148822 -0.027095 -0.115150 0.946273 -0.299721 -0.218115 -0.604586
-1.059854 -0.124182 -0.098738 -0.200166 1.019233 -0.386284 -0.088813 -0.588974
-0.976076 0.165202 -0.444021 -0.207500 0.228730 -0.001489 0.022194 -0.778386
-0.607685 -0.042142 0.044030 -0.007088 0.907225 -0.287392 -0.095410 -0.828680
-0.818084 0.158260 -0.093345 -0.133106 0.471108 -0.087323 -1.001072 -0.675554
-1.164880 -0.167327 -0.234538 -0.049205 0.736639 -0.439189 -0.431445 -0.404480
-0.759329 0.128418 -0.173209 0.220906 0.732483 0.010966 -0.456446 -1.131694
-0.465384 -0.539459 -0.653722 0.187298 0.157460 -0.653946 -0.263200 -0.330400
-0.944379 0.166206 -0.461367 0.220589 0.763786 -0.226910 -0.158867 -0.550596
-0.758897 0.309051 -0.689782 0.220430 0.332635 -0.779255 0.178614 -0.166252
-0.850950 0.111090 -0.167904 -0.148397 0.502630 0.019075 -0.345477 -0.801267
-0.910748 -0.075706 -0.089447 -0.175665 0.534308 0.039375 -0.199164 -0.748736
-0.906553 0.095290 -0.119043 0.116455 0.803511 -0.321045 -0.162697 -0.869360
-0.911004 -0.044464 -0.073425 -0.047740 0.942473 -0.352197 -0.162188 -0.752053
-0.968328 -0.191661 -0.044061 -0.103824 0.856337 -0.237196 -0.285846 -0.633075
-0.977425 -0.086138 -0.125326 -0.059041 0.847749 -0.252318 -0.271955 -0.708256
-1.086164 -0.507974 -0.804290 -0.295927 0.286315 -0.172753 0.049879 -0.481667
-0.337069 -0.492508 0.020102 -0.046139 1.073554 -0.500425 -0.250100 -0.494289
-0.892213 -0.043555 -0.062412 0.080300 0.573723 -0.153566 -0.073065 -0.640024
-0.967149 0.040979 -0.205239 -0.002309 0.667927 -0.027732 -0.288734 -0.833114
-0.913367 0.083486 -0.066469 0.083685 0.739595 -0.381872 -0.491678 -0.638240
-0.819608 -0.022252 0.048558 0.038888 0.684837 0.022267 -0.334240 -0.881945
-0.814380 -0.181312 -0.013817 -0.124178 0.842897 -0.125878 -0.214561 -0.728142
-1.001921 -0.128858 -0.167003 -0.078762 0.754657 -0.128129 -0.251163 -0.734189
-0.761875 -0.003388 -0.063021 -0.224102 0.530655 -0.250154 -0.490363 -0.560316
-0.739605 0.189339 -0.003458 0.183454 0.852726 -0.243630 0.014824 -0.978598
-1.150223 -0.027648 -0.463621 -0.116604 0.491613 -0.030594 -0.345160 -0.646477
-1.042890 -0.380682 -0.269248 -0.068183 0.666173 -0.390362 -0.286204 -0.487877
-0.901913 -0.367093 0.020123 0.017583 0.866760 -0.016809 -0.166123 -0.522425
0.225108 -0.617558 0.387760 -0.271002 0.848511 0.303233 -0.234222 -0.994643
-1.044397 0.220275 -0.233444 0.047923 0.565117 -0.082064 -0.120699 -0.792405
-0.902924 -0.003445 -0.139650 -0.035129 0.929704 -0.359728 -0.151942 -0.782194
-0.463732 -0.208423 0.189045 -0.104691 0.881784 -0.390736 -0.330817 -0.727060
