-0.120435 -0.122988 -0.384334 0.312027 0.396564 0.368264 -0.040299 -0.352436
-0.453679 0.501591 -0.252172 0.809044 -0.144343 0.335246 -0.093483 0.226417
-0.505236 -0.467687 0.146237 -0.901741 1.061289 -0.261795 -0.123023 -0.530052
0.749648 -0.887850 0.198959 -0.265283 0.493172 -0.475121 -0.972127 -0.751301
0.223024 -1.275202 0.115498 -0.843085 1.086971 -0.186028 -0.358373 -0.959083
-0.315692 -0.583590 0.773828 0.239898 -0.291901 -0.453310 0.323381 0.168121
0.082352 -0.271484 -0.027332 -0.472179 0.613829 -0.411484 0.215332 0.356079
-0.285758 -0.593991 0.988014 0.072092 -0.480249 -0.310147 0.300029 0.243054
0.149986 -0.935748 -0.027554 -1.125441 1.286646 -0.611381 -0.206787 -0.369817
0.507082 0.247386 0.142058 -0.452609 0.431810 0.217916 -0.368505 0.018907
0.307268 -0.163202 -0.173755 -0.427749 0.691353 -0.792317 0.034349 0.704881
0.279559 -0.324492 -0.318245 -0.407344 0.865241 -0.418732 0.097483 -0.504234
-0.655665 -0.908850 0.026308 -0.403932 0.508992 -0.683071 0.172905 -0.596170
0.121452 -0.115280 -0.347697 -0.865929 0.607776 0.019502 0.027030 0.779038
0.243876 -1.030019 0.080882 -0.331291 0.548679 -0.755531 0.022069 -0.141147
-0.059111 -1.175290 0.184311 -0.739951 1.581775 -0.489336 -0.582371 -0.024427
0.346647 -1.349810 0.274042 -0.466565 0.822116 -0.110295 -0.359405 -0.388215
0.228035 -0.868426 0.451575 -0.548642 0.675214 -0.474941 0.315634 0.258854
0.834232 -1.113691 -0.318650 -0.071824 0.432198 -0.150404 -0.014601 -0.340860
0.356538 -0.106806 0.295489 -0.115551 1.195605 -0.328395 -0.815439 -0.023450
0.490202 -0.723594 -0.045685 0.142313 0.975725 -0.756391 -0.376970 -0.392174
0.194164 -0.370561 0.726128 -0.631207 0.721097 -0.101739 -0.493355 -0.473329
0.764194 0.240435 -0.222647 -0.910827 -0.065766 -0.212875 -0.259700 -0.369830
0.575211 -1.539814 0.116147 -0.317907 -0.051438 0.483894 0.178179 -0.024854
0.525260 -1.377450 -0.145496 -0.418368 0.352084 0.297535 -0.011911 0.224208
-0.353427 -1.209492 0.136904 -1.283970 0.998987 0.193835 -0.441951 -0.005078
0.375370 -0.219592 0.222209 -0.085493 0.538675 -0.580779 -0.538997 -0.538102
0.462752 -0.920544 0.558185 -0.606440 0.816123 -0.398147 -0.274401 0.059922
-0.043952 0.364425 0.135206 -0.806304 0.465894 0.217089 -0.590135 -0.289008
-0.297084 -0.103365 -0.641783 -0.457791 0.124131 -0.447051 -0.411678 -0.745865
-0.398428 -0.564623 0.347785 0.037512 -0.103069 -0.289159 0.001016 0.288932
0.702074 -1.125448 -0.268355 -0.904968 0.200419 -0.820439 0.068822 -0.112128
-0.356537 -1.005640 0.269714 -1.136413 0.217642 -0.050365 -0.210963 -1.301923
0.314536 -0.441075 -0.802152 0.008406 0.338416 -0.797430 0.610720 0.999740
0.675407 -0.579247 0.717158 -0.991005 1.017917 0.227458 -0.267933 -0.409787
-0.354695 -0.815074 0.072090 -0.837456 0.604078 0.435388 -0.031482 -0.190157
0.090575 1.207163 -0.448229 0.471359 -0.344667 -0.445120 0.194645 0.164924
-0.456923 -0.582008 0.236960 -1.080344 0.761722 0.351145 -0.872874 -0.394849
1.041200 1.011110 0.349086 0.945114 0.812461 -0.687043 -0.959861 -0.083570
0.770265 0.019623 0.087699 -0.201375 0.782832 -0.506196 -0.286270 -0.060021
0.213212 0.511522 0.569459 -0.261769 0.928785 -0.324094 -1.141545 -0.219489
0.210170 -0.622100 0.056293 -0.764615 1.221495 -0.053179 0.047935 0.181487
0.531488 -0.735865 0.066235 -0.986666 0.909319 -0.148116 -0.917070 -0.203301
0.289135 0.229182 0.274191 -0.042732 0.597235 -0.482787 -0.923354 -0.411701
0.126736 -0.482706 -0.107236 0.068406 0.545919 -0.247416 -0.394793 0.494607
0.191374 -0.865460 0.109572 -0.770599 1.587686 -0.489607 -0.850134 0.059690
-0.268074 -0.726872 -0.158106 -0.443122 0.759433 -0.471794 0.250271 -0.157636
-0.012792 -0.917224 0.154411 -0.724526 1.239268 0.269677 -0.039212 0.279279
-0.092869 -0.436353 -0.089862 -0.789515 0.450864 0.737611 0.649260 -0.169035
0.326804 -0.597001 -0.039560 -1.103957 1.124951 -0.325361 -0.689897 -0.385005
-0.232517 0.373138 0.102882 0.226148 0.217257 -0.608922 -0.157637 -0.235310
0.671381 -0.873357 -0.108764 -0.446186 1.251993 -0.340925 -0.446264 0.130025
0.238710 -1.130486 0.195918 -0.609570 1.799808 -0.238617 -1.084609 0.015763
0.251215 -0.938510 0.321672 -0.755397 1.336868 -0.580814 -0.596597 0.153298
0.626795 -0.473035 -0.355744 0.001501 1.449710 -0.032959 -0.490513 -0.516420
0.283347 -0.434604 0.120520 -0.356649 1.434670 -0.445427 -0.384357 -0.244808
-0.360122 -0.207018 -0.686448 0.227199 0.604986 -0.550974 0.428116 -0.188471
-0.682634 -0.046227 -0.045647 -0.556780 -0.095490 -0.783167 -0.262156 -0.456246
-0.198080 -0.647365 0.133822 -1.000664 0.317154 -0.440467 -0.011859 0.967592
0.117605 -0.885031 -0.030501 -0.273976 0.948717 -0.309972 0.343892 0.021605
0.199067 1.050166 -1.146861 -0.198132 0.163657 -0.992924 0.519735 -0.207899
-0.684590 0.156225 -0.163173 -1.253866 0.337122 0.007771 0.370314 0.703568
0.024461 0.509164 -0.804718 -0.232815 0.283301 -0.118813 -0.178779 0.432396
-0.158551 -0.130832 -0.055010 0.260241 -0.158854 0.160966 0.418830 -0.257342
-0.770078 -0.775406 0.400828 -0.579944 0.295649 0.680982 0.290677 0.056301
1.092670 -0.258493 0.119278 0.217446 -0.171788 -0.644320 -0.361375 -0.450271
0.203755 -0.222791 0.077201 0.034464 0.194631 -0.206066 -0.040308 0.147045
0.375190 -0.547742 -0.258174 -0.312258 0.435519 -0.202466 0.009788 0.297322
-0.298214 -0.515091 -0.191046 -0.723781 0.887089 -0.536040 -0.152170 0.196575
0.508698 -0.071786 -0.322361 -0.144023 0.720160 0.340851 -0.062141 -0.087983
-0.958074 -0.404640 -0.458635 0.356253 0.719839 -0.258924 0.946837 0.308798
0.098885 -0.568287 0.016255 -0.523899 -0.120723 0.645238 0.142045 0.977771
-0.231977 -0.454716 -0.383272 -0.512664 0.816246 -0.500995 0.242864 -0.108652
0.483181 0.023236 0.247925 -0.247152 0.669115 0.085012 -0.616182 -0.586166
-0.268356 -0.388602 0.580755 -0.206344 1.247097 -0.267515 -0.100244 0.105613
-0.050383 -0.482984 0.171999 -0.237727 1.442789 -0.006685 0.150675 -0.027284
0.101833 -1.167888 -0.043971 -0.849621 0.421524 0.053044 -0.287711 -0.230459
0.208639 -0.645315 -0.216664 -0.248220 0.670052 -0.199656 0.103464 0.344346
-0.235145 -0.679913 0.290191 -0.211285 1.577900 0.088978 0.103326 -0.010787
-0.160123 -0.659762 -0.009414 -0.733461 1.151179 -0.247957 0.173554 -0.072431
-0.138995 -0.020052 -0.759687 -0.733942 0.531928 0.719340 0.706652 0.466784
-0.373036 -0.696791 -0.432936 -1.020175 0.345360 0.149424 -0.095947 0.439346
0.438333 -0.822842 0.561813 -0.221193 0.650048 0.280558 -0.410638 -0.367118
0.875644 -1.104390 -0.351234 -1.063693 0.732129 -0.043203 0.178731 0.288897
0.619231 -0.857867 -0.229172 -0.707857 -0.395304 0.167624 0.131813 0.646990
0.556658 -0.303707 0.080886 -0.272364 0.481898 -0.377357 -0.203962 -0.762834
-0.229972 -0.046406 0.299281 0.216585 0.156413 -0.085077 0.015852 0.286001
0.121708 -0.871504 0.353267 -0.311590 -0.003555 -0.131954 0.435560 0.670524
0.039289 -0.679686 0.108860 -0.284810 1.310974 0.220398 -0.286461 -0.224949
-0.224785 -0.414383 0.647664 0.443922 0.276799 -0.666076 -0.212809 -0.038894
-0.141356 -0.643631 -0.463735 -0.306025 0.408460 0.061935 0.611798 0.309400
0.078628 -0.680108 -0.556448 0.000194 0.329369 -0.558779 0.712355 -0.197433
0.742414 -0.651483 0.003012 -0.589621 1.309286 -0.048992 -0.459913 -0.817820
-0.315692 -0.583590 0.773828 0.239898 -0.291901 -0.453310 0.323381 0.168121
0.286236 -0.747328 0.438078 -0.933741 0.874342 0.490849 -0.289325 -0.856376
0.048091 -0.883669 0.062493 -1.098229 1.688193 0.073849 0.144716 -0.447932
0.786490 -0.613809 -0.632433 -0.142460 0.656589 -0.426142 -0.077986 -0.834504
-0.363523 -0.507915 0.059202 -0.315327 -0.066396 0.099080 -0.186518 -0.669840
0.307268 -0.163202 -0.173755 -0.427749 0.691353 -0.792317 0.034349 0.704881
0.389919 0.799051 -0.131028 -1.036784 -0.062790 -0.300582 -0.191596 -0.690452
-0.521478 -0.512446 0.156808 -0.368733 1.010678 -0.442312 -0.329112 -0.281217
0.481913 -0.086556 -0.209136 0.326546 -0.447623 -0.264375 -0.151891 -0.326013
-0.588582 0.147433 0.441215 -0.424580 0.268605 0.434412 -0.238235 0.008561
-0.032996 -0.064162 -0.273920 0.256068 0.462620 -0.214893 -0.780202 -0.083447
0.569512 -0.729774 0.529144 0.182153 0.529950 -0.722731 -0.250214 -0.073070
0.152278 -0.840933 0.046240 -0.759387 1.058947 -0.694735 0.494403 0.189429
0.323015 -0.954391 -0.148433 -0.629638 1.236203 -0.081393 -0.206004 -0.162642
0.143159 -0.698025 -0.335784 -0.361121 -0.014220 -0.085393 0.554518 0.492917
0.082770 0.349918 0.337840 -0.848408 0.469032 -0.518151 -0.864712 -0.149750
-0.252703 -0.742412 -0.060839 0.082377 0.750467 0.184054 -0.379900 0.314356
0.048632 -0.905020 0.143522 -0.749330 0.411163 -0.238232 -0.255363 -0.323629
-0.545149 0.060078 0.279431 -0.456860 -0.762842 -0.914876 -0.109296 0.046217
0.197466 -1.057608 0.156159 -0.471717 0.461719 -0.549603 -0.125903 -0.616114
-0.580808 -0.465190 -0.147189 -0.457802 0.223881 -0.774343 -0.078708 -0.370229
-0.164263 -0.547511 -0.176794 -0.453244 1.074383 0.828262 0.366350 0.129426
0.703906 -0.968737 -0.175855 -0.325949 -0.196426 -0.268786 0.618329 0.021534
-0.697149 -0.150780 -0.478928 0.079918 0.002124 -0.784134 0.384024 0.228711
1.192174 -1.163938 0.345577 -0.924954 0.557902 -0.182499 -0.468521 -0.400534
0.307776 -0.081872 0.742865 -0.506637 0.497926 -0.291862 -0.984518 -1.269966
0.698604 -0.017403 0.477996 -0.792564 0.290089 -0.319648 -0.914430 -0.830398
0.267623 -0.776124 -0.265047 -0.437299 0.949575 -0.603811 -0.193324 -0.324928
-0.014511 -0.917291 0.368640 -0.610289 0.248065 -0.523973 0.058240 0.076000
-0.229471 -0.519453 0.210247 -0.839875 1.141761 -0.452191 -0.191555 0.087052
0.297149 -0.603875 -0.089763 -0.749794 0.708226 -0.522436 -0.085948 -0.292452
0.104998 0.026327 0.773035 0.110974 0.489431 -0.345111 -0.408890 -0.157239
0.770265 0.019623 0.087699 -0.201375 0.782832 -0.506196 -0.286270 -0.060021
0.110418 -0.161375 -0.328846 -0.320426 0.707707 -0.091768 0.332297 -0.634679
0.378993 -0.345307 -0.627205 -0.560512 0.113336 -0.862987 -0.271425 0.100706
0.083871 -0.689800 0.205255 -0.898434 1.028159 0.034737 -0.596667 -0.899417
0.633349 -0.867937 0.062772 -1.241567 1.084125 -0.296670 -0.664671 -0.278142
-0.276343 -0.363245 -0.269282 -0.886790 0.200257 -1.234448 -0.375955 -0.329134
-0.765795 -1.053560 0.370720 -0.406923 0.722375 -1.010277 -0.954586 -0.753512
-0.462455 -0.061443 -0.427302 -0.769185 -0.099414 -1.073550 -0.150037 -0.694637
-0.647179 0.022674 0.393748 -0.371641 -0.073396 -0.423995 -0.330788 -0.750861
-0.361512 0.205658 -0.475098 0.656066 0.619238 -0.258567 0.514442 0.198655
-0.692944 -0.392263 0.665791 -1.496955 0.391656 -0.403049 0.008149 -0.298296
0.625472 -0.769502 -0.000257 -0.329063 1.346590 -0.400938 -1.005038 0.417207
-0.031318 -0.741708 0.015182 -0.813800 -0.002392 -0.628363 -0.053739 -0.562324
1.210723 0.042903 -0.047504 -0.474036 -1.059032 -0.270978 -1.254695 -0.827475
0.647408 -0.424593 0.337196 -0.960536 0.989235 -0.239229 -0.584810 -0.359029
0.153993 0.122467 -0.047377 -0.817670 -0.315812 -0.212516 0.219821 0.210074
0.786490 -0.613809 -0.632433 -0.142460 0.656589 -0.426142 -0.077986 -0.834504
-0.282058 -0.745811 0.089847 -0.491256 0.989056 -0.311213 -0.196699 -0.380047
0.844087 -0.542335 0.621796 0.406386 -0.378182 -0.164931 0.355098 0.715216
1.113593 -1.106761 0.183895 -0.493578 -0.362421 -0.206731 0.049771 -0.181724
-0.137967 -0.462188 0.437141 -0.324418 0.535853 -0.187680 -0.041358 -0.881524
0.102469 0.027476 -0.173140 -0.266094 0.988991 0.428300 -0.836323 -0.760516
0.657239 -0.761645 -0.019445 -0.645195 1.031530 -0.479375 0.228258 0.339904
0.167707 -1.067837 0.045809 -0.559669 1.587188 -0.087376 -0.211433 -0.240868
-0.074434 0.824147 -0.526109 0.298869 -0.229639 -0.306220 0.241200 -0.296632
0.495563 -0.157128 0.551732 -0.041106 0.966001 -0.236662 -0.553805 -0.167795
-0.502482 0.223224 -0.529890 -0.362574 -0.139248 -0.090410 0.255394 -0.706143
-0.021750 -0.535429 -0.170080 -0.364617 1.221266 0.234519 -0.673658 -0.183848
0.206307 -0.048661 0.177432 -0.188822 0.849655 0.225200 -0.267732 0.072005
0.028554 -0.592462 -0.165002 -0.095969 0.026437 -0.363504 -0.121302 -0.964150
0.643849 -0.574517 0.091800 -0.577154 0.308766 0.013049 -0.607653 -0.345738
-0.233145 -0.044053 0.365296 -0.076229 0.913193 0.953828 0.236980 -0.150361
0.221331 -0.559275 0.178681 -0.608290 1.078795 0.307262 -0.648136 -0.158520
0.466735 0.290545 0.243933 -0.060303 0.443785 -0.807962 -0.032526 -0.383017
-0.413154 0.045343 -1.300417 0.056064 0.786711 -0.205601 0.291487 0.062819
0.342114 -0.020776 0.443939 -0.316573 0.647344 -0.573781 -0.138087 -0.244460
-0.363114 -0.290277 -0.800865 -0.785038 0.264942 0.436980 -0.387765 1.170279
-0.168126 0.279946 0.067549 -0.269572 0.799291 -0.575425 0.564639 -0.268133
0.150829 -1.387551 -0.019937 -1.165181 0.798343 0.097126 -0.834287 -0.145412
0.346186 -0.774246 -0.216578 -0.588072 0.654574 -1.216433 -0.892822 -0.141527
0.680468 -0.976813 -0.206376 -0.095185 -0.322581 0.303854 0.710855 -0.400153
0.956311 -0.943312 -0.451014 -1.271905 0.744437 0.013588 -0.400487 0.032155
0.149972 -0.454879 -0.179225 -0.472952 0.233598 -0.272192 -0.121470 -0.154923
0.198475 -0.669542 -0.047340 -0.573964 -0.410808 -0.133937 0.408941 0.090284
-0.682475 -0.315175 0.016563 0.767033 -0.471795 -1.429606 0.278016 -0.395844
0.347628 -0.414987 -1.162319 -0.333330 0.866566 -0.807520 0.173406 0.305968
-0.116965 0.637803 0.039456 0.790161 -0.110240 -0.191509 0.063576 0.447022
0.611216 0.450679 -0.311210 0.115389 0.568339 -0.567275 -0.743415 -0.105547
0.288055 0.842494 -0.871640 0.621897 0.429339 -0.626470 0.133168 0.015728
-0.156134 -1.053208 -0.125849 -1.199614 0.913110 -0.008560 -0.074914 0.247281
0.179633 -1.054765 0.430720 -0.643626 1.455760 0.111208 -0.627637 -0.758102
0.528162 -1.408454 -0.573842 -0.305466 0.594492 -0.019482 0.140439 -0.100928
0.369963 -0.407208 -0.231986 -0.923805 0.574047 -0.808004 -0.478014 0.476656
-0.096763 -1.198029 0.629629 -1.335655 0.577132 0.304625 -0.720426 -0.717204
0.478879 0.219773 0.248304 -0.255304 1.082290 -0.116181 -0.573078 0.291698
0.528246 -0.423855 0.064978 -0.605885 0.540955 0.157181 -0.502884 -0.176684
0.201388 -0.444410 0.191253 -0.514850 1.489774 -0.212369 -0.561237 0.078831
0.435365 -1.363244 -0.033367 -0.667194 0.548357 -0.380564 -0.224252 -0.057014
0.248040 -0.997662 0.009623 -0.253810 0.820177 -0.177947 -0.254857 -0.713857
0.142966 -0.940793 -0.203561 -0.452260 1.247179 -0.346077 -0.394448 -0.301263
-0.537838 -0.738781 -0.097654 -0.335797 0.737521 -0.280289 0.179347 -0.481944
0.128549 -1.173115 -0.175019 -0.286794 0.161736 -0.030618 -0.247820 0.720741
-0.319846 -0.338570 -0.426520 -0.258305 1.055974 -0.122504 0.391295 -0.165156
-0.343884 -0.505710 0.188018 -0.785587 1.128331 -0.180377 0.105141 0.452364
0.116384 -1.038592 -0.236564 -0.356984 0.991126 0.339603 -0.073559 0.293987
0.743291 -0.356832 -0.537052 -0.388769 0.931146 0.264513 -0.682029 -0.144315
0.039368 -0.395117 0.005237 -0.421671 0.796532 -0.340070 -0.087629 0.132739
-0.465834 -0.131646 -0.214196 -0.032124 0.213912 -0.384787 -0.443627 0.163903
-0.326053 -0.879312 0.506220 -0.577942 -0.052153 -0.822449 -0.657096 -0.274957
-0.626034 -0.800651 0.457994 -0.412859 0.000569 -0.543979 -0.745858 -0.412208
-0.526648 -0.153006 -0.407551 -0.165361 0.562777 -0.585962 -0.162173 -0.270293
-0.734935 -0.597921 -0.344899 -0.698623 1.063976 -0.581336 -0.092683 -0.776878
-0.605945 0.484043 -0.402774 -0.523730 -0.327978 -0.457397 0.084395 -0.416360
-0.275538 0.226737 -0.347023 -0.128181 0.063148 -0.632177 -0.060387 -0.454920
-0.410929 -0.397580 0.045570 -0.307607 0.488675 -0.674687 -0.284751 -0.447650
0.353560 -0.453051 0.785845 -0.865678 0.130738 -0.161991 -0.344872 0.327074
-0.490863 -0.166862 -0.154391 0.074517 0.479919 -0.393152 -0.025844 -0.400194
-0.295953 -0.172022 -0.127205 0.086093 0.172394 -0.461396 -0.060062 -0.441935
-0.287503 -0.312294 -0.342767 0.506983 0.441164 -0.526184 0.035152 -0.046648
-0.505688 -0.342188 -0.697118 0.539996 0.104449 -0.709667 0.126657 -0.242208
-0.947456 -0.293138 -0.095567 -0.046604 0.686627 -0.240461 -0.175136 -0.756991
-0.844400 -0.133197 -0.204826 0.279135 0.541851 -0.360130 -0.011112 -0.663779
-1.058058 -0.302008 -0.107158 -0.346649 0.794470 -0.100436 -0.314245 -0.456767
-1.080983 -0.079041 -0.217012 -0.122894 0.881857 -0.279317 -0.211398 -0.635418
-1.096931 0.081878 -0.326092 -0.012361 0.484953 -0.075274 -0.418652 -0.620222
-1.042492 0.147708 -0.199071 -0.232823 0.292277 -0.225055 -0.302717 -0.443797
-0.632667 0.009335 0.445563 -0.003827 0.624191 0.036064 -0.586878 -1.060028
-0.917718 -0.083484 -0.200271 -0.031980 0.996339 -0.321985 -0.372912 -0.518870
-0.877784 -0.017938 -0.064016 -0.150806 0.983630 -0.315396 -0.025604 -0.790159
-1.072256 -0.111689 -0.170468 -0.231625 0.730854 -0.181282 -0.183072 -0.581338
