-0.349934 -0.417161 -0.147951 -0.887583 0.362476 0.006104 0.296504 0.153565
0.405980 -1.791823 -0.390627 -0.373422 0.719527 -0.230879 0.229535 0.283712
0.190560 -0.457527 0.048477 -0.555386 0.812364 0.338560 -0.377928 -0.880854
0.284787 0.002406 -0.373698 -0.994317 0.976824 -0.254296 -0.403807 0.121492
-0.308379 -0.213520 0.186349 -0.736750 0.268444 0.091395 -0.038362 -0.212910
0.403105 -0.043091 0.502601 -0.644078 0.832602 -0.128910 -0.198494 0.022824
-0.554874 -0.792965 0.289893 -0.086020 0.352911 -0.889851 -0.445188 -0.794421
0.027994 -0.769071 0.043224 -0.411377 1.064341 -0.373033 -0.024971 0.163372
0.048012 -0.770114 0.019807 -0.676398 0.162248 -0.048681 0.656802 0.546696
0.092492 -0.269336 0.140196 -0.163811 1.206647 -0.070083 -0.203964 -0.085754
0.481837 -0.282333 0.289635 -0.921098 0.078912 0.291562 -0.091640 0.439015
0.193707 -0.452216 0.168295 -0.260738 0.762397 -0.209479 0.236182 -0.209170
0.756937 -0.174141 -0.295023 -0.544708 0.540482 -0.122981 -0.075132 0.372718
0.683136 -0.135293 0.133774 -0.661632 -0.176049 -0.026050 0.324629 0.410900
-0.615943 -0.558541 -0.080232 -0.332800 -0.273511 -0.609281 -0.024216 -0.137507
0.175455 -0.896106 -0.095581 0.472467 0.539785 -0.270771 0.059456 0.088826
0.817664 -0.731536 0.083281 -0.287826 0.169163 -0.005911 0.052970 -0.133464
-0.277910 -0.386338 -0.259007 -0.573777 0.199519 -0.916917 -0.100863 -0.530832
0.763419 -0.675286 1.014523 -1.233475 -0.335696 -0.450496 -0.365769 -0.033485
-0.653815 -0.462642 -0.188056 -0.949974 -0.066708 -0.171995 0.679202 0.014557
-0.204220 -0.846296 -0.248173 -0.011419 0.274416 -0.184386 0.393797 -0.519060
0.259291 -0.952482 0.150877 -0.465676 1.104720 -0.750658 -0.487848 -0.706916
0.183182 -0.223128 -0.663099 0.022776 -0.056116 -1.244886 0.695020 -0.295362
0.175129 -0.415406 0.251060 -0.017159 0.726765 -0.312868 -0.573472 -0.559438
0.254051 -0.587445 0.713324 -0.739334 0.382554 -0.418519 -0.628854 -0.292966
0.131778 -0.164340 0.368115 -0.172469 -0.218757 -0.735755 0.267254 -0.453782
-0.393841 -0.756366 -0.007952 -0.718401 0.701717 -0.268478 -0.149168 -0.283125
0.076275 -0.209152 0.721737 -0.505470 -0.042870 0.031296 -0.695512 -0.551340
0.020498 -0.978336 -0.469726 -0.532979 0.339097 -0.419240 0.110560 -0.190214
-0.267411 -0.206741 0.279723 -0.563175 0.126569 -0.013762 -0.250250 -0.713279
0.032695 -0.940724 -0.686806 -0.265407 -0.229209 -0.762347 -0.252257 -0.187848
-0.213742 -0.530650 -0.415849 -1.271315 0.295749 0.182987 0.110044 0.372577
-0.318383 -1.152121 -0.162001 -0.485010 0.642311 0.234214 0.199596 -0.004077
-0.102031 -0.171569 0.268894 0.256351 0.856613 -0.192989 -0.490705 -0.603018
0.302985 -1.607392 0.289885 -1.188684 1.072152 0.266624 -0.104683 -0.332365
-0.206129 -1.074715 -0.613643 -1.321666 0.875968 0.478340 0.224830 -0.327951
0.364964 -1.564567 0.120588 -1.220393 1.213009 0.026632 -0.150970 -0.893995
0.084847 -0.630254 0.357664 -0.249158 0.776237 -0.605984 -0.480270 -0.472092
-0.495704 -1.042865 -0.164240 -1.033966 1.048580 -0.373124 -0.738621 -0.174691
0.422103 -1.424877 -0.363692 -1.098102 0.853555 0.078812 -0.142317 0.208068
0.327011 -0.871310 -0.074367 -0.716199 0.643165 0.547411 0.331123 -0.994888
-0.237255 -0.843812 0.068226 -1.108656 0.908027 -0.258984 -0.867962 0.675267
-0.154942 -0.049196 0.052085 0.386622 0.858389 -0.741071 0.064858 0.907367
-0.009894 -1.097202 -0.471971 -1.462006 1.301118 -0.417532 -0.487595 -0.098942
0.499641 -1.702741 0.104735 -0.407623 0.864896 0.143592 -0.196750 -0.282782
0.432149 -0.969698 0.219057 -0.836874 1.375106 -0.246908 -0.509244 -0.084788
0.713420 -0.808431 -0.186084 -0.890994 0.882467 -0.586660 -0.592344 -0.159093
-0.247777 -1.076257 0.226924 0.228670 0.884106 -0.461221 -0.210259 -0.018181
-0.242420 -0.051012 0.086186 0.402044 0.549855 -0.122709 -0.293841 0.252963
0.090956 -0.211365 0.502383 -0.358821 0.910865 0.053152 -0.773785 -0.108981
-0.328934 -0.316896 -0.054998 -0.109442 1.094763 0.396231 0.429648 -0.115507
-0.275456 -0.429439 0.368706 -0.223501 0.658600 -0.467356 -0.464111 -0.099786
-0.051985 -0.202733 -0.127955 -1.275274 -0.032901 -0.269202 -0.075003 -0.894777
0.191092 -0.614795 0.083358 0.215906 0.393719 -0.799066 -0.868429 -0.282294
-0.043118 -0.368383 -0.078617 -0.788473 0.556673 0.128283 -0.104500 0.391951
-0.052453 -0.291622 0.131714 -0.348431 0.305177 -0.790916 -0.534464 -0.215642
0.449670 -0.535354 -0.419207 0.003228 -0.112608 0.004524 -0.375553 0.045638
-0.033446 -0.157384 -0.491272 -0.510309 0.081114 -0.172800 0.478734 -0.118273
0.293027 -0.024901 -0.087221 -0.213809 0.267835 -0.703095 -0.373276 -0.520949
0.100915 -0.351671 -0.285845 -0.238676 -0.159680 -0.748078 0.400694 -0.079334
0.253729 0.069719 0.884139 -0.677248 0.334318 0.463208 0.007757 -0.131587
-0.249402 -0.971825 -0.319607 0.282434 0.393255 -0.352387 0.023971 -0.129003
-0.262451 -0.110956 -0.275659 -0.051593 -0.003787 -0.724763 -0.108348 -0.401705
-0.761561 -0.456662 -0.107792 -0.555889 0.647545 -0.208126 0.462206 0.486039
-0.376107 0.705642 -0.116756 0.242888 -0.459858 -0.066866 0.332728 0.116882
-0.204220 -0.846296 -0.248173 -0.011419 0.274416 -0.184386 0.393797 -0.519060
0.348674 0.466070 -0.131534 0.021171 -1.136835 -0.150370 0.382668 0.405763
0.805151 -0.646325 -0.543854 -0.546918 1.056051 -0.720303 0.057374 -0.298476
-0.287285 -0.867551 -0.392507 0.069765 0.985115 -1.058455 0.248521 0.079385
-0.252706 -1.134742 0.588711 -0.191673 0.272720 -0.407788 0.090408 0.273725
-0.003599 -0.070162 0.024704 -0.311737 0.581748 -0.327675 -0.204553 0.461866
-0.564217 -0.016967 -0.531486 1.289501 0.287980 -1.228315 0.683886 0.543529
0.727153 0.051046 0.474159 -1.130191 0.375653 -0.020964 -0.440189 -0.154962
0.312562 -0.273107 -0.366495 -0.800486 0.989719 -0.506716 -0.028895 0.197704
0.495280 -0.800032 -0.329298 -0.591036 -0.936569 -0.045353 0.558141 0.509337
-0.017216 -0.020367 -0.668123 -0.062184 -0.757868 -0.446073 0.609107 0.714412
-0.122028 0.182665 -0.899235 -0.238929 0.202155 -0.530901 -0.197905 -0.582532
-0.041663 -1.105321 0.092440 -0.912723 1.275152 -0.243726 -0.462937 -0.210543
-0.382550 -1.194854 0.386123 -0.371667 0.616505 -0.423977 -0.251915 -0.515090
-0.494367 -0.273713 0.487499 -0.757534 0.741208 0.015178 -0.472500 -0.053301
0.274187 -0.365679 -0.053634 -1.236857 0.653782 -0.189546 -0.598266 0.027053
0.021208 -0.352106 -0.140548 -0.900872 1.044918 -0.247003 0.117282 0.404866
-0.356864 -0.726390 0.048251 -0.679929 1.004248 -0.459135 -0.195282 -0.294775
0.143348 -0.842330 -0.257583 -0.690575 1.236544 -0.791138 -0.288966 -0.277469
0.674360 -0.801467 -0.245754 -0.194849 1.106086 -0.232343 -0.204001 -0.696047
0.576863 -0.460105 -0.376256 -0.284492 0.811007 -0.654375 -0.469738 -0.531418
-0.415902 -0.169204 -0.040901 -1.166092 0.622953 0.112890 -0.221112 -0.276591
-0.153498 -0.943373 0.202229 -0.788002 1.387625 -0.055993 -0.357201 -0.503697
0.172894 -0.526294 -0.245499 -0.623340 0.913221 -0.504261 0.409886 -0.116197
-0.071787 -1.026103 -0.149918 -1.217925 1.454818 -0.622578 -0.393812 -0.167900
-0.071953 -0.417438 1.067632 -0.223407 1.091627 0.203145 -1.255214 -0.552902
0.728203 -1.287596 0.328735 -1.480552 1.507703 -0.510043 -0.868585 0.224199
-0.039989 -0.244750 0.033767 -0.916312 0.969678 0.063142 -0.448083 -0.322644
0.709468 -0.781203 -0.072406 -0.934996 0.258829 -0.347580 -0.015391 -0.018179
0.193891 -0.215376 0.305131 -0.757389 0.300430 -0.187938 0.049430 -0.362659
-0.188897 -0.059006 0.116691 -0.040450 -0.348191 0.127906 -0.446543 0.103227
0.325561 -0.791113 0.023238 -0.892617 0.466794 0.146337 0.204907 0.212661
-0.561559 0.090925 0.100794 -0.201211 0.194884 -0.404426 0.119359 -0.891568
-0.196749 -0.340785 0.506100 -0.384304 0.844001 0.160730 -0.272200 -0.079239
0.062802 -0.252435 0.928544 -0.707172 0.931678 -0.060574 -0.483645 -0.198619
-0.109309 -0.086760 0.213222 -0.267467 -0.665405 0.203712 0.012520 0.425270
-0.218434 -0.316920 0.305307 -0.296503 -0.591775 0.215962 0.265128 0.331838
-0.108157 -0.725066 0.606304 -0.757187 0.648928 -0.407111 -0.309110 -0.521626
-0.512967 -1.141366 -0.161675 0.527804 0.054669 -1.645657 -0.405247 -1.093378
-0.083870 -0.353460 0.650100 -1.104590 -0.281310 -0.137324 -0.277981 -0.217887
-0.306952 0.276838 0.221197 0.304626 -0.169122 0.006865 -0.026353 -0.019756
0.182705 0.061051 0.479498 -0.906169 0.295240 -0.365545 -0.286172 -0.230802
-0.359571 -0.860751 0.606396 -0.136139 0.657002 -0.528978 -0.271589 0.215110
-0.440096 -0.263938 0.053111 -0.228009 -0.145682 -0.886733 -0.702852 -0.555434
0.384351 -0.309156 0.016315 0.168944 0.499861 0.092997 -0.848767 0.510173
0.116893 -0.002317 0.203459 -0.165725 -0.394325 -0.493610 -1.087743 -0.947797
-0.416287 -0.004917 -0.251890 0.791296 -0.923529 -0.934494 0.508609 0.238857
0.057691 -0.778173 0.415462 -1.098226 0.950944 0.053879 -0.558927 -0.905609
-0.069550 -0.265704 0.306054 -0.691206 0.677481 -0.479647 0.021682 -0.670404
-0.687284 -0.561984 0.555149 -0.747353 0.049506 -0.162273 0.026531 -0.478056
0.594234 -0.047452 0.722618 -0.805034 0.558518 -0.324682 -0.663605 -0.502532
-0.680803 -1.063247 0.482889 -0.097597 -0.412334 0.223361 0.214355 -0.177847
-0.620365 -0.680476 -0.454053 -0.690197 0.372288 -1.108029 0.076238 -0.257882
0.751876 -0.946927 -0.467325 0.322190 -0.571018 -0.230532 0.426283 0.519935
0.293683 -0.737982 0.671405 -1.025892 1.088986 -0.071608 -0.650139 0.094513
-0.393755 0.102052 -0.623290 0.552616 -0.526766 -1.302588 -0.160834 -0.067741
0.602638 -1.028686 -0.101461 -1.232117 1.246466 0.152977 0.183729 0.052581
1.159276 -0.655962 0.336237 -1.089008 0.445622 -0.244547 -0.673457 -0.656384
0.673308 0.027646 -0.221721 0.234303 0.188347 -0.816801 -0.392806 -0.138665
-0.082582 -0.630044 -0.122640 -0.823377 0.066196 -0.944109 -0.130068 -0.549359
-0.487687 -0.600245 1.289572 -0.402374 0.279525 0.007934 -1.071662 -0.023577
0.253729 0.069719 0.884139 -0.677248 0.334318 0.463208 0.007757 -0.131587
-0.506960 -0.485132 -0.159474 -0.096460 -0.652474 0.192277 -0.095004 0.404064
0.117167 -0.278397 0.305651 -0.216302 0.745993 -0.417368 -1.187825 -0.962411
0.188673 -0.617201 0.298737 -0.708758 0.391390 -0.253901 0.199635 0.120485
-0.693040 -0.269545 0.130469 -0.107670 -0.285793 -0.205144 0.228648 0.146072
0.348674 0.466070 -0.131534 0.021171 -1.136835 -0.150370 0.382668 0.405763
0.980323 -0.808463 0.319438 -0.185787 0.433114 -0.900841 -0.506233 -0.235168
0.198196 -0.624333 0.525421 -0.655616 -0.474135 -0.349055 0.201243 0.364706
0.805151 -0.646325 -0.543854 -0.546918 1.056051 -0.720303 0.057374 -0.298476
0.026062 -0.523522 0.020803 -0.370645 0.085894 -1.036903 -0.294053 -0.150905
0.682727 -0.250080 0.268675 -0.578766 -0.228192 -0.766992 -0.298632 0.131531
-0.168346 -0.276799 -0.825720 -0.487342 0.234125 -1.087335 -0.135221 -0.571763
-0.356408 -0.184681 -0.174775 -0.895180 0.275090 -0.647719 -0.048122 0.200707
0.294455 -0.041683 0.098698 -0.563991 0.133589 -1.412522 0.237059 -0.427481
0.504141 -0.351026 -0.365976 -0.032546 0.830078 -0.892315 -0.253502 0.204452
-0.433550 0.657244 -0.102757 0.138104 -0.594264 -0.834742 0.559664 -0.383141
-0.017216 -0.020367 -0.668123 -0.062184 -0.757868 -0.446073 0.609107 0.714412
-0.059644 -0.729331 0.119800 -0.383712 -0.091878 0.252654 -0.236434 -0.301479
-1.096013 0.001678 -0.409179 0.147122 0.724474 -0.570610 -0.166823 -0.399750
-0.540995 -0.590528 -0.491800 0.019711 -1.260898 -0.610028 -0.043382 -0.511043
-0.981308 -0.141144 -0.425565 0.230197 0.501586 -0.086515 0.037860 -0.648109
-0.964588 -0.063446 -0.381374 -0.344989 0.540159 -0.248370 -0.324044 -0.805651
-1.051976 -0.194322 -0.184122 -0.047352 0.811414 -0.264325 -0.288854 -0.606648
-0.830645 -0.263072 0.079811 -0.189673 0.819455 -0.060931 -0.285334 -0.679476
-1.012779 -0.285885 0.031807 -0.292510 0.808728 -0.116609 -0.303084 -0.522989
-0.356799 -0.019759 0.142735 0.261046 0.805611 -0.632162 -0.862814 -0.514146
-0.820430 -0.010345 -0.307324 0.458845 0.787886 0.002031 -0.033483 -0.815321
-0.579670 0.515147 0.146347 0.304300 0.196465 -0.285455 -0.533441 -0.985287
-0.878194 -0.121151 -0.090443 -0.260455 0.709289 -0.473562 -0.563925 -0.773727
-0.968500 -0.131183 -0.168344 -0.204789 0.739892 -0.156539 -0.231046 -0.654674
-0.983293 -0.254896 -0.152341 -0.024521 0.756220 -0.031650 -0.223597 -0.614585
-0.903608 -0.105683 -0.128419 0.027112 0.891539 -0.195733 -0.191943 -0.666810
-0.943556 -0.167952 -0.044651 -0.219581 0.778353 -0.017695 -0.260206 -0.683173
-0.926680 -0.107470 -0.050832 -0.094028 0.825998 -0.057283 -0.183098 -0.781695
-0.774139 -0.098727 0.138339 -0.019853 0.928119 -0.446795 -0.182964 -0.552792
-0.940756 0.565372 -0.099780 0.568622 0.558502 -0.395950 -0.093423 -0.378667
-0.915049 -0.123176 -0.144502 -0.218167 0.833780 -0.033375 -0.160191 -0.669274
-1.027926 -0.141375 -0.290690 -0.233255 0.682189 -0.183834 -0.309301 -0.582637
-0.864256 0.093059 -0.165303 0.001899 0.903040 -0.338465 -0.046837 -0.866290
-0.662905 0.184733 -0.049495 -0.060144 0.766426 -0.598784 -0.453010 -0.804269
0.231509 0.613871 -0.575104 0.303629 -0.191551 -0.581100 0.039195 -0.449957
-0.670994 0.187431 -0.642419 0.041945 0.504927 -0.545869 -0.086970 -0.481451
-0.703250 -0.592314 -0.322688 -0.458198 -0.022308 -0.567918 0.066789 0.080595
-1.009545 0.250874 -0.176965 0.112503 0.581264 0.120847 -0.242533 -0.645884
-0.832915 0.110053 -0.107140 0.175875 0.783157 -0.203395 -0.002794 -1.033638
-0.933810 -0.161681 -0.031922 -0.145414 0.994030 -0.328932 -0.135400 -0.644289
-1.058806 -0.051418 -0.179237 -0.089260 0.743781 -0.177459 -0.386230 -0.605397
-1.072212 -0.347427 -0.313525 -0.176951 0.668832 -0.221126 -0.336057 -0.445306
-1.041957 -0.234663 -0.178494 -0.203295 0.906742 -0.273241 -0.206576 -0.561880
-0.967124 -0.304342 0.039522 -0.157031 0.941880 -0.295759 -0.255618 -0.528953
-0.578379 -0.271713 -0.134720 -0.296281 0.918864 -0.388043 -0.655124 -0.382771
-0.857310 -0.016256 -0.165079 -0.370072 0.806812 -0.241330 -0.111379 -0.520378
-0.886374 0.069054 -0.149061 0.226554 0.832780 -0.037179 0.138776 -0.855522
