0.046553 -0.749608 0.089612 -0.193030 -0.282427 -0.280600 0.085776 -0.380832
0.372679 -0.525181 0.471654 -0.270542 0.344004 0.098939 -0.573049 -0.512394
0.084823 -0.114567 -0.098439 -0.757014 0.487248 -0.697407 -0.407621 -0.124913
0.160243 -0.583897 0.586516 -0.472457 0.832389 -0.919941 -0.763590 -0.252607
-0.060773 -0.549619 -0.308521 -0.939022 0.378265 -0.928406 -0.480646 -0.636435
-0.131221 -0.510868 -0.101996 -0.802249 0.148293 -0.775323 -0.469829 -0.211034
0.058519 0.427035 -0.190068 0.420083 0.402321 -0.494042 0.003120 -0.577116
-0.243173 -0.898506 0.603557 -0.694470 -0.026376 -0.615127 -0.475158 -0.411603
-0.080183 -0.719243 0.566795 -0.470536 0.080391 -0.432721 -0.641314 -0.571014
-0.151952 -0.079496 0.602683 -0.273041 0.431251 0.224889 -0.531190 -0.775966
0.057048 -0.152994 -0.336677 -0.511621 0.388358 -0.582401 0.112300 -0.006638
-0.473618 -0.029376 -0.320040 -0.123360 0.469892 -0.902133 -0.411887 -0.983086
0.308916 -0.565032 0.577232 -1.187015 -0.105980 -0.228777 -0.371265 -0.036032
-0.295935 -0.608929 0.739981 -0.507292 -0.345207 -0.193497 -0.454806 -0.408717
-0.588226 -0.819462 0.036122 -0.690769 0.229133 -0.756242 -0.292362 -0.662036
0.976388 -0.032345 -0.499322 -0.044148 0.734317 -0.119824 -0.087671 -0.094547
0.506779 -0.427665 -0.563917 -1.059359 1.158366 -0.345639 -0.484210 -0.120480
-0.334813 -0.162789 0.078293 -0.618855 0.148739 -0.195901 0.457117 1.037767
0.784316 -1.413461 0.324369 -0.145672 -0.171474 0.039526 0.548875 0.199037
0.771920 -0.448554 0.534443 -1.429887 1.022397 -0.137992 -1.031312 -0.142407
-0.116036 0.262934 -0.155798 -0.946695 0.567839 0.038216 -0.621642 0.084088
0.824439 -0.037288 0.507508 -0.554753 0.719709 0.329351 -0.953504 0.195581
0.491487 -0.073979 0.449796 -0.545429 0.709351 0.034594 -0.517819 -0.052216
0.518412 -0.532794 0.157893 -0.637281 1.022584 -0.055182 -0.533868 0.363298
0.650867 -0.594539 -0.057357 -1.381585 0.891811 0.058642 -0.814475 0.049718
0.611142 -0.544357 -0.042620 -0.549747 0.815279 -0.094854 -0.614223 0.216821
0.567501 -1.394655 0.229921 -0.065904 0.288914 -0.190292 -0.434015 -0.123549
0.094005 -0.372023 0.279599 -0.419129 1.035380 -0.318222 -0.550472 -0.003543
0.242744 -1.179246 0.433627 -1.176232 1.427535 0.009028 -0.409698 -0.254667
0.683483 -0.963278 0.188934 -0.780315 1.204862 0.072015 -0.729659 -0.412418
0.297467 -0.571261 0.450394 -1.204185 0.847494 -0.353351 -0.203050 -0.089778
0.498974 -0.390270 0.153111 -0.785035 1.286497 0.054014 -0.805647 0.004623
0.443115 -0.401598 0.294863 0.141966 -0.133328 0.661900 0.452682 0.719167
-0.030732 -0.150538 0.519343 -0.283313 0.710130 -0.338447 -0.646498 -0.461824
-0.740691 -0.588374 -0.443807 -0.439727 -0.287737 0.256209 0.538732 -0.038094
-0.198573 -0.516610 -0.169205 0.297374 0.337677 -0.462277 -0.335936 -0.149484
0.286911 -0.649749 -0.086816 -0.700018 -0.174430 -0.339320 -0.319311 -0.469033
0.542588 -0.395686 -0.285249 -0.027742 -0.092229 -0.159876 -0.397743 -0.167246
0.526012 -1.201801 -0.395303 -0.241433 0.676122 0.052076 0.342726 -0.177684
0.170048 0.229256 0.218746 -0.259347 0.553966 -0.235385 -0.468847 0.163552
-0.983361 -0.664915 0.289947 -0.136405 0.028403 -0.504862 0.010164 0.370250
-0.269473 0.042723 0.160011 -0.181255 0.559079 -0.167906 0.130199 0.301558
0.256123 0.544313 0.407825 -0.617108 0.373293 0.383918 0.110815 -0.148424
-0.085310 -0.548453 -0.116771 -0.698689 0.983738 -0.066486 -0.176288 -0.049318
0.397191 -0.818789 0.672331 -0.020309 0.986100 -0.074266 0.328627 0.050238
-0.134520 -1.062094 -0.111262 -1.027436 1.087271 -0.182331 -0.276413 -0.091148
0.405954 -0.724275 0.460785 0.119088 1.397045 0.441865 -0.151449 0.281976
-0.090836 0.119635 -0.071882 -0.149947 -0.565329 -0.133818 0.425299 0.609695
0.043269 -0.155889 -0.183354 0.154083 -0.917037 -0.423163 0.590976 0.225891
-0.593214 0.221573 0.296747 -0.387634 1.110407 -0.024001 -0.506361 0.482039
-0.185497 -1.059801 -0.391200 -1.116249 1.107131 -0.107848 -0.449153 0.186453
-0.522495 0.170469 -0.423573 -0.419998 -0.275122 -0.624481 0.413097 0.706034
-0.032196 0.131253 -0.839942 -0.126728 0.958862 -0.560978 -0.186898 -0.136205
-0.295503 -0.743988 0.345449 -0.056734 0.871441 -0.478464 0.316003 0.674255
0.307722 -0.909155 -0.383790 -1.376644 0.785152 -0.751368 0.023581 -0.033579
0.186726 -0.685761 -0.212414 -1.233510 1.348022 -0.092873 0.173932 0.274576
0.323664 -0.280012 -0.034533 -0.060569 1.062241 0.039893 -0.110623 0.212412
0.624049 -0.754510 -0.275986 -0.296778 0.983529 0.065741 -0.408149 -0.158289
-0.223324 -0.241631 -0.365542 -0.381536 -0.639391 0.484357 1.085022 0.450860
0.772168 -0.209671 0.167543 0.107620 0.381251 -0.135294 -0.803021 -0.007210
0.246969 0.012221 -1.031262 0.192300 0.160204 -0.529865 0.848850 0.043780
-0.032370 -0.742548 0.672473 -0.755884 1.231941 -0.284823 0.254786 -0.063377
0.674046 -0.726578 0.156084 -0.662051 0.016458 -0.174407 0.346287 0.174500
0.059131 -0.955100 0.119141 -0.486886 0.050879 -0.805034 -0.540033 -0.717836
0.674472 -1.683307 0.206359 -0.692246 0.240052 -0.096284 -0.374367 0.355117
-0.134255 0.061641 -0.550911 0.529267 -0.446521 -1.010751 0.348932 -0.321324
-0.123495 -0.431713 0.065706 -0.136741 0.989117 -0.406150 -0.198494 -0.141624
0.288957 -0.912280 -0.479329 -0.027832 0.901406 -0.656776 -0.532499 0.047293
-0.123484 -0.723421 0.277376 -0.647262 0.818573 0.279328 -0.537122 -0.379581
-0.096028 -0.791013 0.280203 -0.423283 1.088394 -0.323887 -0.309270 -0.168502
0.436405 -0.982203 -0.191948 -0.296380 0.669098 -1.013530 -0.085832 0.722737
-0.066103 -0.190657 0.164466 0.488024 0.549569 -0.215006 -0.089416 -0.005996
0.005369 -0.953952 -0.145132 -0.194151 -0.330261 -0.327668 0.578858 0.492112
0.381248 -0.896343 -0.147338 -0.420127 0.000469 0.313043 0.157830 0.200335
0.302821 -0.366061 0.563387 -0.850228 0.971349 -0.177074 -0.220653 -0.444857
0.447413 -0.562734 0.427892 -0.592879 1.106626 -0.242756 -0.740698 -0.218440
0.080612 -0.865415 0.522708 -0.643565 1.404402 0.044229 -0.760286 0.019294
-0.067430 -0.144426 0.075527 -0.260018 0.036979 -0.284107 0.029219 -0.256131
0.301403 -0.779555 -0.143949 0.243879 -0.473300 0.158219 0.559111 0.182815
0.569136 -0.119651 -0.498866 0.353334 0.046017 -0.113698 0.650884 0.141728
-0.187992 -0.231260 -0.653089 0.328953 -0.436722 -1.139308 -0.161844 0.553625
-0.271058 -0.824130 -0.004626 -0.887645 0.696482 0.358312 0.290654 0.707817
0.130906 0.005265 -0.105247 -0.375325 0.398482 0.172616 -0.176735 0.485790
0.633922 -1.519556 0.250260 -0.924686 0.171520 0.561656 0.216940 -0.006171
-0.631869 -0.947915 0.327713 -0.752602 0.633756 0.081616 0.312494 0.075884
0.150525 -0.409402 0.238717 -0.595912 1.044799 -0.643278 -0.170218 0.073068
0.652931 -0.651776 -0.222183 -0.150646 0.689689 -0.081234 -0.125078 -0.458301
0.830802 -1.013722 0.167094 0.017977 0.135820 -0.295044 -0.030718 0.151591
-0.405330 -0.287458 -0.377617 -0.234901 0.766341 -0.385583 0.424923 0.654033
0.198132 -0.553349 0.033601 0.130645 0.170721 -0.262983 0.540911 -0.061068
-0.189101 -0.443621 0.096526 -0.148883 0.706789 -1.008106 0.046638 0.084437
-0.172738 -0.481258 -0.114773 -0.601852 1.172988 -0.130475 0.367045 0.039787
-0.562783 -0.551662 -0.515105 -0.201737 0.829481 0.041748 0.823311 0.158212
-0.296475 -0.122950 0.156449 -0.008336 -0.600476 -0.358258 0.226693 0.450564
-0.191568 -0.572746 0.139561 -0.536640 1.018182 -0.535330 0.027291 -0.106000
-0.140194 -0.809707 0.263626 -0.440503 1.515913 -0.363322 0.049668 0.192777
0.110733 -0.778629 -0.723572 0.839123 0.373718 -0.277129 0.557712 0.032680
0.148269 -0.248010 0.854256 -0.015525 -0.305080 -0.086642 -0.242716 0.464174
-0.065308 -0.585253 0.186282 0.144851 0.232680 -0.029280 -0.255070 -1.029755
0.030802 0.201348 -0.040886 -0.367770 -0.155056 0.215961 0.047075 0.221083
0.456008 -0.991851 -0.114541 -0.252260 -0.028641 0.061952 0.166601 0.005899
-0.718188 -0.459903 -0.531530 -0.234393 0.929434 -0.022486 0.817616 -0.067107
-0.229329 -0.355294 -0.854694 -0.492800 0.496406 0.006684 -0.057173 0.168057
0.369047 -0.811299 1.236417 -0.642604 -0.343962 -0.378490 -1.203207 -0.032502
-0.650875 -0.246678 -0.691988 -0.444485 0.280446 -0.353694 -0.151292 -0.083437
0.103080 0.048403 -0.085610 -0.023651 0.512925 -0.563290 -0.223073 0.310087
0.290296 -0.210143 0.448113 -0.154097 0.480085 0.227268 0.187158 0.404186
0.113423 -0.930096 0.639971 -0.611303 0.752424 0.541224 0.682149 0.718055
-0.284851 -0.186062 -0.061606 -0.303744 0.773476 -0.092401 -0.128894 0.194406
0.243347 -0.829237 0.602481 -0.658646 0.366865 -0.269861 -0.491480 -0.278916
0.487314 0.116250 -0.425936 0.120321 0.537360 -0.476554 -0.793727 -0.108842
-0.099728 -0.035615 -0.780328 0.339497 -0.179510 -0.208804 -0.205185 0.086825
0.753886 -0.799425 0.229117 0.271537 0.425207 -0.265842 0.359298 0.489066
0.515415 -0.252300 0.137877 -0.262570 0.874503 0.023330 -0.125432 -0.259423
-0.075903 -0.441590 -0.468671 0.449539 0.439973 -0.739662 0.956729 0.285510
0.428063 -0.612462 -0.264165 -0.426862 -0.130014 -0.242026 0.011943 -0.574593
0.103139 0.170015 0.416028 -0.172758 -0.350307 -0.622893 0.457816 0.191794
-0.637308 0.048186 -0.831070 0.012237 0.584744 -0.409630 0.464335 -0.043966
-0.069680 -0.690531 -0.234880 -0.825420 1.049303 -0.235192 0.173790 0.171327
-0.436850 -0.530408 0.101908 -0.255713 0.265196 -0.550104 0.206333 -0.311753
-0.469960 -0.760736 -0.750792 -0.345608 0.262472 -0.158402 0.267989 0.295126
0.256123 0.544313 0.407825 -0.617108 0.373293 0.383918 0.110815 -0.148424
-0.269536 -0.596018 0.326114 -0.813566 -0.527176 -0.585616 -0.353026 -0.245505
0.302821 -0.366061 0.563387 -0.850228 0.971349 -0.177074 -0.220653 -0.444857
0.295839 -0.551319 0.135530 -0.446508 1.358959 -0.720360 -0.495880 -0.067953
-0.246383 -0.361482 -0.733477 -0.673691 0.116344 -0.081211 0.379463 -0.261174
-0.293533 -0.171352 0.149358 -0.656805 0.420170 -0.291806 -0.303057 -0.640242
0.247099 -0.247630 -0.249119 -0.143656 0.989357 0.334216 -0.136895 -0.286342
0.135630 -0.505054 0.271020 -0.796692 0.664123 -0.635285 -1.063473 -1.379764
0.400141 -0.707631 0.562059 -0.786530 0.429791 -0.580724 -0.162249 -0.445233
-0.596058 -0.483679 0.250870 -0.604199 0.022299 -0.389010 0.169611 0.029538
-0.077933 0.111407 0.238858 -0.139594 -1.199337 0.533941 -0.270843 -0.414034
0.188095 0.158470 0.158335 0.226963 -0.152073 0.425460 -0.411597 -0.518115
0.070135 -1.076962 0.408119 -0.200990 0.197667 -0.367945 0.382767 -0.345958
-0.676995 -0.633530 0.166864 -0.361004 -0.024691 -0.850443 -0.398254 -0.887223
0.121683 -0.502530 0.529758 -0.747188 0.577164 -0.235313 -0.528071 -0.514809
-0.338614 -0.496632 0.499267 -0.260679 0.135675 -0.349917 0.021846 -0.050469
0.462047 0.149664 0.482377 -0.800177 0.500047 -0.503025 -0.641718 0.338587
0.596966 -1.158494 0.013564 -1.338033 1.070441 -0.204405 -0.303055 -0.589274
0.077040 -0.379777 0.622604 -1.624123 -0.165318 -0.319912 -0.261612 -0.263540
-0.468629 -0.469208 0.387606 -1.004780 0.674808 -0.393005 -0.126397 -0.103465
-0.259487 -0.668981 0.425406 -0.220040 -0.223635 -0.256213 -0.152094 -0.188530
-0.006097 -0.071670 0.016041 0.084104 0.128729 -0.280275 0.015380 0.100068
0.016311 -0.495352 0.119928 -0.637536 -0.005583 -0.492621 0.096060 0.288008
-0.083231 -0.560235 -0.103255 -0.990701 0.318087 -0.902657 -0.054293 -0.237788
0.308916 -0.565032 0.577232 -1.187015 -0.105980 -0.228777 -0.371265 -0.036032
0.202023 -0.839910 0.286560 -1.164971 0.168934 -0.691831 0.067816 0.062821
0.063355 0.049527 0.283885 -0.631471 -0.199129 0.067485 0.319817 -0.264504
-0.894727 0.018293 -0.071262 0.100791 0.867333 -0.352873 -0.291414 -0.789276
-0.935248 -0.010757 -0.110659 -0.226117 0.677756 -0.040475 -0.371625 -0.737637
-0.781872 -0.031876 0.134502 0.077801 0.915700 -0.325741 -0.081136 -0.561400
-1.148702 0.230089 -0.398300 0.080253 0.477163 -0.439210 -0.076302 -0.749141
0.281936 -0.611170 -0.668968 0.153638 0.897547 -0.531777 0.242726 0.109889
-0.973882 -0.146542 -0.115014 -0.202546 0.879453 -0.322166 -0.227491 -0.603402
-0.950724 -0.435395 0.014645 -0.037165 0.934933 -0.278652 -0.369545 -0.425320
-1.070498 -0.045457 -0.207682 0.079431 1.120959 -0.316035 -0.146049 -0.261211
-0.750176 0.038650 -0.100188 0.227886 0.698270 -0.005265 -0.185190 -1.050006
-0.914984 -0.389556 0.087422 -0.099378 0.939707 -0.459589 -0.225160 -0.324671
-0.875402 0.069140 -0.129948 -0.267572 0.374925 0.362300 -0.390903 -0.835249
-0.792215 -0.317975 -0.285210 -0.040339 0.532219 -0.189870 -0.357015 -0.645568
-1.070637 -0.184291 -0.240862 -0.139097 0.580449 0.008700 -0.365494 -0.599699
-1.036007 0.052530 -0.450974 0.086394 0.632520 -0.123976 -0.248297 -0.764787
-0.992342 0.065862 -0.287952 -0.108463 0.471030 0.111641 -0.433725 -0.629696
-0.956634 -0.310725 -0.086206 -0.301935 0.711776 0.038253 -0.318508 -0.551428
-0.988314 -0.164384 -0.268142 0.137010 0.740310 -0.148906 -0.268100 -0.688481
-1.117393 -0.163786 -0.170826 0.029051 0.759759 -0.201023 -0.018337 -0.607887
-0.958544 -0.331915 0.150840 -0.321332 0.901486 -0.084790 -0.196444 -0.497404
-0.986197 -0.048915 -0.292123 -0.060149 0.465899 0.046800 -0.370242 -0.696488
-0.882454 0.016916 -0.005043 0.463411 0.411582 -0.503053 -0.188932 -0.387596
-0.819534 0.019851 -0.111122 -0.140846 0.892716 -0.076654 -0.087583 -0.966833
-1.080971 -0.174360 -0.238592 -0.178824 0.830005 -0.209762 -0.248197 -0.585333
-1.043207 -0.082198 -0.160217 -0.155456 0.911963 -0.319564 -0.170994 -0.607275
-0.958628 -0.035351 -0.238558 -0.082470 0.506936 0.115366 -0.381153 -0.737697
-0.850343 -0.255206 0.174328 -0.149896 0.918259 -0.182513 -0.259412 -0.657164
-0.929498 -0.207727 0.074745 -0.160410 0.861164 -0.208639 -0.276814 -0.624603
-0.839083 -0.151426 0.112023 -0.052908 0.902289 -0.347456 -0.373806 -0.567541
-0.923218 -0.034917 -0.070033 -0.033836 0.716669 -0.102060 -0.366151 -0.798638
-0.819534 0.019851 -0.111122 -0.140846 0.892716 -0.076654 -0.087583 -0.966833
-1.063891 -0.374771 -0.137311 -0.054998 0.934028 -0.480267 -0.200173 -0.184582
-0.857133 0.033134 -0.053527 0.144094 0.798088 -0.365249 -0.314274 -0.809547
-0.880861 -0.319168 -0.007622 -0.152276 0.877600 -0.164037 -0.251236 -0.624382
-1.018221 -0.500819 -0.312908 -0.119834 0.883213 -0.473088 -0.096369 -0.197458
-0.647781 -0.415711 -0.104874 0.078706 0.976305 -0.766241 -0.079138 -0.247689
-0.876205 -0.487098 -0.049590 -0.219747 0.595949 -0.087179 -0.313402 -0.580581
-1.026332 -0.147677 -0.152839 -0.007777 0.953038 -0.462625 -0.192344 -0.602566
-1.028438 -0.075379 -0.135166 -0.324081 0.783454 0.060219 -0.039351 -0.671673
-1.012374 -0.133328 -0.250291 -0.088934 0.637153 -0.202445 -0.480338 -0.530994
-0.777416 0.067690 -0.244492 -0.359296 0.178614 0.281567 -0.502283 -0.538585
-0.580275 -0.352310 -0.352369 -0.497164 0.361892 0.190341 -0.496965 -0.280603
-0.847882 0.210484 -0.349660 -0.134100 0.399382 -0.122288 -0.439239 -0.621794
-1.002394 0.049303 -0.140564 -0.132396 0.445287 0.114289 -0.616840 -0.607243
-1.338034 0.141137 -0.376599 0.264579 0.368894 -0.614365 -0.163680 -0.881756
-0.777901 -0.590537 0.134506 -0.305393 0.688119 -0.153732 -0.438691 -0.437968
-1.021568 -0.134109 -0.177472 -0.126416 0.823742 -0.015499 -0.156260 -0.697490
-0.557015 0.226400 -0.542305 -0.133098 0.777685 -0.177840 -0.203588 -0.304244
-0.837591 -0.025214 -0.674959 0.311579 0.125536 -0.547469 0.054117 0.018688
-0.985490 -0.044235 -0.184312 -0.500068 0.857521 -0.519288 -0.032271 -0.306877
-0.947075 -0.228443 -0.031008 -0.134756 0.959814 -0.235477 -0.172928 -0.634043
-0.867726 -0.176526 0.033648 -0.065349 0.968696 -0.272282 -0.201738 -0.731612
-0.947626 -0.063419 -0.106772 -0.038213 0.864536 -0.207471 -0.217359 -0.764846
-1.032829 -0.009108 -0.206296 0.016793 0.781901 -0.223932 -0.182901 -0.798609
-0.890218 0.185297 -0.353375 0.299434 0.529135 -0.349522 -0.278481 -0.878660
-0.992054 -0.098524 -0.000788 -0.024314 0.855228 -0.176177 -0.304908 -0.697309
0.238758 -0.485119 0.123618 0.313532 0.231820 0.014210 -0.064942 -0.538605
