0.405941 0.161467 -0.174316 -0.016669 -0.353919 -0.514601 0.165459 0.088247
0.249245 -0.473316 -0.122139 0.133113 0.985016 -0.563060 -0.333149 -0.933682
0.430517 -0.154878 -0.117604 0.590913 -0.517134 -0.552206 0.695217 -0.005329
-0.130007 -0.169093 -0.696550 -0.322734 0.159484 -0.480275 0.524258 0.627673
0.245114 -0.045618 0.017143 -0.079436 0.152917 -0.508718 -0.234896 -0.592732
0.194300 0.182815 -0.579372 -0.178430 -0.350808 -0.665226 0.219792 -0.377186
0.301581 -0.336157 0.224497 -0.431189 0.961188 -0.050281 -0.137013 0.177410
-0.342094 -0.832632 0.180872 0.400486 0.475924 -0.969340 -0.150528 0.306226
-0.405635 -0.184904 0.163466 -0.691195 0.213581 0.295618 -0.938117 -0.659475
-0.214410 -0.667979 0.101239 -0.857382 0.210185 0.267474 0.588787 0.230870
0.150276 -0.737414 -0.013279 -0.553469 0.054828 0.356832 0.737486 0.141635
0.379141 -0.951709 0.044120 -0.165036 0.603677 -0.304402 -0.043747 -0.402033
0.007025 0.547384 0.292482 -0.178940 0.123693 -0.287143 -0.465460 0.344198
0.271504 -1.103059 0.045746 -0.787392 0.310139 0.167138 0.537089 0.597778
0.388247 -0.022685 0.317132 -0.248345 -0.047101 -0.274298 0.061889 0.209361
0.430614 -0.967304 -0.151906 -0.354316 0.209668 -0.257523 0.550447 0.309221
-0.025541 -0.512431 -0.533702 -0.351902 -0.225387 -1.010271 0.176682 -0.390628
0.145471 -0.680073 -0.966969 0.074198 0.660904 -0.239635 0.888274 0.944611
-0.104854 -0.355897 0.294845 -0.170237 0.078289 -0.557786 0.010112 -0.130400
-0.311231 -0.676253 -0.287360 -0.877530 0.039388 0.122529 0.741641 0.915781
-0.519909 -0.728059 0.098749 -0.512230 0.935311 0.078565 -0.399976 -0.339939
0.206634 0.187860 -0.177078 0.034387 -0.662253 -0.011572 -0.192726 -0.193546
0.221794 0.342591 0.441176 -0.028056 -0.162853 -0.143133 -0.541488 -0.442184
0.091367 0.246380 0.034479 -0.109338 -0.194778 -0.454117 -0.222971 -0.357079
0.226590 0.285734 -0.204801 -0.102476 0.588164 -0.183371 0.011225 -0.373082
-0.756569 -0.490886 0.520990 -0.911828 -0.768664 -0.175130 0.606939 -0.318163
-0.885473 -0.014333 -0.079841 -0.444367 -0.299189 -0.793544 0.118639 -0.419087
-0.038680 -0.021114 0.527092 0.200457 -0.730934 -0.316164 0.110768 0.520577
0.198192 0.264338 -0.007720 -1.121846 -0.379972 -0.271566 -0.254663 -0.509744
-0.580084 0.037954 0.302960 -0.620820 -0.186688 0.264942 0.015012 -0.678916
-0.742766 -0.014680 -0.579953 -0.450453 0.250482 -0.677015 0.103500 -0.234782
0.081495 -0.660325 0.468961 -0.994584 -0.681807 -0.234606 -0.263020 -0.550917
0.717982 0.170426 0.253908 -0.293654 0.895245 0.164167 -0.557471 -0.361670
0.777785 -0.290602 -0.127420 0.069889 0.334111 -0.055246 -0.383004 -0.701031
0.196079 0.707635 0.277197 -0.358893 -0.163967 -0.705408 -0.268671 -0.565532
1.120153 -0.138807 0.431900 -0.649995 -0.018320 -0.411344 -0.662514 -0.245116
-0.137895 0.831357 -0.688532 0.318073 -0.450285 -0.558938 -0.021479 -0.262169
0.625506 -0.675105 -0.096280 -0.876775 0.472696 -0.726750 -0.232403 -1.238740
0.553897 -0.626325 -0.328023 -0.805609 -0.101586 -1.386789 -0.306082 -0.753600
-0.573388 -0.088982 0.413887 -0.117485 -0.351922 -0.307710 -0.079231 -0.081410
-0.628348 -0.370162 -0.541490 -0.510215 0.658977 -0.676614 0.589802 -0.318230
0.881175 -0.060379 0.192408 0.327301 -0.577797 -0.515905 -0.120668 0.421297
-0.421466 -0.447251 0.306138 0.380788 0.689318 -0.920742 -0.197928 0.286208
0.393878 -0.388447 0.115095 0.264679 0.459601 -0.291531 -0.213263 -0.094266
-0.443039 -0.657982 0.140376 1.076622 0.107208 -0.367936 -0.028120 0.197574
0.071888 -1.451666 -0.212162 -1.117522 1.274480 0.004096 -0.421553 -0.381666
-0.071301 -0.839176 -0.182387 0.017924 -0.322335 -0.617348 -0.294793 -0.720020
0.594479 -1.216114 -0.217340 -0.335928 0.161641 -0.221779 -0.330465 0.239405
0.736934 -0.617403 0.374315 -0.398381 -0.726735 -0.627221 -0.206997 -0.011987
-0.434253 -0.331048 0.122441 -0.748894 0.755792 -0.125432 -0.104199 0.064038
0.264362 -0.109991 0.451646 -0.740882 0.399665 -0.418862 -0.811080 -0.986640
-0.161573 -0.077388 -0.003125 -0.097879 -0.205886 -0.155445 0.411011 -0.728375
0.566511 -0.658081 0.085032 0.183973 0.573789 -0.161076 -0.368986 -0.761352
0.186557 -0.058232 -0.389630 -0.266021 0.397232 -0.956394 -0.335274 -1.233607
-0.208430 0.332193 -0.123995 -0.149630 -0.577574 -0.075086 -0.163560 -0.440365
-0.166721 -0.290455 0.323182 -0.958681 0.032111 -0.166633 -0.641337 -0.736292
-0.625919 -0.634601 -0.213190 -0.686360 0.206550 -0.835598 -0.386040 -1.057400
-0.142663 -0.550371 0.138006 -0.579136 0.420070 -0.693752 -0.401957 -0.031203
-0.276865 -0.733220 0.248342 0.034750 -0.629298 -0.499839 -0.216406 -0.380973
-0.042288 -0.178117 -0.075798 0.447912 -0.869918 -0.237804 0.059939 -0.924869
-0.093069 0.090428 0.004793 -0.243554 -0.801437 -0.563347 -0.306292 -0.203360
0.581716 0.406262 -0.023138 0.056190 -0.321002 -0.586054 0.010242 0.291271
0.561653 -1.142293 0.300968 -1.001454 -0.106567 -0.562349 0.295771 -0.740153
0.179933 0.378913 0.000422 -0.781322 0.190029 -0.095358 -0.819241 -0.652468
0.145775 -0.994575 -0.231293 -0.070519 0.495386 -0.720371 -0.295494 -0.646297
0.480966 0.308063 0.237094 -0.137685 -0.561503 0.064538 -0.353871 -0.794606
0.394365 0.115724 -0.352670 0.142344 0.110503 -0.385242 -0.212038 -0.317448
0.464913 -0.167052 0.590286 -0.197690 0.003201 -0.324369 -0.398078 -0.398367
0.362235 -0.291885 0.567155 -0.675131 -0.259433 -0.678016 -0.418570 -0.946755
0.188444 -0.473478 0.535869 -0.473390 0.348229 -0.748756 -0.902453 -0.574045
0.358013 -1.188541 0.748738 -0.615688 -0.417844 -0.098206 -0.585152 -1.215828
-0.260622 0.035856 0.146551 -0.104092 0.281919 -0.745437 -0.795927 -0.596353
0.645206 -0.948677 0.417754 -0.391251 -1.098520 -0.417702 0.123820 -0.171959
-0.117625 -0.370085 0.195847 -0.218379 0.511108 -0.707417 -0.394930 -0.935820
-0.555569 -1.061455 0.500076 -0.949747 -0.806181 -0.391121 -0.381734 0.414217
-0.209063 -0.650243 -0.054758 -0.533980 -0.052280 -0.325771 0.242532 -0.535817
0.574933 -0.348928 0.061283 -0.705950 -0.088645 -0.602989 0.243035 -0.130771
-0.158563 0.293893 -0.527780 -0.461875 -1.157205 -0.455246 0.367254 -0.661471
0.782716 -1.599320 0.045345 -1.599407 0.362633 0.490047 -0.288491 0.069337
0.307773 -1.312142 0.602616 -0.298810 0.387600 0.044249 -0.626704 0.013403
-0.304734 0.327442 -0.434993 0.112801 -0.017817 -0.468235 0.572932 -0.231961
-0.888436 0.099066 -0.591421 0.692957 -0.009831 -0.285499 0.623515 0.181580
0.543261 -0.975391 -0.108828 -0.826210 0.872440 0.137153 -0.237502 0.053859
0.219880 -0.389370 -0.230253 -0.221249 0.902154 -0.118686 0.228457 0.052405
-0.738302 0.103015 0.302714 -0.310554 0.322884 0.237935 -0.194183 0.159297
-0.569441 -0.315609 -0.484560 0.046902 -0.411973 -0.482208 -0.008951 0.231614
0.398762 -0.639827 -0.019357 -0.201892 -0.067266 -0.325647 -0.115925 -0.171413
0.410326 -0.983804 -0.021823 -0.210071 0.897738 -0.336457 -0.505960 -0.154230
0.219277 0.086072 -0.477304 -0.017290 -0.609592 -0.932574 -0.018051 -0.123232
0.368236 -1.162865 0.149992 -1.023724 1.125064 0.141335 -0.117630 -0.630680
0.361856 -0.867446 -0.472922 -0.746156 0.963942 -0.384564 0.265288 0.800145
0.487658 -0.954564 -0.393328 -0.126457 -0.374317 0.086263 1.013365 0.023233
0.301832 -0.291243 0.044507 -0.537155 0.644217 0.058326 -0.756716 -0.570058
0.118957 -0.293957 0.118970 -0.149137 0.557723 -0.209492 0.227326 0.238916
-0.589481 -0.377001 -0.304518 -0.337581 0.005530 0.276751 0.302067 0.904967
0.144317 -0.683216 -0.325644 -0.695664 0.238887 -0.381783 -0.023250 0.526432
-0.819066 -0.165348 0.114763 0.003653 0.804429 -0.152590 -0.374070 -0.696262
-0.978777 -0.211304 -0.173655 -0.143546 0.679269 0.041747 -0.311536 -0.632804
-0.959864 -0.088577 -0.312805 -0.337396 0.292940 -0.067063 -0.650001 -0.548657
-0.807814 -0.089806 -0.184478 -0.021902 0.324290 0.346927 -0.209275 -0.884251
-1.005492 -0.193658 0.024586 -0.114364 0.679203 0.081548 -0.263090 -0.611830
-0.916299 -0.038276 -0.291423 -0.027478 0.623741 0.022476 -0.351552 -0.532814
-0.916310 -0.017649 -0.224887 0.008675 0.558080 0.036271 -0.212897 -0.775725
-0.995315 0.045252 -0.228652 0.163148 0.592581 0.047497 -0.262660 -0.891056
-1.019678 -0.371844 -0.159073 -0.310451 0.816678 -0.182098 -0.066487 -0.488490
-0.977074 0.256075 -0.036061 0.014112 0.327803 0.008281 -0.454802 -0.752842
-0.797244 -0.166923 0.002500 0.337034 0.782396 -0.244433 0.089227 -0.643110
-0.522943 -0.063506 0.121291 -0.388341 0.447926 -0.568564 -0.553784 -0.160992
-0.745349 -0.470728 -0.257658 -0.358801 0.803377 -0.256700 -0.096055 -0.307899
-0.988676 0.231804 -0.096622 0.422365 0.744834 -0.883130 -0.466062 -0.323271
-0.824391 0.128427 -0.208790 0.146186 0.473815 -0.148374 0.186711 -0.966816
-1.256672 -0.010052 -0.158952 -0.005626 0.705230 -0.299759 -0.393332 -0.664446
-1.015999 0.017413 -0.170321 -0.100201 0.712406 -0.204715 -0.372008 -0.712405
-1.104582 -0.165702 -0.350572 -0.231079 0.823202 -0.263509 -0.275774 -0.484977
-0.890081 -0.174047 -0.209506 -0.032795 0.790191 -0.176482 -0.155488 -0.700330
-0.932153 -0.179616 -0.025463 -0.067846 0.901598 -0.335083 -0.322139 -0.610276
-1.032134 -0.158056 -0.242011 0.065072 0.687826 -0.158372 -0.256681 -0.736051
-0.310861 -0.288308 -0.002292 -0.127688 0.561166 -0.437664 -0.235086 -0.597537
-0.942961 -0.100088 -0.022235 -0.043529 0.992603 -0.386405 -0.202187 -0.615160
-0.981410 -0.319083 -0.184197 -0.314708 0.726869 -0.075437 -0.171682 -0.452579
