-0.094776 -0.729139 -0.083632 0.510007 -1.032282 -0.321389 0.529860 -0.006561
0.163858 -0.324500 0.363451 -0.720378 0.690046 -0.050034 -0.572054 0.923054
0.043451 -0.845405 0.223385 -0.860315 0.774836 -0.342954 -0.266218 -0.167139
0.249422 -0.153214 0.055989 -1.039955 0.588606 -0.778854 -0.413066 0.503303
0.168558 -0.241087 -0.605892 -0.614781 0.380761 0.125264 0.090431 0.149310
0.761709 0.375944 1.077328 -0.262574 0.742863 -0.453658 -0.306110 0.015600
0.376592 -0.428242 -0.601965 -0.904331 1.059779 -0.359821 -0.372871 -0.297926
-0.027747 -1.133570 0.053027 -0.737285 1.039782 -0.287772 -0.426177 0.068754
-0.179865 -0.155638 0.748085 -0.889601 0.128213 0.133991 -0.530424 -0.431221
0.024913 -0.620230 -0.221268 -0.477997 0.882974 -0.033077 0.244070 0.289429
0.094943 -0.107947 0.039666 -0.508752 0.221720 -0.758176 -0.015602 0.095415
-0.664273 -0.341590 -0.592441 0.059761 -0.090895 -0.818542 -0.314253 -0.321873
-0.058484 -0.993420 -0.119890 -1.145199 0.935226 -0.378323 -0.303778 0.043831
-0.146300 -0.522831 -0.548150 -0.676235 0.096176 0.054948 0.307332 0.888380
-0.161013 -0.744261 -0.235534 -0.944426 1.127407 -0.044190 -0.674706 0.029999
0.139741 -0.543834 -0.257934 -0.136181 -0.263254 -0.177860 0.006076 -0.794005
0.199946 -0.941763 -0.561022 -0.676104 1.069789 -0.200084 -0.378200 0.002163
-0.216104 -0.995394 0.231820 -0.468131 -0.071942 -0.748381 0.083908 -0.584839
0.133358 -0.632946 -0.125237 -0.774885 1.370318 -0.482108 -0.661680 -0.242558
-0.654426 -0.949849 0.176992 -1.099032 0.826567 -0.190671 0.129678 -0.288265
0.711861 -0.214741 0.230866 -0.824109 0.839922 -0.678719 -0.352925 -0.238731
0.074276 -0.479397 0.569506 -1.159902 1.395116 0.368946 -0.677844 -0.532947
-0.316437 -0.229799 -0.379886 -1.190058 0.527249 -0.024659 -0.631479 -0.498883
0.078814 0.113402 0.471476 -0.984427 0.807556 -0.284004 -0.688818 -0.007012
0.134003 -0.419069 0.614533 -0.848549 -0.606041 -0.416301 -0.380499 0.275167
0.182789 0.096879 -0.270728 -0.467818 0.510315 -0.366023 -0.159143 0.030487
-0.076648 0.513482 0.115060 -0.715725 1.080599 0.476470 -0.186428 0.548584
0.885350 -1.046571 0.045920 -0.932105 1.280064 -0.073459 -0.541304 -0.599136
-0.393095 -0.542919 0.154306 -0.910244 0.276894 -0.016374 -0.406375 -0.663749
-0.080996 -0.094998 -0.570098 -0.189209 -0.595470 -0.115360 -0.133157 -0.222833
0.044437 -0.983177 0.271077 -0.370935 0.876236 -0.474441 -0.336635 -0.425578
0.905749 -0.024882 0.779981 0.077453 -0.297484 -0.691504 -0.556939 -0.838958
-0.044835 -0.706875 0.595276 -0.561196 -0.783661 -0.600244 -0.309520 -0.279941
-0.246490 -0.425640 0.469837 -0.147788 -0.532439 -0.730509 -0.125949 -0.563984
-0.256625 -0.310274 0.251255 -0.376228 -0.678336 -0.620509 -0.295808 -0.603692
-0.584803 -0.942215 0.210952 0.133551 0.637707 -0.534987 -0.357483 -0.662948
0.319917 -0.459247 -0.410880 0.066254 0.308326 -0.459665 -0.143380 -0.410581
0.129496 -0.457357 0.193115 -0.421182 0.104415 -0.813511 -0.382145 -0.780078
0.107702 -0.726942 0.585877 -0.136235 0.165003 0.197558 0.020136 -0.608379
0.255850 0.547346 0.072772 -0.402149 -0.071634 -0.847812 -0.335239 -0.353079
0.523105 0.138362 0.657035 -0.888111 0.511978 -0.293140 -0.784391 -0.184003
0.083609 -0.901223 0.090192 -0.402764 0.126339 -1.007807 -0.583960 0.071590
0.319774 -0.841669 -0.102639 -0.652169 0.607495 -0.570107 -0.213590 -0.511715
-0.202435 -0.850101 0.563117 -0.110364 0.532505 0.144667 -0.574113 -0.952347
0.391484 0.009879 -0.549676 -0.385482 0.977373 -1.164179 -0.081185 -0.375173
-0.125366 -0.338776 -0.430059 -0.815656 0.287026 -0.847232 0.234356 -0.824474
-0.243270 -0.072543 0.704021 -0.877603 -0.256131 -0.334317 0.007506 -0.165995
0.387313 -1.229454 0.250730 -0.639838 0.150774 0.009125 -0.156424 -1.006694
-0.091833 -0.558140 0.430513 -0.406254 0.404454 -0.394835 -0.598081 -0.973519
-0.164500 0.090441 -0.010964 -0.813257 0.514063 -0.556950 0.148489 0.118567
0.176675 -0.470618 -0.498118 -0.350076 -0.394317 -0.366354 0.176197 -0.801321
1.149676 -0.972237 0.396814 -1.130121 -0.072765 -0.257789 -0.306812 -0.754857
0.385012 0.353135 -0.175630 -0.379822 0.569057 -0.153757 -0.326032 -0.839800
-0.588869 0.058785 0.171870 -0.812641 0.422072 -0.132693 0.259777 -0.018291
-0.313656 -0.946086 0.455031 -0.542769 0.558726 -0.379173 0.101844 -0.069495
-0.136787 -0.081554 -0.260111 -0.652478 -0.182323 -0.045003 0.511119 -0.190874
-0.389760 -0.846451 0.383869 -0.626794 0.451885 -0.918071 -0.301382 -0.446358
0.087678 0.119676 0.333217 -0.671784 0.145205 -0.744395 -0.707523 -0.604925
-0.214306 -0.412911 0.689379 -0.672191 0.338463 -0.609321 -0.073593 -0.651143
-0.896834 -0.538564 0.722119 -0.765464 0.220436 -0.740137 -0.689579 -0.786758
0.159055 -0.093715 -0.086931 -0.619591 -0.071146 -0.801507 -0.313641 -0.778708
-0.486679 -0.130754 0.095556 -0.436343 0.220669 -0.946946 -0.577288 -0.399545
-0.393072 -0.551669 0.163706 -0.725315 0.325884 -0.584631 -0.565024 -0.576053
-0.070168 -1.155833 0.658131 -0.472552 0.919564 -0.154030 0.198014 -0.225737
0.006814 -0.234175 -0.345480 -0.022812 -0.231988 -0.619188 0.137333 -0.328165
-0.624462 -0.986443 0.938109 -1.167713 1.201533 -0.039858 -0.486437 -0.346248
-0.202478 -0.646983 0.618111 -0.470830 0.054296 -0.662055 -0.744772 -1.090656
0.320573 -1.177026 -0.135591 -0.818016 -0.240204 -0.241320 0.092558 0.471776
0.630158 -0.638245 -0.619059 -0.670883 0.737339 -0.726056 -0.186788 -0.121454
-0.397110 -0.683590 1.280434 -0.076280 -0.080640 0.241924 -0.421408 -0.653163
0.120820 -1.661343 0.577671 -0.063930 0.039854 0.160329 -0.180680 -0.240772
0.905681 -0.345726 0.691214 -0.923948 0.888984 -0.667986 -0.828819 -0.115860
-0.338794 0.123797 0.276095 -0.333970 -0.199411 -0.208821 -0.243096 -0.396779
-0.050519 -0.167963 -0.578856 0.179058 -0.228397 -1.298109 -0.140747 -0.551790
0.024152 -0.186557 -0.256709 -0.631878 0.899769 -0.051849 -0.522998 -0.125281
-0.025595 -1.011286 0.390887 -0.539544 0.041674 -0.444370 -0.486391 -0.036041
-0.306973 -0.340624 -0.457181 -0.323223 -0.227069 -0.982665 0.376018 -0.248609
-0.493609 -0.177355 -0.093963 0.140109 -0.056560 -0.127308 -0.436492 -0.304856
0.236497 0.195367 -0.181443 0.424529 0.503926 -0.825099 -0.402383 -0.396817
0.231637 -0.706199 0.352288 -1.369693 -0.107929 -0.217062 -0.417287 -0.477147
-0.123103 -0.684758 0.274490 -1.024075 0.268476 -0.007940 -0.285195 -0.408471
-0.410428 -0.510354 0.067218 -0.437721 0.489480 -0.226528 -0.415852 0.715151
0.525257 -1.108949 0.087428 0.448012 -0.205321 -0.729086 -0.120310 -0.338297
0.052019 -0.533108 -0.039674 0.201588 -0.560812 -0.719840 0.022346 -0.238791
-0.143618 -1.076423 -0.334755 -0.218344 -0.514550 -0.601553 0.307377 -0.448668
-0.201622 0.365019 -0.789432 0.315705 0.661917 -0.837649 0.543309 -0.202261
0.468992 -0.648221 -0.007267 -0.339107 1.177185 -0.227706 -0.067142 -0.268239
-1.187060 -0.705437 -0.360879 -0.070909 0.259030 -1.179415 -0.372735 -0.399731
-0.419838 -0.761207 0.190695 -0.669211 0.589365 -0.601877 -0.127110 -0.376174
-0.261679 -0.667647 0.634858 -0.525039 0.726466 -0.566552 -0.494623 -0.041851
0.579036 -1.548521 0.374258 -0.494635 0.596884 -0.181809 0.108581 -0.277741
0.102848 0.124780 -0.559649 0.674983 -0.184399 -0.009382 -0.361222 -0.151616
-0.759418 0.382523 0.447341 -0.074892 0.564083 -0.956544 0.563323 0.313141
0.112694 -0.442032 -0.113414 -0.195038 0.156344 -0.929534 -0.006374 -0.345365
-0.829080 -0.505076 0.173058 -0.061525 -0.136608 -0.256634 -0.148992 0.663058
0.765374 -0.670877 0.259947 -0.467711 -0.552441 -0.163551 -0.445526 -0.369191
-0.098865 -1.315659 0.484689 -0.535558 0.844778 -0.107257 -0.805515 -0.653165
0.111542 -0.546731 0.005223 -0.245305 -0.025791 -0.407469 -0.512630 -0.680775
0.315298 -0.887114 0.041107 -0.203849 0.760597 0.509715 -0.292078 -0.125011
-0.170338 -0.261611 0.358943 0.503336 -0.441367 -0.538764 0.407186 -0.048740
0.288437 -0.191764 -0.015319 -0.154021 0.287574 -0.695123 -0.173092 -0.051416
-0.231269 0.158488 -0.363467 -0.051659 -0.323116 -0.330816 -0.119223 0.454917
0.968066 -1.442230 -0.031124 -0.964452 0.017808 -0.213564 -0.468587 0.319144
-0.169645 -0.537180 0.087697 -0.931787 0.805955 -0.634819 -0.317823 -0.776955
-0.038883 -0.873105 0.415751 -0.757826 0.743531 0.089142 -0.337322 0.637412
0.256739 -1.257918 0.095402 -0.159898 1.308382 -0.231181 -0.693473 -0.034504
0.111796 -0.513477 0.316695 0.027320 1.329033 0.006575 -0.207265 0.105257
0.282890 -0.309580 0.406164 -0.584265 0.853116 0.157739 -0.585579 -0.331489
-0.110948 -0.095124 0.189471 -0.057348 0.941047 -0.301823 0.341334 0.105806
0.335867 0.055537 0.167485 -0.036247 1.065363 -0.306789 -0.021417 0.341294
0.248952 -0.442156 -0.088185 -0.089113 0.942794 0.273284 -0.627215 -0.349316
-0.187838 -0.042106 0.252470 -0.440353 0.649038 -0.075678 -0.210292 -0.547867
0.831447 -0.725768 0.356166 -0.740408 0.417164 0.654392 -0.337845 -0.006180
0.347375 0.414964 -0.290214 -0.441277 0.458040 0.110660 0.151909 0.596554
0.165040 -0.062852 -0.317095 -0.907951 0.670802 -0.387441 -0.154647 0.494982
-0.374803 -0.778301 0.072555 -0.643655 0.609623 -0.211965 0.752016 0.268838
0.159620 -0.480622 -0.148303 -0.509914 1.236300 -0.151359 0.004846 0.162094
0.080972 -0.732853 0.381006 -1.042517 1.295561 0.669929 -0.924032 -0.134979
-0.318475 -0.452984 -0.163586 0.085213 0.394647 -0.493621 0.746855 0.629103
0.696608 -1.358333 0.628668 -0.619918 -0.228201 -0.423362 0.176045 0.304547
0.033706 -0.440526 0.321370 -0.588499 -0.537182 0.491617 0.523405 0.321152
-0.552987 -0.914224 -0.479225 -0.194307 0.886129 -0.264781 -0.352798 0.261893
-0.457232 -0.667861 0.041130 -0.603536 0.586722 -0.558314 0.340149 -0.328935
0.396917 -0.628211 -0.642464 -0.121628 0.993482 -0.691089 -0.436083 0.301893
0.156202 -0.895302 0.050889 -0.590869 1.182445 0.444989 -0.225869 0.136464
-0.192909 -0.379848 -0.733306 -0.625130 -0.304331 -0.324122 0.132512 0.055618
0.003516 -0.439462 -0.427355 -0.287143 0.156225 -0.797023 0.626219 0.414347
0.148279 0.244715 0.202439 -0.623947 0.140023 0.182960 0.215786 -0.151457
0.060225 -0.455387 -0.836916 -0.107607 -0.017721 -0.802460 0.319134 -0.228761
-0.243181 -0.543366 0.207834 -0.702501 0.613779 -0.215632 -0.276850 -0.466383
0.217966 -0.518373 0.135193 -0.819499 -0.701551 0.394244 0.042887 -0.145474
0.133905 -0.638303 -0.011790 -0.967490 0.191221 0.242864 0.214425 -0.185893
0.874958 -0.563748 -0.566151 -0.435891 0.497737 -0.122215 0.419183 -0.202239
0.812520 -0.291193 0.134008 -0.475395 0.735810 -0.479728 -0.163316 -0.331093
-0.013994 -0.383738 -0.053026 -1.357829 0.704475 -0.815571 -0.362076 0.543964
0.015442 -0.390132 -0.023280 -1.347758 1.210392 -0.571976 -0.005054 0.149986
0.652646 -1.364373 -0.484982 -0.204972 0.143220 0.887382 0.976178 0.010737
0.397539 -0.933920 -0.356695 -1.024574 1.267498 -0.350617 -0.288387 -0.063529
0.268572 -0.517989 0.004260 -0.169432 1.430239 -0.526868 -0.340165 -0.359533
0.143831 -0.445126 0.329458 -0.209187 0.352928 -0.354511 -0.185336 -0.307430
0.265051 0.294322 0.101663 -0.015318 0.371121 -1.230401 -0.899126 -0.226843
-0.846133 -0.472231 -0.366426 -0.673979 -0.646368 -0.610310 0.706795 0.133988
0.182120 -0.302652 0.426339 -0.428173 0.139541 -0.349039 -0.186586 -0.752813
-0.462000 0.065895 0.041756 0.181183 0.232112 -0.607836 0.058568 0.388139
-0.371351 -0.553604 0.438055 -0.702340 0.332623 -0.276663 -0.506012 -0.462019
-0.377009 -0.549799 -0.142193 -0.900789 0.173100 0.212190 0.258122 0.658023
-0.275917 -0.035930 0.413705 -0.385155 0.064772 -0.498221 -0.818254 -0.746141
0.201672 0.533210 -0.164631 0.012447 -0.397036 -0.833738 -0.478288 -0.331087
-0.563100 -0.397989 -0.398088 -0.063153 0.058767 -1.103819 -0.083648 -0.126683
0.655361 -0.596863 0.051646 0.177619 -0.237176 -0.469964 0.006323 0.204382
-0.154043 0.002249 -0.376161 -0.388700 0.248971 -0.073589 -0.601552 -0.615388
0.384461 -0.073391 0.345014 0.231161 0.110440 -1.002594 0.098479 0.199444
-0.204213 -0.308016 0.495854 -0.813797 -0.446754 -0.552730 -0.681856 -0.778621
0.340939 -0.693573 1.123184 -0.140144 -0.619453 0.342595 -0.801786 -0.060597
0.325306 0.511560 -0.310661 -0.295076 -0.815963 -0.219354 0.094238 0.161487
-0.271494 -0.217090 0.193178 0.930133 -0.618017 -0.990154 -0.120980 -0.273757
0.140445 -0.056282 0.137103 0.229209 -0.597675 -0.958432 -0.379610 -0.197305
-0.077731 -0.846769 0.125677 0.082135 0.455678 -0.566657 -0.287883 -0.223021
0.058511 -0.831416 0.750977 -0.220177 -0.769940 -0.400477 -0.373841 -0.741566
-0.331607 -0.443221 0.702750 0.585389 -0.160577 -0.292180 0.095408 -0.380087
0.321970 -0.689451 0.286531 -0.348250 -0.069634 -0.948021 0.323910 0.257693
1.158440 -0.246581 -0.518380 -0.045106 -0.321264 -0.163920 0.397738 0.262097
-0.725586 0.019017 -0.091687 -0.050606 0.882408 -0.281205 -0.209966 -0.883926
-0.817046 -0.177433 0.137064 0.059782 0.844453 -0.515221 -0.315314 -0.409221
-0.961475 -0.445764 0.169144 -0.389385 1.106991 -0.309085 -0.387318 -0.310563
-0.766124 0.011502 0.053020 0.053531 0.971376 -0.363026 -0.008993 -0.725738
-0.723073 0.055894 0.437879 0.059998 0.511551 -0.392540 -0.338636 -0.759803
-0.736002 -0.852215 -0.197193 -0.132780 0.355028 -0.352732 -0.298181 -0.378744
-1.056432 -0.168381 -0.038605 -0.007805 0.870566 -0.113439 -0.171101 -0.667171
-0.744762 -0.105097 -0.417986 0.270802 0.411012 -0.597254 -0.090049 -0.512148
-1.056368 -0.043371 -0.267245 -0.110537 0.468484 -0.098727 -0.492918 -0.513533
-1.072102 -0.215000 0.033198 -0.047507 0.994424 -0.512779 -0.254570 -0.317881
-0.906510 -0.133456 -0.090144 -0.025655 0.819605 -0.124900 -0.243859 -0.775108
-0.938459 -0.336896 -0.038493 -0.070265 0.829689 -0.111970 -0.229623 -0.588316
-0.795665 -0.036346 -0.547536 -0.096978 0.300632 -0.043801 -0.301432 -0.699158
-0.886561 -0.296853 -0.283638 -0.025358 0.533007 -0.029341 -0.262759 -0.623389
-0.020474 0.574796 -0.592959 -0.316943 0.335867 -0.637961 -0.552036 0.166892
-0.877322 0.077220 -0.145745 -0.123345 0.341639 0.483312 -0.408153 -0.724352
-0.187187 0.291804 -0.497168 0.053168 0.459028 -0.628505 -0.421553 -0.580619
-0.888687 0.086231 -0.122571 -0.080523 0.546743 -0.038068 -0.466271 -0.765816
-0.671929 -0.252570 -0.206267 -0.044278 0.900252 -0.544484 -0.089000 -0.489828
-0.993540 -0.231984 -0.046099 -0.110244 0.999984 -0.525789 0.041789 -0.386568
-0.865381 -0.064353 -0.123674 -0.316351 0.906722 -0.071124 -0.068940 -0.803048
-0.922234 -0.024064 -0.205108 -0.152030 0.966076 -0.213407 -0.029727 -0.783530
-0.987789 -0.140052 -0.203747 -0.184528 0.735807 -0.137191 -0.291414 -0.679850
-0.838724 0.247981 -0.415652 -0.150029 0.312646 0.123944 -0.419024 -0.860143
-0.924313 -0.131764 -0.157147 -0.010203 0.680796 -0.328949 -0.396576 -0.744271
-0.750479 -0.790643 -0.330916 -0.235622 0.155860 0.154075 -0.277633 -0.226158
-0.971746 -0.071759 -0.161502 -0.020677 0.778049 -0.130796 -0.255959 -0.771601
-0.932595 0.013421 -0.136248 0.110345 0.749255 -0.120552 -0.250136 -0.870907
-0.375652 0.784975 -0.251358 0.507022 0.262141 -0.512725 -0.462436 -0.666240
-0.711934 -0.362970 0.269324 -0.306934 1.109202 -0.322281 -0.267723 -0.813642
-0.977181 0.071395 -0.161868 -0.054728 0.697764 -0.019735 -0.196833 -0.834451
-1.049410 0.007761 -0.195530 0.063515 0.747991 -0.278005 -0.309908 -0.705235
-0.938976 -0.073670 -0.203349 -0.185578 0.631376 0.030797 -0.350542 -0.673711
