0.233182 0.425463 0.373215 -0.675361 0.380644 -0.083203 -0.489740 0.071827
-0.063025 -0.692145 0.206444 -0.102902 0.930634 -0.422696 -0.431731 -0.126486
-0.166090 -0.491262 -0.002689 -0.350448 1.227661 -0.090626 -0.725705 -0.035518
0.156394 -0.314925 -0.097607 -0.906662 0.524639 -0.918172 0.062094 0.087272
0.338572 -0.096266 0.191240 -0.968191 0.493489 -0.305752 -0.545234 0.580652
0.179518 -0.019473 -0.089657 -0.120161 0.395007 0.052893 -0.205857 -0.439252
0.343312 -1.669352 0.172006 -1.399621 1.445279 -0.348534 -0.434845 -0.258815
0.864758 -1.429034 0.068893 -0.888695 0.108455 0.026407 0.368346 -0.496129
-0.023539 -0.372506 0.239106 -0.292884 0.539476 -0.507458 0.022295 -0.209875
-0.197796 -0.499282 -0.138674 -1.338232 0.103348 -0.479971 0.215697 0.033337
-0.006231 -0.191418 -0.520375 0.253250 0.557915 -0.617945 -0.017760 -0.124823
-0.161807 -1.028824 0.095952 -0.793884 0.445483 0.089061 -0.216370 -0.520348
0.090103 -0.596853 -0.020451 -0.457769 -0.432849 0.047348 0.002077 0.773911
-0.006776 -0.511325 -0.401894 -0.563390 1.309602 -0.819512 -0.434224 0.310390
-0.037473 -0.153579 -0.329494 -0.460536 -0.095510 -0.865320 0.019282 0.031772
0.214453 -0.590623 -0.385582 0.242198 0.719292 -0.707551 -0.490933 -0.465336
0.089982 -0.894059 0.333689 -0.883367 0.241552 -0.046526 -0.364974 -0.761996
-0.474071 -0.158000 -0.310369 -0.889659 0.227476 0.276291 -0.038558 -0.606463
0.286056 -0.620688 -0.207118 -0.473133 0.623569 -0.675180 -0.648762 -0.895534
-0.215889 -0.522248 -0.404878 -0.708893 0.442869 -0.491054 -0.074378 -0.568293
-0.343870 -0.707572 0.361005 -0.500372 0.463288 -0.328081 -0.218736 -0.263703
0.065176 -0.484301 -0.212022 0.017397 -0.093515 0.836470 0.123541 -0.407779
-0.379053 -1.057720 0.318289 -0.664518 0.214734 -0.374647 -0.109197 -0.883526
0.291376 -0.543029 0.210103 -0.881650 1.134770 -0.043082 -0.287757 0.044817
0.577854 -0.333236 -0.222234 -0.241347 0.831003 -1.091203 -0.775667 -0.691916
0.660299 -0.539449 -0.094128 -0.852886 1.292615 0.183469 -0.584397 -0.577641
0.117260 -0.700769 -0.166436 -0.321939 0.894544 -0.114537 -0.319077 -1.135702
-0.567960 -0.609219 -0.005000 -0.599219 -0.240080 0.056697 0.123346 -0.560694
1.139603 -0.672285 -0.071502 -0.305824 0.000414 -0.057634 -0.266669 -0.156526
0.384562 -1.084200 0.869302 -1.338795 1.478267 0.121585 -0.772012 -0.651250
-0.149130 0.541582 -0.130867 0.269376 -0.736108 -0.921868 -0.346163 -0.391626
0.703777 -0.557949 -0.436871 -0.643768 -0.263745 -0.738332 -1.210212 0.061541
-0.039430 -0.039116 -0.441044 0.376379 -0.427941 -0.494229 0.366549 0.441508
-0.246922 -0.657009 0.352451 -0.497776 0.494736 -0.368031 0.004377 -0.632301
-0.535106 -0.051288 -0.005011 0.090869 0.315610 0.187849 0.396986 -0.070178
-0.505372 -0.833285 -0.285184 -0.714858 0.136367 -0.497039 0.113368 -0.233313
-0.385973 0.019237 0.090852 0.304797 0.145051 -0.762757 0.099672 -0.216855
-0.390622 -0.136818 0.088508 0.501795 -0.226063 -0.223278 -0.073160 -0.478301
0.095003 -0.499550 -0.197877 -0.867206 0.564072 -0.538090 -0.424645 -0.771519
-0.292021 -0.402401 -0.006523 -0.582657 0.765697 -0.666084 -0.212073 -0.433289
0.151810 -0.329342 -0.017579 -0.554743 -1.007349 -1.266137 -0.497135 -0.385949
-0.328816 0.016354 0.118885 -0.731187 0.191636 -0.491057 0.205643 -0.455001
-0.088069 -1.188045 0.218887 -0.621297 0.297810 -0.320706 -0.318202 -0.274600
-0.000616 0.114580 0.323944 -0.198067 0.151978 0.133454 -0.442935 -0.725555
0.134600 -0.565669 0.792750 -1.080610 1.126066 -0.235073 -0.478236 0.041871
0.368648 -0.682931 -0.078375 -1.289088 0.324277 -0.188748 -0.264538 -1.327523
0.316996 -0.549216 0.266781 -0.897935 0.766687 -0.859820 -0.691931 -0.043024
-0.061349 -0.475445 -0.014736 0.474605 -0.149774 -0.828915 0.233396 -0.419479
0.064785 -0.579260 -0.368473 -0.171463 0.260455 -0.495316 -0.692485 -0.062265
0.096685 0.156159 -0.112029 -0.359824 -0.292324 -0.678395 -0.154472 -0.657798
-0.019057 -0.587642 0.734957 -0.659422 0.437946 -0.058633 -0.066189 -0.209203
-0.085623 -0.631894 0.327824 -0.788371 -0.481621 -0.716525 -0.129679 -0.961233
-0.113773 -0.373168 0.434914 -0.417889 -0.021729 -1.010402 0.089155 -0.103142
0.554285 -0.855062 0.305697 -1.086686 0.746813 -0.155513 -0.790184 -0.872397
-0.230398 -0.856043 0.809968 0.470967 -0.284221 -0.409651 -0.117927 -0.553799
0.317173 -0.867998 -0.170803 -0.622149 -0.084530 -0.584083 -0.538242 -1.432368
-0.231934 0.477360 0.097841 0.485538 -0.262045 -0.321300 0.118786 0.287224
-0.141550 -0.416402 0.135275 -0.950880 0.378899 -1.110262 -0.264006 -0.166427
-0.124219 -1.078469 0.542480 -0.880839 0.404169 -0.406624 0.604746 0.254293
0.273037 -0.542138 0.565918 -1.019863 0.315200 -0.482415 0.041741 0.087691
0.019325 -0.105235 -0.570531 -0.258342 -0.162958 -0.684405 -0.095241 -0.243261
-0.245584 0.275380 -0.528773 -0.305907 -0.198334 -0.158021 -0.161848 -0.331792
0.047974 -0.597384 -0.357552 -0.457355 0.291631 -0.825706 -0.435978 -0.347922
-0.943061 -0.231525 -0.229944 -0.507882 0.409913 -0.753486 0.074134 0.369112
-0.017347 -0.819149 0.650489 -0.628729 0.250796 0.111349 -0.300111 0.112429
-0.250555 -0.120236 0.065842 -0.492824 0.666727 -0.696826 -0.494371 -0.306823
-0.548357 -0.423839 -0.696460 0.520732 0.121585 -0.152923 0.581860 0.092510
-0.362278 -0.815886 0.393278 -0.208210 -0.283044 -0.858468 -0.342375 -0.419961
-0.415570 -0.600593 0.946854 -0.126013 0.190912 -0.356987 0.017137 0.323918
-0.802592 -0.972589 0.782364 0.086964 0.412104 -0.593043 -0.820626 -0.265054
-0.451539 -0.775553 0.244930 -0.493076 0.229818 -0.645466 -0.482210 -0.787104
-0.190412 -0.513342 0.087443 -0.672629 -0.259285 -0.876389 -0.631188 -0.479704
-0.257056 -0.931493 0.709653 -0.267350 0.676738 -0.245278 -0.425199 -0.264475
0.389729 -0.055506 -0.144321 -0.543996 0.427326 -0.772675 -0.362187 -0.131599
-0.101450 -0.320147 -0.009385 -0.296245 0.215569 -0.813524 -0.364208 -0.476274
0.377897 -0.350313 0.551358 -0.409469 0.100546 -0.711341 -0.658983 -0.299668
-0.026841 -0.654910 -0.399544 -0.704008 -0.315453 -0.128294 0.348926 -0.070544
0.161816 0.294050 -0.472075 -0.634014 -0.171820 -0.516345 -0.539053 -0.406902
0.497183 -0.229085 0.822130 -0.661843 0.095914 -0.245246 -0.106012 0.002629
-0.007470 -0.503401 0.452972 -1.054923 -0.083156 -0.708576 -0.188514 0.140613
0.377490 -0.972855 0.303721 -0.957939 -0.286192 -0.237510 -0.552277 -0.542268
0.872856 -0.348549 -0.080953 -0.582533 0.129494 -0.749335 -0.353412 -0.507829
0.005703 -0.125334 -0.530579 -0.464227 -0.065650 -0.567656 0.066951 -0.187400
-0.324532 -0.709923 0.552628 -0.999133 0.583860 -0.461118 -0.611294 -0.504136
-0.517564 -0.760737 0.206046 -0.638756 0.991545 -0.319397 -0.580869 -0.607277
-0.341626 -0.950751 0.253135 -0.558383 0.836301 -0.641903 0.025093 -0.316527
-0.375513 -0.489113 -0.230957 0.229384 0.296719 -0.226612 0.048765 -0.600937
0.573185 -0.320284 0.292826 -0.200265 -0.701740 -0.562565 -0.959880 -0.277383
-0.352502 -0.189047 0.203716 0.102192 0.380800 -0.883447 0.136206 0.022809
-0.519992 0.175470 -0.007900 -0.801092 0.187853 -0.685372 -0.592285 -0.859004
-0.814489 -0.873605 0.373316 0.134521 0.450421 -0.339795 -0.350974 -0.330733
0.308160 0.575034 -0.132274 -0.317023 0.024820 -0.223512 0.210291 -0.136398
-0.129670 -0.524755 0.237002 -0.307986 -0.059505 -0.365706 -0.020741 -1.198123
0.413708 0.071447 0.538438 -0.998674 0.200778 -0.725133 -0.375778 -0.222930
0.525445 -0.710391 0.703816 -1.011692 0.057384 -0.736196 -0.441639 0.040297
0.150523 -0.611028 0.638368 -0.765827 -0.687541 -0.327100 -0.332805 -0.513574
-0.413990 -0.098540 0.095243 0.146913 0.429027 -0.492746 -0.219278 0.187867
0.292131 -0.371195 0.373586 -0.076336 0.851951 -0.724654 -0.062227 -0.269140
-0.029878 -1.126700 -0.096836 -0.659540 0.388003 -0.196719 -0.392424 -0.276262
-0.121809 -0.094648 -0.157155 -0.526506 -0.500180 -1.066913 0.052400 -0.268809
0.059549 -0.300660 0.693642 -0.508804 -0.079544 -0.419119 0.153375 -0.024982
-0.826752 -0.490405 -0.216864 -0.772132 0.379306 -0.315765 0.535378 -0.128484
0.747842 0.203782 0.301166 -0.535705 1.214528 -0.091926 -0.997815 -0.741770
0.607446 0.038688 0.643736 -0.280796 1.000658 0.172726 -0.288099 -0.585441
0.081063 -0.965153 0.050566 -0.959620 1.250438 -0.474717 -0.258950 -0.130058
-0.159307 -0.487240 -0.125246 -0.690622 0.326189 -0.833234 -0.258596 -0.159603
-0.068423 -0.189371 -0.507667 -0.313067 0.321584 -0.557154 -0.083212 -0.102808
0.440689 -0.802496 0.115367 -0.843040 1.139315 -0.406242 -0.401122 0.313370
-0.047828 -0.385466 0.162879 -0.796892 1.090507 -0.500635 -0.010636 -0.093563
-0.609982 -0.306215 0.159674 -0.576892 0.606924 -0.579753 -0.543525 -0.225129
0.198884 -0.374320 -0.302456 -0.111616 -0.263925 -0.486744 -0.055310 -0.475263
0.183669 -0.607502 0.158009 -0.174869 0.970241 0.287466 -0.076966 -0.228415
-0.336324 -0.760156 0.014891 -0.474385 1.220039 -0.867827 -0.292133 -0.454199
-0.913159 -0.081359 0.722485 -0.058219 -0.305385 -0.428053 -0.569774 -0.776428
0.436111 -0.819704 0.255698 -1.207784 1.014956 -0.363080 -0.393713 0.136919
0.163625 0.228585 0.714224 0.062689 0.660511 0.153645 -0.002250 0.007526
0.435482 -0.762308 -0.621027 0.050127 0.579618 -0.502053 0.071578 0.305275
-0.211210 -0.229101 -0.387601 0.605537 -0.723339 -0.771717 0.559576 0.753558
0.149670 -0.776488 -0.290332 0.224524 0.913049 -0.231952 0.100218 -0.115916
0.195803 -0.627913 -1.021058 -0.960059 0.900887 -0.764363 0.577715 0.286426
-0.264440 0.529995 0.558905 0.985703 -0.078775 -0.731503 -0.386740 0.379409
0.632884 -0.871445 -0.058849 -0.043598 -0.131809 0.118857 -0.860938 -0.093147
-0.641411 -0.480234 -0.320795 -0.001145 0.123917 -0.510379 0.860734 0.198609
-0.180425 -0.979853 0.033536 -0.925152 0.951533 -0.024856 0.242559 0.358352
0.339266 -0.088402 0.165531 -1.082783 -0.154642 -0.109839 -0.159702 0.244480
-0.232823 -0.435979 -0.623577 -0.870326 0.560244 -0.202150 0.664590 0.386528
0.002829 -0.448933 -1.097794 -0.242922 -0.024760 -0.199063 0.083822 0.775403
0.071229 0.051360 -0.689692 -0.715528 0.165499 0.018548 0.778300 0.297243
-0.122390 -0.100296 -1.013101 -0.426738 0.640696 -0.995238 0.856087 0.385530
0.792340 -0.357398 0.042021 0.116603 0.554122 -0.598944 -0.570378 -0.397077
0.723898 -1.128803 0.121637 -0.660225 0.847121 0.129805 -0.847256 -0.501050
-0.287587 -0.479230 0.126826 -0.334867 0.238064 0.048417 0.942554 0.868961
0.179491 -0.765946 -0.184746 -0.170820 1.090463 -0.420585 -0.028739 -0.217665
0.094406 -1.020968 -0.076478 -0.515721 0.553332 0.407720 -0.014169 -0.067044
-0.184798 -0.345257 -1.106717 0.303165 0.972215 -0.565783 0.443280 0.412409
0.966594 -0.350819 0.344058 -1.270988 0.055648 0.201471 -0.525062 0.187427
-0.225727 -0.237352 -0.112441 -0.248230 0.203594 -0.939879 -0.320854 -0.299341
-0.366717 -0.202777 -0.252410 -1.021970 0.896475 -0.344329 0.228220 0.406195
-0.433540 -0.892472 -0.186817 -1.075503 0.690788 -0.096938 0.267649 -0.410712
0.534496 -0.469880 0.077758 -0.934434 0.274236 -0.212374 -0.225451 -0.347836
0.178783 -0.940032 0.007363 -0.680848 0.913079 -0.173460 -0.232776 -0.012748
0.297058 -0.854638 0.028755 -0.622623 1.248391 -0.398033 -0.175696 -0.282272
0.406244 -0.606667 -0.172359 -0.087514 1.284228 -0.461800 -0.323860 -0.638321
-0.267965 -0.160660 -0.352655 -0.284788 1.356844 -0.138331 -0.489092 0.386004
0.537523 -0.971244 -0.327652 0.023739 0.608242 -0.577290 0.329396 0.784771
-0.078732 -0.155910 0.164751 -0.410442 0.647634 -0.593799 -0.100787 -0.187668
0.237975 0.330778 -0.002588 -0.277386 0.039384 -0.007957 0.012315 0.466927
0.540381 -0.127693 0.103334 -0.142675 0.606591 -0.363569 -0.380941 0.255565
0.484822 -1.204675 -0.185248 -1.023062 1.610663 0.168369 -0.311619 -0.474135
0.154975 -0.045063 -0.036194 -0.482626 -0.138978 -0.029511 0.251526 -1.049284
0.171360 -0.233394 -0.391107 -0.959567 -0.620555 -0.770600 0.564924 -0.328575
0.046672 -0.237647 -0.618595 -0.187803 0.616779 0.106725 -0.626642 -0.326227
0.823911 -0.013295 -0.010983 -0.515479 0.530899 -0.180064 -0.671078 0.432907
-0.565629 -0.145097 -0.556083 0.075596 0.605861 -0.071100 -0.559985 0.250692
-0.412454 -0.531253 -0.209708 -1.407143 0.784925 -0.536420 0.135030 -0.033082
0.287134 -0.147530 0.231454 -0.062948 0.207713 0.087975 -0.310288 -0.500525
-0.021196 0.801906 -0.227042 0.825814 -0.467961 -0.684087 -0.167244 -0.402959
0.614740 -1.268071 0.335518 -0.836674 0.512519 -0.852515 -0.298091 -0.401896
0.237897 -0.378978 0.875647 -0.817316 0.651999 -0.212663 0.069612 -0.311489
-0.455651 0.070821 0.365885 -0.466727 -0.452045 -0.673818 -0.537021 -1.026760
-0.065693 -0.916856 0.018499 -0.853000 0.467200 -0.111117 0.159248 -1.019605
-0.428455 -0.344786 -0.520661 -0.232626 -0.110393 0.227062 0.321378 -0.279672
0.847425 -0.486613 -0.277299 -0.907627 -0.180698 -0.473535 -0.595940 -0.439837
-0.733919 -0.202265 -0.479149 0.546810 0.162715 -0.060187 1.072240 -0.061485
-0.622131 -0.383424 -0.075934 -0.610797 0.215865 -0.852450 0.732091 -0.054629
-0.054544 -0.599533 -0.098248 -0.136462 0.275492 -0.222979 0.464146 0.193643
-0.155645 -1.263503 0.548129 -0.755342 0.566184 -0.848956 -0.676415 -0.389025
-0.256437 -0.566317 0.615940 -0.516151 -0.402531 -0.205225 0.006597 -0.548834
-1.119097 -0.121651 -0.346770 -0.065817 0.663588 -0.005677 -0.148699 -0.615832
-1.122763 0.022377 -0.333428 -0.253174 0.424991 0.090997 -0.393795 -0.595342
-0.546413 0.062046 -0.462974 0.304142 0.284008 -0.051116 -0.342158 -0.582517
-1.059515 0.256493 -0.378684 -0.102596 0.589405 -0.184877 -0.392374 -0.657650
-0.444198 -0.705505 0.022387 -0.434023 0.307780 -0.218755 0.011784 -0.085836
-1.130549 -0.015834 -0.241392 -0.109204 0.710462 -0.423037 -0.622185 -0.634711
-1.104049 -0.241137 -0.064538 0.059281 0.788607 -0.417843 -0.344855 -0.425613
-0.939045 -0.239140 -0.016682 -0.315799 0.699555 -0.007643 -0.365217 -0.611009
-1.039399 -0.213891 -0.088560 -0.234108 0.753678 -0.022928 -0.314894 -0.671463
-0.952695 -0.206121 -0.094067 0.003433 0.711183 -0.197621 -0.435506 -0.612823
-0.826806 -0.495677 -0.037821 -0.386787 0.538107 -0.075987 -0.181031 -0.455258
-0.777580 0.195209 -0.062550 0.316443 0.201725 -0.488032 -0.439286 -0.863483
-1.075156 -0.067197 -0.130873 0.026486 0.782805 0.050512 -0.253686 -0.651109
-1.050196 0.144191 -0.129520 0.000961 0.496102 0.056167 -0.393526 -0.687430
-0.734491 0.062285 -0.157224 -0.265229 0.512978 0.090302 -0.444119 -0.783928
-0.965455 -0.155032 -0.129130 -0.018483 0.853816 -0.362663 -0.343375 -0.626832
