0.161877 -1.110288 -0.253165 -0.482839 1.061974 0.010256 0.023574 0.116258
-0.033163 -0.906856 -0.185884 -0.513869 0.315122 -0.486493 -0.349122 -0.466640
0.225582 -0.186524 0.075436 -0.377147 -0.061256 -0.816422 -0.391304 -1.021234
0.384258 -0.055345 0.181304 -0.224101 -0.261728 -1.040810 -0.507255 -0.010795
-0.078328 -0.515310 0.219167 -1.088270 0.080373 -0.218573 -0.136015 -0.265158
0.128089 -0.450048 0.726488 -0.823083 -0.319183 -0.417620 -0.564714 0.215173
-0.711153 -0.250340 0.435746 -0.742166 -0.050451 -0.280750 -0.268408 -0.319862
-0.566839 -0.440527 0.393703 -1.020492 -0.298811 -0.445224 -0.025597 0.170997
-0.339329 -0.830577 0.257226 -0.714819 0.345428 -0.764236 -0.585639 -0.408162
0.122969 -0.668539 0.334647 -0.621365 0.566711 -0.299123 -0.719121 -0.150301
-0.451615 -0.215492 0.163005 -0.462541 1.140897 -0.051693 0.445975 0.317383
0.283916 -0.601766 -0.018573 -0.467954 0.575231 -0.483346 -0.609828 -0.426493
0.008601 0.291813 0.367416 0.190255 0.463711 0.263944 0.105460 0.108387
0.422550 -1.123817 0.361365 -1.113520 0.580617 -0.192946 -0.403872 -0.498812
-0.384920 0.122539 0.425341 -0.840155 0.817345 0.420237 -0.298148 -0.264580
0.244112 -0.132331 -0.209245 -0.592285 0.908762 -0.686306 0.011302 0.643485
-0.999573 -0.983551 0.373340 -0.361475 0.114379 -0.827928 -0.454999 -0.350405
0.729889 -0.285475 0.159883 -0.498680 0.188598 -0.703531 -0.478141 -0.301795
0.411917 0.064947 -0.296323 0.075272 0.562941 -0.855414 -0.228366 0.144782
0.288331 0.457497 0.730470 -0.130380 0.278285 -0.486682 -0.553017 -0.239893
-0.562319 -0.092020 -0.154066 -0.311232 0.879990 -0.141671 0.799074 0.594194
0.253622 -0.248951 0.363190 -0.082888 1.105860 -0.096514 -0.280303 -0.337730
0.057539 -1.248044 0.120308 -1.094237 0.071721 0.168093 -0.364443 -0.030704
0.313662 -0.548842 0.445192 -0.003197 0.134092 -0.332029 -0.272933 -0.374549
0.480566 -0.303908 0.814835 -0.299103 0.799981 -0.267680 -0.407531 0.047246
0.142981 -0.817495 0.095243 -1.228914 1.240480 -0.564459 -0.276954 -0.000893
-0.431466 0.259736 -0.662254 0.508117 -0.293116 -1.084947 0.106052 -0.286277
0.467946 -0.121862 0.278075 0.180429 0.375927 -0.280632 -0.175472 -0.290620
0.554893 -1.119768 0.119712 -1.011231 1.127756 -0.530181 -0.123478 -0.576228
-0.542262 -0.382469 0.404412 -0.081129 0.189195 -0.394279 0.084285 -0.080420
-0.848076 0.425761 -0.112252 -0.225615 1.110393 0.264554 0.658500 0.312898
-0.175650 -0.353539 -0.086429 -1.009767 0.028138 -0.854510 -0.207814 -0.354786
0.837241 -0.442301 0.966211 -0.594143 0.213684 0.149256 -0.519223 -0.098277
0.721954 -0.781232 0.194219 -1.280820 1.083448 -0.241361 -0.381183 -0.320393
0.390905 -0.883644 0.671243 -0.837477 0.218822 -0.303936 0.064140 0.137153
0.168566 -0.633341 0.317827 -1.584021 1.140497 0.200474 -0.445658 -0.143039
-0.092318 -0.305355 -0.074473 -0.104715 0.914723 -0.421310 -0.286769 -0.908464
0.631136 -0.414351 -0.565926 -0.807367 1.113759 -1.013389 0.109549 -0.057567
-0.198541 -0.777327 0.429963 -1.011467 0.756149 -0.479712 -0.459039 0.068730
0.032356 -0.141580 0.616168 -0.273368 0.958114 -0.508867 -0.339523 -0.621329
0.033854 -1.122498 0.262510 0.057065 0.028624 -0.276757 0.327732 0.050527
0.430284 -0.528481 1.106038 -0.790041 0.565038 -0.082499 -0.762032 -0.914362
0.376601 -0.330695 0.270219 -0.380259 0.064830 -0.576420 -0.373219 -0.521139
0.320970 -0.172216 0.339355 -0.687077 0.693434 -0.451695 -0.544561 -0.957337
0.082976 -0.914314 1.279560 0.098732 0.076235 -0.026561 -0.175836 0.852520
-0.841495 -0.619516 -0.235951 -0.499774 -0.382288 -0.165700 0.389853 -0.242087
-0.800947 -0.336085 -0.059160 -0.281693 0.684177 0.352546 -0.576219 -0.161857
0.460223 -0.856574 -0.336745 -0.165790 0.492274 -0.731354 -0.163523 -0.402352
0.319241 -0.539467 0.010809 0.433386 -0.567659 0.440783 0.540864 -0.280147
0.343124 -0.308460 0.516539 -0.272504 0.938213 -0.520441 0.047680 -0.179210
0.343010 -0.851044 0.966454 -0.402478 0.481879 0.364412 -0.250947 -0.425288
-0.477814 -0.188463 -0.325803 -0.201934 -0.900490 0.255663 0.289756 0.067186
-0.115966 -1.247407 0.208752 -1.054344 1.520254 -0.385828 -0.196116 -0.420695
0.611735 0.902261 -0.519124 0.169553 -1.318694 -0.400336 -0.300443 -0.664394
0.054976 0.261904 -0.380393 -0.256662 -0.306688 -0.315962 -0.060062 -0.593857
-0.784402 -0.950685 0.724929 -0.140951 0.321020 -0.593846 -0.678017 -0.563796
0.829307 0.135424 1.101974 0.290134 -0.189305 -0.459256 -0.475103 0.004678
-0.207581 -0.178109 -0.179053 -0.621498 -0.004166 -0.021129 -0.148076 0.169829
0.073542 -0.625646 0.414568 -0.367551 -0.214345 -0.983002 -1.040427 -0.250728
0.312059 -0.998348 -0.080080 -0.817968 0.913953 -1.011427 -0.442701 0.323842
-0.416734 -0.368813 0.262569 -0.214851 0.966917 -0.297785 -0.447422 -0.314569
0.227371 -0.480918 0.247492 -0.891404 -0.189973 -0.997555 -0.719142 -0.616728
-0.080976 -0.870708 -0.008385 -0.521600 -0.047134 -0.261705 0.118963 -0.110153
-0.299761 -0.128487 -0.006717 0.485601 -0.888809 -0.682502 0.224598 0.256791
0.073948 -1.297657 -0.369452 -0.771127 1.227946 -0.741226 0.083915 -0.461474
-1.063871 -0.462834 0.295466 -0.084341 -0.103437 -0.731345 -0.197602 -0.812872
0.018073 -0.444808 0.084939 -0.585165 0.436029 0.351994 -0.438424 -0.297069
-0.131733 -0.435924 0.274494 -0.805263 -0.505364 -0.626705 -0.363531 -0.377459
-0.136162 -0.434594 0.509966 -1.254396 -0.118865 -0.180242 -0.392090 -0.067500
0.641844 -0.341011 0.285420 -0.696521 -0.983004 -0.170546 -0.004468 0.099572
-0.294986 -1.022378 -0.104422 -0.948030 1.032691 -1.007150 -0.113897 -0.309551
-0.074879 -0.887753 0.802888 -1.304163 0.651802 -0.582533 -0.389199 -0.034186
-0.331623 -0.889787 0.209135 -1.297857 0.974521 -0.849663 -0.237279 -0.239786
-0.141422 -0.681498 0.861728 -0.658041 -0.019225 -0.430459 -0.894662 -0.025858
-0.287773 0.302041 0.818332 -0.630235 -0.521610 -0.011707 -0.114492 -0.359881
0.371047 -0.110615 0.178233 -0.338458 -0.811410 -0.451216 -0.585045 -0.410828
-0.596459 -0.838590 0.624442 0.075546 0.318315 -0.162490 0.302928 -0.051756
0.944737 -0.502930 0.202359 -0.834644 -0.208454 -0.108077 -1.234116 0.177355
-0.604615 0.045114 -0.373800 0.018245 -0.063861 -0.576022 0.310610 -0.321073
0.037804 -0.228239 -0.873681 0.196551 0.129879 -0.059957 0.256469 0.599038
0.316941 0.149974 0.374941 0.150670 0.050739 -0.038923 -0.409441 -0.971943
0.671178 -0.764215 0.232236 -0.904255 -0.149452 0.406588 -0.245092 0.145789
0.351327 0.274438 0.109371 -0.908849 -0.556654 -0.457403 -0.160293 -0.739656
0.038137 0.030458 0.264827 -0.676881 -0.353526 -0.927443 0.035675 -0.157099
-0.485626 -0.781158 0.718487 -0.532794 0.340400 -0.205595 -0.274333 -0.361987
-0.807943 -0.020716 -0.109637 0.055960 0.644034 -0.280953 -0.341843 -0.729645
-0.744688 -0.394948 0.303175 -0.641977 0.784294 -0.359149 0.280051 -0.596738
-1.041879 -0.121472 -0.159266 -0.119960 0.839214 -0.146186 -0.191882 -0.681441
-0.905222 -0.541089 -0.107758 -0.157391 0.575347 -0.274579 -0.238012 -0.618560
-1.078686 -0.190546 -0.104288 -0.008493 0.970536 -0.475415 -0.256368 -0.514562
-0.889651 -0.083991 -0.079766 -0.275067 0.408038 -0.159010 -0.186238 -0.469752
-0.871681 -0.224905 -0.140935 -0.201382 0.831248 -0.168406 -0.191900 -0.627275
-0.735653 -0.175836 -0.319256 -0.236717 0.438065 -0.162865 -0.379343 -0.318045
-0.917872 -0.262849 0.043557 -0.175203 0.931870 -0.116206 -0.191345 -0.662506
-0.870915 0.163720 -0.141348 -0.535228 0.188442 -0.039695 -1.064154 -0.784831
-0.050490 -0.407177 -0.143030 -0.098193 0.447007 0.111548 -0.766083 -0.819019
-0.310464 -0.423059 -0.204309 -0.523040 1.130866 0.426345 -0.561646 -1.093859
-1.371031 0.320192 -0.181237 0.231885 0.520758 -0.194744 -0.520318 -0.922564
-1.138959 -0.009171 -0.042769 -0.222789 0.598685 0.131125 -0.142695 -0.690839
-1.173321 0.000162 -0.392366 0.109159 0.644003 -0.296768 -0.237171 -0.768304
-0.781068 -0.019968 -0.225863 0.004722 0.045005 0.163375 -0.233761 -0.644967
-0.989818 0.207692 -0.204071 -0.308216 0.685080 -0.257025 -0.309382 -0.834753
-0.886017 -0.159731 -0.158687 -0.063215 0.750467 -0.397555 -0.337895 -0.614917
-1.112705 -0.149484 -0.067209 -0.045460 0.905733 -0.328765 -0.293842 -0.633513
-1.071723 0.062968 -0.165998 0.131173 0.895102 -0.394009 -0.240479 -0.816193
-0.975901 -0.094235 -0.127710 0.108992 0.983422 -0.457560 -0.186306 -0.705701
-0.955480 -0.062175 -0.121511 -0.251489 0.725164 -0.015087 -0.303205 -0.725997
