0.214377 -0.622332 -0.228338 -0.975769 0.407805 0.678431 -0.411547 -0.610041
0.351047 -0.605860 0.056543 -0.878029 0.530123 0.015120 -0.326827 -0.692343
-0.312318 -0.305319 -0.008068 -0.151558 -0.326034 -0.245958 0.032678 -0.051063
0.331397 -1.057406 0.186286 -1.215536 1.255150 -0.130372 -0.740890 -0.496662
-0.099820 -1.060877 -0.153973 -0.607585 0.410220 0.135425 1.255739 0.765456
0.114342 -1.066287 0.035714 -0.681409 0.752877 -0.096120 -0.278499 0.085069
0.063291 -0.593566 -0.043494 -0.214728 0.079153 -0.493023 0.402927 -0.253093
-0.011291 -0.234303 -0.721868 0.421608 0.152214 -0.647980 0.402378 1.109697
-0.201852 0.346648 -0.392758 -0.502591 -0.428010 -0.113218 -0.369676 -0.238130
0.188391 -0.262574 0.223582 -0.125290 0.535120 -0.295809 -0.443877 -0.655825
0.016585 -0.575943 -0.076808 0.002849 0.004670 0.067889 0.497905 0.410337
0.152258 -0.523358 0.352066 -1.113123 -0.218427 -0.392588 -0.285958 -0.556044
-0.117642 -0.481375 0.084230 -0.445485 0.727291 -0.095655 0.531819 0.807083
0.249553 -0.726467 0.319868 -0.941202 0.931347 0.420972 -0.693757 -0.511945
-0.512978 0.604302 -0.267519 -0.276828 -0.075385 -0.173953 0.010337 0.127340
-0.257637 -0.550353 0.068616 -0.246375 0.011742 -0.301774 -0.107479 -0.838969
0.446713 -1.196723 0.297285 -0.961971 1.058614 -0.553616 -0.206292 0.024159
0.500602 -1.540135 -0.398671 -0.360607 0.655186 0.103695 0.086530 0.335486
0.392967 -1.025519 0.046125 -0.458905 1.471637 0.089269 -0.193386 0.174479
0.477501 -1.084516 0.367251 -0.985513 -0.093468 0.210699 -0.317787 0.199511
-0.313609 0.295071 -0.217375 -0.238198 0.426101 0.151026 0.095652 0.173367
0.514510 -0.333487 0.482285 -0.891855 -0.183812 0.077886 -0.801166 -0.095822
0.200263 -0.981996 0.430351 -0.658087 0.649457 0.410090 0.748551 0.573125
-0.304111 -0.295341 0.132945 0.005179 0.266789 -0.302525 0.602017 0.764261
0.348653 -1.036436 -0.427584 -0.366504 0.780193 -0.747243 0.366615 0.284242
0.284823 0.499786 -0.552731 -0.230457 -0.362469 -0.628923 0.558540 0.266287
-0.424753 0.661164 -0.718694 0.100246 -0.852572 -0.128854 0.495369 0.236032
0.277213 -0.188046 0.466360 -0.029722 0.513131 -0.517514 -0.172041 -0.012415
0.193078 0.088813 -0.258345 -0.093444 0.752635 -0.094277 0.079547 0.627357
0.623103 -0.384270 -0.172379 0.057900 -0.018385 -0.805090 0.547426 -0.145001
0.608725 -0.414009 -0.230658 0.258139 0.613352 -0.103121 -0.873849 -0.462406
-0.458952 -0.648985 0.022481 0.030312 -0.410751 0.332642 -0.060989 0.100196
-0.131954 -0.342275 -0.133794 -0.419747 0.974888 -0.474611 0.073996 -0.437898
-0.215134 -1.109632 -0.548016 -0.380368 0.201714 0.282582 0.385001 -0.489402
-0.147007 0.372723 -0.190804 0.383261 0.361356 0.105853 -0.081325 -0.290802
0.053795 -0.341229 0.018561 0.226270 -0.001390 -0.259034 -0.181601 0.295207
0.395765 -0.828002 -0.813847 -0.160747 -0.000111 -0.187642 0.582713 0.413794
-0.194477 -0.927938 -1.034902 -0.574444 -0.309880 -0.436932 0.587783 0.370689
0.126142 -0.761422 -0.195421 -1.065216 0.081655 -0.907649 0.401530 0.890557
-0.343580 -1.072016 -0.508076 -0.326000 -0.092251 -0.303565 0.750812 0.635858
0.111017 -0.554916 0.778615 -0.160607 0.132718 0.151690 -0.143514 -0.079690
0.867792 -0.482174 -0.185519 -0.078201 0.185833 -0.226208 -0.569550 -0.000078
0.309514 -1.292525 0.445420 -0.667117 0.994354 -0.345401 -0.037296 -0.264688
0.272228 -0.264746 -0.599854 0.041631 0.013179 -0.336496 0.714650 -0.110328
-0.336469 -0.221779 -0.441260 0.017516 0.323911 -0.548598 -0.209814 0.193413
-0.060293 -1.078978 0.077104 -0.991457 -0.218778 -0.125561 0.402899 -0.039822
0.663654 -0.401900 -0.204028 -0.029553 -0.069747 -0.225924 0.621778 0.470982
0.173926 -0.765796 0.265903 -0.774878 0.599423 -0.416063 0.358910 0.345150
0.604854 -0.721159 -0.406961 -0.496747 0.049753 0.423203 0.254076 0.217086
0.411556 -0.926283 -0.131280 0.023581 0.148041 -0.541053 0.117446 -0.335300
-0.804412 0.147555 -0.001619 -0.859953 0.578498 0.644740 0.372166 0.459398
-0.422818 -0.076590 0.067821 -0.255118 -0.409141 -0.520441 0.635018 0.687912
0.627335 -0.183515 0.085229 0.032253 0.317699 -1.064312 0.074295 -0.022357
-0.299840 0.001506 -0.034843 -0.618580 0.588937 0.509845 -0.178437 0.198819
0.132676 0.220812 -0.294764 -0.339181 0.007099 -0.490391 -0.223950 -0.874504
-0.017474 -1.046548 0.130724 -0.604728 -0.419054 -0.864346 0.353185 -0.415294
0.651389 -0.781457 -0.181525 -0.118578 1.335302 -0.072401 -0.065288 -0.195853
0.013197 0.425674 -0.618516 -0.742417 0.521847 -0.272271 0.166076 -0.425269
-0.616256 -0.670713 -0.119932 -0.302888 -0.339430 -1.063113 -0.186801 -1.010406
0.258890 -1.210520 -0.138359 -0.708477 -0.009749 -0.236792 0.481286 0.744769
0.513705 -0.401139 -0.494835 -0.150317 -0.267547 -1.447664 -0.136253 0.609678
-0.602031 -0.687696 0.055295 0.408968 0.511019 -0.773951 -0.001450 0.018366
-0.588703 -0.196829 0.019149 -0.030940 -1.015805 0.517484 0.773859 -0.225830
0.657842 -0.955444 -0.386319 -0.505162 -0.065359 0.794583 -0.094678 0.103236
-0.042747 -0.739029 -0.529404 -0.140733 0.159238 0.107979 0.583026 0.184425
-0.254952 -0.930361 0.006985 -0.669063 0.508350 0.062435 0.666047 0.491982
0.069141 -0.200871 -0.202681 -0.832057 0.468742 -0.102754 0.125052 0.598815
0.045514 -0.534694 -0.256483 0.391896 -0.111996 -0.224952 0.470544 0.662050
-0.135912 -0.470604 0.165434 -0.217858 0.416173 0.261934 0.675613 0.359086
0.583734 -0.587405 0.281763 -0.199531 1.170155 -0.540797 -0.903636 -0.075210
0.520768 -0.933525 -0.131854 -0.716050 0.952253 -0.535707 -0.096954 -0.313423
0.387618 -1.148549 0.081295 -1.274890 1.122007 -0.321266 -0.296668 0.110508
0.547077 -0.615577 -0.034778 -0.040853 1.270914 -0.284892 -0.640339 -0.247900
-0.007332 -0.378387 -0.474484 -0.358195 0.964666 0.449982 -0.312274 0.181045
0.225973 -1.080790 0.120506 -0.814678 1.600182 -0.202631 -0.647626 -0.333135
-0.284895 -0.838668 0.055547 -0.641556 1.017115 -0.631944 -0.466339 -0.426898
0.047146 -0.659736 0.003984 -0.665998 0.431748 -0.512697 -0.280745 -0.303096
0.462137 -0.412033 -0.566924 0.099195 -0.343229 -0.551057 0.020009 -0.355533
0.812509 -0.560124 0.417465 -0.927728 1.194474 -0.128243 -1.123030 -0.117197
0.144968 0.002294 0.484747 0.179295 0.641154 -0.353933 -0.410078 -0.043447
-0.096392 -0.561619 0.108628 -0.408162 0.349412 -0.709615 -0.270982 -0.605801
0.583948 -0.970783 -0.417812 -0.333841 0.468806 -0.300352 -0.612027 0.226363
0.059978 0.380328 0.040215 0.577274 -0.998510 -0.608761 -0.064903 0.396364
-0.181018 -0.503955 0.155056 -0.267682 -0.057574 -0.440300 0.252580 -0.355148
0.181248 0.006103 0.287090 -0.594192 -0.038596 -0.032502 -0.324444 -0.199586
0.496801 -1.319875 0.536538 -0.386723 0.629640 -0.152526 -0.246946 -0.053708
0.353279 -0.698975 0.381271 -0.759150 0.187163 -0.559800 -0.289758 -0.717468
0.659196 -1.391323 -0.605091 -0.096249 0.698857 -0.038035 -0.027656 0.291854
0.007992 0.091049 -0.355290 -0.032883 0.715711 -0.556931 -0.087762 -0.092195
-0.039409 0.031139 0.323185 0.175880 -0.305175 -0.992508 0.239294 0.283115
-0.547089 -0.350634 0.522538 -0.814999 -0.422847 -0.603569 -0.392618 -0.654022
0.205517 0.419756 -0.451722 -0.623031 -0.034247 -0.474361 -0.346297 -0.390787
0.040104 -0.569390 -0.201140 -0.876995 0.071234 -1.132045 -0.239340 -0.267848
0.508652 -1.043896 -0.075772 -0.420629 0.129691 0.079490 0.563931 -0.407975
0.102775 0.071246 -0.074417 -0.906090 0.021691 -0.815519 -0.587976 -1.042717
-0.036853 -0.302714 0.771772 -0.837493 0.143631 -0.534484 -0.300595 0.058459
0.485153 0.430090 0.147887 -1.045639 -0.127784 -0.559520 -0.321182 -0.673192
-0.896041 -0.164203 -0.111239 -0.033877 0.820513 -0.102283 -0.450932 -0.876024
-1.045597 -0.129308 -0.200594 0.094840 0.844513 -0.493508 -0.343014 -0.534152
-0.880737 -0.304665 0.099499 -0.148415 0.945196 -0.281467 -0.165062 -0.565849
-0.739099 -0.161293 0.304555 0.072439 0.458505 0.050702 -0.097881 -0.783855
-1.064396 -0.286947 -0.187826 0.030503 0.842637 -0.438681 -0.210711 -0.501667
-0.903096 -0.315814 -0.194485 -0.119078 1.020787 -0.312179 -0.240367 -0.621589
-0.933472 0.082408 -0.207824 -0.058971 0.849250 -0.271511 -0.105469 -0.874052
-0.730140 -0.189848 -0.514545 -0.287047 0.185044 -0.203605 -0.231551 -0.578032
-0.978883 0.026080 -0.169295 -0.092150 0.595622 -0.319279 -0.579378 -0.521308
-1.160072 -0.577725 -0.366777 -0.081823 0.868358 -0.732776 -0.016628 -0.452355
-0.918545 -0.124247 -0.092945 -0.016331 0.837732 -0.185223 -0.286754 -0.600918
-0.942714 -0.128067 -0.046245 0.022531 0.809922 -0.266678 -0.343256 -0.793183
-1.062735 -0.006910 -0.241150 0.091619 0.824569 -0.483334 -0.333536 -0.643257
-0.833356 0.294794 -0.148329 0.197731 0.160052 -0.847825 -0.379878 -0.615758
-0.931764 0.328238 0.124753 0.357371 0.688837 -0.305452 -0.334244 -0.876651
-0.484012 -0.228357 0.130404 -0.121498 0.911177 -0.352238 -0.231199 -0.689916
-1.068124 -0.348472 -0.248532 0.068651 0.716242 -0.243845 -0.062352 -0.433566
-0.678597 -0.396790 0.250659 -0.413625 1.094794 -0.156485 -0.225114 -0.494359
-0.946186 -0.052278 -0.094646 0.059059 0.746130 -0.289587 -0.359376 -0.702727
-0.847678 -0.443328 -0.300483 -0.221182 0.513453 -0.142685 -0.340991 -0.524943
-1.080363 -0.388599 -0.167049 -0.239969 0.977753 -0.346307 -0.210650 -0.364219
-0.933785 0.006115 -0.316686 0.088719 0.704819 -0.663421 -0.351798 -0.420640
-0.938473 0.191479 -0.230740 0.113593 0.701529 -0.056944 -0.242234 -0.751954
-0.917301 -0.149288 -0.291942 -0.007514 0.667468 -0.247116 -0.212949 -0.646606
-1.208245 -0.141033 -0.219650 -0.191593 0.762692 -0.230511 -0.128034 -0.548992
-0.902212 -0.384421 -0.059979 -0.381791 0.399452 -0.180217 -0.132315 -0.312786
-1.027128 -0.075240 -0.171082 -0.150689 0.776539 -0.104821 -0.190025 -0.692334
-1.009245 -0.002789 -0.299211 -0.116234 0.557333 0.003912 -0.370097 -0.697275
-1.072081 -0.244308 -0.280324 -0.168351 0.838586 -0.342780 -0.295268 -0.458480
-0.294680 0.082941 0.459391 -0.955854 0.529638 -0.532811 -0.516083 -0.214426
-0.235066 -0.306054 -0.175552 0.191306 -0.107184 -0.690266 0.272408 0.109554
