-0.113011 -0.072667 0.133560 0.251984 -0.738216 -0.145045 0.249251 0.506530
0.831071 -0.449183 -0.418494 -0.317136 0.602959 -0.663165 -0.574471 -0.586481
0.427156 -1.333484 -0.078445 -0.906936 0.777191 0.629063 0.473906 -0.776925
0.459962 -0.729683 -0.395799 -0.297610 1.341192 -0.042251 -0.310561 0.409849
0.243017 -0.440931 -0.849813 -0.043692 0.798078 0.116708 -0.353729 0.492589
0.529550 -1.091627 0.730398 -0.648635 0.881542 -0.363061 -0.087930 -0.011570
-0.293968 -0.299984 -0.030444 -0.295344 -0.590636 -0.413489 0.106521 -0.292488
-0.066422 -0.445504 0.391970 -0.620917 1.218253 0.099613 0.459578 0.281844
0.119104 0.220187 0.320698 -0.566644 0.363228 0.152149 -0.120309 -0.224607
1.015234 -0.856149 0.314830 -1.113398 0.212430 0.044404 0.106212 0.781621
-0.515613 0.114759 -0.287384 -0.381115 0.751656 -0.431055 0.887275 0.167748
0.463537 -1.337426 0.154995 -0.745459 0.557159 0.534720 0.580773 0.475486
0.540644 -0.161486 0.370119 -0.048936 0.880347 -0.362080 0.129458 0.393324
0.536771 -0.904205 0.166095 -0.752816 0.082564 0.302737 -0.306434 -0.543146
0.234963 0.031281 0.144678 -0.270951 0.077189 -0.005101 -0.109572 0.179885
-0.108228 -0.653696 -0.031427 -0.693289 1.102269 -0.078624 0.714477 0.319025
-0.230409 -0.275563 -0.586145 -0.158411 0.078361 -0.536156 0.609630 0.710048
0.382095 -0.302908 -0.499579 -0.836855 -0.129962 0.397483 -0.178331 0.368652
0.216388 -0.212284 0.116498 -0.478496 0.136946 -0.337467 -0.204798 0.032951
-0.650317 -0.169170 0.167564 -0.702379 0.839200 0.348892 0.355077 0.306116
0.260498 -0.677255 -0.492269 -0.267281 0.280535 -0.012265 0.361737 0.192654
0.500214 -0.764236 0.159516 -0.554172 -0.064512 -0.395127 -0.301144 -0.312074
-0.008561 -0.553955 0.083715 0.297091 0.283237 -0.367917 -0.254029 0.045406
0.538103 -1.304426 0.004706 -0.518564 -0.085486 -0.519940 -0.015003 -0.669198
0.839421 -0.759932 0.068574 0.228899 -0.306965 -0.132769 0.302224 -0.946451
0.478219 -1.167245 -0.495428 -1.279035 1.403986 -0.087073 -0.084827 -0.817654
0.304860 -0.183345 0.202917 -0.335274 -0.572273 -0.157298 -0.362462 -0.561825
0.196997 -0.417277 0.210707 0.226159 0.108234 0.184549 0.173541 0.245467
-0.641151 -0.458582 0.117252 -0.778172 0.461294 -0.285757 -0.217294 -0.789623
0.233992 -0.526094 0.105417 0.102671 0.884561 -0.010857 0.094015 -0.917476
0.424434 -0.937127 0.607150 -0.852972 0.911579 -0.071157 -0.508662 -0.831081
0.673194 0.201404 0.350095 -0.015160 0.246513 -0.600554 -0.440639 0.008038
-0.216194 -0.197209 -0.349036 -0.299219 0.947293 -0.123522 0.127642 0.541994
0.242082 -0.891490 0.427171 -1.209431 -0.041940 -0.216442 -0.132995 0.743730
0.739583 -0.936761 0.241326 -0.758074 1.527205 0.228032 -0.373609 -0.570245
-0.144079 -0.614237 -0.156872 -0.166933 0.665905 -0.471351 -0.510575 -0.205221
-0.939364 -0.450022 -0.013128 -0.123502 0.710600 0.265982 0.495126 0.478497
0.238341 -1.012079 0.460238 -1.050290 1.401492 0.188781 -0.217503 -0.775723
0.124998 -0.733663 -0.047951 -0.225228 1.129328 0.110797 0.213669 0.089602
0.130176 -0.274406 0.805667 -0.954002 0.690363 -0.366255 -0.581708 -0.103506
0.168729 -0.407752 -0.190215 -0.542827 1.112210 0.045224 0.473557 0.364349
-0.187700 -0.376814 -0.668766 0.194436 0.084998 -0.885250 0.818565 0.259107
-0.066227 -0.734754 0.244173 -0.601917 1.262015 -0.373321 -0.033188 0.174619
0.065853 -0.251938 0.149362 -0.622064 0.728516 -0.540656 -0.020484 -0.123699
-0.856914 0.093383 -0.541866 0.315616 0.506933 -0.322424 1.240969 0.233234
0.663801 -0.267567 0.324683 0.273737 0.673237 -0.270900 -0.702470 0.499606
-0.871234 -0.646501 -0.080790 -0.493670 0.127316 -0.510891 -0.283108 -0.592200
-1.081035 -0.965971 0.337522 -0.114384 0.334404 -0.499013 -0.262946 -0.526315
0.210598 -0.696981 0.323027 -0.474343 1.297986 -0.144586 -0.169585 -0.007838
0.146439 -0.135291 -0.711052 0.133352 0.311214 -0.523774 -0.527897 -0.387201
-0.233501 -0.524262 0.844297 -0.782111 -0.188449 -0.089566 -0.358034 0.121860
-0.231294 -0.648537 0.751518 -0.694909 -0.142583 0.051029 -0.511981 -0.187121
0.313650 -0.479359 0.044564 -0.137180 0.393916 -0.886286 -0.191077 -0.481162
0.348541 -0.281360 -0.038373 -0.889045 0.907107 -0.782576 -0.515661 -0.773901
0.127900 -0.765167 0.140710 -0.010169 -0.040672 -0.684195 -0.119340 -0.398607
0.236823 0.159815 -0.614329 0.071404 0.540190 -0.097552 -0.226210 0.593616
-0.362018 -0.711783 0.177588 -0.325988 -0.095953 -0.775665 -0.359578 -0.858114
0.288943 -1.307799 -0.409631 -0.877275 0.471733 0.113952 0.461618 0.417892
-0.225506 -0.393399 0.133329 0.269930 0.622284 0.070279 0.260802 0.108912
0.448687 -0.255045 -0.090653 -0.217953 0.369708 -0.617348 -0.221587 -0.406608
0.166134 -0.329650 0.425599 -0.643737 0.198372 -0.449533 -0.574530 -0.385420
0.600895 0.547035 -0.036069 -0.481818 -0.330367 0.062524 -0.245509 -0.398307
0.480248 -0.050358 -1.040837 -0.385498 0.156708 -1.111055 0.487247 -0.844167
0.121185 -0.719891 -0.115511 -0.411837 0.342014 -0.925475 -0.192207 0.317503
-0.038116 -1.234444 0.623794 -0.494794 -0.012282 -0.369355 -0.147546 -0.363054
-0.124835 -0.720267 0.237505 -0.112306 0.983743 -0.025656 -0.014872 -0.556223
0.753050 -0.408760 0.084211 0.449919 0.264074 -0.182267 -0.033851 -0.328359
-0.086407 -0.553024 0.765602 -0.833947 -0.188494 -0.688876 -0.401903 -0.187102
0.044614 -0.657600 0.587356 -1.014047 -0.254834 -0.389049 -0.356611 -0.124140
0.629777 -0.803843 -0.762074 -0.215076 0.065927 -0.548440 0.191982 -0.796091
0.192770 -0.105727 0.072363 -1.112945 0.619362 -0.102001 -0.138574 -0.755703
0.262390 -0.054101 0.293499 -0.485195 0.273753 -0.252384 -0.763277 -0.334363
0.143803 -0.009386 0.143774 -0.377098 1.132023 -0.519142 -0.562455 -0.679472
-0.195893 -0.495914 0.531021 -0.485035 -0.610263 -0.283413 -0.395263 -0.820394
-0.110841 -0.445925 -0.455981 0.077932 0.228248 -0.570266 0.352044 -0.099199
-0.572549 0.434152 -0.482446 0.076099 -0.114698 -0.653281 -0.236646 -0.642561
0.132674 -0.426552 0.619931 -0.860630 0.423581 -0.340110 -0.476929 0.211953
-0.306424 -0.592016 0.189109 -0.960117 0.016468 0.757332 0.607952 0.195714
0.612650 0.102920 -0.197501 0.281214 0.289271 -0.533830 -0.644597 -0.541797
0.248460 -1.198466 0.673779 -1.145450 0.674929 0.457212 0.378188 0.523352
0.060792 0.211873 0.063718 -0.139519 -0.222489 -0.297616 0.352460 0.101274
0.015694 -0.519649 0.042482 -0.724828 0.413405 0.051069 0.067509 -0.753542
0.192326 -0.488335 -0.284327 -0.561122 0.853137 -0.584146 0.338451 -0.164420
-0.234326 -0.557976 -0.809427 0.496762 0.512185 -0.115087 0.441347 0.340850
0.304314 -0.177205 0.559111 0.720668 -0.548597 -0.497563 -0.714659 -0.634594
-0.164072 -0.216413 -0.567990 -0.503305 1.225803 -0.136412 0.107928 0.439200
-0.389446 -0.261861 -0.093759 -0.245366 1.130702 -0.079377 0.027246 0.376633
0.455427 0.337545 0.073861 0.553695 0.309746 -0.346743 -0.281765 -0.750570
-0.370298 0.267212 -0.551904 0.268605 -0.951269 -0.872057 0.257537 -0.123133
-0.436623 -0.535257 0.232356 0.313993 -0.553681 -0.479748 -0.542864 -0.501503
0.106691 -1.062720 0.221708 -0.614309 1.020423 0.137551 -0.919830 -0.232284
-0.648771 -0.898418 0.883380 0.279680 0.760299 -0.215100 -0.546643 -0.664565
-0.432285 -0.402701 -0.244843 -0.799590 0.646462 0.221422 0.288949 0.313972
0.266107 -1.175184 0.246443 -0.446248 0.780032 -0.190773 -0.489601 0.086375
0.112007 -0.737677 0.364623 -0.975093 -0.252467 -0.521605 -0.280433 0.087622
-1.003303 -0.097530 -0.245745 -0.337382 0.858805 -0.252539 -0.131766 -0.675938
-1.035967 0.132769 0.146471 -0.092739 0.654102 -0.027064 -0.368562 -0.906134
-0.981843 -0.033204 -0.240971 -0.187123 0.767812 -0.254549 -0.299212 -0.654608
-0.785679 -0.155693 0.033657 -0.169867 0.872552 -0.037527 -0.161906 -0.811705
-0.920926 0.155329 -0.177261 -0.470283 0.566296 0.013781 -0.675536 -0.497490
-1.110659 0.085428 -0.265514 -0.436661 0.495913 0.146906 -0.652253 -0.536858
-1.014802 -0.082280 -0.159740 -0.069739 0.844801 -0.093514 -0.141610 -0.758699
-0.351130 -0.646214 0.379093 0.135699 0.174396 -0.129177 0.292623 -0.148744
-0.872665 -0.290008 0.185756 -0.145137 0.962125 -0.192385 -0.324563 -0.540630
-0.889685 -0.186047 -0.052680 -0.186768 0.794352 -0.127814 -0.288989 -0.634844
-0.908332 -0.001943 -0.204856 -0.166554 0.691624 0.146859 -0.124525 -0.855158
-0.811170 -0.197823 -0.405220 -0.004950 0.829340 -0.552344 0.181931 -0.376854
-0.952758 -0.798864 -0.398054 -0.325161 0.817535 -0.327760 0.020439 -0.026698
-0.864111 -0.019386 -0.096780 -0.229847 0.453307 -0.265222 -0.371413 -0.652944
-1.049313 0.004056 -0.218960 -0.054258 0.909095 -0.235577 -0.113380 -0.730169
-0.730728 -0.230756 0.044916 -0.193375 0.936561 -0.129347 -0.468255 -0.749055
-0.822599 0.266685 -0.226340 -0.283701 0.196325 -0.081129 -0.496139 -0.338127
-0.734312 0.063268 -0.103634 0.034369 0.871419 -0.175460 -0.141933 -0.937605
-0.965992 -0.131779 -0.067179 -0.110102 0.741251 -0.276113 -0.307460 -0.660392
-0.931924 -0.256097 -0.154547 -0.304500 0.458255 0.016432 -0.549795 -0.442777
-0.767941 -0.057519 0.006715 -0.226764 0.220112 0.221999 -0.592490 -0.813911
-0.683586 0.188617 -0.334680 0.298230 0.422483 -0.068949 -0.270849 -0.333024
