-0.171497 -0.543813 -0.199172 -0.194150 0.174671 -0.781598 -0.083755 -0.139600
0.417869 -0.285177 -0.237183 -0.018097 0.405275 -0.482633 -0.020418 -0.229137
0.261244 -0.130260 -0.190002 -0.008886 0.227026 -0.321964 -0.210225 0.006021
1.214999 -0.219768 0.023427 -0.681438 0.799030 -0.157702 -0.246780 -0.107221
0.356916 -0.977756 -0.645331 -0.159577 1.184228 0.240431 -0.126583 0.396197
-0.010757 -0.110885 -0.214101 -0.715554 0.660716 -0.545549 0.351116 -0.070849
-0.205251 -0.083212 -0.563203 0.080153 -0.554537 -0.843297 0.433815 0.406531
0.242560 -1.117341 -0.053804 -1.009471 0.507723 0.863480 0.343994 0.051917
-0.169184 -0.345332 0.511761 0.028890 0.514429 -0.373585 0.486045 0.587765
-0.093580 -0.732324 -0.305463 0.263778 -0.377131 -0.528379 0.301742 -0.174972
-0.103289 -0.587043 0.181427 -0.417307 0.412307 -0.137454 -0.547403 -0.060174
0.587345 -1.031925 -0.546574 -0.290062 -0.012805 0.225747 0.204587 1.308430
0.009643 -0.464148 0.549361 0.095430 0.183510 0.075813 0.173171 -0.223908
-0.122052 -0.306063 -0.313725 0.873242 0.269361 -0.575368 0.396138 -0.460225
-0.233366 -0.525357 -0.309463 -0.240027 0.424821 -1.013552 0.659872 -0.307934
-0.872939 0.234172 -0.431434 0.220477 0.243761 -0.651604 0.739995 0.875306
0.095011 -0.560177 0.391185 -0.401906 0.617215 -0.079399 0.481728 0.048734
0.370477 -0.984477 -0.030242 -0.348753 -0.005571 0.297725 0.591146 -0.252056
0.193264 -0.506458 0.488061 -1.114769 0.519881 0.102100 -0.595864 -0.290091
0.344173 -0.300132 -0.175786 -0.750787 -0.495224 0.107309 0.114843 -0.214825
0.586098 -1.221015 -0.330937 -0.629808 0.299489 -0.683035 0.170015 -0.063517
0.302583 -1.041127 0.412057 -0.875549 0.358907 0.182135 0.117856 0.308827
0.428613 -0.499979 0.358557 -0.107691 -0.173940 -0.416668 0.564723 0.289586
-0.095663 -0.279317 -0.108370 -0.390221 -0.190709 -0.515260 0.042929 0.460291
0.419855 -0.636928 0.076751 -0.696938 0.741647 -0.342306 -0.613155 -0.158862
0.162034 0.017510 0.488337 -0.111285 0.621710 0.470515 0.015792 0.136332
0.443320 -1.359136 0.210106 -0.752971 -0.038413 -0.241460 0.150159 -0.165068
0.501217 -1.404196 -0.223646 -0.361486 0.816537 -0.288382 -0.262556 -0.256231
0.055984 -0.923569 -0.965015 -0.296367 0.378959 -0.191592 0.530835 0.147202
-0.049888 0.443588 -0.872405 -0.098323 0.412056 -0.392739 0.350655 0.263698
0.554090 -0.833795 0.040643 -0.499180 0.739134 0.498112 0.114966 -0.180820
-0.138614 -0.444325 -0.233456 -0.134564 0.516328 -0.140344 0.336729 0.404392
-0.459493 0.377093 -0.388553 0.052614 0.046430 0.033896 -0.267764 -0.232229
0.024621 0.074063 -0.799371 -0.706987 0.429283 0.140366 0.440346 0.154504
-0.236325 -0.610776 -0.692335 -0.163918 0.789342 -0.568439 0.455297 0.362247
-0.122996 -0.295568 -0.507183 -0.410464 1.038563 -0.296114 0.617585 0.472411
0.193542 -0.573814 0.510485 -0.236858 0.763249 0.208351 -0.575043 -0.041129
0.262966 -0.630784 -0.363175 -1.486282 -0.166225 0.405415 0.764473 -0.243353
-0.312262 0.129763 0.264224 -0.116528 1.024479 0.028820 0.123743 0.160822
0.156230 -0.915537 0.054719 -0.468289 0.656212 -0.415635 0.341209 0.323157
0.431897 -0.942115 -0.474922 -0.603329 -0.110099 -0.362320 0.301166 0.527843
0.567254 -0.636417 -0.121082 -0.102195 0.017465 0.271929 0.547455 0.051045
-0.179052 -0.431218 -0.594489 -0.102385 -0.549082 -0.673782 0.450379 0.433621
0.347890 -0.217517 -0.239447 -0.034365 -0.185355 -0.600316 0.113900 0.071933
0.471167 -0.559054 0.145961 -0.099713 1.126376 0.207859 -0.105760 0.206201
0.123062 -0.164952 -0.101331 -0.153081 0.065475 -0.575190 0.269012 0.144422
0.539552 -0.554974 0.295165 -0.138296 0.685419 -0.568759 -0.079709 -0.184034
-0.838192 0.244907 -0.158837 -0.510395 0.094542 0.750482 -0.275627 0.312676
0.652332 -0.951465 -0.420804 -0.209959 1.244398 -0.417215 -0.440826 0.286598
0.028381 -0.351994 -0.281703 -0.453548 1.207596 0.022418 0.112850 -0.033211
-0.002293 -0.756388 0.056154 -0.543093 1.142947 -0.225320 0.304264 -0.038087
-0.135896 -0.712772 -0.371846 0.166321 0.788369 -0.126515 0.308288 0.796994
-0.119227 -0.765930 0.153807 -0.626860 1.260016 -0.150110 -0.415624 0.135294
-0.253730 -0.876885 -0.662077 0.026636 1.191203 -0.448806 0.326131 0.436524
-0.444387 -0.253359 -0.355876 -0.864718 0.609674 -0.271860 0.582189 0.457273
0.033431 -0.700487 0.844184 -0.681914 0.525405 0.119040 -0.217337 -0.041710
-0.279449 -0.417770 -0.234142 0.161305 0.298872 -0.421878 0.734500 0.195696
-0.411742 -0.267695 0.421402 -1.182680 -0.150775 0.684277 0.118230 -0.012113
-0.012943 -0.900366 -0.281533 -0.607774 0.635874 0.004232 0.329783 0.419688
0.098058 -0.644880 0.026340 -0.080958 -0.161221 0.119399 -0.000476 -0.003227
0.700500 -0.198609 0.550088 -0.321903 0.757433 0.224742 -1.555115 -0.469382
0.169968 -0.901338 -0.386320 -0.606383 1.156338 -0.092084 -0.423609 0.329267
-0.091692 -0.695882 -0.481338 -0.159539 0.278607 -0.718958 0.614100 0.339754
-0.371750 -0.170587 -0.228069 0.542492 0.555433 -0.392831 0.051216 -0.241421
-0.777581 -0.059075 -0.611864 -0.500540 0.233753 -0.194040 0.486900 -0.063449
0.021497 -0.703785 -0.445489 -0.361343 0.134664 -0.061365 0.827468 0.474487
0.514816 -1.225975 -0.062773 -0.080198 0.290879 -0.287254 0.024504 -0.395375
0.523653 -0.050516 -0.338015 -0.466877 0.945617 -0.336563 -0.322836 0.725594
-0.348140 0.308143 -0.159454 0.556414 0.063927 -0.509241 -0.312237 -0.243138
0.784241 -0.589540 -0.664913 0.173386 0.929590 -0.304594 -0.536388 0.473209
0.424529 -0.764476 -0.448506 0.111049 -0.029138 0.116478 1.013622 0.786023
-0.423641 -0.779419 0.548037 -0.612279 0.387027 0.485953 0.050369 0.352317
0.440428 0.071321 0.452088 -0.954639 0.269933 -0.468957 -0.291414 0.073887
0.318820 0.036324 -0.344236 0.093235 0.349477 -0.833899 0.044116 0.184547
0.178694 -0.821091 0.596447 0.109101 0.219389 0.263061 0.002443 -0.013993
-0.513552 -0.337518 -0.245873 -0.108302 0.802831 -0.368393 0.617514 0.273125
0.337414 -0.209813 -0.039587 0.309811 0.658370 -0.313488 -0.008790 -0.728057
0.043567 -0.301055 0.225135 -0.287104 0.857376 -0.001592 0.098141 0.201888
0.091204 -0.312534 -0.017608 -0.089090 -0.007191 -0.323855 0.160257 0.073692
-0.372790 -0.246323 -0.612128 -0.083016 0.967489 -0.269993 0.096765 0.467292
0.431877 -0.215872 -0.229367 0.174211 0.545831 -0.225127 0.045042 0.078340
-0.148887 -0.320302 -0.543834 0.147465 1.037516 -0.332524 0.440150 0.561848
-0.101651 -0.342333 0.290922 -0.302716 -0.037504 -0.548268 -0.451376 -1.038720
0.410534 0.016640 -0.581204 0.124348 0.432501 -0.380795 0.311902 0.032433
0.024179 -0.840964 0.227885 0.053790 -0.298410 -0.574221 0.129261 0.411230
0.055983 -0.794176 -0.829888 -0.307943 0.687062 -0.568468 0.783875 0.107941
0.345114 -0.513888 -0.405230 -0.323286 1.104435 -0.948916 -0.403754 0.123915
-0.137023 -0.769111 0.428650 -1.289227 0.620081 -0.161956 -0.293564 -0.172114
0.569443 -0.347328 0.166253 -0.496987 -0.769513 -1.091269 -0.510498 -0.255476
-0.410886 -0.753155 -0.159176 -0.726681 0.317197 -0.902593 -0.003965 -0.389895
-0.479890 -0.992886 0.057599 -0.372127 0.191018 -0.169426 -0.353247 0.424976
-0.448307 -0.650514 0.451367 -0.733860 -0.454091 -0.744124 -0.292970 0.163161
-0.372199 0.535061 0.145589 0.023871 -0.316998 -0.675809 -0.450119 -0.976074
0.441061 0.242730 -0.588618 -0.232735 -1.183684 -0.576061 0.180765 -0.221391
0.373246 -0.352399 0.053740 -0.110280 -0.432917 0.138646 0.532429 -0.110071
-0.325011 -0.596742 -0.381951 -1.032966 0.611929 -0.739033 0.134985 -0.053976
0.184768 -0.239147 0.356972 -0.980386 -0.152921 -0.669257 -0.612920 -0.650838
0.560778 -1.030481 -0.050052 -0.660922 -0.046891 -0.257912 0.267046 0.014837
0.468757 -0.255779 -0.003316 -0.463276 -0.274980 0.187710 -0.077863 -0.581788
-0.142974 -0.566497 0.180121 0.354807 0.815698 -0.734718 -0.263075 -0.242349
-0.156183 -0.042228 0.006307 -0.311857 -0.171909 -1.053344 -0.256786 0.047198
-0.197974 -0.165083 0.460662 -0.798942 -0.681105 -0.276539 -0.060121 -0.626827
-0.031094 -1.021164 0.835521 -0.337098 0.238929 -0.517986 -0.633624 0.359198
0.169784 -0.833100 0.006404 0.126683 0.160682 -0.514260 0.187052 -0.405641
-0.604138 -0.760097 0.150043 0.034229 0.056737 -0.771622 0.321027 -0.229733
-0.355685 0.081055 0.120203 -0.210131 -0.405480 -0.165197 -0.244783 -0.555708
-0.455162 -0.547292 -0.043281 -0.215478 -0.118034 -0.611025 0.048303 0.103149
0.615024 -0.585423 -0.745492 -0.344923 0.416143 -1.390150 -0.181192 0.164352
-0.637409 0.033618 0.350738 0.232453 -0.274136 -0.779175 -0.261886 -0.487748
0.078444 -0.253104 0.683109 -0.178253 -0.034266 -0.366686 -0.386162 -0.659773
0.116054 -0.699853 -0.318989 0.277950 0.448545 -0.708192 -0.516824 -0.776696
-0.680670 -0.466293 0.523880 -0.160256 -0.347713 -0.461888 -0.590475 -0.801135
0.090859 -0.834469 -0.259592 0.828062 0.275257 -0.260676 -0.202485 -0.380194
-0.348169 -0.602541 0.299612 -0.411211 0.283541 -0.709085 -0.576106 0.159183
0.067187 -0.520306 0.693551 -0.987510 0.967529 -0.307306 -0.302032 -0.223671
-0.682330 -0.262016 0.442905 -0.652823 -0.339317 0.078182 -0.371058 -0.754011
0.572856 -0.745812 0.399225 0.056459 0.258900 -0.547581 0.402215 -0.206829
0.458327 -0.707554 -0.204861 -0.677550 0.501492 -0.615517 -0.268947 0.358573
-1.061659 -0.161366 -0.100030 0.041781 0.823476 -0.170300 -0.203307 -0.639691
-0.815226 0.133368 -0.284389 -0.370530 0.257917 0.241506 -0.201776 -0.769453
-0.848164 -0.174295 -0.022536 -0.110495 0.793009 -0.053712 -0.318005 -0.760877
-0.755297 -0.593692 0.144538 -0.237707 0.578271 0.090696 0.057572 -0.520077
-0.625389 -0.701506 -0.080677 -0.655643 0.990778 -0.304993 -0.145823 -0.513345
-1.024395 -0.105600 -0.102085 0.042471 0.684972 -0.234020 -0.259019 -0.545264
-0.903433 -0.048318 -0.098484 0.093291 0.731397 -0.130748 -0.262684 -0.846092
-0.800412 -0.130588 0.156239 -0.164140 0.835493 -0.201144 -0.249685 -0.546257
-0.637568 -0.128891 0.030421 0.168543 0.916710 -0.379467 -0.268757 -0.046499
-0.906419 0.039944 -0.117738 -0.114050 0.816497 -0.060352 -0.152898 -0.872752
-1.130466 -0.071347 -0.052920 0.126825 0.648067 -0.708702 -0.244350 -0.200502
-0.714457 0.172699 -0.102828 0.570352 0.767854 -0.267295 -0.060424 -0.859269
-1.523514 0.288646 -0.153823 0.357725 0.588447 0.066688 -0.039200 -0.408857
-0.900621 0.041808 -0.147185 -0.115898 0.694056 -0.243362 -0.401935 -0.737607
-1.019838 -0.084414 -0.121258 0.079119 0.830181 -0.387004 -0.178855 -0.582788
-0.922383 0.014110 -0.150005 -0.356080 0.472118 -0.086504 -0.575424 -0.600685
-0.957791 -0.084987 -0.195922 0.017439 0.687066 -0.113889 -0.287150 -0.802061
-0.988942 -0.144588 -0.164922 -0.073615 1.008000 -0.199418 0.175972 -0.621738
-0.874247 -0.032145 -0.224320 0.111087 0.921416 -0.437636 -0.222883 -0.801029
-0.921030 -0.007357 -0.287769 -0.334547 0.548764 -0.002795 -0.091324 -0.411493
-0.849902 -0.116119 -0.054197 -0.084972 0.876276 -0.377811 -0.345250 -0.655771
-1.021142 -0.176347 -0.124681 -0.010730 0.758301 -0.298899 -0.396975 -0.575355
-0.841601 0.112419 -0.043949 -0.104374 0.755074 0.006979 -0.150065 -0.927431
-1.137232 -0.034356 -0.327213 -0.256717 0.495711 -0.010738 -0.385501 -0.449879
