0.351532 0.128368 0.234621 0.126752 0.099273 0.570912 -0.552240 -0.288594
-0.288355 -0.299228 -0.175055 -0.764877 0.366610 -0.014429 -0.021139 -0.407771
0.278995 -0.014193 -0.381698 -0.706418 0.660884 -0.795743 -0.664729 -0.400886
-0.257794 -0.163957 0.230729 -0.240125 -0.105038 -0.132933 -0.244822 -1.072123
0.294222 -1.327474 -0.069350 -0.468625 0.582069 -0.082922 0.240943 0.423556
0.058037 -1.028937 -0.107251 -0.485130 0.751385 0.298853 0.135179 -0.227490
-0.007064 -0.878532 0.083761 -0.400373 0.873007 -0.705091 -0.263652 -0.018843
0.806841 0.728406 0.275962 -0.520385 0.312387 -0.336674 -0.746757 -0.181123
-0.156851 -0.530490 0.170411 0.216101 0.083011 -1.104164 -0.046589 -0.880730
-0.410120 -0.655173 0.576331 0.776697 -0.194681 -0.215763 0.252081 -0.706937
-0.095563 -0.821362 0.128496 -1.333447 0.558923 0.093567 0.755086 0.637870
-0.280637 0.029063 -0.720898 -0.550226 0.308217 -0.776305 -0.232555 -0.693715
0.422925 0.278046 -0.620428 0.179992 0.524433 -1.379310 0.382719 -0.195901
0.218383 -0.703715 -0.135404 -0.864133 0.728761 -0.057499 0.184963 0.418468
-0.079313 -0.163408 0.063006 0.322720 0.253032 0.244840 -0.383195 0.755175
0.607977 -0.687131 -0.446257 0.104911 0.775280 -0.428271 -0.212299 0.280925
-0.010399 -0.724602 0.177733 -0.151509 -0.245228 -0.494830 -0.470363 -0.590272
0.343513 -0.644750 -0.645036 0.246860 0.151050 -0.350818 0.758167 0.106582
-0.208081 -0.334045 0.255623 -1.018433 -0.035723 -0.378306 -0.485237 -0.518990
0.256983 -0.378680 1.058473 -0.010048 1.104398 0.025394 -0.089104 -0.238840
-0.430131 -0.424815 -0.262058 -0.247470 0.725369 -1.273245 -0.251591 -0.138609
0.508934 -0.651567 0.016138 -1.022089 0.624933 0.124984 0.366208 -0.404706
0.348869 -0.278152 0.340187 -0.469087 0.816821 -0.403990 -0.782981 -0.733090
-0.168536 -0.049890 0.293642 0.390298 0.190361 -0.247695 -0.385414 -0.322503
-0.323841 0.118280 0.376483 0.068641 0.209990 0.031303 0.355882 0.480941
-0.365381 -0.485733 0.759683 -0.885158 -0.410603 -0.574650 -0.528284 0.450792
0.271870 -0.524297 0.295316 0.306857 -0.179540 0.008740 0.378688 0.267319
0.461950 0.323896 0.399742 -0.506228 0.085833 -0.671418 -0.211840 -0.431209
-0.329275 -0.476340 0.528607 -0.855038 -0.240623 -0.523704 -0.364653 -0.286063
0.408310 -0.829272 -0.077429 -0.184462 0.602465 -0.859737 -0.149251 -0.071117
-0.217933 -0.314253 -0.231007 -0.316393 1.002649 -0.233457 0.121641 0.524275
0.003965 -1.069895 0.143665 -0.774087 0.010685 -0.664228 -0.382325 0.278231
0.126608 0.198763 0.111964 -0.560854 0.126062 0.311976 -0.072431 0.270289
-0.015725 -0.233679 -0.327249 -0.543898 0.847231 -0.187694 -0.089512 0.211711
0.703401 -1.272427 0.657837 -0.627077 0.427363 0.160704 -0.226573 -0.157738
-0.136341 -0.094919 -0.289208 -0.510929 0.337708 -0.127745 -0.169949 -0.131503
0.183595 -1.238642 0.144976 -1.291924 1.024456 -0.383189 0.248320 -0.088754
-0.280046 -0.354745 -0.134996 -0.001340 -0.288573 -0.032677 0.089845 0.635593
0.136547 0.328660 -0.540605 -0.463837 -0.690839 -0.561787 -0.215356 -0.281427
0.152653 -0.598452 0.379861 -0.884601 0.984464 0.249857 -0.167557 -0.436259
0.405786 0.195617 -0.133774 0.092408 -0.110845 -0.325695 0.007347 0.180208
0.163925 -0.782959 0.245423 -0.297765 0.236407 -0.039739 -0.330468 -0.060150
0.461312 0.263605 -0.830970 0.424207 -0.652191 -0.234201 0.681262 0.519513
-0.134077 -0.891245 0.651659 -1.076336 1.051460 -0.262994 -0.190300 -0.287718
0.396767 -0.622171 0.221282 -0.713674 0.004445 -0.334708 0.050697 -0.248037
0.214082 0.052697 -0.474094 -0.588618 -0.253318 -0.902080 -0.300438 -0.505818
0.411143 0.347847 -0.262509 0.459301 0.357233 -0.521090 -0.022066 -0.588400
-0.125574 0.064125 -0.112192 0.069081 -0.195343 -1.105399 -0.079931 -0.718139
-0.084577 -0.481853 0.026831 -0.414139 0.857580 0.209898 -0.536808 -0.078964
0.125546 -0.394124 0.347317 -0.564430 -0.466858 0.025079 -0.281830 -0.667519
0.293571 -0.240394 -0.022098 -0.263695 0.582270 -0.557324 0.318355 0.012674
0.561891 -1.305596 -0.190437 -0.497585 0.412289 0.487331 -0.032302 0.255204
0.433251 -1.120353 0.181213 -0.350426 1.201272 -0.090571 -0.523635 0.016172
-0.214670 -0.963470 0.160018 -0.940638 1.138665 -0.112848 0.097630 0.596299
-0.613238 0.213012 0.177800 -0.062201 1.123993 -0.036219 0.377583 0.108271
-0.211418 -0.554506 -0.368783 -0.501197 1.097014 -0.216819 0.169990 0.834295
-0.684763 0.235627 -0.442913 0.407956 -0.087214 -0.913502 -0.452596 -0.941531
0.798449 -1.599004 0.039674 -0.689924 0.804222 -0.590649 -0.387857 -0.242842
0.064668 -0.717040 0.009566 -0.204642 1.053578 0.402598 0.055652 -0.188923
0.217229 -0.549469 0.349644 0.039720 0.955533 -0.013551 -0.373021 -0.396270
0.097088 -0.438618 -0.235343 -0.093364 0.718813 0.131934 0.116769 0.038632
0.008412 -0.766702 -0.234040 -0.554536 1.081049 -0.236047 0.449609 0.132156
0.012797 -0.616444 -0.771501 0.040260 0.544512 0.165690 0.965892 0.866607
-0.031022 -0.127778 -0.330122 0.280454 0.749888 -0.792457 0.058853 0.003718
0.410605 -0.304492 -0.595494 0.195257 1.148466 -0.142058 0.375882 0.299509
0.460706 -0.655353 -0.074214 0.161431 -0.566795 -0.414189 0.629141 -0.724688
-0.116035 -0.151111 0.203129 -0.666369 -0.260249 0.002107 0.225154 -0.234335
0.588747 -1.313377 0.306748 -0.576506 0.607137 -0.140101 0.012944 0.213507
0.405786 0.195617 -0.133774 0.092408 -0.110845 -0.325695 0.007347 0.180208
-0.001631 -0.141267 -0.592826 0.449730 0.394076 -0.077232 -0.461881 -0.456559
-0.100366 -1.202608 -0.279664 -0.810740 0.514302 -0.129539 0.077633 0.666778
0.251502 -0.599065 0.129872 -0.320698 0.118025 -1.026865 0.106064 0.330437
-0.160518 -0.410909 -0.095171 0.162025 -0.079655 -0.231638 0.178716 -0.514584
-0.306056 -0.363294 0.118610 -0.574980 0.750005 0.225041 0.045110 0.794498
0.013683 -1.156143 0.009064 -0.721120 0.313061 0.247819 0.402905 0.487643
-0.151784 -0.106508 0.410567 0.009581 0.369601 -0.311961 -0.191039 0.293461
-0.031827 -0.879284 -0.258284 -0.710124 1.259332 -0.327934 0.512806 -0.294264
0.146350 -0.715738 0.288009 -0.753107 -0.336318 0.042694 0.244197 0.123047
-0.210955 -0.481715 0.812083 -0.029966 -0.184626 0.007935 0.466636 0.351643
-0.147732 0.114541 1.007691 -0.196566 -0.270196 -0.034420 -0.920004 -0.173921
-0.084286 0.680531 -0.376468 -0.129843 -0.213169 -0.853244 -0.189125 -0.511393
0.543007 -0.778885 0.365071 -1.416348 0.736046 -0.341371 -0.376840 0.187661
-0.209142 -0.767411 0.774425 -1.022490 -0.195628 0.277587 -0.175775 0.013989
-0.316853 -0.145659 0.128023 -0.448154 0.403924 0.416647 0.095638 -0.930981
-0.455748 -0.776793 0.186310 -0.686397 0.108612 -0.679309 -0.141375 0.061353
0.435279 -0.195910 0.576682 -0.946856 1.077935 0.271170 -0.803279 -0.276030
-0.699902 0.099097 -0.240018 -0.312750 -0.314036 -0.381596 0.360166 -0.066526
-0.343958 0.202736 -0.353894 -0.475971 0.363397 -0.250163 -0.317828 -0.284151
-0.589616 -0.476035 0.286905 -0.089085 -0.204224 -0.553041 -0.248790 -0.292991
-0.124833 -1.247583 0.304742 -0.856814 1.076541 -0.373026 -0.065087 -0.254179
-0.300093 -0.208805 -0.081691 -0.073065 1.057198 -0.475410 -0.023164 0.491754
0.398736 0.074916 -0.401881 -0.426843 -0.776240 -0.332085 -0.110387 -0.534087
-0.933298 -0.534666 0.144815 -0.520659 0.670018 -0.448887 -0.577561 -0.230917
0.314223 -0.331641 -0.134980 -0.086239 0.684381 -0.390964 -0.420767 -0.200806
0.821173 -0.542497 -0.297308 -0.344740 0.877059 -0.227608 -0.355400 -0.116305
0.372090 -0.410536 0.224016 -0.831987 1.043787 -0.317696 -0.175327 0.447404
-0.013756 -0.730131 0.960748 -1.077126 0.416250 -0.592494 -0.485402 -0.414760
-0.841588 -0.625615 -0.029285 -0.784103 0.075342 -1.125965 -0.665237 -0.583050
0.012981 -0.165142 0.301312 0.121345 -0.546082 -0.590747 0.056831 -0.433644
0.214940 -0.527680 -0.244227 -0.511860 -1.037487 -1.212725 -0.015488 -0.743627
-0.161683 -0.019314 -0.562369 0.529775 -0.743395 -0.841642 0.105814 -0.068485
0.546109 -0.418811 0.351813 -0.550584 0.251912 -0.698664 -0.208444 0.099245
0.483837 -0.413543 0.003341 -0.083050 0.218696 -0.873685 -0.212345 -0.277916
0.521051 -0.977313 0.549504 -0.565347 0.664165 -0.652797 -0.169866 -0.517831
-0.309644 -0.352143 0.155627 -0.314022 0.092233 -0.072273 0.010363 0.294482
-0.222387 -1.002600 0.135289 -0.886634 0.654431 -0.834780 -1.039304 -0.249727
-0.761018 -0.260367 -0.027685 0.499182 0.126566 -0.316255 0.369768 0.232345
-0.530714 -0.568392 -0.043087 0.063237 -0.205621 -0.269446 -0.561878 -0.654589
-0.123159 -0.669897 0.608838 -0.178064 0.173592 -0.073135 0.102106 -0.164432
0.457276 -0.557610 0.511949 -1.761688 0.436356 0.218609 -0.303823 -1.062539
-0.476739 -0.450150 0.096488 -0.244046 -0.400828 -0.766005 -0.284461 -0.328154
-0.212710 0.359170 0.552830 -0.690550 -0.769403 -0.083529 0.279483 0.133408
0.347915 0.100164 -0.085629 0.013932 -0.162468 -0.781728 -0.605130 0.121652
0.684402 -0.672376 0.278325 -0.639024 0.746289 -0.837205 0.010460 -0.237215
-0.132321 -0.158578 -0.054269 -0.019077 0.399679 -0.342895 -0.200460 1.070316
-0.333591 -0.860380 0.167626 -1.355274 0.388971 -0.364074 -0.597070 -0.056109
0.418111 -0.504628 -0.152383 -0.688674 0.180891 -0.297535 -0.163768 0.144609
0.319630 0.056351 0.303706 0.229755 -0.060868 -0.841044 -0.072102 0.297792
0.124164 0.178373 -0.780525 -0.295153 -0.512350 -0.695395 0.274005 0.108808
0.527530 -0.796002 0.302295 -0.772359 0.146176 -0.403746 -0.357973 -0.170473
-1.021452 -0.181085 -0.070018 0.036698 0.908040 -0.409503 -0.335074 -0.477448
-0.961428 -0.084642 -0.073786 0.091682 0.785182 -0.320922 -0.369232 -0.674844
-0.905981 -0.043797 -0.184778 0.015156 0.580533 0.126299 -0.317678 -0.815548
-0.676796 0.123892 -0.322844 0.015624 0.357136 -0.453955 -0.401740 -0.907618
-0.961059 0.208550 -0.097820 0.213556 1.021190 -0.430459 -0.024616 -0.363081
-0.818699 -0.208857 -0.071060 -0.121054 1.020447 -0.464215 -0.029200 -0.229494
-0.918339 -0.233091 0.127795 -0.133474 1.015580 -0.368177 -0.230236 -0.655041
-1.042594 -0.046696 -0.378645 -0.127531 0.807930 -0.298012 -0.137019 -0.762035
-0.740407 0.030320 -0.052780 0.106117 0.654629 0.021358 -0.259268 -1.008980
-0.870270 -0.268791 -0.043296 -0.224787 0.684398 -0.287773 -0.344528 -0.770775
-1.059777 -0.161880 -0.033304 -0.018511 0.908868 -0.325361 -0.263169 -0.444070
-1.072738 -0.108686 -0.220133 -0.074256 0.900489 -0.270031 -0.150837 -0.630411
-0.959392 0.061211 -0.154639 -0.190965 0.712766 -0.088144 -0.369792 -0.724086
-0.915842 -0.037307 -0.163347 0.066360 0.888933 -0.324566 -0.175022 -0.821512
-0.976407 -0.159953 -0.119548 -0.330343 0.951171 -0.233936 -0.157265 -0.579023
-1.074670 0.031022 -0.304749 0.062612 0.871754 -0.557259 -0.304004 -0.578938
-0.947092 -0.135606 -0.060588 -0.054378 0.728059 -0.431875 -0.404033 -0.750585
-1.166394 0.072760 -0.289562 -0.010780 0.803280 -0.350600 -0.100052 -0.642477
-1.143346 -0.113650 -0.423838 0.034966 0.717000 -0.229823 -0.073909 -0.475182
-1.037031 -0.140442 -0.295751 -0.072741 0.967037 -0.382016 -0.135301 -0.611730
-0.996702 -0.246606 0.109073 -0.152616 1.083767 -0.469333 -0.180333 -0.488441
-0.949069 -0.000195 -0.231856 0.054799 0.830060 -0.350043 -0.279911 -0.756865
-0.925092 0.010677 -0.277885 0.058169 0.584294 -0.083067 -0.366767 -0.756197
-0.964979 0.031260 -0.308354 -0.105105 0.573121 -0.122315 -0.385250 -0.657218
-1.149629 0.128067 -0.361142 0.064160 0.113938 -0.319947 -0.318712 -0.791059
-1.029661 -0.007330 -0.275258 0.131101 0.888752 -0.462073 -0.270249 -0.658897
-0.815481 0.177990 -0.037494 -0.074524 0.637581 0.010261 -0.367744 -0.879754
-0.953018 -0.121217 -0.090577 -0.113946 0.910203 -0.218247 -0.139983 -0.721841
-1.107230 -0.093117 -0.173721 -0.129278 0.957775 -0.481277 -0.256267 -0.445192
-0.777687 0.021488 -0.096025 -0.084935 0.895841 -0.271296 -0.120122 -0.865858
-0.474756 -0.396808 -0.227365 -0.219063 0.428913 -0.717205 -0.180993 -0.957247
-0.992142 -0.052384 -0.205207 -0.095947 0.645485 0.085211 -0.222989 -0.793641
-0.899479 -0.009342 -0.154295 -0.217549 0.810027 -0.242178 -0.371479 -0.367879
-1.012124 0.083425 -0.304864 -0.224398 0.436304 0.024394 -0.393011 -0.641779
-1.025805 -0.183116 -0.166081 -0.123025 0.844737 -0.152144 -0.180891 -0.681913
-0.932575 -0.080397 -0.122634 0.066162 0.877084 -0.309323 -0.224715 -0.767159
-0.845001 -0.294968 -0.035622 -0.300790 0.818680 0.021372 -0.296115 -0.517803
