-0.372444 -0.460614 -0.007754 0.022451 -0.300913 -0.379217 -0.568010 -0.812384
-0.822531 -0.431744 0.011225 -0.260648 0.165644 -0.025701 0.096797 -0.635961
-0.499865 -0.289685 0.115329 -0.103355 0.099787 -0.344475 -0.107710 -0.275609
0.300937 -0.348191 -0.376495 -0.212310 0.423615 -0.887954 -0.170301 -1.075828
0.310527 -1.143355 0.210850 -0.760279 0.254390 -0.224387 -0.589982 -0.766406
0.631558 0.411492 0.164047 -0.349756 0.145844 -0.554108 -0.581581 -0.914922
0.209156 -0.961242 0.485809 -0.137931 0.652685 -0.230381 -0.438194 -0.558632
-0.045131 -0.477834 0.779599 -0.169257 0.654020 -0.282984 -0.342936 -0.616683
0.358805 -1.400474 0.108180 -0.195691 0.178107 -0.186359 0.460692 -0.631739
-0.000302 -0.261910 0.038321 -1.064132 -0.598675 -0.283306 -0.444620 -1.448976
0.318672 0.489937 0.417739 0.019693 -0.172536 -0.007067 -0.474094 -0.329137
-0.476234 -0.555271 -0.396713 0.571367 -0.346217 -0.795568 -0.027507 -0.675599
-0.486156 -0.423317 0.219851 -0.770809 0.175893 -0.684796 -0.533957 -0.533255
0.189446 0.129990 0.376328 -0.277134 0.431416 -0.509688 -0.839362 0.592468
-0.034776 -0.188206 -0.013349 -0.292259 -0.400117 -0.679952 0.145928 -0.268510
-0.227534 -0.588633 0.203338 0.182343 -0.459328 0.353350 -0.024676 0.069357
0.002572 -0.389358 -0.101217 -0.603372 0.216046 -0.707353 -0.447028 -0.991073
-0.046268 0.157144 0.143244 0.257991 -0.494864 -0.408407 0.092443 -0.250457
0.005746 -1.094242 0.428156 -0.436007 0.095547 0.186095 0.135376 0.024241
-0.092518 -0.733702 0.110154 -0.279907 1.147246 0.021561 0.064818 -0.186687
0.142076 -0.386994 -0.028289 0.264156 -0.280042 -0.572400 -0.542451 0.046346
-0.065108 -0.931687 0.389847 -0.669304 1.229465 -0.219526 -0.196823 -0.376955
0.468894 -0.815072 -0.487006 -0.265071 1.257601 0.067010 -0.220233 0.240591
-0.217305 0.083416 0.355250 -0.147976 0.160142 -0.141524 -0.323818 -0.224010
-0.099763 -0.680170 -0.543833 -0.946046 0.678033 -0.280052 -0.168080 0.172718
-0.116072 0.002896 0.638358 -1.105667 0.914208 0.568579 -0.276972 -0.168546
-0.298701 0.037962 -0.094361 -0.660149 0.720914 -0.583653 -0.316071 -0.478571
-0.269986 0.248639 -0.110855 -0.814580 -0.253671 -0.125179 -0.009558 -0.322467
-0.409661 -0.119433 0.176098 0.604795 0.233210 0.166306 -0.113300 -0.170314
0.285979 -0.287264 -0.545361 0.228833 0.336452 -0.318821 -0.288579 0.272909
0.244028 -0.382824 0.210365 -1.091726 0.892008 -0.907453 -0.548727 -0.131079
-0.408155 0.010573 -0.412289 -0.299956 -0.223261 -0.174475 -0.014400 -0.094850
0.325885 -0.158376 0.137196 -0.202255 -0.541142 -1.100517 -0.537201 -0.772987
0.096238 -0.660257 0.152341 -0.886413 1.192202 -0.057455 -0.771861 -0.240538
-0.650156 -0.104937 -0.621138 0.092732 -0.071631 -0.988234 -0.183761 -0.881183
-0.086419 -0.556643 -0.458428 -0.128132 0.352719 -0.156029 -0.349867 -0.180308
0.410051 -0.463846 -0.446735 -0.729190 0.968667 -0.801003 -0.296920 0.269767
0.323291 -0.035761 0.450627 -0.793188 0.557270 -0.390777 -0.323702 0.240323
-0.415049 -0.699345 0.043697 -0.854614 -0.042966 -0.525465 -0.438635 -0.172628
0.602200 -1.282629 -0.261430 -1.115513 1.349169 -0.490028 -0.003644 -0.591382
0.510429 -0.569968 -0.767852 -0.568721 0.419953 -0.168985 0.280521 0.152584
0.423625 0.049330 -0.152984 0.399677 -0.640870 -1.158472 -0.560892 -0.548524
0.344657 -0.402706 0.123198 -0.841917 0.889948 -0.719085 -0.154678 -0.356597
-0.182184 0.317548 -0.222500 -0.003892 -0.105337 0.129075 0.007985 0.199630
-0.045874 -0.939455 -0.151609 -0.956952 1.446391 -0.776130 -0.107833 -0.392307
0.115165 -0.774326 -0.295735 -0.332534 1.114745 -0.196708 -0.111530 -0.550007
-0.247041 -0.549720 -0.162050 -0.925084 0.465504 0.067790 0.177977 -0.068764
-0.638152 -0.060104 0.285042 -0.239606 -0.226052 -0.609382 -0.750283 -0.271668
0.529320 -0.216936 -0.476429 -0.416245 0.028665 -0.260178 -0.444117 -0.140001
0.724914 -1.292817 -0.089942 -0.840666 1.201478 -0.519042 -0.665414 -0.485240
0.411270 0.134185 0.596820 -0.480226 0.023979 0.166129 -0.711074 0.330701
-0.873759 -0.046150 -0.069244 -0.231283 -0.452988 -0.651416 -0.108826 -0.906244
-0.934214 -0.562447 0.030910 -0.115605 0.810581 -0.943633 -0.233546 -0.540872
0.073584 -0.383168 -0.235311 -1.134788 0.586977 -0.729605 -0.418135 -0.577978
0.075231 -0.369194 -0.215351 -0.059825 0.386946 0.382065 -0.257743 0.204339
0.135493 -0.524016 0.722788 -0.731559 0.227440 -0.021488 -0.758916 -0.419685
0.579152 -0.115749 0.346487 -0.157493 0.444358 0.411115 -0.407009 -0.377309
0.310605 -0.616480 -0.334728 -0.466435 -0.452331 0.291402 0.025202 0.455319
0.429203 -0.070786 0.065218 -0.367519 0.286152 -0.431100 -0.267962 0.075030
-0.207201 0.355157 0.003817 0.222400 -0.762373 -0.040356 0.324721 0.106770
0.591447 -0.812330 0.266952 -1.280197 1.082385 0.295765 -0.464212 -0.260742
0.794443 -0.514195 0.420285 -1.059425 0.213737 0.487488 -0.405154 0.122841
-0.306588 0.199856 0.033257 -0.058870 -0.412216 -0.452090 -0.140184 -0.950213
-0.385752 -0.338447 0.336686 -0.710146 0.460674 -0.518827 -0.380253 -0.335972
0.206947 -0.488023 -0.260608 -0.786666 0.303947 -0.394569 -0.160836 -0.610773
-0.249306 -0.045501 -0.140798 0.025939 -0.790153 -0.337865 -0.418048 0.198060
0.677299 -0.086019 -0.304714 0.035132 -0.060383 -0.785862 -0.449696 -0.882202
0.704208 -0.383138 0.333816 -0.698389 -0.181539 -0.294358 -0.570260 -0.045948
-0.404947 -0.249288 0.703007 -0.599402 0.588268 -0.222205 -0.397821 -0.583440
0.273651 -1.085761 -0.259909 -0.413937 -0.009291 -0.478789 0.230909 -0.383209
0.136101 -0.049195 0.257009 -0.042405 -0.831501 0.321403 -0.286485 -0.015578
-0.797619 -0.671580 0.336672 -0.105480 -0.370695 -0.469726 -0.311861 -0.710775
0.831176 -1.186850 0.001346 -1.093894 0.496161 -0.828151 -0.220483 -0.936287
-0.347930 -0.511670 0.004654 -0.146368 0.705669 -0.203886 0.744674 -0.046859
-0.097352 0.135202 -0.725805 -0.493706 -0.706774 -0.314088 0.319213 -0.095732
-0.361266 -1.120927 0.767940 -0.604912 1.174235 -0.351556 -0.338983 -0.177799
-0.116070 -1.269036 -0.145650 0.329545 -0.062019 -0.574305 0.240358 0.068089
0.591735 -0.821918 0.138442 -0.547012 -0.096457 0.196681 -0.056205 -0.111564
-0.182110 -0.179790 -0.333943 -0.377993 -0.041479 -0.786550 0.117305 -0.428762
-0.462144 -0.137946 0.666731 -0.428845 0.432715 -0.138698 -0.567895 -0.080764
0.326688 0.439995 0.280080 -0.352478 0.201714 -0.485844 -0.799933 -0.839135
-0.129792 -0.089632 -0.366950 -0.981375 0.792262 0.554407 0.183105 0.272708
0.478366 0.331051 -0.212955 0.444237 -0.187444 -0.464179 -0.388368 0.381325
-0.853478 -0.388305 0.535755 0.273422 0.037615 0.046192 -0.275544 0.406665
0.357130 -0.012977 -0.105553 -0.056433 -0.529847 -0.365663 0.322599 0.327281
-0.215013 0.517898 -0.452835 -0.083085 0.849537 -0.363205 0.052401 0.809387
-0.816453 -0.461089 -0.336995 0.288052 -0.131714 -0.296124 0.233478 0.385356
-0.326033 -0.312129 -0.002241 -0.573979 0.237480 -0.369437 0.486773 -0.097373
0.050409 -0.231970 -0.113888 -0.210654 -0.128904 -0.810301 -0.211411 -0.121390
0.545701 -0.688311 0.119417 -0.808085 0.792626 -0.522414 -0.893683 -0.526603
0.018825 -1.121775 -0.285135 -0.814007 1.228635 0.107332 -0.374948 0.230749
0.320636 -0.797504 -0.768631 -0.894494 1.319984 -0.030591 -0.382845 -0.277484
-0.114692 -0.665136 0.008487 -0.172532 1.278829 -0.075776 -0.086058 -0.010288
-0.308319 -0.264062 -0.220804 -0.860744 0.700175 0.428104 -0.003213 0.517184
-0.126119 1.138332 -0.477741 -0.492714 -0.376809 0.185309 -0.202294 -0.144105
-0.124010 0.484101 0.168452 -0.548222 -0.245706 0.487380 0.196158 0.083526
-0.364682 -1.080478 0.548414 -0.903102 0.490327 0.175222 0.033229 -0.528222
-0.120821 -0.042447 -0.561250 0.175025 0.443862 -0.320151 -0.239690 0.005591
0.360655 -0.524407 -0.286713 -0.010576 0.705583 -0.173002 0.384838 0.154893
-0.260232 -0.430230 -0.214324 -0.852746 0.745063 0.547629 0.266772 0.592990
0.329840 -0.479536 0.229592 -0.183427 0.353423 0.154450 0.130570 -0.375486
0.354366 -0.053077 -0.194884 0.126583 0.019485 -1.049169 0.417513 0.438991
0.528381 -0.776598 -0.259801 -0.917260 0.428158 -0.144807 0.277624 0.688680
0.579279 -0.941997 -0.184680 -0.447983 1.268524 -0.082848 -0.902901 0.055863
0.372264 -0.556179 0.275606 -0.925931 0.682793 0.267794 -0.089253 -0.201055
-0.216259 -0.393294 0.338238 0.051999 0.741105 0.002945 -0.395708 -0.349131
0.495528 -0.582967 0.276854 -0.852516 -0.055542 0.478249 -1.130753 -0.566970
0.532769 0.266612 -0.093737 -0.773132 0.321286 0.292029 -1.101889 -0.491848
-0.008156 -0.743065 -0.206007 -0.502306 0.587849 -0.612596 -0.264144 -0.014848
-0.189208 -0.774921 0.301315 -0.645846 1.439403 -0.531602 -0.177241 0.159590
-0.582157 0.114689 -0.056776 -0.659013 0.333992 -0.329117 0.126770 -0.291198
-0.765540 -0.107082 0.055311 -0.048022 1.023789 -0.415854 0.081274 -0.596394
-0.946548 -0.270766 -0.037666 -0.223480 0.829656 -0.209099 -0.269573 -0.537146
-0.913042 -0.190113 0.061664 -0.003906 0.926153 -0.413730 -0.378050 -0.489242
-1.003428 -0.257331 -0.033658 0.080299 0.938242 -0.581153 -0.301413 -0.388746
-0.773499 0.229758 -0.212995 0.261245 0.832969 -0.186769 -0.125886 -0.950008
-0.683896 -0.286838 0.225627 -0.049553 0.936333 -0.450875 -0.194952 -0.408374
-0.842755 -0.264181 0.236202 -0.050441 0.934728 -0.479480 -0.274944 -0.299832
-0.824340 -0.226167 0.255509 -0.062121 0.904290 -0.429266 -0.263941 -0.363074
-0.923804 0.141261 -0.048284 0.257270 0.746469 -0.187345 -0.179590 -0.914829
-0.880759 -0.108337 -0.042316 -0.393847 0.897892 -0.238903 -0.325937 -0.620009
-0.593005 0.106393 -0.188453 0.005159 0.406489 -0.552639 -0.272369 -0.297365
-1.086856 0.020863 -0.387197 -0.212544 0.408266 -0.092707 -0.595276 -0.461166
-0.786562 -0.107230 -0.149425 -0.349366 0.251903 0.127532 -0.586871 -0.652127
-0.906810 0.149256 -0.280586 -0.283330 0.342822 0.188574 -0.447324 -0.754744
-0.563971 0.147935 -0.006066 0.440329 0.556149 -0.231454 -0.279947 -0.948594
-1.045889 -0.154067 -0.166253 -0.117277 0.798243 -0.127038 -0.227588 -0.650448
-1.114731 -0.151240 -0.059914 -0.346351 0.566489 -0.135540 -0.340339 -0.557602
-0.986061 -0.088803 -0.083161 -0.149137 0.872315 -0.164640 -0.183805 -0.720064
-1.052765 -0.333491 -0.358062 -0.349884 0.861228 -0.366418 -0.063560 -0.145883
