0.520912 -1.064480 -0.378777 -0.684289 -0.396606 0.268527 0.445889 0.267508
0.040915 -0.820231 -0.102909 0.114285 0.257112 -0.441804 0.324842 -0.046829
0.745176 0.002035 -0.376249 -0.810021 0.648631 -0.864393 -0.472179 -0.562207
0.425764 -0.762624 -0.358064 -0.767511 0.075797 -0.021752 -0.137980 -1.040917
0.629919 -0.461956 0.118335 -0.790546 -0.075922 -1.112004 -0.173369 0.000862
0.249390 -0.729990 0.337173 -0.971787 1.240573 -0.419604 -0.368678 -0.822457
0.098954 -1.066372 0.135639 0.003869 -0.207379 -0.493248 -0.386888 0.274416
-0.215651 -0.039583 0.518646 -0.011184 -0.095551 -0.517265 -0.548844 -0.070670
0.219535 0.483483 -0.349948 -0.434221 -0.175672 -0.628018 -0.458999 -0.446100
0.631598 -1.231686 0.198500 -0.761538 0.640645 -0.521374 -0.084619 -0.048514
0.069710 -0.398515 0.821534 -0.916664 0.953725 0.071927 -0.283243 -0.727638
0.157257 -0.305115 0.012982 -0.350838 1.030914 -0.646282 -0.454196 -0.037325
-0.001768 -0.852240 0.884997 -0.865639 1.202508 -0.314671 -0.729922 -0.275901
-0.168023 -0.308759 0.188442 -0.357759 -0.128050 0.453567 0.167093 0.663204
0.759430 0.025984 -0.181027 -0.632634 0.640916 -1.014726 -0.429636 -0.242010
-0.324638 -0.416322 0.385476 -0.572115 0.626329 -0.377055 -0.194476 -0.568674
0.446679 -1.525434 -0.409153 -0.096978 0.325128 -0.815654 -0.337608 0.009008
0.122107 -0.548664 0.782204 -0.301257 0.190672 -0.144808 -0.552773 0.210798
-0.011329 -0.963414 0.119167 -1.069772 1.481652 -0.450123 -0.867938 -0.407942
-0.117962 -1.237790 0.487772 -0.937482 0.892102 0.249070 -0.398646 -0.251388
-0.587178 -0.504043 0.303450 0.118905 -0.060411 0.117077 -0.264206 -0.153153
0.316901 -0.753289 0.068705 -0.869938 1.125249 -0.237577 -0.488937 -0.791450
-0.081231 -0.118185 -0.021854 0.058574 -0.070304 -1.269197 0.352137 -0.413133
0.168177 -0.249518 0.232057 -0.703181 0.231101 -0.868533 -0.148770 -0.344429
-0.092897 -0.895161 0.033847 0.223659 -0.084705 -0.509515 -0.054122 0.205681
0.327903 -0.624773 0.951137 -0.353615 -0.009867 -0.104333 -0.338428 -0.856040
0.029024 -0.361639 0.360963 0.301200 -0.622082 -0.874644 -0.074975 -0.797743
0.013799 -0.792407 0.116178 -0.859373 1.019641 0.094032 -0.129761 -0.471985
-0.269088 -0.760918 0.390221 0.179065 -0.446306 -0.568998 -0.605973 -0.365162
0.015848 -0.936775 0.509204 -1.385265 0.780098 0.107640 -0.649134 -0.106775
0.145524 -0.511340 0.197972 -0.139636 -0.494512 -0.466108 -1.010884 -0.534880
0.581806 -0.312053 -0.034906 -0.611478 0.586409 -0.700502 -0.325468 -0.086562
-0.132922 -0.530095 0.058353 -0.914326 0.863005 -0.833875 -0.294581 -0.186225
0.230326 0.087970 -0.588886 -0.331871 0.121109 0.264602 0.491147 -0.162819
0.389930 0.076064 -0.297742 -0.338842 0.767890 -0.164718 -0.403226 -0.071876
0.199670 -0.591667 -0.003710 -0.944097 -0.141737 0.176756 -0.387920 -0.442447
0.705939 -0.735673 0.267894 0.712804 0.407388 -0.603899 0.560715 -0.139650
0.220183 -0.265941 0.083319 -0.601103 0.371063 -0.090252 -0.669529 0.150470
0.465706 -0.946815 -0.301370 0.047988 -0.272333 -0.186610 0.708996 0.484920
-0.041146 0.264449 0.020126 0.196689 0.001921 -0.223184 0.216804 -0.050823
0.373706 0.272736 0.537396 0.346714 0.229042 -0.027354 0.019685 -0.416081
0.056204 0.333405 0.161130 -0.441747 -0.228232 0.111663 0.161342 -0.408265
-0.285805 -0.880364 -0.265332 -0.731132 0.688042 0.214978 0.655668 0.315443
0.157529 0.376631 0.114816 -0.186021 -0.003866 -0.068175 0.253209 0.369871
-0.013095 -0.019318 -0.541819 -0.129785 0.739748 -0.275552 0.075232 0.690601
0.126723 -0.712176 0.340495 -0.463928 1.033232 -0.239118 -0.214497 -1.004312
-0.124419 -0.859788 -0.312991 -0.070749 -0.158397 -0.849675 -0.503355 -1.059147
0.286765 -0.256354 0.247948 -0.065441 0.646533 -0.065702 -0.022104 0.335878
0.346620 -0.473327 0.249684 -0.907049 1.280461 -0.116308 -0.569159 -0.251914
-0.487455 -0.774553 0.185755 -1.203759 -0.219785 -0.414549 0.436849 0.571830
0.503383 0.159206 -0.262540 0.490097 0.069842 0.028159 0.218212 0.443059
0.186812 -0.700632 -0.612110 -0.890981 0.943604 0.241781 0.310257 0.680940
-0.549456 -0.468135 -0.070607 -1.081342 0.720868 -0.670445 -0.386290 0.259150
0.466108 -0.699564 -0.493582 -0.372479 0.385885 -0.288564 0.244179 -0.149429
0.047782 -0.605096 -0.570986 -0.704491 0.365825 0.058469 0.426395 0.476726
0.279509 -0.805840 -0.387640 -0.490620 1.129052 0.102324 -0.195618 0.018090
1.166116 -0.127562 0.550836 -0.637443 0.060031 0.181614 -0.411383 -0.378136
-0.264019 -0.545003 0.491194 -0.913733 -0.013352 0.604063 -0.337717 -0.058479
0.305467 -0.386084 -0.380046 -0.403916 -0.054201 -0.240791 0.270082 0.271096
0.178570 -0.702872 -0.036763 0.087796 0.148883 -0.009077 0.614686 0.301386
0.473260 0.586181 -0.901128 -0.726569 0.476361 -0.342131 0.578601 -0.119202
0.682916 -0.890744 -0.063350 -0.251964 0.796756 -0.668709 -0.315212 -0.378894
0.715191 -0.716529 -0.115981 -0.675490 0.179140 -0.530340 -0.074524 0.581211
0.249080 -0.819981 0.716949 -0.764452 0.538454 0.183140 0.052313 -0.567035
0.486848 -0.360642 0.781746 -0.532867 0.740368 0.008563 0.331016 1.233906
0.553821 -0.856459 -0.797417 -0.108081 0.797956 -0.635445 -0.366574 0.797331
-0.326538 0.119284 0.294401 0.089940 0.237443 -0.185768 0.347728 0.114492
0.052899 -0.130809 -0.544116 -0.559299 -0.174291 -1.247200 -0.199392 -0.877779
-0.092862 0.330083 -0.494213 -0.959951 0.358605 -0.752064 0.193239 -0.627062
0.211781 -0.997576 -0.228963 -0.442058 0.789431 -0.464540 0.002961 -0.368418
0.159727 0.022565 0.523311 -0.528229 0.387112 -0.661677 -0.738684 -0.050496
-0.020900 -0.177589 -0.231438 -0.123545 0.402589 -0.144794 0.092811 -0.853992
0.631824 -0.378886 0.679665 0.084458 0.651297 0.345684 0.288588 0.421786
0.200004 -0.443482 0.267281 0.189422 -0.616906 -0.753491 -0.461032 -1.185237
-0.399818 -0.437495 0.346808 0.085951 -0.157063 -0.800653 -0.128298 -1.169308
0.120217 0.339493 0.170834 -0.515378 0.333268 -0.618231 -0.272727 -0.177590
0.112576 -0.847544 0.396570 -0.634386 0.024074 -0.660055 -0.264019 -0.763218
-0.250790 -0.003739 0.804649 -0.115105 0.211011 -0.065375 -0.492360 -0.602693
-0.418134 0.019299 -0.042131 0.050385 0.647666 -0.350531 -0.183134 0.422139
0.183521 -0.400280 0.151003 0.359003 -0.191455 -0.304322 -0.379868 -0.744524
0.398272 -0.814697 0.429933 -1.160601 1.167877 -0.030830 -0.592996 -0.070907
0.516246 -0.813189 0.237375 -0.156826 0.191419 0.156948 0.761562 0.220045
0.008827 -0.635492 -0.056592 -0.517598 0.131398 -0.135264 -0.301592 0.369033
0.586046 -0.287742 -0.182874 -0.083710 -0.069293 -0.294118 0.168421 -0.595170
0.315751 0.212968 -0.140470 0.188611 0.161558 -0.354648 0.278294 0.304878
0.362188 0.399226 -0.027409 -0.073722 -1.537485 -0.348380 0.287240 -0.721181
-0.339303 0.293596 -0.760805 -0.474674 0.159983 -0.425715 0.053583 -0.262756
-0.330393 0.152149 -0.077779 -0.339041 0.132138 -0.408069 -0.070315 -0.304045
0.526959 -1.194141 -0.298684 -1.257655 0.829160 -0.373513 0.002193 -1.140873
0.137130 -0.620624 -0.130096 -0.832080 -0.335650 -0.178874 -0.277165 -1.177618
-0.060745 -0.903631 -0.086131 -0.466016 1.014914 -0.068052 0.226504 -0.033231
-0.381244 -0.190964 0.162801 -0.667913 0.208423 -0.044150 -0.225759 -0.935056
-0.074487 0.632200 -0.769723 0.586090 -0.542897 -0.432075 -0.142645 -0.210927
-0.031300 0.020154 -0.138665 -0.274611 0.150227 -0.950423 -0.563741 -0.409094
0.782174 -0.252356 -0.227231 -0.376882 1.221487 -0.410852 -0.764397 -0.220615
0.050109 -0.041560 -0.475765 -0.649787 0.863147 -0.410865 -0.096277 0.140344
-0.084156 -1.202994 0.384290 -1.127202 1.243769 -0.442614 -0.325489 -0.373507
-0.071370 -0.042901 -0.167703 -0.504909 0.688090 -0.551924 -0.457245 -0.280452
-0.299567 -0.773450 -0.158775 0.105668 -0.095177 -0.759652 -0.153664 0.030762
0.153100 -0.453047 0.483473 -0.369652 0.612979 -0.241026 -0.297667 0.023966
0.224347 -1.053651 -0.030740 -0.272049 0.732041 -0.186768 -0.037411 -0.285430
-0.193755 -0.438638 -0.320264 0.630140 -0.378236 -0.570411 -0.027430 0.183250
1.251129 -0.219920 0.793295 -0.443124 0.843655 -0.689690 -0.870065 -0.740290
0.928319 -0.278725 0.383618 -0.376498 0.425939 -0.621684 -0.640147 -0.032760
-0.119591 0.390498 0.540246 0.426665 0.505277 -0.323288 -1.173375 -0.599664
0.065157 -1.194748 -0.264048 -0.403371 1.197036 -0.177952 0.291099 -0.519703
-0.371684 -0.815846 0.249885 0.071588 -0.540322 -0.336106 -0.376279 -0.571356
-0.913495 -0.329042 0.199686 -0.020812 -0.093630 -0.243536 -0.135874 -0.751531
0.863026 -0.575044 -0.205397 -0.295314 0.040087 -1.000955 -0.936795 -0.565833
0.667572 -0.809463 -0.063908 -0.342762 -0.197205 0.139616 0.662674 0.387237
0.185853 -0.785668 0.630731 -0.302690 -0.038136 -0.713780 -0.855360 -0.407033
0.346353 -0.555837 0.657906 0.181135 -0.509856 -0.233523 0.034641 -0.294432
-0.055794 -0.224684 -0.154887 -0.281207 0.037667 -0.802381 -0.301691 -0.146265
-0.271716 -0.573487 0.487780 -0.296356 -0.476017 -0.081736 -0.328941 -0.188293
-0.454098 -0.761536 0.029182 -0.799007 -0.095635 -1.057464 -0.430842 -0.518422
0.023152 -0.386382 -0.177057 -0.363747 0.590434 -0.900016 -0.484370 -0.549105
-1.011338 -0.161864 -0.126119 0.069028 0.848593 -0.205398 -0.166970 -0.625392
-0.503003 0.289499 -0.215801 0.618878 0.582767 -0.336903 -0.175506 -0.774440
-1.088542 -0.001090 -0.498152 -0.290216 -0.173373 -0.893620 -0.001857 -0.547006
-1.002053 -0.033191 -0.072336 -0.066073 0.742118 -0.341791 -0.431665 -0.615407
-0.929677 -0.450752 -0.065357 -0.237097 0.743991 -0.212969 -0.187120 -0.497583
-0.822256 0.303149 0.032225 -0.141438 0.597800 -0.408434 -0.425024 -0.437981
-0.801186 -0.245865 0.211909 -0.129152 0.998829 -0.368746 -0.274056 -0.533323
-0.875748 -0.123477 0.123718 0.291832 0.693867 0.054351 -0.138792 -0.545324
-1.003801 0.084041 -0.256270 -0.010765 0.746623 -0.283496 -0.353127 -0.784306
-0.939853 -0.173775 -0.194878 0.181089 0.926295 -0.401408 -0.256438 -0.949241
-0.783123 -0.348517 -0.261299 0.459071 0.928549 -1.034847 -0.126258 -0.036221
-0.805363 -0.134792 0.123203 -0.002641 0.916602 -0.361122 -0.276913 -0.555825
-0.929031 -0.131425 0.057745 -0.035824 0.930429 -0.387652 -0.311933 -0.560076
-0.553279 -0.495954 -0.091493 -0.374708 0.718171 -0.451854 -0.409302 -0.304769
-0.821602 0.070358 -0.046975 -0.074995 0.779162 -0.046733 -0.224323 -0.907193
-0.719731 0.270745 -0.225263 -0.282076 0.299274 -0.279758 -0.235799 -0.115256
-0.867723 0.144039 -0.068981 -0.106975 0.644169 0.012391 -0.325582 -0.676184
-1.146780 -0.137909 -0.309408 -0.200684 0.815780 -0.178108 -0.246799 -0.594076
-1.061111 -0.226463 -0.007856 -0.045537 1.032252 -0.437549 -0.225988 -0.488054
-0.723690 -0.243998 -0.223115 0.107652 0.627258 0.083116 -0.059786 -0.830665
-0.998618 -0.316431 -0.369080 0.113065 0.580944 -0.689852 -0.321176 -0.507608
-1.069657 -0.596011 -0.134591 0.376163 0.794196 -0.478290 -0.066944 -0.370132
-1.072449 0.063624 -0.180365 0.103451 0.825502 -0.422678 -0.340370 -0.770159
-0.993381 -0.108443 -0.133749 0.127308 0.796391 -0.218582 -0.254663 -0.788456
-0.947165 -0.130045 -0.093893 -0.183732 0.689146 -0.086991 -0.261047 -0.664527
-1.067525 -0.143432 -0.242068 0.008873 0.916654 -0.481110 -0.249896 -0.656981
-0.868260 -0.055624 -0.035810 0.052638 0.855551 -0.212161 -0.291235 -0.952415
-0.997174 -0.031456 0.095608 0.176780 0.907260 -0.219624 -0.187020 -0.862589
-1.060834 -0.045032 -0.261534 -0.214270 0.622818 -0.049830 -0.304406 -0.600531
