-0.157079 -0.034913 0.241339 0.186586 0.729471 -0.169231 0.143778 -0.070947
0.238877 -0.276194 0.209383 -0.124623 0.768385 -0.481905 -0.709983 -0.002400
-0.096689 -0.364910 0.404593 -0.391746 0.113179 0.174061 0.042762 0.497713
-0.167741 -0.914102 -0.233030 0.339550 0.625093 -0.268348 -0.107814 -0.167310
0.235201 -0.492375 -0.207942 -0.773661 -0.063683 0.021649 0.554840 0.315594
0.492630 -0.002006 0.379860 -0.427931 0.773749 0.136730 -0.147253 -0.032244
0.275927 -0.654156 0.053200 -0.047486 1.189198 0.141152 -0.186181 -0.123419
0.298723 -0.847762 -0.097573 -0.432468 0.818043 -0.380223 -0.147093 -0.158540
-0.039889 -0.328370 -0.092881 -0.548685 0.982217 -0.100773 -0.466079 0.218493
0.965436 -0.841001 -0.809617 -0.448724 1.167952 -0.327692 -0.488864 -0.226914
0.876195 -1.465436 -0.002873 -0.491816 0.452874 -0.200951 0.470153 0.230511
0.165238 -0.730227 -0.841837 0.581733 0.849204 -0.457243 0.413642 0.186125
-0.033255 -0.870606 0.333740 -0.475580 0.895911 0.262623 0.185121 0.402320
0.242320 -0.576082 -0.754020 0.240315 0.764394 -0.567658 0.204046 0.270761
-0.217936 0.194338 -0.505164 -0.215075 0.792999 -0.392393 0.575520 -0.112908
0.629651 -0.461849 0.022802 -0.239220 0.640582 0.338128 -0.843505 -0.132174
0.595829 -1.407616 -0.097546 -0.240177 0.397573 0.624589 0.443949 -0.042299
0.270336 -0.333889 -0.016454 -0.230087 0.296840 -0.453050 0.444348 -0.010013
-0.194733 -0.220023 -0.678630 -0.419165 -0.123897 -1.110014 -0.067833 -1.050847
0.023758 -0.483968 -0.773033 -0.676725 0.970921 0.394480 -0.446799 -0.184908
0.070372 -0.464066 0.282544 -0.369858 0.743042 0.353695 0.852765 0.968682
0.357880 -0.277702 0.277397 -0.080138 -0.135186 -0.637158 0.097704 0.558649
0.399372 -0.417462 -0.166535 0.298363 -0.225391 -0.723877 -0.309814 -0.347516
-0.039879 -0.740933 0.559608 -0.652802 1.095666 0.300559 -0.210403 0.617758
-0.150744 -0.399872 -0.365262 -0.291789 0.552451 0.206080 0.265613 0.938842
-0.704556 -0.562485 -1.047496 -0.308367 0.995085 0.233263 0.473504 0.552741
-0.262778 -0.351127 -0.699372 -0.117999 0.909390 -0.324704 0.240991 0.497140
-0.325999 0.061044 0.456483 -0.644777 -0.307293 -0.273420 -0.676974 -0.389440
0.675739 -0.999781 0.094878 -0.410617 1.521856 -0.435993 -0.487248 0.103245
0.156946 -0.165406 0.616676 -0.278703 -0.382887 0.108237 -0.812337 -0.323931
0.171993 -0.096727 -0.563901 0.009572 0.771165 -0.231982 0.592240 0.077009
-0.062999 -0.313112 -0.459911 -0.459140 0.478372 -0.056844 0.957660 -0.527393
-0.408647 -0.539236 0.201246 -0.456047 1.133136 0.050310 -0.304110 -0.300648
-0.326684 -0.718333 0.208098 -0.999315 0.970480 -0.202520 0.212886 -0.009763
-0.051136 -0.589924 -0.140481 -0.777412 1.081554 -0.074111 0.033563 -0.498277
-0.164089 0.216321 -0.224612 -0.161041 0.302402 -0.215615 -0.129278 0.235790
0.176050 -0.926849 0.034997 -0.179561 -0.056280 0.227569 0.688313 0.543794
-0.608899 -0.519602 0.279287 -1.109037 0.671580 -0.397969 -0.095374 -0.705104
0.529288 -0.314045 0.222470 -0.749841 -0.036934 -0.145664 0.474314 0.454887
0.197450 -0.228907 -0.568314 0.033714 0.106901 0.085641 0.712677 0.685230
-0.677389 -0.508840 -0.196328 -0.762505 -0.256806 -0.793463 -0.270190 -0.452784
0.371630 -0.450216 -0.583559 -0.467874 1.115504 -0.064618 0.193756 0.323116
0.582546 -0.788839 -0.115846 0.086469 1.258416 -0.143283 -0.154820 0.018264
0.181684 -0.509476 0.194012 -0.033493 1.391048 0.143301 -0.240148 0.068954
-0.287730 -0.703133 0.088611 0.136124 1.380549 0.000373 0.091958 0.024386
0.001324 -0.589076 0.253975 -0.480936 1.196544 0.074300 0.076198 0.121406
0.326804 -0.069642 0.605841 -0.493463 0.209564 -0.651112 -0.678282 -0.121333
0.012331 -0.560042 0.324528 -0.182843 1.171637 -0.232614 0.102568 -0.024524
0.321117 -0.935603 -0.195199 -0.094417 1.277210 -0.263022 -0.058561 0.107846
-0.565932 -0.751004 0.726272 -0.424412 -0.289677 -0.398980 -0.449399 -0.253223
0.227592 -0.711432 0.876093 0.206433 -0.271212 0.020106 0.230346 -0.142153
-0.618096 -0.733374 0.571744 -0.478735 -0.055556 -0.479605 -0.549687 -0.254001
0.546007 -0.637343 0.548061 -0.401355 0.685963 0.073167 -0.220154 -0.565592
0.901055 -0.345030 0.044629 0.165804 0.189842 -0.644532 -0.276507 0.067576
0.241919 -0.601463 -0.468102 -0.033908 1.351058 -0.115020 0.133285 0.056606
-0.650049 -0.662066 0.500768 -0.368320 -0.187046 -0.460827 -0.555624 -0.462414
-0.407244 0.523254 0.544110 -0.195935 -0.989541 -0.396506 -0.476046 -0.480739
0.213516 0.145492 -0.327990 -0.612332 0.220639 -1.010967 0.261467 -0.129425
0.568033 -0.865806 -0.135268 -0.535549 1.352668 -0.517133 -0.517760 -0.418026
-0.168590 -0.500341 0.528715 -1.064958 0.946315 -0.547665 -0.198206 0.056336
-0.176528 -0.251848 -0.715091 -0.759004 0.306266 0.145946 0.007318 -0.278645
-0.340922 -0.354696 0.084752 0.518722 -0.069029 -0.405402 -0.431881 -0.398544
0.572798 -0.668819 0.283161 -0.057664 -0.278897 0.049384 -0.047617 -0.209846
-0.010684 0.080540 -0.578127 -0.749353 -0.124403 -0.238160 -0.257307 -0.083693
-0.218553 -1.188412 0.339477 -1.044112 1.458964 -0.430413 -0.245281 -0.478687
0.485491 -0.592641 0.362265 0.093777 0.532707 -0.588316 -0.272702 -0.940010
-0.429083 -0.270532 -0.105242 0.015432 0.865257 -0.379752 -0.150590 -0.207190
0.469931 0.009111 0.482210 -0.452754 0.062614 -0.164241 -0.607372 -0.940849
-0.092721 -0.668414 0.366132 -1.117918 -0.157381 -0.210513 -0.134263 -0.242392
-0.012206 -0.696144 0.254376 -0.787001 0.643811 -0.346819 -0.056420 -0.533358
0.009966 0.222444 0.052408 -0.161087 0.619899 0.031430 0.257453 1.007862
-0.362343 -0.654390 0.591642 -0.458367 0.058676 -0.393547 -0.662193 -0.563872
1.066389 0.180689 -0.007253 0.617508 -0.424790 -0.782396 -0.054095 -0.373323
-0.107228 -0.931998 0.173423 -0.441705 1.271702 0.014514 0.220908 0.177921
0.322700 -0.380460 -0.269119 -0.215590 0.672335 -0.615700 -0.211260 -0.071745
0.067425 -0.526818 0.255308 -0.396464 0.023610 -0.341368 -0.137507 -0.380991
0.175936 -0.154926 0.027295 -0.623058 0.539595 -0.768923 -0.403952 -0.182826
0.410914 -0.519185 -0.672935 -0.091716 -0.282648 -0.496179 0.327850 0.173799
0.518727 -0.899495 0.186886 -0.840134 0.560422 -0.579874 -0.389360 -0.156345
0.344861 -0.520583 0.441143 -0.163422 0.744723 -0.505808 0.034822 0.347368
0.409743 -0.404381 -0.048388 0.419692 -0.367666 -0.539960 0.360966 -0.132621
0.361971 0.385109 0.205148 -0.223850 0.696549 -0.033985 -0.713022 -0.722884
0.052727 -0.546922 0.495478 -0.137456 0.200542 -0.355316 0.587614 0.370844
0.667258 0.273329 0.198380 -0.409070 0.122944 0.094174 -0.002107 -0.483472
-0.527517 -0.771316 0.436391 -0.452716 0.774371 -0.539367 -0.595250 -0.542800
-0.259512 0.719341 -0.575299 -0.429754 0.619894 0.548763 0.581617 0.666449
0.225780 0.034787 -0.370744 -0.054721 1.095311 0.531844 0.347832 0.416591
-0.879821 -0.093893 0.049931 -0.171408 0.842777 -0.108981 0.046723 -0.748005
-0.864976 0.077018 -0.117635 -0.061540 0.579267 0.249715 -0.216780 -0.946938
-0.800840 -0.276729 0.228860 -0.158005 0.941540 -0.171794 -0.253012 -0.619675
-0.914577 -0.328118 0.247187 -0.266348 0.976191 -0.247971 -0.287842 -0.392480
-1.138486 0.005020 -0.384593 -0.069696 0.685158 -0.371890 -0.347614 -0.503195
-0.919580 -0.203415 -0.059568 -0.095321 0.951501 0.025269 0.174898 -0.469291
-0.929697 0.090602 -0.173968 0.067624 0.816511 -0.086900 -0.070222 -0.921646
-0.338574 -0.000638 0.231117 -0.214647 0.815564 -0.351152 -0.405480 -0.822372
-1.040620 -0.106087 -0.621130 -0.136010 0.694081 -0.105094 -0.181476 -0.522405
-1.625471 0.193731 -0.284346 0.355376 -0.200716 -0.044685 0.173313 0.048017
-1.058156 -0.187044 -0.258335 0.051382 0.693894 -0.157051 -0.288039 -0.818034
-1.016778 -0.104807 -0.122778 -0.108074 0.542937 0.026206 -0.476584 -0.537119
-0.789804 -0.140337 0.168380 0.694880 0.732472 -0.295818 -0.531598 -0.629624
-0.908517 0.261413 -0.431153 0.103764 0.649044 -0.154954 -0.012099 -0.716717
-0.962277 -0.086976 -0.132211 -0.076885 0.814674 -0.174561 -0.269002 -0.742747
-1.003394 -0.060879 -0.134632 -0.056000 0.714172 -0.279297 -0.424131 -0.616542
-0.663927 -0.095009 0.032828 -0.098901 0.935795 -0.270365 -0.200946 -0.793857
-0.966993 0.039110 -0.167347 -0.087608 0.629397 -0.191786 -0.431030 -0.682955
-1.006142 -0.066656 -0.260011 0.043497 0.853289 -0.383706 -0.274442 -0.670597
-0.860355 0.054205 -0.197207 -0.137786 0.503756 -0.205900 -0.532535 -0.726000
-0.892258 -0.094197 -0.149399 0.007940 0.910342 -0.507888 -0.343227 -0.623462
-0.781997 0.073038 -0.231323 -0.245779 0.127787 0.357870 -0.547780 -0.662641
-0.872204 -0.051962 -0.078759 0.034769 0.646936 0.103167 -0.339924 -0.803058
-0.728352 -0.356890 -0.088680 -0.110897 0.917198 -0.049347 -0.143776 -0.390205
-0.669520 -0.178130 0.133673 -0.093445 0.926989 -0.352768 -0.291025 -0.650756
-0.919354 0.019223 -0.093946 -0.093176 0.806076 -0.238172 -0.313909 -0.719336
-0.939167 -0.047248 -0.106398 -0.126654 0.497581 0.068159 -0.476511 -0.694489
-0.927906 -0.047423 -0.215187 0.039840 0.875267 -0.452264 -0.243973 -0.735212
-0.989060 0.201324 -0.200044 -0.039485 0.654432 -0.061657 -0.244907 -0.839444
-0.702966 -0.295804 0.124741 -0.149772 1.053448 -0.383069 -0.279016 -0.527500
-0.905790 -0.016090 -0.211310 -0.016560 0.690160 -0.082851 -0.326805 -0.798662
-0.426798 -0.202750 0.435480 0.123739 0.548321 0.105011 -1.070628 -0.509608
-0.941544 -0.219887 -0.038160 0.022190 0.884837 -0.312633 -0.280277 -0.643981
-0.950387 0.061890 -0.135949 0.001499 0.906063 -0.369663 -0.016149 -0.719980
-0.916467 -0.224674 -0.014129 0.007402 0.869843 -0.241200 -0.260670 -0.673377
-0.927946 -0.221717 -0.025753 0.019179 0.886756 -0.272407 -0.250947 -0.668729
-1.059683 0.040547 -0.332069 -0.191319 0.487630 0.064694 -0.350428 -0.636358
-0.056747 -0.314367 0.499120 -0.380921 -0.033735 -0.582411 -0.358741 -0.346747
-0.883041 -0.323610 -0.116446 -0.103526 0.620764 -0.571905 -0.366677 -0.528632
-1.059188 0.019182 -0.468546 -0.112868 0.752716 -0.139488 -0.047335 -0.644868
-0.461373 -0.005095 0.257424 0.110963 0.318168 -0.685281 0.188262 -0.154905
-1.191709 -0.418299 -0.346261 -0.114023 1.085258 -0.133447 0.064723 -0.580308
-0.948379 -0.197564 -0.013354 -0.165218 0.962155 -0.263532 -0.164990 -0.643043
-1.054512 -0.159299 -0.217926 -0.055907 0.726376 -0.162037 -0.338660 -0.605694
