-0.685432 0.192087 0.324398 0.006034 -0.016826 0.091540 0.286603 0.176757
-0.088419 -0.464084 -0.586657 0.792409 -0.294436 -0.718132 0.444128 0.592259
0.300755 -0.169517 0.732909 -0.112834 -0.115076 -0.786746 -0.916875 -1.101843
-0.450559 -0.386496 -0.899090 0.233300 0.391922 -0.577708 0.923195 0.248031
-0.687852 -0.886136 0.408353 -0.654188 -0.086033 -0.884664 -0.603841 -0.079066
0.053820 -0.761943 -0.227030 -0.246564 0.501422 -0.802493 0.257132 -0.003306
-0.659546 -0.057311 0.795648 -0.462509 -0.154661 -0.157602 0.041299 -0.976699
0.104645 -0.145422 0.665219 -0.250117 -0.443048 -0.000281 -0.628167 -0.700840
-0.557252 0.314537 -0.278114 -0.524444 -0.796804 -0.911903 0.378203 0.019481
0.608143 -0.546384 -0.375994 -0.706798 0.364647 -0.542257 0.178746 -0.201842
-0.003607 -0.494257 -0.107619 -0.559069 0.464140 -0.358488 0.633552 0.037938
-0.315838 -0.289947 -0.402973 -0.177715 -0.428933 -0.931230 0.389008 -0.368129
-0.361227 -0.699294 0.223700 -0.602497 0.173129 -0.424213 0.221498 -0.445186
0.515911 -0.543283 -0.124720 -0.243636 0.710688 -0.383316 -0.544924 -0.260231
0.509537 -0.093286 -0.436284 -0.040560 0.756261 -0.242836 -0.042755 -0.494613
0.167270 0.102262 -0.144850 -0.049654 0.225154 -0.479164 0.373332 0.091383
-0.197675 -0.103766 -1.075428 -0.249677 0.696345 -0.797183 0.092044 -0.507959
-0.012758 -0.012730 0.336873 -0.596636 0.673418 -0.676692 -0.485463 -0.060914
-0.729420 -0.716159 0.641526 -0.502651 0.474645 0.014430 -0.365505 -0.648337
-0.476426 -0.237758 -0.468948 -0.190460 -0.237191 -0.914435 0.293917 -0.424271
0.297988 0.332698 -0.555440 -0.342911 0.052028 -0.701693 -0.450691 -0.356912
-0.416493 -0.920104 0.557617 -0.427859 0.334427 -0.522015 -0.330485 -0.703477
0.448495 -0.828507 0.346895 -0.529460 0.485240 -0.320930 -0.413404 -0.969944
0.076814 -0.466950 0.180178 -0.697658 0.237436 -0.459432 -0.231853 -0.272300
0.566033 -0.796986 0.000995 -0.492888 0.638219 -0.671376 -0.346238 -0.225802
0.272717 -0.580111 0.352968 0.262827 -0.233620 -0.286414 -0.266434 0.481774
0.283763 -1.024935 0.075828 -0.139772 0.099017 -0.104849 0.033206 -0.540175
0.362635 0.160266 -0.182159 -0.113279 0.506293 -0.420152 -0.317227 -0.478716
0.079833 -0.963292 -0.048144 -0.372985 0.790790 -0.999946 0.035671 -0.376432
-0.047800 -0.315695 0.199499 -0.290999 -0.534819 -0.770080 -0.105135 -0.517523
0.816121 -0.164043 -0.047181 0.545287 0.475730 -0.386231 -0.093071 -0.097280
-0.107852 -0.400704 0.391127 -0.216318 0.451433 -0.503021 -0.478567 -0.265974
0.009290 -0.849940 0.566164 -1.182815 1.025842 -0.297328 -0.236589 0.062556
0.833671 -1.523176 -0.003108 -0.532853 0.535089 -0.577446 0.002867 0.084943
-0.053949 0.593206 -0.031787 0.115501 -0.085395 -1.080376 -0.160143 0.405553
0.006902 -0.055454 0.172166 -0.520934 0.277057 -0.792993 -0.677166 -0.608569
-0.101991 -0.936153 -0.255424 -1.231496 0.146331 -0.110931 -0.177688 -0.265768
0.154880 -0.102057 0.723634 -0.295140 0.608116 0.350030 -0.062000 0.027431
0.462120 -0.728430 -0.125265 -0.719940 -0.225060 -0.395514 0.285817 0.389313
0.535523 -0.605058 -0.419320 0.084631 0.288169 -0.536666 -0.073307 -0.493537
0.646383 0.191244 -0.117728 -0.582178 -0.193323 -0.150146 -0.500547 -0.003037
0.748447 -1.014134 -0.227810 -0.733142 -0.279293 0.099620 0.569525 -0.291101
0.437409 -0.292553 0.293535 -0.628760 -0.766640 -0.887417 0.163540 -0.163985
0.312640 -0.435534 -0.136517 -0.736695 1.013588 0.023464 0.032658 -0.146299
-0.389742 -0.525741 0.662828 -0.692102 1.130656 -0.485953 -0.610639 -0.036544
0.092102 -0.357770 0.203554 -0.527013 0.299132 -0.038496 -0.440205 -0.186996
-0.220141 -1.152498 -0.386652 -1.092372 1.176492 -0.622904 -0.104981 0.374438
0.679091 0.086275 0.846334 -0.122186 0.729158 -0.581212 -0.349447 -0.053372
0.029631 -0.728889 0.212420 0.211706 -0.329439 -0.567746 -0.383587 -0.055397
0.352509 -0.351758 0.005691 -1.089612 0.471748 -0.473923 -0.441024 0.051394
-0.309447 -0.322280 -0.562232 -0.487424 0.198350 -1.348222 -0.385850 -0.938509
0.111575 0.482654 -0.066014 -0.142736 0.398033 -0.402024 0.605012 -0.137366
0.472050 -0.426226 0.106163 0.099166 1.147268 -0.159721 -0.491165 0.017408
0.164432 -0.179977 -0.712511 0.533924 0.518583 -0.832370 0.308296 0.469499
-0.453915 -0.385856 -0.284230 -0.598609 1.351660 -0.011976 -0.092385 0.159387
-0.013908 -0.387823 0.040648 0.641045 0.169445 0.126092 0.173939 -0.086748
-0.714755 -0.736361 -0.344392 -0.918599 0.949573 -0.592691 0.216577 0.411597
0.903564 -0.756807 -0.249585 -0.183958 1.019211 0.093418 -0.457956 -0.736690
0.201135 -0.962576 0.416037 -0.758845 1.698986 -0.198480 -0.215032 -0.118656
-0.511578 -0.214166 -0.147907 -0.061861 1.110134 -0.391018 0.174190 0.106741
-0.445891 -0.373162 -0.535653 -0.193658 1.125141 0.160256 0.288563 -0.011167
0.064094 -0.778881 0.114519 -0.382615 0.713767 0.325242 -0.080747 0.141278
0.622524 -0.449010 0.205384 0.080991 1.107087 -0.146852 -0.053064 -0.317269
-0.125599 -0.257449 -0.357044 -0.061659 0.631239 -0.596583 0.458268 0.172870
0.158268 -0.575980 -0.395052 -0.353268 0.634309 -0.470951 0.303772 -0.144554
0.122635 -0.333633 -0.464777 -0.206006 0.299247 -0.222186 0.796747 0.434054
-0.090923 0.029645 -0.270550 -0.125049 0.808605 -0.017752 0.515096 -0.103604
-0.080297 0.174689 -1.010510 -0.577526 0.400596 0.156411 0.358549 0.072287
0.718936 -1.385109 -0.080765 -0.717668 1.405934 -0.239773 -0.826181 0.256796
0.091778 -0.665161 0.202632 -0.354542 0.943316 0.448506 -0.215555 0.284886
-0.215360 -0.165145 -0.350125 0.560535 0.394411 0.051810 -0.165499 0.443575
-0.239486 -0.459724 -0.684757 -0.601334 1.059817 0.001644 -0.077410 -0.269931
0.412582 -1.219043 0.252506 -0.738545 0.140578 0.451984 -0.321797 0.483256
-0.018337 -0.679023 -0.073779 -0.295512 1.182595 -0.036272 0.001859 -0.110360
0.558543 -1.053435 0.008900 -0.750603 0.143538 -0.416985 0.094942 -0.106902
-0.537867 -0.570382 0.128814 -0.657906 1.512614 -0.261310 0.270131 0.165232
0.199988 -0.621600 0.202604 -0.722945 1.260573 -0.279119 -0.272764 -0.507671
0.692690 -0.580763 -0.183113 -0.728278 0.674035 -0.405914 -0.355378 -0.553882
-0.173352 -0.820045 -0.252498 -0.006092 -0.331090 -0.509190 -0.697801 -0.099454
-0.001880 -1.141423 0.134943 -0.244148 0.095484 -0.194175 -0.381771 0.961277
-0.052396 -0.713652 0.509892 -1.074285 1.427984 0.005962 -1.190681 0.110596
0.320939 -0.769953 0.103779 -0.702656 1.253792 0.126537 -0.434154 -0.367196
-0.020489 -0.103531 0.279037 -1.438786 1.311681 -0.245931 -0.046164 -0.153323
-0.650667 -0.411109 -0.224380 -1.148612 1.226124 0.137692 0.114978 0.540830
0.272717 -0.580111 0.352968 0.262827 -0.233620 -0.286414 -0.266434 0.481774
0.414294 -0.798675 0.304404 -0.361424 1.483724 0.604213 -0.575348 -0.571815
0.018107 -0.504944 -0.574885 -0.001758 0.070601 0.070013 0.170376 0.152360
0.453452 -1.219449 -0.212959 -0.557624 0.707379 -0.569346 0.022990 0.073572
0.416971 -0.044189 -0.104362 0.027564 -0.406037 -0.207749 -0.199820 0.205860
0.238838 -0.972962 0.517478 -0.456702 0.724797 0.040521 -0.181694 0.006876
0.536633 -0.895375 0.041306 -0.736906 1.186683 -0.764908 -0.103485 -0.486809
0.110943 -0.568573 0.297681 0.717563 0.428695 -0.516275 0.450498 0.331874
0.194372 -0.386447 -0.831154 -0.109555 -0.047972 -0.271663 0.502470 0.839793
0.176454 -0.612670 -0.678663 -0.568109 0.778298 -0.268753 0.048316 0.306226
0.215239 -0.040957 -0.372544 0.068696 0.757639 -0.621368 -0.452679 -0.273196
-0.005216 -0.851163 0.193114 -0.549017 1.265221 -0.156532 0.052984 0.183569
-0.134743 -0.323887 -0.130037 -0.688118 0.909713 -0.280173 0.108481 0.173640
0.141336 0.017656 -0.318260 -0.278859 0.292705 -0.218901 0.093252 0.090567
-0.075896 -0.793313 1.181127 -0.206136 0.825677 -0.157737 -0.729141 0.057061
0.254042 -0.671075 -0.301634 0.238596 0.395736 -0.966843 0.431880 -0.161848
-0.054125 -0.982538 0.294766 -0.683866 0.977188 0.016875 0.044980 -0.271495
0.118128 -0.365852 0.110298 0.007699 0.838054 -0.229245 -0.436827 -0.237050
0.022388 -1.377826 0.158423 -0.613935 0.982361 0.032304 -0.137612 0.549873
-0.532103 -0.136048 0.223254 -0.290322 -0.235032 0.074287 0.178778 0.669430
0.007077 -0.601688 -0.059772 -0.476165 0.430837 -0.529632 -0.546836 -0.384727
0.666936 -0.160690 0.015826 -0.648519 0.764444 0.138340 -0.171451 -0.579653
0.063048 -0.303265 -0.638226 -0.675312 -0.195276 -0.184420 -0.125565 -0.203622
0.092102 -0.357770 0.203554 -0.527013 0.299132 -0.038496 -0.440205 -0.186996
-0.220141 -1.152498 -0.386652 -1.092372 1.176492 -0.622904 -0.104981 0.374438
0.112882 0.095155 -0.155987 0.046763 0.514223 -0.830099 -0.204628 -0.352756
0.012357 -0.959249 0.093875 -0.797574 1.323476 -0.072025 -0.059129 -0.148445
0.281582 -0.466567 -0.160495 -0.329606 -0.076580 0.064076 -0.284347 -0.259101
0.753627 0.105683 0.072463 -0.331190 -0.378224 -0.556199 -0.467900 -0.306501
0.230313 -0.460675 -0.032652 -0.675697 0.487051 -0.018792 -0.036368 0.171716
-0.215643 -0.473314 -0.125943 -0.760425 0.623545 -0.376163 0.410085 0.715428
0.351434 -0.473853 0.105084 -0.198811 0.942287 -0.507045 -0.357429 -1.267996
0.018011 -0.258947 -0.689672 0.521314 0.261344 -0.160423 0.091756 0.460006
-0.201453 -0.715739 0.354431 -0.827432 0.272285 -0.323657 -0.323956 0.374677
-0.780149 -0.280920 -0.444009 -0.177742 0.069167 -0.331964 -0.083252 -0.448542
-0.963394 -0.195262 -0.543602 -0.209414 0.602176 -0.492329 -0.276948 -0.412563
-1.047361 -0.018785 -0.204172 -0.046993 0.844142 -0.349303 -0.286248 -0.683673
-1.011420 -0.163166 -0.174615 -0.069936 0.871012 -0.297364 -0.231066 -0.592781
-0.966975 -0.121031 0.065646 0.140782 0.908066 -0.064022 -0.438457 -0.641408
-0.952387 -0.309980 -0.055956 -0.240175 0.615111 -0.498388 -0.241594 -0.625733
-0.938858 -0.020105 -0.104586 0.065903 0.876458 -0.252036 -0.246610 -0.839839
-0.983845 -0.071516 -0.124050 -0.188796 0.692766 -0.529282 0.038923 -0.527862
-0.842983 -0.269384 0.060729 -0.136751 0.810502 -0.153018 -0.260202 -0.676440
-0.778648 0.031467 -0.108191 0.005017 0.780685 -0.235639 -0.258336 -0.840326
-0.947241 -0.285403 0.012556 -0.230898 0.996257 -0.335705 -0.210419 -0.543107
-1.073392 -0.146344 -0.311358 -0.012643 0.961884 -0.426025 -0.145453 -0.594994
-0.936394 0.046992 -0.148454 -0.292281 0.540747 -0.169945 -0.584432 -0.575342
-1.059181 -0.080823 -0.209031 -0.002894 0.865362 -0.297094 -0.245404 -0.651117
-1.104952 -0.089386 -0.251448 -0.099716 0.795268 -0.368082 -0.341399 -0.539510
-0.971506 0.153391 -0.237798 0.018469 0.356422 0.070455 -0.402004 -0.863554
-0.924410 -0.141097 -0.089676 -0.131559 0.778017 -0.107401 -0.296602 -0.748258
-1.072037 -0.062685 -0.239345 -0.084902 0.810679 -0.178068 -0.219616 -0.692086
-0.701229 -0.368339 -0.077434 -0.223104 0.262783 0.318227 0.079949 -0.647487
-0.968962 -0.077574 -0.181909 -0.078795 0.803549 -0.165449 -0.164815 -0.761080
-0.868067 0.050049 -0.270037 -0.238905 0.724596 -0.269026 0.015604 -0.961879
-0.436633 0.032293 0.228337 -0.133701 0.313324 0.083594 -0.301499 -1.113119
-0.839060 -0.581123 -0.305114 0.115849 0.085564 -0.484582 -0.254853 -0.361500
-0.814492 0.228430 -0.103206 -0.175039 0.110319 0.188604 -0.362654 -0.917425
-0.970568 -0.148202 -0.173175 0.019756 0.971863 -0.547218 -0.261105 -0.579206
-0.911508 -0.013433 -0.195671 0.012010 0.749070 -0.377057 -0.303777 -0.613412
-0.807357 -0.101818 0.077044 -0.191623 0.864033 -0.277720 -0.364450 -0.645732
