0.626448 -0.733979 -0.249785 -0.443964 0.994001 -0.186591 -0.438636 -0.506749
-0.034720 -0.816190 -0.248276 -0.677854 0.295503 -0.706154 0.316719 -0.193934
0.448994 -0.721387 0.140744 -0.653294 0.485817 -0.093416 -0.525178 -0.766207
-0.127830 -0.346143 -0.135546 0.125505 -0.871342 -0.441788 0.402753 0.251544
-0.920974 -0.382313 -0.406699 0.062913 -0.014402 -0.183672 -0.095372 0.437822
0.823891 -1.014421 0.460469 -0.463855 0.751813 0.048420 -0.784966 -0.180163
-0.088440 -0.952927 -0.066190 -0.679590 1.279263 0.689838 -0.715305 0.392188
-0.340662 -0.391121 -0.169385 -0.991758 0.845094 -0.074444 -0.452399 0.280465
-0.081331 -0.480457 0.024784 -0.282581 1.052932 -0.319658 -0.023556 -0.145114
0.404818 -0.801580 -0.441716 -0.514697 1.285729 -0.035928 -0.024613 0.324132
-0.044145 -0.904160 -0.106554 -0.471219 0.240991 -0.393489 -0.044141 -1.070685
-0.226950 -0.426030 -0.348699 -0.569950 0.831638 -0.045885 -0.014667 -0.427816
0.264400 -0.445113 0.373338 -0.694603 0.244759 -0.250729 -0.438596 0.350660
0.013125 -0.513570 -1.083355 0.072153 0.458026 -0.082708 0.155966 0.965509
-0.130379 -0.581662 -0.139491 -0.330880 1.393728 -0.163875 -0.449474 -0.526475
0.088513 -1.099531 0.180691 -0.926312 1.158922 -0.381963 -0.252738 -0.557226
-0.297341 0.033919 -0.450757 -0.111223 0.127683 -0.547190 0.149224 -0.616683
-0.575451 -0.287956 -0.340653 -0.010942 0.677022 -0.070167 0.527725 0.444548
-0.025866 -0.285913 0.371040 -0.901761 -0.533100 -0.548047 -0.445197 0.229527
-0.098225 -0.686374 0.463066 -0.768657 -0.267877 -0.822301 -0.238344 0.153616
0.617600 -0.562979 -0.409906 -0.405893 1.140030 -0.394292 0.022700 0.353642
0.076384 -0.340183 -0.147116 -0.500789 0.470874 0.092846 0.039908 -0.173449
0.450540 -0.564800 -0.155247 -0.219635 0.890867 -0.697340 -0.471528 0.272772
0.304061 -0.076518 0.249582 -0.328517 0.221049 -0.722892 -0.671591 -1.096140
-0.429973 -0.196031 0.615436 -0.456918 0.596357 0.334839 -0.233656 -0.222843
0.122534 -0.158867 -0.273464 -0.876876 0.985025 -0.332145 -0.573209 0.570560
0.093099 -0.842372 -0.150680 -0.996415 1.243733 -0.667509 -0.174911 -0.505261
-0.219545 -0.791237 -0.019551 -0.869303 1.439498 -0.713611 -0.285562 -0.423869
-0.003413 -0.599057 -0.530502 -0.499391 1.125504 0.007187 0.082365 0.347118
-0.178388 -1.193110 0.354743 -0.845177 1.564506 -0.231919 -0.707484 -0.489674
-0.211390 -0.874653 0.325064 -0.352480 0.730375 -0.911699 -0.248712 -0.633632
0.079408 0.222377 0.165064 -0.420467 0.876406 0.153594 -0.084834 0.619822
0.606252 -0.375197 0.224996 -0.120170 1.162017 0.113665 -1.066433 -0.258828
-0.137143 -0.633002 -0.217035 -0.966759 1.405816 -0.178615 0.587755 0.065687
-0.198151 -0.635796 -0.057342 -1.003369 1.332678 -0.395761 0.480879 0.071813
-0.031527 0.641427 0.228990 -0.069359 0.366175 -0.020407 -0.510681 -0.422096
0.168809 0.125402 -0.247645 -0.536226 -0.583360 -0.843499 -0.439887 -0.158656
0.337279 -1.076288 0.030770 0.098110 1.166710 -0.369686 -0.287115 0.112086
0.288609 -0.072283 0.049533 -0.444655 0.291567 -0.100965 0.110815 -0.066285
-0.300848 -0.442892 0.123476 -0.436444 0.087251 -0.710619 0.462217 0.511812
0.011478 -0.733688 0.331579 -0.748689 1.526072 -0.581496 -0.903835 -0.292038
0.100037 -1.113361 0.228700 -0.809652 1.629300 -0.380642 -0.749768 -0.006910
0.070584 -0.758400 0.171551 -0.204253 -0.580041 -0.773339 0.114576 -0.053988
0.106622 -1.299651 0.274439 -1.372648 1.401970 -0.750970 0.016279 -0.328558
-0.257112 -1.201785 0.270853 -1.314892 1.516955 -0.538065 -0.141953 -0.172557
0.297839 -0.538720 -0.321905 -0.433154 0.328930 -0.525116 -0.181317 -0.059961
-0.595228 -0.158906 -0.028166 -0.366177 -0.321910 0.013888 0.390418 0.159924
-0.079361 -0.108036 -0.494934 0.713798 -0.724682 -0.891623 0.234385 -0.224292
-0.019894 -1.108417 -0.006550 -0.260239 1.115608 -0.398332 0.100767 -0.678438
0.208059 -0.412319 0.513789 -0.693693 1.278364 0.088120 -0.375789 -0.079226
-0.154999 0.059169 -0.350045 -0.144968 0.875459 -1.022048 0.134728 0.231268
0.124762 -0.733458 0.024584 -0.258154 -0.229303 -0.548711 0.441981 0.543676
-0.417406 -0.340841 -0.260119 -0.927265 0.312807 -0.229197 0.248606 0.396746
-0.400071 -0.881171 0.028037 -0.813040 1.436106 -0.019066 -0.826327 -0.415033
0.609950 -0.314674 -0.035160 -0.315175 -0.444989 0.365924 0.117082 0.294561
-0.274225 -0.895033 0.363593 -1.292709 1.300828 -0.403446 -0.582986 -0.034331
0.343769 -0.348956 0.006835 -0.189171 0.707710 -0.297183 0.419490 0.427443
0.702347 -0.921027 -0.628380 -0.391813 0.428443 -0.215272 -0.299917 -0.020855
-0.446296 -0.298439 0.772245 0.257986 -0.835597 0.219903 0.635037 0.927612
0.525928 -0.100445 -0.854693 -0.266117 0.696243 0.171352 0.058647 0.131193
-0.532354 -0.580195 -0.199309 -0.474761 0.791564 0.071174 -0.117901 -0.580321
0.821984 -0.372581 -0.588141 -0.677140 0.880797 -0.356884 -0.161632 -0.165766
0.128581 -0.454244 0.165348 -0.022170 1.171093 -0.138554 -0.046999 0.096818
0.751196 -0.299162 -0.336876 -0.279957 0.542642 -0.142718 -0.449110 -0.216989
0.449986 0.010306 0.151792 0.404854 0.021083 0.324785 -0.035451 0.872519
0.543875 -1.047441 0.064165 -0.596602 0.405847 -0.250938 -0.149470 0.084177
0.038162 -1.070200 0.634380 -0.288644 0.628669 -0.422615 -0.071037 -0.285900
0.356190 -0.413799 0.130934 -0.241494 1.063030 0.061619 0.171232 -0.189146
0.183486 -0.509623 -0.049644 0.019803 1.488702 0.300125 -0.067971 -0.295980
0.106863 -0.543256 -0.396494 -0.361024 1.267702 -0.132760 0.002463 0.154152
0.200703 -0.678923 -0.211299 0.145889 1.168010 -0.287328 -0.438509 -0.295343
-0.100543 -0.189761 0.204343 -0.677064 0.380714 0.198685 0.354708 0.537652
0.198393 0.147997 0.192548 -0.153638 0.833654 -0.230914 -0.322306 0.048164
-0.442390 -0.122955 0.027159 -0.603417 1.213144 -0.178051 0.392680 0.465829
0.095537 0.086589 -0.101831 0.392577 0.579201 -0.742311 -0.159731 -0.068286
-0.028771 -0.233137 -0.222659 -0.007980 1.013503 0.002506 0.043603 -0.145420
0.036290 0.122586 -0.048012 0.060870 0.671532 0.186846 0.899102 0.236474
-0.192670 -0.044893 -0.647395 -0.366424 0.569770 0.153682 0.461009 0.822030
-0.321145 -0.460099 -0.377620 -0.353311 0.333806 0.072630 0.775895 0.327254
-0.392694 -0.208924 -0.289942 -0.528995 0.971693 -0.256546 0.771895 0.073372
0.825102 -0.684481 -0.122566 -0.086744 1.345023 -0.231664 -0.389497 0.143266
-0.364705 -0.339989 -0.557350 -0.320820 0.981924 -0.364001 0.742700 0.166904
0.151150 -0.641509 0.235287 -0.514002 1.111358 -0.478353 0.206801 0.185565
-0.453897 -0.093375 -0.592637 -0.402253 1.387880 -0.219098 0.485306 0.357950
-0.573104 -0.232975 -0.455563 0.308926 0.765366 -0.610288 0.601424 0.236109
0.602254 -1.054550 0.182405 -0.271191 1.570215 0.047598 -0.393738 0.270553
0.245755 -0.862422 0.058030 -0.630797 1.298502 -0.132510 -0.309853 -0.278093
0.254217 -1.101455 0.408396 -0.429236 1.425796 -0.065222 -0.162616 0.102854
0.250159 -0.843653 0.420246 -0.077353 1.676799 0.033487 -0.409338 -0.180514
0.037775 -0.517418 -0.162666 -0.269249 -0.270854 -0.280688 0.558196 0.967849
0.407685 -1.288678 0.317331 -0.768624 0.487459 -0.300456 -0.460394 0.305486
0.044415 -0.695986 0.483241 -0.960232 1.053943 -0.459109 -0.833988 -0.127558
0.210326 -0.291327 -0.248100 -0.869420 0.684801 0.286233 -0.232648 0.503074
-0.299460 -0.154145 0.481394 0.597886 0.212399 0.184243 0.370734 0.122056
0.320949 -0.228108 0.007192 0.037797 0.714502 -0.399847 0.601039 0.258207
-0.028751 -0.290822 0.157121 -0.384812 -0.288796 -0.638631 0.018145 -0.254119
-0.050811 -0.006725 -0.270430 -0.447681 -0.112149 0.087687 -0.244361 -0.322290
0.450388 -1.105494 0.071605 -1.476345 0.583338 -0.174616 -0.580098 -0.137143
0.428093 -0.259282 0.936514 -0.131784 0.499486 -0.169523 -0.339601 0.093654
0.142174 -0.609733 0.139831 0.022092 0.835777 -0.518030 -0.274749 -0.514389
-0.093881 -0.466545 -0.449123 0.129389 0.085770 -0.373424 0.351238 -0.618965
0.101621 -0.660930 -0.534605 0.124459 0.081091 -0.067590 -0.127875 -0.176118
0.005798 -0.960546 -0.088579 -0.139141 0.763882 -0.160444 -0.033485 -0.193973
-0.094469 -1.083947 -0.207227 -0.467641 0.084472 -0.199454 0.463600 0.146820
0.221242 -0.158965 0.241459 -0.591084 -0.273618 -0.317559 -0.357742 -0.862401
0.500040 -0.325045 -0.777037 -0.249540 0.963723 -0.806780 -0.327703 0.271553
0.435830 -0.405517 -0.514618 0.274937 0.100231 -0.653334 0.340406 0.316092
0.191081 -0.779755 0.247367 -0.312624 -0.378276 -0.283725 -0.233871 -0.225754
0.760289 -0.987800 0.554672 0.259328 -0.034796 0.418675 -0.330879 -0.057710
-0.043055 -0.391934 0.182225 0.530032 0.248684 -0.542358 0.232958 -0.063357
0.160470 -0.290200 -0.501676 -0.163621 0.151710 -1.317556 0.182682 -0.158673
0.523712 -0.631499 -0.766905 0.103117 0.369959 -0.836336 0.518382 0.461983
0.008401 -0.471749 0.006535 0.301632 0.233531 -0.956753 -0.188308 0.128187
-0.138084 -0.367809 -0.193522 -0.237335 0.536519 -0.327056 -0.280377 0.096148
0.064880 -0.797001 -0.494783 -0.730063 0.308768 -0.725983 0.251445 0.418746
-0.377000 0.705491 0.292387 0.095779 0.078417 -0.776976 -0.535277 -0.833287
-0.974888 -0.686530 0.095004 -0.140150 0.071599 -0.339039 -0.043239 -0.235603
-0.491449 -0.933393 0.154933 -1.247979 1.350875 -0.280097 -0.402067 -0.397082
0.091147 -0.848918 -0.312127 -0.341776 0.535180 0.460700 0.012569 0.441741
-0.025198 -0.908659 0.287747 -0.734333 0.347860 -0.722663 -0.482779 -0.340317
-0.046749 -0.991671 0.682926 -0.729435 0.288062 -0.521875 -0.462346 -0.462901
0.341300 -0.872443 0.087917 -0.930165 0.320475 -0.353320 -0.256685 -0.613335
0.718687 -0.625386 0.713451 -0.145926 0.140397 -0.092125 -0.308636 -0.424785
0.405614 -0.530832 0.278091 -0.531967 -0.161751 -0.059344 0.189994 -0.666364
-0.910167 -0.196637 0.063897 -0.136873 0.880884 -0.277381 -0.290999 -0.554948
-0.974815 0.033175 -0.215044 -0.269551 0.756625 -0.179059 -0.373478 -0.692033
-0.923851 -0.275131 -0.074258 -0.204168 0.630630 -0.071698 -0.375204 -0.581645
-1.071934 -0.042201 -0.232486 -0.051887 0.629094 -0.015060 -0.329689 -0.676853
-0.601978 -0.267357 -0.344698 0.085023 0.635223 -0.712176 -0.040424 -0.094202
-0.573863 -0.392641 -0.368265 0.075467 0.358154 -0.608866 -0.410150 -0.341392
-1.000546 -0.093463 0.073923 -0.117611 0.926378 -0.123700 -0.482403 -0.754310
-1.091647 0.136074 -0.274362 -0.123942 0.582348 -0.044214 -0.316035 -0.728729
-0.982221 -0.060145 -0.187323 0.022873 0.688066 0.082892 -0.201501 -0.855928
-0.966079 0.086012 -0.351195 0.137569 0.389944 -0.356456 -0.552235 -0.540778
-0.959931 -0.027112 -0.439170 -0.411117 0.538291 0.069979 -0.142415 -0.792121
-0.518692 -0.226816 0.014843 -0.157347 0.495468 -0.367461 -0.259549 -0.784093
-0.907674 -0.008455 0.107052 0.083759 0.549256 -0.069257 -0.453108 -0.789664
-0.980578 -0.045354 -0.034259 0.083252 0.715490 -0.411918 -0.442671 -0.682409
-0.969084 -0.349108 0.022373 -0.288643 0.856199 -0.139395 -0.293438 -0.518029
-0.918472 -0.160425 0.051427 -0.212937 0.934261 -0.448863 -0.224383 -0.458984
-0.908272 0.131589 -0.318124 0.034116 0.726983 -0.275213 -0.324695 -0.731252
-0.925311 -0.392378 0.142886 -0.488383 0.646107 0.100855 -0.383329 -0.602815
-1.044181 0.211146 -0.224392 0.185596 0.871229 -0.222171 0.017682 -0.687953
-0.882065 -0.203123 -0.364289 -0.070295 0.779462 -0.454671 -0.062070 -0.548201
-1.002360 0.000522 -0.184544 -0.343113 0.779599 -0.359712 -0.442951 -0.460431
-0.703925 -0.153435 -0.344329 -0.129369 0.627702 -0.381371 0.110787 -0.531829
-0.180552 -0.378555 -0.421197 0.256427 0.340521 -0.505714 0.084265 0.147690
-0.889136 -0.035371 -0.105051 -0.037930 0.991391 -0.311200 -0.021299 -0.760551
-0.814487 0.143661 -0.169221 -0.012926 0.643733 -0.133525 0.051378 -0.794193
-0.918546 0.280225 -0.248648 -0.186353 0.316285 0.155841 -0.486088 -0.852874
-0.380023 -0.368568 -0.235524 -0.104145 0.659013 -0.232086 -0.120198 0.230859
