0.400201 0.312593 0.204648 0.200606 -0.655638 0.206328 -0.512925 0.009909
-0.016421 -0.827553 0.607960 -1.458550 1.016198 -0.176081 -0.622795 -0.229238
0.091035 -1.397053 0.201902 -1.380433 1.022745 0.175697 -0.547149 0.032265
0.106021 -0.562266 -0.038151 -1.195654 1.031739 -0.684554 -0.292053 0.434861
0.581866 -0.321991 0.967754 -1.212018 0.784780 0.203855 -1.247284 -0.456302
0.632743 -0.598662 0.044942 -1.474424 1.311188 0.058825 -0.582623 -0.073506
0.261750 -0.178939 0.137598 -0.698175 1.058693 0.356798 -0.510374 -0.344466
0.260955 0.181791 -0.332542 -0.867668 0.795870 0.574839 -0.375716 -0.023375
0.018585 0.109229 -0.301256 0.348586 0.751563 -0.329482 0.134878 0.722506
0.663513 -0.333966 0.388887 -1.888248 0.838271 0.050865 -0.482119 0.754671
0.055720 -0.655045 0.345513 -0.721518 0.621511 0.457357 -0.297073 -0.084597
-0.035584 -1.600045 0.063788 0.351121 0.075054 -0.809881 0.167716 0.095396
0.208941 -0.450659 -0.042294 -0.080635 0.934861 0.024554 -0.006114 -0.571495
0.077950 -0.182577 -0.268221 -0.560288 1.283892 -0.175150 -0.173874 0.150881
0.068197 -0.937253 -0.100494 -0.616665 -0.269950 -0.906635 -0.370218 -0.709860
-0.699695 -0.102408 -0.488690 -0.186608 -0.389005 0.123522 0.566901 1.295755
-0.377183 -0.936084 0.533781 -0.450863 -0.627024 0.233867 -0.217621 -0.836111
0.497941 -1.399556 -0.578012 -0.781529 0.493187 -0.240104 -0.293284 0.136055
0.299620 -0.792236 -0.390219 -0.192027 1.048187 0.110476 -0.488055 -0.403854
0.160955 -1.044228 -0.255072 -0.913205 0.802949 -0.115324 0.423650 0.346005
0.253273 -0.592131 -0.159719 -0.011886 0.207905 -0.833052 0.815268 0.384087
-0.104673 -0.155845 -0.374566 -0.160939 0.798352 -0.819636 -0.456597 -0.204075
0.045300 -0.351862 0.565057 -0.055917 -0.153531 -0.372927 -0.601219 -0.425872
-0.976835 0.841867 -1.217268 -0.168686 -0.098892 -0.679487 0.509947 0.040988
0.500584 -0.522101 -0.093676 -0.852017 0.723678 0.859658 -0.825084 0.134291
-0.275663 -0.497510 0.253640 -0.106629 -0.561032 -0.755927 -0.117353 -0.793411
0.031257 -0.632524 -0.076263 -0.085557 0.115219 -0.997648 -0.408188 -0.598319
0.355336 -0.697231 0.808636 -1.132552 1.038992 -0.776723 -0.664424 0.046631
-0.665413 -0.249585 -0.871922 -0.636919 0.187541 -0.055335 0.033950 0.243402
0.178080 -0.175810 0.195003 -0.247975 0.314317 -0.160196 0.274608 -0.489700
-0.003090 -0.639955 0.078912 -0.433586 1.394082 -0.268311 -0.314709 -0.135473
0.603701 -0.705100 -0.101769 -0.961508 0.629410 -0.539820 0.019136 -0.248889
-0.018727 -0.722743 0.400733 -0.707986 0.557199 -0.675219 -0.777730 -0.030264
0.605676 -0.772756 0.214690 -1.355658 1.067103 0.172883 -0.716320 -0.098160
0.019041 -1.014572 -0.056384 -0.514433 0.887122 -0.263751 -0.668612 -0.589983
0.388898 -0.230545 0.207468 -0.642257 0.883242 0.131763 -0.366641 -0.011695
-0.308611 -0.985331 0.351967 -0.812529 0.890117 -0.309387 -0.377545 -0.490616
0.520800 -0.346952 -0.227344 -0.372129 1.628135 0.282093 0.035618 0.319478
0.278281 -0.899545 0.226923 -0.882787 1.313044 -0.226151 -0.582990 -0.310769
-0.160584 -0.741696 0.503669 -0.695928 0.624057 -0.209778 -0.199283 -0.509697
-0.304712 -0.753306 0.108470 -1.015017 0.637704 -0.356751 -0.233243 -0.485014
0.543978 -0.118422 0.078809 -1.300122 0.933431 -0.385972 -0.161622 0.347019
-0.044406 -0.938757 0.484257 -0.446228 0.506364 0.295512 0.027902 -0.700573
0.799481 -1.109674 0.169647 -1.298719 1.199711 -0.407005 0.160898 -0.323500
0.348485 -0.903176 -0.223430 -1.168929 0.005450 -0.264671 -0.168790 -0.706967
-0.223390 -0.774934 0.938204 -0.573608 0.784591 -0.059253 -0.522628 -0.286352
-0.153117 0.087086 -0.311594 -0.372246 0.330170 0.001225 0.593591 0.140576
0.078625 -0.646938 0.329308 -0.701013 1.071622 -0.479977 -0.726079 -0.564571
0.415634 -1.110619 0.352105 -1.472174 1.060711 -0.371709 -0.431090 -0.506313
-0.227651 -0.610831 -0.231893 -0.604201 0.384294 -0.683610 -0.588635 -0.792762
0.103317 -1.110103 0.667470 -1.013244 0.431927 -0.402270 -0.888661 -0.050294
0.071099 -0.127896 -0.173409 -0.778446 0.682840 -0.327613 0.027966 -0.216190
1.329947 -1.031335 -0.092547 -0.263545 0.244615 -0.108174 0.123092 -0.153209
0.614959 -0.739066 0.047701 -0.542320 0.378031 0.495625 -0.196835 -0.158840
-0.377144 -0.138613 0.273732 -0.838957 -0.743484 -0.850033 -0.208215 -0.638221
0.237757 0.420240 -0.736418 0.319924 -0.352279 -1.263751 -0.189057 -0.513412
0.497677 -1.143155 0.071773 -0.637020 0.597146 0.305919 0.585602 0.732763
0.334110 -0.688599 0.007022 -0.840856 0.850929 -0.675837 -0.512854 -0.171516
-0.426722 0.284122 0.366283 0.268602 0.065965 -0.783128 0.044607 -0.081326
-0.114494 -0.670848 0.466766 -0.073511 -0.549339 -0.244617 -0.251433 -0.704471
-0.710481 -0.373609 0.147306 0.131788 -0.069247 -0.638202 0.013395 -0.136932
-0.361078 0.003634 -0.296276 -0.002749 -0.002149 -0.584588 -0.304444 -0.476341
0.205725 -0.861823 -0.395907 -0.425199 0.380133 -0.250537 0.116630 0.141175
0.336646 0.679523 -0.078878 0.722846 -0.290376 -0.540718 0.038186 -0.440511
0.270692 0.695364 -0.411870 0.535729 0.192332 -0.874607 -0.212606 -0.447132
0.618728 -0.883043 0.202635 -0.812358 0.790676 0.013622 0.047203 -0.317174
0.724080 -1.150764 -0.598527 -0.548266 0.527316 -0.281364 -0.432056 -0.838072
-0.119772 -1.456629 -0.321774 -1.243946 1.343691 0.047786 -0.269048 -0.125287
-0.139450 -0.281743 -0.029346 -0.855237 1.012476 -0.509083 -0.038279 0.449973
-0.404363 -0.834057 0.250865 -0.501424 0.851971 0.378835 0.119575 -0.773584
-0.308611 -0.985331 0.351967 -0.812529 0.890117 -0.309387 -0.377545 -0.490616
1.009899 -0.481151 0.251895 -1.133843 0.894756 0.152163 -1.415799 -0.084259
0.412463 -0.292657 0.104925 -0.800109 0.960551 0.256476 -0.379630 0.111164
-0.374327 -0.463401 0.585115 -0.932485 1.042620 -0.531450 -0.305415 0.195574
0.565488 -0.475671 -0.085208 -0.824697 1.063723 -0.368355 -0.195964 -0.888088
0.325796 -0.331066 -0.531734 -0.478022 1.014120 -0.235454 -0.145933 0.141876
0.175155 -0.561374 0.393855 -0.686061 0.763353 -0.746937 -0.399966 0.365488
0.617593 -0.981667 0.340953 -0.980396 1.101303 -0.144579 -0.120439 -0.703038
0.430667 -0.528997 -0.459105 -0.211525 1.052245 0.097298 -0.534409 -0.013178
1.046949 -0.932432 -0.132448 -0.840781 1.059537 0.061445 -1.091848 -0.087469
-0.016305 -0.277321 -0.336359 -0.186888 0.639764 0.142909 0.263380 -0.170659
0.345188 -0.988711 -0.035598 -0.321693 0.546877 -0.039684 -0.266746 -0.372102
-0.159671 -0.531487 -0.117409 -0.098907 1.295000 0.031147 -0.472191 -0.183907
0.063166 -0.113111 -0.196826 -0.539816 1.059590 0.008530 -0.068470 0.362530
-0.466078 -0.134404 0.139152 -0.191450 0.915820 -0.323593 -0.385971 -0.526547
-0.139266 -0.477747 0.330317 -0.281523 1.193490 -0.689145 -0.501516 -0.461289
0.425427 -0.922590 0.085221 -0.471281 1.188768 -0.413957 -0.557044 -0.132202
0.569536 -0.956724 -0.068085 -0.632829 0.537266 -0.087567 0.507443 0.433659
-0.323045 -0.562667 -0.270601 -0.997895 1.403926 -0.608430 -0.028140 0.325539
0.522708 -0.156621 -0.288574 0.273897 1.180345 -0.216726 -0.645585 -0.009815
-0.434850 -1.029532 -0.028731 0.468948 0.847778 0.362622 0.180979 -0.233135
-0.100110 -0.746892 -0.093109 -0.094258 0.824749 -0.040399 0.524409 0.184917
0.488128 -1.313483 -0.183132 -0.407988 1.403359 -0.103902 -0.577947 -0.265256
0.225996 -0.911299 0.175915 -0.335529 1.561222 -0.121152 -0.936035 0.034143
-0.041151 -0.265561 -0.211202 -0.504770 0.208552 0.394493 -0.796462 -0.597724
0.200524 -1.362958 0.010913 -0.710305 1.782325 -0.146619 -0.697879 -0.012942
0.025559 -1.028651 -0.267580 -0.505649 1.620059 -0.152127 -0.345466 -0.042579
0.590578 -1.428539 -0.331686 -0.357681 1.396569 -0.141004 -0.924540 -0.090969
0.753616 -0.694080 0.135207 0.357557 -0.125767 -0.013460 -0.012294 -0.295735
-0.095530 -0.513661 -0.279200 -0.360193 1.105764 -0.043352 0.003811 -0.227756
0.332151 -0.298709 0.541080 0.163505 0.220899 -0.579998 -0.431289 0.912203
-0.332916 -0.297001 -0.708525 -0.285570 0.103582 -0.673190 -0.135028 -0.251426
0.141926 -0.596797 0.541950 -0.288256 0.127452 -0.085260 -0.253610 0.245560
0.712482 -0.924504 0.387501 -0.766620 0.046933 -0.203212 -0.461495 0.398819
-0.989271 -0.232229 -0.136488 -0.132211 0.861813 -0.141181 -0.199294 -0.656004
-0.989616 -0.076477 -0.079490 -0.090554 0.710324 -0.148662 -0.394848 -0.672286
-0.604788 -0.401432 -0.207210 -0.258005 0.520349 -0.294309 -0.135325 0.065285
-1.139898 0.006421 -0.265518 -0.110282 0.720503 -0.244188 -0.381939 -0.430545
-1.024101 0.031843 -0.206183 0.246435 0.808561 -0.390946 -0.302624 -0.746229
-1.039018 -0.370807 0.320346 0.289373 0.319114 -0.348322 0.446024 0.107167
-0.002797 -0.965671 -0.437879 -0.104064 -0.506709 -0.852879 0.112885 0.361536
-0.671912 -0.104510 -0.206234 -0.469350 0.748228 -0.493237 -0.390716 -0.442398
-0.247667 0.036740 -0.024035 0.463102 0.231443 0.186151 0.010168 -0.758396
-1.111285 -0.497578 -0.443477 -0.145116 0.551703 -0.530533 -0.016744 -0.140645
-0.598713 0.300921 -0.623249 -0.143909 0.451240 -0.612655 -0.424887 -0.476867
-0.964348 0.096994 0.006203 0.081487 0.395126 0.231591 -0.175960 -0.731009
-0.721154 -0.308757 -0.574524 0.066046 0.286979 -0.786270 -0.010047 -0.187674
-0.971685 -0.320739 -0.108295 -0.199316 0.950101 -0.192334 -0.150750 -0.546451
-0.590373 -0.031958 -0.104312 -0.074286 0.910629 -0.231276 -0.236317 -0.791231
-0.782988 -0.082918 -0.119404 -0.006858 0.595724 0.191961 -0.083374 -0.837983
-1.003209 0.127071 -0.116429 0.162840 0.930362 -0.215120 -0.282110 -0.403167
-0.926644 -0.175749 -0.172950 0.020788 0.757956 -0.013861 -0.126796 -0.701457
-0.981222 -0.146070 -0.180835 -0.167241 0.763793 0.023822 -0.180101 -0.738461
-0.898158 0.011391 -0.089628 0.106358 0.766598 -0.195223 -0.343886 -0.825924
-0.998479 -0.198645 -0.122172 -0.244660 0.738006 -0.010635 -0.262510 -0.628364
-0.829370 -0.073062 0.064357 -0.056478 0.684744 -0.105852 -0.447913 -0.760052
-1.121028 -0.042095 -0.232962 -0.190602 0.776805 -0.260852 -0.313648 -0.540131
-0.968970 -0.220606 -0.074120 -0.185280 0.810282 -0.153181 -0.327850 -0.594501
-1.070558 -0.056832 -0.150080 -0.160113 0.684683 -0.086826 -0.302407 -0.680860
-0.944585 -0.051271 -0.111094 0.012773 0.805850 -0.359105 -0.354987 -0.712875
-0.744946 -0.231997 -0.072443 0.221021 0.859717 0.037836 -0.122113 -0.540084
-0.991875 -0.020429 -0.178759 -0.035583 0.998411 -0.322488 0.034734 -0.756590
-1.043663 0.368134 0.241430 0.691598 0.257250 -0.265419 0.356724 -0.397998
-0.826027 -0.228481 0.029476 -0.047728 0.848915 -0.107504 -0.099951 -0.554951
-1.012532 -0.254831 -0.064461 -0.204725 0.891804 -0.342895 -0.326880 -0.443016
-0.723229 -0.164168 0.222146 0.008355 0.924053 -0.432492 -0.243995 -0.466619
-0.883068 -0.166796 0.143789 -0.047654 0.999874 -0.486012 -0.196941 -0.448234
-0.709878 -0.114702 0.114871 -0.004539 0.939292 -0.392676 -0.168660 -0.633615
-0.742031 -0.076950 -0.067349 0.340152 0.643568 -0.227347 -0.036431 -0.441292
-0.945606 -0.189586 -0.103859 -0.275265 0.579862 0.001622 -0.358362 -0.616929
0.021275 -0.389554 0.076796 -0.223758 -0.157459 -0.086583 -0.304263 -0.784739
-0.980332 0.272890 -0.311037 -0.090210 0.800689 -0.385242 -0.311067 -0.722766
-1.086996 -0.051832 -0.250268 0.140115 0.681345 -0.205936 -0.264105 -0.775772
-0.876086 0.171926 -0.212942 -0.145926 0.474767 -0.242341 -0.406031 -0.586490
-1.051076 -0.008497 -0.395187 -0.091459 0.547149 -0.065913 -0.363189 -0.635256
-0.799827 0.347532 -0.074053 0.013275 0.342282 -0.094205 -1.127385 -0.182625
-1.012632 -0.083859 -0.156087 -0.123919 0.826163 -0.192861 -0.255206 -0.689240
-1.030983 -0.115054 -0.147242 -0.112247 0.820684 -0.224389 -0.290297 -0.649169
-0.770305 -0.136085 -0.280730 -0.678355 0.542494 -0.378927 0.017658 -0.279379
-0.826408 0.041154 0.090685 -0.149253 0.500299 0.236273 -0.695623 -0.991613
-0.522939 -0.247968 0.171934 -0.143479 1.016020 -0.326075 -0.140249 -0.646612
