0.911861 -0.132440 0.063879 0.125638 -0.239173 -0.731751 -0.157238 -0.285262
0.667398 -0.596812 0.114465 -0.514543 0.052248 0.134168 -0.773877 -0.602939
0.172766 -0.021604 -0.253761 -0.493861 0.156319 -0.596045 -0.371061 -0.338084
0.845768 -0.454552 -0.549470 0.184324 0.497004 -0.168167 -0.319141 -0.379235
0.376381 -0.984257 0.045242 -0.770906 0.450757 -0.158289 -0.138110 -0.382068
0.986785 -1.298396 0.150299 -0.961179 0.520500 0.368377 -0.613217 0.344613
-0.643161 -0.866923 0.472365 -0.856510 0.134529 -0.010645 0.052319 -0.720622
0.318585 -0.233388 0.194637 -0.212491 1.373745 0.285249 -0.847510 -0.361891
-0.373886 -0.312806 -0.000681 -0.519612 -0.213667 -1.035187 -0.574248 -1.122201
-0.167803 0.411234 -0.284099 -0.756617 0.560822 -1.208103 0.055099 -0.672854
-0.262121 -0.476208 0.706718 -0.289658 0.780541 -0.190139 -0.613272 -0.690325
-0.105511 0.088968 -0.548576 -0.082319 -0.364192 -1.302572 -0.303881 -0.387167
0.432323 -0.935930 -0.431387 0.781400 0.548697 -0.951683 -0.161893 -0.063030
0.138060 0.030951 0.001517 -0.607425 0.355501 -0.457014 -0.375891 -0.377613
0.119355 0.208376 0.066656 -0.426876 0.297446 -0.665119 -0.633655 -0.334674
-0.106063 -0.985092 -0.388524 -0.488145 0.273436 -0.504206 -1.011057 -1.015868
1.002185 -1.382496 -0.422684 -0.312188 0.629947 -0.879346 0.235765 0.492201
0.361920 -0.171337 0.533361 -0.078587 0.761675 -0.192441 -0.075993 -0.322044
0.017012 -0.534632 0.031290 -0.653657 0.850089 -0.687745 -0.059874 0.151632
-0.244142 0.456051 0.111037 0.177678 0.157646 0.358200 -0.557303 -0.237545
0.573105 -0.351596 0.410487 -0.664872 0.778088 0.253571 -0.421117 -0.459382
-0.026219 -0.796449 0.326157 -1.227360 0.579862 -0.295850 -0.618373 -0.300125
-0.075478 -0.164235 -0.877534 0.232402 0.642642 -0.191462 0.592146 0.191362
0.452803 -0.092150 0.400919 -0.336419 0.570800 -0.466743 -0.441911 -0.424634
0.042885 0.178849 0.321094 0.184440 0.127400 -0.364744 0.624182 0.110066
0.457154 -0.322865 -0.316757 0.103433 0.214489 -0.432557 0.507748 0.442868
0.103749 -0.430336 -0.820406 -0.574642 0.511905 0.273272 -0.401054 0.132217
-0.226189 -0.093750 -0.098167 -0.569507 0.717073 -0.106414 0.721348 0.277370
0.091302 -0.098052 -0.146502 -0.464971 0.048098 -1.039716 -0.041315 0.176571
0.448513 -0.114370 -0.693825 -0.129004 0.574836 -0.565275 -0.301415 -0.740917
0.308468 -0.688437 0.219601 -0.396536 1.234069 -0.010636 -0.176726 -0.008144
-0.501711 0.363579 -0.532437 -0.111442 -0.242622 0.102837 0.598671 0.712283
-0.509716 -0.871961 -0.299511 -0.974525 0.754728 -0.638597 0.191263 -0.127810
0.391679 0.061232 -0.052964 -0.136737 0.860844 -0.732193 -0.621899 -0.385070
-0.208042 -0.992743 0.163595 -0.677006 0.914582 -0.667419 -0.517867 -0.958134
-0.337317 -0.471595 0.289828 -1.177028 0.662168 -0.055081 -0.019741 0.495373
0.100355 -1.299677 0.323923 -1.010842 1.453392 -0.501784 -0.303599 0.031482
0.275032 -1.105397 0.278763 -0.788669 -0.224044 -0.014382 0.273981 -0.315426
-0.214675 -0.306117 0.268851 -0.294976 0.086914 -0.685993 0.035628 0.188695
-0.232685 -0.966817 -0.146078 0.338865 -0.017560 -0.528150 0.357064 0.045086
-0.585707 0.421051 0.120374 0.554483 0.651442 0.115316 -0.557942 -0.213453
0.105052 -0.367543 0.698694 -0.108498 0.123878 -0.001010 -0.662897 -0.195369
0.357621 -0.350451 0.044667 -0.364800 -0.079960 -0.797152 -0.352084 -0.811333
0.233970 0.288948 0.594263 -0.826463 -0.263009 0.090824 -0.677174 -0.278303
-0.770125 -0.673563 0.005540 0.074462 0.955645 -0.960663 -0.049917 -0.490667
0.074009 -0.752363 0.228518 -0.199748 1.472683 -0.054403 -0.599724 -0.112377
-0.593115 0.100081 -0.160122 -0.257481 -0.018095 -0.461649 0.140755 -0.784153
0.276411 -1.454158 0.007141 -0.770874 -0.061211 0.005000 0.298245 0.541948
-0.095575 -0.212630 -0.073969 -0.667480 -0.037899 -0.864982 -0.457860 -0.842385
0.041504 -0.309501 -0.475374 -0.603513 0.891371 -0.648625 -0.084297 -0.230912
0.390796 -0.070836 0.091598 -0.388598 0.290167 0.081193 -0.316447 0.073952
0.234302 0.546122 0.083529 -0.466703 -0.212124 -0.332277 0.056609 -0.968753
0.205605 0.321880 0.075896 0.102729 -0.183112 -0.645817 -0.338103 0.057786
0.573940 0.188489 0.267032 -0.207755 -0.124943 -0.986509 -0.408047 -0.819236
-0.919257 -0.851384 0.297976 -0.063058 0.571008 -0.484947 -0.496652 -0.532868
-0.064789 0.169168 0.074820 -0.629525 0.888883 -0.847755 -0.494638 -0.663849
-0.759271 -0.303810 -0.527717 -0.586179 -0.127444 -1.176990 -0.121247 -0.858021
0.244268 0.843543 0.584399 0.150633 0.081517 -0.682351 -0.825574 -0.205838
-0.008828 -0.769474 0.208040 -0.686447 1.482138 -0.334070 -0.978993 0.350825
-0.224929 -0.223086 0.470876 -0.397534 -0.370318 -0.402380 -0.407156 -0.640637
-0.006321 -0.657678 0.035322 0.188834 -0.482076 -0.398414 -0.480813 -0.085178
-0.012763 -0.261433 0.166338 -0.114057 -0.094847 -1.136976 0.276012 0.218252
0.487571 -0.850815 -0.186273 -0.679785 0.808935 -0.448543 -1.015133 -0.431807
0.206619 -0.153580 -0.015039 0.057699 -0.460246 -0.095876 -0.155980 0.009745
0.163598 -0.633526 -0.369530 -0.639335 0.850212 -0.243183 0.066519 0.114967
-0.118862 -0.639553 0.382819 0.249967 0.268961 -0.369537 0.867897 0.514086
-0.144125 -0.588840 -0.079572 -0.393920 1.286550 -0.507066 -0.078743 -0.068147
-0.469359 -0.220205 0.860312 -0.328093 0.887028 -0.014841 0.031332 0.108901
0.048472 -0.278282 0.164747 -0.088917 0.959762 0.001374 0.051995 0.309828
-0.557281 -0.019185 -0.523412 -0.031588 0.556409 0.057338 0.413712 0.955071
0.156036 -1.013420 0.212456 -0.298584 1.613418 -0.207054 -0.590354 -0.266891
-0.351391 -0.094463 0.516327 -0.157936 1.077305 -0.407689 0.165801 -0.387841
0.191897 -0.341186 0.603946 -0.116961 0.876853 -0.191821 0.141800 0.408078
-0.012218 -0.567009 0.045308 -0.238615 1.240070 0.302115 0.460198 0.439538
-0.208597 -1.003558 0.299886 -0.756145 0.934506 0.242752 -0.418638 -0.302260
0.341137 -1.227274 -0.153002 -0.604298 0.209795 0.789292 -0.039315 0.179063
0.108396 -0.771415 -0.509810 -0.540651 0.817788 0.228199 0.314316 0.505613
0.100376 -0.542341 -0.553806 -0.026574 0.094315 -1.066758 0.126081 0.520400
0.049125 -0.444439 0.496825 -0.361908 0.242774 0.695475 -0.581382 -0.227542
0.185846 -1.362199 0.274825 -0.030887 0.697509 0.288805 -0.023861 0.130244
0.332574 -1.514815 -0.269695 -0.790754 1.241863 -0.177213 -0.684743 -0.223773
0.216505 -1.012446 0.456927 -0.355890 1.502714 -0.361621 -0.502699 -0.521294
0.279577 -0.497906 0.094286 0.009673 1.403459 -0.129164 -0.746085 0.099239
-0.301722 -0.281839 0.187394 -0.235772 1.390175 -0.165563 0.159574 0.145878
0.325545 -0.484432 -0.099867 -0.060223 1.155659 -0.141978 -0.347214 0.042356
-0.705588 -0.487740 -0.190427 -0.629434 0.027021 -0.670229 0.520103 -0.054259
-0.828478 -0.492950 -0.168518 -0.185958 0.747733 -0.571163 -0.370304 -0.381653
-1.001244 0.038378 0.161132 -0.052098 0.605999 0.236906 -0.601134 -0.758085
-1.118900 -0.155944 -0.300628 -0.219998 0.399518 -0.083244 -0.490644 -0.274904
-0.806201 0.013635 -0.336634 -0.237234 0.468816 0.159901 -0.055323 -0.513029
-0.645481 0.103763 -0.207978 0.065733 0.595711 -0.013426 -0.195020 -0.478345
-0.818826 0.022768 -0.353729 -0.201112 0.079696 -0.422294 -0.356049 -0.220988
-1.037171 -0.107867 -0.139832 -0.260442 0.873856 -0.125218 -0.179435 -0.595019
-0.951113 0.196876 -0.383976 -0.100710 0.496819 -0.175881 -0.409920 -0.682069
-0.952771 0.009730 -0.207634 0.043084 0.848455 -0.348207 -0.128391 -0.804420
-0.918156 -0.334337 0.006520 -0.282467 0.910334 -0.051930 -0.149493 -0.601674
-0.962397 -0.140598 -0.233984 0.015225 0.768959 -0.262597 -0.335798 -0.586183
-0.495367 0.076153 -0.118910 0.084810 0.302336 -0.270655 -0.464296 -0.775225
-0.926736 0.026788 -0.184596 0.062278 0.771497 -0.095223 -0.206015 -0.878374
-0.854448 0.201590 -0.309687 0.091202 0.683785 -0.343523 -0.240303 -0.747480
-0.882886 -0.319171 0.024330 0.089694 0.595272 -0.255005 -0.101151 -0.057432
-0.913012 -0.277308 -0.015940 -0.184042 0.850727 -0.133783 -0.138226 -0.661791
-0.946608 -0.188627 -0.003539 -0.077676 0.836051 -0.331347 -0.401847 -0.563698
-0.745795 -0.213307 0.104711 -0.311901 0.824502 -0.081973 -0.132209 -0.521371
-0.809805 0.091093 -0.171930 0.117238 0.906958 -0.402488 0.094863 -0.826042
-1.156887 -0.181367 -0.245036 -0.152226 0.796597 -0.373670 -0.323698 -0.454914
-0.302865 -0.419209 0.102832 -0.223428 0.918329 -0.400551 -0.116740 -0.620295
-0.836434 -0.080349 -0.094866 -0.102750 0.974260 -0.446231 0.109856 -0.627467
-0.591815 -0.111742 0.014851 -0.093293 0.944598 -0.275705 -0.200437 -0.848122
-1.020353 -0.005270 -0.114603 -0.095774 0.813483 -0.185179 -0.202545 -0.739286
-1.006049 -0.159591 -0.057696 -0.065014 0.913986 -0.335218 -0.206375 -0.632729
-0.901232 0.040364 -0.146758 -0.033496 0.634181 -0.007055 -0.356535 -0.831101
