0.205830 -1.014172 0.036063 -0.566782 0.310381 -0.337637 -0.650892 -0.340032
-0.553042 -0.923480 0.406916 0.079819 0.414096 -0.296278 0.098567 -0.062887
-0.245052 -0.876574 0.565333 -1.133807 0.367002 0.053629 -0.382024 -0.490943
-0.249963 0.052647 -0.278093 -0.187264 0.224238 -0.667799 0.396228 -0.899170
-0.425873 -0.794706 0.296438 -0.193609 0.672398 -0.657801 -0.400129 -0.273840
-0.099013 -0.534759 0.421283 -0.900195 -0.225349 -0.186304 -0.441236 -0.061524
0.647385 -1.190801 -0.338583 -0.976775 1.482757 -0.176433 -0.909055 -0.558432
0.759447 -0.912823 -0.021005 -0.702067 1.260757 0.009250 -0.925665 0.032890
0.714712 -1.480075 -0.118655 -1.401809 1.667685 -0.200631 -0.671765 -0.072101
0.258572 -0.750365 -0.452826 -0.832506 1.264771 -0.322812 -0.131730 -0.245254
0.275924 -0.239756 1.165029 -0.211100 0.684369 -0.193614 -0.363722 -0.473787
0.078458 -0.260261 0.502086 -0.582312 -0.678098 -0.540372 -0.400789 -0.020128
-0.185101 -0.361596 0.364349 -0.331917 0.819447 -0.033583 -0.359714 -0.379614
0.113048 0.080143 -0.045453 -0.907433 -0.211873 -0.009751 0.177217 -1.035072
0.281132 -0.430427 0.291281 -0.954014 0.467052 -0.427961 -0.657208 -0.574204
0.281831 -0.810100 -0.104989 -1.000554 0.437842 -0.312386 -0.033559 -0.326229
-0.077944 -0.957153 0.266517 -0.877818 1.049496 -0.664673 -0.419416 -0.169257
-0.398884 -0.746029 -0.290892 -0.674232 0.128722 -0.298862 -0.690762 -0.583870
-0.555387 0.352186 0.510563 -0.642949 0.626877 -0.106101 -0.016499 0.353732
-0.058470 -0.392987 -0.025344 -0.198819 0.929539 -0.096196 0.196240 -0.128971
0.266767 -0.811211 -0.345761 -0.611733 0.625506 -0.182018 0.488607 0.492536
0.434678 -1.056427 -0.561613 -0.009682 0.794152 -0.059025 0.122496 0.573063
-0.522884 0.473898 -0.712929 0.035786 -0.001558 -0.595377 -0.028179 0.048602
-0.309092 0.105948 0.243628 -0.164972 0.471727 -0.029900 -0.086094 0.086068
0.100807 -0.102259 0.637882 -0.003406 0.822551 0.000351 0.119572 -0.198525
0.319257 -0.981540 -0.161647 -0.140125 1.476517 -0.213732 -0.295387 0.045973
0.433518 -0.645392 -0.366788 -0.371600 1.147533 -0.109853 0.155776 -0.081096
0.457997 -0.311669 -0.311449 -0.167433 0.116124 -0.259619 -0.623970 -0.562336
0.815899 -1.352494 0.438776 -1.439894 0.292174 0.344942 -0.366888 -0.149295
-0.031336 -0.188583 -0.472387 -0.450922 -0.441563 -0.902715 0.078942 -0.775349
-0.012627 -0.648147 -0.240934 -0.663064 1.198587 -0.485943 -0.008295 -0.327441
0.809461 -0.879415 -0.320755 -0.795596 0.408005 -0.465326 -0.455598 -0.072968
-0.241408 -0.754822 0.205851 -1.168705 0.646847 -0.351528 -0.142366 -0.728651
0.376056 -1.499518 0.237156 -1.360217 1.456429 -0.667490 -0.532883 -0.065087
0.179729 0.548072 -0.399965 -0.007745 -1.101168 -1.221158 -0.240621 -0.644539
0.083107 -1.050451 0.235026 -0.678744 0.231937 0.112655 0.090303 0.306606
-0.027089 -0.631706 0.053023 -0.294274 1.023821 -0.542252 0.290821 0.387968
0.073353 -0.217652 -0.886157 -0.308856 -0.002544 -0.687358 -0.029555 -0.763426
-0.215376 -0.577079 -0.320163 -0.894416 0.615364 -0.754783 -0.280202 -0.595107
-0.299266 0.084092 -0.266292 -0.892628 -0.694666 -0.656273 -0.129114 -0.773698
-0.343950 -1.134283 -0.114171 -0.754661 0.679750 -0.364390 -0.503929 -0.536845
-0.531813 -0.821690 -0.004666 -0.639180 0.098163 0.453418 0.888805 0.394554
-0.004904 -0.372875 0.407202 -0.264096 0.075690 0.203159 -0.255584 0.069916
0.362586 -0.629438 0.016680 -1.283841 -0.058108 -0.449130 -0.453813 -0.918032
0.129637 -0.233053 0.155216 -0.676380 0.639752 -0.551120 -0.254980 -0.338699
0.217161 -0.041424 -0.248899 -0.692974 0.695526 -0.233232 -0.050387 0.026127
-0.926680 0.031212 -0.212894 0.331838 -0.111103 -0.873133 0.115670 -0.364201
-0.324143 -0.348572 0.242268 0.106550 -0.198678 -0.790043 -0.352874 -0.669353
0.239567 -0.215599 0.408527 -0.329104 0.249898 -0.234498 -0.442911 0.436941
0.111979 -0.327847 -0.192255 -0.734892 0.559392 -0.826360 -0.029789 -0.523858
-0.113767 -0.664202 -0.036675 -0.438564 0.644368 -0.640263 0.025102 0.311294
-0.258970 -0.535714 0.767157 -0.726226 -0.445145 -0.374523 -0.421217 -0.027732
0.200067 -0.730604 0.871768 -0.265313 0.662962 0.050399 -0.408092 0.154253
-0.800636 0.078936 -0.372179 0.178529 -0.021600 -0.779693 0.478186 -0.632836
-0.110092 -0.677948 -0.475570 0.064474 0.845593 -0.476066 0.459588 0.155140
0.063813 -0.359184 -0.039344 -0.408808 0.046305 -0.092849 -0.534371 -0.428992
0.470715 0.285285 0.119553 -0.214847 0.318118 -0.396158 0.347653 0.002571
-0.087831 -0.230010 -0.362242 0.705532 0.582108 -0.600007 0.020313 -0.219874
0.872616 -1.210437 -0.177074 -0.461540 0.466544 0.573597 0.561965 -0.142688
0.112491 -0.249921 0.029837 0.186876 -0.105494 -0.040096 -0.147526 -0.381857
-0.959866 -0.257217 0.054114 -0.112705 0.959760 -0.501803 -0.182501 -0.338669
-0.740675 0.223134 -0.145568 0.088881 -0.024775 -0.187753 -0.641823 -0.574318
-1.013123 -0.124871 0.419547 0.237623 0.918274 0.106485 -0.267558 -0.540446
-1.055132 -0.018068 -0.309033 0.032158 0.943284 -0.236281 -0.065643 -0.706081
-1.025624 -0.219409 -0.072949 -0.088543 0.776577 -0.244992 -0.403101 -0.525991
-1.110747 0.663368 0.050998 0.724006 0.185415 -0.323432 -0.327577 -0.871828
-0.975904 0.148786 -0.242596 0.120353 0.567911 0.003944 -0.412482 -0.721206
-1.006296 0.245185 -0.641500 -0.039498 0.448334 -0.068064 -0.237014 -0.492256
-0.801093 0.060041 -0.089066 -0.204803 0.272757 -0.112121 -0.682677 -0.901155
-1.014936 -0.031456 -0.035565 0.031564 0.626173 -0.201527 -0.152127 -0.742641
-0.852897 0.197136 -0.057376 0.118866 0.622917 0.057452 -0.307613 -0.983296
-0.551366 -0.523265 -0.064672 0.245336 0.896359 -0.186338 -0.410464 -0.590110
-0.421062 0.232928 -0.219372 0.133697 0.495549 -0.318848 0.233783 -0.542939
-0.957642 0.106066 -0.150393 -0.390586 0.763402 -0.100574 -0.050378 -0.816586
-0.722203 0.116745 -0.452698 -0.193625 0.255080 0.109505 -0.442019 -0.666626
-1.000845 -0.027141 -0.318837 -0.209478 0.638793 -0.315985 -0.421980 -0.453527
-1.115864 -0.126207 -0.380622 -0.191401 0.711411 -0.271993 -0.271543 -0.550566
-0.916248 0.146663 -0.043544 0.175766 0.591292 -0.032819 -0.470429 -0.865949
-0.994790 0.101389 -0.262141 0.008258 0.659233 -0.060666 -0.238275 -0.859610
-0.830254 0.046289 -0.114884 0.044104 0.821535 -0.295382 -0.256576 -0.827740
-0.586752 -0.837484 -0.094325 -0.616664 0.357510 -0.244269 -0.351461 -0.457673
-0.669040 -0.076101 0.039712 -0.155260 0.940324 -0.210142 -0.141579 -0.846367
