0.040856 -0.153833 -0.308088 -0.054100 0.653287 -0.258292 -0.376328 -0.199697
-0.329083 -0.525278 0.637518 -0.474036 0.293846 0.219843 -0.066161 0.040073
0.672863 -0.910792 0.214905 -1.232865 1.004969 0.085848 -0.124743 -0.383186
-0.535103 -0.727962 0.125970 -0.245257 0.797205 -0.221337 -0.216543 -0.952292
0.666417 -0.842829 0.457626 -1.044202 0.526563 0.071284 -0.512626 -0.565674
0.071278 -0.884546 0.211609 -0.081521 0.416866 -0.093893 -0.063707 -1.002729
0.379726 -0.391607 0.124211 -0.232201 0.780463 -0.710545 -0.107473 -0.144996
-0.236650 -1.161297 0.263839 -0.871945 1.065541 -0.844116 0.033396 -0.329130
0.118249 0.513712 -0.616987 -0.340484 0.656021 -0.003412 -0.163250 0.034594
-0.334682 -0.007808 0.099575 0.118194 0.449943 -0.279932 0.086614 -0.363780
0.235313 -0.630966 0.432367 -0.142636 0.340572 -0.445977 -1.050749 -0.503959
0.314179 -0.400560 0.250677 -1.172365 0.518833 -0.383132 -0.662156 -0.870690
-0.170812 -0.778759 0.169702 -1.129519 0.908743 -0.537728 -0.241148 -0.376093
0.369510 -0.363121 0.053785 -0.108700 0.086138 -0.216772 -0.097931 -0.690024
-0.678750 -0.866718 0.506302 -0.865127 1.101078 0.560557 -0.759444 -0.843128
-0.187783 -0.320299 -0.184832 0.728325 -0.204774 -0.931872 -0.591548 0.267166
0.625188 -0.751548 -0.169987 -0.156561 -0.293718 -0.282903 0.004804 0.018190
-0.666430 -0.792262 -0.369817 -0.468626 0.414724 -0.338670 0.816339 0.855356
0.102581 -0.478255 -0.293938 -0.904632 0.566490 -0.038218 -0.179629 -0.112597
0.119653 -0.274029 -0.274845 -0.417142 1.051201 -0.372867 0.436098 0.585567
0.205642 -0.219211 -0.057690 -0.627206 0.392339 -0.803176 -0.428190 0.048076
0.321216 0.367298 0.491815 -0.587224 0.971845 0.048220 -0.723673 0.201272
-0.570886 -0.215628 -0.028075 -0.151799 -0.061558 -1.036104 -0.142319 -0.984905
-0.304300 -0.565472 0.388939 -0.810205 0.659610 0.048748 -0.210006 0.287325
-0.896446 -0.099691 0.254199 0.140496 0.265153 -0.173914 -0.205002 -0.415932
0.889106 -1.352398 -0.179021 -0.102340 0.700531 -0.080242 -0.425354 -0.339694
0.423370 0.455810 0.241549 -0.474653 0.492364 -0.855372 -0.646358 0.011678
0.165415 0.196308 0.439298 -0.093239 0.124415 -0.662383 -0.062246 -0.105692
0.215890 -0.113195 0.131518 -0.237827 0.047661 -0.333332 -0.611494 -0.787320
-0.346673 -0.475657 0.059353 -0.620348 0.293029 -0.566855 0.165784 -0.288397
0.409187 0.210417 -0.180290 -0.139011 0.913088 -0.719217 -0.493762 -0.627057
0.350835 -0.586796 0.542469 -1.034328 0.757481 -0.725879 -0.437634 -0.711077
0.493690 -0.318573 0.367393 -0.821093 0.558300 -0.606013 -1.010993 -0.370586
0.729624 0.245898 0.218596 0.236054 0.122025 -1.385973 -0.140537 0.288447
0.125681 -1.156138 -0.210200 -0.124075 -0.525674 -0.521923 -0.211530 -0.212021
0.020764 -0.669271 0.478912 -0.159413 -0.208143 -0.391483 -0.173407 -0.051354
-0.447909 0.124938 0.557728 -0.111663 -0.737065 -0.226871 0.317105 -0.088900
-0.656763 -0.080664 -0.032874 0.233107 0.124113 -1.220923 -0.152641 -0.470889
0.716239 -0.411238 0.187578 -0.869218 0.478015 -0.754967 -0.326199 -0.587232
-0.741585 -0.455477 -0.259056 -0.469024 0.780284 -0.365821 -0.402369 -0.338552
0.326404 0.205833 -0.350057 0.344140 -0.505860 -1.353517 -0.655174 -0.186298
-0.553417 0.029345 0.189718 -0.199371 -0.084615 -0.751952 -0.371093 -0.329985
0.080480 -1.033286 -0.175729 -1.172092 1.113308 -0.487838 -0.153807 -0.489246
0.177757 -1.343488 0.709853 -0.596263 0.173261 0.081802 -0.068811 -0.682894
0.125492 -0.622407 0.600590 -1.197179 0.839428 -0.435839 -0.184715 -0.180766
0.369422 -0.306054 0.943442 -0.025988 0.746891 -0.250482 -0.708661 -0.272566
0.044060 -1.034974 0.196385 -1.366332 -0.001572 0.096655 -0.300315 0.192034
-0.085117 -0.514118 0.442338 -0.696051 0.639863 -0.367926 -0.423363 -0.591973
-0.155979 -0.425720 0.280073 -0.801330 0.346543 -0.128713 -0.176397 -0.444192
0.246140 -0.716368 -0.112888 -1.363467 0.975928 -0.376629 -0.141530 -0.698335
0.121589 -0.575220 -0.703237 -0.707361 0.762518 -0.821624 -0.122814 -0.579599
0.487925 -0.785110 0.317024 -0.498575 0.612116 -0.329361 -0.399124 -0.733368
-0.194723 -0.731438 -0.269730 -0.672393 0.320214 0.054390 -0.104473 0.128062
-0.059078 -0.081409 -0.059541 -0.103137 0.149752 0.204340 0.024675 0.119584
-0.201726 -0.351488 -0.420340 0.402823 0.083179 -0.614539 0.204334 0.184117
0.055076 -1.196496 -0.006285 -0.432686 0.388358 -0.279186 -0.510791 -0.392470
0.466150 -1.143534 -0.433565 -0.379762 0.460431 -0.059209 -0.427767 -0.869223
-0.095777 -0.133068 0.568737 0.130760 0.197685 0.329779 -0.629746 -0.436596
0.356922 -0.232418 0.372395 -0.753853 1.264133 0.015792 -0.314182 -0.383806
-0.381236 -0.602176 -0.038959 0.015640 0.712783 -0.628188 0.504240 -0.360355
0.583662 0.130514 -0.463556 -0.748996 0.091673 -0.102536 -0.110820 -0.185082
0.433654 -0.669628 0.472480 0.593692 0.011049 -0.535058 0.281621 -0.046639
0.238154 0.290171 -0.519363 0.038610 0.083063 -0.399942 0.048567 -0.237945
-0.307723 -0.397925 0.423786 -0.624777 0.752388 0.137896 -0.141707 0.328161
0.023417 -0.141659 0.135516 -0.731575 1.117297 0.471477 -0.573655 0.651584
0.144487 -1.104314 -0.391686 -1.088337 0.487547 1.064244 -0.348522 -0.127380
-0.076975 -1.045969 -0.098159 -0.735983 0.350882 0.813287 -0.130260 0.482175
0.403747 -0.273470 -0.142126 -0.776718 0.623018 0.593429 -0.311916 -0.123484
0.019482 -0.189475 -0.263773 0.095175 1.033400 -0.198501 0.482036 0.603473
0.433207 0.081940 0.684864 0.883057 0.269655 -0.315113 -0.128727 -0.147429
0.012692 -0.551863 0.272339 -0.191805 0.927596 -0.108208 -0.090250 0.234738
0.245289 -0.695382 -0.189712 -0.362969 0.736533 -0.024503 -0.209375 -0.361281
-0.025913 -0.874171 -0.228608 -0.356804 0.876461 -0.326843 0.568819 0.246267
-0.498951 -0.032936 -0.200181 0.169959 0.151373 0.010962 0.593720 0.854293
0.436442 -0.569302 0.180612 0.412331 0.761001 -0.680086 -0.211106 0.130898
0.288899 -1.047037 -0.642999 0.151906 0.404703 0.017206 0.095004 0.495694
-0.000443 -0.324881 -0.434005 -0.002365 0.948088 0.115997 -0.467096 -0.017233
0.806206 -0.642349 0.016461 -0.332678 0.593417 -0.384447 -0.403562 -0.322122
0.097254 -1.598617 0.003594 -1.001113 0.139268 -0.205692 0.244838 0.373944
-0.055679 -0.153926 0.027251 -0.610813 -0.412051 -0.835588 -0.031032 -0.150923
-0.029815 -0.117190 -0.032831 -0.379865 0.494634 0.065934 -0.386073 0.106036
-0.032566 -0.553451 -0.051062 0.232986 -0.371553 0.070773 0.812547 0.562944
0.505926 -0.196615 -0.098394 -0.106803 0.442193 -0.764253 -0.071790 0.206159
-0.212468 -0.633591 -0.583623 -0.136649 -0.069566 -0.244267 0.695499 0.455322
0.528782 -0.040850 -0.536580 -0.179742 0.642003 -0.992447 -0.331811 0.075936
0.258616 0.264679 0.330543 0.127726 -0.060263 0.221153 0.656779 0.510175
-0.094607 -0.114770 -0.458054 -0.425562 -0.707676 -0.281737 0.659893 -0.445441
0.280728 -0.188609 0.070147 -0.990962 0.413207 0.163888 -0.237724 -0.037091
-0.277936 -0.106140 -0.391590 -0.008960 0.381408 -0.294257 0.605524 0.278432
-0.052646 -0.330706 -0.453395 -0.328940 0.473971 -0.173559 0.685696 -0.064767
-0.409766 0.235751 0.016869 0.161268 0.484115 -0.149705 0.479622 0.296668
-0.193939 -0.664748 0.133859 -0.408368 0.391807 -0.427644 -0.020985 0.492013
0.363273 -0.527257 -0.046522 -1.107957 0.654879 -0.470130 -0.420945 -0.498221
0.348044 -0.688139 -0.239945 -0.584459 0.112274 -0.073534 -0.131148 0.564876
-0.206383 -0.563505 -0.130239 -0.812616 0.113611 -0.282787 -0.381504 -0.449250
0.054040 -0.748563 -0.050506 -0.197987 0.683559 -0.169418 -0.379824 0.613423
-0.009610 -0.153293 -0.305272 -0.551633 0.678675 0.155093 0.101243 0.381628
-0.148493 -1.040455 0.373969 -1.060430 1.006120 -0.684632 -0.436214 -0.049837
0.101494 0.450115 -0.951680 0.629647 0.375650 -0.147151 0.662685 -0.434574
0.329125 0.220863 0.029283 -0.645421 0.504936 -0.022837 -0.381792 -0.124203
-0.998939 0.526473 -0.388543 0.615050 -0.124210 0.194699 -0.039296 1.064039
0.037181 -0.632282 0.632266 -0.174443 0.010410 0.598711 -0.629591 -0.485869
-0.246997 0.111233 -0.027875 0.184307 -0.811620 -0.122714 0.085597 0.269451
0.117994 -0.490188 -0.328177 -0.080774 -0.306518 -0.021419 0.316172 0.068744
0.445601 -0.744122 -1.032699 0.081552 0.784309 -0.382176 -0.377949 0.033515
-0.007562 -0.016669 -1.272236 -0.304290 0.049300 -0.916995 0.086546 -0.046362
0.893866 -0.566831 0.460238 -0.838574 0.642988 0.164408 -0.491024 -0.100964
0.154014 -0.939805 0.392229 -0.424044 0.307598 0.141588 0.160854 -0.169520
0.495881 0.209789 0.333482 -0.169577 -0.369068 -1.010668 -0.305437 -0.669809
0.228384 0.313118 0.293248 -0.392520 0.181031 -0.434987 -0.506174 -0.676958
0.604823 0.020786 0.549998 -0.159051 0.793697 0.262884 -0.738631 -0.101927
0.491650 -0.409789 0.397108 -0.561200 0.501730 -0.461594 -0.786317 -0.243529
0.401304 -0.492010 -0.202348 -0.802072 1.244812 -0.537369 -0.112391 0.299320
0.034635 -0.529080 0.299711 -0.413347 -0.836933 0.058628 -0.217022 0.140332
0.039686 0.639002 0.556281 0.014887 0.875182 -0.967166 -0.524244 -0.720798
-0.807882 -0.281147 0.270830 -0.090072 0.007442 0.312943 -0.440113 -0.225478
-0.159677 0.145522 -0.497468 -0.636235 0.084522 -0.372864 -0.352387 0.009575
0.425387 0.008643 -0.084431 -0.785072 0.703805 -0.266536 0.135894 0.611795
-0.099701 -0.390297 1.439629 -0.935720 0.304810 0.455866 -0.685470 -0.430112
0.400405 -0.572342 -0.092614 -0.737269 0.359332 0.040794 -0.252176 0.383638
-0.347071 -0.500393 -0.049788 -0.310049 -0.176185 -0.574183 -0.314227 -1.128897
-0.831584 -0.473639 0.074906 -0.083779 0.497517 -0.466235 -0.673714 -0.528009
0.171624 -0.473927 0.469776 0.082349 0.220013 -0.452541 0.078068 -0.478923
-0.010822 -0.282274 0.483301 0.046173 -0.240287 -0.790578 -0.692051 -0.052523
0.605371 -1.076757 -0.359184 -0.513858 1.294396 -0.340163 -0.856139 0.055915
-0.357562 -0.486214 0.074207 0.501664 0.042539 -0.237111 -0.369141 -0.268246
0.057299 -0.262742 0.822717 -1.073241 0.687250 0.134962 -0.722746 -0.511327
0.312777 0.002779 0.035157 -0.746498 0.526216 -0.499626 -1.019204 -0.034224
-0.487338 0.060358 -0.748122 -0.774639 0.193090 -1.151610 -0.403717 -0.665907
0.096504 -0.654755 0.319647 -0.343136 0.640740 -0.653250 -1.383549 -0.521905
-0.876664 -0.230019 -0.061701 -0.124985 0.747493 -0.492829 -0.319530 -0.760281
-0.204413 -0.094627 -0.195132 0.098454 -0.094076 -0.426672 0.338364 -0.134995
-0.877895 0.089495 -0.132109 0.213170 0.669619 0.160563 -0.339555 -0.710061
-1.327393 -0.114675 -0.369195 -0.193888 0.815465 -0.274569 -0.149172 -0.401607
-0.780941 -0.503162 -0.011771 -0.231402 0.789170 -0.311097 -0.478112 -0.458664
-0.892965 0.160318 -0.316986 -0.225993 0.204604 -0.256178 -0.725602 -0.318719
-0.853075 0.109625 -0.207357 0.066094 0.542870 -0.043929 -0.433470 -0.839716
-0.986495 -0.028653 -0.162701 -0.216847 0.381372 0.151742 -0.532991 -0.538657
-1.005521 0.068178 -0.332904 -0.071637 0.535375 0.004627 -0.308253 -0.768197
-0.988798 -0.026139 -0.289279 0.104159 0.665314 -0.038516 -0.241591 -0.747241
-0.935817 0.071877 -0.333887 0.102226 0.591971 -0.003667 -0.269151 -0.786930
-0.689344 -0.451827 0.374775 -0.161580 0.977365 -0.498723 -0.394988 -0.485604
-0.713985 0.188197 -0.241996 0.368005 0.384755 -0.507384 -0.040814 -0.709955
-1.076576 -0.174577 -0.142179 -0.300400 0.679096 -0.288622 -0.408663 -0.464074
-0.839994 -0.325235 -0.698503 0.003685 0.831606 -0.046764 0.158012 -0.712037
-0.748754 -0.097472 -0.311088 -0.244145 0.839516 -0.149218 0.001894 -0.551158
-1.050915 -0.162539 -0.240104 -0.092368 0.872285 -0.458673 -0.080826 -0.493975
-1.080432 -0.057489 -0.221909 -0.207530 0.707192 -0.134610 -0.264328 -0.605581
-1.048422 -0.035138 -0.215772 0.053571 0.762346 -0.305778 -0.209375 -0.736517
-0.999977 -0.064272 -0.200043 -0.035895 0.810796 -0.219826 -0.254550 -0.674191
-1.077403 -0.082779 -0.204790 -0.148951 0.871267 -0.419121 -0.247698 -0.559480
-1.021031 -0.265597 -0.047066 -0.154764 0.796811 -0.107863 -0.285335 -0.565748
-0.854898 -0.078581 -0.052630 -0.144887 0.760415 0.006039 -0.216409 -0.860378
-0.785806 -0.152821 -0.173135 -0.016050 0.312956 -0.160828 -0.034105 -0.557634
-0.706704 0.124302 -0.244543 -0.374020 0.343887 0.318945 -0.468022 -0.744952
0.050310 0.054292 -0.060619 0.485545 0.515403 -0.376773 -0.276440 -0.327102
-1.049404 0.297552 -0.697677 -0.507386 -0.158749 -0.347664 0.063539 -0.544788
-1.185424 -0.123069 -0.301202 -0.207086 0.646020 -0.376732 -0.419034 -0.448926
-1.063514 0.165466 -0.136692 0.130637 0.854779 -0.121861 0.096152 -0.775063
-0.352781 -0.250967 -0.259018 0.511241 0.060452 -0.495906 -0.121861 -0.864163
-0.842750 -0.143217 -0.124445 -0.119341 0.718648 -0.157953 -0.276318 -0.658174
-0.928416 0.103624 -0.098559 -0.352655 0.573532 0.089308 -0.426792 -0.710576
-0.751675 -0.117190 -0.357504 -0.039293 0.567762 0.316964 -0.257496 -0.536097
-1.040150 0.011137 -0.422718 -0.131092 0.231471 -0.147398 -0.095523 -0.452041
-0.891264 0.106759 -0.125450 0.034550 0.909647 -0.213500 -0.034162 -0.924559
-1.116570 -0.061239 -0.290934 -0.094791 0.878978 -0.351221 -0.238191 -0.601203
-0.996963 0.091298 -0.343761 -0.047679 0.512203 0.045615 -0.291294 -0.751610
