-0.214641 -0.022621 -0.400639 0.019394 0.273608 -0.166342 0.608428 0.404911
-0.755757 -0.047062 0.067202 -0.180835 -0.420872 -0.884015 -0.509651 -0.443334
-0.229572 -0.668371 0.327776 -1.116084 0.800565 -0.110714 -0.766933 -0.070461
0.168385 -1.084242 -0.214414 -0.589583 0.889470 0.164503 -0.189606 -0.124568
0.377458 -0.687243 -0.553703 0.356480 0.316752 -0.647037 0.123000 0.169417
0.359263 -1.161718 0.057285 -0.969359 0.654230 -0.445841 -0.110871 -0.757519
0.018011 0.354019 0.180748 0.247330 0.370941 -0.418522 -0.214595 0.034257
0.293727 -0.836140 0.114261 -0.077096 0.863741 0.047905 -0.476959 -0.402096
-0.340783 -1.124995 1.403072 -0.755640 0.478877 0.208871 -0.316055 -0.319543
0.019841 -0.868168 0.092364 -0.565448 1.234768 -0.516219 -0.483080 0.239199
0.104548 -0.681312 0.408370 -0.329711 0.498147 -0.327701 -0.259076 -0.123649
0.370654 -0.802753 -0.224727 -0.633995 1.271410 0.092084 -0.514333 0.827869
0.107569 -0.613875 0.054502 -1.054756 -0.443087 0.688532 0.192849 0.027461
-0.620745 -1.035639 0.162886 0.086898 0.451734 -1.091540 -0.121689 -0.552831
-0.493817 -0.657946 0.105139 -0.757096 -0.185834 -0.175073 -0.338849 -0.106647
-0.243613 0.122013 -0.420594 0.050865 0.479072 -0.339292 0.241631 0.152953
0.039591 -0.457810 -0.877728 0.020834 -0.158251 -0.550730 -0.640777 -0.344822
0.049922 -0.045147 -0.417769 -0.919578 0.390672 -0.726152 -0.424583 -0.243767
-0.072123 -0.371405 0.458099 -1.042463 0.111512 -0.523019 -0.479280 -0.457472
0.185302 -0.342306 -0.109922 -1.083899 1.072122 0.279603 -1.023039 0.222250
0.078186 -0.529621 0.469428 -0.528058 0.231293 -0.745800 -0.714843 -0.442073
-0.014705 -0.297199 0.320114 -1.008008 0.535318 -0.488427 -0.429141 -0.920184
0.142210 -0.701710 -0.064861 -1.234155 1.053216 -0.703942 -0.160662 -0.214731
0.171633 -0.657066 -0.795382 -0.097976 0.087605 -0.859604 0.534341 0.555627
0.282444 -0.132971 -0.231392 -0.482797 -0.359420 -0.416269 -0.754988 -1.547323
-0.706216 -0.968686 -0.447669 0.232912 -0.050669 -0.514495 0.542435 -0.437613
0.315440 0.216123 0.122459 -0.710173 0.479878 -0.245260 -0.325216 0.057567
0.133747 -0.454590 0.426632 -0.789734 -0.269422 -0.162744 -0.250409 -0.473594
0.573077 -0.732891 0.572792 -1.031265 -0.588010 -0.179731 -0.038637 0.106442
0.473277 -0.617705 0.833744 -0.995095 -0.601800 -0.106587 -0.014007 0.262165
0.001503 -0.527051 0.010486 -0.509104 -0.002709 -0.125821 0.010154 -0.197096
0.149635 -0.189560 -0.379160 -0.731169 0.407596 -0.147585 0.496354 0.272477
0.256986 -0.604077 0.547241 -0.933297 1.147052 -0.445287 -0.333169 0.084169
-0.040499 -0.088665 -0.145772 -0.503959 0.836178 0.067481 0.284822 0.071579
-0.040296 -0.092843 -0.217926 -0.486610 1.026765 0.133384 0.344800 -0.011089
0.055563 -0.320629 -0.598906 -0.816920 1.185431 -0.507894 -0.048616 -0.471419
0.237140 0.163482 0.256500 -0.065088 -0.326621 0.009307 -0.553828 0.139695
-0.120880 0.720863 -0.666285 -0.359857 -0.139273 -0.630679 -0.059398 -0.573459
0.118034 -0.717997 0.141801 -0.721769 1.649614 -0.761225 -0.336032 0.329676
0.532201 0.048538 0.258905 -0.471057 0.461923 -0.524242 -0.309806 -0.201001
0.312983 -0.604411 0.084029 -0.158944 0.731534 -0.411127 -0.249167 0.045179
0.234930 -1.417895 -0.455098 -0.916129 0.150087 -0.715236 -0.050880 -0.298067
-0.666391 -0.205055 0.693364 -0.161310 0.143537 0.020958 -0.386413 0.590989
0.135060 -0.917957 0.681405 -0.390184 0.532045 -0.312691 -0.224849 0.155696
-0.176789 -0.804091 0.240619 -0.908044 0.386956 0.087780 0.234204 -0.456078
0.063335 -0.361396 -0.122410 0.304556 -0.907043 -1.046155 -0.556995 0.378774
-0.208322 -0.280874 0.013229 0.365615 0.456632 -0.750208 -0.792982 -0.509471
0.894203 -0.438921 0.043806 -0.811671 0.713981 -0.444645 -0.089550 0.310279
-0.105086 -0.275935 -0.438967 -0.252517 0.852550 -0.089644 0.411289 0.191491
0.461936 0.202310 0.512621 -0.088174 0.260762 0.051133 -0.527793 0.322437
0.653118 -0.184209 0.599309 -0.302188 0.732519 0.134617 -0.653630 -0.396341
0.413045 -0.145125 -0.292250 -0.068811 0.058138 -0.100469 -0.138291 -0.733557
0.469786 -0.206727 0.043664 -0.244406 0.000836 -0.709602 0.102089 0.286363
0.306894 -0.591132 0.212083 -0.689730 0.803889 0.477714 -0.500877 0.014311
0.400191 -0.532639 -0.570844 -0.212294 0.882137 -0.465205 0.491948 0.365200
0.532834 -0.755366 0.348601 -0.356654 0.826678 -0.410893 -0.741213 -0.266522
-0.124425 -0.578769 -0.466392 -0.662004 1.037336 -0.714361 0.448008 0.119519
0.002231 0.016149 0.167120 -0.640086 -0.321401 -0.717128 0.239722 0.121649
-0.187845 -0.198280 -0.329952 0.187440 0.432149 -0.093744 0.250374 -0.503375
0.183944 -0.299411 -0.230228 -0.130823 0.959615 -0.748029 0.033550 -0.252528
-0.145501 -0.406460 0.062392 -1.232171 1.028928 -0.120074 -0.317878 0.317125
0.265379 -0.731278 0.095707 0.020662 1.462398 0.173473 -0.476300 0.050688
0.117068 -0.302998 -0.679034 0.358345 -0.320388 -0.660589 0.340734 0.528816
-0.438575 -0.838727 -0.029176 -0.826062 1.375299 -0.058922 -0.729160 0.698913
-0.573866 -1.013166 0.067961 -0.001728 -0.057599 0.447853 0.247020 0.010823
0.161591 -1.059705 -0.297987 -0.010773 -0.089636 -0.547030 -0.166561 -0.426545
0.060595 -1.624057 -0.408266 -0.432755 1.168145 -0.180302 -0.043820 0.108927
-0.355231 -0.727140 0.169122 -0.596218 0.643462 0.463210 0.079807 0.992058
-0.168726 0.248745 0.240247 0.287926 1.195898 -0.420495 0.022633 0.338335
0.134729 -1.135299 0.169116 -0.039364 0.534865 -0.290628 -0.491479 -0.010982
-0.343575 -0.176833 0.005804 0.147383 0.049510 -0.823788 -0.390967 -0.624742
0.400370 0.114920 -0.581376 -0.518614 0.036749 -0.177657 0.070559 0.641391
0.363537 0.333596 0.369409 -0.087565 -0.080647 -0.147699 -0.010840 0.356445
-0.281775 -0.766373 0.020394 -0.580609 0.710401 -0.077270 -0.677016 -0.431275
0.494242 -0.390585 0.114266 -1.148287 1.000844 0.431637 -1.089778 -0.355851
0.121159 -0.533286 -0.416268 -0.077999 1.233792 -0.407361 0.173430 0.359056
-0.257521 -0.891767 -0.578074 0.142248 0.619995 -0.396633 0.833837 -0.362010
0.321146 -0.724741 0.203904 -0.859271 0.320982 -0.060002 -0.499793 -0.056535
0.612850 -0.159503 0.417530 -0.558029 0.853807 0.382266 -0.784571 0.408625
0.326063 -0.693949 -0.269076 -0.148721 0.220542 -0.625682 -0.275700 -0.201255
0.432840 -0.502933 0.475916 0.476605 -0.667103 -0.512910 0.949590 0.441014
-0.075987 -0.994244 0.262301 -1.226364 1.336350 0.073868 -0.539153 0.268070
0.326129 -1.239660 0.142300 -1.088243 0.592907 0.448419 -0.582646 -0.689335
-0.103761 -0.773443 -0.261031 -0.511996 0.509055 0.066870 0.118194 0.167670
0.029814 -0.967104 -0.106868 -0.270637 1.114943 -0.315448 -0.957097 0.361201
-0.413280 -0.360026 0.359152 -0.813794 1.327979 -0.370719 -0.374162 -0.465104
0.195667 -1.045905 -0.214288 -0.786832 1.308257 -0.646527 0.105110 -0.394998
-0.014130 -0.969199 0.172280 -0.883606 1.621813 -0.229189 -0.542641 -0.010483
-0.392792 -1.159563 0.024095 -1.139232 1.422605 -0.381178 -0.786148 -0.529842
-1.069594 -0.360636 -0.165771 -0.044009 0.748304 -0.147341 -0.269051 -0.462724
-0.043852 -0.430405 -0.459076 -0.081685 0.634277 -0.367668 -0.167828 -0.532202
0.088547 -0.333943 0.246652 -0.437551 0.733260 -0.113238 -0.489231 -0.912749
-1.060242 -0.085576 0.077581 0.052902 0.925547 -0.638297 -0.308642 -0.559646
-1.093802 -0.062321 -0.020318 -0.131853 0.751576 0.086792 -0.322160 -0.772675
-1.086213 -0.043133 -0.264132 -0.130148 0.794067 -0.241447 -0.337647 -0.670059
-0.970717 0.016090 -0.070222 0.141664 0.737336 -0.164882 -0.319888 -0.616015
-0.851942 0.286206 -0.413383 0.121956 0.589565 -0.313967 -0.673109 -0.459503
-0.935907 -0.056433 -0.193644 -0.030563 0.684661 0.107948 -0.041665 -0.503287
-1.087413 0.307598 -0.105835 0.300886 0.172547 -0.058857 -0.063524 0.006586
-0.931477 -0.136447 -0.056821 -0.188773 0.719764 0.021375 -0.255624 -0.734315
-1.248642 -0.263835 -0.361951 -0.239689 0.974477 -0.424176 -0.010374 -0.402773
-0.397168 -0.318331 0.123300 -0.675645 0.035459 -0.186850 -0.438987 0.088765
0.090802 -0.464880 -0.075095 -0.313702 0.653372 -0.432350 -0.423599 -0.476943
-0.905142 -0.074455 -0.267753 -0.190444 0.689097 -0.032829 -0.193369 -0.683082
-0.904957 -0.016029 -0.356250 -0.152831 0.570916 -0.081344 -0.440533 -0.640549
-0.200263 -0.433931 0.378518 -0.428820 -0.362560 -0.216416 -0.017730 -0.351409
-0.841953 -0.015881 -0.276565 -0.141251 0.259635 0.043947 -0.618429 -0.685708
-1.037567 0.204146 -0.231535 -0.064042 0.618473 -0.095359 -0.303208 -0.880290
-0.713683 -0.315011 -0.024576 -0.235417 0.874931 -0.080826 -0.403076 -0.651160
-1.078876 -0.659436 0.197070 -0.565018 0.559681 -0.471681 -0.373351 -0.683650
-0.872658 -0.052131 -0.072004 -0.101145 0.827030 -0.231073 -0.194842 -0.677673
-0.937633 -0.184891 -0.132154 -0.081330 0.822629 -0.070523 -0.162983 -0.771244
-1.020242 -0.233181 -0.144851 0.092072 0.841898 -0.457684 -0.392349 -0.533284
-1.156467 -0.236105 -0.064768 -0.007975 1.058616 -0.539070 -0.400286 -0.188626
-0.866819 -0.296833 -0.094939 -0.242344 0.988509 -0.299591 -0.186001 -0.594314
-0.037447 -0.406772 -0.385867 -0.535722 0.221050 -0.441867 0.488440 0.199185
