0.216130 -0.652897 0.160242 0.327938 -1.039357 -0.129857 -0.042143 -0.075264
-0.115217 -0.470653 -0.678198 -0.485927 1.103525 -0.231584 0.470873 0.236298
0.130903 -0.618423 -0.490654 -0.253414 0.941662 -0.654426 0.214117 0.100035
0.450800 -0.230422 -0.096808 0.136210 -0.584762 -0.264658 -0.123299 0.355246
-0.376984 -0.487857 -0.105131 -0.307725 0.119470 -0.570276 -0.319643 -0.271541
0.462939 -1.508536 0.538033 -1.302824 0.366574 -0.008328 0.449153 0.065575
-0.248327 -1.002563 0.262455 -0.921845 0.607052 0.218864 0.255282 0.524973
-0.294092 -0.136375 -0.625280 -0.337380 0.013869 0.049142 0.621631 0.876451
0.616964 -0.905555 -0.377480 -0.434113 0.634195 -0.027671 -0.238742 -0.130981
0.337742 0.005656 -0.454012 -0.260166 0.628460 -0.188498 0.286190 0.191458
-0.217175 0.173258 -0.174082 -0.251178 -0.054555 0.344208 0.612397 0.392217
0.374331 0.111239 0.133586 -0.036855 -0.265084 -0.454438 0.138274 -0.100218
0.415492 -1.086238 -0.327154 -0.577995 0.561826 -0.173786 -0.076611 -0.347890
-0.101783 -0.881021 0.065679 -0.647673 1.336790 -0.407027 -0.125799 0.025746
-0.041561 -0.489447 0.022515 -0.971281 0.798997 -0.193849 0.218347 0.064674
-0.097624 -0.634643 -0.204332 -0.691156 1.291454 -0.133205 0.508263 0.121444
-0.200607 -0.453874 -0.188545 -0.643298 1.311928 -0.208565 0.473920 0.137416
-0.206499 -0.160345 -0.166361 -0.679140 0.975160 -0.503295 0.349577 0.378719
-0.098008 -0.040221 -0.886255 0.540273 -0.339777 -0.005096 0.601444 -0.394134
0.727161 -0.218855 -0.514502 -0.333880 0.541778 -0.614008 -0.733010 -0.261663
0.038069 -0.607305 -0.151503 -0.636747 0.880064 -0.312009 -0.868399 -0.213556
0.129019 -0.891680 -0.278975 -0.888867 0.634562 0.343651 0.059144 0.238930
-0.005938 -1.312985 0.638303 -0.157665 0.143122 0.078971 -0.040746 -0.141936
0.248333 -0.539301 0.188856 -0.689428 1.212727 0.207026 -0.499263 0.917469
-0.060974 -1.002409 0.225874 -1.189616 0.876381 0.457999 -0.393276 -0.670520
0.277491 -0.776154 1.017941 -0.412685 -0.566946 0.655110 -0.090407 0.233508
-0.400587 -0.294183 0.560358 0.627708 0.086230 0.203091 0.416391 0.143148
-1.018655 0.114338 -0.525084 -0.500170 0.295421 -0.426118 0.332238 0.255521
0.528025 0.309395 0.205395 0.469531 0.241618 -0.879402 -0.161661 -0.778146
0.403407 -0.614057 0.091640 -0.314546 0.543093 0.299412 -0.388759 0.077748
0.129145 -1.180906 -0.145892 -0.267703 0.566981 -0.054085 0.020039 1.038497
0.306327 -1.199436 -0.036656 -0.382122 0.884997 -0.030827 -0.054499 0.570300
0.370963 -1.016443 -0.159707 -0.299945 1.227786 0.079106 -0.305318 0.022969
0.421176 -0.822816 -0.031923 -0.219116 1.445634 -0.080946 -0.733473 -0.097175
0.491909 -0.973572 -0.395138 -0.153067 1.282235 -0.150756 -0.099717 -0.056933
0.079368 -0.901844 0.050977 -0.692426 1.035563 -0.466976 -0.042768 0.032726
0.293579 -0.805385 -0.152863 -0.475137 1.180244 -0.185447 -0.062753 -0.079608
0.293594 -0.869959 -0.195291 -1.090752 1.119086 -0.904941 -0.292721 0.270841
0.188033 -1.089404 0.236600 -0.555423 1.158749 -0.696329 0.014046 0.222637
0.347516 -0.759932 -0.080172 -0.215825 1.527572 -0.116698 -0.527100 0.191145
0.357076 -1.038314 -0.382102 -0.467040 0.818129 0.341500 -0.529776 -0.400133
0.243625 -1.000578 0.162816 -0.564755 0.780199 0.052919 0.146465 0.435370
0.336172 -0.989753 0.202349 -1.380459 1.011295 0.329233 -0.821099 0.222035
0.152329 -1.191107 -0.313863 -0.920866 1.380664 -0.252401 -0.337616 -0.041805
0.710085 -0.695627 0.735961 -0.938770 0.720824 0.309146 -0.930871 -0.646508
-0.156958 -0.323550 0.007164 -0.109225 1.453813 -0.175588 -0.244147 -0.052519
0.679229 -1.439197 0.131570 -0.888920 1.716490 -0.022196 -0.867908 -0.328098
0.132374 -0.635482 0.120371 -0.856555 0.219774 0.058545 0.305803 0.061345
0.184203 0.240142 -0.052891 -0.495892 -0.176053 -0.842863 -0.447455 -0.448633
0.796260 -1.812194 0.183786 -1.030187 -0.079535 0.463810 0.391326 0.779772
-0.040017 -1.059706 0.340910 -0.959529 1.207499 -0.354054 -0.452099 0.001620
0.008722 -0.561767 -0.311632 -0.418909 -0.101448 0.119689 0.240763 0.322752
0.927475 -0.977181 0.207381 -0.368599 0.151121 0.000204 -0.087038 -0.107813
0.395635 -0.070959 -0.373633 0.470262 0.254040 -0.490274 0.269130 0.569218
0.049636 -1.038628 0.162972 -0.669804 1.226687 -0.568577 -0.069189 -0.028586
-0.460583 -0.572132 -0.227953 -0.621264 0.937818 0.275285 0.224339 0.873750
-0.471454 0.392332 -0.262320 -0.219678 0.210084 0.335427 0.926140 1.068149
-0.474959 0.671821 -0.344923 -0.235517 -0.257235 0.124985 0.862671 0.566210
0.251142 0.446489 0.213367 -0.260619 0.381042 0.083417 -0.131631 0.137112
0.474719 -1.176180 0.098430 -0.455283 1.364813 -0.099004 -0.450655 -0.105654
-1.157613 0.302002 -0.490193 0.602075 0.323838 -0.923754 0.298195 -0.205610
0.330030 -1.266117 0.034273 -0.386667 1.509220 -0.348306 -0.832647 0.153999
-0.229965 -0.809230 -0.368679 -0.953486 0.447134 0.614740 0.823198 0.577734
-0.153452 -0.773988 -0.280317 -1.351631 1.193542 -0.296352 -0.142489 0.127528
0.005397 -0.284194 -0.433599 -0.591920 1.266098 -0.052148 0.652929 0.080654
-0.062517 -0.104970 -0.374469 -0.386771 1.256456 -0.006975 0.495005 0.222484
0.148330 -0.822420 -0.433865 -0.831681 0.724301 -0.132547 0.027130 -0.578010
-0.120729 0.067386 -0.250503 -0.149952 -0.116438 0.120754 0.170744 0.410555
0.669371 -0.290860 0.201137 0.059139 -0.025799 0.149056 -0.098204 0.142255
0.355393 -1.139812 -0.001332 -0.407294 1.536933 -0.006358 -0.590135 0.267472
-0.062660 -0.952676 0.140331 -0.837319 0.509815 -0.231661 -0.386101 0.284669
0.530860 -1.160792 0.094416 -0.099678 -0.478838 -0.426794 0.840852 0.721283
-0.175379 -0.364151 -0.266796 -0.526390 0.633205 -0.486904 0.209415 -0.123140
0.376511 -1.268785 -0.601738 -0.129199 0.656959 -0.827049 0.087004 0.057805
0.496797 -0.289022 -0.832807 -0.653451 -0.016862 -0.598688 0.259731 0.325692
0.304822 -1.090389 -0.533585 -0.447241 0.919033 -0.466978 0.591526 0.107237
0.167606 -0.888343 0.344582 0.104972 0.171958 -0.283695 -0.373454 -0.676548
0.310118 -0.079736 0.314392 -0.608633 -0.307243 0.911068 -0.014837 0.339955
-0.601343 -0.434749 -0.154636 0.001072 0.282070 -0.776701 0.423311 -0.066263
0.193489 -0.157543 -0.224213 0.208388 0.626260 -0.854383 -0.038778 0.094057
0.128046 -0.496281 -0.004353 -0.147857 0.640004 0.109957 0.229271 -0.207314
0.084619 0.067630 0.011387 0.167965 -0.398458 -1.040785 0.243215 -0.019348
-0.038907 -0.389642 -0.040056 -0.187462 0.080000 -0.521073 0.674958 0.375930
0.294074 -0.204708 -0.180130 0.124226 1.128052 -0.644827 -0.214928 0.366938
0.689842 -0.131478 0.341740 -0.173946 0.413062 -0.071079 -0.281976 -0.446063
-0.105943 -1.429868 -0.094604 -0.621572 0.703072 -0.446564 -0.225145 -0.300556
-0.146463 -0.709539 0.038721 -0.117281 0.765940 -0.206800 0.665974 0.465834
1.032614 -0.967180 0.422689 -0.769156 -0.511341 -0.336239 -0.415792 -0.988965
0.355805 -0.528236 0.070310 -0.785029 0.912243 -0.421125 -0.677726 0.093086
0.180140 -0.317515 -0.432782 0.011919 0.025860 -0.600183 0.308240 0.422426
0.607450 -1.134825 -0.473914 -0.295006 1.347049 -0.061472 -0.257268 -0.156273
0.000910 -0.141977 -0.308208 0.783677 -0.443142 -0.638802 0.480105 0.447281
0.100402 -0.469613 0.084856 0.124902 0.658842 -0.251971 0.571158 -0.019503
0.101991 -0.458420 0.948687 0.778356 0.169273 -0.314962 -0.131952 0.414787
0.359061 -1.111467 -0.208641 -0.155228 1.560765 -0.105146 -0.408549 0.002528
0.468573 -0.945710 -0.106012 -0.156781 1.446875 -0.085989 -0.360903 0.046873
0.413600 -0.839713 0.426046 0.040904 -0.517130 -0.112529 0.379765 0.507600
0.269565 0.100707 -0.289104 0.433331 -0.154432 0.114636 0.556697 0.390971
0.024512 -0.233687 -0.224455 0.217500 0.142462 -0.623763 -0.274990 -0.325597
0.094852 -0.362587 -0.179535 0.488136 -0.282206 -1.123906 0.132805 -0.505834
0.458909 -1.281390 -0.219708 -0.503524 1.555906 -0.015458 -0.703162 0.031226
0.029898 -0.386167 0.133033 0.145227 -0.350717 0.014365 -0.209744 0.696846
0.180880 -0.724901 -0.234530 -0.444409 1.404438 -0.334055 -0.006421 0.003945
-0.031638 -0.581325 -0.124258 -0.258812 0.746062 0.176265 -0.191102 -0.425755
-0.149475 -0.522039 0.011642 -0.229077 -0.224467 -0.521517 0.806688 0.356503
0.184986 -0.272021 0.325415 -0.704081 0.685004 -0.371859 0.201064 0.114275
0.176293 -0.359666 -0.375514 -0.000879 1.316058 -0.354881 -0.123895 -0.090722
1.032724 -0.360664 0.255623 -0.096911 -0.626083 -0.594437 0.199545 0.196622
0.105288 -0.698754 -0.177923 -0.124475 -0.073606 -0.598884 -0.376381 0.737236
0.697969 -0.941094 0.164991 -0.273177 -0.050539 0.221983 -0.378518 -0.208730
0.249053 -1.027962 0.043174 -1.184382 1.086336 -0.230719 -0.742193 -0.424954
-0.076949 -0.765797 -0.696166 -0.821196 0.931799 0.064528 -0.186072 0.336097
-0.425617 0.046261 -0.029248 -0.548768 0.607702 -0.202661 0.395336 -0.070941
0.400136 0.643603 -0.149078 0.083007 -0.844025 -0.754782 -0.712018 -1.049812
0.423891 -0.553108 0.467185 0.408087 -0.616999 -0.414911 -0.413838 -0.234301
-0.185845 -0.247325 -0.226050 -0.206856 0.263146 -0.774114 0.204580 0.048849
-0.239719 0.058787 -0.169159 -0.141165 -1.106798 -0.079970 0.712599 0.604462
0.001220 0.096820 0.047429 -0.246885 -0.309409 -0.676809 -0.712003 -0.952689
0.077938 -0.056348 -0.535651 0.282073 -0.606104 -0.929111 0.457942 -0.539932
-0.188446 -0.799913 1.051305 -0.857793 0.245903 -0.169687 -0.309467 0.073819
0.153624 -0.471603 0.985645 -0.365293 0.234461 -0.935834 -0.465195 -0.057938
-0.389490 -0.400141 0.384099 -1.018192 -0.399016 -0.734221 -0.396381 -0.752103
0.172482 -1.193020 -0.163601 -0.912191 1.336844 -0.767120 0.099381 -0.287395
0.308932 -0.541221 0.336810 -1.229695 0.170301 -0.420431 -0.395531 -0.565390
-0.224778 -0.346115 0.427950 -0.928322 0.575388 -0.139555 -0.215908 -0.646153
0.388514 -0.695843 -0.005397 -0.660233 0.685685 -1.083778 -0.502846 -0.319551
0.229636 0.039298 -0.327612 -0.507259 -0.498520 -0.728243 -0.794646 0.297850
-0.361660 -0.394993 -0.307794 -0.567722 0.143299 -0.648591 -0.625791 0.019258
-0.140454 -0.790901 0.034349 -0.161132 0.582389 -1.099301 -0.506555 -0.800358
0.450637 0.022181 0.475133 -0.565721 0.375839 -0.653989 -0.554628 -0.429339
-0.038809 0.369640 -0.108863 -0.104641 -0.773511 -0.410769 -0.344514 -0.554357
-0.357575 -0.347191 0.567702 -0.668875 -0.349930 -0.445694 -0.173259 -0.374633
-0.264571 -0.484453 0.377147 -0.303875 -0.408215 -0.770952 -0.174487 0.028392
-0.404317 -0.501588 0.450161 -0.888683 -0.165888 -0.779119 -0.439429 -0.364875
0.408658 0.169291 -0.011628 0.216682 -0.733254 -0.607971 -0.487613 -0.825683
0.121256 -0.251269 0.293149 -1.045823 -0.300095 -0.085809 -0.227340 -0.959797
-0.268933 0.294239 0.614248 -0.138413 0.221100 -0.159168 -0.688967 0.098842
-0.477841 -0.190185 0.128195 -0.112614 -0.031758 -0.685691 0.002723 -0.575193
0.059931 -0.829245 0.708672 -0.555837 -0.056058 0.494801 -0.671980 -0.491306
0.080986 -0.785321 0.071640 -0.468301 0.864948 -0.443262 -0.378742 -1.001978
-0.670215 -0.407965 -0.064377 0.077211 0.471691 0.133420 -0.124483 0.128610
0.505367 -0.188443 0.871679 -0.726245 -0.151292 -0.004342 -0.745383 -0.429423
-0.304999 -1.037135 0.104759 -0.550765 0.651516 -0.137053 -0.023461 0.420732
0.341213 -0.089040 0.218716 -0.075145 -0.207612 -0.492617 -0.248383 -1.108959
0.751910 -1.296406 0.533227 -1.204877 -0.265482 0.182914 0.195670 0.196901
0.362092 -0.538790 -0.148291 -0.046546 -0.244588 -1.231847 -0.594992 -0.799391
0.049035 0.669399 0.057229 -0.044082 -0.022212 -0.740247 -0.310107 -0.111745
-0.063370 -0.900452 0.126176 -0.130419 0.027208 -0.499675 0.480673 -0.498622
0.869626 -1.372236 0.275036 -0.184192 -0.361980 0.104746 -0.095589 0.442776
0.433944 -0.786546 0.805803 -0.727477 0.486602 -0.072654 0.436366 0.167379
0.226285 -0.915881 -0.372529 -0.332022 -0.716659 -0.072503 0.247295 -0.794112
-0.236348 -0.526782 -0.092874 -0.246026 0.125310 -0.908251 -0.095945 -0.358901
0.728290 -0.395827 -0.138623 -0.461185 -0.756747 -0.899036 0.299027 -0.583669
0.355448 -1.271677 0.400746 -0.187908 0.362693 -0.120659 -0.530814 -0.870687
0.327706 -0.585526 0.243699 -1.331333 0.237555 -0.920613 -0.673320 -0.238367
0.750767 0.377243 -0.425557 -0.165412 -0.332413 -0.806988 -0.222161 0.378770
0.230925 0.213374 -0.095993 -0.290819 -0.438069 -0.448170 -0.027043 -0.049658
0.000910 -0.141977 -0.308208 0.783677 -0.443142 -0.638802 0.480105 0.447281
0.375736 -0.232824 -0.593544 -1.141222 0.095598 -0.416071 0.133159 -1.395107
-0.359507 -0.003843 -0.115235 0.385249 -0.617281 -0.563333 -0.483641 -0.231424
0.090915 0.119246 0.242711 0.310243 -0.183981 -0.677155 -0.339796 -0.447230
0.436056 0.160645 -0.121885 0.196732 -0.142678 -0.484109 -0.502102 -0.610259
0.022453 -0.229974 0.247231 0.119392 -0.417556 -0.439181 0.344737 0.362987
0.219040 -0.711696 -0.151914 -0.148328 -0.199994 -1.185758 0.284989 -0.127341
-0.144294 -0.364205 0.240532 -0.144826 0.548211 -0.788150 0.096874 0.169151
0.248764 -0.186838 -0.409776 -0.163981 0.221281 -0.828636 0.104834 -0.308664
0.272705 0.085271 -0.655104 -0.523417 -0.462726 -0.613906 -0.219910 -0.114121
0.213335 -0.921917 0.355335 0.010618 0.121025 -0.800965 -0.207835 -0.058149
-0.991754 -0.248009 0.044367 -0.087297 1.053100 -0.251162 -0.145224 -0.592086
-0.692879 -0.573450 0.032688 -0.437560 1.037622 -0.100385 -0.128979 -0.476225
-0.675377 -0.162953 0.253503 0.023141 0.910887 -0.393691 -0.250015 -0.467837
-0.848883 0.049484 -0.162909 0.500720 0.938994 -0.411147 0.186627 -0.490474
-0.945747 -0.122265 -0.338394 -0.069535 0.855386 -0.325092 -0.323857 -0.648221
-1.189565 -0.181132 -0.342462 -0.243780 0.813771 -0.286571 -0.227171 -0.465369
-0.890324 -0.138705 -0.005993 -0.347746 0.571002 0.214686 -0.268031 -0.616387
-0.870921 -0.312241 0.095877 -0.230735 0.583707 -0.057587 -0.242843 -0.427767
-0.887979 0.199157 -0.210579 0.085773 0.614391 -0.306974 -0.187247 -0.980128
-0.794772 -0.127309 0.113137 -0.033153 0.839078 -0.344968 -0.360926 -0.576783
-1.014214 -0.346127 0.184001 -0.220979 0.797668 -0.189476 -0.449357 -0.617487
-0.654013 -0.469660 0.002407 -0.184490 0.560476 0.068027 -0.156376 -0.679471
-0.892569 -0.219326 -0.225291 -0.152112 0.909031 -0.446155 -0.102224 -0.687142
-1.092065 -0.215154 -0.075140 -0.043830 0.966811 -0.433548 -0.376814 -0.483163
-1.096886 -0.048875 -0.205604 0.036950 0.846582 -0.412296 -0.235513 -0.646561
-0.835860 -0.115015 0.001950 0.184043 0.522500 -0.384664 -0.339505 -0.842424
-0.927713 -0.202736 -0.055665 -0.164581 0.894569 -0.102650 -0.057355 -0.682387
-1.088007 -0.032702 -0.080178 -0.070628 0.835797 -0.339263 -0.185167 -0.720709
-0.824998 0.080328 -0.070016 0.170804 0.638307 -0.270061 -0.338572 -0.750252
-0.897256 -0.215525 -0.111651 -0.398018 0.680516 -0.113185 -0.321532 -0.603314
-1.019539 -0.090461 -0.179609 -0.121759 0.771476 -0.305548 -0.365164 -0.588635
-1.019580 -0.126889 -0.322230 0.044421 0.720337 -0.308421 -0.173189 -0.720812
-0.958077 0.098240 -0.117557 -0.046006 0.923416 -0.374195 -0.048463 -0.795599
-0.713396 -0.593807 -0.082745 -0.094550 0.676533 -0.132484 -0.394160 -0.475660
-0.988010 -0.091751 -0.231389 0.107905 0.778198 -0.155486 -0.221487 -0.746172
-0.728414 -0.323630 -0.388778 -0.422634 0.865301 -0.046814 -0.215890 -0.371093
0.540293 -0.202260 -0.201510 0.085349 0.362193 -0.063594 -0.402631 -0.791014
-0.780020 -0.040937 -0.400645 -0.094700 0.563198 -0.334468 -0.515517 -0.563528
-0.932308 0.114609 -0.178053 -0.002660 0.687319 -0.117829 -0.282606 -0.851971
-0.932239 -0.136801 -0.058536 -0.095988 0.370235 0.639502 -0.265157 -0.758717
-0.853462 -0.174363 -0.246093 0.016272 0.660496 -0.388919 -0.241053 -0.657802
-0.959518 -0.172009 -0.108144 0.177930 0.601488 -0.226335 -0.221281 -0.206689
-0.739728 -0.678183 -0.508481 0.305195 0.018222 -0.492083 -0.203762 -0.463696
-0.958512 -0.100310 -0.407490 0.015661 0.157467 -0.601417 0.064540 -0.891339
-0.730235 -0.087018 0.139580 0.210007 0.698775 0.123012 -0.075879 -0.683302
-0.775926 -0.048578 -0.208206 -0.214920 0.728894 -0.013624 -0.286309 -0.894568
-0.895252 -0.213515 -0.278032 -0.274183 0.358228 0.139043 0.455555 -0.251154
-1.067797 -0.215171 -0.061267 -0.242149 0.947999 -0.325838 -0.234359 -0.503099
-1.056845 -0.017584 -0.372373 -0.374632 0.535004 -0.119681 -0.028379 -0.570060
-0.801532 -0.036717 -0.099716 -0.007218 0.616086 0.256841 -0.153228 -0.924662
-0.548819 -0.339658 0.275408 0.002133 0.933453 -0.175430 -0.374379 -0.957657
-0.443985 -0.118304 0.145960 0.080000 0.894148 -0.356675 -0.075419 -0.682697
-1.059279 -0.187130 -0.209107 -0.238154 0.659577 -0.124496 -0.323137 -0.584691
-0.997284 -0.084001 -0.033500 -0.243763 0.635409 -0.011341 -0.452859 -0.538600
-0.741891 -0.138090 -0.101980 -0.177032 0.613495 -0.335395 -0.036208 -0.443720
-1.027074 -0.030225 -0.193442 -0.239571 0.491778 0.038237 -0.414712 -0.666576
-0.998554 -0.177351 -0.149736 -0.231661 0.980590 -0.258395 -0.105847 -0.646682
-0.866131 -0.113508 -0.163852 -0.182701 0.761104 -0.250325 -0.333870 -0.688968
-0.937444 0.050884 -0.116613 -0.007371 0.877289 -0.269206 -0.187515 -0.798952
-0.777375 -0.143201 0.046542 -0.064342 0.915730 -0.340045 -0.291503 -0.677008
-0.914538 -0.102015 -0.019659 -0.008443 0.897884 -0.347564 -0.272995 -0.696604
