0.362384 -1.076339 -0.209911 -0.639594 0.862267 0.149402 0.407748 0.295874
0.490989 -0.554830 0.065777 -0.189390 1.222779 0.028456 -0.244883 0.385002
0.515699 -0.795915 0.166931 -0.400724 0.020664 -0.314849 0.838731 -0.195684
-0.024087 -0.042180 -0.249896 0.253913 -0.101501 -0.152537 0.498410 0.362681
0.750280 0.728481 0.281172 0.140083 -0.010080 -0.498880 -0.408452 -0.333820
0.896569 -0.476195 -0.751781 -0.167867 0.929928 -0.027483 -0.576400 0.295131
-0.147245 -0.306619 0.400695 -0.418572 0.120001 -0.064308 0.339141 0.239186
0.482296 -0.882675 0.634754 -0.298619 -0.491478 0.215842 0.149520 -0.301226
0.493495 -0.429806 -0.135032 -1.030323 0.137623 0.595851 0.693640 0.703924
0.210661 -0.818081 0.177134 -0.722656 -0.015428 -0.583453 0.205601 0.143196
-0.326454 -0.552989 -0.006017 -0.852376 0.145140 -0.698586 0.180392 -0.818498
-0.109390 -0.804745 0.632046 -0.641688 -0.460894 -0.744093 -0.636396 -1.014993
0.362852 -0.371548 -0.013913 -1.175074 0.519969 -0.543515 -0.039644 0.462188
-0.350523 -0.826570 0.890821 -0.141748 -0.518036 -0.186827 -0.172214 -0.614523
-0.602335 -0.423214 -0.266046 -0.350670 -0.257375 -0.389459 0.474558 -0.236336
-0.142771 -0.064985 0.023738 -0.227027 0.187963 -0.825208 0.178224 -0.524658
0.171586 0.010819 0.119065 -0.104800 0.327623 0.158944 0.278877 0.620825
-0.430574 -0.219743 -0.058487 -0.034396 0.129226 -1.196891 -0.151979 -0.530730
-0.117331 -0.853604 -0.407913 -0.442250 0.327173 -0.451818 0.886964 0.601272
-0.702251 -0.318580 -0.809476 -0.264935 1.009109 -0.624149 0.529977 -0.114047
0.311294 -0.483965 -0.110185 -0.713292 -0.057569 -0.146195 -0.383461 -1.259572
0.341636 -1.464407 -0.096576 -1.145867 0.274846 0.745399 -0.058979 0.040010
0.305792 -0.312845 -0.142809 -0.906563 -0.090434 -0.499223 -0.826200 -1.160230
0.105114 0.040904 -0.210904 0.414289 0.697840 -0.536226 0.192682 -0.564099
0.309416 -1.230505 0.294373 -0.474185 0.253365 0.007891 0.210598 0.130984
0.595703 -0.178880 0.245347 -0.393622 0.484244 -0.411432 -0.553370 -0.101979
-0.134146 -0.900279 -0.299160 -0.783787 0.390998 0.086108 0.314405 -0.649672
-0.020535 -0.721889 -0.637502 -0.541695 0.661254 -0.098530 -0.013525 -0.227221
-0.500881 -0.181002 0.319010 -0.815320 0.388376 -0.869373 -0.276992 -0.615052
0.379084 -0.590114 0.471515 -0.522797 1.038704 -0.420178 -0.724583 -0.169163
0.896161 -1.521247 0.068896 -0.694945 0.789773 0.359100 0.276296 0.017849
0.179212 -0.098354 0.456685 -0.060901 0.356353 -0.536053 -0.579714 -0.102032
0.313631 -0.969484 -0.685364 -0.762787 0.442139 -0.085749 -0.046174 0.102598
0.269893 -0.712623 -0.237503 -0.527321 0.631523 0.406895 -0.371877 0.352988
0.089792 -0.832759 0.045621 -0.783791 0.632544 0.087135 -0.225065 0.076134
0.158177 -0.870476 -0.061462 -0.768019 0.661899 -0.378086 -0.074124 0.440100
0.124821 -1.314471 -0.432864 -0.121076 0.451538 -0.687022 0.095352 0.584986
0.066630 0.199994 -0.102986 0.194158 -0.155979 -0.097838 -0.319404 -1.043240
0.757340 -1.218413 0.854020 -1.112250 -0.345892 -0.297629 -0.025177 0.359320
-0.032713 0.146211 -0.609277 0.122029 0.585046 -0.912509 0.691339 0.586699
0.227108 -0.527013 0.242259 -1.287291 0.979092 -0.433087 -0.064440 -0.356032
-0.194291 0.055224 -0.801420 -0.607889 0.214877 -0.531337 0.624241 0.187325
0.164218 -0.566989 0.167041 -0.469488 0.729617 -0.277953 -0.426242 -0.074001
0.446841 -1.529284 0.167828 -1.381166 0.485890 0.204658 -0.113379 -0.433419
0.094777 -0.140567 0.320251 -0.054082 0.532776 -0.437283 -0.223232 0.832621
0.694881 -0.214294 -0.256998 0.008168 0.047808 -0.951340 -0.563040 -0.268133
0.178635 -0.780610 -0.299431 -1.070736 0.736885 0.600894 -0.083490 0.322101
-0.476959 0.096303 0.222860 -0.718739 -0.845905 -0.530238 -0.672097 -0.613056
0.021849 -0.704288 -0.753215 -0.216951 0.829144 -0.551403 0.133068 0.632320
-0.355091 -0.389372 -0.676980 -0.074404 0.466057 -0.743815 0.145664 0.150439
0.178634 -0.278773 0.182329 0.516625 0.619038 -0.115973 -0.397915 -0.359515
-0.411497 -0.269977 0.269022 -0.659452 -0.257052 -0.176263 -0.213283 0.231234
0.018440 -1.030759 -0.323422 -0.993646 1.145028 -0.501722 -0.170831 -0.815603
0.255246 -0.586466 -0.330595 -0.419135 1.265992 -0.866047 0.105339 -0.319289
-0.572803 -1.192811 0.220751 -0.407080 -0.302441 -0.349462 0.417556 -0.657339
0.006236 -1.345738 -0.047810 -0.432400 -0.304518 -0.589908 0.455874 0.026285
0.334302 -1.470645 -0.259637 -0.447683 0.440460 -0.787108 -0.221401 0.151828
0.828586 -1.173106 0.105490 -0.207780 -0.767590 0.374228 0.271564 0.294820
-0.092429 -0.849065 0.663953 -0.517866 0.882843 -0.601692 -0.133280 -0.527339
0.734553 0.014618 -0.416690 -0.111218 0.960739 -0.724872 -0.118956 0.515734
-0.690701 -0.255698 -0.030653 0.145189 -0.582165 -0.294037 0.083332 0.717612
0.318935 0.150489 -0.184355 -0.088346 -0.303796 0.162134 -0.206194 -0.435484
-0.171685 -0.793833 -0.362754 -0.062535 -0.125413 -0.627245 0.394018 -0.528979
-0.161522 0.491531 0.189259 -0.110837 -0.059286 0.341672 0.059943 0.281590
0.226628 -1.349320 -0.010683 -0.380041 -0.240967 -0.379713 0.115100 -0.216964
-0.157129 -0.234320 -0.300138 0.892026 0.185372 -0.962968 -0.090644 -0.570489
-0.459594 -0.227133 0.170564 -0.385050 0.411101 -0.497551 -0.430983 -0.565316
-0.539728 -0.515372 0.569003 -0.033565 -0.317791 -0.271300 -0.144172 -0.755740
-0.141602 -0.586655 -0.291277 0.450714 0.974830 -0.786457 0.077274 0.016001
-0.016882 -0.833730 -0.467816 -0.554821 0.384414 -0.721079 0.092247 0.372285
0.217266 -0.966352 -0.217433 -0.562376 1.315215 0.097683 0.036010 -0.224695
0.247192 1.140001 -0.761149 -0.361778 0.007054 -0.197163 -0.276796 -0.280608
0.349643 0.391393 -0.393959 0.051147 0.724658 -0.564418 -0.477342 -0.036396
-1.135960 -0.189784 -0.272117 -0.317002 0.501816 0.019836 -0.448889 -0.498630
-0.799832 -0.244666 0.204091 -0.248613 0.990133 -0.360576 -0.392556 -0.723166
-0.116987 0.046088 -0.480465 -0.391604 0.326817 -0.405698 -0.286617 -0.938110
-1.046558 -0.157845 -0.102555 -0.119426 0.875826 -0.243258 -0.283250 -0.560390
-0.965911 -0.282784 0.024190 -0.221149 0.880416 -0.164048 -0.329228 -0.589819
-0.145857 -0.670550 0.489791 0.098851 0.845631 0.018992 0.101287 -0.112177
-0.824923 -0.319760 -0.133648 -0.133521 0.392595 0.264266 -0.004689 -0.600574
-0.225772 -0.405622 -0.207155 -0.135447 0.402661 -1.132073 0.016542 -0.339029
-1.195141 -0.292197 -0.246227 0.087431 0.689852 0.068892 -0.180914 -0.209004
-0.912659 -0.045596 -0.143948 0.063958 0.654914 0.166544 -0.094967 -0.837101
-1.088572 -0.172463 -0.216201 -0.190395 0.795504 -0.258033 -0.219803 -0.564311
-0.981607 0.062662 -0.160771 0.016694 0.810859 -0.397134 -0.341433 -0.700625
-1.075923 -0.121740 -0.185224 -0.170081 0.948611 -0.128343 -0.114683 -0.613047
-0.973775 -0.151862 -0.102325 -0.016548 0.886740 -0.086176 -0.107858 -0.743883
-0.947118 0.060463 -0.193527 -0.017021 0.667438 0.006625 -0.180543 -0.808667
-0.912067 -0.219280 -0.051348 -0.081733 0.771900 -0.165640 -0.384913 -0.653337
-0.898742 0.207649 -0.036882 0.246138 0.742545 -0.072224 0.064971 -0.956428
-0.831357 -0.016269 -0.102399 -0.105439 0.762600 -0.082834 -0.108143 -0.796380
-0.976901 -0.011919 -0.252432 0.029852 0.814536 -0.337435 -0.232191 -0.760995
-0.898648 -0.368326 0.211013 0.443254 0.499211 -0.516070 -0.405446 -0.350353
-0.864941 0.072915 -0.083244 0.085585 0.780226 -0.161734 -0.268784 -0.890885
-0.918963 0.050212 -0.227445 -0.011013 0.701224 -0.156249 -0.275136 -0.857637
-0.731894 0.119369 -0.009537 0.232227 0.738109 -0.292247 -0.399829 -1.020289
-1.105641 0.082185 -0.331181 -0.066729 0.527085 0.083888 -0.275890 -0.761470
-1.025489 -0.266619 -0.116081 -0.121592 0.848699 -0.314090 -0.352249 -0.514472
-0.468518 -0.048590 0.238511 -0.302713 -0.194381 0.213594 -0.421389 -0.522059
-1.009612 0.058671 -0.333468 -0.112469 0.378813 -0.014186 -0.523585 -0.572686
-0.865812 0.078990 -0.232773 0.318995 0.400510 -0.087833 -0.134377 -0.495415
-0.898076 0.104761 -0.366052 -0.178784 0.518028 -0.051581 -0.349811 -0.774207
