0.235385 -0.386896 0.616864 0.077158 1.119654 -0.133590 -0.006280 -0.127065
-0.226650 0.048906 -0.130041 -0.826962 -0.345921 -0.322036 0.240343 -0.050173
-0.644600 -0.239208 0.130794 -0.736678 -0.630598 -0.762966 -0.301412 -0.692678
-1.139042 -0.169979 -0.426368 -0.684940 1.082496 0.294405 -0.074799 0.352848
-0.001595 0.090852 0.011819 -0.200848 0.833994 -0.384106 0.262737 -0.157130
0.076619 0.183969 0.494345 0.411565 0.433723 -0.200683 -0.590259 0.108114
0.304656 -0.277526 0.633368 0.283622 0.863805 0.020981 -0.017783 -0.251739
-0.102940 -0.219186 0.046052 -0.645522 0.441865 0.268408 -0.710111 0.371414
0.131803 -0.390081 0.114998 -0.429825 1.233652 -0.104105 -0.761384 0.298569
-0.114328 -0.538173 0.354146 -0.503289 0.963991 -0.090203 -0.303933 0.081208
0.292544 -0.527772 -0.337332 -0.431423 1.450298 -0.354955 -0.333412 0.098682
0.121501 -0.411552 0.298808 -0.280559 1.014739 0.170257 -0.244518 0.240873
0.359919 0.101864 -0.570538 -0.059403 -0.831108 -0.142485 0.533819 0.021663
nan nan nan nan nan nan nan nan
-0.687628 -0.139669 0.015527 -0.159562 0.763922 0.105134 -0.136479 -0.751820
-0.862150 -0.192060 -0.038220 0.047608 0.809974 -0.440630 -0.176214 -0.626805
-1.138547 0.213466 0.079228 0.043239 0.085260 -0.232724 -0.632295 -0.559496
-0.447888 -0.413493 0.302973 -0.219960 0.898948 -0.014906 0.059290 -0.546643
-0.762296 -0.222696 0.282898 -0.129699 0.941964 -0.472504 -0.189996 -0.268803
-0.765401 -0.235770 0.238381 -0.159038 0.987125 -0.476455 -0.061677 -0.350628
-0.921637 0.221371 -0.275635 -0.091309 0.470439 0.018512 -0.482130 -0.668342
-0.687628 -0.139669 0.015527 -0.159562 0.763922 0.105134 -0.136479 -0.751820
-0.942601 -0.194254 -0.151265 0.095983 0.768302 -0.318057 -0.025315 -0.313499
-0.862150 -0.192060 -0.038220 0.047608 0.809974 -0.440630 -0.176214 -0.626805
-0.688014 -0.482449 -0.057522 -0.147356 0.719122 -0.646072 0.124519 -0.344766
-0.373154 -0.424169 0.359565 -0.212867 1.024488 -0.363317 -0.160919 -0.379447
-0.715077 0.146934 -0.521710 -0.163943 -0.008644 0.259665 -0.512749 -0.658235
-0.608066 0.526885 -0.317563 -0.412878 0.579177 -0.088176 -0.637643 -0.378381
