0.621512 -0.614814 -0.912309 0.775423 -0.432438 -0.545352 0.291806 0.491472
-0.135490 -0.940126 -0.000568 -0.307815 0.104525 -0.550399 -0.150569 -0.867673
-0.142386 -0.376488 0.349875 0.091303 -0.354586 0.080215 0.179486 0.679976
0.053614 -0.736125 -0.052149 -0.665679 1.425824 -0.091354 -0.543037 -0.345593
0.408916 -0.973068 0.332185 -0.215514 1.046045 -0.133105 -0.465749 0.309134
0.395018 -0.828634 0.107573 0.009378 0.186141 -0.408546 -0.181573 0.209620
0.239904 -0.863875 -0.029708 -0.909451 1.397403 -0.744196 -0.272488 0.278345
0.294395 -0.258545 0.236354 -0.839952 0.841813 0.345803 -0.738058 -0.033824
0.018348 -0.618895 -0.231921 -0.609517 0.830258 -0.446514 -0.003470 -0.847399
0.332716 0.010413 0.029968 -0.458394 0.562068 -0.137386 -0.483010 -0.329849
-0.252203 -0.447515 0.954266 -0.740503 0.946736 0.384760 -0.636243 -0.419351
-0.435813 -0.244723 -0.265239 -0.052494 0.478337 -1.214230 0.090154 -0.066601
0.345918 -0.091209 -0.467232 -0.353281 0.598512 -0.466413 0.172652 -0.874011
-0.484350 -0.637940 0.478772 -0.360327 1.404647 -0.207780 -0.167232 0.103383
0.144007 -0.583737 0.719735 -0.603227 -0.692694 -0.364765 -0.176725 -0.146058
-0.721777 -0.723763 0.337070 -0.612372 0.081493 -0.888888 -0.350887 -0.801161
-0.198179 0.113332 -0.099897 0.476396 0.062812 -0.452548 0.405093 -0.562221
-0.060307 -0.565058 0.493564 -0.386265 1.269520 -0.395526 -0.560493 0.124472
-0.737153 -0.467516 0.110139 0.412694 -0.094332 -0.664047 -0.725173 -1.097257
0.100240 0.087870 -0.489048 0.159435 -0.125293 -0.815143 -0.057954 -0.749004
-0.256902 -0.651354 -0.532028 0.053065 0.158537 -0.780771 0.328055 -0.755803
0.242327 -1.433779 0.434103 -0.353000 0.317742 0.197506 0.295062 -0.748590
0.317417 -0.748313 -0.579868 -0.049342 0.523312 -0.617343 -0.247584 -0.079621
0.654939 -0.161193 -0.234606 -0.520463 0.904912 -0.812702 -0.525008 -0.089186
0.091381 -0.148404 -0.315984 -0.003973 -0.594538 -0.340647 0.181027 -0.945743
0.204436 -0.615386 0.014950 -0.559561 0.768907 -0.802526 -0.587948 -0.607780
0.099992 -0.351155 0.842450 -0.610744 0.766608 -0.103153 -0.459660 -0.198872
-0.503712 -0.201101 -0.603793 -0.830578 -0.093663 -0.103047 0.362223 0.455821
0.153894 -0.170865 0.487930 -0.593746 0.458806 -0.055913 -0.221249 0.442032
0.163936 -0.527400 0.691968 -1.010420 1.025577 -0.143566 -0.523500 -0.399079
0.236666 -0.636287 0.217120 -0.360732 0.585476 -0.228458 -0.178791 -0.182670
0.252563 0.089299 0.276877 -0.426195 0.533808 0.174410 -0.833409 -0.001273
0.567848 -0.284246 -0.712489 -0.432608 -0.125402 -0.075072 -0.345715 0.502376
-0.501916 -0.961397 0.583723 -0.109016 -0.425673 -0.249384 -0.222481 -0.874176
0.545481 -0.435768 0.486415 -0.499365 -0.634468 -0.324036 -0.107536 -0.304075
-0.794859 -0.223587 0.224298 0.459040 0.022942 -0.596537 -0.583314 -0.359065
0.058165 -0.089241 -0.345231 -0.479597 0.173033 -0.467395 -0.695255 -1.112747
0.895586 -1.164228 0.386758 -0.176898 0.435528 -0.025491 -0.304971 -0.880327
-0.413852 -0.765086 0.123829 0.242613 0.841324 -0.710507 -0.345313 -0.039150
0.448625 -0.401737 -0.064272 -0.483526 0.276237 -0.895041 -0.193266 -0.065043
0.336185 -0.143670 0.052669 -1.042571 -0.507434 -0.210659 -0.214057 -0.679413
-0.519840 -0.798607 -0.553395 0.974075 0.342882 -1.032487 -0.087538 0.028544
-0.680250 -0.290697 -0.281027 -0.752275 -0.189881 -0.948972 -0.324920 -0.725261
0.071825 0.154424 -0.524362 -0.103950 -0.020282 -0.908198 -0.310784 -0.535437
-0.742706 -0.387912 0.175563 -0.439535 -0.208802 -0.641447 0.119238 -0.366965
-0.012909 -0.445276 0.490791 -1.205524 0.813692 -0.731366 -0.170561 -0.851179
-0.339247 -0.773850 0.775151 -0.968424 0.338065 -0.424591 -0.713129 0.095905
0.684243 -0.509485 0.098834 -0.835488 -0.229527 -0.732794 -0.077243 0.295850
-0.482250 0.143803 0.256175 0.179543 -0.508498 -0.339705 -0.217064 -0.268679
0.012293 -0.504801 0.374232 -0.768176 0.385691 -0.562700 -0.423158 -0.324310
-0.377425 -0.416763 0.820686 -0.753443 0.898764 -0.370391 -0.211700 0.082368
-0.198019 -0.019746 0.846257 -0.425200 0.258786 -0.174600 -0.290192 -0.536707
0.186395 -0.501271 0.504026 -1.275675 0.066263 -0.505969 -0.653602 -0.461141
-0.372572 -0.856403 0.452438 -0.039698 -0.039935 -0.941890 -0.211261 -0.341256
-0.593824 -0.813091 1.028205 -0.054132 -0.053560 -0.368044 -0.484017 -0.182568
-0.682660 -0.606754 -0.094132 -0.806243 0.447603 -0.334072 0.555649 0.042593
-0.638376 -0.062642 0.255282 0.088274 0.293692 -0.332784 0.167406 -0.284132
-0.293579 -0.650484 0.332398 -1.271980 0.110371 -0.519312 -0.499801 -0.303215
0.049669 -0.497751 0.555937 -1.170666 0.236594 -0.377046 -0.414097 -0.344073
0.021885 -0.267112 -0.863424 -0.328632 1.027809 -0.924958 -0.118807 -0.197538
-0.232405 -0.561815 -0.549465 -0.379223 0.947128 -0.919447 0.034222 -0.581029
-0.531831 -0.172910 -0.245818 0.034077 0.334610 -0.977040 0.345598 0.064211
-0.641579 -0.633949 0.175760 -0.431897 0.486918 -0.725689 -0.514210 -0.521530
-0.675552 -0.758738 0.037772 -0.355232 0.232819 -0.940337 -0.444275 -0.443793
0.089347 -0.483472 -0.159256 0.249996 0.369845 -0.427771 -0.360344 0.430064
0.184746 -0.550090 0.712940 -0.553151 0.738526 -0.438723 -0.440378 -0.374077
-0.217903 -0.285275 1.041636 -0.484956 0.317139 0.005445 -0.437775 -0.945941
-0.361131 -0.917901 0.232017 -0.616630 0.964336 -0.461134 -0.276031 -0.367230
-0.020958 -0.874164 0.136125 -0.950654 1.260349 -0.431741 -0.721773 -0.371096
-0.551258 -0.718261 -0.242343 0.407527 0.005134 -0.677797 -0.203430 -0.440257
-0.131640 -0.576824 -0.409615 -0.877388 0.964818 -1.032989 -0.155077 -0.341811
0.482240 -1.339440 -0.194479 -0.416364 1.365758 -0.384585 -0.925275 0.024459
0.366357 -0.199253 -0.317845 -0.228914 1.020012 -0.238111 -0.068168 0.479021
-0.299493 -0.124181 -0.302566 0.192982 0.775026 -0.012998 0.341125 -0.223716
0.440466 -0.674804 0.085377 -0.294748 0.979764 0.312359 -0.174323 -0.205461
-0.118259 -0.453572 0.013139 -0.771693 0.486856 0.499604 0.057992 -0.063219
-0.172301 -0.928779 -0.004522 -0.813843 0.972153 0.365511 -0.416359 0.359059
0.584164 -0.881224 0.390422 0.154484 -0.863572 -0.185705 0.014464 0.744287
0.236306 -0.206127 0.471783 -0.256881 1.250636 0.117560 -1.006963 -0.644213
0.625926 -0.335626 0.338064 -1.022841 -0.073756 0.247700 0.366103 0.200090
0.740773 -1.023584 -0.326867 -0.273144 1.091190 -0.448270 -0.248283 -0.159815
-0.476426 -0.432068 -0.013501 0.399175 0.489057 0.199839 0.383236 0.188583
0.227349 -0.165223 0.268865 -0.073207 0.668740 0.212989 0.011697 0.012596
0.635082 -0.824868 -0.457684 -0.157064 1.081679 0.059128 0.065062 0.092493
0.171708 -0.523771 -0.132797 -0.771454 0.513802 -0.238951 0.540968 0.141783
0.103207 0.123026 -0.350853 -0.236883 0.166812 -0.102441 0.781980 0.784346
0.462076 0.206566 0.078923 -0.283438 -0.096672 -0.580893 -0.467404 -0.570321
-0.040238 -0.567831 -0.237136 -0.561838 -0.640337 -0.844081 0.158399 -0.272368
-0.112769 -0.714465 0.301471 0.397274 0.450667 -0.702043 0.429025 0.051530
-0.151275 -0.541089 -0.489262 -0.628322 1.203966 -0.538298 -0.148056 0.488421
0.429394 -0.642655 0.022461 0.162963 1.283546 -0.123176 -0.283316 0.085156
0.176026 -0.550088 -0.030362 -0.158622 1.418703 -0.159179 -0.214220 0.189217
0.488482 -0.789879 0.028668 -0.658804 1.519185 -0.542972 -0.679975 0.217288
-0.332630 -0.547669 0.906145 -1.081484 0.569938 0.001592 -0.272234 -0.134891
0.473546 -1.208537 -0.579512 -0.581946 0.619568 -0.136545 0.144030 -0.114446
0.865921 -0.367790 -0.035543 -0.411012 1.037894 0.165425 -0.452486 -0.097051
0.240972 -1.085767 0.210028 -0.369792 1.226828 -0.382802 -1.039083 -0.127634
0.164253 -0.645563 0.242817 -0.368939 -0.123722 0.036178 0.357377 -0.470244
0.241832 -1.036208 -0.063711 -0.908008 1.547209 -0.048565 -0.237432 -0.392844
0.289555 -1.100279 -0.037182 -0.569562 1.484983 -0.336613 -0.289627 -0.269133
-0.062316 -1.122497 0.274021 -1.340229 1.596188 -0.444557 -0.590808 -0.517095
0.550250 0.049682 0.491760 -0.782032 0.568742 -0.536193 -0.758212 0.236701
0.088124 -0.461271 -0.289237 -0.962608 0.567764 -0.214972 -0.250686 -0.701617
0.216700 0.187808 0.653150 -0.298623 1.081285 -0.293087 -0.597699 -0.590210
0.483649 -0.878085 0.364128 -0.562524 1.433765 -0.553638 -0.551720 -0.121757
0.214067 0.062361 -0.050917 -0.426345 -0.186708 -0.530985 0.217746 -0.116671
-0.452605 -1.053063 -0.016858 -0.582360 1.618606 -0.519455 -0.501232 -0.454419
-0.094036 -0.250464 0.369782 0.669630 -0.442840 -0.592054 -0.252490 -0.212801
-0.194255 -0.463933 0.439760 -0.862295 0.548675 0.063387 -0.277115 -0.113262
0.213803 -0.781100 -0.317612 -0.293481 0.721044 -0.236027 -0.009920 0.067050
-0.088002 -0.209866 0.247310 0.359611 0.881019 0.007697 -0.430290 -0.536234
0.189454 -0.460450 0.752157 -0.076066 0.342291 -0.228916 -0.748414 0.366108
-0.740577 0.109209 -0.386213 -0.529654 -0.877201 -1.108852 -0.158633 -0.196398
0.303222 -0.110619 -0.436160 -1.250950 -0.053805 -0.368781 -0.731367 0.055482
0.288188 -0.723166 -0.530942 -0.015055 0.057231 -0.583589 0.651622 0.342594
0.578398 -1.279462 0.033124 -0.389013 -0.285930 -0.158255 0.036890 -0.603828
-0.362119 -0.234039 -0.295431 -0.664226 0.457492 -0.706181 0.013385 0.288095
0.081374 -0.248969 0.023837 -0.782859 0.673722 -0.201622 -0.242247 -0.573527
-0.144093 -0.218597 -0.016483 0.034431 -0.103317 -0.801117 -0.658313 -0.361526
-0.880477 -0.528402 0.265696 -0.111803 -0.182333 0.300669 -0.186549 -0.251664
0.049972 0.153364 -0.639840 0.499666 -0.368434 -0.323496 0.837044 0.238863
-0.675853 -0.567339 0.324538 -0.410957 -0.396924 -0.305071 -0.103916 -0.795376
-0.291848 -0.155446 -0.347069 -0.043814 0.263001 -0.416098 0.075060 0.121826
-0.552637 0.153977 -0.312190 -0.313638 0.219856 0.269628 -0.000609 -0.309585
-1.035025 -0.085651 -0.232788 0.015922 0.829607 -0.582658 -0.401358 -0.507790
-1.158088 0.067468 -0.294403 0.014105 0.515993 0.101822 -0.416557 -0.648455
-0.890256 0.054090 -0.303156 0.226259 0.407495 -0.382150 -0.410670 -0.527494
-1.083901 -0.174388 -0.265673 0.066708 0.578983 -0.088865 -0.261902 -0.647206
-0.644437 -0.258014 -0.155216 -0.265867 0.802857 -0.208772 -0.027391 -0.497549
-0.875327 0.253851 -0.288948 -0.102117 0.399175 -0.047736 -0.421881 -0.845668
-0.509443 0.160866 -0.185277 0.241935 0.437007 -0.234824 -0.236171 -0.831443
-1.010949 -0.055694 -0.193794 -0.098640 0.569618 -0.017756 -0.399206 -0.697425
-1.009776 0.306848 -0.092289 0.151038 0.590330 -0.453789 -0.576942 -0.627871
-0.986710 -0.186946 -0.215565 -0.056825 0.718533 -0.514062 -0.360080 -0.685595
-1.136592 -0.095273 0.107753 0.165505 0.755930 -0.001060 -0.593784 -1.018316
-1.150002 -0.070445 -0.289120 -0.041480 1.023884 -0.472036 -0.042789 -0.615446
-0.988956 0.058354 0.220226 0.524484 0.689883 -0.035311 -0.199371 -0.948465
-0.826976 0.259962 -0.132476 0.180392 -0.552016 -0.553964 0.932486 0.085944
-0.816632 0.058069 -0.111869 -0.200376 0.607740 -0.327002 -0.163278 -0.736779
-0.921825 0.161864 -0.109926 -0.015605 0.805783 -0.239872 -0.162851 -0.870146
-1.068137 -0.155682 -0.173056 -0.186102 1.020084 -0.490444 -0.113371 -0.548585
-0.760432 0.067567 -0.061464 0.071012 0.853087 -0.222065 -0.195626 -0.872018
-0.979121 -0.118596 -0.141595 0.008981 0.995317 -0.537492 -0.008243 -0.543200
-0.932012 -0.079689 -0.106693 -0.195089 0.914460 -0.295781 -0.332325 -0.666245
-0.933997 0.152001 -0.129329 -0.029134 0.599904 -0.109358 -0.354166 -0.839872
-1.109021 0.115515 -0.481050 -0.002858 0.576576 -0.148058 -0.320899 -0.700172
-1.046673 -0.091257 -0.126934 -0.038707 0.724347 -0.357720 -0.437206 -0.519841
-1.017130 -0.293112 -0.018814 -0.166593 1.020399 -0.373496 -0.232329 -0.451888
-1.003533 0.073106 -0.188142 -0.071961 0.951074 -0.307942 0.041694 -0.739611
-0.935468 -0.045156 0.030656 -0.003459 0.811911 -0.156212 -0.345618 -0.596363
-1.097724 0.010925 -0.215992 -0.256474 0.745310 -0.085214 -0.190549 -0.619890
-0.966699 -0.092709 -0.107464 -0.201603 0.811976 -0.187817 -0.253614 -0.692837
-0.183560 -0.598049 -0.200498 -0.975562 1.057457 -0.541563 -0.519815 0.287031
-0.682843 0.116384 -0.314564 -0.446965 0.840286 -0.080575 -0.055455 -0.875385
-0.888148 0.091271 -0.277574 0.066032 0.738768 -0.279316 -0.301418 -0.969612
-0.793211 -0.270090 -0.055881 -0.025053 0.991102 -0.451122 -0.289854 -0.560283
-1.016646 0.198659 -0.158088 -0.084640 0.640084 -0.254046 0.021902 -0.809296
-0.862848 -0.227169 -0.026957 -0.183210 0.897820 -0.400840 -0.189393 -0.437740
