0.470940 -0.231323 0.030127 -1.283471 0.756219 -0.488615 -0.678858 0.094147
0.016011 -1.526622 -0.116137 -0.866936 0.948156 0.898760 -0.861739 -0.652280
-0.226063 -0.874476 0.649133 -0.332187 -0.345323 -1.023211 -0.304819 0.074861
-0.336737 -0.635651 0.597293 -0.027240 -0.205546 -0.922873 -0.186864 -0.031365
0.116393 -0.573331 0.904801 -0.909750 -0.430779 -0.660307 -0.439999 -0.085434
-0.026376 0.064617 -0.423407 -0.416102 1.222870 0.012573 0.420727 0.348270
0.354743 -0.428537 0.120991 -0.100773 1.035465 -0.087119 -0.554391 -0.207884
-0.112442 0.369439 -0.196596 0.783619 0.232050 -0.571597 -0.335362 -0.807340
-0.042524 0.830316 0.144025 0.840226 0.495683 -0.414138 0.213471 -0.150406
0.254216 0.122035 -0.075475 0.558591 -0.394968 -0.083312 0.082479 -0.968245
-0.172547 -0.522384 -0.400178 -0.213701 1.278579 -0.279574 0.271142 0.238745
-0.397006 0.255957 -0.272299 -0.447850 -0.597106 -0.926020 0.007676 -0.387696
-0.049921 -1.235100 -0.266649 -0.628146 0.201016 -0.124725 0.921492 0.172716
-0.361902 -0.947377 0.107111 -1.018944 0.874080 0.067990 0.152645 0.675474
0.478852 -0.800450 0.344562 -0.052067 0.420433 -0.339446 -0.530618 -0.807767
-0.532509 -0.634165 0.330811 -0.811566 0.022521 -0.639057 -0.422638 -0.826909
-0.240354 0.115940 -0.034392 -0.203634 0.414878 -0.152354 0.556968 -0.419029
-0.454922 -0.605926 0.703786 -0.832350 0.651184 -0.203389 -0.272342 -0.561169
0.029752 -0.026343 0.384033 0.026425 0.421919 -0.478016 -0.394881 -0.494442
0.282299 -0.682140 -0.199785 -0.433480 0.979029 0.207257 0.475176 0.401854
0.107926 -1.140852 0.428786 -0.765511 0.293773 -0.228935 0.044072 -0.821677
0.333135 -0.204199 0.757812 -0.342854 0.703217 0.082930 -0.014925 -0.661096
0.884837 -0.817636 -0.068780 -0.444126 1.017751 -0.094576 -0.142969 -0.213203
0.576410 -0.811392 0.547466 -0.567094 -0.254852 -0.472645 -0.965005 -0.604438
-0.314081 0.090161 0.052328 -0.463162 0.478843 -0.505399 0.281394 -0.281191
0.152310 -0.168226 0.469424 -0.615318 0.230632 -0.142467 -0.323331 -0.282844
0.150845 0.236440 -0.571588 -0.214149 -0.761699 -0.614753 -0.199727 -0.386481
0.635050 -1.168882 -0.271848 0.244935 0.452325 0.128825 -0.555892 -0.601776
0.662344 -0.403372 0.076288 -0.453106 0.300801 -0.837474 0.330400 0.016131
-0.064070 0.257891 -0.107685 -0.478898 0.466788 -0.416261 -0.420602 -0.436714
0.438957 -0.330654 -0.186370 -0.430033 -0.323524 -0.694318 0.192740 -0.649458
-0.130628 -0.627888 0.074522 -0.749238 0.999148 -0.369328 -0.412627 -0.788889
0.031951 -1.146035 0.311664 -0.908024 -0.404566 -0.507115 -0.310944 -0.195274
-0.621965 0.096014 0.091078 -0.068223 0.408716 -0.666317 0.107490 0.600792
-1.117536 -0.402625 0.293945 -0.268161 -0.282581 -0.499022 -0.309614 0.061341
0.047672 -0.909624 0.556633 -0.960453 -0.211162 -0.334684 -0.404964 -0.054509
0.277285 -0.398262 -0.236265 -0.492654 0.144237 -0.229304 -0.200523 -0.386749
0.311711 -0.610877 0.079350 0.102028 0.032774 -0.530454 -0.151313 -0.129777
-0.201822 0.423407 -0.600949 -0.329081 -0.150723 -0.389803 -0.381720 -0.245652
-0.234385 -0.028873 -0.973781 -0.616892 0.566592 -0.472270 1.062737 -0.097481
0.680738 -1.517757 -0.421404 0.057341 0.637299 0.255441 -0.173377 -0.134550
0.167131 -0.065789 0.668558 -0.931591 0.525999 -0.303228 -0.663395 -0.063411
0.803348 -1.037152 -0.464389 -0.202102 0.132922 -0.656553 0.118248 0.036456
-0.037642 -0.419786 0.318080 -0.829735 1.243393 -0.022928 -0.687185 -1.151535
0.298032 -0.316587 0.352218 0.285073 -0.374948 -0.004817 0.031078 -0.238680
-0.024430 -0.588094 0.668746 -0.857922 -0.285259 -0.313030 -0.274283 0.257887
-0.155220 -0.217188 0.438122 -0.082195 0.591775 -0.204316 -0.150279 -0.407107
-0.127892 0.280154 0.124813 0.377730 -0.378391 -1.106670 -0.043780 -0.230601
0.424935 -0.850117 -0.017419 -0.377142 0.088778 -0.074661 -0.041646 -1.466081
-0.128724 -0.201957 -0.233083 -0.690047 -0.279302 -0.053112 0.571137 0.029416
0.075785 0.659227 -0.144403 -0.497519 -0.375854 -1.245867 -0.735724 -0.764883
0.100542 -1.247723 -0.081277 -1.374540 1.230523 -0.497599 0.196609 -0.212485
-0.251752 -0.351684 0.298022 -1.061418 0.701700 -0.258639 -0.283714 -0.558945
0.494860 -0.651636 0.224662 -0.816960 -0.114875 -0.643670 -0.165622 -0.122461
0.616269 -1.513580 0.189752 -1.124005 1.488038 -0.479137 -0.341851 -0.665126
-0.081529 -0.805182 0.692586 -1.179027 0.095228 -0.096272 -0.253552 0.038369
-0.795020 -0.726855 0.103145 -0.246104 -0.589578 -1.246023 -0.421896 -0.817202
0.249335 -0.730142 0.422900 -0.941533 0.257854 -0.493463 -0.511338 -0.433563
0.211351 0.342152 0.111357 0.568765 0.468739 -0.787362 -0.296713 -0.753680
0.080020 -0.339082 0.361277 -0.195427 -0.023951 -0.076941 0.030557 -0.720646
-0.324697 -0.659396 0.257759 -0.602505 -0.169260 -0.613750 -0.591321 -0.255014
-0.256998 0.041855 0.389475 -1.334729 -0.607754 0.713628 -0.476743 -0.625871
0.029843 -0.229906 0.339911 -0.185960 -0.463162 -0.477086 -0.391187 -1.138944
0.670083 -0.461125 -0.746165 -0.010583 -0.410806 -0.315898 -0.067398 -0.524001
-0.015182 -0.331359 0.557360 -0.337026 -0.234124 -0.522890 -0.136144 -0.218084
0.437665 -0.682948 0.066166 -0.609542 0.427004 -0.295821 -1.053005 -0.602944
0.124866 0.886184 -0.116063 -0.088432 0.037069 -0.486093 -0.849834 -0.721093
-0.119286 0.263691 -0.278009 -0.917656 -0.051889 -1.080370 -0.053755 -0.466447
-0.033757 -0.578562 0.134697 -1.167215 -0.008294 0.344336 0.374303 0.466114
0.035752 -0.041444 -0.200648 -0.855325 0.426169 -0.905694 0.111597 -0.512861
-0.700496 -0.420565 0.212622 -0.604137 -0.059628 -0.784091 -0.200908 -0.834181
-0.145411 -0.502066 0.390727 -1.200898 0.167718 0.039995 -0.243191 -0.590290
-0.286126 -0.008516 0.830611 -0.978185 0.328083 -0.358236 -0.414723 -0.319226
0.274212 -0.702966 -0.116402 -0.195581 0.684857 0.057872 -1.067916 -0.279160
0.147403 0.004925 -0.700071 0.324349 0.306369 0.052683 -0.192121 0.254915
0.449572 -0.137634 -0.103014 0.128772 0.498688 -0.222564 -0.143774 0.147862
0.628603 -0.655095 -0.312218 -0.559870 0.100451 -0.526493 -0.763442 -0.377268
0.339957 -0.376782 0.057270 -0.456527 0.838020 -0.604431 -1.003628 -0.460426
0.021392 -1.027020 0.238955 -0.723913 1.196635 -0.437401 -0.430850 -0.352769
0.247793 -0.240370 -0.252436 -0.883453 0.070951 -0.743150 -0.024342 -0.106902
0.233203 -0.475224 -0.203501 -0.271818 0.189979 -1.002034 0.077740 0.144275
-0.314066 -0.519406 0.491967 -0.979152 0.210561 -0.506338 -0.506771 -0.105259
-0.825881 -0.693276 0.371022 -0.251279 0.036424 -0.754007 -0.416769 -0.424968
-0.221670 -0.334407 0.704732 -0.838595 0.356884 -0.286898 -0.244265 -0.198675
-0.172424 -0.392918 0.210949 -1.100549 -0.025758 -0.595756 -0.567835 -0.399285
-0.393443 -0.844122 0.122781 0.134820 -0.058441 -0.486580 0.101442 0.180688
0.137149 -0.480922 0.616979 0.212579 0.024747 -1.075078 -0.645503 -0.203655
0.287209 -0.070481 0.004033 0.145029 -0.305818 -1.065255 -0.188209 -0.788418
-0.003893 -0.186335 0.142510 -0.563379 0.030379 -0.737482 -0.181667 -0.493923
0.947393 0.881354 0.262392 -0.812113 -0.143791 0.203400 -1.164935 -0.777552
0.372399 -0.910637 -0.032707 -0.692613 1.237553 -0.857132 -0.093149 0.044426
1.094842 0.285616 0.384157 -0.539999 -0.554513 -0.593395 -0.287205 -0.321742
0.577112 -0.689655 -0.046921 -0.293695 0.500445 -0.903000 -0.392488 -0.493023
-0.049751 -0.724719 0.256178 -0.043535 0.032176 -0.275534 0.031941 0.402194
0.329822 -0.087972 0.167376 -0.878371 0.806204 -0.557002 -0.375008 -0.239102
0.169260 -0.512182 -0.550234 -0.070572 0.583426 -0.410732 0.443233 0.002417
-0.288067 -0.281076 -0.464051 -0.272976 -0.259149 0.027801 0.647641 0.553061
0.003850 -0.231790 0.221522 -0.284908 1.170396 -0.214567 -0.443080 0.315883
-0.248319 -0.544595 0.826729 -0.370255 -0.478081 -0.389049 -0.485254 -0.444164
0.178144 -0.263910 0.383625 -1.351976 -0.123738 -0.380903 -0.306858 -0.450426
-0.954383 -0.194455 -0.054462 -0.010477 0.840523 -0.271344 -0.315423 -0.641905
-0.821308 -0.077632 -0.047480 0.078336 0.822220 -0.400165 -0.281268 -0.604154
-0.703351 -0.427986 0.396836 -0.373052 1.035642 -0.674762 -0.569690 -0.895916
-0.932262 0.102131 -0.324517 -0.267177 0.446552 0.028427 -0.470692 -0.726038
-0.921942 -0.105387 -0.079751 -0.152034 0.825779 -0.274079 -0.224827 -0.619911
-0.992013 0.023210 -0.144632 -0.126701 0.781349 -0.363245 -0.258812 -0.631394
-0.773190 -0.315073 -0.151876 -0.150985 0.856127 -0.107567 -0.285063 -0.712542
-1.091191 -0.104830 -0.278959 -0.126337 0.747254 -0.177735 -0.279358 -0.664165
-0.975702 -0.181011 -0.088263 -0.173050 0.732972 0.088443 -0.193743 -0.701452
-0.989560 -0.130863 -0.110510 -0.027289 0.873782 -0.318082 -0.291587 -0.643524
-0.952100 -0.288696 -0.027968 -0.058888 0.890762 -0.316475 -0.312558 -0.562422
-0.953838 0.017381 -0.126486 -0.034968 0.724421 -0.045980 -0.264829 -0.800459
-0.954515 -0.129687 -0.061785 -0.000407 0.857019 -0.331190 -0.329114 -0.664196
-0.937951 -0.148866 -0.067807 -0.059839 0.896016 -0.320254 -0.313211 -0.639678
-0.868020 -0.000580 0.047908 -0.004019 0.763577 -0.146373 -0.291853 -0.852275
-1.052287 0.011600 -0.257025 0.089738 0.881169 -0.400551 -0.225138 -0.696131
-0.977518 -0.078782 -0.121415 -0.051682 0.813285 -0.146456 -0.220480 -0.746238
-1.054299 -0.221528 -0.176646 -0.008494 0.888699 -0.484248 -0.256405 -0.491342
-0.728359 0.072485 0.043097 -0.279252 0.496069 0.269989 -0.413756 -0.777213
-0.930049 0.010190 -0.116216 0.159599 0.780405 -0.309409 -0.244685 -0.770211
-0.924904 0.035160 -0.131801 0.073378 0.759178 -0.251651 -0.335045 -0.813687
-0.709987 0.012260 -0.300598 -0.331960 -0.149250 -0.100488 0.101823 -0.392901
-1.071237 -0.486387 0.166318 -0.371224 0.777458 -0.089932 -0.303398 -0.616579
-1.091257 0.085078 -0.287163 -0.110656 0.728332 -0.115559 -0.212401 -0.723646
-0.804112 -0.256285 -0.206276 -0.293386 0.310421 0.045839 -0.465038 -0.645324
-0.933953 -0.230557 -0.100963 -0.119625 0.729525 0.032299 -0.253634 -0.703629
-1.015334 -0.122356 -0.207147 -0.289151 0.680364 0.001448 -0.316007 -0.623250
-1.057835 0.096768 -0.345992 -0.129012 0.675888 -0.095705 -0.303800 -0.761156
-0.605729 -0.715994 0.065302 -0.028114 0.817506 -0.621672 -0.201740 -0.522938
