-0.145867 -1.078307 -0.041122 -0.591898 1.121388 -0.113179 -0.318661 -0.889010
-0.090300 -0.294014 -0.535155 -0.144510 -0.429398 -0.211769 0.484625 0.446080
0.090886 -0.769929 0.180145 -0.306830 1.143368 0.135764 -0.048829 0.151285
-0.004489 -1.019999 -0.381406 -0.664091 0.864383 0.222607 0.371111 0.056562
0.376201 0.094715 -0.784807 0.003137 0.444487 -0.798453 0.059241 -0.028081
-0.200523 -0.951236 -0.098085 -1.285409 0.403493 0.159933 -0.445993 -0.432506
0.258606 -0.302837 0.114087 -0.810202 0.566783 0.140890 -0.727293 -0.427408
-0.534531 -0.434591 0.102201 -0.838167 0.158633 -0.151481 0.187813 0.462812
0.485958 -0.912587 -0.216115 -0.637270 1.632525 -0.207249 -0.711577 -0.457199
-0.410823 0.174367 0.095631 0.131042 0.343908 -0.043250 0.544154 0.737637
0.038463 -0.452206 0.607580 -0.150663 0.201846 -0.131304 0.044829 0.234520
0.326987 0.137445 -0.182831 0.091764 0.028318 -0.450591 -0.495035 -0.789356
0.418397 0.118518 -0.050539 -0.430314 0.516193 -0.137268 -0.170267 0.468706
0.386513 -1.111184 0.695675 -0.251531 -0.135383 -0.066210 -0.092713 -0.021839
0.458067 -1.465958 -0.337755 -0.641187 0.211676 0.104156 0.591498 0.464889
0.744701 -1.259672 -0.181641 -0.348258 0.631031 -0.514018 -0.132913 0.074917
0.955844 -1.546411 -0.067282 -0.623040 0.653102 -0.249686 0.010310 0.196241
0.017315 -0.555891 -0.215014 0.543418 0.513845 -0.310677 0.392054 0.171741
-0.390135 -0.849998 -0.024498 -1.331651 0.844121 0.574327 0.081401 0.618169
-0.019917 -0.364042 0.089423 -0.450123 1.085639 -0.072471 0.019497 0.375111
0.293159 -0.599120 0.397331 -0.128532 -0.160511 -0.789301 0.362076 -0.158238
0.422676 -1.063906 0.346074 -0.674339 0.054817 0.505081 0.466731 -0.127585
0.237094 -0.994004 0.466877 -1.338356 0.315521 0.182831 0.167434 -0.235801
0.578632 -0.185041 0.573982 -0.953284 -0.280782 0.180860 -0.666361 -0.368006
0.060828 0.553955 -0.404156 -0.444553 -0.221540 -0.401924 0.844874 0.140755
0.246625 -0.203827 -0.340545 -0.163482 0.380196 -0.333287 -0.069427 -0.160653
0.466952 -1.685562 -0.052470 -0.443300 0.465611 -0.063347 0.178648 0.358071
0.488045 -0.157615 0.126024 -0.523760 0.110037 0.175213 -0.293795 -0.167513
-0.357906 -0.857943 -0.112213 -1.419940 0.914408 -0.475466 0.007037 0.418202
0.161744 -0.931287 0.471397 -0.693440 0.477302 0.066156 0.071455 0.043755
0.759000 -0.913159 0.260704 -0.853362 0.446161 0.115679 -0.474876 -0.571950
-0.145347 -1.253862 0.068180 -0.697305 1.197989 -0.011352 -0.183068 0.018451
0.074912 -1.304201 0.370047 -0.681576 0.278875 0.735274 -0.169231 0.539296
-0.624386 -0.577426 -0.803695 -0.652868 0.578355 -0.058263 0.745381 0.619443
0.677083 -0.787999 0.015936 -0.243295 0.413288 0.125733 0.406047 0.473403
-0.056323 0.117333 -0.394518 0.023524 -0.273144 0.354145 0.490686 0.878215
0.068622 -0.970458 -0.377499 -0.390809 1.121759 0.029704 0.364478 0.408046
-0.611121 -0.040225 -0.369858 -0.147136 0.588752 -0.235714 0.207985 0.715621
-0.038166 -0.216721 -0.126294 -0.126921 1.083544 0.068750 0.069913 0.004897
-0.459486 -0.182781 -0.015658 -0.137377 0.789509 -0.283268 -0.059778 -0.040817
-0.161473 -0.153913 0.011559 -0.225919 1.133992 0.120733 0.048716 0.097615
-0.272728 -0.736257 -0.108644 -0.219360 0.964728 -0.708868 0.458831 0.265739
-0.163336 -0.875202 0.265163 -0.690569 0.889820 -0.190455 -0.115034 0.296166
-0.285473 0.173508 -0.296695 -0.072913 0.806871 -0.555132 0.315499 0.027743
-0.079567 -0.225929 0.094246 -0.180404 -0.691138 -0.623716 0.201536 0.463388
-0.239100 -0.858899 0.729324 -1.051233 0.753786 0.199741 -0.282073 -0.048589
-0.204352 -0.713923 0.422188 0.288366 -0.249941 -0.562701 -0.260695 -0.078630
0.106379 0.888128 -0.293367 0.021721 0.169189 -0.848600 0.446826 -0.040711
0.000325 -0.326468 0.691113 -0.413075 -0.012073 -0.402648 -0.144154 0.007746
0.425413 -0.217483 0.101510 -0.246695 0.307434 -0.246874 -0.257992 0.055602
0.207339 -0.306761 -0.250230 -1.001324 -0.254858 -0.352086 0.100925 0.314756
-0.279255 -0.960110 0.229616 -0.978896 0.230241 -0.349378 0.210571 -0.108635
0.288823 -0.900329 -0.231339 -1.197168 0.568630 0.179789 0.505312 0.016357
-0.228980 -0.014720 -0.418919 -0.033094 0.018109 -0.222290 0.188602 -0.401199
-0.252703 -0.130086 -0.018688 -0.688233 0.381269 0.311021 0.210849 0.437087
0.871307 -0.965801 -0.300376 -1.175217 0.933653 -0.442501 0.228757 -0.153076
0.322859 0.355421 0.040384 -0.363903 0.892566 -0.414524 -0.314525 -0.016687
0.401883 -0.091108 0.345834 -0.855227 -0.021134 -0.397252 -0.063992 -0.063573
0.433753 -0.596630 0.132850 -0.685515 0.287774 -0.415553 -0.295772 -0.133883
0.459534 -0.794518 -0.268061 -0.830459 0.807787 0.236665 0.174596 0.067475
0.560071 -0.171934 -0.339637 -0.281141 -0.411061 -0.109720 -0.013362 0.498900
-0.131770 0.008338 -0.069645 0.196217 0.134541 -0.651519 -0.370456 -0.929880
1.572511 -0.619581 0.060748 -0.242136 0.070791 -0.471130 -0.276667 -0.231612
0.004401 0.169210 0.183486 0.108248 -0.131149 -0.111738 -0.100449 0.674585
0.598318 -0.695638 0.251458 -0.173271 1.253589 0.340431 -0.771103 -0.282559
0.417170 -0.247978 -0.001371 -0.452797 -0.026295 -0.041993 -0.459167 -1.248441
0.845705 -0.945554 0.060562 -1.075314 0.747253 0.222550 -0.889618 0.363129
0.342965 -1.061920 -0.494704 -0.246002 0.454131 -1.053055 -0.252276 0.171173
0.296572 -0.350710 0.226800 -0.394674 0.452692 -0.716517 -0.438217 -0.815485
0.471562 -1.047869 -0.165116 -0.760592 1.041469 -0.201504 -0.143912 0.823342
-0.013302 -1.056956 -0.210406 -0.833855 0.506103 0.361288 0.324545 0.383901
0.186513 -0.796073 -0.276546 -0.937786 0.026022 -0.061845 0.268983 -0.095528
0.126831 -0.532596 -0.133828 -0.627150 0.215164 -0.012959 0.445568 0.395245
0.417749 -0.352617 -0.708333 0.201691 0.609066 -0.547202 0.421868 0.220175
0.318236 -0.426188 0.001795 -0.844032 0.145407 0.009380 0.432556 0.816768
-0.102002 -0.968670 0.199669 -0.594710 0.349295 0.550965 0.399224 0.272461
0.246433 -0.487017 -1.019623 -0.461522 0.095049 -0.926392 0.078209 0.023117
-0.243012 -1.246788 -0.339439 0.217213 0.924556 -0.576358 0.171626 -0.429143
0.105628 -0.838370 0.118569 -0.201172 0.787669 -0.097759 0.156879 -0.571269
-0.473842 -0.335900 -0.316460 -0.091446 0.608010 -0.361692 0.670249 0.511931
0.001970 -0.922233 0.945143 0.296781 0.303950 -0.168011 -0.460969 -0.309181
-0.087186 -0.398910 0.254098 0.313481 -0.415060 -0.560799 -0.444405 -0.561224
-0.404804 -0.146206 0.112771 -0.724788 0.078151 -0.150890 -0.124106 -0.655880
0.201824 -0.513926 -0.385929 -0.692075 -0.216065 -0.788980 -0.241518 -0.110240
-0.010623 -0.797370 0.133547 -0.055640 -0.244695 -0.526978 -0.325052 -0.141768
0.618167 -0.320982 -0.336611 -0.495703 0.664032 -0.520010 -0.214961 -0.148950
-0.328064 -0.781026 -0.228306 0.229578 -0.278153 -0.543384 0.215886 -0.530342
0.001029 -0.433802 0.181377 -0.091318 -0.308978 -0.577573 -0.181870 -1.006396
-0.446855 0.076393 0.606204 -0.446896 -0.133321 0.225900 -0.272206 -0.632399
-0.254813 -0.741686 0.808053 -0.856484 0.509242 -0.363225 -0.594189 -0.636683
-0.464360 -0.135181 0.109768 -0.268673 0.208741 -0.099434 0.001398 -0.951906
-0.218169 -0.360100 0.340475 -0.542109 0.002877 -0.511173 -0.077961 -0.862985
0.460371 -0.452168 -0.521486 -0.383367 0.618826 -0.437952 -0.094012 -0.061678
-0.098869 -0.438314 0.282028 -0.330523 -0.518218 -0.315728 -0.081364 -0.702745
-0.342078 -0.052824 0.124238 -0.500750 -0.359121 -0.867935 -0.474227 0.198641
0.433310 -0.161118 -0.318039 -0.929828 0.533546 -0.813278 -0.486924 -0.028603
0.468277 -0.658595 -0.408195 -0.279963 0.521326 -0.696440 -0.137090 -0.752015
0.551561 -0.308740 0.697636 -0.953316 -0.387775 -0.331806 -0.384446 -0.211763
0.169496 -0.290188 0.018466 -0.260193 0.394832 -0.854273 0.052422 -0.476211
0.211535 0.107086 -0.049466 -0.389834 0.397882 -1.131042 -0.609477 -0.442396
-0.066776 0.044348 0.131320 0.822456 0.181481 -0.405643 -0.375954 -0.413209
0.102392 0.565256 0.064330 -0.776126 -0.696543 -0.440164 -0.423757 -1.228860
0.066923 -0.407361 -0.082739 -1.400553 -0.420924 -0.174641 -0.012058 -0.378577
0.011773 -0.655057 0.469542 -0.956601 -0.529587 -0.268433 -0.380911 -0.465123
-0.115117 -0.871662 -0.093269 -0.700805 0.451101 -0.709709 -0.339143 -1.183801
-0.309438 -0.090267 -0.515508 0.034555 -0.484751 -0.226202 0.345649 0.275359
-0.080610 -0.483527 -0.071410 -0.925812 -0.339562 -0.837457 -0.874430 -0.899500
0.325688 -0.445684 0.213076 -0.917531 0.009883 -0.320319 -0.539010 -0.173340
0.093723 -0.884193 -0.141557 -0.216112 -0.559882 -0.997743 -0.457998 -0.761373
-0.106556 -0.982356 0.438585 -0.314078 0.520734 -0.568921 -0.620631 -0.108665
-0.044987 -0.807736 0.504447 -0.010651 -0.114022 0.011675 -0.040067 -0.038527
0.289934 -1.268465 -0.210664 -0.657167 -0.069868 -0.477283 -0.437832 -0.382584
0.106090 0.030987 0.504083 -0.189271 0.672052 -0.334787 -0.516248 0.217908
0.194772 -0.673011 0.031546 -0.567145 0.550525 -0.177663 -0.589768 -0.405301
-0.252588 -0.077789 -0.556703 -0.467702 0.788557 -0.264321 0.089680 -0.101317
0.829918 -0.300412 -0.044665 -0.217813 -0.400773 -0.912721 -0.238218 -0.195829
0.846221 -0.244079 0.222428 -0.294863 0.244844 0.039927 -0.176405 0.012099
-0.386307 0.274397 -0.442730 -1.226409 -0.603579 -0.889719 -0.266470 -0.961066
-0.436338 -0.654053 -0.161765 -0.592896 0.760779 0.596477 0.689601 -0.121681
0.796031 -0.721811 0.058549 0.091347 0.802708 -0.599388 0.160115 0.054643
0.344145 0.169249 0.371800 0.364265 0.368086 -0.694826 0.474795 -0.032884
-0.080833 -0.627887 0.078703 0.517803 1.223159 -0.481356 -0.121632 -0.356283
1.011995 -0.517947 0.343906 -0.073455 0.921490 -0.392623 -1.054864 -1.178152
-0.246352 -1.168280 0.472425 -1.313666 0.072525 0.272667 0.229338 0.805983
0.274221 -0.511199 -0.603478 0.043809 0.158389 -0.209337 0.974622 -0.254333
0.031694 0.199645 -0.663459 -0.383170 -0.461900 -0.701627 -0.138044 -0.561145
0.401059 -0.518165 0.356431 -0.721177 -0.312339 0.362576 -0.054282 0.208121
-0.262835 -0.520076 -0.694000 -0.143766 0.475215 0.020152 0.617992 -0.143592
-0.158119 0.198827 0.453216 0.201644 -0.219101 0.123291 0.091720 -0.468263
0.627876 -1.544874 -0.188359 -0.490634 0.893697 -0.279078 -0.240630 0.153844
0.041264 -0.797294 0.189126 -0.708695 0.492180 0.173643 -0.457358 -0.340488
0.505302 -0.895759 0.048751 -0.264075 0.282153 -0.926476 -0.192358 -0.106045
0.825180 -1.449402 -0.069502 -1.026458 0.753737 -0.554292 -0.014358 -1.069215
0.399783 -0.244775 0.188168 0.031831 0.771210 -1.324340 -0.403757 0.020977
0.007447 -0.702729 -0.349318 -0.953366 1.009644 -0.322574 -0.142153 0.509918
0.422304 -0.890079 -0.058850 -0.920478 0.261972 -0.099524 0.006120 0.060657
-0.143567 -0.507155 -0.211646 -0.417866 0.436283 0.360108 -0.415588 0.207241
0.872561 -1.096641 0.159236 -0.643851 0.459931 0.294146 -0.189786 -0.348018
0.564650 -0.856241 0.085938 -0.431037 0.369974 0.061193 -0.680125 -0.254479
0.622091 -0.891715 0.415086 -0.105712 0.247525 -0.192860 0.080537 0.037681
0.496705 -0.675600 -0.123720 -0.669265 0.564602 0.296545 0.223574 0.309620
-0.863949 -0.171839 -0.384795 0.283614 0.366787 -0.714568 0.020916 0.052909
-0.274023 -0.386680 0.256172 -0.084274 0.509546 -0.271930 0.592687 -0.360734
-0.115284 -0.254385 -0.189151 0.460036 0.989453 -0.284432 0.165309 0.201511
-0.010253 -0.632507 -0.652403 -0.745983 1.193001 -0.050294 -0.024661 0.181113
-0.015752 -1.033844 0.500156 -0.063450 1.143277 0.113694 -0.679359 -0.201632
-0.701850 -0.860512 -0.146027 0.486647 0.479359 -0.553196 0.267685 0.232845
-0.211447 -0.612077 -0.444299 0.323641 0.601127 -0.432941 -0.090006 0.547280
0.661761 -0.340891 -0.218916 -0.447727 0.541262 -0.426861 -0.222847 -0.315486
0.149017 0.069638 -0.081037 -0.252930 -0.160532 0.064451 -0.260400 -0.112599
0.488609 -0.965389 -0.449380 -0.785693 0.904305 -0.283740 -0.660260 0.850352
-0.242505 -1.120566 0.079609 -0.675859 1.010804 0.087401 -0.305546 0.008767
0.276298 -0.617991 -0.507776 -0.837636 -0.034365 -0.068998 1.050744 0.427789
-0.033271 -0.860893 0.060113 -1.303494 0.882412 -0.146590 -0.524576 -0.825597
-0.210742 -0.798250 -0.019819 -1.281307 1.140293 0.085128 -0.410127 -0.066609
0.158646 -1.050541 0.572546 -1.157856 0.721402 -0.108999 -0.026652 0.276930
-0.012052 -0.297584 0.157476 -0.021078 0.607743 -0.226683 0.602311 0.932322
0.544433 0.328231 -0.294417 -0.136543 0.512437 -0.737370 -0.622834 -0.834160
-0.184855 -0.421990 0.068431 -0.782012 -0.554065 -0.392642 0.086190 -0.582660
-0.199675 -0.523358 -0.755817 -0.301377 0.877211 -0.572198 0.852270 0.136146
0.493188 -0.471340 -0.804357 -0.081241 0.170398 -0.173383 0.281166 -0.077106
0.413509 -0.322138 -0.667928 0.584427 -0.078181 -0.637487 -0.066728 0.179298
-0.534617 -0.297345 -0.248404 0.180195 0.256835 -0.076501 0.134678 -0.738124
-0.971264 -0.147263 -0.031857 -0.107135 0.763812 -0.188233 -0.367226 -0.645119
-1.013717 -0.134855 -0.122696 -0.033779 1.042390 -0.395562 -0.243881 -0.598573
-0.820728 0.494429 -0.183660 0.467118 0.116018 -0.337005 0.055924 -0.742839
-0.319377 -0.649028 -0.165092 -0.330270 -0.068237 -0.125706 0.545714 -0.175358
-0.879539 -0.326440 -0.061012 0.001275 0.708429 -0.214319 -0.246521 -0.796386
-0.749153 -0.434391 -0.045872 -0.329910 0.977882 -0.461305 -0.196869 -0.176750
-1.091042 -0.021112 -0.294780 -0.071351 0.810317 -0.406245 -0.327179 -0.581182
-0.897630 -0.123726 -0.118024 -0.024538 0.694377 -0.087111 -0.523831 -0.624100
-0.797068 -0.210193 0.029804 0.166444 0.461364 -0.063071 -0.310157 -0.668410
-0.935547 -0.116211 -0.092056 -0.152771 0.672969 -0.045904 -0.391138 -0.708814
-0.950971 0.052576 -0.150918 0.069087 0.837574 -0.299777 -0.171827 -0.669967
-0.948805 -0.068010 -0.282975 -0.397095 0.274367 -0.080242 -0.686687 -0.508835
-1.125350 0.137788 -0.414773 -0.170047 0.370951 -0.711758 -0.101517 -0.475322
-1.104397 0.222167 -0.233016 0.120819 0.693089 -0.114198 -0.182293 -0.770524
-1.009508 -0.206338 -0.401994 0.056148 0.220817 -0.930306 0.308568 -0.180840
-1.134400 -0.054898 -0.300069 0.081646 0.831373 -0.471227 -0.272176 -0.585333
-0.902817 0.111424 -0.227178 -0.052872 0.871068 -0.281988 -0.067716 -0.832661
-1.109439 0.501971 0.052059 0.154269 0.460642 -0.091456 -0.893319 -0.382844
-0.721070 -0.307175 0.122550 -0.087882 0.934052 -0.370762 -0.409490 -0.709380
-0.795584 -0.207271 -0.106155 -0.135245 0.854320 -0.316770 -0.218092 -0.515310
-0.246802 -0.195321 -0.353533 -0.437349 0.633035 -0.566857 -0.485151 -0.160908
-1.056184 -0.033231 -0.207323 -0.012625 0.947711 -0.266018 -0.073308 -0.732581
-1.053936 0.121312 -0.104844 -0.001868 0.370974 0.024245 -0.253611 -0.527421
-1.090669 -0.168934 -0.201868 -0.393087 0.929979 -0.239447 -0.224328 -0.510069
